Field Group

Plate Comment:	
Procedure Summary
  Plate Type:              Corning 96 well for LogPhase600
  Plate Number:            2
  Discontinuous Kinetics:  Runtime 02:00:00 (D:HH:MM), Interval 00:20:00 (HH:MM:SS), 145 Reads (max)
  Read:                    600 nm
  Incubator:               On
    Temperature setpoint:  30 °C
    Temperature gradient:  On
  Shaking:                 On
     Shaking frequency:    600 RPMs		
			
			

600

Time	A1	A2	A3	A4	A5	A6	A7	A8	A9	A10	A11	A12	B1	B2	B3	B4	B5	B6	B7	B8	B9	B10	B11	B12	C1	C2	C3	C4	C5	C6	C7	C8	C9	C10	C11	C12	D1	D2	D3	D4	D5	D6	D7	D8	D9	D10	D11	D12	E1	E2	E3	E4	E5	E6	E7	E8	E9	E10	E11	E12	F1	F2	F3	F4	F5	F6	F7	F8	F9	F10	F11	F12	G1	G2	G3	G4	G5	G6	G7	G8	G9	G10	G11	G12	H1	H2	H3	H4	H5	H6	H7	H8	H9	H10	H11	H12
0:00:00													0.152	0.145	0.151	0.147	0.142	0.144	0.143	0.139	0.155	0.148	0.149	0.150	0.148	0.143	0.151	0.146	0.146	0.148	0.142	0.139	0.147	0.151	0.143	0.150	0.152	0.144	0.145	0.146	0.144	0.146	0.146	0.144	0.149	0.150	0.148	0.155	0.145	0.147	0.147	0.146	0.150	0.142	0.149	0.144	0.144	0.151	0.160	0.151	0.145	0.147	0.149	0.141	0.150	0.148	0.144	0.150	0.143	0.145	0.152	0.150	0.151	0.143	0.153	0.148	0.147	0.150	0.151	0.153	0.145	0.146	0.146	0.147												
0:20:00													0.151	0.144	0.151	0.147	0.141	0.144	0.143	0.138	0.155	0.147	0.149	0.149	0.148	0.143	0.150	0.146	0.145	0.148	0.141	0.139	0.146	0.150	0.143	0.149	0.151	0.144	0.145	0.145	0.143	0.146	0.145	0.144	0.149	0.149	0.148	0.155	0.144	0.147	0.147	0.146	0.149	0.141	0.148	0.144	0.144	0.151	0.159	0.150	0.144	0.147	0.149	0.141	0.149	0.147	0.144	0.150	0.143	0.144	0.152	0.150	0.150	0.143	0.152	0.147	0.146	0.149	0.150	0.151	0.145	0.145	0.145	0.146												
0:40:00													0.151	0.144	0.152	0.146	0.141	0.143	0.143	0.139	0.154	0.146	0.149	0.148	0.148	0.143	0.149	0.145	0.145	0.148	0.141	0.138	0.147	0.150	0.143	0.149	0.150	0.144	0.144	0.145	0.143	0.145	0.145	0.143	0.149	0.149	0.148	0.154	0.144	0.147	0.146	0.149	0.149	0.142	0.148	0.143	0.143	0.151	0.159	0.150	0.145	0.147	0.149	0.141	0.149	0.146	0.144	0.149	0.142	0.144	0.152	0.150	0.150	0.143	0.151	0.147	0.147	0.149	0.150	0.150	0.145	0.145	0.145	0.146												
1:00:00													0.151	0.144	0.151	0.146	0.141	0.143	0.143	0.139	0.154	0.146	0.149	0.148	0.148	0.143	0.149	0.145	0.145	0.147	0.141	0.138	0.147	0.150	0.143	0.149	0.150	0.144	0.144	0.145	0.143	0.145	0.145	0.143	0.149	0.148	0.148	0.153	0.144	0.146	0.146	0.150	0.148	0.141	0.147	0.142	0.143	0.150	0.159	0.150	0.145	0.147	0.149	0.141	0.148	0.146	0.144	0.149	0.142	0.144	0.152	0.150	0.150	0.143	0.151	0.147	0.146	0.148	0.150	0.150	0.145	0.145	0.145	0.146												
1:20:00													0.151	0.144	0.151	0.146	0.141	0.143	0.143	0.139	0.154	0.146	0.149	0.148	0.148	0.143	0.150	0.145	0.145	0.147	0.141	0.138	0.147	0.150	0.144	0.148	0.150	0.144	0.144	0.145	0.143	0.145	0.145	0.143	0.150	0.149	0.148	0.153	0.144	0.146	0.146	0.151	0.148	0.141	0.147	0.143	0.143	0.150	0.159	0.150	0.145	0.147	0.149	0.141	0.148	0.146	0.144	0.149	0.142	0.144	0.152	0.150	0.150	0.143	0.151	0.147	0.146	0.148	0.150	0.150	0.145	0.145	0.145	0.146												
1:40:00													0.151	0.144	0.151	0.146	0.141	0.143	0.143	0.139	0.154	0.147	0.149	0.148	0.148	0.143	0.150	0.145	0.146	0.147	0.141	0.138	0.147	0.150	0.144	0.148	0.150	0.143	0.144	0.145	0.143	0.145	0.145	0.143	0.150	0.148	0.148	0.153	0.144	0.146	0.146	0.152	0.148	0.141	0.147	0.142	0.143	0.150	0.159	0.149	0.144	0.147	0.149	0.141	0.148	0.146	0.144	0.149	0.142	0.144	0.151	0.150	0.150	0.143	0.151	0.147	0.146	0.148	0.150	0.150	0.145	0.144	0.145	0.146												
2:00:00													0.151	0.144	0.151	0.146	0.142	0.143	0.143	0.139	0.154	0.147	0.149	0.148	0.148	0.143	0.149	0.145	0.146	0.147	0.141	0.138	0.147	0.150	0.145	0.148	0.151	0.144	0.144	0.144	0.144	0.145	0.145	0.143	0.150	0.148	0.148	0.153	0.143	0.146	0.146	0.152	0.148	0.141	0.147	0.142	0.143	0.151	0.158	0.150	0.144	0.147	0.149	0.141	0.148	0.146	0.144	0.149	0.142	0.144	0.152	0.149	0.150	0.143	0.150	0.147	0.146	0.148	0.150	0.150	0.145	0.144	0.145	0.146												
2:20:00													0.152	0.144	0.151	0.146	0.142	0.143	0.143	0.139	0.154	0.146	0.149	0.148	0.149	0.143	0.149	0.145	0.146	0.147	0.141	0.138	0.148	0.149	0.146	0.148	0.151	0.143	0.144	0.144	0.144	0.144	0.145	0.143	0.150	0.148	0.148	0.153	0.144	0.146	0.146	0.153	0.148	0.142	0.148	0.142	0.143	0.151	0.158	0.150	0.144	0.147	0.149	0.141	0.148	0.146	0.144	0.149	0.142	0.144	0.151	0.149	0.150	0.142	0.150	0.147	0.146	0.148	0.150	0.150	0.145	0.145	0.145	0.145												
2:40:00													0.153	0.143	0.151	0.146	0.143	0.143	0.143	0.139	0.155	0.146	0.149	0.148	0.149	0.143	0.150	0.145	0.147	0.147	0.141	0.138	0.148	0.149	0.149	0.148	0.152	0.143	0.143	0.144	0.145	0.144	0.145	0.143	0.151	0.149	0.148	0.153	0.144	0.146	0.146	0.153	0.148	0.142	0.147	0.142	0.143	0.151	0.158	0.149	0.144	0.147	0.149	0.141	0.148	0.146	0.143	0.149	0.142	0.144	0.151	0.150	0.150	0.143	0.150	0.146	0.146	0.148	0.150	0.150	0.145	0.145	0.145	0.146												
3:00:00													0.154	0.144	0.151	0.145	0.144	0.143	0.143	0.139	0.156	0.146	0.149	0.148	0.150	0.143	0.149	0.145	0.149	0.146	0.141	0.138	0.150	0.150	0.148	0.148	0.153	0.143	0.144	0.144	0.146	0.144	0.145	0.143	0.153	0.148	0.148	0.153	0.144	0.147	0.146	0.154	0.148	0.142	0.147	0.142	0.143	0.151	0.158	0.149	0.144	0.147	0.149	0.141	0.148	0.146	0.144	0.149	0.142	0.144	0.151	0.149	0.150	0.143	0.150	0.147	0.146	0.148	0.150	0.150	0.145	0.145	0.145	0.145												
3:20:00													0.157	0.143	0.151	0.146	0.146	0.143	0.143	0.138	0.158	0.147	0.148	0.148	0.152	0.143	0.149	0.145	0.151	0.146	0.141	0.138	0.151	0.150	0.150	0.148	0.156	0.144	0.144	0.145	0.148	0.145	0.144	0.143	0.155	0.149	0.147	0.154	0.144	0.147	0.146	0.150	0.148	0.142	0.146	0.143	0.143	0.151	0.158	0.149	0.143	0.147	0.148	0.141	0.148	0.147	0.143	0.148	0.142	0.145	0.151	0.149	0.149	0.144	0.150	0.146	0.145	0.149	0.150	0.150	0.145	0.146	0.145	0.146												
3:40:00													0.160	0.143	0.151	0.146	0.148	0.143	0.143	0.139	0.160	0.147	0.149	0.148	0.156	0.143	0.149	0.145	0.155	0.146	0.141	0.138	0.155	0.150	0.151	0.148	0.160	0.143	0.143	0.144	0.152	0.144	0.145	0.143	0.159	0.149	0.147	0.153	0.144	0.147	0.146	0.155	0.148	0.142	0.147	0.142	0.143	0.151	0.158	0.149	0.144	0.147	0.149	0.141	0.148	0.147	0.144	0.149	0.142	0.145	0.151	0.150	0.149	0.144	0.150	0.147	0.146	0.149	0.150	0.150	0.145	0.145	0.145	0.146												
4:00:00													0.166	0.144	0.150	0.147	0.153	0.143	0.143	0.138	0.164	0.147	0.148	0.148	0.160	0.142	0.149	0.145	0.160	0.146	0.141	0.138	0.160	0.150	0.153	0.148	0.164	0.144	0.144	0.145	0.157	0.145	0.144	0.143	0.165	0.148	0.148	0.154	0.144	0.147	0.146	0.151	0.148	0.142	0.146	0.143	0.143	0.151	0.158	0.149	0.143	0.147	0.148	0.141	0.148	0.147	0.143	0.149	0.142	0.145	0.151	0.149	0.149	0.144	0.150	0.146	0.145	0.149	0.150	0.150	0.145	0.146	0.145	0.146												
4:20:00													0.174	0.144	0.150	0.146	0.160	0.143	0.143	0.138	0.169	0.147	0.148	0.148	0.166	0.142	0.149	0.145	0.168	0.146	0.141	0.138	0.168	0.150	0.153	0.148	0.173	0.143	0.144	0.145	0.166	0.145	0.144	0.143	0.173	0.149	0.147	0.154	0.143	0.148	0.146	0.151	0.148	0.143	0.146	0.143	0.143	0.152	0.158	0.149	0.143	0.148	0.148	0.141	0.148	0.148	0.143	0.148	0.142	0.145	0.151	0.149	0.149	0.144	0.150	0.146	0.145	0.150	0.150	0.150	0.145	0.147	0.145	0.146												
4:40:00													0.186	0.144	0.150	0.147	0.169	0.143	0.143	0.138	0.177	0.147	0.148	0.148	0.175	0.143	0.148	0.145	0.179	0.146	0.140	0.138	0.181	0.150	0.156	0.149	0.182	0.144	0.144	0.145	0.177	0.145	0.145	0.143	0.186	0.148	0.148	0.154	0.143	0.148	0.146	0.151	0.148	0.143	0.146	0.143	0.143	0.152	0.158	0.149	0.143	0.148	0.148	0.141	0.147	0.148	0.143	0.148	0.142	0.146	0.151	0.149	0.149	0.146	0.150	0.146	0.145	0.150	0.150	0.150	0.146	0.147	0.145	0.146												
5:00:00													0.202	0.144	0.151	0.146	0.181	0.143	0.143	0.139	0.189	0.146	0.148	0.148	0.189	0.143	0.149	0.145	0.193	0.147	0.141	0.138	0.200	0.150	0.157	0.148	0.196	0.143	0.144	0.144	0.193	0.144	0.145	0.143	0.205	0.148	0.147	0.153	0.143	0.149	0.145	0.156	0.148	0.145	0.146	0.142	0.143	0.153	0.158	0.149	0.144	0.149	0.148	0.141	0.147	0.149	0.143	0.148	0.142	0.147	0.151	0.150	0.149	0.146	0.150	0.146	0.146	0.151	0.150	0.150	0.145	0.148	0.145	0.146												
5:20:00													0.217	0.144	0.150	0.147	0.198	0.143	0.143	0.138	0.203	0.147	0.148	0.148	0.204	0.142	0.148	0.144	0.214	0.147	0.141	0.138	0.219	0.149	0.157	0.149	0.216	0.144	0.144	0.144	0.214	0.145	0.144	0.143	0.226	0.148	0.147	0.154	0.143	0.150	0.146	0.152	0.148	0.146	0.146	0.143	0.143	0.154	0.158	0.149	0.143	0.149	0.148	0.141	0.147	0.150	0.143	0.148	0.142	0.148	0.151	0.149	0.149	0.148	0.150	0.146	0.145	0.152	0.150	0.150	0.145	0.149	0.145	0.146												
5:40:00													0.245	0.144	0.150	0.147	0.226	0.143	0.143	0.138	0.226	0.147	0.148	0.148	0.230	0.142	0.148	0.144	0.243	0.149	0.141	0.138	0.245	0.150	0.158	0.148	0.242	0.144	0.144	0.145	0.243	0.145	0.144	0.143	0.254	0.148	0.148	0.154	0.144	0.151	0.146	0.152	0.148	0.147	0.146	0.143	0.143	0.157	0.158	0.149	0.143	0.151	0.148	0.141	0.147	0.152	0.143	0.148	0.142	0.149	0.151	0.149	0.149	0.148	0.150	0.146	0.144	0.153	0.150	0.150	0.145	0.150	0.145	0.146												
6:00:00													0.264	0.144	0.150	0.147	0.249	0.143	0.142	0.138	0.246	0.147	0.148	0.148	0.254	0.142	0.148	0.144	0.271	0.152	0.141	0.138	0.264	0.150	0.158	0.149	0.264	0.143	0.144	0.144	0.276	0.145	0.144	0.143	0.280	0.148	0.148	0.154	0.143	0.153	0.146	0.153	0.148	0.150	0.146	0.143	0.143	0.157	0.158	0.149	0.143	0.152	0.148	0.141	0.147	0.153	0.143	0.148	0.142	0.152	0.151	0.150	0.149	0.150	0.149	0.146	0.144	0.155	0.150	0.150	0.145	0.152	0.145	0.146												
6:20:00													0.288	0.144	0.150	0.147	0.266	0.143	0.143	0.138	0.270	0.147	0.148	0.148	0.280	0.142	0.149	0.144	0.286	0.157	0.141	0.138	0.285	0.150	0.159	0.148	0.287	0.143	0.144	0.144	0.310	0.145	0.144	0.143	0.307	0.148	0.147	0.154	0.143	0.155	0.146	0.153	0.148	0.153	0.145	0.143	0.143	0.162	0.158	0.149	0.143	0.155	0.148	0.141	0.147	0.155	0.143	0.148	0.142	0.153	0.151	0.150	0.149	0.153	0.149	0.146	0.144	0.158	0.150	0.150	0.145	0.155	0.145	0.147												
6:40:00													0.318	0.144	0.151	0.146	0.297	0.143	0.143	0.139	0.296	0.146	0.149	0.148	0.309	0.143	0.149	0.144	0.331	0.164	0.141	0.138	0.315	0.150	0.159	0.148	0.316	0.143	0.144	0.144	0.342	0.144	0.145	0.143	0.340	0.148	0.147	0.152	0.143	0.158	0.145	0.159	0.148	0.156	0.146	0.142	0.143	0.164	0.157	0.149	0.144	0.159	0.148	0.142	0.147	0.159	0.143	0.149	0.142	0.157	0.151	0.150	0.149	0.155	0.150	0.147	0.145	0.161	0.150	0.150	0.145	0.159	0.145	0.146												
7:00:00													0.364	0.144	0.150	0.147	0.332	0.143	0.142	0.138	0.332	0.147	0.148	0.148	0.348	0.142	0.148	0.144	0.367	0.174	0.141	0.138	0.343	0.149	0.161	0.148	0.356	0.143	0.144	0.145	0.384	0.145	0.144	0.143	0.367	0.148	0.147	0.153	0.143	0.161	0.146	0.154	0.148	0.161	0.145	0.143	0.143	0.168	0.158	0.150	0.143	0.161	0.148	0.141	0.147	0.163	0.143	0.148	0.142	0.161	0.151	0.151	0.149	0.159	0.149	0.146	0.144	0.164	0.150	0.151	0.145	0.163	0.145	0.146												
7:20:00													0.407	0.144	0.150	0.147	0.369	0.143	0.143	0.138	0.357	0.147	0.148	0.148	0.375	0.142	0.149	0.144	0.399	0.186	0.141	0.138	0.373	0.149	0.160	0.148	0.382	0.143	0.144	0.144	0.409	0.145	0.144	0.143	0.388	0.148	0.148	0.153	0.143	0.166	0.146	0.154	0.147	0.167	0.145	0.143	0.143	0.174	0.158	0.150	0.143	0.166	0.148	0.141	0.147	0.168	0.143	0.148	0.142	0.168	0.151	0.151	0.149	0.164	0.149	0.147	0.145	0.170	0.150	0.151	0.145	0.168	0.145	0.147												
7:40:00													0.414	0.144	0.150	0.147	0.391	0.143	0.143	0.138	0.375	0.147	0.148	0.148	0.386	0.143	0.149	0.145	0.433	0.204	0.140	0.138	0.392	0.149	0.162	0.148	0.401	0.143	0.145	0.144	0.424	0.145	0.144	0.143	0.406	0.148	0.148	0.153	0.143	0.173	0.146	0.154	0.147	0.176	0.145	0.143	0.143	0.182	0.158	0.150	0.143	0.172	0.148	0.143	0.147	0.175	0.143	0.148	0.142	0.176	0.151	0.151	0.149	0.171	0.149	0.147	0.145	0.177	0.150	0.151	0.145	0.175	0.145	0.148												
8:00:00													0.417	0.144	0.150	0.147	0.399	0.143	0.143	0.138	0.384	0.147	0.148	0.148	0.396	0.142	0.149	0.144	0.475	0.228	0.141	0.138	0.410	0.149	0.162	0.148	0.407	0.143	0.144	0.144	0.447	0.145	0.144	0.143	0.432	0.148	0.148	0.153	0.143	0.180	0.146	0.155	0.148	0.187	0.145	0.144	0.143	0.193	0.157	0.150	0.143	0.180	0.148	0.143	0.147	0.184	0.143	0.149	0.142	0.187	0.151	0.151	0.148	0.179	0.149	0.147	0.145	0.186	0.150	0.151	0.145	0.185	0.145	0.147												
8:20:00													0.417	0.144	0.151	0.146	0.410	0.143	0.143	0.139	0.393	0.146	0.148	0.148	0.404	0.143	0.149	0.144	0.528	0.249	0.141	0.138	0.442	0.150	0.163	0.148	0.413	0.143	0.144	0.144	0.480	0.144	0.144	0.143	0.468	0.148	0.147	0.152	0.144	0.191	0.145	0.161	0.147	0.201	0.145	0.144	0.143	0.208	0.157	0.150	0.144	0.190	0.148	0.145	0.147	0.195	0.143	0.149	0.142	0.199	0.151	0.151	0.149	0.189	0.149	0.149	0.146	0.198	0.150	0.151	0.145	0.198	0.145	0.149												
8:40:00													0.422	0.144	0.149	0.147	0.428	0.143	0.143	0.138	0.410	0.147	0.147	0.148	0.413	0.143	0.149	0.144	0.563	0.274	0.140	0.138	0.469	0.149	0.164	0.148	0.431	0.143	0.145	0.144	0.513	0.145	0.144	0.143	0.500	0.148	0.148	0.153	0.143	0.205	0.146	0.155	0.147	0.220	0.145	0.145	0.143	0.226	0.157	0.150	0.143	0.204	0.147	0.144	0.147	0.211	0.143	0.151	0.142	0.213	0.151	0.152	0.148	0.204	0.149	0.149	0.145	0.213	0.150	0.153	0.145	0.214	0.145	0.148												
9:00:00													0.428	0.144	0.150	0.147	0.455	0.143	0.143	0.138	0.436	0.146	0.147	0.148	0.425	0.142	0.148	0.144	0.591	0.303	0.140	0.138	0.496	0.150	0.155	0.148	0.461	0.143	0.145	0.144	0.541	0.145	0.144	0.143	0.524	0.150	0.147	0.152	0.144	0.224	0.147	0.156	0.148	0.244	0.146	0.146	0.143	0.247	0.157	0.152	0.143	0.221	0.148	0.146	0.146	0.233	0.143	0.151	0.142	0.234	0.151	0.154	0.148	0.222	0.149	0.150	0.145	0.234	0.150	0.155	0.144	0.236	0.144	0.149												
9:20:00													0.427	0.144	0.149	0.147	0.468	0.143	0.142	0.138	0.460	0.147	0.147	0.148	0.430	0.142	0.150	0.144	0.605	0.328	0.140	0.138	0.518	0.149	0.165	0.148	0.476	0.143	0.145	0.144	0.556	0.145	0.144	0.143	0.538	0.148	0.148	0.153	0.143	0.244	0.146	0.157	0.147	0.274	0.145	0.146	0.143	0.270	0.157	0.152	0.143	0.241	0.147	0.147	0.146	0.256	0.143	0.153	0.142	0.258	0.150	0.155	0.148	0.243	0.149	0.150	0.145	0.256	0.150	0.156	0.144	0.260	0.145	0.148												
9:40:00													0.431	0.144	0.150	0.147	0.479	0.143	0.142	0.138	0.483	0.147	0.147	0.148	0.443	0.142	0.150	0.144	0.617	0.341	0.140	0.138	0.531	0.149	0.164	0.148	0.496	0.143	0.145	0.144	0.571	0.145	0.144	0.143	0.546	0.148	0.147	0.153	0.143	0.268	0.146	0.155	0.147	0.295	0.145	0.148	0.143	0.293	0.157	0.153	0.143	0.263	0.147	0.148	0.146	0.276	0.143	0.152	0.142	0.278	0.151	0.154	0.148	0.264	0.149	0.150	0.145	0.277	0.150	0.156	0.144	0.281	0.145	0.153												
10:00:00													0.438	0.145	0.150	0.147	0.488	0.143	0.143	0.138	0.494	0.147	0.147	0.148	0.458	0.142	0.151	0.144	0.628	0.343	0.140	0.138	0.539	0.149	0.166	0.148	0.517	0.143	0.146	0.144	0.583	0.145	0.144	0.143	0.555	0.148	0.147	0.153	0.143	0.295	0.146	0.158	0.147	0.330	0.145	0.150	0.143	0.324	0.157	0.153	0.143	0.285	0.148	0.151	0.146	0.304	0.143	0.155	0.142	0.306	0.150	0.154	0.148	0.287	0.149	0.150	0.145	0.303	0.150	0.159	0.145	0.309	0.145	0.153												
10:20:00													0.443	0.145	0.150	0.147	0.503	0.143	0.142	0.138	0.498	0.148	0.147	0.148	0.476	0.143	0.151	0.144	0.638	0.344	0.141	0.138	0.545	0.149	0.165	0.148	0.531	0.143	0.146	0.144	0.593	0.145	0.144	0.143	0.564	0.148	0.148	0.153	0.144	0.321	0.146	0.158	0.148	0.358	0.145	0.151	0.143	0.349	0.157	0.156	0.144	0.313	0.147	0.153	0.146	0.334	0.143	0.156	0.142	0.337	0.151	0.159	0.148	0.316	0.149	0.151	0.145	0.339	0.150	0.162	0.144	0.339	0.145	0.154												
10:40:00													0.452	0.145	0.151	0.147	0.517	0.143	0.142	0.138	0.508	0.147	0.148	0.148	0.490	0.143	0.153	0.144	0.646	0.348	0.141	0.138	0.552	0.149	0.166	0.148	0.547	0.143	0.147	0.145	0.604	0.145	0.144	0.143	0.572	0.148	0.148	0.153	0.144	0.340	0.146	0.159	0.147	0.373	0.145	0.153	0.143	0.366	0.157	0.157	0.144	0.339	0.147	0.155	0.146	0.352	0.143	0.157	0.142	0.355	0.151	0.158	0.148	0.334	0.149	0.150	0.145	0.361	0.150	0.163	0.145	0.359	0.145	0.155												
11:00:00													0.459	0.145	0.152	0.147	0.529	0.143	0.142	0.138	0.516	0.148	0.148	0.148	0.504	0.143	0.152	0.144	0.653	0.353	0.141	0.138	0.562	0.149	0.166	0.148	0.557	0.143	0.148	0.144	0.615	0.145	0.144	0.143	0.579	0.148	0.148	0.153	0.144	0.361	0.146	0.160	0.148	0.384	0.145	0.152	0.143	0.391	0.157	0.159	0.144	0.375	0.147	0.157	0.146	0.372	0.143	0.161	0.142	0.379	0.151	0.158	0.148	0.352	0.149	0.154	0.145	0.370	0.150	0.160	0.144	0.379	0.145	0.158												
11:20:00													0.465	0.145	0.152	0.147	0.539	0.143	0.142	0.138	0.526	0.147	0.147	0.148	0.519	0.143	0.153	0.144	0.658	0.355	0.141	0.138	0.571	0.149	0.167	0.148	0.564	0.143	0.148	0.144	0.624	0.146	0.144	0.143	0.586	0.148	0.147	0.153	0.143	0.368	0.146	0.160	0.147	0.397	0.145	0.157	0.143	0.398	0.157	0.159	0.143	0.367	0.147	0.156	0.146	0.368	0.143	0.161	0.142	0.385	0.151	0.163	0.148	0.382	0.149	0.158	0.145	0.382	0.150	0.165	0.144	0.387	0.145	0.161												
11:40:00													0.472	0.145	0.153	0.147	0.550	0.143	0.142	0.138	0.530	0.147	0.147	0.148	0.526	0.143	0.155	0.144	0.663	0.359	0.141	0.138	0.568	0.149	0.169	0.148	0.572	0.143	0.150	0.144	0.632	0.145	0.144	0.143	0.590	0.148	0.147	0.153	0.143	0.376	0.146	0.163	0.147	0.402	0.145	0.160	0.143	0.391	0.157	0.165	0.143	0.397	0.148	0.159	0.146	0.376	0.143	0.169	0.142	0.380	0.150	0.166	0.148	0.385	0.149	0.160	0.145	0.381	0.150	0.168	0.145	0.393	0.145	0.162												
12:00:00													0.476	0.145	0.154	0.147	0.560	0.143	0.143	0.138	0.534	0.147	0.147	0.148	0.538	0.143	0.157	0.144	0.667	0.364	0.140	0.138	0.575	0.149	0.170	0.148	0.580	0.143	0.151	0.144	0.636	0.145	0.144	0.143	0.594	0.148	0.147	0.153	0.143	0.382	0.146	0.175	0.147	0.410	0.145	0.172	0.143	0.400	0.157	0.172	0.143	0.407	0.147	0.171	0.146	0.383	0.143	0.181	0.142	0.392	0.150	0.169	0.148	0.390	0.149	0.174	0.144	0.389	0.150	0.179	0.144	0.389	0.144	0.168												
12:20:00													0.481	0.145	0.158	0.147	0.568	0.143	0.142	0.138	0.539	0.147	0.147	0.148	0.546	0.143	0.159	0.144	0.671	0.371	0.141	0.138	0.582	0.149	0.170	0.148	0.590	0.143	0.153	0.144	0.640	0.145	0.144	0.143	0.603	0.148	0.147	0.153	0.143	0.386	0.146	0.202	0.147	0.406	0.145	0.205	0.142	0.409	0.156	0.194	0.143	0.396	0.147	0.190	0.146	0.392	0.143	0.207	0.142	0.397	0.150	0.182	0.148	0.391	0.149	0.190	0.145	0.392	0.149	0.201	0.144	0.393	0.144	0.177												
12:40:00													0.484	0.144	0.160	0.147	0.574	0.143	0.142	0.139	0.550	0.147	0.147	0.147	0.562	0.143	0.160	0.144	0.677	0.382	0.141	0.137	0.592	0.150	0.168	0.148	0.594	0.143	0.154	0.144	0.645	0.144	0.144	0.143	0.611	0.148	0.147	0.152	0.143	0.392	0.145	0.216	0.148	0.424	0.145	0.205	0.143	0.416	0.156	0.202	0.144	0.393	0.148	0.207	0.146	0.395	0.143	0.217	0.142	0.405	0.151	0.211	0.148	0.398	0.149	0.216	0.145	0.396	0.150	0.217	0.144	0.397	0.145	0.206												
13:00:00													0.495	0.144	0.161	0.147	0.588	0.143	0.143	0.139	0.557	0.147	0.147	0.147	0.575	0.143	0.162	0.144	0.680	0.389	0.141	0.137	0.600	0.150	0.168	0.148	0.604	0.143	0.155	0.144	0.652	0.144	0.144	0.143	0.617	0.148	0.147	0.152	0.144	0.398	0.145	0.221	0.148	0.428	0.145	0.215	0.143	0.419	0.156	0.203	0.144	0.400	0.148	0.220	0.146	0.405	0.143	0.225	0.142	0.409	0.151	0.219	0.148	0.410	0.149	0.225	0.145	0.402	0.150	0.234	0.144	0.406	0.145	0.204												
13:20:00													0.505	0.145	0.164	0.147	0.598	0.143	0.142	0.138	0.563	0.147	0.147	0.148	0.584	0.142	0.166	0.144	0.681	0.397	0.141	0.138	0.608	0.149	0.170	0.148	0.611	0.143	0.158	0.144	0.658	0.145	0.144	0.143	0.623	0.148	0.147	0.152	0.143	0.404	0.146	0.236	0.147	0.436	0.145	0.235	0.142	0.425	0.156	0.206	0.143	0.402	0.147	0.237	0.146	0.408	0.143	0.245	0.142	0.414	0.150	0.224	0.148	0.416	0.148	0.243	0.144	0.406	0.149	0.256	0.144	0.409	0.144	0.207												
13:40:00													0.515	0.145	0.167	0.147	0.607	0.143	0.143	0.138	0.573	0.147	0.147	0.148	0.595	0.142	0.167	0.144	0.681	0.402	0.141	0.138	0.613	0.149	0.171	0.148	0.622	0.143	0.159	0.144	0.664	0.145	0.144	0.143	0.633	0.148	0.147	0.152	0.143	0.407	0.146	0.255	0.147	0.442	0.145	0.258	0.142	0.431	0.156	0.213	0.143	0.406	0.147	0.248	0.146	0.415	0.143	0.263	0.142	0.420	0.150	0.223	0.148	0.423	0.149	0.269	0.144	0.414	0.149	0.270	0.144	0.412	0.144	0.214												
14:00:00													0.519	0.145	0.169	0.147	0.619	0.143	0.143	0.138	0.582	0.147	0.147	0.148	0.607	0.142	0.170	0.144	0.686	0.405	0.141	0.138	0.628	0.149	0.171	0.148	0.633	0.143	0.163	0.144	0.669	0.145	0.144	0.143	0.646	0.148	0.147	0.152	0.143	0.412	0.146	0.270	0.147	0.446	0.145	0.265	0.142	0.436	0.156	0.225	0.143	0.411	0.147	0.258	0.146	0.422	0.143	0.266	0.142	0.422	0.150	0.225	0.148	0.425	0.148	0.287	0.144	0.418	0.149	0.289	0.144	0.418	0.144	0.232												
14:20:00													0.528	0.145	0.174	0.147	0.634	0.143	0.143	0.138	0.591	0.147	0.147	0.148	0.618	0.142	0.171	0.144	0.691	0.407	0.141	0.138	0.637	0.149	0.171	0.148	0.642	0.143	0.165	0.144	0.675	0.145	0.144	0.143	0.655	0.148	0.147	0.152	0.143	0.414	0.146	0.277	0.147	0.450	0.145	0.282	0.142	0.440	0.156	0.243	0.143	0.415	0.147	0.278	0.146	0.425	0.143	0.291	0.142	0.428	0.150	0.236	0.148	0.430	0.148	0.305	0.144	0.425	0.149	0.316	0.144	0.422	0.144	0.257												
14:40:00													0.536	0.145	0.178	0.147	0.647	0.143	0.143	0.138	0.601	0.147	0.147	0.148	0.629	0.142	0.175	0.144	0.698	0.409	0.141	0.138	0.648	0.149	0.172	0.148	0.652	0.143	0.170	0.144	0.684	0.145	0.144	0.143	0.664	0.148	0.147	0.152	0.143	0.421	0.146	0.300	0.147	0.455	0.144	0.307	0.142	0.445	0.156	0.267	0.143	0.419	0.147	0.301	0.146	0.430	0.143	0.311	0.142	0.433	0.150	0.250	0.148	0.437	0.148	0.333	0.144	0.430	0.149	0.352	0.144	0.422	0.144	0.288												
15:00:00													0.548	0.145	0.182	0.147	0.662	0.143	0.143	0.138	0.613	0.147	0.147	0.148	0.641	0.143	0.177	0.144	0.705	0.411	0.142	0.138	0.658	0.149	0.172	0.148	0.662	0.143	0.173	0.144	0.693	0.145	0.144	0.143	0.672	0.148	0.147	0.152	0.143	0.422	0.146	0.330	0.147	0.459	0.144	0.330	0.142	0.450	0.155	0.290	0.143	0.424	0.147	0.323	0.146	0.434	0.143	0.336	0.142	0.437	0.150	0.267	0.148	0.440	0.148	0.367	0.144	0.435	0.149	0.388	0.144	0.427	0.144	0.314												
15:20:00													0.562	0.145	0.195	0.147	0.674	0.143	0.143	0.139	0.624	0.147	0.147	0.147	0.656	0.142	0.182	0.144	0.714	0.413	0.141	0.138	0.665	0.149	0.173	0.148	0.673	0.143	0.175	0.144	0.701	0.145	0.144	0.143	0.680	0.148	0.147	0.152	0.143	0.425	0.146	0.360	0.147	0.464	0.144	0.352	0.142	0.458	0.155	0.319	0.143	0.430	0.147	0.342	0.146	0.440	0.143	0.366	0.142	0.446	0.150	0.280	0.148	0.443	0.148	0.406	0.144	0.439	0.149	0.420	0.144	0.430	0.144	0.348												
15:40:00													0.576	0.145	0.207	0.147	0.683	0.143	0.143	0.138	0.633	0.147	0.147	0.147	0.668	0.143	0.196	0.144	0.721	0.415	0.141	0.138	0.671	0.149	0.174	0.148	0.685	0.143	0.180	0.144	0.709	0.145	0.144	0.143	0.686	0.148	0.147	0.152	0.143	0.428	0.146	0.388	0.147	0.468	0.144	0.376	0.142	0.466	0.155	0.338	0.143	0.435	0.147	0.367	0.146	0.443	0.143	0.391	0.142	0.454	0.150	0.295	0.148	0.447	0.148	0.441	0.144	0.444	0.149	0.453	0.144	0.433	0.144	0.382												
16:00:01													0.586	0.145	0.214	0.148	0.692	0.143	0.144	0.139	0.644	0.147	0.147	0.147	0.678	0.143	0.192	0.144	0.728	0.419	0.141	0.138	0.680	0.149	0.174	0.148	0.694	0.143	0.197	0.144	0.717	0.145	0.144	0.143	0.694	0.148	0.147	0.152	0.143	0.433	0.146	0.415	0.147	0.475	0.144	0.405	0.142	0.477	0.155	0.362	0.143	0.440	0.147	0.397	0.146	0.448	0.143	0.422	0.142	0.466	0.150	0.313	0.148	0.451	0.148	0.471	0.144	0.449	0.149	0.495	0.145	0.438	0.144	0.419												
16:20:01													0.600	0.145	0.227	0.148	0.701	0.143	0.144	0.139	0.664	0.147	0.147	0.147	0.688	0.143	0.188	0.144	0.732	0.421	0.141	0.138	0.690	0.149	0.175	0.148	0.704	0.143	0.200	0.144	0.725	0.145	0.144	0.144	0.702	0.148	0.147	0.152	0.143	0.437	0.146	0.448	0.147	0.479	0.144	0.429	0.142	0.489	0.155	0.388	0.143	0.443	0.147	0.423	0.146	0.453	0.143	0.456	0.142	0.478	0.150	0.340	0.148	0.454	0.148	0.511	0.144	0.454	0.149	0.527	0.144	0.442	0.145	0.460												
16:40:01													0.602	0.144	0.243	0.147	0.708	0.144	0.143	0.139	0.677	0.147	0.147	0.147	0.695	0.143	0.195	0.144	0.738	0.425	0.143	0.138	0.701	0.149	0.173	0.148	0.709	0.143	0.205	0.144	0.732	0.144	0.144	0.143	0.710	0.148	0.147	0.151	0.143	0.441	0.145	0.474	0.148	0.484	0.144	0.457	0.143	0.508	0.155	0.414	0.144	0.447	0.147	0.455	0.146	0.456	0.143	0.492	0.142	0.495	0.151	0.359	0.148	0.458	0.148	0.542	0.145	0.457	0.149	0.566	0.145	0.446	0.145	0.501												
17:00:01													0.619	0.145	0.258	0.148	0.718	0.143	0.146	0.139	0.677	0.147	0.147	0.148	0.701	0.143	0.206	0.144	0.741	0.429	0.141	0.138	0.707	0.149	0.174	0.148	0.715	0.143	0.216	0.144	0.741	0.145	0.144	0.144	0.715	0.148	0.147	0.152	0.143	0.443	0.146	0.503	0.147	0.488	0.144	0.482	0.142	0.516	0.155	0.448	0.143	0.451	0.147	0.489	0.146	0.460	0.143	0.529	0.142	0.509	0.150	0.386	0.147	0.461	0.148	0.584	0.144	0.461	0.149	0.591	0.146	0.450	0.144	0.542												
17:20:01													0.630	0.145	0.278	0.148	0.727	0.144	0.146	0.139	0.683	0.147	0.147	0.148	0.711	0.143	0.219	0.144	0.747	0.432	0.145	0.138	0.716	0.149	0.175	0.148	0.724	0.143	0.221	0.144	0.749	0.145	0.145	0.144	0.722	0.148	0.147	0.152	0.144	0.447	0.146	0.528	0.147	0.493	0.144	0.507	0.142	0.528	0.155	0.480	0.143	0.456	0.147	0.514	0.146	0.464	0.143	0.558	0.142	0.524	0.150	0.412	0.147	0.464	0.148	0.614	0.144	0.466	0.149	0.621	0.145	0.454	0.145	0.576												
17:40:01													0.640	0.145	0.301	0.148	0.736	0.143	0.146	0.139	0.692	0.147	0.147	0.148	0.716	0.143	0.234	0.144	0.753	0.435	0.145	0.138	0.725	0.149	0.175	0.148	0.730	0.143	0.237	0.144	0.757	0.145	0.145	0.144	0.729	0.148	0.147	0.152	0.143	0.449	0.146	0.559	0.147	0.500	0.144	0.539	0.143	0.538	0.155	0.508	0.143	0.460	0.147	0.553	0.146	0.468	0.143	0.589	0.142	0.536	0.150	0.437	0.147	0.469	0.148	0.648	0.144	0.471	0.149	0.660	0.146	0.458	0.144	0.610												
18:00:01													0.650	0.145	0.326	0.148	0.744	0.144	0.148	0.139	0.702	0.147	0.147	0.147	0.722	0.143	0.259	0.144	0.759	0.439	0.144	0.138	0.733	0.149	0.176	0.148	0.737	0.143	0.261	0.144	0.764	0.145	0.147	0.144	0.735	0.148	0.147	0.152	0.143	0.453	0.146	0.597	0.147	0.507	0.144	0.569	0.143	0.549	0.155	0.536	0.143	0.463	0.147	0.576	0.146	0.472	0.143	0.616	0.142	0.550	0.150	0.466	0.147	0.472	0.148	0.676	0.144	0.474	0.149	0.678	0.147	0.464	0.145	0.643												
18:20:01													0.662	0.145	0.358	0.148	0.753	0.143	0.149	0.139	0.708	0.147	0.147	0.147	0.730	0.143	0.282	0.144	0.766	0.443	0.147	0.138	0.741	0.149	0.176	0.148	0.744	0.143	0.283	0.144	0.772	0.145	0.147	0.144	0.742	0.148	0.147	0.152	0.143	0.456	0.146	0.631	0.147	0.512	0.144	0.600	0.143	0.559	0.155	0.565	0.143	0.467	0.147	0.620	0.146	0.477	0.143	0.646	0.142	0.564	0.150	0.499	0.147	0.475	0.148	0.693	0.144	0.478	0.149	0.706	0.149	0.468	0.145	0.678												
18:40:01													0.672	0.145	0.396	0.148	0.761	0.143	0.149	0.139	0.719	0.147	0.147	0.148	0.736	0.143	0.308	0.144	0.772	0.446	0.147	0.138	0.748	0.149	0.176	0.148	0.749	0.143	0.306	0.144	0.779	0.145	0.149	0.144	0.751	0.148	0.147	0.152	0.143	0.458	0.146	0.674	0.147	0.520	0.144	0.624	0.142	0.570	0.155	0.596	0.143	0.470	0.147	0.665	0.146	0.484	0.143	0.687	0.142	0.573	0.150	0.537	0.147	0.478	0.148	0.714	0.144	0.483	0.149	0.731	0.150	0.474	0.145	0.710												
19:00:01													0.680	0.145	0.437	0.148	0.770	0.143	0.149	0.139	0.720	0.147	0.147	0.147	0.740	0.143	0.330	0.144	0.777	0.450	0.148	0.138	0.754	0.149	0.176	0.148	0.754	0.143	0.329	0.144	0.785	0.145	0.148	0.144	0.761	0.148	0.147	0.152	0.143	0.461	0.146	0.737	0.147	0.527	0.144	0.658	0.142	0.579	0.155	0.625	0.143	0.475	0.147	0.717	0.146	0.490	0.143	0.697	0.142	0.582	0.150	0.589	0.147	0.481	0.148	0.745	0.144	0.487	0.149	0.739	0.152	0.484	0.144	0.755												
19:20:01													0.706	0.144	0.469	0.148	0.777	0.143	0.149	0.139	0.739	0.146	0.146	0.148	0.757	0.143	0.352	0.144	0.785	0.457	0.149	0.137	0.760	0.149	0.164	0.148	0.768	0.143	0.358	0.144	0.794	0.144	0.149	0.144	0.768	0.149	0.147	0.151	0.144	0.467	0.146	0.766	0.148	0.533	0.145	0.687	0.143	0.587	0.155	0.655	0.143	0.477	0.146	0.755	0.145	0.497	0.142	0.732	0.142	0.592	0.150	0.641	0.147	0.486	0.148	0.763	0.145	0.491	0.149	0.766	0.155	0.489	0.144	0.787												
19:40:01													0.701	0.145	0.495	0.148	0.783	0.143	0.151	0.139	0.752	0.147	0.147	0.147	0.753	0.143	0.371	0.144	0.788	0.459	0.149	0.138	0.767	0.149	0.177	0.148	0.765	0.143	0.394	0.144	0.797	0.145	0.150	0.144	0.771	0.148	0.147	0.152	0.143	0.469	0.146	0.809	0.147	0.538	0.144	0.742	0.143	0.598	0.155	0.681	0.143	0.480	0.147	0.792	0.146	0.506	0.143	0.760	0.142	0.607	0.150	0.693	0.147	0.489	0.148	0.805	0.144	0.495	0.149	0.788	0.159	0.500	0.144	0.801												
20:00:01													0.712	0.145	0.522	0.148	0.789	0.143	0.153	0.139	0.762	0.147	0.146	0.148	0.761	0.143	0.392	0.144	0.793	0.463	0.152	0.138	0.773	0.149	0.177	0.148	0.771	0.143	0.431	0.144	0.802	0.145	0.151	0.144	0.776	0.148	0.147	0.152	0.143	0.472	0.146	0.841	0.147	0.546	0.144	0.770	0.143	0.606	0.155	0.707	0.143	0.483	0.147	0.823	0.146	0.514	0.142	0.788	0.142	0.613	0.150	0.741	0.147	0.494	0.148	0.838	0.144	0.499	0.149	0.809	0.163	0.512	0.145	0.829												
20:20:01													0.722	0.145	0.557	0.148	0.795	0.143	0.154	0.139	0.774	0.146	0.147	0.148	0.766	0.143	0.415	0.144	0.798	0.467	0.152	0.138	0.780	0.149	0.179	0.148	0.776	0.143	0.455	0.144	0.807	0.144	0.151	0.144	0.779	0.148	0.147	0.152	0.143	0.476	0.146	0.863	0.147	0.552	0.144	0.801	0.142	0.615	0.155	0.750	0.143	0.486	0.147	0.856	0.146	0.523	0.142	0.807	0.142	0.617	0.150	0.778	0.147	0.498	0.148	0.885	0.144	0.504	0.149	0.852	0.169	0.526	0.145	0.852												
20:40:01													0.732	0.145	0.600	0.148	0.800	0.143	0.155	0.139	0.778	0.147	0.147	0.148	0.773	0.143	0.441	0.144	0.803	0.471	0.154	0.138	0.786	0.149	0.179	0.148	0.782	0.143	0.483	0.144	0.812	0.144	0.151	0.144	0.783	0.148	0.147	0.152	0.143	0.481	0.146	0.883	0.147	0.559	0.144	0.829	0.143	0.623	0.155	0.780	0.143	0.489	0.147	0.882	0.145	0.533	0.142	0.851	0.142	0.627	0.150	0.804	0.147	0.502	0.148	0.909	0.144	0.508	0.149	0.882	0.177	0.535	0.144	0.886												
21:00:01													0.744	0.145	0.640	0.148	0.805	0.143	0.156	0.139	0.772	0.147	0.147	0.147	0.782	0.143	0.468	0.144	0.809	0.475	0.155	0.138	0.791	0.149	0.179	0.148	0.789	0.143	0.517	0.144	0.816	0.144	0.153	0.144	0.786	0.148	0.147	0.152	0.143	0.485	0.146	0.904	0.147	0.566	0.144	0.871	0.143	0.632	0.155	0.809	0.143	0.494	0.146	0.899	0.145	0.542	0.143	0.890	0.142	0.631	0.150	0.838	0.147	0.505	0.148	0.932	0.144	0.514	0.149	0.890	0.187	0.546	0.144	0.901												
21:20:01													0.756	0.145	0.704	0.148	0.811	0.143	0.158	0.139	0.784	0.147	0.147	0.147	0.791	0.143	0.519	0.144	0.815	0.479	0.157	0.138	0.795	0.149	0.179	0.148	0.795	0.143	0.531	0.144	0.821	0.144	0.151	0.144	0.786	0.148	0.147	0.152	0.143	0.491	0.146	0.918	0.147	0.572	0.144	0.902	0.143	0.640	0.154	0.842	0.143	0.496	0.146	0.910	0.145	0.551	0.142	0.917	0.142	0.639	0.150	0.869	0.147	0.508	0.148	0.950	0.144	0.520	0.149	0.905	0.200	0.555	0.144	0.931												
21:40:01													0.764	0.145	0.713	0.147	0.817	0.143	0.160	0.139	0.796	0.147	0.147	0.147	0.797	0.143	0.563	0.144	0.819	0.482	0.159	0.138	0.799	0.149	0.180	0.148	0.798	0.143	0.570	0.144	0.824	0.144	0.156	0.144	0.783	0.148	0.147	0.152	0.143	0.496	0.146	0.930	0.147	0.578	0.144	0.932	0.142	0.646	0.154	0.864	0.143	0.498	0.146	0.923	0.145	0.561	0.142	0.942	0.142	0.645	0.150	0.892	0.147	0.512	0.148	0.967	0.144	0.523	0.149	0.917	0.216	0.562	0.144	0.963												
22:00:01													0.774	0.145	0.743	0.148	0.822	0.143	0.162	0.139	0.807	0.147	0.147	0.147	0.804	0.143	0.603	0.144	0.824	0.486	0.160	0.138	0.804	0.149	0.179	0.148	0.802	0.143	0.619	0.144	0.828	0.144	0.154	0.144	0.792	0.148	0.147	0.152	0.143	0.502	0.146	0.946	0.147	0.585	0.144	0.958	0.143	0.653	0.154	0.885	0.143	0.501	0.146	0.941	0.145	0.570	0.142	0.963	0.142	0.649	0.150	0.907	0.147	0.515	0.148	0.983	0.144	0.528	0.149	0.938	0.234	0.569	0.144	0.976												
22:20:01													0.785	0.145	0.757	0.148	0.826	0.143	0.165	0.139	0.811	0.147	0.147	0.147	0.809	0.143	0.636	0.144	0.830	0.490	0.163	0.138	0.809	0.149	0.179	0.148	0.804	0.143	0.645	0.144	0.834	0.144	0.158	0.144	0.799	0.148	0.147	0.152	0.143	0.511	0.146	0.961	0.147	0.591	0.143	0.977	0.143	0.660	0.154	0.907	0.143	0.504	0.146	0.961	0.145	0.579	0.142	0.985	0.142	0.656	0.150	0.940	0.147	0.519	0.148	0.994	0.144	0.533	0.149	0.952	0.251	0.575	0.144	0.998												
22:40:01													0.798	0.144	0.770	0.148	0.836	0.143	0.170	0.139	0.804	0.147	0.146	0.147	0.817	0.143	0.673	0.144	0.839	0.500	0.164	0.138	0.814	0.148	0.167	0.148	0.811	0.143	0.673	0.144	0.843	0.144	0.161	0.144	0.803	0.149	0.147	0.151	0.144	0.528	0.146	0.975	0.148	0.596	0.145	0.997	0.142	0.667	0.155	0.930	0.143	0.511	0.146	0.981	0.145	0.589	0.142	1.005	0.142	0.662	0.150	0.961	0.147	0.524	0.148	1.010	0.145	0.542	0.149	0.966	0.270	0.580	0.144	1.026												
23:00:01													0.799	0.145	0.791	0.148	0.840	0.144	0.173	0.139	0.820	0.147	0.146	0.147	0.817	0.143	0.727	0.144	0.842	0.497	0.169	0.138	0.817	0.149	0.180	0.148	0.809	0.143	0.700	0.144	0.847	0.144	0.163	0.144	0.808	0.148	0.147	0.152	0.143	0.528	0.146	0.991	0.147	0.599	0.143	1.018	0.143	0.672	0.154	0.954	0.144	0.512	0.146	0.994	0.145	0.597	0.143	1.026	0.142	0.666	0.150	0.985	0.147	0.527	0.148	1.029	0.144	0.545	0.149	0.981	0.294	0.587	0.145	1.047												
23:20:01													0.804	0.145	0.807	0.147	0.847	0.143	0.182	0.139	0.827	0.146	0.146	0.147	0.819	0.143	0.741	0.144	0.848	0.501	0.173	0.138	0.820	0.149	0.180	0.148	0.811	0.143	0.738	0.144	0.852	0.144	0.168	0.144	0.812	0.148	0.147	0.152	0.143	0.537	0.146	1.008	0.147	0.603	0.143	1.036	0.143	0.678	0.154	0.972	0.143	0.516	0.146	1.010	0.145	0.604	0.142	1.044	0.142	0.672	0.150	1.006	0.147	0.531	0.148	1.051	0.144	0.551	0.149	0.995	0.322	0.593	0.145	1.073												
23:40:01													0.814	0.144	0.829	0.148	0.855	0.143	0.192	0.139	0.833	0.146	0.147	0.148	0.826	0.143	0.767	0.144	0.857	0.513	0.181	0.138	0.824	0.148	0.168	0.148	0.817	0.143	0.747	0.144	0.858	0.144	0.171	0.144	0.816	0.149	0.147	0.151	0.144	0.555	0.146	1.026	0.148	0.610	0.145	1.058	0.143	0.686	0.155	0.991	0.143	0.524	0.146	1.018	0.145	0.613	0.142	1.054	0.142	0.678	0.150	1.026	0.147	0.538	0.148	1.069	0.145	0.562	0.149	1.008	0.332	0.598	0.144	1.094												
24:00:01													0.815	0.145	0.858	0.147	0.859	0.143	0.195	0.139	0.842	0.147	0.146	0.148	0.826	0.143	0.786	0.144	0.859	0.509	0.185	0.138	0.827	0.149	0.183	0.148	0.816	0.143	0.767	0.144	0.862	0.144	0.175	0.144	0.819	0.148	0.147	0.152	0.143	0.552	0.146	1.045	0.147	0.613	0.143	1.076	0.143	0.692	0.154	1.002	0.143	0.525	0.146	1.031	0.145	0.618	0.142	1.065	0.142	0.682	0.150	1.042	0.147	0.540	0.148	1.091	0.144	0.565	0.149	1.018	0.333	0.604	0.145	1.117												
24:20:01													0.820	0.144	0.862	0.147	0.866	0.143	0.199	0.139	0.845	0.146	0.147	0.147	0.829	0.143	0.800	0.143	0.865	0.518	0.192	0.138	0.830	0.148	0.180	0.148	0.818	0.143	0.791	0.144	0.867	0.144	0.177	0.144	0.822	0.148	0.147	0.152	0.143	0.563	0.146	1.070	0.147	0.618	0.144	1.092	0.143	0.698	0.154	1.014	0.143	0.529	0.146	1.042	0.145	0.624	0.142	1.073	0.142	0.687	0.150	1.060	0.147	0.546	0.148	1.103	0.144	0.574	0.149	1.031	0.329	0.609	0.144	1.141												
24:40:01													0.824	0.144	0.891	0.148	0.877	0.143	0.205	0.139	0.855	0.146	0.146	0.147	0.832	0.142	0.832	0.144	0.869	0.522	0.196	0.138	0.834	0.148	0.181	0.148	0.821	0.143	0.805	0.144	0.872	0.144	0.178	0.144	0.826	0.148	0.147	0.151	0.143	0.569	0.146	1.090	0.147	0.623	0.144	1.106	0.143	0.704	0.154	1.026	0.143	0.535	0.146	1.059	0.145	0.630	0.142	1.079	0.142	0.692	0.150	1.076	0.147	0.550	0.148	1.124	0.144	0.581	0.149	1.045	0.335	0.614	0.145	1.157												
25:00:01													0.829	0.145	0.913	0.147	0.882	0.143	0.231	0.139	0.861	0.146	0.146	0.147	0.836	0.143	0.852	0.144	0.874	0.527	0.202	0.138	0.838	0.148	0.182	0.148	0.824	0.143	0.826	0.144	0.877	0.144	0.185	0.144	0.828	0.148	0.147	0.152	0.143	0.572	0.146	1.107	0.147	0.627	0.143	1.125	0.143	0.711	0.154	1.036	0.143	0.541	0.146	1.068	0.145	0.635	0.142	1.087	0.142	0.698	0.150	1.091	0.147	0.555	0.148	1.132	0.144	0.589	0.149	1.055	0.336	0.618	0.144	1.167												
25:20:01													0.834	0.145	0.916	0.147	0.887	0.143	0.253	0.139	0.869	0.146	0.147	0.147	0.837	0.143	0.867	0.144	0.879	0.532	0.213	0.138	0.841	0.148	0.182	0.148	0.826	0.143	0.838	0.144	0.882	0.144	0.194	0.144	0.831	0.148	0.147	0.152	0.143	0.581	0.146	1.114	0.147	0.632	0.143	1.143	0.142	0.719	0.154	1.044	0.143	0.548	0.146	1.080	0.145	0.641	0.142	1.097	0.142	0.703	0.150	1.107	0.147	0.562	0.148	1.145	0.144	0.597	0.149	1.070	0.346	0.622	0.144	1.185												
25:40:01													0.838	0.144	0.933	0.147	0.895	0.143	0.277	0.139	0.875	0.147	0.147	0.147	0.840	0.143	0.852	0.144	0.882	0.537	0.228	0.138	0.845	0.148	0.183	0.148	0.830	0.143	0.848	0.144	0.888	0.144	0.208	0.144	0.834	0.148	0.147	0.152	0.143	0.586	0.146	1.125	0.147	0.637	0.143	1.157	0.143	0.727	0.154	1.052	0.143	0.556	0.146	1.087	0.145	0.646	0.142	1.108	0.142	0.710	0.150	1.121	0.147	0.569	0.148	1.157	0.144	0.607	0.149	1.083	0.346	0.626	0.144	1.210												
26:00:01													0.843	0.144	0.964	0.147	0.900	0.143	0.318	0.139	0.882	0.146	0.146	0.147	0.843	0.143	0.864	0.144	0.888	0.542	0.247	0.138	0.849	0.148	0.182	0.148	0.832	0.143	0.861	0.144	0.893	0.144	0.225	0.144	0.838	0.148	0.147	0.151	0.143	0.595	0.146	1.137	0.147	0.642	0.143	1.174	0.143	0.734	0.154	1.057	0.143	0.563	0.146	1.100	0.145	0.651	0.142	1.117	0.142	0.715	0.150	1.134	0.147	0.578	0.148	1.177	0.144	0.616	0.149	1.093	0.350	0.630	0.144	1.225												
26:20:01													0.847	0.144	0.978	0.147	0.907	0.143	0.354	0.139	0.889	0.147	0.146	0.147	0.847	0.143	0.878	0.144	0.892	0.548	0.275	0.138	0.852	0.148	0.182	0.148	0.835	0.143	0.874	0.144	0.897	0.144	0.258	0.144	0.840	0.148	0.147	0.151	0.143	0.604	0.146	1.146	0.147	0.648	0.143	1.190	0.142	0.738	0.154	1.068	0.143	0.571	0.146	1.121	0.145	0.655	0.142	1.127	0.142	0.717	0.150	1.149	0.147	0.587	0.148	1.195	0.144	0.626	0.149	1.106	0.355	0.635	0.144	1.239												
26:40:01													0.851	0.145	1.007	0.147	0.915	0.144	0.387	0.139	0.895	0.147	0.146	0.147	0.850	0.143	0.881	0.144	0.897	0.553	0.318	0.138	0.856	0.148	0.182	0.148	0.838	0.143	0.901	0.144	0.902	0.144	0.287	0.144	0.843	0.148	0.147	0.151	0.143	0.612	0.146	1.155	0.147	0.653	0.143	1.204	0.142	0.742	0.154	1.072	0.143	0.579	0.146	1.133	0.145	0.661	0.142	1.136	0.142	0.719	0.150	1.163	0.147	0.598	0.148	1.210	0.144	0.636	0.149	1.121	0.356	0.639	0.145	1.255												
27:00:01													0.856	0.144	1.014	0.147	0.922	0.143	0.433	0.139	0.900	0.147	0.146	0.147	0.854	0.143	0.913	0.143	0.902	0.557	0.361	0.138	0.860	0.148	0.183	0.148	0.842	0.143	0.922	0.144	0.906	0.144	0.319	0.144	0.846	0.148	0.147	0.151	0.143	0.623	0.146	1.168	0.147	0.658	0.143	1.219	0.143	0.746	0.154	1.083	0.143	0.588	0.146	1.155	0.145	0.665	0.142	1.149	0.142	0.722	0.150	1.176	0.147	0.608	0.148	1.230	0.144	0.646	0.149	1.141	0.362	0.644	0.145	1.272												
27:20:01													0.861	0.144	1.032	0.147	0.931	0.143	0.482	0.139	0.909	0.147	0.146	0.147	0.859	0.143	0.959	0.144	0.908	0.563	0.403	0.139	0.865	0.148	0.183	0.148	0.846	0.143	0.934	0.144	0.912	0.144	0.349	0.144	0.851	0.148	0.147	0.151	0.143	0.632	0.146	1.186	0.147	0.664	0.143	1.240	0.143	0.749	0.154	1.086	0.143	0.598	0.146	1.176	0.145	0.670	0.142	1.163	0.142	0.726	0.150	1.189	0.147	0.620	0.148	1.244	0.144	0.656	0.149	1.159	0.363	0.651	0.145	1.292												
27:40:01													0.865	0.144	1.050	0.147	0.936	0.143	0.519	0.139	0.914	0.147	0.146	0.147	0.862	0.143	0.975	0.144	0.917	0.566	0.432	0.139	0.870	0.148	0.184	0.148	0.849	0.143	0.939	0.144	0.916	0.144	0.376	0.144	0.853	0.148	0.147	0.151	0.143	0.640	0.146	1.196	0.147	0.669	0.143	1.251	0.143	0.752	0.154	1.095	0.143	0.609	0.146	1.192	0.145	0.674	0.142	1.174	0.142	0.728	0.150	1.205	0.147	0.632	0.148	1.259	0.144	0.664	0.149	1.166	0.366	0.658	0.145	1.302												
28:00:01													0.869	0.144	1.093	0.147	0.943	0.144	0.550	0.139	0.921	0.147	0.146	0.147	0.866	0.143	0.983	0.144	0.930	0.571	0.472	0.139	0.875	0.148	0.184	0.148	0.852	0.143	0.963	0.144	0.920	0.144	0.412	0.144	0.857	0.148	0.147	0.151	0.143	0.650	0.146	1.211	0.147	0.674	0.143	1.266	0.143	0.756	0.154	1.105	0.143	0.622	0.146	1.209	0.145	0.679	0.142	1.186	0.142	0.731	0.150	1.220	0.147	0.644	0.148	1.276	0.144	0.671	0.149	1.181	0.370	0.663	0.145	1.321												
28:20:01													0.873	0.145	1.123	0.147	0.951	0.144	0.586	0.139	0.928	0.147	0.146	0.147	0.869	0.143	0.982	0.144	0.943	0.576	0.513	0.140	0.880	0.148	0.184	0.148	0.855	0.143	0.960	0.144	0.924	0.144	0.454	0.144	0.860	0.148	0.147	0.151	0.143	0.660	0.146	1.221	0.147	0.679	0.143	1.278	0.143	0.758	0.154	1.110	0.143	0.632	0.146	1.220	0.145	0.683	0.142	1.199	0.142	0.734	0.150	1.224	0.146	0.654	0.148	1.305	0.144	0.678	0.149	1.202	0.370	0.669	0.145	1.333												
28:40:01													0.878	0.145	1.149	0.147	0.959	0.144	0.614	0.139	0.933	0.147	0.146	0.147	0.873	0.143	0.996	0.144	0.957	0.581	0.545	0.140	0.884	0.148	0.184	0.148	0.859	0.143	0.979	0.144	0.929	0.144	0.480	0.144	0.864	0.148	0.147	0.151	0.143	0.668	0.146	1.228	0.147	0.685	0.143	1.289	0.143	0.762	0.154	1.118	0.143	0.643	0.146	1.233	0.145	0.687	0.142	1.211	0.142	0.737	0.150	1.243	0.147	0.661	0.148	1.314	0.144	0.684	0.149	1.211	0.372	0.673	0.145	1.333												
29:00:01													0.883	0.144	1.183	0.147	0.966	0.144	0.647	0.139	0.941	0.147	0.146	0.147	0.875	0.143	1.008	0.144	0.964	0.589	0.577	0.141	0.888	0.148	0.184	0.148	0.863	0.143	0.992	0.144	0.933	0.144	0.508	0.144	0.867	0.148	0.147	0.151	0.143	0.675	0.146	1.244	0.147	0.692	0.143	1.294	0.143	0.765	0.154	1.121	0.143	0.651	0.146	1.243	0.145	0.691	0.142	1.220	0.142	0.741	0.150	1.257	0.147	0.667	0.148	1.333	0.144	0.689	0.149	1.225	0.377	0.677	0.145	1.342												
29:20:01													0.888	0.145	1.205	0.147	0.974	0.144	0.682	0.139	0.950	0.147	0.146	0.147	0.878	0.143	1.034	0.144	0.967	0.605	0.610	0.142	0.892	0.148	0.185	0.148	0.866	0.143	0.998	0.144	0.938	0.144	0.532	0.144	0.872	0.148	0.147	0.152	0.143	0.683	0.146	1.260	0.147	0.698	0.143	1.308	0.143	0.768	0.154	1.127	0.143	0.660	0.146	1.254	0.145	0.696	0.142	1.229	0.142	0.745	0.150	1.268	0.147	0.672	0.148	1.343	0.144	0.694	0.149	1.243	0.379	0.679	0.145	1.387												
29:40:01													0.892	0.145	1.238	0.147	0.981	0.144	0.715	0.139	0.961	0.147	0.146	0.147	0.882	0.143	1.047	0.144	0.968	0.627	0.644	0.142	0.898	0.148	0.185	0.148	0.870	0.143	1.008	0.144	0.942	0.144	0.561	0.144	0.879	0.148	0.147	0.152	0.143	0.690	0.146	1.272	0.147	0.702	0.143	1.318	0.143	0.772	0.154	1.143	0.143	0.667	0.146	1.264	0.145	0.701	0.142	1.241	0.142	0.748	0.150	1.283	0.146	0.676	0.148	1.364	0.144	0.698	0.149	1.264	0.383	0.678	0.145	1.391												
30:00:01													0.897	0.145	1.248	0.147	0.988	0.144	0.768	0.139	0.971	0.147	0.146	0.147	0.886	0.143	1.063	0.144	0.968	0.642	0.689	0.145	0.905	0.148	0.186	0.148	0.874	0.143	1.012	0.144	0.947	0.144	0.575	0.144	0.885	0.148	0.147	0.151	0.143	0.698	0.146	1.283	0.147	0.706	0.143	1.333	0.143	0.775	0.154	1.143	0.143	0.673	0.146	1.280	0.145	0.704	0.142	1.250	0.142	0.751	0.150	1.302	0.146	0.678	0.148	1.379	0.144	0.701	0.149	1.290	0.386	0.677	0.145	1.403												
30:20:01													0.902	0.145	1.277	0.147	0.994	0.144	0.771	0.139	0.976	0.147	0.146	0.147	0.890	0.143	1.088	0.144	0.966	0.652	0.697	0.146	0.908	0.148	0.186	0.148	0.880	0.143	1.018	0.144	0.952	0.144	0.645	0.144	0.887	0.148	0.147	0.151	0.143	0.705	0.146	1.297	0.147	0.708	0.143	1.345	0.143	0.778	0.154	1.153	0.143	0.678	0.146	1.290	0.145	0.707	0.142	1.262	0.142	0.754	0.150	1.311	0.146	0.679	0.148	1.393	0.144	0.703	0.149	1.309	0.389	0.676	0.145	1.417												
30:40:01													0.906	0.145	1.303	0.148	1.002	0.144	0.792	0.139	0.980	0.147	0.146	0.147	0.893	0.143	1.106	0.144	0.965	0.659	0.731	0.148	0.910	0.148	0.186	0.148	0.883	0.143	1.034	0.144	0.957	0.144	0.669	0.144	0.888	0.148	0.147	0.151	0.143	0.709	0.146	1.308	0.147	0.710	0.143	1.358	0.143	0.780	0.154	1.161	0.143	0.681	0.146	1.303	0.145	0.709	0.143	1.269	0.142	0.757	0.150	1.324	0.146	0.680	0.148	1.412	0.144	0.705	0.149	1.320	0.393	0.676	0.145	1.428												
31:00:01													0.913	0.144	1.312	0.148	1.012	0.144	0.799	0.139	0.984	0.147	0.146	0.147	0.897	0.143	1.103	0.144	0.963	0.665	0.765	0.152	0.911	0.148	0.187	0.148	0.885	0.143	1.042	0.144	0.962	0.144	0.679	0.144	0.890	0.147	0.147	0.151	0.144	0.712	0.146	1.322	0.147	0.712	0.143	1.370	0.143	0.784	0.154	1.169	0.143	0.684	0.146	1.320	0.145	0.710	0.143	1.281	0.142	0.760	0.150	1.337	0.146	0.681	0.148	1.422	0.144	0.705	0.149	1.341	0.394	0.676	0.145	1.441												
31:20:01													0.922	0.144	1.310	0.148	1.017	0.144	0.797	0.140	0.989	0.147	0.146	0.147	0.901	0.143	1.110	0.144	0.961	0.670	0.786	0.155	0.914	0.148	0.187	0.148	0.886	0.143	1.048	0.144	0.968	0.144	0.714	0.144	0.891	0.147	0.147	0.151	0.143	0.714	0.146	1.336	0.147	0.713	0.143	1.382	0.143	0.787	0.154	1.179	0.143	0.686	0.146	1.339	0.145	0.711	0.142	1.293	0.142	0.763	0.150	1.352	0.146	0.682	0.148	1.433	0.144	0.705	0.149	1.354	0.397	0.676	0.145	1.455												
31:40:01													0.926	0.144	1.311	0.148	1.023	0.144	0.811	0.140	0.995	0.147	0.146	0.147	0.905	0.143	1.137	0.143	0.959	0.675	0.818	0.157	0.916	0.148	0.187	0.148	0.887	0.143	1.063	0.144	0.974	0.144	0.755	0.144	0.893	0.147	0.147	0.151	0.144	0.715	0.146	1.349	0.147	0.714	0.143	1.390	0.143	0.791	0.154	1.182	0.143	0.687	0.146	1.341	0.145	0.712	0.142	1.305	0.142	0.766	0.149	1.366	0.146	0.682	0.148	1.444	0.144	0.705	0.149	1.369	0.401	0.677	0.145	1.462												
32:00:01													0.930	0.144	1.311	0.148	1.028	0.144	0.826	0.140	1.001	0.146	0.146	0.147	0.910	0.143	1.157	0.144	0.959	0.678	0.844	0.160	0.921	0.147	0.186	0.148	0.890	0.142	1.063	0.144	0.978	0.143	0.765	0.144	0.897	0.147	0.147	0.150	0.143	0.716	0.146	1.355	0.147	0.715	0.143	1.400	0.143	0.796	0.153	1.187	0.144	0.687	0.147	1.349	0.145	0.712	0.142	1.319	0.142	0.770	0.150	1.364	0.146	0.683	0.148	1.448	0.144	0.705	0.149	1.387	0.403	0.678	0.146	1.468												
32:20:01													0.936	0.144	1.310	0.148	1.034	0.144	0.859	0.139	1.009	0.147	0.146	0.147	0.917	0.143	1.174	0.143	0.955	0.680	0.874	0.164	0.923	0.148	0.187	0.148	0.893	0.143	1.075	0.144	0.983	0.144	0.805	0.144	0.898	0.147	0.146	0.151	0.143	0.716	0.146	1.357	0.147	0.716	0.143	1.409	0.143	0.796	0.154	1.198	0.143	0.689	0.146	1.365	0.145	0.713	0.142	1.331	0.142	0.770	0.150	1.380	0.146	0.685	0.148	1.450	0.143	0.705	0.149	1.398	0.408	0.676	0.145	1.470												
32:40:01													0.940	0.144	1.308	0.148	1.039	0.144	0.869	0.139	1.017	0.147	0.145	0.147	0.920	0.142	1.188	0.144	0.955	0.682	0.898	0.171	0.925	0.148	0.187	0.148	0.896	0.143	1.085	0.144	0.988	0.144	0.818	0.144	0.901	0.147	0.147	0.151	0.143	0.717	0.146	1.360	0.147	0.716	0.143	1.415	0.143	0.800	0.154	1.208	0.143	0.689	0.146	1.389	0.145	0.713	0.142	1.334	0.142	0.774	0.150	1.390	0.146	0.687	0.148	1.448	0.143	0.705	0.149	1.407	0.409	0.676	0.145	1.469												
33:00:01													0.945	0.144	1.300	0.148	1.043	0.144	0.878	0.139	1.024	0.147	0.145	0.147	0.924	0.143	1.206	0.144	0.953	0.683	0.912	0.187	0.929	0.148	0.188	0.148	0.899	0.142	1.102	0.144	0.993	0.144	0.830	0.144	0.903	0.147	0.147	0.151	0.143	0.717	0.146	1.357	0.147	0.716	0.143	1.425	0.143	0.802	0.154	1.218	0.143	0.690	0.146	1.407	0.145	0.714	0.143	1.345	0.142	0.777	0.150	1.405	0.146	0.689	0.148	1.446	0.144	0.706	0.149	1.415	0.413	0.678	0.145	1.468												
33:20:01													0.947	0.144	1.247	0.148	1.047	0.144	0.907	0.139	1.031	0.147	0.145	0.147	0.926	0.143	1.223	0.144	0.951	0.683	0.925	0.233	0.932	0.148	0.187	0.148	0.901	0.142	1.115	0.144	0.997	0.143	0.827	0.144	0.906	0.147	0.147	0.151	0.143	0.718	0.146	1.363	0.147	0.717	0.144	1.435	0.143	0.805	0.154	1.229	0.143	0.691	0.146	1.419	0.145	0.714	0.143	1.357	0.142	0.780	0.150	1.416	0.146	0.690	0.148	1.443	0.143	0.707	0.149	1.419	0.415	0.680	0.145	1.463												
33:40:01													0.947	0.144	1.258	0.148	1.048	0.144	0.932	0.140	1.039	0.146	0.146	0.147	0.928	0.143	1.221	0.144	0.949	0.683	0.943	0.255	0.937	0.147	0.186	0.148	0.901	0.142	1.129	0.143	1.000	0.143	0.861	0.144	0.911	0.147	0.147	0.150	0.143	0.718	0.146	1.371	0.147	0.717	0.144	1.443	0.143	0.810	0.153	1.242	0.144	0.692	0.147	1.426	0.145	0.714	0.143	1.373	0.142	0.783	0.150	1.427	0.146	0.692	0.148	1.444	0.144	0.707	0.149	1.418	0.417	0.682	0.146	1.462												
34:00:01													0.951	0.144	1.272	0.148	1.053	0.144	0.939	0.139	1.048	0.147	0.145	0.147	0.932	0.143	1.242	0.143	0.946	0.683	0.967	0.267	0.939	0.148	0.187	0.148	0.904	0.142	1.146	0.143	1.005	0.143	0.878	0.144	0.913	0.147	0.147	0.151	0.143	0.720	0.146	1.386	0.147	0.718	0.144	1.452	0.143	0.810	0.153	1.249	0.143	0.693	0.146	1.441	0.145	0.715	0.143	1.381	0.142	0.784	0.150	1.437	0.146	0.695	0.148	1.446	0.143	0.708	0.149	1.417	0.421	0.682	0.146	1.462												
34:20:01													0.954	0.144	1.285	0.147	1.056	0.144	0.959	0.139	1.054	0.147	0.145	0.147	0.934	0.142	1.250	0.143	0.944	0.682	0.993	0.283	0.942	0.148	0.187	0.148	0.904	0.142	1.153	0.143	1.009	0.143	0.888	0.144	0.917	0.147	0.147	0.151	0.143	0.720	0.146	1.390	0.147	0.718	0.144	1.460	0.143	0.813	0.154	1.256	0.143	0.693	0.146	1.448	0.145	0.715	0.143	1.397	0.142	0.787	0.150	1.444	0.146	0.697	0.148	1.447	0.143	0.709	0.149	1.414	0.425	0.683	0.146	1.462												
34:40:02													0.960	0.144	1.300	0.147	1.057	0.144	0.984	0.139	1.059	0.147	0.145	0.147	0.936	0.143	1.262	0.143	0.942	0.681	1.011	0.302	0.946	0.148	0.188	0.148	0.905	0.142	1.165	0.144	1.014	0.143	0.896	0.144	0.920	0.147	0.147	0.150	0.143	0.722	0.146	1.405	0.147	0.718	0.145	1.464	0.143	0.816	0.153	1.268	0.143	0.693	0.146	1.455	0.145	0.716	0.143	1.418	0.142	0.789	0.150	1.447	0.146	0.699	0.148	1.444	0.143	0.711	0.149	1.413	0.428	0.684	0.146	1.459												
35:00:01													0.973	0.143	1.314	0.147	1.060	0.144	0.999	0.139	1.065	0.146	0.145	0.147	0.942	0.143	1.285	0.143	0.941	0.682	1.036	0.322	0.950	0.147	0.173	0.148	0.909	0.143	1.181	0.143	1.020	0.143	0.914	0.144	0.924	0.148	0.147	0.150	0.144	0.727	0.146	1.420	0.148	0.720	0.146	1.468	0.142	0.820	0.154	1.271	0.143	0.698	0.145	1.464	0.145	0.718	0.142	1.434	0.142	0.793	0.150	1.452	0.146	0.704	0.148	1.445	0.144	0.712	0.149	1.412	0.431	0.683	0.146	1.460												
35:20:02													0.984	0.144	1.321	0.147	1.060	0.144	1.015	0.139	1.069	0.147	0.145	0.147	0.943	0.143	1.288	0.144	0.939	0.678	1.044	0.348	0.953	0.148	0.188	0.148	0.908	0.142	1.191	0.144	1.023	0.143	0.933	0.144	0.927	0.147	0.147	0.151	0.143	0.724	0.146	1.434	0.147	0.720	0.145	1.471	0.143	0.821	0.153	1.288	0.143	0.695	0.146	1.468	0.145	0.718	0.143	1.444	0.142	0.794	0.150	1.459	0.146	0.703	0.148	1.448	0.143	0.713	0.149	1.411	0.436	0.685	0.146	1.463												
35:40:02													0.992	0.144	1.328	0.147	1.060	0.144	1.045	0.139	1.071	0.147	0.145	0.147	0.946	0.143	1.300	0.144	0.937	0.677	1.071	0.371	0.956	0.148	0.188	0.148	0.909	0.142	1.203	0.144	1.028	0.143	0.955	0.144	0.931	0.147	0.147	0.151	0.143	0.725	0.146	1.444	0.147	0.720	0.146	1.469	0.143	0.824	0.153	1.298	0.143	0.696	0.146	1.469	0.145	0.717	0.143	1.451	0.142	0.797	0.150	1.462	0.146	0.706	0.148	1.450	0.143	0.715	0.149	1.406	0.444	0.686	0.146	1.465												
36:00:02													1.001	0.144	1.329	0.147	1.061	0.144	1.060	0.139	1.074	0.147	0.145	0.147	0.948	0.143	1.304	0.144	0.935	0.675	1.094	0.396	0.959	0.148	0.188	0.148	0.911	0.142	1.209	0.144	1.033	0.143	0.949	0.144	0.934	0.147	0.147	0.150	0.143	0.727	0.146	1.454	0.147	0.721	0.147	1.467	0.143	0.827	0.153	1.314	0.143	0.697	0.146	1.469	0.145	0.718	0.143	1.459	0.142	0.800	0.150	1.464	0.146	0.707	0.148	1.447	0.143	0.716	0.149	1.404	0.461	0.687	0.146	1.462												
36:20:02													1.005	0.144	1.326	0.147	1.061	0.144	1.081	0.139	1.076	0.147	0.145	0.147	0.951	0.143	1.314	0.144	0.932	0.673	1.136	0.417	0.962	0.148	0.189	0.148	0.913	0.142	1.222	0.144	1.037	0.143	0.945	0.144	0.937	0.147	0.147	0.150	0.143	0.728	0.146	1.461	0.147	0.721	0.147	1.462	0.143	0.829	0.153	1.326	0.143	0.698	0.146	1.468	0.145	0.719	0.143	1.465	0.142	0.801	0.150	1.464	0.146	0.709	0.148	1.442	0.143	0.717	0.149	1.399	0.482	0.688	0.146	1.461												
36:40:02													1.007	0.144	1.325	0.147	1.061	0.144	1.102	0.139	1.078	0.147	0.145	0.147	0.953	0.143	1.323	0.144	0.931	0.672	1.165	0.441	0.966	0.148	0.189	0.148	0.914	0.142	1.234	0.144	1.044	0.143	0.976	0.144	0.940	0.147	0.147	0.150	0.144	0.729	0.146	1.467	0.147	0.722	0.148	1.461	0.143	0.831	0.153	1.335	0.143	0.698	0.146	1.464	0.145	0.720	0.143	1.469	0.142	0.804	0.150	1.464	0.146	0.710	0.148	1.441	0.143	0.717	0.149	1.392	0.500	0.688	0.146	1.461												
37:00:02													1.009	0.144	1.324	0.147	1.061	0.144	1.125	0.139	1.080	0.147	0.145	0.148	0.956	0.142	1.339	0.144	0.929	0.670	1.190	0.462	0.969	0.148	0.189	0.148	0.915	0.142	1.253	0.144	1.054	0.143	0.984	0.144	0.944	0.147	0.147	0.150	0.144	0.731	0.146	1.472	0.147	0.723	0.149	1.462	0.143	0.834	0.153	1.347	0.143	0.699	0.146	1.463	0.145	0.720	0.143	1.471	0.142	0.806	0.150	1.464	0.146	0.712	0.148	1.443	0.143	0.719	0.149	1.389	0.511	0.689	0.146	1.459												
37:20:02													1.011	0.144	1.324	0.147	1.062	0.144	1.130	0.140	1.082	0.147	0.145	0.147	0.959	0.143	1.353	0.144	0.927	0.669	1.207	0.484	0.972	0.148	0.189	0.148	0.917	0.142	1.260	0.144	1.058	0.143	0.998	0.144	0.947	0.147	0.147	0.150	0.144	0.732	0.146	1.476	0.147	0.724	0.152	1.464	0.143	0.837	0.153	1.355	0.143	0.701	0.146	1.466	0.145	0.721	0.143	1.474	0.142	0.808	0.150	1.461	0.146	0.714	0.148	1.447	0.143	0.720	0.149	1.381	0.521	0.691	0.146	1.460												
37:40:02													1.013	0.144	1.325	0.147	1.062	0.144	1.163	0.140	1.083	0.147	0.145	0.147	0.962	0.142	1.357	0.144	0.926	0.667	1.215	0.508	0.976	0.148	0.189	0.148	0.919	0.142	1.283	0.144	1.061	0.143	1.011	0.144	0.950	0.147	0.147	0.150	0.144	0.734	0.146	1.476	0.147	0.725	0.154	1.466	0.143	0.839	0.153	1.360	0.143	0.701	0.146	1.466	0.145	0.722	0.143	1.472	0.142	0.810	0.150	1.459	0.146	0.715	0.148	1.456	0.143	0.722	0.149	1.381	0.525	0.691	0.146	1.456												
38:00:02													1.015	0.144	1.328	0.147	1.062	0.144	1.177	0.139	1.084	0.147	0.145	0.148	0.965	0.143	1.353	0.144	0.924	0.666	1.230	0.533	0.979	0.148	0.189	0.148	0.921	0.142	1.287	0.144	1.065	0.143	1.031	0.144	0.954	0.147	0.147	0.150	0.143	0.735	0.146	1.475	0.147	0.726	0.157	1.470	0.143	0.842	0.153	1.373	0.143	0.703	0.146	1.463	0.145	0.723	0.143	1.471	0.142	0.813	0.150	1.461	0.146	0.718	0.148	1.462	0.143	0.722	0.149	1.398	0.532	0.692	0.146	1.457												
38:20:02													1.020	0.143	1.332	0.146	1.064	0.144	1.200	0.139	1.085	0.146	0.145	0.147	0.970	0.143	1.366	0.144	0.923	0.668	1.239	0.549	0.984	0.147	0.174	0.148	0.926	0.143	1.298	0.143	1.070	0.143	1.042	0.144	0.958	0.148	0.147	0.150	0.144	0.740	0.146	1.476	0.147	0.728	0.164	1.470	0.142	0.846	0.153	1.393	0.143	0.708	0.145	1.458	0.145	0.725	0.143	1.469	0.142	0.817	0.150	1.460	0.146	0.722	0.148	1.470	0.144	0.723	0.149	1.404	0.538	0.693	0.146	1.453												
38:40:02													1.018	0.144	1.336	0.147	1.060	0.144	1.221	0.140	1.087	0.146	0.146	0.147	0.972	0.143	1.372	0.144	0.922	0.665	1.243	0.565	0.988	0.147	0.189	0.148	0.925	0.142	1.300	0.143	1.071	0.143	1.054	0.144	0.962	0.147	0.147	0.150	0.143	0.737	0.146	1.474	0.147	0.728	0.174	1.474	0.143	0.849	0.153	1.407	0.144	0.705	0.146	1.463	0.145	0.724	0.143	1.468	0.142	0.819	0.150	1.458	0.146	0.721	0.148	1.476	0.144	0.723	0.149	1.417	0.542	0.696	0.146	1.451												
39:00:02													1.022	0.144	1.345	0.147	1.062	0.144	1.247	0.139	1.088	0.146	0.145	0.148	0.980	0.143	1.371	0.144	0.920	0.664	1.246	0.577	0.990	0.148	0.189	0.148	0.929	0.142	1.304	0.144	1.076	0.143	1.062	0.144	0.965	0.147	0.147	0.150	0.143	0.740	0.146	1.474	0.147	0.730	0.186	1.474	0.143	0.850	0.153	1.418	0.143	0.707	0.146	1.465	0.145	0.726	0.143	1.467	0.142	0.821	0.150	1.459	0.146	0.723	0.148	1.488	0.143	0.725	0.149	1.427	0.544	0.695	0.146	1.452												
39:20:02													1.024	0.144	1.352	0.147	1.061	0.144	1.262	0.140	1.089	0.146	0.145	0.147	0.992	0.143	1.376	0.144	0.918	0.663	1.249	0.605	0.994	0.148	0.190	0.148	0.933	0.142	1.313	0.144	1.079	0.143	1.074	0.144	0.968	0.147	0.146	0.150	0.143	0.741	0.146	1.472	0.147	0.731	0.195	1.473	0.143	0.852	0.153	1.427	0.143	0.708	0.146	1.462	0.145	0.727	0.143	1.466	0.142	0.823	0.150	1.460	0.146	0.725	0.148	1.494	0.143	0.726	0.149	1.436	0.544	0.696	0.146	1.451												
39:40:02													1.026	0.144	1.361	0.147	1.061	0.144	1.278	0.140	1.089	0.147	0.145	0.147	1.007	0.143	1.380	0.144	0.917	0.662	1.246	0.622	0.997	0.148	0.190	0.148	0.935	0.142	1.327	0.144	1.080	0.143	1.091	0.144	0.972	0.147	0.147	0.150	0.143	0.743	0.146	1.471	0.147	0.732	0.197	1.473	0.143	0.855	0.153	1.432	0.143	0.709	0.146	1.468	0.145	0.727	0.143	1.464	0.142	0.826	0.150	1.462	0.146	0.727	0.148	1.503	0.143	0.726	0.149	1.446	0.543	0.696	0.146	1.450												
40:00:02													1.031	0.143	1.369	0.146	1.063	0.144	1.283	0.139	1.090	0.146	0.145	0.147	1.021	0.143	1.390	0.144	0.917	0.664	1.245	0.639	1.002	0.147	0.175	0.148	0.941	0.143	1.327	0.144	1.083	0.143	1.106	0.144	0.976	0.148	0.147	0.150	0.144	0.748	0.146	1.473	0.147	0.734	0.199	1.473	0.143	0.858	0.153	1.439	0.143	0.714	0.145	1.463	0.145	0.730	0.143	1.464	0.142	0.829	0.150	1.464	0.146	0.732	0.148	1.510	0.144	0.728	0.149	1.446	0.543	0.696	0.146	1.455												
40:20:02													1.029	0.144	1.375	0.147	1.060	0.144	1.291	0.140	1.090	0.147	0.145	0.148	1.028	0.143	1.394	0.144	0.914	0.660	1.251	0.652	1.004	0.148	0.190	0.148	0.942	0.142	1.331	0.144	1.084	0.143	1.116	0.144	0.978	0.147	0.147	0.150	0.143	0.746	0.146	1.471	0.146	0.735	0.198	1.473	0.143	0.859	0.153	1.445	0.143	0.712	0.146	1.467	0.145	0.729	0.143	1.463	0.142	0.830	0.150	1.464	0.146	0.732	0.148	1.514	0.143	0.729	0.149	1.430	0.541	0.697	0.146	1.461												
40:40:02													1.030	0.144	1.381	0.147	1.060	0.144	1.300	0.140	1.090	0.147	0.145	0.147	1.033	0.143	1.397	0.144	0.913	0.659	1.253	0.657	1.008	0.148	0.190	0.148	0.944	0.142	1.342	0.144	1.085	0.143	1.130	0.144	0.981	0.147	0.147	0.150	0.143	0.748	0.146	1.473	0.146	0.736	0.198	1.471	0.143	0.862	0.153	1.449	0.143	0.714	0.146	1.461	0.145	0.730	0.143	1.465	0.142	0.832	0.150	1.464	0.146	0.733	0.148	1.508	0.143	0.731	0.149	1.383	0.540	0.698	0.146	1.466												
41:00:02													1.032	0.144	1.386	0.147	1.060	0.144	1.317	0.140	1.091	0.147	0.145	0.148	1.036	0.143	1.399	0.144	0.912	0.659	1.251	0.674	1.011	0.147	0.190	0.148	0.947	0.142	1.346	0.144	1.088	0.143	1.143	0.144	0.984	0.147	0.147	0.150	0.143	0.750	0.146	1.474	0.146	0.737	0.197	1.469	0.143	0.865	0.153	1.453	0.143	0.715	0.146	1.460	0.145	0.731	0.143	1.466	0.142	0.835	0.150	1.468	0.146	0.735	0.148	1.483	0.143	0.733	0.149	1.337	0.537	0.698	0.145	1.468												
41:20:02													1.033	0.144	1.389	0.147	1.060	0.144	1.330	0.140	1.092	0.146	0.145	0.148	1.039	0.143	1.400	0.144	0.911	0.658	1.255	0.678	1.014	0.148	0.191	0.148	0.950	0.142	1.351	0.144	1.091	0.143	1.156	0.144	0.987	0.147	0.147	0.150	0.143	0.751	0.146	1.474	0.146	0.738	0.197	1.468	0.143	0.867	0.153	1.457	0.143	0.717	0.146	1.460	0.145	0.732	0.143	1.463	0.142	0.837	0.150	1.468	0.146	0.737	0.148	1.431	0.143	0.735	0.149	1.308	0.534	0.699	0.145	1.472												
41:40:02													1.034	0.144	1.391	0.147	1.061	0.144	1.335	0.140	1.093	0.146	0.145	0.148	1.041	0.143	1.402	0.144	0.909	0.658	1.263	0.648	1.018	0.147	0.191	0.148	0.953	0.142	1.357	0.144	1.094	0.143	1.185	0.144	0.990	0.147	0.147	0.150	0.143	0.753	0.146	1.476	0.146	0.740	0.196	1.464	0.143	0.869	0.153	1.459	0.143	0.718	0.146	1.466	0.145	0.733	0.143	1.468	0.142	0.839	0.150	1.467	0.146	0.739	0.148	1.383	0.143	0.737	0.149	1.294	0.530	0.699	0.145	1.476												
42:00:02													1.036	0.144	1.392	0.146	1.060	0.144	1.340	0.140	1.093	0.147	0.145	0.147	1.043	0.143	1.402	0.144	0.908	0.657	1.269	0.650	1.021	0.147	0.191	0.148	0.955	0.142	1.363	0.144	1.096	0.143	1.196	0.144	0.993	0.147	0.147	0.150	0.143	0.755	0.146	1.480	0.146	0.741	0.196	1.460	0.143	0.871	0.153	1.459	0.143	0.719	0.146	1.470	0.145	0.734	0.143	1.469	0.142	0.841	0.150	1.465	0.146	0.742	0.148	1.350	0.143	0.738	0.149	1.294	0.527	0.699	0.145	1.480												
42:20:02													1.036	0.144	1.394	0.146	1.060	0.144	1.344	0.140	1.093	0.147	0.145	0.147	1.045	0.143	1.403	0.144	0.907	0.657	1.277	0.654	1.025	0.147	0.191	0.148	0.958	0.142	1.365	0.144	1.100	0.143	1.212	0.144	0.996	0.147	0.147	0.150	0.143	0.756	0.146	1.479	0.146	0.742	0.195	1.459	0.143	0.873	0.153	1.461	0.143	0.721	0.145	1.476	0.145	0.735	0.143	1.469	0.142	0.843	0.150	1.469	0.146	0.744	0.148	1.333	0.143	0.740	0.149	1.300	0.525	0.700	0.145	1.486												
42:40:02													1.037	0.144	1.392	0.146	1.059	0.144	1.342	0.140	1.094	0.147	0.145	0.147	1.047	0.143	1.406	0.144	0.906	0.657	1.282	0.663	1.028	0.147	0.190	0.148	0.961	0.142	1.370	0.144	1.103	0.143	1.224	0.144	0.999	0.147	0.147	0.150	0.143	0.758	0.146	1.480	0.146	0.743	0.195	1.463	0.143	0.875	0.153	1.460	0.143	0.722	0.145	1.476	0.144	0.736	0.143	1.469	0.142	0.845	0.150	1.465	0.146	0.746	0.148	1.330	0.143	0.742	0.149	1.307	0.524	0.701	0.145	1.494												
43:00:02													1.037	0.144	1.392	0.147	1.057	0.144	1.346	0.140	1.094	0.146	0.145	0.147	1.048	0.143	1.406	0.144	0.906	0.656	1.291	0.668	1.033	0.147	0.190	0.148	0.962	0.142	1.373	0.144	1.104	0.143	1.241	0.143	1.003	0.147	0.147	0.149	0.143	0.759	0.146	1.479	0.147	0.744	0.195	1.467	0.143	0.879	0.153	1.457	0.144	0.723	0.146	1.480	0.144	0.736	0.143	1.466	0.142	0.848	0.150	1.465	0.146	0.748	0.148	1.332	0.144	0.742	0.149	1.314	0.526	0.703	0.146	1.500												
43:20:02													1.040	0.144	1.391	0.147	1.060	0.144	1.343	0.140	1.095	0.147	0.145	0.148	1.049	0.143	1.407	0.144	0.905	0.655	1.298	0.675	1.035	0.147	0.193	0.148	0.967	0.142	1.379	0.144	1.107	0.143	1.257	0.144	1.004	0.147	0.147	0.150	0.143	0.761	0.146	1.479	0.146	0.746	0.194	1.468	0.143	0.880	0.153	1.456	0.143	0.725	0.145	1.486	0.144	0.738	0.143	1.464	0.142	0.850	0.150	1.466	0.146	0.752	0.148	1.341	0.143	0.745	0.149	1.321	0.526	0.702	0.145	1.504												
43:40:02													1.041	0.145	1.388	0.146	1.059	0.144	1.340	0.140	1.095	0.147	0.146	0.147	1.050	0.143	1.407	0.144	0.904	0.655	1.299	0.683	1.038	0.147	0.192	0.148	0.969	0.142	1.379	0.144	1.110	0.143	1.266	0.144	1.008	0.147	0.147	0.150	0.144	0.762	0.146	1.481	0.146	0.747	0.194	1.468	0.143	0.882	0.153	1.454	0.143	0.726	0.145	1.487	0.145	0.739	0.143	1.460	0.142	0.852	0.150	1.463	0.146	0.754	0.148	1.348	0.143	0.746	0.149	1.327	0.528	0.702	0.145	1.508												
44:00:02													1.041	0.145	1.388	0.147	1.058	0.144	1.341	0.140	1.095	0.147	0.146	0.148	1.052	0.143	1.408	0.144	0.903	0.654	1.288	0.687	1.041	0.147	0.192	0.148	0.971	0.142	1.380	0.144	1.111	0.143	1.272	0.144	1.010	0.147	0.147	0.150	0.144	0.764	0.146	1.478	0.147	0.748	0.194	1.470	0.143	0.884	0.153	1.454	0.143	0.727	0.145	1.489	0.145	0.739	0.143	1.463	0.142	0.854	0.150	1.462	0.146	0.756	0.148	1.355	0.143	0.748	0.149	1.334	0.530	0.702	0.145	1.509												
44:20:02													1.042	0.144	1.386	0.146	1.058	0.144	1.329	0.140	1.095	0.147	0.147	0.147	1.053	0.143	1.410	0.144	0.902	0.654	1.266	0.691	1.044	0.147	0.191	0.148	0.973	0.142	1.381	0.144	1.114	0.143	1.286	0.144	1.014	0.147	0.147	0.150	0.143	0.766	0.146	1.479	0.147	0.748	0.193	1.474	0.143	0.886	0.153	1.454	0.143	0.729	0.145	1.492	0.144	0.740	0.143	1.462	0.142	0.856	0.150	1.460	0.146	0.759	0.148	1.362	0.143	0.750	0.149	1.341	0.532	0.702	0.145	1.509												
44:40:02													1.042	0.144	1.387	0.147	1.055	0.144	1.328	0.140	1.095	0.146	0.147	0.147	1.052	0.143	1.411	0.144	0.902	0.654	1.241	0.694	1.049	0.147	0.191	0.148	0.975	0.142	1.384	0.144	1.114	0.143	1.292	0.144	1.018	0.147	0.147	0.150	0.143	0.766	0.146	1.480	0.147	0.749	0.193	1.478	0.143	0.890	0.153	1.455	0.144	0.730	0.146	1.495	0.144	0.741	0.143	1.465	0.142	0.859	0.150	1.458	0.146	0.761	0.148	1.368	0.144	0.750	0.149	1.348	0.536	0.705	0.146	1.508												
45:00:02													1.044	0.144	1.375	0.147	1.057	0.144	1.293	0.140	1.095	0.147	0.146	0.148	1.054	0.143	1.409	0.144	0.900	0.653	1.208	0.697	1.051	0.148	0.193	0.148	0.979	0.142	1.383	0.144	1.117	0.143	1.300	0.144	1.020	0.147	0.147	0.150	0.143	0.769	0.146	1.479	0.146	0.750	0.193	1.480	0.143	0.890	0.153	1.453	0.143	0.732	0.145	1.499	0.144	0.742	0.143	1.467	0.142	0.860	0.150	1.456	0.146	0.764	0.148	1.376	0.143	0.752	0.149	1.353	0.536	0.702	0.145	1.508												
45:20:02													1.046	0.144	1.372	0.147	1.057	0.144	1.295	0.140	1.096	0.147	0.146	0.148	1.056	0.143	1.410	0.144	0.900	0.652	1.188	0.699	1.055	0.148	0.193	0.148	0.983	0.142	1.388	0.144	1.118	0.143	1.308	0.144	1.024	0.147	0.147	0.150	0.143	0.770	0.146	1.479	0.146	0.751	0.193	1.482	0.143	0.892	0.153	1.454	0.143	0.733	0.145	1.503	0.144	0.743	0.143	1.470	0.142	0.862	0.150	1.456	0.146	0.766	0.148	1.381	0.143	0.754	0.149	1.360	0.538	0.703	0.145	1.506												
45:40:02													1.047	0.144	1.354	0.147	1.056	0.144	1.302	0.140	1.096	0.147	0.146	0.147	1.056	0.143	1.417	0.144	0.898	0.652	1.179	0.701	1.057	0.147	0.192	0.148	0.984	0.142	1.390	0.144	1.119	0.143	1.317	0.144	1.026	0.147	0.147	0.150	0.143	0.771	0.146	1.477	0.146	0.752	0.193	1.482	0.143	0.894	0.153	1.458	0.143	0.733	0.145	1.506	0.144	0.743	0.143	1.471	0.142	0.864	0.150	1.452	0.146	0.769	0.148	1.385	0.143	0.756	0.149	1.365	0.541	0.703	0.145	1.497												
46:00:02													1.048	0.144	1.338	0.147	1.056	0.144	1.308	0.140	1.096	0.146	0.146	0.147	1.057	0.143	1.428	0.144	0.898	0.652	1.179	0.704	1.061	0.147	0.192	0.148	0.987	0.142	1.390	0.144	1.119	0.143	1.327	0.144	1.028	0.147	0.147	0.150	0.143	0.773	0.146	1.478	0.146	0.753	0.192	1.484	0.143	0.896	0.153	1.457	0.143	0.735	0.145	1.511	0.144	0.744	0.143	1.476	0.142	0.867	0.150	1.450	0.146	0.772	0.148	1.391	0.143	0.757	0.149	1.371	0.543	0.703	0.145	1.488												
46:20:02													1.049	0.144	1.335	0.147	1.054	0.144	1.317	0.140	1.096	0.147	0.146	0.147	1.057	0.142	1.437	0.144	0.897	0.652	1.182	0.705	1.065	0.147	0.192	0.148	0.990	0.142	1.391	0.144	1.119	0.143	1.333	0.144	1.032	0.147	0.147	0.150	0.143	0.774	0.146	1.473	0.146	0.753	0.192	1.485	0.143	0.899	0.153	1.460	0.143	0.736	0.145	1.516	0.144	0.745	0.143	1.479	0.142	0.869	0.150	1.448	0.146	0.774	0.147	1.396	0.143	0.758	0.149	1.375	0.546	0.704	0.145	1.479												
46:40:02													1.049	0.144	1.331	0.147	1.052	0.144	1.324	0.140	1.096	0.146	0.145	0.147	1.058	0.143	1.447	0.144	0.897	0.651	1.188	0.708	1.069	0.147	0.191	0.148	0.993	0.141	1.393	0.144	1.118	0.143	1.343	0.144	1.037	0.147	0.147	0.149	0.143	0.775	0.146	1.473	0.147	0.754	0.192	1.486	0.143	0.903	0.152	1.460	0.144	0.737	0.146	1.522	0.144	0.745	0.143	1.484	0.142	0.872	0.150	1.446	0.146	0.776	0.148	1.399	0.143	0.759	0.149	1.380	0.550	0.705	0.146	1.471												
47:00:02													1.052	0.144	1.331	0.147	1.054	0.144	1.332	0.140	1.096	0.147	0.145	0.148	1.060	0.142	1.454	0.144	0.895	0.651	1.196	0.709	1.072	0.147	0.192	0.148	0.998	0.142	1.395	0.144	1.119	0.143	1.353	0.144	1.040	0.147	0.147	0.150	0.143	0.777	0.146	1.471	0.146	0.755	0.192	1.487	0.143	0.903	0.153	1.459	0.143	0.739	0.145	1.526	0.144	0.747	0.143	1.487	0.142	0.874	0.150	1.446	0.145	0.779	0.148	1.404	0.143	0.761	0.149	1.384	0.549	0.704	0.145	1.463												
47:20:02													1.054	0.144	1.314	0.147	1.053	0.144	1.338	0.140	1.096	0.147	0.145	0.148	1.061	0.143	1.462	0.144	0.894	0.650	1.204	0.710	1.076	0.147	0.193	0.148	1.006	0.142	1.394	0.144	1.120	0.143	1.359	0.144	1.044	0.147	0.147	0.149	0.143	0.779	0.146	1.471	0.146	0.756	0.192	1.488	0.143	0.905	0.153	1.459	0.143	0.742	0.145	1.530	0.144	0.747	0.143	1.489	0.142	0.876	0.150	1.446	0.146	0.782	0.148	1.408	0.143	0.763	0.149	1.387	0.551	0.704	0.145	1.456												
47:40:02													1.055	0.144	1.289	0.147	1.053	0.144	1.345	0.140	1.096	0.146	0.145	0.147	1.063	0.143	1.468	0.144	0.894	0.650	1.211	0.711	1.081	0.147	0.192	0.148	1.016	0.142	1.395	0.144	1.121	0.143	1.365	0.144	1.047	0.147	0.147	0.150	0.143	0.780	0.146	1.473	0.146	0.757	0.191	1.490	0.143	0.908	0.153	1.457	0.143	0.743	0.145	1.531	0.144	0.748	0.143	1.491	0.142	0.879	0.150	1.445	0.146	0.785	0.148	1.411	0.143	0.765	0.149	1.391	0.553	0.705	0.145	1.452												
48:00:02													1.057	0.144	1.281	0.147	1.052	0.144	1.351	0.140	1.096	0.146	0.145	0.148	1.064	0.143	1.473	0.144	0.893	0.650	1.218	0.711	1.085	0.147	0.193	0.148	1.023	0.142	1.396	0.144	1.121	0.143	1.369	0.144	1.050	0.147	0.147	0.150	0.143	0.782	0.146	1.473	0.146	0.758	0.191	1.491	0.143	0.910	0.153	1.458	0.143	0.745	0.145	1.532	0.144	0.749	0.143	1.494	0.142	0.880	0.150	1.445	0.146	0.788	0.147	1.415	0.143	0.767	0.149	1.395	0.555	0.705	0.145	1.448												

