Field Group

Plate Comment:	
Procedure Summary
  Plate Type:              Corning 96 well for LogPhase600
  Plate Number:            2
  Discontinuous Kinetics:  Runtime 02:00:00 (D:HH:MM), Interval 00:20:00 (HH:MM:SS), 145 Reads (max)
  Read:                    600 nm
  Incubator:               On
    Temperature setpoint:  30 °C
    Temperature gradient:  Off
  Shaking:                 On
     Shaking frequency:    600 RPMs		
			
			

600

Time	A1	A2	A3	A4	A5	A6	A7	A8	A9	A10	A11	A12	B1	B2	B3	B4	B5	B6	B7	B8	B9	B10	B11	B12	C1	C2	C3	C4	C5	C6	C7	C8	C9	C10	C11	C12	D1	D2	D3	D4	D5	D6	D7	D8	D9	D10	D11	D12	E1	E2	E3	E4	E5	E6	E7	E8	E9	E10	E11	E12	F1	F2	F3	F4	F5	F6	F7	F8	F9	F10	F11	F12	G1	G2	G3	G4	G5	G6	G7	G8	G9	G10	G11	G12	H1	H2	H3	H4	H5	H6	H7	H8	H9	H10	H11	H12
0:00:00	1.378	1.367	1.090	1.306	1.217	1.324	1.115	1.078	0.899	0.933	0.977	1.372	0.123	0.121	0.121	0.121	0.136	0.133	0.134	0.133	0.134	0.132	0.135	0.135	0.125	0.121	0.124	0.121	0.134	0.132	0.136	0.132	0.134	0.131	0.133	0.133	0.123	0.122	0.122	0.120	0.133	0.132	0.134	0.132	0.134	0.132	0.133	0.133	0.126	0.123	0.123	0.122	0.133	0.135	0.134	0.134	0.138	0.133	0.133	0.134	0.123	0.122	0.121	0.120	0.132	0.132	0.134	0.147	0.131	0.132	0.132	0.132	0.122	0.126	0.122	0.120	0.134	0.134	0.133	0.132	0.133	0.131	0.133	0.133	1.423	1.245	1.104	1.047	1.049	1.071	1.085	1.238	1.156	1.194	1.134	1.277
0:20:00	1.370	1.365	1.088	1.302	1.230	1.301	1.108	1.058	0.921	0.931	0.985	1.363	0.123	0.121	0.121	0.121	0.136	0.133	0.134	0.133	0.134	0.132	0.134	0.135	0.125	0.121	0.124	0.121	0.134	0.132	0.136	0.132	0.134	0.131	0.133	0.133	0.123	0.121	0.122	0.120	0.133	0.131	0.134	0.132	0.134	0.132	0.133	0.132	0.126	0.122	0.123	0.122	0.132	0.134	0.133	0.134	0.138	0.133	0.133	0.134	0.122	0.122	0.121	0.120	0.131	0.132	0.134	0.147	0.131	0.132	0.132	0.132	0.122	0.125	0.121	0.120	0.134	0.134	0.133	0.131	0.133	0.131	0.133	0.133	1.415	1.237	1.109	1.050	1.065	1.080	1.087	1.237	1.156	1.188	1.139	1.276
0:40:00	1.372	1.367	1.083	1.302	1.233	1.292	1.106	1.045	0.927	0.929	0.991	1.363	0.123	0.120	0.121	0.121	0.136	0.133	0.134	0.133	0.134	0.132	0.135	0.135	0.125	0.120	0.124	0.121	0.134	0.132	0.136	0.132	0.134	0.131	0.133	0.133	0.123	0.121	0.122	0.120	0.133	0.131	0.134	0.131	0.134	0.132	0.133	0.132	0.125	0.122	0.123	0.122	0.132	0.134	0.133	0.134	0.138	0.133	0.133	0.134	0.122	0.122	0.121	0.120	0.131	0.132	0.134	0.147	0.131	0.132	0.132	0.132	0.122	0.125	0.121	0.119	0.134	0.134	0.133	0.131	0.133	0.131	0.133	0.133	1.415	1.234	1.111	1.052	1.052	1.076	1.088	1.235	1.156	1.186	1.139	1.276
1:00:00	1.372	1.364	1.086	1.303	1.237	1.282	1.103	1.043	0.930	0.928	0.996	1.365	0.124	0.121	0.122	0.121	0.136	0.133	0.135	0.133	0.135	0.132	0.135	0.134	0.126	0.120	0.125	0.121	0.134	0.132	0.136	0.132	0.134	0.131	0.133	0.134	0.124	0.121	0.122	0.121	0.134	0.132	0.134	0.132	0.134	0.132	0.133	0.133	0.126	0.123	0.123	0.122	0.132	0.135	0.134	0.134	0.138	0.133	0.133	0.134	0.122	0.122	0.121	0.120	0.132	0.132	0.135	0.147	0.131	0.132	0.132	0.132	0.122	0.126	0.122	0.120	0.134	0.135	0.133	0.132	0.133	0.131	0.134	0.133	1.414	1.234	1.112	1.052	1.052	1.077	1.087	1.232	1.157	1.187	1.139	1.276
1:20:00	1.376	1.364	1.081	1.301	1.234	1.283	1.106	1.041	0.927	0.930	0.998	1.361	0.124	0.121	0.122	0.121	0.136	0.133	0.135	0.133	0.134	0.133	0.135	0.134	0.126	0.120	0.125	0.122	0.134	0.132	0.136	0.132	0.134	0.131	0.133	0.134	0.124	0.121	0.122	0.120	0.134	0.131	0.134	0.132	0.134	0.132	0.133	0.133	0.125	0.123	0.123	0.122	0.132	0.134	0.134	0.134	0.138	0.133	0.134	0.134	0.122	0.122	0.121	0.120	0.131	0.132	0.135	0.147	0.131	0.132	0.132	0.132	0.122	0.126	0.122	0.120	0.134	0.135	0.133	0.132	0.133	0.132	0.134	0.133	1.414	1.233	1.114	1.056	1.056	1.080	1.091	1.233	1.156	1.188	1.139	1.276
1:40:00	1.375	1.363	1.086	1.306	1.239	1.278	1.105	1.027	0.921	0.927	1.001	1.360	0.125	0.121	0.122	0.121	0.137	0.133	0.136	0.133	0.135	0.133	0.135	0.134	0.127	0.120	0.125	0.122	0.134	0.132	0.137	0.132	0.134	0.131	0.134	0.134	0.124	0.121	0.122	0.121	0.134	0.131	0.134	0.131	0.134	0.132	0.133	0.133	0.125	0.123	0.123	0.122	0.132	0.135	0.134	0.134	0.138	0.133	0.134	0.134	0.122	0.122	0.122	0.120	0.131	0.132	0.135	0.147	0.131	0.132	0.133	0.132	0.122	0.126	0.122	0.120	0.134	0.135	0.133	0.131	0.133	0.132	0.135	0.133	1.410	1.233	1.112	1.053	1.050	1.078	1.086	1.229	1.157	1.180	1.139	1.275
2:00:00	1.375	1.362	1.086	1.304	1.240	1.276	1.104	1.028	0.926	0.926	1.005	1.359	0.127	0.121	0.123	0.121	0.138	0.133	0.136	0.133	0.135	0.132	0.135	0.134	0.128	0.120	0.126	0.122	0.134	0.133	0.137	0.132	0.135	0.131	0.134	0.134	0.124	0.121	0.122	0.120	0.134	0.131	0.134	0.131	0.134	0.132	0.133	0.133	0.125	0.124	0.123	0.122	0.132	0.135	0.134	0.134	0.139	0.133	0.134	0.134	0.122	0.122	0.122	0.120	0.131	0.132	0.136	0.147	0.131	0.132	0.133	0.132	0.122	0.127	0.123	0.120	0.134	0.135	0.134	0.132	0.133	0.132	0.136	0.132	1.411	1.232	1.112	1.053	1.050	1.079	1.086	1.231	1.156	1.182	1.139	1.276
2:20:00	1.373	1.362	1.092	1.303	1.244	1.292	1.107	1.016	0.925	0.921	1.016	1.358	0.129	0.120	0.125	0.121	0.139	0.133	0.137	0.133	0.136	0.132	0.136	0.134	0.130	0.120	0.127	0.122	0.135	0.133	0.138	0.132	0.135	0.131	0.135	0.134	0.125	0.121	0.122	0.120	0.135	0.131	0.135	0.131	0.134	0.132	0.133	0.132	0.125	0.124	0.124	0.122	0.132	0.135	0.134	0.135	0.139	0.133	0.134	0.134	0.122	0.123	0.123	0.120	0.131	0.132	0.137	0.147	0.131	0.132	0.134	0.132	0.122	0.127	0.124	0.120	0.134	0.134	0.134	0.132	0.133	0.132	0.138	0.132	1.413	1.230	1.115	1.053	1.051	1.079	1.085	1.229	1.156	1.177	1.139	1.276
2:40:00	1.372	1.363	1.090	1.306	1.241	1.292	1.110	1.046	0.923	0.932	1.010	1.357	0.132	0.120	0.126	0.121	0.141	0.133	0.138	0.133	0.136	0.132	0.136	0.134	0.133	0.120	0.128	0.122	0.136	0.134	0.140	0.132	0.136	0.131	0.136	0.134	0.126	0.121	0.123	0.120	0.136	0.131	0.135	0.131	0.135	0.132	0.134	0.132	0.125	0.125	0.125	0.122	0.132	0.134	0.135	0.135	0.139	0.133	0.134	0.134	0.122	0.123	0.125	0.120	0.131	0.132	0.139	0.147	0.131	0.133	0.136	0.132	0.122	0.128	0.125	0.120	0.134	0.135	0.135	0.132	0.133	0.132	0.138	0.132	1.413	1.231	1.114	1.052	1.051	1.079	1.085	1.232	1.155	1.179	1.138	1.276
3:00:00	1.376	1.365	1.085	1.306	1.243	1.286	1.108	1.047	0.931	0.928	1.017	1.357	0.137	0.120	0.129	0.122	0.143	0.133	0.140	0.133	0.137	0.132	0.137	0.134	0.136	0.120	0.129	0.122	0.138	0.135	0.142	0.132	0.138	0.131	0.138	0.134	0.127	0.120	0.123	0.120	0.138	0.131	0.136	0.131	0.135	0.132	0.134	0.132	0.125	0.125	0.126	0.122	0.132	0.135	0.137	0.135	0.140	0.133	0.135	0.134	0.122	0.123	0.127	0.120	0.131	0.132	0.142	0.147	0.131	0.133	0.139	0.132	0.122	0.128	0.127	0.120	0.134	0.135	0.136	0.132	0.133	0.133	0.141	0.132	1.413	1.231	1.113	1.053	1.049	1.079	1.084	1.234	1.154	1.182	1.136	1.277
3:20:00	1.373	1.360	1.100	1.306	1.246	1.250	1.105	1.011	0.934	0.916	1.024	1.357	0.145	0.120	0.134	0.122	0.148	0.133	0.144	0.133	0.139	0.132	0.139	0.134	0.142	0.120	0.133	0.122	0.140	0.137	0.146	0.132	0.141	0.131	0.141	0.133	0.129	0.120	0.124	0.120	0.138	0.131	0.138	0.131	0.136	0.132	0.135	0.132	0.125	0.126	0.128	0.122	0.132	0.135	0.139	0.135	0.141	0.133	0.136	0.134	0.122	0.124	0.130	0.120	0.131	0.133	0.147	0.147	0.131	0.133	0.142	0.132	0.122	0.129	0.130	0.120	0.134	0.135	0.137	0.132	0.133	0.134	0.144	0.133	1.412	1.232	1.113	1.058	1.053	1.079	1.084	1.234	1.153	1.189	1.132	1.279
3:40:00	1.371	1.360	1.097	1.306	1.247	1.258	1.106	1.024	0.929	0.920	1.023	1.357	0.150	0.120	0.137	0.122	0.155	0.133	0.149	0.133	0.142	0.132	0.142	0.134	0.151	0.120	0.138	0.123	0.145	0.141	0.153	0.132	0.144	0.131	0.145	0.134	0.132	0.121	0.126	0.121	0.143	0.131	0.140	0.132	0.138	0.132	0.137	0.132	0.125	0.127	0.131	0.122	0.132	0.135	0.142	0.135	0.142	0.133	0.137	0.134	0.122	0.125	0.134	0.121	0.131	0.133	0.155	0.146	0.131	0.134	0.147	0.133	0.122	0.131	0.133	0.120	0.134	0.135	0.140	0.132	0.133	0.134	0.149	0.133	1.415	1.234	1.119	1.058	1.058	1.081	1.093	1.242	1.153	1.197	1.128	1.280
4:00:00	1.369	1.362	1.091	1.305	1.246	1.267	1.108	1.036	0.924	0.923	1.021	1.357	0.156	0.120	0.143	0.122	0.167	0.133	0.157	0.133	0.146	0.132	0.146	0.134	0.160	0.120	0.144	0.124	0.152	0.146	0.163	0.132	0.150	0.131	0.151	0.134	0.136	0.121	0.128	0.121	0.149	0.132	0.144	0.132	0.140	0.132	0.139	0.132	0.125	0.128	0.136	0.122	0.132	0.136	0.146	0.136	0.144	0.133	0.139	0.134	0.122	0.126	0.141	0.121	0.131	0.134	0.166	0.147	0.131	0.135	0.154	0.133	0.122	0.132	0.138	0.121	0.134	0.135	0.145	0.133	0.133	0.134	0.154	0.133	1.413	1.235	1.119	1.058	1.059	1.081	1.093	1.244	1.153	1.200	1.127	1.281
4:20:00	1.369	1.361	1.093	1.310	1.245	1.271	1.110	1.034	0.926	0.923	1.023	1.358	0.174	0.120	0.153	0.122	0.183	0.133	0.171	0.133	0.153	0.132	0.151	0.135	0.173	0.120	0.152	0.123	0.162	0.154	0.177	0.133	0.159	0.131	0.161	0.134	0.142	0.121	0.131	0.121	0.157	0.131	0.149	0.132	0.142	0.132	0.142	0.133	0.125	0.130	0.143	0.122	0.132	0.136	0.152	0.136	0.147	0.133	0.142	0.134	0.122	0.127	0.149	0.121	0.131	0.134	0.182	0.147	0.131	0.136	0.164	0.133	0.122	0.133	0.144	0.121	0.134	0.136	0.153	0.133	0.133	0.136	0.162	0.133	1.413	1.236	1.121	1.059	1.059	1.082	1.093	1.244	1.152	1.200	1.127	1.280
4:40:00	1.369	1.361	1.093	1.310	1.247	1.269	1.112	1.034	0.927	0.924	1.026	1.356	0.193	0.120	0.163	0.123	0.205	0.133	0.186	0.133	0.162	0.132	0.159	0.135	0.191	0.120	0.162	0.126	0.176	0.166	0.197	0.133	0.171	0.131	0.172	0.134	0.150	0.121	0.136	0.121	0.168	0.131	0.156	0.132	0.146	0.132	0.146	0.132	0.125	0.131	0.150	0.122	0.132	0.137	0.161	0.137	0.151	0.133	0.145	0.135	0.122	0.129	0.159	0.121	0.131	0.135	0.201	0.147	0.131	0.137	0.178	0.133	0.122	0.136	0.152	0.122	0.134	0.137	0.159	0.133	0.133	0.137	0.172	0.133	1.413	1.236	1.124	1.061	1.060	1.082	1.094	1.243	1.152	1.201	1.127	1.280
5:00:00	1.369	1.361	1.094	1.309	1.247	1.268	1.112	1.034	0.928	0.924	1.029	1.357	0.217	0.120	0.177	0.123	0.232	0.133	0.208	0.133	0.173	0.132	0.169	0.135	0.216	0.120	0.174	0.125	0.194	0.182	0.220	0.133	0.188	0.131	0.189	0.134	0.160	0.121	0.142	0.121	0.181	0.131	0.167	0.132	0.151	0.132	0.151	0.132	0.125	0.134	0.161	0.123	0.132	0.138	0.170	0.137	0.154	0.134	0.151	0.135	0.122	0.130	0.175	0.121	0.131	0.136	0.228	0.147	0.131	0.139	0.195	0.134	0.122	0.137	0.160	0.123	0.134	0.137	0.175	0.133	0.133	0.137	0.185	0.133	1.410	1.239	1.121	1.060	1.058	1.083	1.092	1.242	1.152	1.201	1.127	1.280
5:20:00	1.371	1.362	1.096	1.307	1.245	1.261	1.111	1.023	0.931	0.922	1.034	1.356	0.238	0.120	0.195	0.124	0.265	0.133	0.237	0.134	0.190	0.132	0.184	0.135	0.236	0.120	0.191	0.126	0.219	0.201	0.254	0.134	0.205	0.131	0.207	0.135	0.174	0.121	0.150	0.122	0.204	0.132	0.183	0.132	0.159	0.132	0.160	0.132	0.125	0.136	0.176	0.123	0.132	0.137	0.194	0.138	0.164	0.134	0.160	0.135	0.122	0.132	0.195	0.122	0.131	0.138	0.264	0.147	0.131	0.142	0.210	0.135	0.122	0.140	0.172	0.125	0.134	0.139	0.194	0.133	0.133	0.140	0.202	0.134	1.413	1.240	1.123	1.061	1.059	1.082	1.091	1.242	1.152	1.201	1.125	1.281
5:40:00	1.372	1.363	1.088	1.308	1.245	1.265	1.115	1.033	0.931	0.925	1.037	1.356	0.264	0.120	0.215	0.125	0.302	0.133	0.271	0.134	0.206	0.132	0.200	0.136	0.261	0.120	0.211	0.129	0.250	0.228	0.287	0.134	0.223	0.131	0.224	0.135	0.195	0.121	0.162	0.122	0.230	0.131	0.205	0.132	0.169	0.132	0.170	0.133	0.125	0.139	0.198	0.123	0.132	0.139	0.207	0.139	0.175	0.134	0.172	0.136	0.122	0.135	0.215	0.123	0.131	0.140	0.303	0.148	0.131	0.144	0.225	0.135	0.122	0.142	0.189	0.125	0.134	0.140	0.216	0.134	0.132	0.141	0.218	0.134	1.409	1.240	1.120	1.060	1.058	1.081	1.095	1.243	1.152	1.202	1.126	1.281
6:00:00	1.371	1.362	1.088	1.310	1.245	1.276	1.112	1.040	0.932	0.929	1.037	1.357	0.293	0.121	0.235	0.125	0.344	0.133	0.307	0.134	0.224	0.132	0.214	0.136	0.288	0.120	0.228	0.129	0.281	0.258	0.328	0.135	0.243	0.131	0.246	0.136	0.220	0.121	0.178	0.123	0.267	0.131	0.232	0.132	0.183	0.132	0.184	0.133	0.125	0.142	0.218	0.124	0.132	0.141	0.243	0.140	0.189	0.135	0.186	0.136	0.122	0.138	0.234	0.123	0.131	0.142	0.347	0.148	0.131	0.148	0.243	0.137	0.122	0.146	0.211	0.127	0.134	0.142	0.246	0.136	0.133	0.141	0.236	0.134	1.409	1.241	1.118	1.059	1.058	1.082	1.094	1.243	1.152	1.203	1.125	1.281
6:20:00	1.374	1.363	1.087	1.308	1.243	1.277	1.115	1.041	0.930	0.929	1.039	1.356	0.320	0.121	0.259	0.126	0.391	0.133	0.354	0.135	0.242	0.132	0.233	0.137	0.316	0.120	0.253	0.130	0.317	0.290	0.378	0.137	0.265	0.131	0.265	0.138	0.242	0.121	0.196	0.124	0.305	0.131	0.266	0.133	0.202	0.132	0.202	0.133	0.125	0.146	0.240	0.125	0.132	0.142	0.279	0.142	0.210	0.136	0.205	0.137	0.122	0.141	0.261	0.124	0.131	0.145	0.398	0.149	0.131	0.152	0.262	0.138	0.122	0.149	0.230	0.128	0.134	0.143	0.278	0.136	0.133	0.146	0.256	0.134	1.411	1.240	1.123	1.061	1.063	1.082	1.093	1.244	1.152	1.203	1.125	1.281
6:40:00	1.372	1.363	1.084	1.309	1.246	1.279	1.115	1.047	0.938	0.932	1.043	1.357	0.354	0.121	0.285	0.127	0.439	0.133	0.410	0.135	0.263	0.132	0.252	0.138	0.350	0.120	0.282	0.133	0.359	0.328	0.423	0.138	0.285	0.131	0.282	0.139	0.267	0.121	0.220	0.125	0.356	0.131	0.297	0.133	0.221	0.132	0.217	0.133	0.125	0.150	0.270	0.126	0.132	0.143	0.312	0.144	0.225	0.137	0.223	0.138	0.122	0.147	0.285	0.125	0.131	0.148	0.440	0.150	0.131	0.158	0.276	0.140	0.122	0.153	0.256	0.128	0.134	0.146	0.317	0.138	0.133	0.148	0.273	0.136	1.408	1.243	1.120	1.059	1.060	1.081	1.089	1.241	1.152	1.199	1.127	1.279
7:00:00	1.371	1.363	1.081	1.306	1.249	1.285	1.115	1.052	0.934	0.933	1.044	1.356	0.398	0.121	0.315	0.131	0.456	0.133	0.464	0.136	0.281	0.132	0.268	0.140	0.391	0.120	0.308	0.135	0.392	0.361	0.452	0.140	0.306	0.131	0.302	0.141	0.296	0.121	0.238	0.127	0.410	0.131	0.344	0.133	0.244	0.132	0.238	0.134	0.125	0.157	0.297	0.126	0.132	0.146	0.361	0.145	0.247	0.138	0.244	0.139	0.122	0.154	0.312	0.127	0.131	0.152	0.471	0.152	0.131	0.165	0.290	0.142	0.122	0.158	0.284	0.132	0.134	0.150	0.361	0.137	0.133	0.152	0.287	0.136	1.409	1.244	1.121	1.058	1.055	1.079	1.085	1.236	1.151	1.196	1.130	1.278
7:20:00	1.373	1.363	1.083	1.309	1.247	1.272	1.115	1.047	0.938	0.932	1.047	1.356	0.463	0.121	0.351	0.131	0.470	0.132	0.495	0.137	0.301	0.132	0.285	0.141	0.455	0.120	0.344	0.137	0.406	0.383	0.466	0.142	0.329	0.131	0.324	0.143	0.325	0.121	0.269	0.128	0.456	0.131	0.392	0.134	0.269	0.132	0.256	0.134	0.125	0.162	0.327	0.128	0.132	0.150	0.414	0.147	0.274	0.139	0.264	0.141	0.122	0.161	0.349	0.128	0.131	0.159	0.483	0.154	0.131	0.174	0.306	0.145	0.122	0.164	0.309	0.132	0.134	0.153	0.419	0.141	0.133	0.157	0.304	0.138	1.410	1.244	1.120	1.059	1.056	1.079	1.083	1.240	1.151	1.196	1.129	1.278
7:40:00	1.373	1.363	1.086	1.309	1.249	1.282	1.116	1.052	0.935	0.932	1.057	1.357	0.523	0.121	0.408	0.133	0.484	0.133	0.505	0.138	0.325	0.132	0.303	0.143	0.517	0.120	0.392	0.140	0.415	0.389	0.477	0.145	0.356	0.131	0.347	0.146	0.360	0.121	0.295	0.129	0.484	0.131	0.432	0.135	0.293	0.132	0.274	0.135	0.125	0.170	0.372	0.129	0.132	0.154	0.459	0.151	0.292	0.142	0.283	0.143	0.122	0.172	0.399	0.130	0.131	0.167	0.493	0.155	0.131	0.187	0.323	0.150	0.122	0.171	0.342	0.134	0.134	0.161	0.462	0.142	0.133	0.163	0.322	0.141	1.405	1.248	1.123	1.061	1.061	1.082	1.093	1.245	1.151	1.205	1.125	1.280
8:00:00	1.379	1.365	1.081	1.306	1.247	1.266	1.113	1.039	0.946	0.925	1.062	1.357	0.583	0.121	0.464	0.136	0.500	0.133	0.517	0.139	0.347	0.132	0.323	0.144	0.573	0.120	0.445	0.143	0.438	0.392	0.496	0.149	0.378	0.131	0.370	0.150	0.401	0.121	0.330	0.132	0.506	0.132	0.466	0.135	0.317	0.132	0.290	0.137	0.125	0.180	0.428	0.131	0.132	0.154	0.498	0.153	0.315	0.145	0.303	0.147	0.122	0.184	0.458	0.133	0.131	0.176	0.509	0.158	0.131	0.204	0.338	0.156	0.122	0.181	0.388	0.137	0.134	0.169	0.488	0.144	0.133	0.173	0.341	0.142	1.405	1.250	1.122	1.062	1.059	1.080	1.087	1.244	1.151	1.199	1.130	1.279
8:20:00	1.377	1.362	1.084	1.304	1.248	1.273	1.117	1.045	0.943	0.931	1.061	1.356	0.618	0.121	0.519	0.140	0.517	0.133	0.530	0.140	0.369	0.132	0.344	0.148	0.610	0.120	0.499	0.146	0.441	0.394	0.513	0.154	0.403	0.131	0.387	0.155	0.450	0.121	0.382	0.136	0.516	0.131	0.477	0.137	0.342	0.132	0.308	0.139	0.125	0.191	0.487	0.134	0.132	0.162	0.505	0.152	0.334	0.148	0.324	0.150	0.122	0.199	0.517	0.137	0.131	0.198	0.526	0.162	0.131	0.223	0.356	0.163	0.122	0.192	0.440	0.138	0.134	0.178	0.498	0.149	0.133	0.178	0.364	0.143	1.411	1.250	1.125	1.065	1.062	1.081	1.090	1.243	1.151	1.207	1.128	1.280
8:40:00	1.373	1.362	1.087	1.313	1.250	1.270	1.118	1.034	0.947	0.931	1.064	1.357	0.674	0.121	0.569	0.143	0.531	0.133	0.548	0.142	0.393	0.132	0.364	0.152	0.667	0.120	0.556	0.151	0.445	0.399	0.527	0.161	0.426	0.131	0.402	0.162	0.529	0.121	0.440	0.138	0.527	0.131	0.492	0.138	0.368	0.132	0.326	0.140	0.125	0.204	0.545	0.137	0.132	0.173	0.519	0.160	0.357	0.154	0.346	0.152	0.122	0.214	0.577	0.140	0.131	0.205	0.541	0.166	0.131	0.247	0.371	0.173	0.122	0.205	0.496	0.141	0.134	0.193	0.512	0.149	0.133	0.199	0.388	0.149	1.408	1.258	1.125	1.063	1.060	1.080	1.085	1.237	1.152	1.196	1.137	1.277
9:00:00	1.371	1.359	1.099	1.317	1.252	1.267	1.115	1.036	0.951	0.932	1.069	1.356	0.743	0.121	0.607	0.148	0.549	0.132	0.562	0.144	0.419	0.132	0.385	0.159	0.730	0.120	0.594	0.156	0.446	0.405	0.541	0.169	0.441	0.131	0.409	0.170	0.584	0.120	0.494	0.143	0.548	0.131	0.513	0.139	0.388	0.132	0.343	0.142	0.125	0.220	0.597	0.140	0.132	0.177	0.540	0.175	0.375	0.158	0.365	0.157	0.122	0.236	0.626	0.142	0.131	0.230	0.563	0.172	0.131	0.269	0.382	0.184	0.122	0.222	0.550	0.145	0.134	0.199	0.533	0.150	0.133	0.217	0.408	0.151	1.414	1.260	1.125	1.065	1.060	1.080	1.086	1.241	1.151	1.204	1.133	1.279
9:20:00	1.373	1.360	1.097	1.318	1.250	1.265	1.118	1.033	0.952	0.929	1.075	1.356	0.881	0.121	0.659	0.152	0.564	0.132	0.576	0.148	0.433	0.132	0.416	0.166	0.843	0.120	0.645	0.163	0.451	0.410	0.555	0.177	0.462	0.131	0.426	0.180	0.633	0.120	0.546	0.150	0.568	0.131	0.537	0.141	0.408	0.132	0.359	0.145	0.125	0.240	0.641	0.146	0.132	0.197	0.567	0.184	0.389	0.165	0.381	0.167	0.122	0.260	0.691	0.147	0.131	0.258	0.585	0.179	0.131	0.299	0.413	0.199	0.122	0.243	0.592	0.149	0.134	0.215	0.555	0.158	0.133	0.244	0.419	0.156	1.414	1.261	1.128	1.066	1.059	1.079	1.081	1.240	1.151	1.200	1.131	1.279
9:40:00	1.372	1.359	1.092	1.313	1.240	1.217	1.099	0.970	0.967	0.919	1.095	1.368	0.940	0.121	0.714	0.159	0.582	0.132	0.591	0.153	0.455	0.132	0.446	0.177	0.910	0.120	0.702	0.171	0.454	0.416	0.573	0.188	0.488	0.131	0.454	0.191	0.708	0.120	0.592	0.156	0.588	0.131	0.563	0.144	0.421	0.132	0.375	0.148	0.126	0.265	0.703	0.152	0.132	0.214	0.593	0.198	0.401	0.173	0.395	0.177	0.122	0.289	0.773	0.152	0.131	0.285	0.606	0.188	0.131	0.329	0.451	0.214	0.122	0.268	0.644	0.155	0.134	0.247	0.575	0.168	0.133	0.271	0.445	0.169	1.417	1.260	1.108	1.066	1.042	1.077	1.073	1.219	1.153	1.181	1.146	1.274
10:00:00	1.368	1.357	1.101	1.322	1.252	1.255	1.117	1.016	0.957	0.926	1.078	1.355	0.960	0.121	0.824	0.166	0.596	0.132	0.602	0.157	0.481	0.132	0.472	0.187	0.931	0.120	0.827	0.181	0.458	0.422	0.585	0.200	0.511	0.131	0.484	0.201	0.784	0.120	0.640	0.165	0.607	0.131	0.584	0.147	0.465	0.132	0.403	0.153	0.126	0.294	0.847	0.160	0.132	0.242	0.612	0.214	0.422	0.186	0.428	0.185	0.122	0.319	0.892	0.158	0.131	0.311	0.619	0.198	0.131	0.351	0.480	0.231	0.122	0.297	0.706	0.162	0.134	0.270	0.592	0.177	0.133	0.281	0.478	0.175	1.416	1.264	1.124	1.068	1.060	1.080	1.082	1.244	1.150	1.204	1.135	1.279
10:20:00	1.367	1.357	1.103	1.320	1.253	1.248	1.116	1.015	0.956	0.927	1.083	1.355	0.972	0.121	0.860	0.174	0.612	0.132	0.614	0.161	0.510	0.132	0.494	0.198	0.946	0.120	0.871	0.193	0.462	0.428	0.600	0.210	0.530	0.131	0.506	0.213	0.904	0.120	0.697	0.176	0.628	0.131	0.605	0.151	0.507	0.132	0.460	0.159	0.126	0.325	0.933	0.169	0.132	0.267	0.631	0.218	0.472	0.194	0.475	0.195	0.122	0.354	0.907	0.166	0.131	0.340	0.637	0.209	0.131	0.365	0.499	0.249	0.122	0.328	0.814	0.170	0.134	0.292	0.607	0.186	0.132	0.294	0.508	0.186	1.420	1.264	1.123	1.068	1.060	1.081	1.083	1.245	1.150	1.209	1.135	1.280
10:40:00	1.365	1.356	1.104	1.319	1.254	1.248	1.117	1.018	0.952	0.928	1.084	1.355	0.986	0.121	0.873	0.185	0.625	0.133	0.626	0.171	0.537	0.132	0.511	0.210	0.961	0.120	0.889	0.208	0.466	0.438	0.613	0.226	0.546	0.131	0.522	0.227	0.947	0.120	0.845	0.189	0.649	0.131	0.626	0.156	0.536	0.132	0.502	0.166	0.126	0.363	0.949	0.180	0.132	0.279	0.648	0.239	0.508	0.212	0.509	0.212	0.122	0.398	0.919	0.174	0.131	0.362	0.652	0.217	0.131	0.378	0.513	0.264	0.122	0.366	0.901	0.180	0.134	0.326	0.621	0.195	0.132	0.331	0.533	0.197	1.416	1.266	1.125	1.071	1.063	1.081	1.092	1.244	1.149	1.213	1.136	1.280
11:00:00	1.365	1.356	1.103	1.318	1.253	1.248	1.115	1.017	0.954	0.927	1.090	1.355	0.997	0.121	0.881	0.197	0.639	0.132	0.639	0.178	0.557	0.132	0.523	0.223	0.973	0.120	0.904	0.223	0.471	0.448	0.625	0.232	0.561	0.131	0.534	0.241	0.958	0.120	0.885	0.200	0.663	0.131	0.646	0.162	0.556	0.132	0.529	0.174	0.126	0.409	0.961	0.192	0.132	0.327	0.661	0.232	0.533	0.228	0.532	0.227	0.122	0.448	0.935	0.185	0.131	0.378	0.666	0.228	0.131	0.386	0.525	0.273	0.122	0.414	0.911	0.193	0.134	0.353	0.634	0.205	0.133	0.357	0.550	0.213	1.417	1.269	1.124	1.071	1.062	1.082	1.091	1.244	1.149	1.215	1.137	1.280
11:20:00	1.366	1.355	1.102	1.318	1.254	1.248	1.115	1.013	0.958	0.928	1.097	1.355	1.006	0.121	0.892	0.212	0.653	0.133	0.653	0.188	0.575	0.132	0.532	0.240	0.982	0.120	0.913	0.242	0.478	0.455	0.635	0.237	0.576	0.131	0.543	0.249	0.976	0.121	0.912	0.222	0.679	0.132	0.660	0.172	0.572	0.132	0.549	0.181	0.126	0.458	0.974	0.208	0.132	0.334	0.674	0.249	0.550	0.243	0.549	0.242	0.122	0.494	0.944	0.200	0.131	0.391	0.675	0.239	0.131	0.398	0.536	0.280	0.122	0.461	0.919	0.210	0.134	0.345	0.645	0.212	0.133	0.370	0.563	0.230	1.419	1.275	1.124	1.071	1.063	1.081	1.091	1.244	1.150	1.215	1.139	1.280
11:40:00	1.367	1.354	1.101	1.319	1.253	1.250	1.114	1.018	0.964	0.929	1.111	1.355	1.015	0.121	0.898	0.231	0.668	0.133	0.664	0.196	0.588	0.132	0.538	0.249	0.993	0.120	0.911	0.262	0.481	0.466	0.645	0.243	0.590	0.131	0.552	0.256	0.993	0.121	0.921	0.237	0.692	0.132	0.674	0.179	0.587	0.132	0.566	0.192	0.126	0.505	0.982	0.225	0.132	0.373	0.683	0.254	0.563	0.259	0.562	0.262	0.122	0.539	0.947	0.214	0.131	0.402	0.688	0.246	0.131	0.413	0.545	0.284	0.122	0.511	0.927	0.228	0.134	0.360	0.655	0.210	0.133	0.381	0.574	0.249	1.416	1.274	1.128	1.072	1.065	1.083	1.092	1.245	1.150	1.216	1.141	1.280
12:00:01	1.366	1.355	1.102	1.325	1.254	1.252	1.115	1.017	0.968	0.931	1.114	1.354	1.025	0.121	0.899	0.248	0.681	0.133	0.673	0.208	0.599	0.132	0.543	0.258	1.003	0.120	0.921	0.277	0.485	0.471	0.653	0.243	0.602	0.131	0.561	0.261	1.002	0.120	0.923	0.254	0.703	0.131	0.685	0.184	0.600	0.132	0.579	0.208	0.126	0.546	0.987	0.245	0.132	0.383	0.689	0.243	0.573	0.267	0.573	0.273	0.122	0.580	0.951	0.228	0.131	0.415	0.695	0.252	0.131	0.429	0.553	0.287	0.122	0.544	0.932	0.242	0.134	0.419	0.664	0.214	0.133	0.383	0.582	0.259	1.416	1.274	1.129	1.072	1.066	1.083	1.090	1.245	1.150	1.219	1.142	1.280
12:20:00	1.366	1.354	1.104	1.326	1.254	1.252	1.116	1.016	0.968	0.933	1.118	1.355	1.035	0.121	0.905	0.270	0.693	0.133	0.681	0.216	0.610	0.132	0.544	0.260	1.012	0.120	0.928	0.292	0.489	0.477	0.661	0.243	0.615	0.131	0.568	0.263	1.009	0.120	0.929	0.272	0.718	0.131	0.698	0.201	0.612	0.132	0.592	0.221	0.126	0.589	0.996	0.254	0.132	0.401	0.697	0.254	0.582	0.276	0.582	0.282	0.122	0.626	0.959	0.240	0.131	0.434	0.703	0.256	0.131	0.447	0.559	0.290	0.122	0.588	0.940	0.260	0.134	0.418	0.671	0.224	0.132	0.391	0.589	0.265	1.415	1.276	1.131	1.077	1.066	1.084	1.090	1.245	1.151	1.218	1.143	1.280
12:40:01	1.366	1.355	1.103	1.325	1.254	1.249	1.114	1.016	0.968	0.930	1.121	1.356	1.044	0.121	0.908	0.287	0.705	0.132	0.686	0.216	0.620	0.132	0.542	0.266	1.020	0.120	0.930	0.288	0.494	0.489	0.667	0.248	0.626	0.131	0.574	0.266	1.020	0.120	0.936	0.290	0.733	0.131	0.709	0.213	0.624	0.132	0.603	0.223	0.126	0.631	1.001	0.276	0.132	0.396	0.704	0.271	0.590	0.279	0.589	0.284	0.122	0.674	0.967	0.253	0.131	0.459	0.710	0.257	0.131	0.464	0.564	0.292	0.122	0.625	0.946	0.284	0.134	0.407	0.679	0.229	0.132	0.413	0.595	0.276	1.418	1.282	1.129	1.080	1.065	1.083	1.087	1.245	1.150	1.218	1.145	1.280
13:00:01	1.366	1.355	1.102	1.323	1.254	1.247	1.114	1.017	0.968	0.931	1.119	1.355	1.055	0.121	0.910	0.305	0.716	0.132	0.692	0.216	0.629	0.132	0.543	0.271	1.029	0.120	0.930	0.307	0.498	0.489	0.674	0.254	0.637	0.131	0.579	0.268	1.030	0.120	0.940	0.313	0.745	0.131	0.719	0.212	0.635	0.132	0.613	0.239	0.126	0.711	1.004	0.282	0.132	0.403	0.710	0.254	0.597	0.283	0.596	0.287	0.122	0.765	0.972	0.279	0.131	0.481	0.716	0.264	0.131	0.480	0.570	0.293	0.122	0.669	0.951	0.293	0.134	0.426	0.688	0.251	0.132	0.437	0.600	0.278	1.417	1.285	1.130	1.082	1.066	1.084	1.091	1.245	1.150	1.219	1.147	1.280
13:20:01	1.366	1.355	1.103	1.325	1.254	1.246	1.120	1.019	0.969	0.933	1.121	1.355	1.063	0.121	0.911	0.322	0.726	0.132	0.697	0.227	0.638	0.132	0.548	0.270	1.041	0.120	0.932	0.326	0.502	0.498	0.680	0.259	0.649	0.131	0.585	0.269	1.039	0.120	0.935	0.341	0.758	0.131	0.729	0.221	0.648	0.132	0.622	0.240	0.126	0.791	1.004	0.290	0.132	0.463	0.716	0.259	0.603	0.283	0.603	0.291	0.122	0.809	0.979	0.297	0.131	0.502	0.722	0.260	0.131	0.496	0.576	0.295	0.122	0.745	0.955	0.298	0.134	0.444	0.696	0.246	0.132	0.462	0.604	0.280	1.416	1.284	1.133	1.090	1.068	1.084	1.091	1.247	1.150	1.222	1.149	1.280
13:40:01	1.366	1.356	1.101	1.331	1.254	1.246	1.120	1.022	0.968	0.934	1.127	1.356	1.073	0.121	0.912	0.326	0.735	0.132	0.701	0.225	0.647	0.132	0.554	0.273	1.050	0.120	0.937	0.331	0.505	0.500	0.686	0.251	0.660	0.131	0.591	0.270	1.045	0.120	0.934	0.353	0.770	0.131	0.736	0.220	0.659	0.132	0.631	0.259	0.126	0.821	1.004	0.304	0.132	0.465	0.721	0.297	0.609	0.295	0.609	0.287	0.122	0.825	0.975	0.310	0.131	0.518	0.728	0.262	0.131	0.510	0.581	0.297	0.122	0.772	0.955	0.316	0.134	0.467	0.703	0.257	0.133	0.478	0.610	0.283	1.417	1.286	1.133	1.091	1.069	1.085	1.090	1.248	1.149	1.223	1.150	1.280
14:00:01	1.365	1.355	1.103	1.333	1.255	1.247	1.119	1.024	0.969	0.935	1.137	1.354	1.081	0.121	0.915	0.325	0.744	0.132	0.707	0.225	0.656	0.132	0.561	0.273	1.058	0.120	0.940	0.340	0.508	0.505	0.692	0.264	0.672	0.131	0.598	0.270	1.054	0.120	0.937	0.360	0.782	0.131	0.745	0.221	0.670	0.132	0.639	0.252	0.126	0.839	1.008	0.315	0.132	0.491	0.727	0.293	0.615	0.301	0.615	0.294	0.122	0.840	0.977	0.313	0.131	0.533	0.735	0.266	0.131	0.520	0.588	0.299	0.122	0.786	0.956	0.321	0.134	0.486	0.710	0.262	0.132	0.491	0.618	0.285	1.417	1.287	1.133	1.091	1.069	1.085	1.092	1.248	1.149	1.224	1.152	1.280
14:20:01	1.365	1.355	1.104	1.337	1.255	1.246	1.120	1.025	0.971	0.936	1.146	1.354	1.089	0.121	0.919	0.320	0.750	0.132	0.710	0.226	0.664	0.132	0.566	0.276	1.066	0.120	0.941	0.351	0.510	0.509	0.697	0.260	0.683	0.131	0.605	0.272	1.065	0.120	0.940	0.374	0.790	0.131	0.751	0.230	0.681	0.132	0.646	0.267	0.126	0.854	1.011	0.323	0.132	0.504	0.733	0.267	0.621	0.303	0.621	0.293	0.122	0.853	0.979	0.313	0.131	0.546	0.739	0.277	0.131	0.536	0.595	0.301	0.122	0.803	0.957	0.320	0.134	0.505	0.715	0.255	0.132	0.503	0.629	0.284	1.417	1.292	1.132	1.094	1.070	1.085	1.089	1.248	1.150	1.225	1.152	1.280
14:40:01	1.365	1.355	1.103	1.335	1.256	1.244	1.118	1.027	0.972	0.936	1.157	1.354	1.098	0.121	0.920	0.316	0.756	0.132	0.713	0.233	0.672	0.132	0.571	0.280	1.073	0.120	0.944	0.366	0.513	0.511	0.703	0.263	0.695	0.131	0.612	0.273	1.075	0.120	0.943	0.385	0.799	0.131	0.758	0.231	0.693	0.132	0.653	0.264	0.126	0.869	1.009	0.331	0.132	0.530	0.740	0.265	0.627	0.306	0.628	0.292	0.122	0.867	0.979	0.311	0.131	0.558	0.743	0.275	0.131	0.549	0.601	0.303	0.122	0.818	0.957	0.316	0.134	0.521	0.719	0.267	0.132	0.517	0.644	0.289	1.418	1.295	1.132	1.095	1.069	1.086	1.090	1.248	1.150	1.227	1.153	1.280
15:00:01	1.364	1.354	1.111	1.328	1.245	1.186	1.103	0.970	1.023	0.925	1.185	1.366	1.107	0.121	0.918	0.314	0.763	0.132	0.716	0.235	0.683	0.132	0.578	0.281	1.082	0.120	0.948	0.377	0.515	0.512	0.713	0.266	0.706	0.131	0.615	0.275	1.088	0.120	0.944	0.395	0.806	0.131	0.766	0.230	0.704	0.132	0.659	0.266	0.126	0.884	1.010	0.339	0.132	0.540	0.746	0.269	0.635	0.308	0.632	0.300	0.122	0.881	0.981	0.309	0.131	0.567	0.749	0.271	0.131	0.561	0.607	0.303	0.122	0.832	0.960	0.314	0.133	0.535	0.723	0.258	0.133	0.524	0.653	0.288	1.420	1.295	1.125	1.095	1.057	1.087	1.085	1.231	1.153	1.209	1.167	1.275
15:20:01	1.365	1.355	1.103	1.334	1.258	1.244	1.118	1.027	0.976	0.935	1.185	1.354	1.114	0.121	0.916	0.314	0.766	0.132	0.717	0.228	0.690	0.132	0.583	0.283	1.088	0.120	0.943	0.384	0.519	0.515	0.720	0.266	0.717	0.131	0.628	0.275	1.095	0.120	0.939	0.403	0.809	0.131	0.774	0.232	0.714	0.132	0.668	0.266	0.126	0.891	1.006	0.348	0.132	0.544	0.753	0.284	0.642	0.309	0.642	0.300	0.122	0.891	0.978	0.308	0.131	0.577	0.754	0.273	0.131	0.576	0.621	0.305	0.122	0.841	0.958	0.312	0.133	0.548	0.728	0.259	0.132	0.536	0.664	0.291	1.417	1.296	1.133	1.096	1.071	1.087	1.093	1.249	1.150	1.228	1.157	1.280
15:40:01	1.365	1.355	1.102	1.335	1.258	1.245	1.117	1.024	0.975	0.937	1.190	1.354	1.121	0.121	0.918	0.314	0.770	0.132	0.720	0.237	0.699	0.132	0.589	0.284	1.096	0.120	0.944	0.390	0.522	0.517	0.730	0.275	0.728	0.131	0.637	0.274	1.105	0.120	0.939	0.410	0.817	0.131	0.781	0.227	0.725	0.132	0.675	0.261	0.126	0.901	1.007	0.355	0.132	0.557	0.759	0.286	0.649	0.313	0.648	0.300	0.122	0.904	0.978	0.309	0.131	0.586	0.763	0.287	0.131	0.590	0.627	0.306	0.122	0.853	0.959	0.312	0.134	0.560	0.734	0.264	0.132	0.546	0.671	0.290	1.417	1.297	1.135	1.099	1.072	1.088	1.092	1.250	1.151	1.229	1.159	1.280
16:00:01	1.366	1.355	1.102	1.334	1.258	1.243	1.115	1.025	0.974	0.939	1.202	1.355	1.128	0.121	0.919	0.315	0.775	0.132	0.724	0.231	0.708	0.132	0.594	0.287	1.102	0.120	0.946	0.393	0.526	0.518	0.737	0.271	0.741	0.131	0.646	0.275	1.114	0.120	0.939	0.416	0.828	0.131	0.785	0.231	0.736	0.132	0.681	0.263	0.126	0.913	1.008	0.361	0.132	0.569	0.766	0.278	0.655	0.314	0.655	0.301	0.122	0.915	0.979	0.310	0.131	0.598	0.771	0.289	0.131	0.600	0.637	0.307	0.122	0.865	0.961	0.312	0.134	0.569	0.742	0.267	0.132	0.555	0.675	0.296	1.417	1.300	1.135	1.105	1.072	1.086	1.095	1.250	1.151	1.230	1.161	1.280
16:20:01	1.364	1.354	1.104	1.349	1.259	1.245	1.121	1.026	0.977	0.939	1.197	1.354	1.137	0.121	0.920	0.317	0.779	0.132	0.729	0.227	0.718	0.132	0.602	0.288	1.106	0.120	0.948	0.396	0.529	0.520	0.743	0.274	0.753	0.131	0.655	0.278	1.122	0.120	0.939	0.422	0.836	0.131	0.789	0.236	0.746	0.132	0.688	0.262	0.126	0.926	1.010	0.365	0.132	0.576	0.772	0.305	0.662	0.316	0.662	0.300	0.122	0.925	0.982	0.313	0.131	0.608	0.780	0.292	0.131	0.611	0.645	0.308	0.122	0.878	0.962	0.312	0.134	0.579	0.749	0.253	0.132	0.566	0.685	0.297	1.416	1.303	1.137	1.109	1.072	1.085	1.093	1.250	1.151	1.232	1.162	1.280
16:40:01	1.364	1.353	1.106	1.352	1.260	1.244	1.121	1.032	0.978	0.939	1.211	1.354	1.144	0.121	0.923	0.318	0.784	0.132	0.734	0.239	0.729	0.132	0.610	0.289	1.113	0.120	0.950	0.398	0.532	0.521	0.749	0.266	0.765	0.131	0.663	0.277	1.130	0.120	0.942	0.427	0.842	0.131	0.795	0.232	0.757	0.132	0.697	0.265	0.126	0.936	1.012	0.368	0.132	0.586	0.777	0.287	0.670	0.316	0.670	0.297	0.122	0.935	0.984	0.316	0.131	0.618	0.788	0.294	0.131	0.618	0.653	0.310	0.122	0.891	0.963	0.312	0.134	0.589	0.755	0.263	0.132	0.576	0.694	0.295	1.417	1.311	1.135	1.118	1.071	1.084	1.095	1.253	1.151	1.235	1.161	1.280
17:00:01	1.364	1.354	1.104	1.351	1.262	1.244	1.119	1.029	0.981	0.939	1.224	1.354	1.150	0.121	0.924	0.320	0.788	0.132	0.740	0.240	0.739	0.132	0.621	0.290	1.118	0.120	0.953	0.400	0.534	0.523	0.754	0.273	0.775	0.131	0.672	0.280	1.137	0.120	0.943	0.430	0.848	0.131	0.800	0.234	0.767	0.132	0.708	0.273	0.126	0.947	1.013	0.370	0.132	0.599	0.781	0.291	0.679	0.319	0.680	0.305	0.122	0.946	0.986	0.318	0.131	0.626	0.796	0.295	0.131	0.626	0.661	0.312	0.122	0.902	0.965	0.313	0.134	0.599	0.762	0.262	0.132	0.585	0.703	0.298	1.418	1.316	1.135	1.122	1.072	1.085	1.096	1.254	1.151	1.237	1.164	1.280
17:20:01	1.365	1.354	1.104	1.348	1.264	1.244	1.121	1.029	0.983	0.938	1.239	1.354	1.158	0.121	0.925	0.322	0.792	0.132	0.746	0.236	0.748	0.132	0.631	0.292	1.123	0.120	0.956	0.401	0.536	0.522	0.760	0.278	0.785	0.131	0.680	0.281	1.143	0.120	0.945	0.432	0.854	0.131	0.804	0.237	0.779	0.132	0.716	0.267	0.126	0.959	1.014	0.371	0.132	0.602	0.785	0.293	0.688	0.320	0.687	0.304	0.122	0.957	0.987	0.320	0.131	0.634	0.803	0.298	0.131	0.634	0.667	0.315	0.122	0.915	0.966	0.313	0.134	0.609	0.768	0.268	0.133	0.595	0.712	0.296	1.417	1.316	1.136	1.124	1.072	1.085	1.096	1.254	1.151	1.237	1.168	1.280
17:40:01	1.365	1.355	1.103	1.353	1.265	1.248	1.123	1.029	0.984	0.941	1.244	1.354	1.164	0.121	0.925	0.324	0.796	0.132	0.752	0.239	0.755	0.132	0.642	0.292	1.128	0.120	0.957	0.403	0.539	0.523	0.765	0.289	0.792	0.131	0.688	0.283	1.149	0.120	0.947	0.435	0.859	0.131	0.810	0.239	0.789	0.132	0.723	0.279	0.126	0.969	1.016	0.372	0.132	0.614	0.790	0.294	0.698	0.322	0.697	0.307	0.122	0.967	0.989	0.322	0.131	0.639	0.809	0.301	0.131	0.641	0.674	0.318	0.122	0.925	0.967	0.313	0.134	0.618	0.775	0.264	0.132	0.603	0.719	0.301	1.417	1.318	1.138	1.130	1.071	1.086	1.095	1.254	1.151	1.240	1.169	1.280
18:00:01	1.366	1.356	1.102	1.353	1.267	1.247	1.123	1.028	0.988	0.944	1.256	1.354	1.169	0.121	0.926	0.326	0.800	0.132	0.757	0.238	0.762	0.132	0.651	0.294	1.132	0.120	0.959	0.404	0.540	0.523	0.770	0.287	0.800	0.131	0.697	0.284	1.155	0.120	0.948	0.437	0.865	0.131	0.815	0.239	0.798	0.132	0.730	0.274	0.126	0.979	1.017	0.373	0.132	0.623	0.796	0.294	0.707	0.323	0.706	0.308	0.122	0.979	0.991	0.323	0.131	0.645	0.815	0.303	0.131	0.648	0.681	0.319	0.122	0.937	0.969	0.313	0.133	0.626	0.781	0.274	0.132	0.611	0.727	0.300	1.417	1.320	1.138	1.138	1.071	1.087	1.095	1.256	1.151	1.243	1.171	1.280
18:20:01	1.365	1.354	1.105	1.355	1.269	1.248	1.124	1.029	0.992	0.945	1.264	1.354	1.175	0.121	0.927	0.329	0.804	0.132	0.762	0.239	0.770	0.132	0.659	0.295	1.136	0.120	0.961	0.406	0.542	0.524	0.776	0.281	0.807	0.131	0.704	0.286	1.160	0.120	0.950	0.439	0.871	0.131	0.820	0.238	0.807	0.132	0.737	0.275	0.126	0.990	1.019	0.374	0.132	0.634	0.802	0.297	0.714	0.325	0.714	0.311	0.122	0.989	0.993	0.323	0.131	0.650	0.821	0.305	0.131	0.655	0.688	0.323	0.122	0.947	0.970	0.314	0.133	0.633	0.786	0.272	0.133	0.619	0.734	0.302	1.415	1.322	1.141	1.141	1.073	1.087	1.095	1.256	1.152	1.245	1.174	1.280
18:40:01	1.365	1.354	1.105	1.371	1.270	1.246	1.124	1.032	0.996	0.946	1.274	1.354	1.181	0.121	0.928	0.332	0.807	0.132	0.765	0.237	0.777	0.132	0.667	0.298	1.140	0.120	0.963	0.407	0.543	0.525	0.782	0.283	0.814	0.131	0.712	0.289	1.164	0.120	0.952	0.441	0.875	0.131	0.824	0.243	0.814	0.132	0.744	0.283	0.126	0.999	1.020	0.375	0.132	0.643	0.809	0.294	0.721	0.327	0.721	0.313	0.122	0.999	0.995	0.325	0.131	0.656	0.827	0.307	0.131	0.661	0.694	0.327	0.122	0.959	0.971	0.317	0.133	0.640	0.791	0.277	0.132	0.625	0.741	0.307	1.417	1.325	1.141	1.145	1.072	1.088	1.093	1.257	1.153	1.247	1.176	1.280
19:00:01	1.365	1.354	1.104	1.377	1.270	1.243	1.123	1.028	1.001	0.944	1.325	1.353	1.185	0.121	0.928	0.336	0.810	0.132	0.768	0.242	0.783	0.132	0.673	0.300	1.143	0.120	0.964	0.409	0.544	0.525	0.788	0.282	0.822	0.131	0.719	0.289	1.168	0.120	0.953	0.442	0.881	0.131	0.829	0.240	0.821	0.132	0.748	0.281	0.126	1.008	1.021	0.377	0.132	0.652	0.814	0.290	0.727	0.330	0.728	0.314	0.122	1.008	0.996	0.327	0.131	0.662	0.832	0.310	0.131	0.667	0.701	0.331	0.123	0.970	0.972	0.319	0.133	0.646	0.795	0.279	0.133	0.629	0.746	0.304	1.417	1.327	1.141	1.149	1.072	1.088	1.093	1.259	1.153	1.249	1.177	1.281
19:20:01	1.365	1.354	1.104	1.377	1.270	1.244	1.122	1.028	1.004	0.944	1.331	1.354	1.191	0.121	0.930	0.341	0.814	0.132	0.772	0.237	0.791	0.132	0.680	0.303	1.147	0.120	0.967	0.412	0.546	0.526	0.795	0.286	0.829	0.131	0.726	0.293	1.168	0.120	0.955	0.444	0.886	0.131	0.833	0.244	0.828	0.132	0.754	0.289	0.126	1.017	1.022	0.379	0.132	0.661	0.820	0.297	0.732	0.332	0.733	0.317	0.122	1.016	0.998	0.331	0.131	0.668	0.838	0.311	0.131	0.672	0.707	0.337	0.122	0.980	0.974	0.323	0.133	0.653	0.800	0.279	0.133	0.634	0.751	0.310	1.416	1.329	1.141	1.155	1.073	1.088	1.096	1.260	1.153	1.250	1.178	1.280
19:40:01	1.365	1.354	1.105	1.377	1.272	1.244	1.124	1.028	1.006	0.946	1.338	1.353	1.195	0.121	0.931	0.345	0.818	0.132	0.774	0.242	0.797	0.132	0.688	0.307	1.150	0.120	0.969	0.415	0.547	0.527	0.801	0.289	0.836	0.131	0.733	0.295	1.172	0.120	0.956	0.446	0.891	0.131	0.837	0.239	0.835	0.132	0.759	0.292	0.126	1.026	1.023	0.381	0.132	0.670	0.825	0.306	0.738	0.334	0.739	0.320	0.123	1.023	0.999	0.334	0.131	0.676	0.843	0.314	0.131	0.678	0.713	0.341	0.122	0.989	0.975	0.327	0.133	0.659	0.803	0.282	0.133	0.638	0.756	0.311	1.417	1.332	1.141	1.158	1.075	1.089	1.103	1.260	1.155	1.252	1.180	1.280
20:00:01	1.366	1.355	1.103	1.377	1.279	1.244	1.127	1.025	1.012	0.946	1.342	1.354	1.200	0.121	0.933	0.350	0.822	0.132	0.778	0.244	0.804	0.132	0.695	0.309	1.154	0.120	0.971	0.417	0.548	0.528	0.808	0.289	0.843	0.131	0.740	0.297	1.174	0.120	0.958	0.448	0.896	0.131	0.843	0.240	0.843	0.132	0.766	0.296	0.126	1.034	1.026	0.384	0.132	0.680	0.830	0.306	0.745	0.337	0.745	0.321	0.123	1.030	1.001	0.339	0.131	0.685	0.848	0.317	0.131	0.684	0.720	0.345	0.122	0.998	0.977	0.333	0.133	0.664	0.807	0.287	0.133	0.643	0.761	0.314	1.416	1.334	1.142	1.159	1.077	1.090	1.104	1.261	1.156	1.253	1.181	1.280
20:20:01	1.366	1.352	1.104	1.377	1.283	1.245	1.126	1.026	1.013	0.949	1.345	1.355	1.202	0.121	0.936	0.355	0.827	0.132	0.781	0.246	0.812	0.132	0.702	0.313	1.158	0.120	0.974	0.420	0.550	0.530	0.814	0.291	0.849	0.131	0.746	0.300	1.175	0.120	0.961	0.449	0.900	0.131	0.849	0.253	0.850	0.132	0.773	0.293	0.126	1.041	1.028	0.387	0.132	0.690	0.836	0.306	0.753	0.340	0.751	0.325	0.123	1.038	1.003	0.343	0.131	0.690	0.853	0.319	0.132	0.688	0.724	0.349	0.123	1.006	0.979	0.340	0.134	0.670	0.811	0.286	0.133	0.647	0.767	0.316	1.415	1.335	1.143	1.161	1.079	1.092	1.104	1.263	1.156	1.256	1.182	1.280
20:40:01	1.365	1.351	1.106	1.377	1.284	1.248	1.125	1.028	1.019	0.949	1.352	1.355	1.206	0.121	0.937	0.359	0.831	0.132	0.784	0.247	0.819	0.132	0.708	0.314	1.161	0.120	0.976	0.423	0.553	0.532	0.817	0.293	0.855	0.131	0.752	0.302	1.177	0.120	0.962	0.450	0.905	0.131	0.853	0.248	0.857	0.132	0.779	0.300	0.126	1.047	1.030	0.391	0.132	0.698	0.841	0.309	0.760	0.340	0.757	0.327	0.123	1.044	1.005	0.348	0.131	0.693	0.858	0.321	0.131	0.693	0.729	0.355	0.123	1.012	0.982	0.348	0.134	0.673	0.815	0.292	0.133	0.651	0.771	0.318	1.416	1.335	1.143	1.161	1.079	1.092	1.104	1.264	1.158	1.255	1.184	1.280
21:00:01	1.366	1.352	1.103	1.378	1.283	1.248	1.125	1.025	1.025	0.949	1.354	1.354	1.209	0.121	0.939	0.363	0.835	0.132	0.787	0.243	0.826	0.132	0.714	0.317	1.165	0.120	0.978	0.426	0.554	0.535	0.819	0.296	0.861	0.131	0.758	0.304	1.180	0.120	0.964	0.452	0.911	0.131	0.857	0.256	0.863	0.132	0.785	0.302	0.126	1.053	1.032	0.394	0.132	0.704	0.845	0.315	0.767	0.345	0.763	0.332	0.123	1.051	1.006	0.353	0.131	0.699	0.863	0.324	0.131	0.698	0.734	0.361	0.123	1.021	0.983	0.356	0.134	0.677	0.819	0.293	0.133	0.655	0.776	0.321	1.417	1.337	1.144	1.161	1.079	1.093	1.102	1.265	1.157	1.257	1.186	1.281
21:20:01	1.366	1.352	1.103	1.395	1.283	1.249	1.125	1.027	1.027	0.953	1.352	1.355	1.212	0.121	0.940	0.366	0.839	0.132	0.789	0.252	0.833	0.132	0.719	0.322	1.168	0.120	0.980	0.430	0.557	0.538	0.823	0.299	0.866	0.131	0.764	0.307	1.184	0.120	0.965	0.453	0.916	0.131	0.862	0.250	0.868	0.132	0.790	0.304	0.126	1.059	1.034	0.397	0.132	0.711	0.850	0.318	0.773	0.345	0.769	0.335	0.123	1.056	1.007	0.358	0.131	0.702	0.867	0.325	0.131	0.703	0.738	0.366	0.123	1.028	0.985	0.366	0.134	0.681	0.824	0.294	0.133	0.660	0.780	0.322	1.415	1.336	1.145	1.163	1.081	1.096	1.102	1.267	1.158	1.258	1.187	1.280
21:40:01	1.367	1.353	1.103	1.396	1.283	1.249	1.127	1.029	1.036	0.959	1.350	1.355	1.218	0.121	0.942	0.369	0.843	0.132	0.792	0.248	0.839	0.132	0.724	0.324	1.171	0.120	0.982	0.432	0.559	0.540	0.828	0.302	0.871	0.131	0.769	0.309	1.190	0.120	0.967	0.454	0.921	0.131	0.866	0.260	0.873	0.132	0.796	0.299	0.126	1.064	1.036	0.401	0.132	0.716	0.854	0.312	0.780	0.347	0.775	0.339	0.123	1.061	1.009	0.362	0.131	0.705	0.871	0.327	0.132	0.707	0.744	0.370	0.123	1.033	0.987	0.374	0.134	0.684	0.829	0.299	0.133	0.664	0.784	0.323	1.415	1.335	1.146	1.167	1.081	1.098	1.101	1.269	1.158	1.258	1.188	1.280
22:00:01	1.367	1.352	1.102	1.397	1.286	1.250	1.128	1.031	1.036	0.959	1.352	1.354	1.222	0.121	0.943	0.373	0.847	0.132	0.794	0.254	0.844	0.132	0.729	0.325	1.174	0.120	0.984	0.435	0.562	0.544	0.832	0.302	0.875	0.131	0.774	0.310	1.193	0.120	0.968	0.456	0.925	0.131	0.869	0.257	0.878	0.132	0.800	0.310	0.126	1.069	1.038	0.404	0.132	0.721	0.858	0.322	0.786	0.348	0.780	0.342	0.123	1.066	1.010	0.367	0.131	0.710	0.875	0.328	0.132	0.712	0.749	0.375	0.123	1.038	0.988	0.382	0.134	0.688	0.833	0.301	0.133	0.669	0.788	0.326	1.415	1.335	1.146	1.171	1.083	1.103	1.103	1.269	1.158	1.258	1.188	1.280
22:20:01	1.366	1.354	1.102	1.397	1.287	1.249	1.131	1.028	1.034	0.960	1.353	1.355	1.226	0.121	0.945	0.376	0.851	0.132	0.797	0.254	0.849	0.132	0.733	0.326	1.177	0.120	0.986	0.438	0.566	0.548	0.836	0.305	0.879	0.131	0.780	0.312	1.195	0.120	0.970	0.458	0.930	0.131	0.874	0.261	0.883	0.132	0.806	0.308	0.126	1.073	1.039	0.407	0.132	0.727	0.863	0.318	0.792	0.350	0.785	0.345	0.123	1.070	1.011	0.371	0.131	0.714	0.879	0.329	0.132	0.716	0.754	0.380	0.123	1.043	0.990	0.389	0.134	0.693	0.837	0.300	0.133	0.674	0.792	0.328	1.415	1.335	1.147	1.180	1.084	1.105	1.101	1.270	1.159	1.260	1.188	1.280
22:40:01	1.366	1.354	1.103	1.394	1.289	1.248	1.131	1.032	1.035	0.962	1.355	1.354	1.230	0.121	0.947	0.380	0.854	0.132	0.799	0.257	0.853	0.132	0.737	0.328	1.179	0.120	0.988	0.440	0.569	0.551	0.840	0.307	0.883	0.131	0.784	0.314	1.199	0.120	0.972	0.460	0.934	0.131	0.878	0.257	0.888	0.132	0.809	0.309	0.126	1.077	1.040	0.410	0.132	0.733	0.866	0.323	0.798	0.352	0.789	0.349	0.123	1.074	1.012	0.374	0.131	0.718	0.883	0.330	0.131	0.721	0.758	0.387	0.123	1.046	0.992	0.395	0.134	0.697	0.841	0.301	0.133	0.678	0.795	0.328	1.415	1.337	1.146	1.184	1.083	1.105	1.098	1.271	1.160	1.261	1.189	1.280
23:00:01	1.366	1.354	1.102	1.394	1.295	1.250	1.134	1.031	1.037	0.961	1.360	1.353	1.235	0.121	0.949	0.382	0.858	0.132	0.801	0.259	0.857	0.132	0.742	0.330	1.183	0.120	0.990	0.443	0.573	0.556	0.844	0.306	0.887	0.131	0.788	0.315	1.201	0.120	0.973	0.463	0.939	0.131	0.882	0.263	0.892	0.132	0.814	0.317	0.126	1.081	1.042	0.414	0.132	0.738	0.871	0.328	0.804	0.355	0.795	0.353	0.123	1.079	1.014	0.378	0.131	0.724	0.887	0.332	0.131	0.725	0.761	0.390	0.123	1.052	0.994	0.399	0.134	0.702	0.845	0.303	0.133	0.682	0.799	0.331	1.415	1.335	1.147	1.185	1.082	1.105	1.099	1.271	1.162	1.260	1.190	1.280
23:20:01	1.364	1.353	1.111	1.390	1.281	1.188	1.120	0.972	1.097	0.950	1.389	1.367	1.239	0.121	0.955	0.389	0.862	0.132	0.804	0.257	0.862	0.132	0.745	0.332	1.186	0.120	0.995	0.450	0.582	0.563	0.849	0.309	0.890	0.131	0.789	0.317	1.200	0.120	0.979	0.469	0.944	0.131	0.885	0.266	0.898	0.132	0.816	0.318	0.126	1.087	1.046	0.421	0.132	0.743	0.875	0.327	0.809	0.357	0.796	0.352	0.123	1.085	1.018	0.386	0.131	0.729	0.891	0.331	0.131	0.730	0.762	0.387	0.123	1.057	0.999	0.406	0.133	0.706	0.849	0.305	0.133	0.685	0.801	0.332	1.419	1.334	1.141	1.188	1.069	1.106	1.089	1.251	1.164	1.240	1.202	1.275
23:40:01	1.365	1.354	1.110	1.389	1.282	1.190	1.121	0.970	1.106	0.951	1.394	1.367	1.242	0.121	0.957	0.390	0.867	0.132	0.806	0.259	0.866	0.132	0.749	0.334	1.188	0.120	0.997	0.453	0.587	0.569	0.854	0.313	0.894	0.131	0.794	0.319	1.204	0.120	0.981	0.470	0.948	0.131	0.889	0.267	0.902	0.132	0.820	0.321	0.126	1.091	1.048	0.424	0.132	0.747	0.879	0.327	0.815	0.359	0.802	0.355	0.123	1.089	1.020	0.389	0.131	0.734	0.894	0.332	0.131	0.735	0.765	0.392	0.123	1.060	1.001	0.410	0.133	0.711	0.851	0.306	0.133	0.689	0.804	0.333	1.418	1.333	1.141	1.191	1.071	1.107	1.089	1.252	1.165	1.241	1.204	1.275
24:00:01	1.366	1.353	1.102	1.400	1.290	1.247	1.137	1.030	1.050	0.963	1.367	1.354	1.245	0.121	0.956	0.387	0.869	0.132	0.807	0.259	0.870	0.132	0.754	0.336	1.190	0.120	0.997	0.454	0.588	0.573	0.857	0.313	0.898	0.131	0.801	0.322	1.207	0.120	0.978	0.471	0.952	0.131	0.894	0.267	0.905	0.132	0.825	0.328	0.126	1.091	1.046	0.425	0.132	0.753	0.883	0.329	0.820	0.360	0.810	0.362	0.123	1.090	1.018	0.387	0.131	0.739	0.897	0.333	0.131	0.739	0.770	0.404	0.123	1.064	1.001	0.411	0.134	0.717	0.853	0.307	0.133	0.696	0.807	0.336	1.413	1.335	1.147	1.197	1.086	1.109	1.100	1.272	1.161	1.262	1.191	1.280
24:20:01	1.365	1.354	1.103	1.406	1.292	1.248	1.139	1.030	1.058	0.965	1.367	1.353	1.249	0.121	0.958	0.388	0.874	0.132	0.809	0.258	0.874	0.132	0.758	0.339	1.193	0.120	0.998	0.457	0.593	0.578	0.861	0.311	0.902	0.131	0.806	0.323	1.210	0.120	0.979	0.474	0.957	0.131	0.897	0.271	0.909	0.132	0.829	0.329	0.126	1.094	1.048	0.428	0.132	0.757	0.887	0.330	0.824	0.362	0.815	0.365	0.123	1.094	1.019	0.390	0.131	0.742	0.900	0.334	0.132	0.743	0.773	0.408	0.123	1.067	1.003	0.413	0.134	0.723	0.855	0.307	0.133	0.700	0.811	0.337	1.415	1.339	1.147	1.200	1.086	1.109	1.099	1.273	1.161	1.263	1.192	1.280
24:40:01	1.366	1.351	1.103	1.410	1.294	1.247	1.140	1.028	1.068	0.963	1.374	1.355	1.252	0.121	0.961	0.393	0.879	0.133	0.812	0.259	0.878	0.132	0.764	0.342	1.196	0.120	1.001	0.461	0.599	0.586	0.865	0.311	0.906	0.131	0.811	0.325	1.212	0.121	0.982	0.477	0.962	0.132	0.901	0.269	0.914	0.133	0.833	0.331	0.126	1.098	1.050	0.433	0.133	0.763	0.891	0.331	0.830	0.363	0.820	0.368	0.123	1.097	1.021	0.394	0.131	0.747	0.904	0.335	0.132	0.748	0.777	0.413	0.123	1.071	1.006	0.416	0.134	0.729	0.858	0.308	0.133	0.705	0.815	0.338	1.416	1.343	1.147	1.202	1.086	1.111	1.099	1.273	1.163	1.264	1.192	1.280
25:00:01	1.366	1.351	1.103	1.410	1.295	1.250	1.141	1.030	1.072	0.963	1.375	1.354	1.256	0.121	0.964	0.398	0.883	0.133	0.813	0.260	0.883	0.132	0.769	0.344	1.199	0.120	1.003	0.464	0.605	0.592	0.869	0.311	0.909	0.131	0.815	0.326	1.213	0.120	0.984	0.480	0.966	0.132	0.905	0.270	0.918	0.133	0.836	0.333	0.126	1.102	1.052	0.437	0.132	0.769	0.895	0.332	0.836	0.365	0.823	0.372	0.123	1.101	1.023	0.397	0.131	0.751	0.907	0.335	0.132	0.753	0.780	0.417	0.123	1.076	1.009	0.420	0.134	0.734	0.860	0.307	0.133	0.709	0.818	0.339	1.416	1.343	1.147	1.210	1.086	1.112	1.100	1.273	1.164	1.264	1.192	1.281
25:20:01	1.366	1.351	1.103	1.409	1.296	1.250	1.142	1.026	1.075	0.963	1.377	1.354	1.258	0.121	0.966	0.403	0.887	0.133	0.815	0.259	0.887	0.133	0.773	0.346	1.202	0.120	1.005	0.468	0.611	0.598	0.872	0.312	0.913	0.131	0.819	0.327	1.213	0.120	0.982	0.484	0.971	0.132	0.908	0.270	0.921	0.132	0.839	0.335	0.126	1.105	1.054	0.442	0.133	0.774	0.899	0.331	0.840	0.367	0.828	0.376	0.123	1.105	1.024	0.400	0.131	0.756	0.910	0.335	0.131	0.757	0.783	0.421	0.123	1.079	1.012	0.422	0.134	0.738	0.862	0.307	0.133	0.713	0.820	0.339	1.415	1.343	1.147	1.213	1.087	1.114	1.098	1.273	1.165	1.264	1.192	1.280
25:40:01	1.367	1.351	1.102	1.410	1.296	1.249	1.142	1.033	1.071	0.964	1.378	1.354	1.261	0.121	0.969	0.408	0.891	0.133	0.817	0.260	0.891	0.132	0.778	0.346	1.205	0.120	1.006	0.472	0.617	0.606	0.876	0.313	0.917	0.131	0.824	0.327	1.213	0.121	0.984	0.487	0.976	0.132	0.912	0.275	0.925	0.133	0.842	0.338	0.126	1.108	1.056	0.446	0.133	0.778	0.903	0.330	0.845	0.369	0.833	0.380	0.123	1.108	1.026	0.407	0.131	0.760	0.914	0.335	0.132	0.762	0.786	0.424	0.123	1.082	1.014	0.425	0.134	0.743	0.864	0.307	0.133	0.718	0.822	0.339	1.416	1.344	1.146	1.223	1.086	1.115	1.098	1.274	1.165	1.264	1.192	1.281
26:00:01	1.365	1.351	1.103	1.410	1.297	1.252	1.145	1.037	1.076	0.965	1.378	1.354	1.263	0.121	0.972	0.414	0.897	0.133	0.820	0.258	0.895	0.132	0.782	0.348	1.207	0.120	1.008	0.475	0.623	0.613	0.879	0.314	0.921	0.131	0.828	0.328	1.214	0.120	0.985	0.491	0.980	0.132	0.915	0.278	0.930	0.133	0.846	0.340	0.126	1.111	1.058	0.450	0.132	0.784	0.907	0.329	0.850	0.370	0.837	0.384	0.123	1.111	1.028	0.411	0.131	0.765	0.918	0.336	0.132	0.767	0.790	0.428	0.123	1.085	1.018	0.427	0.134	0.747	0.866	0.307	0.133	0.723	0.825	0.340	1.416	1.344	1.147	1.230	1.087	1.117	1.096	1.274	1.166	1.263	1.193	1.280
26:20:01	1.366	1.353	1.102	1.412	1.297	1.250	1.147	1.040	1.079	0.965	1.379	1.354	1.266	0.121	0.974	0.419	0.902	0.132	0.823	0.265	0.900	0.132	0.786	0.349	1.210	0.120	1.009	0.479	0.629	0.619	0.882	0.315	0.925	0.131	0.832	0.329	1.214	0.120	0.987	0.494	0.984	0.132	0.919	0.273	0.934	0.132	0.849	0.342	0.126	1.114	1.059	0.453	0.132	0.789	0.912	0.329	0.854	0.370	0.841	0.387	0.123	1.115	1.029	0.418	0.131	0.769	0.922	0.336	0.131	0.771	0.794	0.432	0.123	1.088	1.020	0.430	0.134	0.751	0.869	0.307	0.133	0.728	0.828	0.340	1.415	1.342	1.148	1.232	1.088	1.118	1.097	1.274	1.168	1.264	1.193	1.280
26:40:01	1.363	1.351	1.112	1.409	1.290	1.195	1.135	0.988	1.148	0.954	1.407	1.367	1.269	0.121	0.979	0.428	0.907	0.132	0.825	0.259	0.905	0.133	0.790	0.349	1.214	0.120	1.014	0.485	0.641	0.628	0.885	0.317	0.929	0.132	0.833	0.328	1.214	0.120	0.993	0.499	0.990	0.132	0.921	0.274	0.938	0.133	0.851	0.338	0.126	1.121	1.064	0.460	0.132	0.793	0.916	0.329	0.858	0.371	0.843	0.385	0.123	1.121	1.034	0.429	0.131	0.775	0.926	0.335	0.131	0.776	0.796	0.428	0.123	1.092	1.025	0.434	0.133	0.755	0.871	0.306	0.133	0.732	0.829	0.341	1.418	1.340	1.142	1.239	1.076	1.120	1.089	1.254	1.172	1.243	1.206	1.275
27:00:02	1.365	1.351	1.104	1.415	1.297	1.254	1.150	1.047	1.080	0.967	1.378	1.354	1.269	0.121	0.977	0.429	0.910	0.132	0.827	0.258	0.909	0.132	0.794	0.353	1.216	0.120	1.012	0.486	0.643	0.632	0.888	0.318	0.934	0.131	0.839	0.330	1.215	0.120	0.990	0.501	0.994	0.132	0.926	0.275	0.942	0.132	0.855	0.349	0.126	1.121	1.062	0.460	0.132	0.799	0.920	0.329	0.862	0.370	0.849	0.396	0.123	1.121	1.032	0.432	0.131	0.778	0.928	0.337	0.132	0.781	0.803	0.441	0.123	1.093	1.024	0.434	0.134	0.759	0.874	0.306	0.133	0.738	0.832	0.341	1.417	1.343	1.146	1.244	1.089	1.121	1.098	1.275	1.168	1.265	1.192	1.281
27:20:01	1.366	1.352	1.102	1.415	1.297	1.254	1.151	1.051	1.079	0.967	1.377	1.353	1.272	0.121	0.978	0.434	0.914	0.132	0.830	0.258	0.913	0.133	0.797	0.355	1.218	0.120	1.013	0.489	0.651	0.638	0.891	0.318	0.938	0.131	0.843	0.330	1.218	0.120	0.991	0.503	0.998	0.132	0.929	0.279	0.946	0.133	0.857	0.353	0.126	1.123	1.062	0.464	0.132	0.804	0.924	0.329	0.866	0.370	0.852	0.401	0.123	1.125	1.032	0.437	0.131	0.783	0.932	0.338	0.131	0.785	0.806	0.446	0.123	1.095	1.026	0.435	0.134	0.763	0.876	0.306	0.133	0.742	0.834	0.341	1.415	1.343	1.146	1.248	1.090	1.121	1.097	1.276	1.171	1.265	1.193	1.281
27:40:02	1.366	1.352	1.102	1.415	1.298	1.252	1.153	1.050	1.084	0.967	1.376	1.354	1.274	0.121	0.980	0.440	0.917	0.133	0.832	0.258	0.917	0.133	0.801	0.359	1.221	0.120	1.015	0.491	0.663	0.644	0.894	0.319	0.942	0.131	0.846	0.330	1.223	0.120	0.992	0.507	1.002	0.132	0.932	0.283	0.950	0.133	0.859	0.356	0.126	1.127	1.063	0.466	0.132	0.810	0.928	0.328	0.870	0.370	0.856	0.405	0.123	1.128	1.033	0.440	0.131	0.787	0.935	0.339	0.132	0.790	0.808	0.452	0.123	1.098	1.028	0.436	0.134	0.768	0.879	0.306	0.133	0.745	0.836	0.341	1.415	1.343	1.147	1.249	1.091	1.126	1.098	1.276	1.173	1.265	1.192	1.281
28:00:01	1.365	1.351	1.104	1.414	1.298	1.253	1.157	1.050	1.085	0.970	1.378	1.355	1.276	0.121	0.982	0.443	0.920	0.133	0.834	0.266	0.921	0.133	0.804	0.363	1.224	0.120	1.017	0.493	0.676	0.650	0.897	0.319	0.946	0.131	0.849	0.331	1.227	0.120	0.993	0.509	1.007	0.132	0.936	0.283	0.954	0.133	0.862	0.359	0.126	1.129	1.064	0.470	0.132	0.814	0.932	0.328	0.874	0.371	0.859	0.410	0.123	1.130	1.034	0.442	0.131	0.792	0.938	0.339	0.132	0.794	0.811	0.455	0.123	1.100	1.030	0.439	0.134	0.772	0.881	0.306	0.133	0.749	0.839	0.342	1.415	1.344	1.146	1.254	1.091	1.125	1.098	1.276	1.172	1.264	1.193	1.281
28:20:02	1.365	1.351	1.104	1.414	1.298	1.255	1.160	1.054	1.087	0.971	1.378	1.354	1.278	0.121	0.984	0.447	0.923	0.133	0.837	0.257	0.926	0.133	0.806	0.367	1.227	0.120	1.018	0.495	0.693	0.660	0.900	0.319	0.949	0.132	0.852	0.332	1.230	0.121	0.994	0.512	1.011	0.132	0.939	0.277	0.959	0.133	0.865	0.363	0.126	1.133	1.065	0.472	0.132	0.818	0.935	0.328	0.877	0.371	0.863	0.414	0.123	1.134	1.034	0.443	0.131	0.797	0.942	0.341	0.132	0.799	0.813	0.459	0.123	1.103	1.033	0.440	0.134	0.776	0.885	0.306	0.133	0.753	0.841	0.342	1.416	1.345	1.146	1.261	1.090	1.126	1.095	1.276	1.174	1.264	1.194	1.281
28:40:02	1.364	1.351	1.104	1.414	1.298	1.255	1.161	1.053	1.090	0.971	1.381	1.355	1.280	0.121	0.986	0.450	0.926	0.133	0.840	0.263	0.931	0.133	0.809	0.371	1.230	0.120	1.020	0.497	0.708	0.672	0.903	0.319	0.954	0.132	0.855	0.333	1.233	0.121	0.995	0.516	1.015	0.132	0.942	0.281	0.962	0.133	0.868	0.366	0.126	1.136	1.066	0.476	0.132	0.825	0.939	0.328	0.882	0.371	0.866	0.419	0.123	1.136	1.035	0.444	0.131	0.801	0.944	0.342	0.132	0.804	0.815	0.464	0.123	1.105	1.036	0.443	0.134	0.780	0.888	0.307	0.133	0.757	0.844	0.342	1.417	1.346	1.145	1.264	1.091	1.125	1.096	1.276	1.175	1.265	1.192	1.281
29:00:02	1.365	1.352	1.102	1.416	1.298	1.256	1.158	1.050	1.091	0.970	1.376	1.354	1.282	0.121	0.988	0.454	0.929	0.133	0.842	0.267	0.936	0.133	0.813	0.374	1.232	0.120	1.022	0.500	0.721	0.681	0.907	0.318	0.957	0.132	0.858	0.335	1.234	0.121	0.997	0.520	1.020	0.132	0.945	0.278	0.966	0.133	0.870	0.370	0.126	1.139	1.068	0.480	0.132	0.828	0.942	0.328	0.886	0.372	0.869	0.424	0.123	1.139	1.036	0.448	0.131	0.805	0.947	0.343	0.132	0.809	0.816	0.468	0.123	1.108	1.038	0.446	0.134	0.785	0.890	0.307	0.133	0.762	0.846	0.343	1.417	1.346	1.145	1.265	1.091	1.128	1.101	1.276	1.175	1.264	1.193	1.281
29:20:02	1.364	1.351	1.104	1.416	1.299	1.256	1.161	1.051	1.094	0.970	1.379	1.353	1.283	0.121	0.991	0.458	0.933	0.133	0.845	0.264	0.940	0.133	0.816	0.378	1.235	0.120	1.024	0.503	0.731	0.692	0.910	0.318	0.962	0.132	0.862	0.336	1.238	0.121	0.998	0.524	1.024	0.132	0.949	0.280	0.970	0.133	0.873	0.374	0.126	1.141	1.069	0.484	0.132	0.833	0.946	0.328	0.889	0.373	0.873	0.428	0.123	1.141	1.037	0.452	0.131	0.811	0.951	0.345	0.132	0.814	0.817	0.472	0.123	1.110	1.041	0.450	0.134	0.789	0.894	0.308	0.133	0.766	0.849	0.343	1.415	1.344	1.146	1.272	1.091	1.128	1.099	1.276	1.177	1.264	1.194	1.281
29:40:02	1.364	1.350	1.105	1.417	1.299	1.256	1.161	1.052	1.094	0.971	1.379	1.353	1.284	0.121	0.993	0.462	0.936	0.133	0.847	0.265	0.944	0.132	0.818	0.383	1.238	0.120	1.026	0.506	0.739	0.701	0.913	0.318	0.965	0.132	0.864	0.337	1.240	0.121	1.000	0.528	1.028	0.132	0.951	0.282	0.974	0.133	0.875	0.377	0.126	1.144	1.071	0.487	0.132	0.839	0.949	0.328	0.892	0.374	0.876	0.433	0.123	1.144	1.039	0.455	0.131	0.816	0.953	0.347	0.131	0.818	0.819	0.476	0.123	1.112	1.044	0.454	0.134	0.794	0.896	0.309	0.133	0.771	0.853	0.344	1.417	1.345	1.145	1.282	1.091	1.126	1.121	1.277	1.177	1.265	1.193	1.281
30:00:02	1.365	1.351	1.103	1.417	1.298	1.258	1.162	1.053	1.096	0.972	1.380	1.353	1.286	0.121	0.996	0.467	0.939	0.133	0.849	0.268	0.947	0.133	0.821	0.388	1.241	0.121	1.028	0.510	0.744	0.709	0.915	0.318	0.969	0.132	0.867	0.339	1.250	0.121	1.002	0.532	1.032	0.132	0.955	0.281	0.978	0.133	0.878	0.382	0.126	1.147	1.073	0.491	0.132	0.844	0.953	0.328	0.896	0.377	0.879	0.437	0.123	1.146	1.041	0.459	0.131	0.820	0.956	0.348	0.132	0.822	0.821	0.479	0.123	1.115	1.047	0.459	0.134	0.798	0.899	0.311	0.133	0.775	0.855	0.345	1.417	1.346	1.145	1.287	1.090	1.127	1.120	1.278	1.177	1.264	1.194	1.281
30:20:02	1.363	1.352	1.112	1.413	1.291	1.196	1.151	0.994	1.174	0.960	1.407	1.365	1.288	0.121	1.002	0.473	0.943	0.132	0.852	0.265	0.951	0.133	0.823	0.388	1.245	0.121	1.033	0.515	0.751	0.715	0.918	0.317	0.973	0.132	0.869	0.336	1.249	0.121	1.008	0.537	1.037	0.132	0.957	0.280	0.983	0.133	0.880	0.377	0.126	1.152	1.078	0.497	0.132	0.848	0.956	0.329	0.900	0.378	0.881	0.433	0.123	1.151	1.045	0.466	0.131	0.825	0.960	0.349	0.131	0.826	0.820	0.476	0.123	1.118	1.053	0.466	0.133	0.802	0.902	0.312	0.133	0.778	0.857	0.344	1.420	1.343	1.140	1.289	1.079	1.128	1.113	1.257	1.185	1.242	1.207	1.276
30:40:02	1.365	1.351	1.104	1.417	1.300	1.259	1.164	1.051	1.101	0.972	1.377	1.354	1.288	0.121	1.002	0.476	0.947	0.133	0.855	0.260	0.955	0.133	0.827	0.399	1.247	0.121	1.033	0.517	0.749	0.716	0.922	0.317	0.977	0.132	0.874	0.343	1.256	0.121	1.006	0.540	1.041	0.132	0.961	0.281	0.988	0.133	0.885	0.390	0.126	1.153	1.078	0.498	0.133	0.853	0.960	0.329	0.904	0.384	0.886	0.445	0.123	1.152	1.044	0.466	0.131	0.830	0.964	0.352	0.132	0.832	0.824	0.486	0.123	1.120	1.054	0.469	0.134	0.807	0.905	0.315	0.133	0.784	0.862	0.348	1.417	1.345	1.147	1.296	1.091	1.131	1.120	1.278	1.180	1.264	1.194	1.281
31:00:02	1.366	1.351	1.104	1.417	1.300	1.261	1.165	1.052	1.100	0.970	1.376	1.354	1.290	0.121	1.004	0.480	0.950	0.133	0.857	0.264	0.959	0.133	0.830	0.403	1.249	0.121	1.035	0.520	0.750	0.717	0.925	0.317	0.982	0.132	0.877	0.345	1.256	0.121	1.008	0.544	1.044	0.132	0.964	0.287	0.991	0.133	0.887	0.394	0.126	1.155	1.080	0.502	0.132	0.858	0.965	0.329	0.908	0.388	0.889	0.449	0.123	1.154	1.046	0.470	0.131	0.835	0.967	0.354	0.132	0.835	0.826	0.489	0.123	1.122	1.057	0.474	0.134	0.811	0.908	0.317	0.133	0.789	0.865	0.349	1.417	1.345	1.147	1.298	1.093	1.131	1.121	1.277	1.180	1.264	1.194	1.281
31:20:02	1.366	1.351	1.103	1.418	1.299	1.262	1.163	1.048	1.101	0.971	1.377	1.355	1.292	0.122	1.007	0.484	0.954	0.133	0.859	0.266	0.963	0.133	0.833	0.406	1.251	0.121	1.037	0.524	0.750	0.718	0.928	0.318	0.985	0.132	0.880	0.348	1.261	0.121	1.010	0.547	1.049	0.132	0.968	0.281	0.995	0.133	0.890	0.399	0.126	1.157	1.081	0.505	0.133	0.863	0.967	0.329	0.912	0.393	0.893	0.453	0.123	1.157	1.048	0.473	0.131	0.840	0.970	0.356	0.132	0.840	0.828	0.492	0.123	1.124	1.060	0.479	0.134	0.815	0.911	0.320	0.133	0.793	0.869	0.351	1.417	1.346	1.146	1.302	1.093	1.131	1.119	1.277	1.182	1.265	1.194	1.281
31:40:02	1.363	1.349	1.113	1.413	1.293	1.207	1.153	0.992	1.175	0.962	1.407	1.365	1.293	0.122	1.013	0.490	0.959	0.133	0.862	0.264	0.967	0.133	0.835	0.405	1.254	0.121	1.042	0.528	0.753	0.719	0.930	0.317	0.989	0.132	0.882	0.343	1.264	0.121	1.015	0.551	1.054	0.132	0.971	0.285	1.000	0.133	0.892	0.396	0.126	1.162	1.087	0.510	0.133	0.868	0.970	0.329	0.915	0.394	0.895	0.450	0.123	1.162	1.053	0.480	0.131	0.845	0.974	0.359	0.131	0.844	0.828	0.490	0.123	1.128	1.066	0.487	0.133	0.819	0.915	0.322	0.133	0.795	0.871	0.349	1.418	1.342	1.142	1.302	1.081	1.131	1.112	1.256	1.188	1.242	1.207	1.276
32:00:02	1.364	1.350	1.105	1.416	1.300	1.266	1.167	1.054	1.103	0.972	1.377	1.353	1.293	0.122	1.012	0.491	0.960	0.133	0.863	0.269	0.970	0.133	0.838	0.413	1.255	0.121	1.042	0.529	0.749	0.717	0.933	0.317	0.992	0.132	0.886	0.352	1.268	0.121	1.013	0.554	1.056	0.132	0.974	0.281	1.002	0.133	0.895	0.406	0.126	1.162	1.085	0.512	0.133	0.872	0.974	0.329	0.918	0.402	0.900	0.460	0.123	1.161	1.052	0.481	0.131	0.848	0.978	0.361	0.132	0.847	0.831	0.498	0.123	1.129	1.065	0.488	0.134	0.823	0.918	0.326	0.133	0.800	0.876	0.355	1.418	1.347	1.145	1.308	1.091	1.123	1.119	1.278	1.183	1.264	1.194	1.281
32:20:02	1.366	1.351	1.103	1.417	1.300	1.267	1.168	1.052	1.105	0.974	1.381	1.355	1.294	0.122	1.015	0.495	0.964	0.133	0.865	0.267	0.973	0.133	0.841	0.416	1.257	0.121	1.044	0.533	0.749	0.716	0.936	0.317	0.996	0.132	0.889	0.356	1.271	0.121	1.015	0.557	1.060	0.132	0.977	0.287	1.006	0.133	0.898	0.409	0.126	1.164	1.087	0.515	0.133	0.878	0.978	0.330	0.921	0.407	0.903	0.464	0.123	1.164	1.053	0.485	0.131	0.853	0.984	0.363	0.132	0.852	0.833	0.501	0.123	1.131	1.068	0.492	0.134	0.827	0.921	0.329	0.133	0.805	0.879	0.357	1.418	1.347	1.145	1.308	1.092	1.124	1.119	1.277	1.183	1.265	1.194	1.281
32:40:02	1.365	1.351	1.103	1.417	1.300	1.268	1.167	1.053	1.105	0.973	1.377	1.353	1.295	0.121	1.017	0.498	0.967	0.133	0.867	0.268	0.977	0.133	0.843	0.419	1.259	0.121	1.045	0.535	0.748	0.715	0.939	0.318	0.999	0.132	0.892	0.359	1.274	0.121	1.017	0.559	1.063	0.132	0.980	0.282	1.010	0.133	0.900	0.412	0.126	1.166	1.090	0.519	0.133	0.882	0.983	0.330	0.925	0.412	0.906	0.466	0.123	1.166	1.054	0.489	0.131	0.856	0.992	0.365	0.132	0.855	0.835	0.503	0.123	1.133	1.071	0.496	0.134	0.830	0.924	0.333	0.133	0.808	0.883	0.360	1.417	1.345	1.146	1.308	1.093	1.130	1.118	1.276	1.182	1.265	1.194	1.281
33:00:02	1.365	1.351	1.102	1.418	1.300	1.271	1.167	1.053	1.105	0.974	1.376	1.353	1.296	0.122	1.019	0.501	0.970	0.133	0.870	0.276	0.980	0.133	0.846	0.422	1.260	0.121	1.047	0.538	0.747	0.713	0.942	0.318	1.002	0.132	0.895	0.362	1.276	0.121	1.019	0.563	1.067	0.132	0.983	0.281	1.013	0.133	0.902	0.415	0.126	1.167	1.091	0.522	0.133	0.886	0.986	0.330	0.928	0.417	0.909	0.469	0.123	1.167	1.057	0.493	0.131	0.861	0.998	0.367	0.132	0.859	0.837	0.505	0.123	1.136	1.072	0.500	0.134	0.833	0.927	0.337	0.133	0.812	0.888	0.364	1.415	1.344	1.147	1.310	1.094	1.134	1.118	1.275	1.182	1.264	1.194	1.281
33:20:02	1.365	1.351	1.103	1.418	1.299	1.270	1.167	1.054	1.106	0.973	1.379	1.353	1.298	0.122	1.022	0.504	0.973	0.133	0.873	0.270	0.983	0.133	0.849	0.424	1.262	0.121	1.049	0.541	0.745	0.711	0.944	0.319	1.005	0.132	0.899	0.364	1.280	0.121	1.021	0.565	1.070	0.132	0.985	0.287	1.017	0.133	0.906	0.417	0.126	1.169	1.093	0.526	0.133	0.890	0.990	0.331	0.931	0.422	0.912	0.472	0.123	1.169	1.058	0.495	0.131	0.864	1.002	0.369	0.132	0.863	0.839	0.507	0.123	1.138	1.075	0.504	0.134	0.836	0.931	0.341	0.133	0.816	0.893	0.367	1.417	1.345	1.146	1.313	1.093	1.117	1.118	1.275	1.183	1.265	1.193	1.281
33:40:02	1.364	1.350	1.104	1.418	1.300	1.274	1.168	1.062	1.105	0.973	1.378	1.352	1.299	0.122	1.025	0.507	0.977	0.133	0.875	0.274	0.987	0.133	0.852	0.427	1.264	0.121	1.051	0.544	0.744	0.709	0.947	0.320	1.008	0.132	0.903	0.368	1.285	0.121	1.022	0.568	1.074	0.132	0.988	0.285	1.020	0.133	0.909	0.419	0.126	1.171	1.095	0.530	0.132	0.895	0.993	0.332	0.934	0.425	0.915	0.475	0.123	1.171	1.060	0.498	0.131	0.868	1.004	0.371	0.132	0.867	0.841	0.509	0.123	1.141	1.078	0.508	0.134	0.842	0.934	0.345	0.133	0.820	0.904	0.372	1.417	1.344	1.146	1.315	1.093	1.119	1.118	1.276	1.183	1.265	1.194	1.281
34:00:02	1.363	1.349	1.112	1.414	1.293	1.210	1.156	1.004	1.177	0.961	1.409	1.365	1.301	0.122	1.031	0.510	0.981	0.133	0.880	0.284	0.992	0.133	0.855	0.426	1.268	0.121	1.055	0.548	0.746	0.709	0.949	0.322	1.011	0.132	0.907	0.362	1.288	0.121	1.029	0.571	1.079	0.132	0.991	0.283	1.024	0.133	0.911	0.417	0.126	1.176	1.100	0.536	0.133	0.899	0.996	0.334	0.939	0.426	0.918	0.472	0.123	1.176	1.066	0.504	0.131	0.873	1.005	0.374	0.131	0.871	0.842	0.508	0.123	1.145	1.083	0.512	0.134	0.845	0.938	0.348	0.133	0.822	0.910	0.372	1.420	1.342	1.140	1.315	1.081	1.121	1.110	1.256	1.189	1.243	1.207	1.276
34:20:02	1.364	1.348	1.104	1.418	1.300	1.273	1.169	1.065	1.107	0.972	1.379	1.353	1.302	0.122	1.031	0.512	0.985	0.133	0.883	0.280	0.995	0.133	0.861	0.432	1.269	0.121	1.055	0.550	0.742	0.706	0.952	0.323	1.015	0.132	0.915	0.375	1.293	0.121	1.027	0.572	1.082	0.132	0.995	0.282	1.028	0.133	0.915	0.422	0.126	1.176	1.099	0.538	0.133	0.902	1.000	0.334	0.942	0.431	0.921	0.480	0.123	1.175	1.065	0.505	0.132	0.877	1.005	0.374	0.132	0.875	0.846	0.514	0.123	1.146	1.083	0.515	0.134	0.850	0.944	0.353	0.133	0.827	0.915	0.383	1.417	1.346	1.146	1.316	1.093	1.123	1.117	1.277	1.184	1.266	1.193	1.280
34:40:02	1.365	1.349	1.103	1.419	1.300	1.274	1.168	1.064	1.107	0.975	1.379	1.354	1.304	0.122	1.034	0.515	0.989	0.133	0.886	0.279	0.998	0.133	0.866	0.433	1.271	0.121	1.057	0.553	0.741	0.705	0.955	0.324	1.018	0.132	0.919	0.378	1.295	0.121	1.029	0.575	1.086	0.132	0.998	0.284	1.031	0.133	0.918	0.423	0.126	1.178	1.101	0.541	0.133	0.906	1.004	0.335	0.947	0.434	0.925	0.482	0.123	1.177	1.067	0.509	0.132	0.881	1.004	0.376	0.132	0.879	0.849	0.516	0.123	1.148	1.086	0.517	0.134	0.854	0.953	0.356	0.133	0.830	0.916	0.389	1.417	1.346	1.146	1.316	1.093	1.125	1.116	1.277	1.184	1.265	1.194	1.280
35:00:02	1.365	1.349	1.103	1.418	1.300	1.274	1.169	1.066	1.108	0.978	1.378	1.353	1.306	0.122	1.036	0.518	0.993	0.133	0.889	0.282	1.001	0.133	0.871	0.435	1.273	0.121	1.060	0.556	0.741	0.704	0.957	0.326	1.021	0.132	0.921	0.381	1.298	0.121	1.031	0.577	1.089	0.133	1.000	0.287	1.034	0.133	0.921	0.424	0.126	1.180	1.103	0.545	0.133	0.911	1.010	0.336	0.953	0.437	0.928	0.484	0.123	1.179	1.069	0.512	0.132	0.885	1.003	0.378	0.132	0.884	0.851	0.517	0.123	1.151	1.088	0.521	0.134	0.857	0.959	0.360	0.133	0.835	0.917	0.394	1.415	1.345	1.147	1.314	1.094	1.126	1.120	1.276	1.183	1.265	1.194	1.280
35:20:02	1.364	1.347	1.104	1.417	1.301	1.277	1.170	1.068	1.107	0.979	1.378	1.355	1.308	0.122	1.039	0.522	0.996	0.133	0.892	0.289	1.004	0.133	0.879	0.437	1.276	0.121	1.062	0.559	0.741	0.703	0.961	0.328	1.024	0.132	0.922	0.385	1.303	0.121	1.033	0.580	1.093	0.133	1.004	0.288	1.038	0.133	0.924	0.425	0.126	1.182	1.105	0.549	0.133	0.915	1.018	0.337	0.959	0.439	0.932	0.486	0.123	1.181	1.071	0.516	0.131	0.889	1.004	0.380	0.132	0.888	0.854	0.519	0.123	1.153	1.091	0.523	0.134	0.860	0.964	0.363	0.133	0.839	0.918	0.401	1.417	1.346	1.147	1.316	1.094	1.126	1.120	1.277	1.183	1.264	1.194	1.281
35:40:02	1.365	1.350	1.104	1.417	1.300	1.274	1.170	1.068	1.109	0.978	1.378	1.354	1.309	0.122	1.041	0.525	0.998	0.133	0.894	0.296	1.008	0.133	0.886	0.438	1.277	0.121	1.064	0.562	0.740	0.702	0.963	0.331	1.027	0.132	0.923	0.387	1.306	0.121	1.035	0.583	1.095	0.133	1.006	0.286	1.041	0.133	0.927	0.426	0.126	1.184	1.106	0.552	0.133	0.919	1.026	0.339	0.961	0.441	0.937	0.487	0.123	1.182	1.073	0.519	0.131	0.893	1.003	0.383	0.132	0.892	0.856	0.520	0.123	1.155	1.093	0.525	0.134	0.864	0.966	0.366	0.133	0.843	0.917	0.407	1.419	1.348	1.145	1.317	1.092	1.129	1.119	1.278	1.183	1.265	1.194	1.281
36:00:02	1.364	1.351	1.104	1.417	1.301	1.276	1.169	1.069	1.108	0.978	1.379	1.353	1.311	0.122	1.044	0.528	1.002	0.133	0.896	0.296	1.012	0.133	0.888	0.440	1.279	0.121	1.066	0.566	0.739	0.702	0.967	0.333	1.030	0.132	0.924	0.391	1.309	0.121	1.037	0.587	1.100	0.133	1.008	0.285	1.044	0.133	0.930	0.427	0.126	1.185	1.109	0.556	0.132	0.924	1.031	0.341	0.962	0.443	0.940	0.488	0.123	1.184	1.075	0.522	0.131	0.897	1.004	0.385	0.132	0.896	0.858	0.522	0.123	1.158	1.096	0.527	0.134	0.867	0.967	0.369	0.133	0.847	0.916	0.412	1.417	1.346	1.146	1.316	1.093	1.132	1.119	1.278	1.183	1.264	1.194	1.281
36:20:02	1.365	1.351	1.103	1.417	1.300	1.278	1.169	1.068	1.107	0.982	1.377	1.353	1.313	0.122	1.047	0.532	1.004	0.133	0.899	0.296	1.015	0.133	0.889	0.442	1.282	0.121	1.068	0.569	0.739	0.701	0.971	0.336	1.033	0.132	0.926	0.395	1.313	0.121	1.039	0.588	1.104	0.133	1.012	0.285	1.048	0.133	0.933	0.428	0.126	1.187	1.111	0.559	0.133	0.927	1.034	0.344	0.963	0.445	0.942	0.490	0.123	1.186	1.077	0.525	0.131	0.901	1.005	0.387	0.132	0.900	0.863	0.523	0.123	1.161	1.098	0.529	0.134	0.870	0.967	0.371	0.133	0.851	0.915	0.417	1.418	1.346	1.146	1.316	1.092	1.133	1.119	1.277	1.182	1.265	1.193	1.281
36:40:02	1.366	1.350	1.103	1.418	1.300	1.280	1.168	1.064	1.109	0.979	1.379	1.354	1.315	0.122	1.049	0.535	1.007	0.133	0.902	0.296	1.018	0.133	0.890	0.446	1.283	0.121	1.071	0.572	0.738	0.701	0.975	0.338	1.036	0.132	0.927	0.397	1.316	0.121	1.041	0.593	1.107	0.133	1.015	0.284	1.051	0.133	0.937	0.428	0.126	1.189	1.113	0.562	0.133	0.931	1.036	0.347	0.963	0.447	0.943	0.491	0.123	1.187	1.079	0.529	0.132	0.905	1.006	0.390	0.132	0.904	0.869	0.525	0.123	1.163	1.101	0.532	0.134	0.873	0.968	0.373	0.133	0.854	0.915	0.422	1.417	1.346	1.146	1.316	1.093	1.134	1.118	1.276	1.182	1.264	1.193	1.281
37:00:02	1.365	1.352	1.103	1.419	1.300	1.280	1.169	1.065	1.109	0.979	1.380	1.353	1.316	0.122	1.051	0.538	1.011	0.133	0.905	0.299	1.021	0.133	0.889	0.447	1.286	0.121	1.073	0.575	0.738	0.700	0.977	0.341	1.039	0.132	0.929	0.400	1.320	0.121	1.043	0.595	1.110	0.133	1.018	0.285	1.054	0.133	0.940	0.429	0.126	1.190	1.115	0.565	0.133	0.936	1.037	0.350	0.964	0.449	0.944	0.492	0.123	1.190	1.081	0.531	0.131	0.909	1.007	0.392	0.132	0.908	0.872	0.527	0.123	1.165	1.103	0.533	0.134	0.877	0.968	0.375	0.133	0.857	0.915	0.426	1.417	1.345	1.147	1.316	1.093	1.136	1.118	1.276	1.182	1.265	1.193	1.281
37:20:02	1.365	1.351	1.103	1.419	1.300	1.283	1.170	1.067	1.107	0.982	1.378	1.354	1.318	0.122	1.054	0.541	1.015	0.133	0.911	0.302	1.025	0.133	0.890	0.448	1.288	0.121	1.075	0.578	0.737	0.700	0.979	0.344	1.042	0.132	0.930	0.403	1.324	0.121	1.045	0.597	1.114	0.133	1.022	0.285	1.057	0.133	0.943	0.429	0.126	1.192	1.117	0.568	0.133	0.940	1.036	0.354	0.964	0.450	0.945	0.493	0.123	1.192	1.083	0.534	0.131	0.913	1.008	0.394	0.132	0.912	0.874	0.529	0.123	1.168	1.105	0.537	0.134	0.881	0.967	0.377	0.133	0.861	0.914	0.431	1.415	1.344	1.147	1.315	1.094	1.155	1.119	1.275	1.181	1.264	1.193	1.281
37:40:02	1.364	1.350	1.104	1.417	1.301	1.284	1.172	1.068	1.110	0.983	1.377	1.353	1.320	0.122	1.056	0.544	1.019	0.133	0.915	0.306	1.030	0.133	0.889	0.450	1.290	0.121	1.077	0.581	0.737	0.699	0.981	0.347	1.044	0.132	0.932	0.407	1.329	0.121	1.047	0.600	1.117	0.133	1.027	0.285	1.060	0.133	0.947	0.430	0.126	1.195	1.119	0.571	0.133	0.944	1.036	0.357	0.965	0.452	0.946	0.494	0.123	1.193	1.085	0.537	0.131	0.917	1.009	0.396	0.132	0.916	0.875	0.531	0.123	1.170	1.108	0.540	0.134	0.884	0.966	0.378	0.133	0.864	0.914	0.439	1.416	1.345	1.147	1.316	1.094	1.154	1.119	1.275	1.181	1.264	1.193	1.281
38:00:02	1.364	1.351	1.103	1.418	1.300	1.286	1.172	1.071	1.108	0.984	1.379	1.353	1.321	0.122	1.058	0.546	1.022	0.133	0.916	0.309	1.033	0.133	0.890	0.452	1.291	0.121	1.078	0.583	0.736	0.699	0.983	0.350	1.047	0.132	0.933	0.409	1.334	0.121	1.048	0.603	1.120	0.133	1.031	0.286	1.063	0.133	0.953	0.430	0.126	1.197	1.120	0.574	0.133	0.948	1.036	0.360	0.965	0.453	0.946	0.495	0.123	1.195	1.086	0.540	0.132	0.920	1.009	0.399	0.132	0.920	0.876	0.536	0.123	1.173	1.110	0.543	0.134	0.887	0.964	0.380	0.133	0.868	0.913	0.443	1.416	1.345	1.146	1.316	1.095	1.152	1.119	1.275	1.182	1.265	1.193	1.281
38:20:02	1.364	1.351	1.103	1.417	1.300	1.289	1.172	1.068	1.108	0.986	1.377	1.353	1.323	0.122	1.060	0.549	1.026	0.133	0.917	0.314	1.036	0.133	0.890	0.454	1.294	0.121	1.081	0.587	0.736	0.698	0.985	0.353	1.050	0.132	0.934	0.412	1.339	0.121	1.051	0.605	1.124	0.133	1.035	0.287	1.066	0.133	0.956	0.431	0.126	1.199	1.123	0.577	0.133	0.951	1.036	0.363	0.966	0.455	0.947	0.496	0.123	1.197	1.089	0.542	0.131	0.924	1.010	0.401	0.132	0.924	0.878	0.545	0.123	1.175	1.112	0.546	0.134	0.891	0.962	0.381	0.133	0.872	0.913	0.444	1.417	1.345	1.145	1.317	1.094	1.149	1.118	1.274	1.183	1.264	1.193	1.281
38:40:02	1.364	1.351	1.103	1.418	1.300	1.288	1.171	1.066	1.109	0.986	1.376	1.353	1.325	0.122	1.062	0.552	1.029	0.133	0.918	0.318	1.039	0.133	0.890	0.455	1.296	0.121	1.083	0.587	0.735	0.698	0.986	0.357	1.053	0.132	0.935	0.415	1.344	0.121	1.053	0.608	1.127	0.133	1.039	0.288	1.068	0.133	0.958	0.432	0.126	1.202	1.124	0.580	0.133	0.956	1.035	0.367	0.967	0.457	0.948	0.498	0.123	1.199	1.091	0.545	0.131	0.928	1.011	0.403	0.132	0.928	0.879	0.548	0.123	1.177	1.114	0.550	0.134	0.894	0.960	0.382	0.133	0.876	0.913	0.445	1.417	1.345	1.145	1.316	1.094	1.149	1.120	1.275	1.182	1.263	1.193	1.281
39:00:02	1.365	1.351	1.102	1.418	1.299	1.290	1.169	1.065	1.108	0.986	1.379	1.354	1.327	0.122	1.064	0.554	1.032	0.133	0.918	0.322	1.043	0.133	0.890	0.456	1.298	0.121	1.085	0.590	0.735	0.698	0.986	0.359	1.056	0.132	0.935	0.417	1.349	0.121	1.055	0.610	1.131	0.133	1.040	0.290	1.071	0.133	0.960	0.432	0.126	1.204	1.127	0.583	0.133	0.959	1.036	0.370	0.968	0.459	0.948	0.499	0.123	1.201	1.093	0.548	0.131	0.932	1.012	0.404	0.132	0.932	0.880	0.549	0.123	1.179	1.116	0.553	0.134	0.897	0.959	0.384	0.133	0.879	0.912	0.446	1.418	1.345	1.146	1.316	1.095	1.150	1.120	1.275	1.182	1.263	1.193	1.281
39:20:02	1.365	1.351	1.103	1.417	1.300	1.290	1.170	1.063	1.109	0.986	1.378	1.353	1.328	0.122	1.065	0.557	1.034	0.133	0.920	0.325	1.048	0.133	0.890	0.457	1.300	0.121	1.088	0.592	0.735	0.697	0.987	0.363	1.059	0.132	0.935	0.419	1.352	0.121	1.057	0.612	1.135	0.133	1.041	0.292	1.074	0.133	0.961	0.433	0.126	1.206	1.129	0.586	0.133	0.963	1.037	0.373	0.969	0.461	0.949	0.501	0.123	1.203	1.095	0.550	0.131	0.936	1.013	0.405	0.132	0.936	0.880	0.549	0.123	1.182	1.119	0.556	0.134	0.901	0.958	0.384	0.133	0.884	0.912	0.446	1.416	1.344	1.147	1.315	1.096	1.153	1.121	1.273	1.182	1.263	1.193	1.281
39:40:02	1.365	1.350	1.105	1.417	1.300	1.300	1.173	1.069	1.110	0.988	1.379	1.353	1.331	0.122	1.068	0.560	1.038	0.133	0.922	0.327	1.055	0.133	0.892	0.458	1.304	0.121	1.093	0.594	0.735	0.697	0.988	0.366	1.064	0.132	0.936	0.423	1.357	0.121	1.060	0.615	1.141	0.133	1.043	0.295	1.078	0.133	0.963	0.434	0.126	1.209	1.131	0.589	0.133	0.968	1.038	0.376	0.970	0.463	0.950	0.502	0.123	1.206	1.097	0.553	0.131	0.941	1.015	0.405	0.132	0.941	0.882	0.548	0.123	1.185	1.122	0.560	0.134	0.904	0.958	0.386	0.133	0.888	0.913	0.446	1.416	1.345	1.147	1.315	1.098	1.170	1.121	1.276	1.182	1.264	1.193	1.281
40:00:02	1.365	1.349	1.104	1.417	1.300	1.306	1.171	1.065	1.109	0.987	1.379	1.354	1.333	0.122	1.070	0.564	1.040	0.133	0.924	0.328	1.058	0.133	0.892	0.458	1.306	0.121	1.099	0.599	0.735	0.697	0.990	0.369	1.067	0.132	0.934	0.425	1.361	0.121	1.062	0.618	1.145	0.133	1.044	0.297	1.081	0.133	0.964	0.435	0.126	1.211	1.134	0.591	0.133	0.971	1.039	0.378	0.971	0.465	0.950	0.501	0.124	1.209	1.099	0.557	0.132	0.945	1.016	0.406	0.132	0.945	0.882	0.547	0.123	1.188	1.124	0.563	0.134	0.908	0.956	0.386	0.133	0.892	0.913	0.445	1.417	1.345	1.147	1.316	1.098	1.172	1.121	1.276	1.182	1.265	1.192	1.281
40:20:02	1.365	1.349	1.104	1.417	1.301	1.312	1.171	1.063	1.109	0.988	1.379	1.355	1.335	0.122	1.072	0.567	1.042	0.133	0.926	0.329	1.060	0.133	0.892	0.462	1.308	0.121	1.105	0.607	0.735	0.697	0.990	0.373	1.071	0.133	0.934	0.427	1.364	0.121	1.064	0.620	1.148	0.133	1.045	0.300	1.083	0.133	0.965	0.436	0.126	1.213	1.135	0.594	0.133	0.975	1.040	0.380	0.972	0.473	0.951	0.502	0.124	1.211	1.101	0.561	0.132	0.948	1.016	0.406	0.132	0.949	0.882	0.546	0.123	1.190	1.126	0.566	0.134	0.912	0.956	0.386	0.133	0.896	0.913	0.445	1.417	1.345	1.147	1.317	1.098	1.172	1.121	1.277	1.183	1.264	1.192	1.281
40:40:02	1.365	1.349	1.103	1.417	1.300	1.314	1.172	1.063	1.109	0.987	1.382	1.354	1.336	0.122	1.075	0.569	1.044	0.133	0.927	0.330	1.063	0.133	0.892	0.465	1.311	0.121	1.113	0.615	0.734	0.696	0.991	0.376	1.076	0.133	0.933	0.429	1.367	0.121	1.066	0.623	1.151	0.133	1.045	0.303	1.087	0.133	0.966	0.437	0.126	1.215	1.137	0.596	0.133	0.978	1.040	0.381	0.972	0.476	0.951	0.501	0.124	1.213	1.102	0.564	0.132	0.952	1.016	0.406	0.132	0.953	0.882	0.545	0.123	1.192	1.128	0.568	0.134	0.916	0.955	0.386	0.133	0.900	0.913	0.444	1.417	1.345	1.146	1.317	1.098	1.173	1.121	1.276	1.182	1.263	1.193	1.281
41:00:02	1.365	1.349	1.103	1.418	1.300	1.315	1.170	1.063	1.109	0.985	1.383	1.354	1.339	0.122	1.076	0.572	1.047	0.133	0.929	0.332	1.065	0.133	0.892	0.466	1.313	0.121	1.121	0.633	0.734	0.696	0.991	0.380	1.080	0.133	0.933	0.430	1.370	0.121	1.068	0.625	1.153	0.133	1.046	0.306	1.089	0.133	0.966	0.441	0.126	1.217	1.139	0.599	0.133	0.983	1.040	0.383	0.973	0.479	0.951	0.500	0.124	1.215	1.104	0.567	0.132	0.956	1.016	0.406	0.132	0.957	0.883	0.543	0.123	1.195	1.130	0.570	0.134	0.920	0.954	0.386	0.133	0.903	0.913	0.444	1.418	1.346	1.146	1.317	1.097	1.175	1.120	1.277	1.183	1.263	1.193	1.281
41:20:03	1.366	1.350	1.102	1.418	1.300	1.323	1.172	1.064	1.108	0.988	1.379	1.353	1.339	0.122	1.078	0.574	1.048	0.133	0.930	0.333	1.067	0.133	0.892	0.466	1.315	0.121	1.133	0.650	0.733	0.695	0.992	0.383	1.083	0.133	0.932	0.431	1.371	0.121	1.069	0.627	1.155	0.133	1.047	0.309	1.093	0.133	0.965	0.443	0.126	1.218	1.139	0.601	0.133	0.985	1.041	0.384	0.972	0.480	0.951	0.500	0.124	1.216	1.105	0.569	0.132	0.959	1.016	0.406	0.132	0.960	0.883	0.541	0.123	1.197	1.132	0.571	0.134	0.925	0.953	0.386	0.133	0.907	0.913	0.442	1.416	1.343	1.147	1.316	1.099	1.176	1.121	1.276	1.182	1.263	1.192	1.281
41:40:03	1.364	1.349	1.104	1.417	1.300	1.320	1.172	1.069	1.107	0.988	1.381	1.353	1.342	0.122	1.080	0.576	1.050	0.133	0.930	0.334	1.070	0.133	0.893	0.467	1.318	0.121	1.142	0.659	0.733	0.695	0.992	0.386	1.086	0.133	0.930	0.431	1.374	0.121	1.071	0.629	1.156	0.133	1.047	0.312	1.098	0.133	0.966	0.444	0.126	1.221	1.141	0.603	0.133	0.990	1.041	0.385	0.972	0.480	0.952	0.499	0.124	1.218	1.107	0.571	0.132	0.962	1.016	0.406	0.132	0.964	0.882	0.539	0.123	1.200	1.134	0.573	0.134	0.929	0.952	0.386	0.133	0.911	0.913	0.442	1.416	1.344	1.147	1.315	1.099	1.176	1.121	1.276	1.181	1.263	1.193	1.281
42:00:03	1.365	1.350	1.103	1.418	1.300	1.320	1.170	1.064	1.107	0.989	1.379	1.354	1.343	0.122	1.082	0.578	1.053	0.133	0.931	0.336	1.072	0.133	0.893	0.467	1.320	0.121	1.150	0.662	0.732	0.694	0.993	0.390	1.088	0.133	0.929	0.431	1.375	0.121	1.072	0.631	1.158	0.133	1.048	0.315	1.103	0.133	0.966	0.445	0.126	1.222	1.143	0.605	0.133	0.992	1.040	0.385	0.972	0.480	0.951	0.499	0.124	1.220	1.108	0.573	0.132	0.966	1.016	0.406	0.132	0.968	0.882	0.537	0.123	1.202	1.136	0.576	0.134	0.933	0.952	0.386	0.133	0.915	0.912	0.441	1.416	1.345	1.147	1.316	1.099	1.175	1.121	1.277	1.181	1.263	1.192	1.281
42:20:03	1.364	1.350	1.102	1.418	1.300	1.322	1.171	1.065	1.109	0.989	1.382	1.353	1.345	0.122	1.084	0.579	1.054	0.133	0.931	0.337	1.073	0.133	0.893	0.467	1.322	0.121	1.158	0.674	0.732	0.693	0.993	0.392	1.090	0.133	0.928	0.431	1.376	0.121	1.073	0.633	1.159	0.133	1.048	0.319	1.106	0.133	0.967	0.445	0.126	1.224	1.145	0.607	0.133	0.996	1.040	0.385	0.971	0.480	0.952	0.497	0.124	1.221	1.109	0.576	0.132	0.970	1.015	0.406	0.132	0.972	0.881	0.535	0.123	1.204	1.137	0.577	0.134	0.937	0.952	0.386	0.133	0.918	0.912	0.441	1.416	1.345	1.145	1.317	1.098	1.175	1.120	1.278	1.181	1.263	1.192	1.281
42:40:03	1.365	1.350	1.102	1.417	1.299	1.327	1.172	1.067	1.107	0.990	1.380	1.353	1.347	0.122	1.086	0.581	1.056	0.133	0.931	0.337	1.075	0.133	0.892	0.467	1.324	0.121	1.164	0.692	0.731	0.693	0.993	0.394	1.093	0.133	0.927	0.431	1.378	0.121	1.074	0.635	1.162	0.133	1.049	0.323	1.108	0.133	0.966	0.445	0.126	1.226	1.147	0.609	0.133	1.000	1.040	0.385	0.971	0.479	0.951	0.496	0.124	1.224	1.111	0.577	0.132	0.974	1.015	0.406	0.132	0.976	0.881	0.532	0.123	1.206	1.139	0.579	0.134	0.939	0.951	0.385	0.133	0.921	0.913	0.439	1.416	1.345	1.145	1.317	1.098	1.177	1.120	1.277	1.181	1.264	1.192	1.281
43:00:03	1.365	1.350	1.101	1.418	1.299	1.323	1.170	1.072	1.108	0.989	1.381	1.353	1.349	0.122	1.088	0.583	1.058	0.133	0.931	0.337	1.077	0.133	0.891	0.467	1.327	0.121	1.174	0.706	0.731	0.693	0.994	0.395	1.095	0.133	0.927	0.430	1.380	0.121	1.076	0.637	1.163	0.133	1.051	0.326	1.111	0.133	0.967	0.445	0.126	1.228	1.149	0.612	0.133	1.003	1.040	0.385	0.970	0.478	0.951	0.494	0.124	1.225	1.113	0.579	0.132	0.978	1.015	0.405	0.132	0.980	0.881	0.530	0.123	1.208	1.142	0.580	0.134	0.943	0.951	0.385	0.133	0.925	0.912	0.439	1.417	1.345	1.145	1.317	1.099	1.177	1.120	1.277	1.181	1.264	1.191	1.281
43:20:03	1.366	1.350	1.101	1.418	1.299	1.328	1.170	1.075	1.108	0.989	1.380	1.353	1.351	0.122	1.090	0.584	1.060	0.133	0.931	0.338	1.079	0.133	0.891	0.467	1.330	0.121	1.180	0.704	0.731	0.693	0.995	0.397	1.098	0.133	0.926	0.430	1.381	0.121	1.078	0.639	1.165	0.133	1.052	0.330	1.114	0.133	0.967	0.445	0.126	1.230	1.151	0.615	0.133	1.008	1.040	0.385	0.971	0.478	0.951	0.494	0.124	1.228	1.115	0.581	0.132	0.982	1.014	0.405	0.132	0.984	0.881	0.527	0.123	1.211	1.145	0.582	0.134	0.947	0.951	0.385	0.133	0.928	0.912	0.438	1.415	1.344	1.146	1.315	1.099	1.194	1.121	1.278	1.181	1.263	1.192	1.281
43:40:03	1.367	1.348	1.100	1.418	1.299	1.327	1.170	1.078	1.107	0.989	1.378	1.354	1.353	0.122	1.092	0.585	1.062	0.133	0.931	0.337	1.081	0.134	0.889	0.466	1.332	0.121	1.181	0.705	0.730	0.692	0.995	0.397	1.100	0.133	0.925	0.430	1.383	0.122	1.080	0.641	1.167	0.133	1.053	0.334	1.116	0.134	0.968	0.445	0.126	1.232	1.153	0.617	0.133	1.011	1.040	0.385	0.971	0.477	0.951	0.492	0.124	1.230	1.117	0.583	0.132	0.986	1.014	0.405	0.132	0.987	0.881	0.526	0.123	1.213	1.147	0.585	0.134	0.951	0.951	0.385	0.133	0.932	0.912	0.438	1.414	1.343	1.147	1.315	1.100	1.240	1.122	1.277	1.181	1.264	1.191	1.281
44:00:03	1.366	1.348	1.101	1.418	1.299	1.329	1.171	1.089	1.107	0.989	1.379	1.354	1.355	0.122	1.094	0.586	1.063	0.133	0.932	0.337	1.083	0.134	0.889	0.466	1.334	0.121	1.182	0.711	0.730	0.692	0.996	0.398	1.102	0.133	0.924	0.430	1.384	0.122	1.082	0.644	1.169	0.133	1.053	0.338	1.118	0.134	0.968	0.444	0.126	1.234	1.155	0.620	0.133	1.015	1.040	0.386	0.970	0.476	0.950	0.491	0.124	1.232	1.119	0.585	0.132	0.990	1.013	0.405	0.132	0.991	0.880	0.524	0.123	1.215	1.150	0.585	0.134	0.955	0.950	0.385	0.133	0.936	0.911	0.437	1.414	1.343	1.148	1.314	1.101	1.242	1.122	1.277	1.180	1.264	1.191	1.281
44:20:03	1.364	1.347	1.109	1.413	1.292	1.262	1.159	1.024	1.180	0.978	1.411	1.367	1.358	0.122	1.100	0.589	1.066	0.133	0.933	0.338	1.084	0.134	0.887	0.463	1.339	0.121	1.186	0.704	0.732	0.693	0.997	0.399	1.105	0.133	0.921	0.428	1.388	0.121	1.087	0.647	1.172	0.133	1.054	0.345	1.121	0.134	0.969	0.443	0.126	1.238	1.160	0.624	0.133	1.018	1.039	0.387	0.972	0.476	0.949	0.489	0.124	1.236	1.124	0.589	0.132	0.994	1.013	0.406	0.132	0.994	0.879	0.522	0.123	1.218	1.156	0.587	0.134	0.958	0.950	0.384	0.133	0.938	0.910	0.437	1.418	1.341	1.142	1.315	1.089	1.244	1.114	1.258	1.187	1.243	1.204	1.276
44:40:03	1.367	1.349	1.099	1.417	1.299	1.340	1.170	1.086	1.107	0.991	1.380	1.354	1.359	0.122	1.098	0.589	1.065	0.133	0.932	0.337	1.086	0.134	0.887	0.466	1.339	0.121	1.183	0.696	0.730	0.691	0.997	0.399	1.106	0.133	0.922	0.429	1.386	0.122	1.086	0.649	1.172	0.133	1.054	0.345	1.121	0.134	0.968	0.444	0.126	1.238	1.159	0.625	0.133	1.022	1.039	0.386	0.971	0.475	0.950	0.489	0.124	1.236	1.123	0.590	0.132	0.997	1.011	0.405	0.132	0.998	0.880	0.520	0.123	1.219	1.156	0.588	0.134	0.962	0.949	0.385	0.133	0.942	0.910	0.436	1.413	1.343	1.148	1.314	1.101	1.238	1.121	1.277	1.181	1.265	1.191	1.281
45:00:03	1.366	1.349	1.099	1.418	1.298	1.340	1.170	1.089	1.106	0.990	1.381	1.354	1.361	0.122	1.101	0.591	1.066	0.133	0.933	0.337	1.087	0.134	0.886	0.465	1.341	0.121	1.183	0.694	0.730	0.691	0.997	0.400	1.108	0.133	0.921	0.429	1.387	0.122	1.087	0.651	1.172	0.133	1.055	0.349	1.123	0.134	0.968	0.444	0.126	1.240	1.161	0.628	0.133	1.025	1.039	0.386	0.971	0.474	0.950	0.488	0.124	1.237	1.125	0.592	0.132	1.001	1.011	0.405	0.132	1.002	0.881	0.519	0.123	1.221	1.158	0.589	0.134	0.966	0.950	0.385	0.133	0.945	0.909	0.436	1.413	1.342	1.148	1.313	1.101	1.240	1.121	1.276	1.180	1.265	1.190	1.281
45:20:03	1.367	1.351	1.097	1.419	1.298	1.344	1.169	1.087	1.107	0.989	1.382	1.356	1.363	0.122	1.103	0.592	1.067	0.133	0.932	0.337	1.088	0.134	0.885	0.465	1.344	0.121	1.183	0.704	0.729	0.691	0.998	0.400	1.109	0.133	0.919	0.429	1.388	0.122	1.089	0.654	1.173	0.133	1.056	0.350	1.125	0.134	0.968	0.444	0.126	1.241	1.164	0.631	0.133	1.028	1.039	0.386	0.970	0.474	0.950	0.487	0.124	1.240	1.127	0.595	0.132	1.004	1.009	0.404	0.132	1.005	0.881	0.518	0.123	1.224	1.162	0.590	0.134	0.970	0.949	0.385	0.133	0.949	0.908	0.435	1.412	1.343	1.148	1.313	1.101	1.239	1.121	1.275	1.179	1.265	1.190	1.281
45:40:03	1.366	1.351	1.099	1.417	1.298	1.347	1.169	1.083	1.107	0.990	1.380	1.354	1.364	0.122	1.105	0.593	1.067	0.133	0.932	0.336	1.089	0.134	0.884	0.465	1.345	0.121	1.184	0.693	0.729	0.690	0.999	0.400	1.110	0.133	0.918	0.429	1.388	0.122	1.091	0.656	1.175	0.133	1.055	0.351	1.126	0.134	0.968	0.444	0.126	1.243	1.166	0.633	0.133	1.032	1.039	0.387	0.971	0.473	0.949	0.486	0.124	1.241	1.129	0.597	0.132	1.007	1.008	0.404	0.132	1.008	0.881	0.517	0.123	1.225	1.165	0.591	0.134	0.974	0.948	0.385	0.133	0.953	0.907	0.435	1.412	1.342	1.149	1.313	1.102	1.238	1.120	1.275	1.179	1.264	1.190	1.280
46:00:03	1.366	1.350	1.099	1.417	1.298	1.352	1.169	1.088	1.107	0.991	1.382	1.354	1.367	0.122	1.108	0.596	1.068	0.133	0.931	0.336	1.089	0.134	0.883	0.466	1.348	0.121	1.185	0.682	0.729	0.690	0.999	0.400	1.110	0.133	0.917	0.428	1.389	0.122	1.093	0.659	1.175	0.133	1.055	0.351	1.127	0.134	0.967	0.443	0.126	1.245	1.168	0.636	0.133	1.035	1.038	0.387	0.971	0.473	0.949	0.486	0.124	1.243	1.131	0.599	0.132	1.011	1.008	0.404	0.132	1.012	0.881	0.517	0.123	1.228	1.168	0.592	0.134	0.978	0.948	0.385	0.133	0.956	0.907	0.435	1.412	1.342	1.148	1.313	1.101	1.240	1.121	1.275	1.179	1.264	1.190	1.280
46:20:03	1.366	1.351	1.099	1.417	1.297	1.357	1.170	1.085	1.108	0.992	1.380	1.354	1.369	0.122	1.111	0.597	1.068	0.133	0.930	0.336	1.091	0.134	0.882	0.466	1.349	0.121	1.186	0.676	0.729	0.689	1.000	0.401	1.111	0.133	0.917	0.428	1.390	0.122	1.094	0.661	1.177	0.133	1.055	0.352	1.128	0.134	0.967	0.443	0.126	1.246	1.171	0.637	0.133	1.039	1.038	0.388	0.971	0.472	0.949	0.486	0.124	1.245	1.133	0.602	0.132	1.014	1.006	0.404	0.132	1.016	0.881	0.517	0.123	1.230	1.171	0.594	0.134	0.981	0.947	0.385	0.133	0.960	0.906	0.435	1.413	1.342	1.147	1.313	1.101	1.239	1.121	1.275	1.180	1.264	1.190	1.281
46:40:03	1.366	1.350	1.099	1.418	1.297	1.353	1.169	1.086	1.107	0.990	1.383	1.354	1.370	0.122	1.113	0.599	1.069	0.133	0.930	0.336	1.091	0.134	0.881	0.466	1.352	0.121	1.188	0.674	0.728	0.689	1.000	0.401	1.111	0.133	0.916	0.428	1.391	0.122	1.096	0.664	1.177	0.133	1.055	0.352	1.129	0.134	0.968	0.444	0.126	1.248	1.173	0.641	0.133	1.042	1.038	0.388	0.971	0.472	0.950	0.486	0.124	1.247	1.135	0.604	0.132	1.018	1.006	0.404	0.132	1.019	0.881	0.516	0.123	1.232	1.173	0.595	0.134	0.985	0.947	0.384	0.133	0.963	0.904	0.436	1.414	1.343	1.146	1.315	1.100	1.238	1.119	1.276	1.181	1.264	1.190	1.281
47:00:03	1.365	1.350	1.107	1.414	1.290	1.278	1.156	1.020	1.183	0.978	1.413	1.366	1.373	0.122	1.119	0.601	1.071	0.133	0.930	0.337	1.093	0.134	0.879	0.463	1.355	0.121	1.191	0.671	0.730	0.690	1.000	0.401	1.111	0.133	0.912	0.426	1.394	0.121	1.102	0.667	1.180	0.133	1.055	0.354	1.131	0.134	0.967	0.443	0.126	1.252	1.177	0.643	0.133	1.045	1.038	0.390	0.972	0.471	0.948	0.484	0.124	1.251	1.139	0.607	0.132	1.022	1.005	0.405	0.132	1.022	0.880	0.515	0.123	1.235	1.179	0.597	0.134	0.988	0.946	0.384	0.133	0.965	0.903	0.436	1.415	1.338	1.142	1.312	1.091	1.243	1.113	1.254	1.185	1.242	1.203	1.275
47:20:03	1.366	1.350	1.099	1.418	1.297	1.360	1.169	1.086	1.107	0.990	1.382	1.354	1.375	0.122	1.117	0.602	1.069	0.133	0.929	0.335	1.093	0.134	0.879	0.466	1.356	0.121	1.190	0.667	0.728	0.688	1.000	0.401	1.112	0.133	0.914	0.428	1.392	0.122	1.100	0.668	1.179	0.133	1.055	0.352	1.131	0.134	0.968	0.444	0.126	1.252	1.177	0.644	0.133	1.049	1.039	0.389	0.971	0.471	0.950	0.485	0.124	1.251	1.139	0.609	0.132	1.024	1.004	0.404	0.132	1.026	0.882	0.515	0.123	1.237	1.179	0.599	0.134	0.992	0.945	0.384	0.133	0.970	0.903	0.436	1.412	1.341	1.149	1.313	1.103	1.273	1.121	1.274	1.179	1.264	1.189	1.280

