Field Group

Plate Comment:	
Procedure Summary
  Plate Type:              Corning 96 well for LogPhase600
  Plate Number:            2
  Discontinuous Kinetics:  Runtime 02:00:00 (D:HH:MM), Interval 00:20:00 (HH:MM:SS), 145 Reads (max)
  Read:                    600 nm
  Incubator:               On
    Temperature setpoint:  30 °C
    Temperature gradient:  Off
  Shaking:                 On
     Shaking frequency:    600 RPMs		
			
			

600

Time	A1	A2	A3	A4	A5	A6	A7	A8	A9	A10	A11	A12	B1	B2	B3	B4	B5	B6	B7	B8	B9	B10	B11	B12	C1	C2	C3	C4	C5	C6	C7	C8	C9	C10	C11	C12	D1	D2	D3	D4	D5	D6	D7	D8	D9	D10	D11	D12	E1	E2	E3	E4	E5	E6	E7	E8	E9	E10	E11	E12	F1	F2	F3	F4	F5	F6	F7	F8	F9	F10	F11	F12	G1	G2	G3	G4	G5	G6	G7	G8	G9	G10	G11	G12	H1	H2	H3	H4	H5	H6	H7	H8	H9	H10	H11	H12
0:00:00													0.121	0.121	0.120	0.121	0.135	0.132	0.131	0.132	0.131	0.131	0.131	0.132	0.121	0.122	0.121	0.122	0.135	0.132	0.133	0.132	0.139	0.132	0.131	0.134	0.122	0.121	0.121	0.120	0.133	0.135	0.135	0.136	0.131	0.134	0.132	0.133	0.122	0.122	0.122	0.122	0.134	0.135	0.141	0.137	0.134	0.132	0.131	0.136	0.124	0.124	0.125	0.120	0.135	0.138	0.135	0.134	0.130	0.131	0.132	0.136	0.121	0.122	0.124	0.122	0.133	0.135	0.133	0.133	0.133	0.134	0.131	0.133												
0:20:00													0.120	0.121	0.120	0.121	0.135	0.132	0.131	0.132	0.131	0.131	0.131	0.132	0.121	0.122	0.121	0.122	0.134	0.132	0.132	0.132	0.140	0.132	0.131	0.134	0.122	0.121	0.121	0.120	0.133	0.134	0.134	0.135	0.132	0.134	0.132	0.133	0.122	0.122	0.122	0.122	0.134	0.135	0.140	0.137	0.134	0.132	0.131	0.136	0.124	0.124	0.124	0.120	0.135	0.138	0.135	0.133	0.131	0.132	0.132	0.136	0.120	0.122	0.124	0.122	0.133	0.134	0.133	0.132	0.133	0.134	0.131	0.133												
0:40:00													0.121	0.121	0.120	0.121	0.135	0.132	0.131	0.131	0.131	0.132	0.132	0.132	0.121	0.122	0.121	0.122	0.134	0.132	0.132	0.132	0.140	0.131	0.131	0.134	0.122	0.121	0.121	0.120	0.133	0.134	0.134	0.135	0.131	0.134	0.132	0.133	0.121	0.122	0.122	0.122	0.133	0.135	0.140	0.137	0.135	0.132	0.131	0.136	0.124	0.124	0.124	0.120	0.135	0.138	0.135	0.133	0.130	0.132	0.133	0.136	0.120	0.122	0.123	0.121	0.133	0.134	0.133	0.132	0.133	0.134	0.131	0.133												
1:00:00													0.121	0.121	0.120	0.121	0.135	0.132	0.131	0.131	0.131	0.132	0.132	0.132	0.121	0.122	0.121	0.122	0.134	0.132	0.132	0.132	0.140	0.132	0.132	0.134	0.122	0.121	0.121	0.120	0.133	0.134	0.134	0.135	0.132	0.134	0.133	0.134	0.121	0.122	0.122	0.122	0.133	0.135	0.140	0.137	0.134	0.132	0.131	0.136	0.124	0.124	0.125	0.120	0.135	0.137	0.135	0.133	0.130	0.132	0.132	0.136	0.120	0.122	0.123	0.121	0.133	0.134	0.134	0.132	0.133	0.133	0.132	0.133												
1:20:00													0.121	0.121	0.120	0.121	0.135	0.132	0.131	0.131	0.132	0.132	0.132	0.132	0.121	0.122	0.121	0.122	0.134	0.132	0.132	0.132	0.141	0.131	0.132	0.134	0.122	0.121	0.121	0.120	0.133	0.134	0.134	0.135	0.131	0.134	0.133	0.134	0.121	0.122	0.122	0.122	0.133	0.135	0.140	0.137	0.135	0.132	0.132	0.136	0.123	0.124	0.125	0.120	0.134	0.137	0.135	0.133	0.131	0.132	0.133	0.136	0.120	0.122	0.123	0.121	0.133	0.134	0.135	0.132	0.133	0.134	0.132	0.133												
1:40:00													0.121	0.121	0.120	0.121	0.135	0.132	0.131	0.131	0.132	0.132	0.132	0.132	0.122	0.122	0.121	0.122	0.134	0.133	0.133	0.132	0.142	0.132	0.132	0.134	0.122	0.121	0.121	0.120	0.134	0.134	0.134	0.135	0.132	0.134	0.133	0.134	0.121	0.122	0.122	0.122	0.133	0.135	0.141	0.137	0.135	0.133	0.132	0.136	0.123	0.124	0.126	0.120	0.135	0.137	0.136	0.133	0.130	0.132	0.133	0.136	0.120	0.122	0.123	0.121	0.132	0.134	0.136	0.132	0.133	0.134	0.131	0.134												
2:00:00													0.122	0.121	0.121	0.121	0.135	0.132	0.131	0.131	0.133	0.132	0.132	0.132	0.123	0.122	0.121	0.122	0.134	0.133	0.133	0.132	0.143	0.132	0.132	0.134	0.123	0.121	0.121	0.120	0.135	0.134	0.134	0.135	0.131	0.134	0.133	0.135	0.121	0.122	0.122	0.122	0.133	0.135	0.141	0.137	0.135	0.133	0.131	0.136	0.123	0.124	0.127	0.120	0.135	0.138	0.136	0.133	0.131	0.132	0.133	0.137	0.120	0.122	0.123	0.121	0.132	0.134	0.137	0.132	0.133	0.134	0.132	0.134												
2:20:00													0.123	0.121	0.121	0.122	0.136	0.132	0.131	0.132	0.133	0.132	0.133	0.133	0.124	0.122	0.121	0.122	0.134	0.134	0.134	0.132	0.144	0.131	0.132	0.135	0.124	0.121	0.121	0.120	0.135	0.134	0.135	0.135	0.132	0.134	0.134	0.136	0.121	0.122	0.123	0.122	0.133	0.135	0.142	0.137	0.136	0.133	0.132	0.136	0.123	0.124	0.128	0.120	0.134	0.137	0.137	0.133	0.132	0.132	0.133	0.137	0.120	0.122	0.124	0.122	0.133	0.134	0.140	0.132	0.133	0.134	0.132	0.134												
2:40:00													0.125	0.121	0.122	0.122	0.136	0.132	0.132	0.132	0.134	0.132	0.133	0.133	0.125	0.122	0.121	0.122	0.135	0.135	0.135	0.132	0.145	0.132	0.133	0.135	0.125	0.121	0.121	0.120	0.137	0.134	0.135	0.135	0.133	0.134	0.135	0.137	0.121	0.122	0.123	0.122	0.133	0.135	0.144	0.137	0.136	0.133	0.133	0.136	0.123	0.124	0.128	0.120	0.134	0.137	0.138	0.133	0.131	0.132	0.134	0.137	0.120	0.122	0.124	0.122	0.133	0.134	0.143	0.132	0.133	0.134	0.133	0.134												
3:00:00													0.127	0.121	0.122	0.122	0.138	0.132	0.133	0.132	0.135	0.132	0.135	0.133	0.127	0.122	0.121	0.122	0.135	0.136	0.136	0.132	0.147	0.132	0.133	0.135	0.126	0.121	0.122	0.121	0.139	0.134	0.136	0.136	0.133	0.135	0.136	0.137	0.121	0.122	0.123	0.122	0.133	0.135	0.145	0.137	0.138	0.134	0.133	0.136	0.123	0.124	0.131	0.120	0.134	0.137	0.141	0.133	0.132	0.132	0.135	0.137	0.120	0.122	0.125	0.122	0.133	0.134	0.146	0.132	0.133	0.135	0.133	0.135												
3:20:00													0.130	0.121	0.124	0.122	0.140	0.132	0.134	0.132	0.135	0.132	0.136	0.133	0.129	0.122	0.122	0.122	0.137	0.138	0.139	0.132	0.149	0.131	0.134	0.135	0.128	0.121	0.122	0.121	0.142	0.134	0.137	0.136	0.135	0.134	0.138	0.138	0.121	0.122	0.124	0.122	0.133	0.135	0.149	0.137	0.139	0.133	0.134	0.136	0.123	0.124	0.133	0.121	0.134	0.137	0.144	0.133	0.131	0.133	0.136	0.137	0.120	0.122	0.127	0.122	0.133	0.134	0.147	0.133	0.133	0.135	0.135	0.135												
3:40:00													0.133	0.121	0.126	0.122	0.142	0.132	0.136	0.132	0.141	0.132	0.138	0.133	0.133	0.122	0.123	0.122	0.138	0.141	0.144	0.132	0.152	0.131	0.136	0.135	0.131	0.121	0.123	0.121	0.148	0.134	0.139	0.136	0.138	0.135	0.140	0.139	0.121	0.122	0.125	0.122	0.133	0.135	0.152	0.138	0.140	0.133	0.135	0.137	0.123	0.124	0.134	0.121	0.134	0.138	0.149	0.133	0.132	0.132	0.138	0.138	0.120	0.122	0.127	0.122	0.133	0.134	0.153	0.132	0.133	0.134	0.136	0.135												
4:00:00													0.137	0.121	0.129	0.122	0.146	0.132	0.140	0.132	0.143	0.132	0.142	0.134	0.136	0.122	0.124	0.122	0.142	0.146	0.147	0.132	0.155	0.132	0.138	0.135	0.135	0.121	0.124	0.122	0.155	0.134	0.142	0.136	0.141	0.135	0.140	0.141	0.121	0.122	0.127	0.123	0.133	0.136	0.158	0.138	0.142	0.134	0.136	0.137	0.123	0.124	0.140	0.121	0.134	0.138	0.152	0.133	0.131	0.132	0.142	0.137	0.120	0.122	0.131	0.122	0.133	0.134	0.163	0.133	0.133	0.136	0.138	0.135												
4:20:00													0.142	0.121	0.133	0.122	0.153	0.132	0.144	0.132	0.148	0.132	0.143	0.134	0.141	0.122	0.126	0.122	0.145	0.153	0.152	0.132	0.159	0.132	0.141	0.136	0.139	0.121	0.126	0.122	0.163	0.134	0.148	0.136	0.145	0.134	0.144	0.145	0.121	0.122	0.130	0.123	0.133	0.136	0.164	0.138	0.144	0.135	0.141	0.137	0.123	0.125	0.145	0.121	0.134	0.138	0.161	0.133	0.131	0.133	0.145	0.138	0.120	0.123	0.134	0.122	0.132	0.134	0.175	0.133	0.133	0.137	0.141	0.137												
4:40:00													0.148	0.121	0.136	0.122	0.162	0.132	0.151	0.132	0.153	0.132	0.149	0.133	0.145	0.122	0.128	0.122	0.153	0.162	0.161	0.132	0.163	0.132	0.143	0.135	0.145	0.121	0.130	0.123	0.172	0.134	0.153	0.136	0.150	0.135	0.148	0.148	0.121	0.123	0.134	0.123	0.133	0.137	0.176	0.139	0.147	0.135	0.144	0.137	0.123	0.125	0.151	0.121	0.134	0.138	0.171	0.134	0.132	0.133	0.152	0.138	0.120	0.123	0.140	0.123	0.133	0.134	0.192	0.133	0.133	0.137	0.146	0.138												
5:00:00													0.155	0.121	0.145	0.122	0.171	0.132	0.163	0.133	0.161	0.132	0.154	0.134	0.151	0.122	0.131	0.123	0.163	0.176	0.173	0.132	0.173	0.132	0.149	0.136	0.150	0.121	0.134	0.123	0.184	0.134	0.162	0.137	0.156	0.135	0.154	0.156	0.121	0.123	0.140	0.123	0.133	0.137	0.194	0.139	0.154	0.136	0.149	0.137	0.123	0.126	0.158	0.122	0.134	0.139	0.184	0.134	0.132	0.133	0.159	0.139	0.120	0.123	0.146	0.123	0.133	0.135	0.213	0.134	0.133	0.138	0.152	0.136												
5:20:00													0.164	0.121	0.151	0.123	0.188	0.132	0.179	0.133	0.173	0.132	0.162	0.136	0.158	0.122	0.136	0.123	0.172	0.193	0.190	0.132	0.185	0.132	0.156	0.136	0.157	0.121	0.141	0.124	0.200	0.134	0.173	0.137	0.165	0.135	0.163	0.162	0.121	0.123	0.148	0.124	0.133	0.138	0.214	0.140	0.162	0.136	0.158	0.138	0.123	0.126	0.166	0.122	0.134	0.139	0.201	0.134	0.132	0.134	0.169	0.139	0.120	0.124	0.155	0.124	0.133	0.135	0.242	0.136	0.133	0.139	0.159	0.137												
5:40:00													0.178	0.121	0.162	0.123	0.205	0.132	0.199	0.134	0.193	0.132	0.173	0.136	0.168	0.122	0.142	0.123	0.189	0.213	0.217	0.133	0.205	0.132	0.166	0.136	0.167	0.121	0.148	0.125	0.224	0.134	0.190	0.137	0.179	0.135	0.173	0.174	0.121	0.123	0.157	0.124	0.133	0.139	0.241	0.140	0.174	0.140	0.168	0.138	0.123	0.127	0.178	0.123	0.134	0.139	0.228	0.135	0.131	0.134	0.185	0.140	0.120	0.124	0.167	0.124	0.133	0.136	0.279	0.138	0.133	0.140	0.170	0.138												
6:00:00													0.196	0.121	0.176	0.124	0.233	0.132	0.223	0.134	0.214	0.132	0.191	0.137	0.182	0.122	0.149	0.124	0.206	0.242	0.240	0.133	0.228	0.132	0.180	0.136	0.181	0.121	0.160	0.127	0.253	0.134	0.211	0.138	0.198	0.135	0.187	0.192	0.121	0.124	0.171	0.125	0.133	0.139	0.280	0.141	0.187	0.139	0.182	0.139	0.123	0.128	0.195	0.124	0.134	0.139	0.258	0.136	0.132	0.135	0.203	0.140	0.120	0.125	0.183	0.125	0.133	0.136	0.273	0.139	0.133	0.143	0.186	0.140												
6:20:00													0.217	0.121	0.194	0.125	0.266	0.132	0.257	0.135	0.235	0.132	0.211	0.138	0.201	0.122	0.160	0.124	0.232	0.278	0.280	0.134	0.249	0.132	0.201	0.138	0.199	0.121	0.175	0.129	0.291	0.134	0.239	0.139	0.222	0.135	0.205	0.211	0.122	0.124	0.189	0.126	0.133	0.140	0.313	0.143	0.209	0.143	0.202	0.141	0.123	0.129	0.217	0.125	0.134	0.141	0.288	0.137	0.131	0.136	0.224	0.142	0.120	0.126	0.204	0.126	0.133	0.137	0.329	0.141	0.134	0.143	0.206	0.142												
6:40:00													0.238	0.121	0.216	0.126	0.302	0.132	0.292	0.136	0.263	0.132	0.235	0.140	0.222	0.122	0.175	0.125	0.267	0.315	0.323	0.135	0.275	0.132	0.226	0.140	0.218	0.121	0.196	0.129	0.331	0.134	0.275	0.140	0.250	0.135	0.222	0.227	0.121	0.125	0.211	0.127	0.133	0.143	0.322	0.145	0.228	0.143	0.226	0.143	0.123	0.130	0.239	0.126	0.134	0.143	0.295	0.136	0.132	0.136	0.249	0.144	0.120	0.126	0.221	0.128	0.132	0.139	0.407	0.143	0.133	0.145	0.227	0.145												
7:00:00													0.262	0.121	0.237	0.127	0.345	0.132	0.329	0.138	0.290	0.132	0.262	0.141	0.242	0.122	0.192	0.126	0.291	0.364	0.373	0.136	0.298	0.132	0.252	0.139	0.238	0.121	0.221	0.132	0.379	0.134	0.312	0.142	0.274	0.135	0.238	0.246	0.122	0.126	0.232	0.128	0.133	0.144	0.371	0.147	0.250	0.145	0.252	0.144	0.123	0.132	0.265	0.128	0.134	0.143	0.345	0.139	0.132	0.138	0.271	0.145	0.120	0.127	0.242	0.130	0.133	0.140	0.472	0.146	0.134	0.147	0.255	0.144												
7:20:00													0.284	0.122	0.261	0.128	0.403	0.132	0.388	0.140	0.319	0.133	0.284	0.144	0.266	0.122	0.212	0.127	0.339	0.414	0.421	0.138	0.326	0.132	0.282	0.142	0.264	0.121	0.246	0.133	0.432	0.134	0.362	0.144	0.302	0.135	0.257	0.265	0.121	0.127	0.256	0.130	0.133	0.148	0.425	0.150	0.272	0.145	0.279	0.145	0.123	0.133	0.289	0.130	0.134	0.145	0.406	0.138	0.132	0.140	0.295	0.149	0.120	0.130	0.267	0.131	0.132	0.142	0.510	0.150	0.134	0.150	0.283	0.149												
7:40:00													0.312	0.121	0.288	0.130	0.435	0.132	0.437	0.141	0.348	0.132	0.311	0.145	0.289	0.122	0.234	0.129	0.380	0.438	0.472	0.139	0.352	0.132	0.304	0.143	0.288	0.121	0.271	0.136	0.479	0.134	0.414	0.145	0.331	0.135	0.274	0.280	0.122	0.129	0.281	0.132	0.133	0.149	0.470	0.154	0.294	0.150	0.308	0.147	0.123	0.137	0.316	0.132	0.134	0.148	0.457	0.140	0.132	0.141	0.319	0.151	0.120	0.133	0.288	0.134	0.133	0.144	0.511	0.154	0.134	0.153	0.308	0.150												
8:00:00													0.348	0.121	0.319	0.132	0.464	0.132	0.462	0.144	0.382	0.133	0.339	0.149	0.319	0.122	0.259	0.130	0.408	0.458	0.497	0.142	0.386	0.132	0.330	0.147	0.318	0.121	0.298	0.139	0.498	0.134	0.460	0.147	0.364	0.135	0.291	0.299	0.121	0.130	0.308	0.135	0.133	0.154	0.498	0.158	0.319	0.152	0.338	0.148	0.123	0.140	0.352	0.134	0.134	0.153	0.480	0.142	0.132	0.144	0.345	0.157	0.120	0.135	0.317	0.135	0.133	0.146	0.520	0.158	0.134	0.161	0.339	0.155												
8:20:00													0.390	0.121	0.355	0.135	0.486	0.132	0.470	0.146	0.410	0.132	0.367	0.156	0.353	0.122	0.289	0.132	0.418	0.455	0.504	0.145	0.418	0.132	0.357	0.151	0.353	0.121	0.329	0.142	0.502	0.134	0.487	0.154	0.396	0.135	0.311	0.320	0.122	0.132	0.340	0.138	0.133	0.159	0.515	0.162	0.344	0.157	0.368	0.150	0.123	0.145	0.394	0.139	0.134	0.158	0.492	0.147	0.132	0.146	0.371	0.161	0.120	0.139	0.353	0.140	0.133	0.150	0.527	0.161	0.133	0.165	0.371	0.163												
8:40:00													0.450	0.122	0.400	0.139	0.491	0.132	0.479	0.151	0.437	0.133	0.392	0.162	0.398	0.122	0.320	0.136	0.428	0.463	0.510	0.149	0.450	0.132	0.385	0.157	0.401	0.121	0.366	0.146	0.510	0.134	0.497	0.157	0.424	0.135	0.335	0.344	0.121	0.135	0.382	0.143	0.133	0.163	0.531	0.171	0.369	0.171	0.397	0.155	0.123	0.150	0.441	0.145	0.134	0.164	0.508	0.149	0.131	0.150	0.390	0.172	0.120	0.143	0.399	0.144	0.132	0.157	0.541	0.171	0.133	0.174	0.401	0.171												
9:00:00													0.504	0.121	0.453	0.142	0.494	0.132	0.494	0.156	0.445	0.133	0.412	0.171	0.449	0.122	0.357	0.139	0.430	0.475	0.526	0.153	0.462	0.132	0.402	0.160	0.461	0.121	0.415	0.150	0.525	0.134	0.509	0.161	0.441	0.135	0.355	0.370	0.121	0.138	0.437	0.146	0.133	0.181	0.549	0.185	0.397	0.183	0.423	0.162	0.123	0.156	0.495	0.148	0.134	0.167	0.529	0.156	0.132	0.155	0.405	0.180	0.120	0.148	0.454	0.151	0.133	0.163	0.558	0.178	0.133	0.187	0.423	0.178												
9:20:00													0.547	0.122	0.504	0.148	0.520	0.132	0.511	0.160	0.451	0.133	0.419	0.183	0.510	0.122	0.397	0.143	0.435	0.485	0.541	0.160	0.470	0.132	0.416	0.174	0.513	0.121	0.472	0.155	0.543	0.134	0.526	0.174	0.449	0.135	0.370	0.391	0.121	0.142	0.494	0.153	0.133	0.184	0.569	0.195	0.420	0.190	0.434	0.170	0.123	0.163	0.547	0.157	0.134	0.176	0.556	0.164	0.132	0.160	0.408	0.196	0.120	0.155	0.512	0.158	0.132	0.171	0.576	0.193	0.133	0.204	0.431	0.191												
9:40:00													0.586	0.121	0.548	0.155	0.528	0.132	0.528	0.171	0.462	0.133	0.427	0.196	0.554	0.122	0.447	0.147	0.443	0.496	0.558	0.168	0.486	0.132	0.422	0.185	0.550	0.121	0.535	0.163	0.555	0.134	0.542	0.178	0.460	0.135	0.379	0.407	0.122	0.146	0.550	0.159	0.133	0.205	0.591	0.206	0.428	0.172	0.453	0.180	0.123	0.171	0.580	0.165	0.134	0.192	0.579	0.172	0.131	0.167	0.414	0.210	0.120	0.163	0.559	0.166	0.133	0.180	0.593	0.207	0.134	0.223	0.436	0.205												
10:00:00													0.631	0.121	0.586	0.164	0.548	0.132	0.545	0.180	0.480	0.133	0.440	0.212	0.596	0.122	0.497	0.154	0.452	0.508	0.575	0.178	0.507	0.132	0.437	0.196	0.594	0.121	0.581	0.172	0.569	0.134	0.561	0.194	0.476	0.135	0.380	0.416	0.122	0.153	0.592	0.170	0.133	0.231	0.606	0.223	0.444	0.183	0.476	0.188	0.123	0.179	0.629	0.175	0.134	0.194	0.600	0.181	0.132	0.173	0.419	0.225	0.120	0.172	0.598	0.175	0.133	0.194	0.611	0.203	0.134	0.242	0.447	0.218												
10:20:01													0.694	0.121	0.637	0.173	0.561	0.132	0.562	0.194	0.501	0.133	0.460	0.229	0.649	0.122	0.544	0.161	0.460	0.521	0.592	0.189	0.530	0.132	0.462	0.211	0.648	0.121	0.623	0.182	0.582	0.134	0.577	0.208	0.495	0.135	0.384	0.434	0.122	0.160	0.653	0.179	0.133	0.250	0.628	0.239	0.466	0.197	0.500	0.203	0.123	0.190	0.684	0.186	0.134	0.218	0.617	0.193	0.132	0.186	0.426	0.240	0.120	0.183	0.647	0.186	0.133	0.213	0.629	0.203	0.134	0.271	0.463	0.234												
10:40:01													0.821	0.121	0.677	0.184	0.574	0.132	0.574	0.201	0.523	0.133	0.479	0.245	0.715	0.122	0.585	0.172	0.468	0.532	0.607	0.200	0.552	0.132	0.486	0.233	0.728	0.121	0.670	0.195	0.598	0.134	0.595	0.217	0.515	0.135	0.392	0.454	0.122	0.171	0.720	0.193	0.133	0.245	0.645	0.246	0.491	0.211	0.522	0.213	0.123	0.203	0.764	0.200	0.134	0.229	0.635	0.207	0.132	0.200	0.432	0.256	0.120	0.195	0.752	0.200	0.133	0.232	0.641	0.205	0.134	0.293	0.482	0.251												
11:00:01													0.858	0.121	0.776	0.200	0.585	0.132	0.584	0.213	0.542	0.133	0.497	0.270	0.821	0.122	0.640	0.182	0.473	0.543	0.621	0.211	0.572	0.132	0.508	0.248	0.831	0.121	0.729	0.212	0.610	0.134	0.614	0.237	0.535	0.135	0.404	0.470	0.122	0.180	0.838	0.207	0.133	0.300	0.660	0.229	0.513	0.226	0.540	0.238	0.123	0.219	0.848	0.214	0.134	0.282	0.650	0.214	0.132	0.226	0.440	0.269	0.120	0.209	0.812	0.215	0.132	0.268	0.650	0.230	0.134	0.298	0.501	0.265												
11:20:01													0.882	0.121	0.802	0.216	0.597	0.132	0.595	0.225	0.559	0.133	0.511	0.265	0.870	0.122	0.722	0.195	0.477	0.551	0.634	0.227	0.590	0.132	0.526	0.268	0.857	0.121	0.829	0.231	0.625	0.134	0.625	0.259	0.554	0.135	0.415	0.483	0.122	0.194	0.868	0.225	0.133	0.326	0.671	0.242	0.532	0.244	0.553	0.252	0.123	0.239	0.872	0.232	0.134	0.282	0.662	0.237	0.132	0.241	0.446	0.286	0.120	0.226	0.832	0.232	0.132	0.289	0.660	0.226	0.134	0.322	0.517	0.283												
11:40:01													0.900	0.121	0.813	0.236	0.607	0.132	0.605	0.248	0.575	0.133	0.522	0.295	0.893	0.122	0.845	0.209	0.480	0.557	0.647	0.239	0.605	0.132	0.539	0.285	0.884	0.121	0.858	0.251	0.643	0.134	0.635	0.253	0.572	0.135	0.427	0.495	0.122	0.209	0.880	0.244	0.133	0.313	0.683	0.244	0.548	0.254	0.564	0.276	0.123	0.263	0.882	0.253	0.134	0.313	0.671	0.231	0.132	0.257	0.454	0.294	0.120	0.247	0.846	0.249	0.132	0.311	0.668	0.252	0.134	0.351	0.529	0.293												
12:00:01													0.913	0.122	0.822	0.251	0.622	0.132	0.613	0.245	0.589	0.133	0.530	0.291	0.910	0.122	0.866	0.224	0.486	0.560	0.658	0.240	0.622	0.132	0.551	0.294	0.901	0.121	0.875	0.272	0.658	0.134	0.649	0.273	0.590	0.135	0.443	0.510	0.122	0.228	0.886	0.270	0.133	0.335	0.693	0.248	0.560	0.263	0.574	0.287	0.123	0.294	0.889	0.273	0.134	0.369	0.682	0.238	0.132	0.283	0.461	0.301	0.121	0.274	0.847	0.264	0.132	0.371	0.673	0.235	0.134	0.372	0.540	0.300												
12:20:01													0.921	0.121	0.828	0.265	0.630	0.132	0.625	0.255	0.600	0.133	0.540	0.306	0.919	0.122	0.879	0.245	0.489	0.563	0.663	0.239	0.632	0.131	0.562	0.303	0.910	0.121	0.886	0.288	0.668	0.134	0.660	0.258	0.604	0.135	0.451	0.523	0.122	0.248	0.891	0.292	0.133	0.406	0.703	0.251	0.572	0.267	0.581	0.297	0.123	0.326	0.894	0.292	0.134	0.378	0.684	0.247	0.132	0.313	0.469	0.305	0.120	0.305	0.845	0.278	0.132	0.401	0.673	0.261	0.134	0.391	0.551	0.293												
12:40:01													0.932	0.121	0.835	0.279	0.644	0.132	0.632	0.262	0.616	0.133	0.547	0.288	0.931	0.122	0.887	0.268	0.494	0.564	0.672	0.244	0.648	0.132	0.573	0.303	0.924	0.121	0.895	0.306	0.681	0.134	0.668	0.280	0.619	0.135	0.460	0.535	0.122	0.275	0.895	0.314	0.133	0.422	0.707	0.253	0.579	0.271	0.587	0.301	0.123	0.364	0.899	0.306	0.134	0.410	0.686	0.249	0.132	0.337	0.478	0.308	0.120	0.337	0.855	0.301	0.132	0.425	0.672	0.238	0.134	0.400	0.561	0.307												
13:00:01													0.946	0.121	0.839	0.299	0.653	0.132	0.637	0.256	0.628	0.133	0.555	0.306	0.945	0.122	0.893	0.289	0.500	0.564	0.679	0.251	0.658	0.132	0.581	0.307	0.935	0.121	0.901	0.321	0.693	0.134	0.672	0.267	0.632	0.135	0.468	0.548	0.122	0.307	0.899	0.331	0.133	0.427	0.711	0.254	0.583	0.274	0.593	0.302	0.123	0.412	0.906	0.322	0.134	0.436	0.689	0.254	0.132	0.355	0.487	0.310	0.121	0.378	0.860	0.311	0.132	0.405	0.674	0.240	0.134	0.410	0.571	0.307												
13:20:01													0.957	0.121	0.842	0.312	0.663	0.132	0.645	0.244	0.639	0.133	0.561	0.306	0.957	0.122	0.902	0.300	0.506	0.568	0.686	0.254	0.670	0.132	0.590	0.310	0.949	0.121	0.908	0.341	0.706	0.134	0.679	0.265	0.645	0.135	0.473	0.556	0.122	0.342	0.903	0.344	0.132	0.438	0.718	0.255	0.588	0.276	0.599	0.304	0.123	0.464	0.910	0.338	0.134	0.406	0.691	0.272	0.132	0.370	0.496	0.312	0.121	0.426	0.864	0.325	0.132	0.432	0.674	0.244	0.134	0.418	0.580	0.313												
13:40:01													0.966	0.121	0.845	0.331	0.672	0.132	0.652	0.243	0.647	0.133	0.568	0.298	0.967	0.122	0.908	0.324	0.511	0.571	0.693	0.253	0.680	0.132	0.598	0.309	0.955	0.121	0.913	0.358	0.718	0.134	0.682	0.283	0.655	0.135	0.480	0.563	0.122	0.384	0.908	0.362	0.133	0.444	0.728	0.260	0.597	0.278	0.605	0.308	0.123	0.515	0.914	0.348	0.134	0.403	0.694	0.248	0.132	0.380	0.505	0.314	0.121	0.473	0.867	0.333	0.132	0.429	0.677	0.269	0.134	0.430	0.587	0.315												
14:00:01													0.974	0.122	0.845	0.341	0.681	0.132	0.656	0.261	0.659	0.133	0.574	0.307	0.976	0.122	0.913	0.353	0.515	0.574	0.699	0.256	0.692	0.132	0.603	0.315	0.963	0.121	0.917	0.366	0.728	0.134	0.687	0.276	0.667	0.135	0.486	0.570	0.122	0.434	0.915	0.371	0.133	0.454	0.737	0.258	0.604	0.281	0.611	0.309	0.123	0.560	0.917	0.347	0.134	0.416	0.697	0.249	0.132	0.401	0.514	0.316	0.121	0.525	0.869	0.331	0.132	0.458	0.682	0.249	0.134	0.459	0.595	0.318												
14:20:01													0.984	0.121	0.848	0.344	0.692	0.132	0.657	0.254	0.669	0.133	0.580	0.316	0.984	0.122	0.916	0.357	0.519	0.577	0.702	0.261	0.705	0.132	0.609	0.318	0.973	0.121	0.918	0.381	0.736	0.134	0.690	0.270	0.679	0.135	0.494	0.577	0.122	0.485	0.921	0.384	0.133	0.460	0.745	0.263	0.612	0.284	0.618	0.311	0.123	0.601	0.920	0.343	0.134	0.433	0.702	0.253	0.132	0.432	0.523	0.319	0.121	0.564	0.872	0.329	0.132	0.448	0.687	0.245	0.134	0.483	0.601	0.318												
14:40:01													0.995	0.122	0.852	0.347	0.707	0.132	0.661	0.261	0.675	0.133	0.586	0.314	0.996	0.122	0.922	0.358	0.524	0.581	0.707	0.262	0.717	0.132	0.614	0.321	0.986	0.121	0.920	0.393	0.747	0.134	0.696	0.272	0.694	0.135	0.502	0.582	0.122	0.535	0.928	0.393	0.132	0.470	0.754	0.261	0.621	0.286	0.625	0.318	0.123	0.640	0.925	0.340	0.134	0.446	0.710	0.279	0.132	0.455	0.531	0.320	0.121	0.611	0.873	0.328	0.132	0.470	0.692	0.250	0.134	0.499	0.605	0.321												
15:00:01													1.002	0.122	0.851	0.351	0.713	0.132	0.662	0.254	0.683	0.133	0.591	0.316	1.004	0.122	0.922	0.362	0.525	0.583	0.710	0.262	0.726	0.131	0.619	0.323	0.993	0.121	0.919	0.403	0.750	0.134	0.696	0.273	0.704	0.135	0.509	0.588	0.122	0.577	0.925	0.399	0.132	0.485	0.761	0.263	0.630	0.289	0.630	0.319	0.123	0.687	0.922	0.338	0.134	0.472	0.715	0.271	0.132	0.477	0.539	0.322	0.121	0.645	0.871	0.329	0.132	0.494	0.694	0.260	0.134	0.518	0.611	0.321												
15:20:01													1.011	0.122	0.852	0.354	0.722	0.132	0.666	0.269	0.694	0.133	0.596	0.319	1.012	0.122	0.926	0.368	0.529	0.586	0.715	0.268	0.737	0.131	0.627	0.325	1.005	0.121	0.919	0.410	0.757	0.134	0.698	0.281	0.713	0.135	0.513	0.593	0.122	0.616	0.926	0.403	0.132	0.505	0.767	0.264	0.636	0.291	0.637	0.318	0.123	0.774	0.924	0.337	0.134	0.496	0.721	0.259	0.132	0.495	0.548	0.324	0.121	0.712	0.872	0.331	0.132	0.518	0.698	0.253	0.134	0.533	0.618	0.322												
15:40:01													1.020	0.122	0.851	0.357	0.731	0.132	0.669	0.259	0.704	0.133	0.602	0.321	1.022	0.122	0.928	0.373	0.532	0.588	0.720	0.267	0.748	0.132	0.634	0.326	1.015	0.121	0.918	0.416	0.764	0.134	0.705	0.297	0.724	0.135	0.519	0.598	0.122	0.665	0.924	0.405	0.132	0.525	0.766	0.265	0.643	0.293	0.643	0.318	0.123	0.823	0.926	0.338	0.133	0.528	0.727	0.273	0.133	0.508	0.555	0.325	0.121	0.790	0.873	0.333	0.132	0.536	0.703	0.273	0.134	0.539	0.626	0.323												
16:00:01													1.030	0.122	0.853	0.359	0.742	0.132	0.675	0.272	0.714	0.133	0.608	0.322	1.032	0.122	0.930	0.375	0.535	0.589	0.725	0.269	0.757	0.132	0.641	0.329	1.026	0.121	0.920	0.420	0.772	0.134	0.711	0.285	0.735	0.135	0.527	0.605	0.123	0.756	0.926	0.406	0.133	0.544	0.772	0.266	0.652	0.295	0.651	0.322	0.123	0.842	0.928	0.339	0.134	0.539	0.733	0.271	0.133	0.519	0.564	0.328	0.121	0.826	0.875	0.335	0.132	0.547	0.709	0.264	0.135	0.542	0.635	0.325												
16:20:01													1.039	0.122	0.853	0.360	0.751	0.132	0.677	0.268	0.723	0.133	0.615	0.322	1.042	0.122	0.931	0.376	0.539	0.588	0.732	0.277	0.766	0.132	0.650	0.332	1.031	0.121	0.922	0.423	0.779	0.134	0.718	0.294	0.743	0.135	0.535	0.611	0.123	0.838	0.928	0.408	0.132	0.559	0.776	0.274	0.664	0.297	0.659	0.324	0.123	0.859	0.930	0.339	0.133	0.543	0.740	0.263	0.133	0.531	0.573	0.330	0.121	0.840	0.874	0.336	0.132	0.565	0.714	0.291	0.134	0.547	0.642	0.327												
16:40:01													1.046	0.122	0.854	0.360	0.759	0.132	0.678	0.273	0.731	0.133	0.622	0.324	1.050	0.122	0.931	0.377	0.541	0.584	0.738	0.272	0.774	0.132	0.658	0.331	1.039	0.121	0.923	0.424	0.786	0.134	0.723	0.296	0.753	0.135	0.538	0.618	0.123	0.869	0.928	0.409	0.133	0.572	0.779	0.273	0.671	0.298	0.667	0.326	0.123	0.870	0.931	0.339	0.133	0.569	0.747	0.264	0.132	0.540	0.582	0.332	0.121	0.852	0.874	0.337	0.132	0.577	0.721	0.291	0.134	0.555	0.648	0.328												
17:00:01													1.054	0.122	0.854	0.361	0.767	0.132	0.681	0.268	0.739	0.133	0.629	0.325	1.058	0.122	0.932	0.376	0.544	0.581	0.743	0.275	0.782	0.132	0.669	0.335	1.046	0.121	0.924	0.424	0.794	0.134	0.729	0.303	0.761	0.135	0.544	0.626	0.123	0.881	0.929	0.409	0.132	0.583	0.783	0.270	0.678	0.300	0.679	0.325	0.123	0.880	0.934	0.340	0.133	0.567	0.754	0.280	0.133	0.553	0.591	0.334	0.121	0.863	0.875	0.338	0.132	0.586	0.727	0.287	0.135	0.561	0.654	0.330												
17:20:01													1.061	0.122	0.855	0.360	0.775	0.132	0.685	0.277	0.747	0.133	0.637	0.328	1.067	0.122	0.934	0.376	0.548	0.578	0.749	0.276	0.788	0.132	0.678	0.336	1.053	0.121	0.925	0.423	0.801	0.134	0.735	0.299	0.768	0.135	0.549	0.634	0.123	0.891	0.930	0.409	0.132	0.592	0.788	0.271	0.683	0.303	0.688	0.330	0.123	0.890	0.936	0.341	0.133	0.584	0.760	0.268	0.133	0.565	0.600	0.336	0.121	0.875	0.877	0.338	0.132	0.594	0.736	0.288	0.134	0.566	0.661	0.333												
17:40:01													1.068	0.122	0.855	0.360	0.783	0.132	0.694	0.276	0.755	0.133	0.645	0.328	1.075	0.122	0.936	0.375	0.551	0.576	0.755	0.277	0.794	0.131	0.687	0.339	1.059	0.121	0.927	0.422	0.807	0.134	0.741	0.300	0.777	0.135	0.553	0.641	0.123	0.904	0.932	0.409	0.132	0.601	0.792	0.273	0.691	0.305	0.692	0.331	0.123	0.900	0.939	0.342	0.133	0.597	0.766	0.270	0.132	0.577	0.611	0.339	0.121	0.884	0.878	0.339	0.132	0.602	0.744	0.281	0.134	0.580	0.668	0.335												
18:00:01													1.075	0.122	0.854	0.359	0.791	0.132	0.697	0.280	0.762	0.133	0.652	0.329	1.083	0.122	0.937	0.375	0.555	0.575	0.761	0.279	0.799	0.131	0.693	0.340	1.065	0.121	0.928	0.422	0.813	0.134	0.747	0.287	0.784	0.135	0.558	0.647	0.123	0.915	0.932	0.410	0.132	0.610	0.797	0.275	0.696	0.307	0.696	0.334	0.123	0.909	0.941	0.343	0.133	0.606	0.772	0.277	0.133	0.593	0.619	0.342	0.121	0.896	0.879	0.339	0.132	0.613	0.752	0.298	0.134	0.587	0.675	0.338												
18:20:01													1.081	0.122	0.855	0.359	0.800	0.132	0.698	0.277	0.768	0.133	0.659	0.333	1.089	0.122	0.939	0.374	0.560	0.575	0.768	0.283	0.805	0.132	0.701	0.344	1.071	0.121	0.930	0.422	0.819	0.134	0.752	0.305	0.790	0.135	0.562	0.653	0.123	0.925	0.933	0.410	0.132	0.620	0.802	0.277	0.702	0.309	0.702	0.335	0.123	0.919	0.941	0.344	0.133	0.613	0.779	0.274	0.133	0.605	0.628	0.345	0.121	0.906	0.880	0.339	0.132	0.624	0.760	0.282	0.134	0.598	0.681	0.340												
18:40:01													1.088	0.122	0.859	0.361	0.809	0.132	0.701	0.279	0.776	0.133	0.665	0.335	1.098	0.122	0.945	0.376	0.568	0.577	0.775	0.285	0.814	0.132	0.708	0.344	1.080	0.121	0.934	0.426	0.827	0.134	0.759	0.305	0.798	0.135	0.566	0.655	0.123	0.939	0.939	0.413	0.132	0.633	0.807	0.279	0.709	0.312	0.713	0.336	0.123	0.935	0.947	0.347	0.134	0.623	0.786	0.275	0.133	0.618	0.637	0.347	0.121	0.919	0.885	0.341	0.132	0.634	0.769	0.286	0.134	0.608	0.687	0.342												
19:00:01													1.091	0.122	0.856	0.359	0.813	0.132	0.703	0.282	0.782	0.133	0.673	0.338	1.101	0.122	0.942	0.374	0.569	0.577	0.781	0.287	0.819	0.132	0.716	0.349	1.081	0.121	0.933	0.424	0.829	0.134	0.764	0.316	0.805	0.135	0.571	0.662	0.123	0.947	0.936	0.411	0.132	0.643	0.813	0.281	0.713	0.314	0.717	0.340	0.123	0.941	0.944	0.347	0.133	0.633	0.789	0.279	0.133	0.629	0.646	0.349	0.121	0.927	0.883	0.341	0.132	0.645	0.776	0.299	0.134	0.617	0.694	0.345												
19:20:01													1.097	0.122	0.857	0.360	0.819	0.132	0.707	0.287	0.787	0.133	0.680	0.340	1.107	0.122	0.944	0.374	0.574	0.579	0.787	0.290	0.825	0.132	0.722	0.351	1.086	0.121	0.935	0.426	0.835	0.134	0.769	0.309	0.812	0.135	0.575	0.667	0.123	0.957	0.937	0.412	0.132	0.655	0.819	0.283	0.717	0.317	0.719	0.343	0.123	0.951	0.945	0.349	0.133	0.646	0.795	0.285	0.133	0.638	0.655	0.353	0.121	0.938	0.885	0.342	0.132	0.652	0.784	0.286	0.134	0.626	0.701	0.349												
19:40:01													1.101	0.122	0.858	0.361	0.825	0.132	0.712	0.285	0.793	0.133	0.686	0.342	1.113	0.122	0.945	0.374	0.580	0.580	0.792	0.293	0.829	0.132	0.725	0.354	1.091	0.121	0.937	0.430	0.840	0.134	0.775	0.319	0.819	0.135	0.579	0.671	0.123	0.968	0.938	0.413	0.132	0.666	0.826	0.285	0.720	0.320	0.727	0.346	0.123	0.961	0.947	0.352	0.133	0.659	0.800	0.294	0.133	0.648	0.663	0.357	0.121	0.949	0.888	0.343	0.132	0.664	0.792	0.290	0.134	0.635	0.707	0.353												
20:00:01													1.106	0.122	0.860	0.362	0.832	0.133	0.716	0.288	0.798	0.133	0.692	0.345	1.121	0.122	0.946	0.377	0.586	0.582	0.796	0.294	0.835	0.132	0.727	0.360	1.095	0.121	0.939	0.433	0.847	0.134	0.781	0.318	0.825	0.135	0.583	0.675	0.123	0.979	0.940	0.415	0.132	0.677	0.830	0.288	0.723	0.322	0.730	0.350	0.123	0.971	0.948	0.355	0.133	0.672	0.805	0.288	0.133	0.658	0.671	0.361	0.121	0.958	0.890	0.345	0.132	0.677	0.800	0.302	0.134	0.643	0.713	0.356												
20:20:01													1.113	0.122	0.865	0.367	0.840	0.133	0.722	0.294	0.804	0.133	0.697	0.348	1.130	0.122	0.953	0.381	0.597	0.586	0.802	0.297	0.841	0.133	0.728	0.360	1.104	0.121	0.944	0.440	0.854	0.134	0.787	0.324	0.833	0.135	0.587	0.677	0.123	0.990	0.946	0.420	0.132	0.690	0.835	0.289	0.727	0.324	0.735	0.351	0.123	0.986	0.953	0.363	0.133	0.687	0.812	0.290	0.133	0.667	0.678	0.363	0.121	0.970	0.896	0.348	0.132	0.691	0.809	0.291	0.134	0.654	0.716	0.359												
20:40:01													1.115	0.122	0.862	0.367	0.844	0.133	0.726	0.294	0.808	0.133	0.704	0.357	1.128	0.122	0.950	0.379	0.599	0.586	0.807	0.300	0.843	0.132	0.734	0.366	1.104	0.121	0.943	0.440	0.857	0.134	0.791	0.322	0.838	0.135	0.592	0.682	0.123	0.997	0.942	0.420	0.132	0.698	0.840	0.291	0.730	0.326	0.738	0.359	0.123	0.992	0.951	0.362	0.133	0.697	0.815	0.296	0.133	0.674	0.688	0.367	0.121	0.977	0.895	0.349	0.132	0.699	0.813	0.289	0.134	0.662	0.723	0.362												
21:00:01													1.119	0.122	0.863	0.368	0.850	0.133	0.730	0.296	0.812	0.133	0.709	0.366	1.128	0.122	0.952	0.381	0.606	0.588	0.811	0.302	0.846	0.132	0.739	0.368	1.107	0.121	0.945	0.443	0.862	0.134	0.796	0.323	0.843	0.135	0.595	0.685	0.123	1.006	0.943	0.422	0.132	0.708	0.844	0.293	0.735	0.327	0.742	0.364	0.123	1.001	0.952	0.366	0.133	0.708	0.819	0.297	0.133	0.681	0.696	0.371	0.121	0.986	0.895	0.351	0.132	0.708	0.819	0.309	0.134	0.670	0.728	0.364												
21:20:01													1.125	0.122	0.869	0.374	0.858	0.133	0.737	0.297	0.818	0.134	0.716	0.375	1.136	0.123	0.959	0.386	0.617	0.594	0.817	0.304	0.851	0.132	0.745	0.368	1.115	0.122	0.952	0.449	0.868	0.134	0.803	0.325	0.850	0.135	0.600	0.687	0.123	1.018	0.950	0.429	0.132	0.719	0.850	0.295	0.742	0.331	0.746	0.365	0.123	1.014	0.959	0.374	0.133	0.720	0.827	0.302	0.133	0.689	0.704	0.373	0.121	0.998	0.902	0.355	0.132	0.719	0.828	0.306	0.135	0.679	0.732	0.367												
21:40:01													1.126	0.122	0.867	0.374	0.863	0.133	0.741	0.300	0.821	0.134	0.722	0.394	1.130	0.123	0.956	0.384	0.619	0.593	0.822	0.306	0.853	0.132	0.751	0.374	1.114	0.122	0.951	0.449	0.872	0.134	0.808	0.325	0.854	0.135	0.605	0.691	0.123	1.025	0.947	0.428	0.132	0.725	0.856	0.297	0.747	0.334	0.750	0.374	0.123	1.018	0.956	0.373	0.133	0.727	0.830	0.301	0.133	0.697	0.713	0.378	0.121	1.004	0.902	0.355	0.132	0.726	0.833	0.297	0.135	0.684	0.738	0.370												
22:00:01													1.129	0.122	0.869	0.376	0.871	0.133	0.746	0.303	0.826	0.134	0.728	0.405	1.132	0.123	0.958	0.386	0.625	0.597	0.826	0.309	0.856	0.132	0.756	0.376	1.117	0.122	0.953	0.451	0.876	0.134	0.814	0.331	0.858	0.135	0.611	0.694	0.123	1.035	0.949	0.431	0.132	0.732	0.861	0.299	0.752	0.335	0.755	0.377	0.123	1.026	0.958	0.376	0.133	0.734	0.835	0.298	0.133	0.702	0.721	0.381	0.121	1.012	0.905	0.357	0.132	0.735	0.842	0.294	0.135	0.691	0.745	0.372												
22:20:01													1.135	0.122	0.875	0.382	0.879	0.133	0.753	0.299	0.831	0.133	0.734	0.409	1.138	0.123	0.965	0.392	0.634	0.604	0.832	0.311	0.861	0.133	0.760	0.376	1.125	0.122	0.960	0.460	0.884	0.134	0.820	0.337	0.862	0.135	0.616	0.697	0.123	1.048	0.956	0.437	0.132	0.739	0.866	0.300	0.758	0.337	0.759	0.378	0.123	1.037	0.965	0.382	0.133	0.744	0.843	0.307	0.133	0.709	0.729	0.380	0.121	1.023	0.911	0.362	0.132	0.744	0.851	0.305	0.135	0.698	0.750	0.372												
22:40:01													1.137	0.122	0.876	0.384	0.884	0.133	0.756	0.298	0.834	0.133	0.739	0.421	1.140	0.123	0.966	0.394	0.640	0.607	0.836	0.315	0.864	0.133	0.764	0.379	1.129	0.122	0.962	0.461	0.888	0.134	0.825	0.345	0.866	0.135	0.621	0.699	0.123	1.057	0.956	0.439	0.132	0.745	0.872	0.302	0.763	0.339	0.763	0.382	0.123	1.043	0.966	0.386	0.133	0.751	0.848	0.302	0.133	0.714	0.737	0.384	0.122	1.029	0.913	0.364	0.132	0.751	0.857	0.304	0.135	0.703	0.756	0.373												
23:00:01													1.138	0.122	0.874	0.384	0.890	0.133	0.759	0.305	0.835	0.133	0.744	0.437	1.140	0.123	0.963	0.393	0.641	0.605	0.839	0.317	0.866	0.132	0.770	0.387	1.128	0.122	0.961	0.461	0.891	0.134	0.829	0.342	0.868	0.135	0.626	0.702	0.123	1.065	0.954	0.439	0.133	0.750	0.875	0.302	0.767	0.341	0.765	0.393	0.123	1.045	0.964	0.384	0.133	0.757	0.851	0.304	0.133	0.719	0.744	0.393	0.122	1.034	0.912	0.364	0.132	0.758	0.862	0.294	0.135	0.708	0.763	0.375												
23:20:01													1.142	0.122	0.876	0.386	0.897	0.133	0.763	0.307	0.839	0.133	0.749	0.440	1.143	0.123	0.966	0.396	0.647	0.609	0.843	0.318	0.870	0.132	0.774	0.391	1.132	0.121	0.964	0.464	0.896	0.134	0.833	0.340	0.873	0.135	0.631	0.704	0.123	1.073	0.956	0.442	0.132	0.755	0.880	0.303	0.771	0.343	0.767	0.397	0.123	1.051	0.966	0.387	0.133	0.765	0.856	0.302	0.133	0.724	0.751	0.397	0.122	1.040	0.914	0.367	0.132	0.765	0.868	0.308	0.135	0.714	0.768	0.376												
23:40:01													1.145	0.122	0.877	0.389	0.903	0.133	0.767	0.316	0.842	0.133	0.753	0.441	1.146	0.123	0.967	0.399	0.653	0.612	0.846	0.319	0.874	0.132	0.779	0.396	1.136	0.121	0.966	0.467	0.901	0.134	0.838	0.345	0.876	0.135	0.635	0.705	0.123	1.080	0.958	0.446	0.132	0.761	0.885	0.304	0.776	0.346	0.771	0.405	0.123	1.055	0.969	0.390	0.133	0.772	0.861	0.302	0.133	0.730	0.758	0.403	0.122	1.046	0.917	0.370	0.132	0.772	0.874	0.295	0.135	0.720	0.773	0.377												
24:00:01													1.148	0.122	0.880	0.392	0.909	0.133	0.771	0.316	0.846	0.133	0.757	0.442	1.149	0.123	0.969	0.403	0.659	0.615	0.850	0.321	0.878	0.132	0.783	0.401	1.139	0.122	0.967	0.470	0.905	0.134	0.842	0.350	0.879	0.135	0.639	0.706	0.123	1.086	0.959	0.450	0.132	0.767	0.890	0.304	0.781	0.348	0.773	0.411	0.123	1.060	0.971	0.394	0.133	0.778	0.865	0.308	0.133	0.735	0.764	0.409	0.122	1.052	0.919	0.373	0.132	0.780	0.880	0.294	0.135	0.726	0.778	0.379												
24:20:01													1.151	0.122	0.882	0.395	0.916	0.133	0.775	0.316	0.850	0.134	0.761	0.442	1.153	0.123	0.971	0.407	0.666	0.619	0.852	0.320	0.883	0.132	0.787	0.406	1.144	0.122	0.969	0.474	0.909	0.134	0.847	0.349	0.882	0.135	0.644	0.707	0.123	1.092	0.961	0.454	0.132	0.773	0.893	0.305	0.784	0.351	0.775	0.418	0.123	1.064	0.974	0.398	0.133	0.785	0.870	0.314	0.133	0.741	0.770	0.415	0.122	1.057	0.922	0.375	0.132	0.786	0.886	0.297	0.135	0.732	0.782	0.380												
24:40:01													1.157	0.122	0.889	0.403	0.923	0.133	0.780	0.317	0.857	0.134	0.766	0.442	1.160	0.123	0.978	0.415	0.675	0.629	0.858	0.322	0.889	0.132	0.792	0.405	1.151	0.122	0.975	0.479	0.916	0.134	0.853	0.351	0.888	0.135	0.647	0.708	0.123	1.098	0.967	0.461	0.132	0.780	0.899	0.304	0.789	0.353	0.779	0.417	0.123	1.071	0.982	0.407	0.133	0.793	0.877	0.307	0.133	0.747	0.775	0.415	0.122	1.065	0.928	0.381	0.132	0.795	0.893	0.297	0.135	0.739	0.785	0.379												
25:00:01													1.157	0.122	0.888	0.403	0.927	0.133	0.783	0.321	0.859	0.133	0.769	0.440	1.161	0.123	0.975	0.413	0.678	0.627	0.858	0.322	0.891	0.132	0.794	0.420	1.150	0.122	0.973	0.477	0.918	0.134	0.855	0.351	0.889	0.135	0.651	0.709	0.123	1.100	0.965	0.460	0.132	0.784	0.902	0.305	0.792	0.355	0.781	0.428	0.123	1.071	0.981	0.405	0.133	0.797	0.879	0.308	0.133	0.751	0.780	0.426	0.122	1.066	0.926	0.380	0.132	0.799	0.897	0.293	0.135	0.743	0.790	0.382												
25:20:01													1.162	0.122	0.891	0.407	0.935	0.133	0.787	0.319	0.864	0.134	0.772	0.439	1.165	0.123	0.978	0.415	0.689	0.631	0.863	0.323	0.897	0.131	0.798	0.428	1.155	0.122	0.976	0.481	0.924	0.134	0.860	0.355	0.894	0.135	0.655	0.711	0.123	1.106	0.967	0.463	0.132	0.790	0.908	0.304	0.796	0.358	0.784	0.435	0.123	1.075	0.985	0.410	0.133	0.804	0.885	0.317	0.133	0.757	0.786	0.432	0.122	1.072	0.930	0.384	0.132	0.806	0.903	0.297	0.134	0.750	0.795	0.384												
25:40:02													1.165	0.122	0.895	0.412	0.942	0.133	0.791	0.318	0.870	0.134	0.776	0.439	1.169	0.123	0.980	0.418	0.707	0.637	0.866	0.323	0.901	0.131	0.802	0.435	1.159	0.122	0.978	0.483	0.928	0.134	0.865	0.348	0.899	0.136	0.659	0.712	0.123	1.110	0.969	0.466	0.132	0.796	0.912	0.304	0.799	0.359	0.787	0.441	0.123	1.079	0.988	0.414	0.133	0.811	0.891	0.312	0.133	0.763	0.792	0.437	0.122	1.077	0.933	0.386	0.132	0.814	0.908	0.292	0.135	0.755	0.799	0.385												
26:00:02													1.168	0.122	0.897	0.415	0.947	0.133	0.794	0.321	0.875	0.134	0.779	0.439	1.173	0.123	0.981	0.420	0.723	0.647	0.869	0.321	0.906	0.131	0.806	0.442	1.162	0.122	0.980	0.486	0.933	0.134	0.869	0.352	0.903	0.136	0.661	0.713	0.123	1.115	0.970	0.472	0.132	0.801	0.917	0.304	0.802	0.361	0.790	0.447	0.123	1.082	0.990	0.420	0.133	0.817	0.895	0.311	0.133	0.766	0.797	0.442	0.122	1.080	0.935	0.388	0.132	0.820	0.913	0.293	0.134	0.760	0.802	0.386												
26:20:02													1.171	0.122	0.899	0.419	0.951	0.133	0.797	0.319	0.881	0.134	0.782	0.440	1.177	0.123	0.982	0.422	0.733	0.659	0.873	0.321	0.911	0.132	0.809	0.449	1.166	0.122	0.982	0.489	0.938	0.134	0.872	0.355	0.908	0.136	0.665	0.715	0.123	1.119	0.971	0.477	0.132	0.806	0.921	0.303	0.805	0.361	0.793	0.453	0.123	1.085	0.993	0.423	0.133	0.823	0.900	0.306	0.133	0.772	0.801	0.448	0.122	1.084	0.938	0.389	0.132	0.826	0.916	0.291	0.135	0.766	0.807	0.388												
26:40:02													1.175	0.122	0.901	0.423	0.957	0.133	0.799	0.321	0.886	0.134	0.785	0.441	1.181	0.123	0.983	0.427	0.741	0.673	0.876	0.321	0.916	0.132	0.812	0.456	1.169	0.122	0.983	0.491	0.942	0.134	0.876	0.355	0.913	0.136	0.668	0.716	0.123	1.122	0.973	0.482	0.132	0.812	0.924	0.304	0.807	0.362	0.795	0.460	0.123	1.088	0.996	0.427	0.133	0.829	0.903	0.306	0.133	0.778	0.804	0.453	0.122	1.088	0.941	0.391	0.132	0.833	0.919	0.290	0.135	0.771	0.811	0.389												
27:00:02													1.177	0.122	0.903	0.425	0.963	0.133	0.800	0.321	0.891	0.134	0.787	0.440	1.185	0.123	0.984	0.432	0.744	0.681	0.879	0.321	0.920	0.133	0.814	0.462	1.173	0.122	0.984	0.493	0.946	0.134	0.879	0.354	0.917	0.136	0.670	0.716	0.123	1.126	0.973	0.486	0.132	0.816	0.929	0.302	0.811	0.362	0.797	0.464	0.123	1.091	0.998	0.433	0.133	0.835	0.907	0.307	0.133	0.783	0.809	0.457	0.122	1.091	0.942	0.394	0.132	0.841	0.922	0.291	0.134	0.776	0.813	0.392												
27:20:02													1.181	0.122	0.905	0.428	0.968	0.133	0.797	0.321	0.897	0.134	0.791	0.439	1.189	0.123	0.985	0.435	0.748	0.689	0.883	0.321	0.925	0.133	0.817	0.467	1.176	0.122	0.985	0.497	0.951	0.134	0.883	0.355	0.921	0.136	0.673	0.718	0.123	1.129	0.974	0.491	0.132	0.822	0.933	0.303	0.814	0.362	0.801	0.470	0.123	1.093	1.001	0.440	0.133	0.841	0.911	0.307	0.133	0.788	0.813	0.460	0.122	1.095	0.946	0.398	0.132	0.846	0.926	0.291	0.135	0.783	0.816	0.394												
27:40:02													1.184	0.122	0.907	0.430	0.974	0.133	0.791	0.319	0.903	0.134	0.794	0.441	1.193	0.123	0.986	0.439	0.749	0.695	0.886	0.321	0.929	0.133	0.820	0.469	1.180	0.122	0.986	0.498	0.956	0.134	0.887	0.355	0.926	0.136	0.676	0.721	0.123	1.132	0.975	0.492	0.132	0.828	0.936	0.302	0.817	0.362	0.804	0.475	0.123	1.095	1.004	0.447	0.133	0.846	0.914	0.307	0.133	0.793	0.817	0.464	0.122	1.098	0.949	0.402	0.132	0.852	0.929	0.292	0.135	0.788	0.820	0.396												
28:00:02													1.187	0.122	0.910	0.434	0.979	0.133	0.786	0.319	0.908	0.134	0.795	0.443	1.197	0.123	0.987	0.441	0.750	0.699	0.890	0.321	0.933	0.133	0.823	0.471	1.184	0.122	0.987	0.500	0.961	0.134	0.892	0.354	0.931	0.136	0.679	0.725	0.123	1.135	0.977	0.495	0.132	0.834	0.941	0.302	0.820	0.362	0.807	0.478	0.123	1.099	1.006	0.454	0.133	0.851	0.917	0.317	0.133	0.799	0.822	0.467	0.122	1.101	0.952	0.405	0.132	0.859	0.933	0.291	0.135	0.794	0.823	0.399												
28:20:02													1.190	0.122	0.913	0.438	0.986	0.133	0.791	0.317	0.914	0.134	0.799	0.447	1.201	0.123	0.989	0.444	0.750	0.704	0.894	0.320	0.939	0.133	0.826	0.473	1.187	0.122	0.988	0.502	0.966	0.134	0.896	0.351	0.936	0.136	0.685	0.726	0.123	1.138	0.979	0.497	0.132	0.839	0.944	0.301	0.822	0.362	0.810	0.480	0.123	1.101	1.010	0.460	0.133	0.857	0.920	0.309	0.133	0.804	0.826	0.469	0.122	1.105	0.956	0.409	0.132	0.868	0.938	0.293	0.135	0.800	0.827	0.403												
28:40:02													1.193	0.122	0.916	0.443	0.992	0.133	0.796	0.317	0.919	0.134	0.801	0.454	1.205	0.123	0.991	0.447	0.748	0.708	0.898	0.320	0.943	0.133	0.829	0.475	1.190	0.122	0.990	0.504	0.972	0.134	0.901	0.349	0.941	0.136	0.694	0.727	0.123	1.141	0.981	0.500	0.132	0.845	0.949	0.301	0.826	0.362	0.813	0.483	0.123	1.105	1.013	0.465	0.133	0.864	0.924	0.318	0.133	0.809	0.828	0.471	0.122	1.109	0.960	0.413	0.132	0.873	0.948	0.289	0.135	0.807	0.830	0.406												
29:00:02													1.196	0.122	0.918	0.447	1.000	0.133	0.800	0.316	0.925	0.134	0.804	0.462	1.210	0.123	0.993	0.450	0.747	0.710	0.902	0.319	0.947	0.131	0.832	0.477	1.194	0.122	0.992	0.507	0.976	0.134	0.905	0.352	0.946	0.136	0.699	0.728	0.123	1.143	0.983	0.502	0.132	0.850	0.953	0.301	0.829	0.361	0.816	0.485	0.123	1.108	1.016	0.471	0.133	0.870	0.927	0.308	0.133	0.814	0.830	0.474	0.122	1.111	0.963	0.417	0.132	0.880	0.959	0.291	0.135	0.814	0.833	0.410												
29:20:02													1.200	0.122	0.922	0.452	1.007	0.133	0.805	0.317	0.930	0.134	0.806	0.467	1.214	0.123	0.995	0.455	0.746	0.713	0.906	0.318	0.952	0.133	0.835	0.480	1.197	0.122	0.994	0.512	0.982	0.134	0.909	0.348	0.952	0.136	0.703	0.730	0.123	1.147	0.986	0.505	0.132	0.857	0.958	0.301	0.832	0.361	0.820	0.487	0.123	1.113	1.020	0.476	0.133	0.876	0.931	0.309	0.134	0.819	0.830	0.477	0.122	1.115	0.967	0.422	0.132	0.888	0.970	0.290	0.135	0.820	0.837	0.414												
29:40:02													1.205	0.123	0.929	0.461	1.017	0.133	0.810	0.316	0.938	0.134	0.810	0.472	1.221	0.123	1.002	0.464	0.746	0.723	0.911	0.318	0.959	0.133	0.839	0.477	1.204	0.122	0.999	0.518	0.988	0.134	0.915	0.353	0.958	0.136	0.707	0.729	0.123	1.151	0.992	0.512	0.132	0.864	0.962	0.299	0.837	0.361	0.824	0.487	0.123	1.119	1.026	0.485	0.133	0.883	0.935	0.310	0.134	0.825	0.832	0.477	0.122	1.121	0.974	0.431	0.132	0.895	0.980	0.292	0.135	0.824	0.840	0.413												
30:00:02													1.204	0.122	0.927	0.460	1.023	0.133	0.810	0.318	0.940	0.134	0.810	0.475	1.221	0.123	1.000	0.463	0.741	0.718	0.913	0.317	0.961	0.132	0.840	0.484	1.203	0.122	0.998	0.517	0.991	0.134	0.918	0.353	0.962	0.136	0.706	0.730	0.123	1.152	0.990	0.512	0.133	0.867	0.965	0.299	0.837	0.361	0.825	0.492	0.123	1.119	1.025	0.484	0.133	0.887	0.937	0.309	0.134	0.829	0.831	0.482	0.122	1.123	0.973	0.429	0.132	0.900	0.984	0.289	0.135	0.830	0.844	0.424												
30:20:02													1.208	0.123	0.930	0.464	1.028	0.133	0.815	0.317	0.945	0.134	0.812	0.478	1.224	0.123	1.003	0.467	0.740	0.719	0.917	0.317	0.966	0.132	0.844	0.486	1.206	0.122	1.000	0.520	0.995	0.134	0.922	0.350	0.967	0.136	0.707	0.730	0.123	1.155	0.993	0.516	0.132	0.873	0.969	0.300	0.841	0.360	0.828	0.493	0.123	1.121	1.029	0.489	0.133	0.893	0.941	0.308	0.134	0.835	0.831	0.484	0.122	1.125	0.977	0.435	0.132	0.907	0.989	0.288	0.135	0.835	0.847	0.429												
30:40:02													1.209	0.122	0.933	0.469	1.033	0.133	0.821	0.317	0.951	0.134	0.814	0.480	1.227	0.123	1.005	0.470	0.738	0.720	0.920	0.316	0.970	0.132	0.846	0.488	1.209	0.122	1.003	0.522	1.000	0.134	0.926	0.347	0.971	0.136	0.706	0.728	0.123	1.157	0.996	0.518	0.132	0.877	0.976	0.298	0.843	0.360	0.830	0.494	0.123	1.124	1.032	0.494	0.133	0.899	0.944	0.315	0.133	0.839	0.831	0.486	0.122	1.128	0.980	0.440	0.132	0.912	0.993	0.287	0.135	0.841	0.850	0.435												
31:00:02													1.212	0.122	0.935	0.473	1.037	0.133	0.826	0.313	0.955	0.135	0.816	0.481	1.230	0.123	1.008	0.474	0.736	0.721	0.923	0.316	0.974	0.133	0.849	0.490	1.212	0.122	1.005	0.525	1.004	0.134	0.930	0.346	0.977	0.136	0.704	0.726	0.123	1.160	0.998	0.522	0.132	0.882	0.985	0.298	0.846	0.360	0.833	0.496	0.123	1.127	1.036	0.499	0.133	0.905	0.947	0.314	0.134	0.845	0.831	0.488	0.122	1.130	0.984	0.444	0.132	0.920	0.995	0.286	0.135	0.846	0.855	0.440												
31:20:02													1.214	0.122	0.938	0.478	1.043	0.133	0.832	0.316	0.960	0.134	0.818	0.482	1.233	0.123	1.010	0.478	0.734	0.722	0.927	0.316	0.979	0.133	0.851	0.491	1.215	0.122	1.007	0.528	1.009	0.134	0.934	0.346	0.981	0.136	0.701	0.724	0.123	1.162	1.002	0.526	0.132	0.887	0.993	0.298	0.849	0.359	0.835	0.497	0.123	1.130	1.040	0.502	0.133	0.910	0.951	0.309	0.134	0.850	0.833	0.489	0.122	1.133	0.987	0.449	0.132	0.923	0.997	0.289	0.134	0.851	0.861	0.446												
31:40:02													1.217	0.122	0.942	0.482	1.048	0.133	0.839	0.314	0.965	0.134	0.821	0.483	1.235	0.123	1.013	0.482	0.733	0.722	0.930	0.316	0.983	0.133	0.854	0.493	1.218	0.122	1.010	0.532	1.014	0.134	0.938	0.346	0.986	0.136	0.698	0.723	0.123	1.164	1.005	0.530	0.132	0.896	1.002	0.298	0.852	0.359	0.838	0.498	0.123	1.133	1.043	0.504	0.133	0.916	0.953	0.311	0.134	0.854	0.833	0.490	0.122	1.136	0.990	0.453	0.132	0.930	0.998	0.287	0.135	0.856	0.870	0.451												
32:00:02													1.220	0.122	0.945	0.488	1.052	0.133	0.843	0.314	0.969	0.134	0.825	0.484	1.238	0.123	1.015	0.486	0.731	0.721	0.934	0.316	0.988	0.133	0.856	0.495	1.221	0.122	1.012	0.534	1.019	0.134	0.943	0.350	0.990	0.136	0.695	0.722	0.123	1.166	1.008	0.533	0.132	0.896	1.008	0.298	0.855	0.359	0.841	0.498	0.123	1.137	1.046	0.507	0.133	0.921	0.959	0.319	0.134	0.859	0.834	0.491	0.122	1.139	0.993	0.458	0.132	0.937	0.997	0.289	0.135	0.863	0.877	0.456												
32:20:02													1.224	0.122	0.953	0.498	1.058	0.133	0.852	0.313	0.975	0.135	0.834	0.485	1.244	0.123	1.023	0.494	0.732	0.726	0.939	0.316	0.994	0.133	0.860	0.493	1.228	0.122	1.017	0.542	1.026	0.134	0.949	0.352	0.996	0.136	0.694	0.721	0.123	1.169	1.014	0.539	0.132	0.903	1.016	0.297	0.861	0.359	0.845	0.498	0.123	1.143	1.054	0.516	0.133	0.928	0.969	0.309	0.134	0.865	0.836	0.491	0.122	1.144	1.000	0.469	0.132	0.944	0.998	0.285	0.134	0.871	0.884	0.454												
32:40:02													1.225	0.122	0.951	0.497	1.059	0.133	0.860	0.309	0.978	0.134	0.839	0.485	1.243	0.123	1.021	0.494	0.729	0.721	0.940	0.315	0.996	0.133	0.862	0.497	1.227	0.122	1.018	0.542	1.028	0.134	0.954	0.350	0.999	0.136	0.689	0.721	0.123	1.170	1.013	0.540	0.132	0.907	1.021	0.297	0.861	0.359	0.846	0.499	0.123	1.142	1.053	0.514	0.133	0.931	0.972	0.307	0.134	0.869	0.836	0.492	0.123	1.147	1.000	0.468	0.132	0.949	0.995	0.287	0.135	0.877	0.887	0.465												
33:00:02													1.230	0.122	0.959	0.507	1.062	0.133	0.871	0.311	0.983	0.134	0.843	0.484	1.249	0.123	1.029	0.502	0.729	0.723	0.946	0.315	1.002	0.133	0.865	0.495	1.234	0.122	1.023	0.549	1.035	0.134	0.963	0.348	1.005	0.136	0.689	0.720	0.123	1.173	1.020	0.547	0.132	0.914	1.026	0.297	0.867	0.359	0.851	0.499	0.123	1.148	1.061	0.523	0.133	0.938	0.982	0.307	0.133	0.874	0.838	0.493	0.122	1.151	1.008	0.478	0.132	0.961	0.994	0.286	0.135	0.879	0.891	0.464												
33:20:02													1.232	0.123	0.959	0.506	1.062	0.133	0.877	0.313	0.986	0.134	0.842	0.484	1.250	0.123	1.028	0.502	0.726	0.718	0.952	0.315	1.006	0.133	0.869	0.500	1.234	0.122	1.024	0.548	1.038	0.134	0.969	0.351	1.008	0.136	0.685	0.721	0.124	1.174	1.020	0.549	0.132	0.918	1.026	0.297	0.869	0.360	0.853	0.501	0.123	1.149	1.061	0.524	0.133	0.942	0.987	0.307	0.134	0.879	0.839	0.495	0.123	1.154	1.008	0.477	0.133	0.962	0.991	0.284	0.135	0.886	0.892	0.472												
33:40:02													1.237	0.123	0.968	0.517	1.064	0.133	0.886	0.309	0.992	0.134	0.846	0.482	1.255	0.123	1.035	0.510	0.727	0.721	0.957	0.315	1.011	0.133	0.873	0.499	1.241	0.122	1.030	0.556	1.045	0.134	0.974	0.348	1.014	0.136	0.685	0.721	0.124	1.177	1.027	0.555	0.132	0.925	1.025	0.297	0.874	0.361	0.857	0.501	0.123	1.155	1.069	0.536	0.133	0.949	0.995	0.307	0.134	0.884	0.840	0.495	0.123	1.159	1.015	0.487	0.132	0.973	0.990	0.278	0.134	0.891	0.891	0.471												
34:00:02													1.240	0.123	0.971	0.522	1.065	0.133	0.893	0.308	0.996	0.135	0.846	0.484	1.258	0.123	1.038	0.515	0.725	0.719	0.956	0.314	1.015	0.133	0.877	0.500	1.244	0.122	1.033	0.558	1.050	0.134	0.977	0.354	1.018	0.136	0.684	0.721	0.124	1.179	1.030	0.559	0.132	0.930	1.022	0.297	0.877	0.361	0.860	0.502	0.123	1.158	1.072	0.540	0.133	0.953	0.999	0.307	0.134	0.888	0.840	0.494	0.123	1.163	1.019	0.492	0.132	0.979	0.987	0.279	0.135	0.897	0.889	0.474												
34:20:02													1.240	0.123	0.970	0.522	1.063	0.133	0.896	0.311	0.998	0.135	0.845	0.489	1.258	0.123	1.037	0.515	0.721	0.714	0.954	0.314	1.016	0.133	0.884	0.505	1.242	0.122	1.033	0.558	1.052	0.134	0.979	0.346	1.020	0.136	0.682	0.720	0.124	1.179	1.028	0.559	0.132	0.934	1.018	0.297	0.877	0.361	0.862	0.503	0.123	1.157	1.071	0.539	0.133	0.957	0.999	0.311	0.134	0.892	0.840	0.494	0.123	1.164	1.018	0.491	0.133	0.984	0.983	0.281	0.135	0.902	0.884	0.481												
34:40:02													1.243	0.123	0.973	0.527	1.064	0.133	0.902	0.313	1.002	0.135	0.846	0.491	1.260	0.123	1.040	0.519	0.721	0.713	0.958	0.314	1.020	0.133	0.887	0.507	1.246	0.122	1.035	0.562	1.055	0.134	0.983	0.350	1.024	0.137	0.680	0.720	0.124	1.181	1.030	0.564	0.133	0.937	1.015	0.296	0.881	0.361	0.864	0.503	0.123	1.160	1.075	0.544	0.133	0.962	0.999	0.318	0.134	0.896	0.841	0.493	0.123	1.167	1.021	0.496	0.133	0.991	0.982	0.281	0.135	0.908	0.881	0.482												
35:00:02													1.248	0.123	0.981	0.537	1.066	0.133	0.908	0.311	1.009	0.135	0.849	0.492	1.266	0.123	1.046	0.528	0.722	0.715	0.964	0.314	1.025	0.134	0.890	0.505	1.253	0.122	1.040	0.569	1.063	0.134	0.988	0.353	1.030	0.136	0.681	0.719	0.124	1.185	1.037	0.570	0.132	0.944	1.014	0.296	0.888	0.364	0.869	0.503	0.123	1.166	1.082	0.553	0.133	0.970	0.998	0.309	0.134	0.900	0.842	0.491	0.123	1.173	1.028	0.507	0.132	0.997	0.981	0.278	0.135	0.914	0.880	0.481												
35:20:02													1.248	0.123	0.980	0.537	1.063	0.133	0.909	0.311	1.010	0.135	0.848	0.498	1.264	0.123	1.044	0.527	0.719	0.710	0.967	0.313	1.026	0.133	0.891	0.509	1.251	0.122	1.040	0.569	1.064	0.134	0.990	0.348	1.031	0.136	0.678	0.719	0.124	1.185	1.036	0.572	0.133	0.946	1.012	0.296	0.890	0.363	0.871	0.503	0.123	1.165	1.081	0.550	0.133	0.971	0.994	0.307	0.134	0.903	0.840	0.490	0.123	1.174	1.028	0.507	0.133	1.002	0.977	0.279	0.135	0.921	0.876	0.482												
35:40:02													1.251	0.123	0.983	0.542	1.064	0.133	0.913	0.307	1.014	0.135	0.849	0.503	1.267	0.123	1.047	0.532	0.718	0.709	0.971	0.313	1.030	0.133	0.892	0.510	1.254	0.122	1.042	0.573	1.068	0.134	0.993	0.351	1.035	0.136	0.678	0.718	0.124	1.187	1.038	0.575	0.132	0.951	1.010	0.295	0.898	0.364	0.875	0.503	0.123	1.168	1.084	0.553	0.133	0.977	0.993	0.316	0.134	0.908	0.840	0.489	0.123	1.178	1.030	0.512	0.133	1.008	0.976	0.276	0.135	0.925	0.874	0.483												
36:00:02													1.254	0.123	0.985	0.547	1.064	0.133	0.915	0.310	1.018	0.135	0.849	0.506	1.270	0.123	1.050	0.536	0.717	0.708	0.974	0.313	1.034	0.133	0.893	0.511	1.256	0.122	1.044	0.576	1.072	0.134	0.994	0.355	1.038	0.136	0.677	0.718	0.124	1.190	1.041	0.578	0.132	0.955	1.008	0.295	0.903	0.366	0.881	0.503	0.123	1.170	1.087	0.557	0.133	0.982	0.991	0.305	0.134	0.912	0.839	0.488	0.123	1.182	1.033	0.518	0.133	1.014	0.973	0.278	0.135	0.931	0.872	0.483												
36:20:02													1.257	0.123	0.988	0.552	1.063	0.133	0.912	0.311	1.023	0.135	0.849	0.507	1.272	0.123	1.052	0.539	0.716	0.707	0.976	0.314	1.036	0.133	0.895	0.513	1.259	0.122	1.047	0.579	1.077	0.134	0.994	0.351	1.042	0.136	0.677	0.717	0.124	1.192	1.044	0.581	0.132	0.960	1.007	0.295	0.905	0.367	0.884	0.503	0.123	1.173	1.090	0.561	0.133	0.987	0.991	0.317	0.134	0.916	0.839	0.486	0.123	1.186	1.036	0.523	0.132	1.020	0.972	0.275	0.135	0.938	0.871	0.483												
36:40:02													1.260	0.123	0.992	0.558	1.062	0.133	0.908	0.310	1.033	0.135	0.849	0.508	1.275	0.123	1.054	0.543	0.715	0.706	0.977	0.314	1.040	0.133	0.897	0.514	1.262	0.122	1.049	0.582	1.082	0.134	0.992	0.353	1.046	0.136	0.677	0.717	0.124	1.195	1.046	0.585	0.132	0.965	1.007	0.295	0.905	0.369	0.886	0.504	0.124	1.176	1.093	0.566	0.133	0.993	0.989	0.305	0.134	0.920	0.839	0.485	0.123	1.189	1.039	0.527	0.133	1.028	0.970	0.274	0.135	0.945	0.870	0.483												
37:00:02													1.263	0.123	0.994	0.562	1.062	0.133	0.906	0.309	1.038	0.135	0.849	0.509	1.278	0.123	1.057	0.546	0.715	0.704	0.977	0.314	1.044	0.133	0.898	0.515	1.265	0.122	1.051	0.585	1.087	0.134	0.990	0.359	1.050	0.136	0.677	0.717	0.124	1.197	1.049	0.589	0.132	0.969	1.006	0.295	0.905	0.371	0.889	0.504	0.124	1.179	1.096	0.569	0.133	0.999	0.989	0.313	0.134	0.924	0.838	0.484	0.123	1.192	1.042	0.534	0.132	1.035	0.969	0.274	0.135	0.955	0.870	0.483												
37:20:02													1.266	0.123	0.998	0.565	1.062	0.133	0.904	0.305	1.042	0.134	0.848	0.510	1.281	0.123	1.059	0.550	0.713	0.703	0.977	0.314	1.047	0.133	0.900	0.517	1.268	0.122	1.053	0.588	1.092	0.134	0.987	0.360	1.054	0.136	0.677	0.717	0.124	1.199	1.051	0.592	0.132	0.973	1.005	0.295	0.905	0.373	0.890	0.504	0.123	1.182	1.099	0.574	0.133	1.006	0.988	0.306	0.134	0.928	0.838	0.482	0.123	1.194	1.045	0.540	0.132	1.042	0.967	0.273	0.135	0.959	0.869	0.482												
37:40:02													1.270	0.123	1.002	0.570	1.061	0.133	0.902	0.305	1.046	0.135	0.848	0.511	1.284	0.123	1.061	0.553	0.713	0.702	0.976	0.315	1.051	0.134	0.901	0.524	1.272	0.122	1.056	0.592	1.097	0.134	0.985	0.365	1.058	0.136	0.677	0.717	0.124	1.203	1.054	0.595	0.132	0.978	1.004	0.296	0.906	0.376	0.893	0.504	0.124	1.185	1.103	0.577	0.133	1.012	0.987	0.305	0.134	0.933	0.838	0.482	0.123	1.197	1.048	0.544	0.133	1.047	0.966	0.272	0.136	0.961	0.869	0.483												
38:00:02													1.272	0.123	1.004	0.575	1.061	0.133	0.900	0.304	1.050	0.135	0.847	0.511	1.287	0.123	1.063	0.556	0.712	0.700	0.975	0.314	1.054	0.134	0.902	0.527	1.274	0.122	1.058	0.596	1.100	0.134	0.983	0.366	1.062	0.137	0.676	0.716	0.124	1.206	1.056	0.599	0.133	0.984	1.003	0.296	0.906	0.379	0.894	0.503	0.124	1.188	1.106	0.582	0.133	1.020	0.987	0.315	0.134	0.936	0.837	0.480	0.123	1.199	1.051	0.550	0.133	1.054	0.965	0.271	0.135	0.969	0.868	0.482												
38:20:02													1.275	0.123	1.008	0.580	1.061	0.133	0.896	0.306	1.054	0.135	0.847	0.511	1.290	0.123	1.066	0.559	0.711	0.699	0.974	0.314	1.058	0.134	0.903	0.527	1.277	0.122	1.060	0.600	1.103	0.134	0.982	0.365	1.066	0.136	0.677	0.716	0.124	1.208	1.059	0.603	0.132	0.989	1.002	0.296	0.906	0.382	0.896	0.503	0.124	1.191	1.109	0.587	0.133	1.023	0.985	0.303	0.134	0.942	0.835	0.480	0.123	1.202	1.055	0.556	0.133	1.058	0.964	0.269	0.136	0.975	0.867	0.481												
38:40:02													1.278	0.123	1.010	0.585	1.060	0.133	0.894	0.303	1.057	0.135	0.847	0.511	1.293	0.123	1.068	0.562	0.711	0.698	0.972	0.314	1.061	0.134	0.903	0.527	1.280	0.122	1.063	0.603	1.107	0.134	0.980	0.366	1.071	0.136	0.677	0.715	0.124	1.210	1.060	0.605	0.132	0.993	1.001	0.296	0.906	0.385	0.898	0.503	0.124	1.194	1.112	0.590	0.133	1.028	0.985	0.304	0.134	0.946	0.835	0.479	0.123	1.204	1.057	0.561	0.133	1.062	0.962	0.268	0.135	0.981	0.866	0.480												
39:00:02													1.281	0.123	1.012	0.590	1.059	0.133	0.892	0.302	1.060	0.135	0.848	0.511	1.295	0.123	1.071	0.567	0.710	0.697	0.972	0.315	1.064	0.134	0.904	0.526	1.284	0.122	1.065	0.606	1.110	0.134	0.979	0.369	1.079	0.136	0.677	0.715	0.124	1.214	1.064	0.608	0.132	0.997	1.000	0.297	0.908	0.392	0.899	0.503	0.124	1.196	1.116	0.596	0.133	1.033	0.983	0.314	0.134	0.950	0.833	0.478	0.123	1.207	1.060	0.567	0.133	1.067	0.961	0.268	0.135	0.987	0.865	0.480												
39:20:03													1.284	0.123	1.015	0.594	1.059	0.133	0.890	0.303	1.063	0.135	0.847	0.511	1.298	0.123	1.073	0.571	0.709	0.696	0.970	0.316	1.068	0.134	0.904	0.527	1.286	0.122	1.067	0.609	1.113	0.134	0.978	0.373	1.084	0.136	0.677	0.715	0.124	1.217	1.065	0.611	0.133	1.002	0.999	0.298	0.909	0.397	0.901	0.502	0.124	1.199	1.120	0.599	0.133	1.038	0.983	0.308	0.134	0.954	0.833	0.477	0.123	1.210	1.063	0.571	0.133	1.070	0.960	0.267	0.135	0.992	0.865	0.479												
39:40:03													1.287	0.123	1.018	0.599	1.058	0.133	0.887	0.302	1.065	0.135	0.848	0.510	1.300	0.123	1.076	0.574	0.708	0.696	0.971	0.317	1.072	0.134	0.905	0.525	1.289	0.122	1.069	0.614	1.116	0.134	0.976	0.376	1.087	0.137	0.677	0.714	0.124	1.219	1.067	0.613	0.132	1.007	0.997	0.298	0.909	0.402	0.902	0.502	0.124	1.202	1.123	0.604	0.133	1.044	0.982	0.303	0.134	0.959	0.832	0.476	0.123	1.213	1.067	0.579	0.133	1.076	0.959	0.268	0.135	0.995	0.864	0.478												
40:00:03													1.290	0.123	1.021	0.604	1.058	0.133	0.883	0.297	1.067	0.135	0.848	0.510	1.303	0.123	1.078	0.579	0.708	0.695	0.970	0.318	1.078	0.134	0.905	0.523	1.292	0.122	1.072	0.616	1.118	0.134	0.976	0.377	1.091	0.136	0.677	0.713	0.124	1.221	1.070	0.616	0.132	1.012	0.996	0.299	0.910	0.407	0.904	0.503	0.124	1.204	1.127	0.608	0.133	1.050	0.981	0.305	0.134	0.963	0.830	0.475	0.123	1.216	1.069	0.584	0.132	1.077	0.958	0.264	0.134	1.000	0.863	0.477												
40:20:03													1.293	0.123	1.024	0.608	1.058	0.133	0.882	0.301	1.069	0.135	0.849	0.509	1.306	0.123	1.080	0.582	0.708	0.694	0.968	0.319	1.085	0.134	0.905	0.523	1.294	0.122	1.074	0.621	1.120	0.134	0.975	0.379	1.093	0.137	0.677	0.713	0.124	1.224	1.073	0.619	0.132	1.016	0.995	0.300	0.911	0.412	0.906	0.502	0.124	1.206	1.131	0.612	0.133	1.056	0.980	0.314	0.134	0.968	0.829	0.474	0.123	1.218	1.072	0.589	0.132	1.081	0.957	0.263	0.134	1.006	0.862	0.476												
40:40:03													1.295	0.123	1.027	0.611	1.057	0.133	0.880	0.299	1.069	0.135	0.849	0.507	1.308	0.123	1.082	0.585	0.707	0.693	0.967	0.321	1.088	0.134	0.906	0.520	1.297	0.122	1.077	0.623	1.123	0.134	0.974	0.381	1.096	0.136	0.677	0.712	0.124	1.225	1.075	0.622	0.133	1.022	0.994	0.300	0.912	0.416	0.907	0.502	0.124	1.208	1.135	0.616	0.133	1.062	0.978	0.313	0.134	0.972	0.827	0.473	0.123	1.221	1.075	0.594	0.132	1.084	0.956	0.263	0.136	1.011	0.862	0.475												
41:00:03													1.297	0.123	1.029	0.614	1.056	0.133	0.879	0.295	1.071	0.135	0.848	0.506	1.311	0.123	1.084	0.589	0.706	0.692	0.967	0.323	1.092	0.134	0.906	0.518	1.300	0.122	1.079	0.625	1.125	0.134	0.973	0.384	1.099	0.136	0.677	0.712	0.124	1.227	1.077	0.626	0.132	1.026	0.993	0.301	0.912	0.421	0.908	0.501	0.124	1.210	1.138	0.619	0.133	1.067	0.978	0.306	0.134	0.976	0.827	0.472	0.123	1.224	1.077	0.597	0.132	1.088	0.956	0.262	0.135	1.014	0.860	0.474												
41:20:03													1.302	0.123	1.037	0.621	1.059	0.133	0.880	0.294	1.074	0.135	0.850	0.505	1.316	0.123	1.093	0.596	0.710	0.695	0.968	0.328	1.097	0.134	0.908	0.516	1.306	0.122	1.085	0.631	1.131	0.134	0.974	0.393	1.103	0.137	0.679	0.712	0.124	1.230	1.085	0.631	0.132	1.033	0.994	0.305	0.916	0.430	0.911	0.500	0.123	1.216	1.145	0.625	0.133	1.074	0.979	0.309	0.134	0.982	0.826	0.472	0.123	1.228	1.084	0.603	0.132	1.095	0.957	0.260	0.134	1.020	0.861	0.474												
41:40:03													1.303	0.123	1.037	0.621	1.057	0.134	0.878	0.294	1.074	0.135	0.847	0.505	1.317	0.123	1.090	0.598	0.706	0.691	0.966	0.327	1.099	0.134	0.908	0.516	1.306	0.122	1.085	0.632	1.131	0.134	0.972	0.388	1.104	0.137	0.677	0.712	0.124	1.232	1.083	0.632	0.132	1.038	0.992	0.302	0.915	0.430	0.912	0.498	0.124	1.216	1.145	0.625	0.133	1.077	0.976	0.306	0.135	0.986	0.825	0.470	0.123	1.231	1.083	0.604	0.133	1.100	0.955	0.261	0.136	1.025	0.860	0.473												
42:00:03													1.309	0.123	1.044	0.627	1.060	0.134	0.880	0.294	1.078	0.135	0.849	0.503	1.323	0.123	1.098	0.605	0.709	0.695	0.968	0.333	1.104	0.134	0.909	0.514	1.313	0.122	1.091	0.638	1.136	0.134	0.973	0.396	1.109	0.137	0.679	0.712	0.124	1.235	1.091	0.636	0.132	1.044	0.992	0.307	0.919	0.437	0.915	0.497	0.124	1.221	1.152	0.631	0.133	1.083	0.977	0.315	0.134	0.991	0.824	0.469	0.123	1.235	1.092	0.609	0.132	1.106	0.955	0.260	0.134	1.031	0.860	0.472												
42:20:03													1.309	0.123	1.041	0.627	1.055	0.133	0.877	0.293	1.076	0.135	0.846	0.502	1.323	0.123	1.094	0.605	0.706	0.690	0.966	0.330	1.104	0.134	0.908	0.512	1.311	0.122	1.091	0.639	1.135	0.134	0.971	0.390	1.108	0.137	0.677	0.711	0.124	1.235	1.089	0.638	0.132	1.048	0.990	0.303	0.916	0.437	0.913	0.494	0.124	1.220	1.151	0.630	0.133	1.085	0.975	0.316	0.134	0.995	0.823	0.468	0.123	1.236	1.091	0.609	0.132	1.108	0.954	0.260	0.134	1.034	0.858	0.471												
42:40:03													1.312	0.123	1.044	0.631	1.055	0.134	0.876	0.295	1.076	0.135	0.846	0.501	1.325	0.123	1.097	0.609	0.705	0.689	0.965	0.332	1.106	0.134	0.908	0.511	1.313	0.122	1.093	0.642	1.136	0.135	0.970	0.391	1.109	0.137	0.676	0.710	0.124	1.236	1.091	0.641	0.133	1.052	0.988	0.303	0.916	0.440	0.914	0.493	0.124	1.222	1.154	0.632	0.133	1.090	0.973	0.317	0.134	0.999	0.821	0.467	0.123	1.239	1.096	0.614	0.132	1.113	0.953	0.260	0.136	1.039	0.857	0.471												
43:00:03													1.315	0.123	1.046	0.634	1.054	0.134	0.875	0.296	1.077	0.135	0.845	0.501	1.327	0.123	1.099	0.612	0.706	0.688	0.965	0.333	1.107	0.134	0.909	0.509	1.316	0.122	1.095	0.644	1.137	0.135	0.970	0.392	1.111	0.137	0.676	0.709	0.124	1.238	1.095	0.644	0.133	1.056	0.987	0.304	0.917	0.442	0.915	0.492	0.124	1.224	1.157	0.634	0.133	1.097	0.973	0.312	0.134	1.003	0.821	0.466	0.123	1.242	1.100	0.619	0.133	1.119	0.952	0.259	0.136	1.046	0.856	0.470												
43:20:03													1.318	0.123	1.049	0.636	1.053	0.134	0.873	0.293	1.077	0.135	0.845	0.500	1.330	0.123	1.101	0.615	0.705	0.687	0.964	0.336	1.109	0.134	0.909	0.508	1.319	0.122	1.098	0.648	1.138	0.135	0.969	0.392	1.111	0.137	0.676	0.709	0.124	1.239	1.098	0.648	0.132	1.062	0.986	0.304	0.917	0.444	0.915	0.490	0.124	1.226	1.161	0.636	0.133	1.096	0.972	0.308	0.135	1.006	0.820	0.465	0.123	1.246	1.103	0.632	0.133	1.123	0.952	0.258	0.134	1.051	0.855	0.470												
43:40:03													1.320	0.123	1.052	0.639	1.052	0.134	0.871	0.291	1.077	0.135	0.844	0.498	1.332	0.123	1.104	0.618	0.706	0.687	0.964	0.337	1.110	0.134	0.909	0.507	1.321	0.122	1.100	0.651	1.140	0.135	0.968	0.393	1.112	0.137	0.675	0.709	0.124	1.241	1.101	0.651	0.132	1.066	0.985	0.306	0.918	0.445	0.915	0.488	0.124	1.228	1.165	0.638	0.133	1.099	0.971	0.307	0.135	1.011	0.818	0.464	0.123	1.248	1.104	0.634	0.133	1.126	0.951	0.257	0.134	1.062	0.854	0.470												
44:00:03													1.323	0.123	1.056	0.642	1.052	0.134	0.870	0.295	1.078	0.135	0.843	0.497	1.334	0.123	1.106	0.621	0.706	0.687	0.962	0.338	1.110	0.134	0.909	0.505	1.323	0.122	1.102	0.654	1.140	0.135	0.967	0.393	1.112	0.137	0.675	0.708	0.124	1.242	1.103	0.653	0.132	1.070	0.983	0.305	0.918	0.447	0.916	0.486	0.124	1.229	1.169	0.640	0.133	1.102	0.970	0.306	0.135	1.016	0.817	0.462	0.123	1.251	1.103	0.635	0.132	1.129	0.950	0.257	0.134	1.060	0.853	0.468												
44:20:03													1.326	0.123	1.058	0.646	1.050	0.134	0.869	0.290	1.078	0.135	0.843	0.497	1.337	0.123	1.107	0.623	0.704	0.686	0.962	0.340	1.111	0.134	0.909	0.504	1.326	0.122	1.105	0.657	1.141	0.135	0.967	0.393	1.113	0.137	0.675	0.707	0.124	1.243	1.105	0.658	0.132	1.075	0.983	0.306	0.919	0.447	0.916	0.485	0.124	1.231	1.173	0.646	0.133	1.105	0.969	0.307	0.135	1.019	0.815	0.461	0.123	1.254	1.102	0.635	0.132	1.134	0.949	0.257	0.134	1.063	0.853	0.468												
44:40:03													1.331	0.123	1.064	0.660	1.053	0.134	0.870	0.296	1.080	0.135	0.844	0.495	1.341	0.123	1.115	0.627	0.708	0.690	0.962	0.348	1.113	0.134	0.910	0.503	1.332	0.122	1.110	0.662	1.146	0.134	0.967	0.399	1.116	0.137	0.677	0.707	0.124	1.246	1.112	0.661	0.132	1.080	0.983	0.311	0.921	0.450	0.918	0.483	0.124	1.236	1.177	0.653	0.133	1.111	0.971	0.314	0.134	1.023	0.815	0.461	0.123	1.258	1.106	0.635	0.132	1.146	0.950	0.255	0.136	1.067	0.853	0.467												
45:00:03													1.334	0.123	1.066	0.664	1.052	0.133	0.868	0.292	1.080	0.135	0.844	0.495	1.344	0.123	1.118	0.629	0.706	0.689	0.962	0.349	1.114	0.134	0.911	0.502	1.334	0.122	1.113	0.665	1.147	0.134	0.967	0.400	1.117	0.137	0.676	0.707	0.124	1.248	1.114	0.663	0.132	1.083	0.983	0.312	0.922	0.451	0.918	0.482	0.124	1.238	1.178	0.653	0.133	1.113	0.971	0.317	0.135	1.028	0.813	0.460	0.123	1.261	1.106	0.635	0.132	1.153	0.949	0.254	0.136	1.073	0.852	0.467												
45:20:03													1.335	0.123	1.063	0.663	1.048	0.134	0.864	0.294	1.078	0.135	0.841	0.494	1.343	0.123	1.115	0.629	0.703	0.685	0.960	0.344	1.112	0.134	0.910	0.501	1.332	0.122	1.112	0.666	1.144	0.135	0.965	0.395	1.115	0.137	0.674	0.706	0.124	1.249	1.111	0.663	0.132	1.085	0.980	0.307	0.919	0.448	0.916	0.481	0.124	1.236	1.174	0.651	0.133	1.114	0.967	0.313	0.134	1.031	0.812	0.458	0.123	1.263	1.101	0.633	0.132	1.155	0.947	0.255	0.135	1.076	0.851	0.466												
45:40:03													1.340	0.123	1.069	0.663	1.050	0.134	0.865	0.293	1.080	0.135	0.842	0.493	1.349	0.123	1.122	0.632	0.706	0.689	0.961	0.352	1.115	0.134	0.911	0.500	1.337	0.122	1.117	0.670	1.148	0.134	0.965	0.401	1.117	0.137	0.676	0.706	0.124	1.252	1.118	0.666	0.132	1.090	0.981	0.312	0.923	0.450	0.918	0.480	0.124	1.242	1.177	0.652	0.133	1.119	0.969	0.323	0.134	1.035	0.811	0.458	0.123	1.267	1.104	0.632	0.132	1.158	0.947	0.254	0.136	1.083	0.851	0.466												
46:00:03													1.343	0.123	1.070	0.661	1.049	0.134	0.864	0.294	1.079	0.135	0.842	0.492	1.352	0.123	1.124	0.634	0.706	0.686	0.960	0.354	1.115	0.134	0.911	0.499	1.340	0.122	1.119	0.672	1.149	0.134	0.965	0.401	1.118	0.137	0.675	0.706	0.124	1.254	1.121	0.668	0.132	1.095	0.981	0.314	0.923	0.451	0.918	0.478	0.124	1.244	1.177	0.651	0.133	1.122	0.969	0.325	0.134	1.039	0.810	0.457	0.123	1.270	1.104	0.631	0.132	1.159	0.947	0.253	0.134	1.091	0.851	0.466												
46:20:03													1.345	0.123	1.065	0.659	1.046	0.134	0.861	0.294	1.076	0.135	0.839	0.492	1.352	0.123	1.121	0.633	0.703	0.682	0.959	0.350	1.113	0.134	0.910	0.500	1.338	0.123	1.118	0.672	1.145	0.135	0.963	0.396	1.117	0.137	0.674	0.705	0.124	1.254	1.119	0.667	0.133	1.096	0.979	0.308	0.920	0.448	0.917	0.478	0.124	1.244	1.173	0.648	0.133	1.123	0.966	0.320	0.135	1.043	0.808	0.455	0.123	1.272	1.099	0.629	0.133	1.158	0.945	0.253	0.135	1.098	0.849	0.465												
46:40:03													1.348	0.123	1.065	0.658	1.044	0.134	0.861	0.292	1.075	0.135	0.839	0.491	1.355	0.123	1.124	0.635	0.701	0.683	0.958	0.350	1.114	0.134	0.910	0.499	1.340	0.123	1.120	0.674	1.146	0.135	0.963	0.396	1.118	0.137	0.673	0.705	0.124	1.256	1.121	0.669	0.133	1.100	0.978	0.307	0.920	0.449	0.917	0.477	0.124	1.246	1.173	0.646	0.133	1.128	0.966	0.319	0.135	1.046	0.807	0.454	0.123	1.275	1.099	0.628	0.132	1.159	0.944	0.252	0.136	1.105	0.849	0.464												
47:00:03													1.352	0.123	1.064	0.657	1.043	0.134	0.859	0.290	1.074	0.135	0.838	0.490	1.357	0.123	1.131	0.638	0.701	0.681	0.958	0.352	1.114	0.134	0.910	0.499	1.343	0.123	1.122	0.676	1.146	0.135	0.962	0.396	1.118	0.137	0.673	0.704	0.124	1.258	1.124	0.671	0.133	1.103	0.978	0.306	0.920	0.448	0.917	0.475	0.124	1.248	1.173	0.646	0.133	1.130	0.966	0.318	0.135	1.049	0.806	0.453	0.123	1.278	1.099	0.627	0.133	1.159	0.944	0.252	0.136	1.107	0.848	0.463												
47:20:03													1.355	0.123	1.063	0.655	1.043	0.134	0.859	0.293	1.073	0.135	0.838	0.489	1.361	0.123	1.132	0.639	0.702	0.679	0.957	0.352	1.115	0.134	0.910	0.498	1.345	0.123	1.124	0.677	1.146	0.135	0.962	0.397	1.119	0.137	0.673	0.704	0.124	1.260	1.129	0.671	0.133	1.108	0.977	0.306	0.920	0.447	0.917	0.475	0.124	1.250	1.172	0.644	0.133	1.133	0.966	0.317	0.135	1.052	0.806	0.452	0.124	1.281	1.098	0.626	0.133	1.159	0.943	0.251	0.136	1.112	0.848	0.463												
47:40:03													1.361	0.123	1.067	0.655	1.045	0.134	0.860	0.298	1.075	0.135	0.839	0.489	1.366	0.123	1.138	0.644	0.706	0.686	0.958	0.360	1.118	0.134	0.911	0.497	1.351	0.123	1.129	0.680	1.149	0.134	0.963	0.402	1.121	0.137	0.674	0.704	0.124	1.263	1.134	0.674	0.133	1.111	0.979	0.311	0.923	0.449	0.919	0.475	0.124	1.255	1.176	0.645	0.133	1.138	0.968	0.322	0.135	1.057	0.805	0.452	0.123	1.285	1.103	0.625	0.132	1.160	0.944	0.251	0.136	1.117	0.848	0.463												
48:00:03													1.362	0.123	1.062	0.653	1.042	0.134	0.857	0.295	1.071	0.135	0.837	0.488	1.366	0.123	1.136	0.648	0.702	0.679	0.956	0.354	1.116	0.134	0.910	0.497	1.350	0.123	1.129	0.680	1.146	0.135	0.961	0.397	1.119	0.137	0.672	0.703	0.124	1.264	1.132	0.675	0.133	1.113	0.977	0.307	0.921	0.447	0.918	0.473	0.124	1.254	1.172	0.642	0.133	1.140	0.966	0.314	0.135	1.059	0.804	0.450	0.123	1.288	1.097	0.623	0.133	1.160	0.942	0.250	0.135	1.123	0.847	0.462												

