Field Group

Plate Comment:	
Procedure Summary
  Plate Type:              Corning 96 well for LogPhase600
  Plate Number:            1
  Discontinuous Kinetics:  Runtime 02:00:00 (D:HH:MM), Interval 00:20:00 (HH:MM:SS), 145 Reads (max)
  Read:                    600 nm
  Incubator:               On
    Temperature setpoint:  30 °C
    Temperature gradient:  Off
  Shaking:                 On
     Shaking frequency:    600 RPMs		
			
			

600

Time	A1	A2	A3	A4	A5	A6	A7	A8	A9	A10	A11	A12	B1	B2	B3	B4	B5	B6	B7	B8	B9	B10	B11	B12	C1	C2	C3	C4	C5	C6	C7	C8	C9	C10	C11	C12	D1	D2	D3	D4	D5	D6	D7	D8	D9	D10	D11	D12	E1	E2	E3	E4	E5	E6	E7	E8	E9	E10	E11	E12	F1	F2	F3	F4	F5	F6	F7	F8	F9	F10	F11	F12	G1	G2	G3	G4	G5	G6	G7	G8	G9	G10	G11	G12	H1	H2	H3	H4	H5	H6	H7	H8	H9	H10	H11	H12
0:00:00	1.270	1.221	1.219	1.128	1.076	1.176	1.319	1.138	1.263	1.088	1.264	1.294	0.126	0.122	0.122	0.124	0.135	0.132	0.137	0.131	0.135	0.132	0.134	0.136	0.124	0.123	0.122	0.120	0.134	0.132	0.135	0.135	0.134	0.132	0.133	0.135	0.125	0.123	0.123	0.126	0.135	0.139	0.134	0.134	0.133	0.133	0.140	0.133	0.125	0.128	0.123	0.126	0.137	0.135	0.146	0.135	0.136	0.136	0.134	0.135	0.124	0.125	0.121	0.122	0.134	0.134	0.136	0.131	0.133	0.133	0.134	0.134	0.124	0.122	0.122	0.122	0.134	0.133	0.135	0.137	0.133	0.132	0.134	0.132	1.544	1.299	1.069	1.373	0.945	0.986	1.002	1.077	0.979	0.822	1.117	1.320
0:20:00	1.263	1.208	1.234	1.134	1.094	1.169	1.310	1.142	1.255	1.096	1.244	1.284	0.126	0.122	0.122	0.124	0.135	0.132	0.138	0.131	0.135	0.132	0.134	0.144	0.124	0.123	0.122	0.120	0.134	0.132	0.135	0.134	0.133	0.132	0.133	0.135	0.125	0.123	0.123	0.125	0.135	0.138	0.134	0.134	0.133	0.133	0.140	0.133	0.125	0.126	0.123	0.126	0.136	0.135	0.146	0.134	0.136	0.135	0.134	0.134	0.124	0.125	0.122	0.122	0.134	0.134	0.137	0.131	0.133	0.133	0.133	0.134	0.124	0.122	0.122	0.122	0.134	0.133	0.136	0.135	0.133	0.132	0.134	0.132	1.542	1.336	1.068	1.420	0.948	1.023	1.000	1.121	0.975	0.829	1.140	1.322
0:40:00	1.262	1.209	1.232	1.137	1.096	1.175	1.306	1.147	1.257	1.098	1.238	1.282	0.126	0.122	0.122	0.123	0.135	0.132	0.139	0.131	0.135	0.132	0.134	0.142	0.124	0.123	0.122	0.120	0.134	0.132	0.137	0.134	0.133	0.132	0.132	0.135	0.125	0.122	0.123	0.125	0.134	0.139	0.134	0.133	0.133	0.133	0.139	0.133	0.125	0.126	0.123	0.126	0.136	0.135	0.146	0.134	0.135	0.135	0.133	0.134	0.124	0.124	0.122	0.121	0.134	0.134	0.136	0.131	0.133	0.133	0.133	0.134	0.124	0.122	0.122	0.122	0.133	0.133	0.136	0.137	0.133	0.132	0.134	0.132	1.538	1.329	1.069	1.409	0.952	1.035	1.008	1.135	0.987	0.833	1.139	1.322
1:00:00	1.261	1.207	1.234	1.137	1.101	1.176	1.304	1.150	1.255	1.100	1.235	1.279	0.126	0.122	0.122	0.123	0.135	0.132	0.139	0.131	0.135	0.132	0.134	0.144	0.124	0.123	0.122	0.120	0.134	0.132	0.136	0.135	0.133	0.132	0.133	0.135	0.125	0.122	0.123	0.125	0.135	0.140	0.134	0.134	0.134	0.133	0.139	0.133	0.125	0.126	0.123	0.126	0.136	0.135	0.146	0.134	0.135	0.135	0.133	0.134	0.124	0.125	0.122	0.121	0.134	0.134	0.137	0.131	0.133	0.133	0.133	0.134	0.124	0.121	0.122	0.122	0.133	0.133	0.136	0.143	0.133	0.132	0.134	0.132	1.540	1.359	1.067	1.430	0.950	1.047	1.010	1.144	0.987	0.836	1.146	1.323
1:20:00	1.263	1.209	1.234	1.141	1.101	1.178	1.303	1.152	1.256	1.102	1.239	1.278	0.127	0.122	0.122	0.123	0.135	0.132	0.139	0.131	0.135	0.132	0.134	0.143	0.124	0.123	0.122	0.120	0.134	0.132	0.137	0.136	0.133	0.132	0.133	0.135	0.125	0.122	0.123	0.125	0.135	0.142	0.134	0.134	0.134	0.133	0.140	0.133	0.125	0.126	0.123	0.126	0.136	0.135	0.146	0.134	0.135	0.135	0.133	0.134	0.124	0.125	0.122	0.121	0.134	0.134	0.136	0.131	0.133	0.133	0.133	0.134	0.124	0.121	0.122	0.122	0.134	0.133	0.136	0.138	0.133	0.132	0.134	0.132	1.540	1.360	1.070	1.436	0.954	1.051	1.012	1.160	0.987	0.838	1.139	1.324
1:40:00	1.263	1.199	1.242	1.128	1.116	1.160	1.316	1.137	1.259	1.107	1.231	1.278	0.127	0.122	0.123	0.123	0.135	0.132	0.140	0.131	0.136	0.133	0.134	0.146	0.125	0.123	0.122	0.120	0.134	0.132	0.138	0.137	0.134	0.132	0.133	0.135	0.126	0.122	0.123	0.125	0.135	0.144	0.134	0.134	0.134	0.133	0.142	0.133	0.125	0.126	0.123	0.127	0.137	0.135	0.146	0.134	0.135	0.135	0.133	0.134	0.124	0.125	0.122	0.121	0.134	0.134	0.137	0.131	0.133	0.133	0.133	0.134	0.124	0.122	0.122	0.122	0.133	0.133	0.136	0.139	0.133	0.132	0.134	0.133	1.543	1.393	1.054	1.444	0.935	1.065	0.991	1.115	1.044	0.835	1.184	1.318
2:00:00	1.263	1.207	1.237	1.144	1.110	1.176	1.302	1.156	1.261	1.102	1.230	1.276	0.128	0.122	0.123	0.124	0.135	0.132	0.141	0.131	0.136	0.133	0.134	0.146	0.125	0.123	0.122	0.120	0.135	0.132	0.137	0.138	0.134	0.133	0.133	0.136	0.126	0.122	0.123	0.126	0.135	0.146	0.134	0.134	0.134	0.133	0.144	0.133	0.125	0.127	0.123	0.126	0.137	0.135	0.146	0.134	0.135	0.135	0.133	0.134	0.124	0.125	0.122	0.121	0.134	0.134	0.137	0.131	0.133	0.133	0.133	0.134	0.124	0.122	0.122	0.122	0.133	0.133	0.137	0.140	0.133	0.132	0.134	0.133	1.544	1.404	1.070	1.448	0.950	1.076	1.008	1.157	1.013	0.845	1.166	1.324
2:20:00	1.261	1.201	1.239	1.145	1.111	1.177	1.300	1.155	1.258	1.103	1.233	1.275	0.129	0.122	0.123	0.124	0.135	0.132	0.143	0.131	0.137	0.133	0.135	0.148	0.127	0.123	0.122	0.120	0.135	0.131	0.137	0.141	0.134	0.133	0.134	0.136	0.127	0.122	0.124	0.126	0.135	0.151	0.134	0.135	0.135	0.132	0.147	0.134	0.125	0.127	0.123	0.127	0.137	0.135	0.146	0.134	0.135	0.135	0.134	0.135	0.124	0.126	0.122	0.122	0.134	0.134	0.138	0.131	0.133	0.133	0.134	0.135	0.124	0.122	0.123	0.122	0.133	0.133	0.138	0.144	0.133	0.133	0.135	0.134	1.539	1.411	1.069	1.455	0.948	1.092	1.008	1.172	1.011	0.861	1.169	1.323
2:40:00	1.261	1.197	1.239	1.145	1.115	1.175	1.300	1.155	1.257	1.103	1.225	1.275	0.129	0.122	0.123	0.124	0.136	0.132	0.145	0.132	0.138	0.134	0.135	0.144	0.128	0.123	0.123	0.120	0.135	0.132	0.139	0.145	0.134	0.134	0.134	0.136	0.128	0.122	0.124	0.127	0.135	0.161	0.134	0.135	0.135	0.132	0.151	0.134	0.125	0.129	0.123	0.128	0.138	0.135	0.147	0.134	0.135	0.136	0.133	0.135	0.124	0.127	0.123	0.122	0.134	0.134	0.138	0.131	0.133	0.134	0.134	0.136	0.124	0.123	0.123	0.122	0.133	0.133	0.140	0.146	0.133	0.133	0.135	0.135	1.542	1.415	1.071	1.454	0.951	1.089	1.010	1.182	1.002	0.864	1.166	1.323
3:00:00	1.262	1.207	1.235	1.148	1.105	1.175	1.298	1.160	1.256	1.105	1.227	1.275	0.132	0.122	0.124	0.124	0.136	0.132	0.147	0.132	0.140	0.135	0.136	0.145	0.129	0.122	0.123	0.121	0.136	0.132	0.139	0.149	0.135	0.135	0.135	0.136	0.129	0.122	0.125	0.128	0.135	0.163	0.134	0.135	0.136	0.132	0.158	0.134	0.124	0.130	0.124	0.127	0.138	0.135	0.147	0.134	0.135	0.136	0.134	0.135	0.124	0.127	0.123	0.122	0.134	0.134	0.139	0.132	0.133	0.133	0.134	0.136	0.124	0.123	0.124	0.123	0.133	0.134	0.142	0.149	0.133	0.133	0.136	0.136	1.545	1.426	1.071	1.457	0.948	1.099	1.007	1.185	1.004	0.872	1.168	1.324
3:20:00	1.261	1.202	1.237	1.147	1.109	1.173	1.298	1.157	1.255	1.105	1.225	1.277	0.132	0.122	0.124	0.124	0.137	0.132	0.165	0.132	0.142	0.136	0.137	0.139	0.132	0.122	0.124	0.121	0.137	0.131	0.139	0.153	0.136	0.136	0.136	0.138	0.131	0.122	0.126	0.129	0.136	0.161	0.135	0.136	0.138	0.132	0.161	0.135	0.124	0.131	0.124	0.128	0.139	0.136	0.147	0.135	0.135	0.136	0.134	0.135	0.124	0.129	0.124	0.123	0.134	0.135	0.141	0.132	0.133	0.134	0.135	0.136	0.123	0.124	0.124	0.123	0.133	0.134	0.145	0.154	0.133	0.133	0.137	0.137	1.548	1.429	1.072	1.453	0.958	1.105	1.019	1.207	0.988	0.884	1.133	1.326
3:40:00	1.262	1.206	1.240	1.149	1.115	1.170	1.297	1.154	1.254	1.105	1.221	1.274	0.135	0.122	0.125	0.125	0.138	0.132	0.176	0.133	0.144	0.137	0.139	0.139	0.134	0.123	0.125	0.121	0.138	0.131	0.140	0.157	0.137	0.138	0.137	0.138	0.134	0.122	0.128	0.130	0.136	0.165	0.135	0.138	0.139	0.132	0.166	0.135	0.124	0.133	0.125	0.128	0.140	0.136	0.147	0.135	0.135	0.137	0.135	0.136	0.124	0.130	0.125	0.124	0.133	0.135	0.143	0.133	0.133	0.135	0.136	0.138	0.123	0.126	0.126	0.124	0.133	0.135	0.149	0.157	0.133	0.133	0.138	0.139	1.550	1.438	1.073	1.456	0.959	1.113	1.022	1.217	0.987	0.887	1.135	1.327
4:00:00	1.260	1.200	1.239	1.150	1.114	1.173	1.297	1.159	1.254	1.106	1.222	1.275	0.139	0.122	0.126	0.125	0.140	0.132	0.166	0.134	0.148	0.139	0.142	0.143	0.138	0.122	0.126	0.122	0.139	0.131	0.142	0.171	0.138	0.140	0.140	0.140	0.137	0.122	0.130	0.132	0.137	0.169	0.135	0.139	0.141	0.133	0.171	0.136	0.124	0.137	0.126	0.128	0.141	0.136	0.148	0.135	0.135	0.137	0.135	0.137	0.124	0.132	0.127	0.125	0.133	0.136	0.145	0.133	0.133	0.135	0.137	0.139	0.123	0.127	0.127	0.124	0.133	0.135	0.155	0.172	0.133	0.135	0.140	0.141	1.549	1.438	1.074	1.455	0.963	1.123	1.026	1.229	0.983	0.894	1.121	1.329
4:20:00	1.260	1.201	1.239	1.150	1.113	1.175	1.297	1.160	1.254	1.106	1.223	1.276	0.148	0.122	0.127	0.126	0.142	0.132	0.172	0.135	0.153	0.142	0.144	0.151	0.146	0.122	0.128	0.122	0.141	0.131	0.144	0.164	0.140	0.142	0.142	0.142	0.145	0.122	0.132	0.134	0.138	0.187	0.136	0.141	0.142	0.133	0.178	0.136	0.124	0.143	0.127	0.129	0.142	0.137	0.149	0.136	0.135	0.139	0.136	0.137	0.124	0.135	0.129	0.126	0.133	0.137	0.148	0.134	0.133	0.136	0.139	0.142	0.123	0.129	0.129	0.125	0.133	0.136	0.170	0.166	0.133	0.136	0.142	0.144	1.546	1.442	1.074	1.454	0.964	1.129	1.028	1.238	0.985	0.900	1.123	1.328
4:40:00	1.260	1.200	1.239	1.150	1.114	1.172	1.297	1.159	1.253	1.106	1.223	1.276	0.150	0.122	0.129	0.127	0.144	0.132	0.184	0.136	0.164	0.144	0.148	0.151	0.154	0.122	0.130	0.123	0.144	0.131	0.151	0.163	0.143	0.145	0.146	0.143	0.149	0.122	0.140	0.139	0.140	0.197	0.137	0.143	0.146	0.133	0.185	0.138	0.124	0.152	0.128	0.130	0.145	0.137	0.150	0.137	0.135	0.140	0.137	0.138	0.124	0.140	0.131	0.128	0.133	0.138	0.153	0.136	0.133	0.137	0.141	0.143	0.123	0.132	0.132	0.126	0.133	0.137	0.173	0.174	0.133	0.137	0.145	0.148	1.545	1.446	1.074	1.456	0.963	1.139	1.033	1.242	0.988	0.908	1.127	1.328
5:00:00	1.261	1.201	1.239	1.149	1.112	1.175	1.298	1.159	1.253	1.106	1.224	1.276	0.158	0.122	0.131	0.128	0.148	0.132	0.214	0.138	0.166	0.148	0.154	0.156	0.163	0.122	0.133	0.124	0.148	0.131	0.150	0.173	0.147	0.149	0.149	0.146	0.157	0.122	0.143	0.155	0.141	0.206	0.138	0.146	0.146	0.133	0.203	0.138	0.124	0.165	0.130	0.131	0.147	0.138	0.152	0.137	0.135	0.141	0.138	0.140	0.124	0.147	0.142	0.130	0.133	0.139	0.164	0.137	0.133	0.138	0.144	0.144	0.123	0.136	0.143	0.127	0.133	0.137	0.188	0.194	0.133	0.139	0.149	0.152	1.545	1.448	1.077	1.457	0.964	1.143	1.035	1.252	0.989	0.911	1.125	1.328
5:20:00	1.260	1.200	1.239	1.153	1.113	1.175	1.296	1.161	1.253	1.107	1.222	1.276	0.168	0.122	0.135	0.129	0.155	0.132	0.248	0.140	0.173	0.154	0.163	0.153	0.178	0.122	0.148	0.125	0.156	0.131	0.157	0.191	0.152	0.159	0.157	0.148	0.168	0.122	0.146	0.151	0.143	0.224	0.140	0.150	0.152	0.133	0.222	0.140	0.124	0.186	0.133	0.131	0.150	0.139	0.154	0.139	0.135	0.143	0.140	0.141	0.124	0.158	0.144	0.133	0.133	0.140	0.166	0.138	0.133	0.139	0.146	0.148	0.123	0.150	0.152	0.129	0.133	0.139	0.199	0.209	0.133	0.141	0.156	0.162	1.543	1.450	1.077	1.457	0.964	1.155	1.033	1.259	0.993	0.911	1.141	1.327
5:40:00	1.260	1.199	1.239	1.153	1.113	1.175	1.296	1.161	1.252	1.107	1.223	1.275	0.185	0.122	0.150	0.130	0.169	0.132	0.273	0.142	0.187	0.162	0.171	0.152	0.199	0.122	0.145	0.126	0.166	0.131	0.164	0.205	0.162	0.168	0.172	0.152	0.185	0.122	0.155	0.155	0.147	0.243	0.142	0.164	0.166	0.133	0.237	0.143	0.124	0.203	0.140	0.133	0.154	0.140	0.157	0.140	0.135	0.145	0.142	0.143	0.124	0.178	0.151	0.145	0.133	0.142	0.175	0.140	0.133	0.141	0.152	0.152	0.123	0.158	0.160	0.131	0.133	0.141	0.221	0.213	0.133	0.143	0.164	0.179	1.542	1.454	1.077	1.459	0.963	1.162	1.035	1.266	0.993	0.913	1.140	1.327
6:00:00	1.261	1.202	1.238	1.152	1.111	1.176	1.297	1.159	1.253	1.108	1.224	1.277	0.202	0.122	0.153	0.132	0.172	0.132	0.292	0.145	0.207	0.180	0.176	0.158	0.218	0.122	0.150	0.128	0.170	0.131	0.177	0.220	0.165	0.177	0.176	0.163	0.202	0.122	0.211	0.205	0.154	0.278	0.145	0.171	0.166	0.133	0.251	0.145	0.124	0.221	0.143	0.136	0.162	0.141	0.161	0.141	0.135	0.148	0.145	0.145	0.124	0.192	0.156	0.152	0.133	0.144	0.191	0.143	0.133	0.143	0.164	0.163	0.123	0.166	0.170	0.144	0.133	0.143	0.225	0.220	0.133	0.146	0.171	0.178	1.548	1.459	1.076	1.461	0.962	1.180	1.025	1.263	1.003	0.909	1.145	1.328
6:20:00	1.262	1.207	1.237	1.151	1.111	1.176	1.296	1.161	1.253	1.107	1.224	1.276	0.220	0.122	0.157	0.140	0.186	0.132	0.318	0.152	0.229	0.181	0.191	0.179	0.241	0.122	0.161	0.134	0.181	0.131	0.181	0.240	0.170	0.192	0.186	0.181	0.223	0.122	0.229	0.212	0.157	0.301	0.149	0.170	0.171	0.133	0.270	0.148	0.124	0.240	0.147	0.140	0.177	0.142	0.172	0.143	0.135	0.153	0.148	0.148	0.124	0.207	0.169	0.163	0.133	0.147	0.209	0.146	0.133	0.146	0.185	0.189	0.123	0.178	0.192	0.157	0.133	0.148	0.240	0.210	0.133	0.156	0.182	0.187	1.544	1.458	1.077	1.461	0.962	1.189	1.034	1.283	1.001	0.920	1.153	1.327
6:40:00	1.262	1.206	1.236	1.150	1.114	1.175	1.297	1.159	1.253	1.107	1.224	1.277	0.243	0.122	0.173	0.171	0.211	0.132	0.339	0.170	0.245	0.188	0.220	0.172	0.263	0.122	0.207	0.151	0.196	0.131	0.193	0.255	0.182	0.204	0.203	0.180	0.245	0.122	0.226	0.220	0.161	0.325	0.160	0.181	0.178	0.132	0.294	0.153	0.125	0.257	0.157	0.148	0.180	0.143	0.176	0.145	0.135	0.163	0.152	0.152	0.124	0.226	0.189	0.175	0.133	0.153	0.229	0.152	0.133	0.152	0.186	0.190	0.123	0.192	0.209	0.164	0.133	0.157	0.255	0.223	0.133	0.163	0.206	0.196	1.540	1.461	1.075	1.464	0.964	1.194	1.033	1.291	1.005	0.920	1.165	1.326
7:00:00	1.263	1.197	1.244	1.135	1.123	1.162	1.310	1.143	1.254	1.113	1.224	1.277	0.261	0.122	0.193	0.177	0.217	0.132	0.356	0.163	0.256	0.197	0.244	0.190	0.284	0.122	0.223	0.148	0.240	0.131	0.202	0.274	0.193	0.221	0.217	0.191	0.266	0.122	0.240	0.230	0.165	0.353	0.165	0.232	0.211	0.132	0.314	0.163	0.125	0.280	0.170	0.169	0.177	0.144	0.181	0.149	0.135	0.173	0.162	0.162	0.124	0.245	0.209	0.193	0.134	0.175	0.255	0.162	0.133	0.163	0.195	0.199	0.124	0.208	0.224	0.177	0.133	0.176	0.276	0.257	0.133	0.170	0.224	0.206	1.540	1.462	1.065	1.467	0.945	1.210	1.004	1.235	1.056	0.917	1.226	1.322
7:20:00	1.262	1.204	1.236	1.153	1.115	1.180	1.298	1.161	1.258	1.108	1.229	1.275	0.288	0.122	0.210	0.184	0.230	0.132	0.381	0.165	0.266	0.210	0.261	0.206	0.311	0.122	0.237	0.151	0.272	0.131	0.225	0.289	0.205	0.240	0.229	0.202	0.288	0.122	0.264	0.247	0.172	0.383	0.175	0.214	0.236	0.132	0.338	0.183	0.125	0.300	0.196	0.171	0.180	0.146	0.193	0.157	0.135	0.176	0.183	0.180	0.124	0.274	0.229	0.214	0.133	0.170	0.269	0.160	0.133	0.173	0.213	0.211	0.124	0.223	0.242	0.189	0.133	0.163	0.296	0.271	0.133	0.185	0.246	0.219	1.538	1.464	1.074	1.464	0.967	1.208	1.027	1.271	1.022	0.921	1.185	1.325
7:40:00	1.262	1.203	1.236	1.153	1.118	1.176	1.298	1.161	1.253	1.107	1.231	1.274	0.327	0.122	0.220	0.194	0.248	0.132	0.408	0.170	0.282	0.223	0.282	0.227	0.342	0.122	0.259	0.164	0.276	0.131	0.246	0.308	0.225	0.255	0.244	0.217	0.315	0.122	0.279	0.267	0.184	0.413	0.188	0.231	0.252	0.132	0.368	0.189	0.125	0.324	0.222	0.184	0.190	0.149	0.210	0.175	0.135	0.185	0.184	0.195	0.124	0.300	0.252	0.237	0.133	0.177	0.292	0.170	0.133	0.175	0.229	0.227	0.124	0.249	0.262	0.207	0.133	0.169	0.319	0.283	0.133	0.203	0.266	0.234	1.539	1.466	1.075	1.467	0.968	1.200	1.033	1.312	1.012	0.933	1.175	1.327
8:00:00	1.263	1.197	1.246	1.139	1.129	1.160	1.309	1.146	1.251	1.119	1.222	1.276	0.367	0.122	0.234	0.204	0.276	0.132	0.449	0.183	0.301	0.238	0.302	0.247	0.383	0.122	0.276	0.184	0.298	0.131	0.272	0.329	0.241	0.273	0.261	0.233	0.352	0.122	0.296	0.287	0.200	0.444	0.216	0.247	0.262	0.133	0.394	0.200	0.125	0.353	0.245	0.204	0.236	0.153	0.262	0.175	0.135	0.200	0.206	0.212	0.124	0.337	0.275	0.259	0.134	0.182	0.318	0.175	0.133	0.186	0.246	0.245	0.124	0.274	0.286	0.226	0.133	0.196	0.344	0.300	0.133	0.216	0.280	0.249	1.534	1.467	1.064	1.467	0.953	1.204	1.017	1.282	1.046	0.931	1.222	1.322
8:20:00	1.264	1.209	1.235	1.152	1.111	1.181	1.300	1.162	1.256	1.108	1.227	1.276	0.405	0.122	0.254	0.224	0.296	0.132	0.468	0.201	0.326	0.255	0.326	0.266	0.412	0.122	0.298	0.204	0.324	0.131	0.308	0.349	0.257	0.300	0.283	0.253	0.373	0.122	0.317	0.306	0.216	0.474	0.233	0.264	0.278	0.133	0.421	0.210	0.125	0.382	0.272	0.222	0.238	0.175	0.276	0.185	0.135	0.218	0.234	0.243	0.124	0.364	0.297	0.284	0.133	0.191	0.344	0.186	0.133	0.200	0.267	0.267	0.124	0.287	0.310	0.249	0.133	0.204	0.372	0.316	0.133	0.229	0.303	0.268	1.533	1.456	1.077	1.465	0.971	1.215	1.037	1.335	1.017	0.940	1.199	1.326
8:40:00	1.263	1.206	1.237	1.154	1.114	1.177	1.297	1.162	1.254	1.108	1.225	1.275	0.442	0.122	0.277	0.231	0.324	0.132	0.497	0.212	0.352	0.277	0.338	0.302	0.451	0.122	0.323	0.221	0.351	0.131	0.334	0.373	0.277	0.324	0.303	0.271	0.413	0.122	0.351	0.332	0.232	0.509	0.249	0.287	0.294	0.133	0.451	0.226	0.125	0.413	0.294	0.243	0.255	0.173	0.299	0.198	0.135	0.240	0.256	0.270	0.124	0.403	0.321	0.308	0.134	0.217	0.370	0.201	0.133	0.218	0.283	0.289	0.124	0.314	0.325	0.271	0.133	0.219	0.408	0.338	0.133	0.251	0.322	0.285	1.533	1.468	1.077	1.467	0.969	1.219	1.033	1.335	1.035	0.937	1.226	1.324
9:00:00	1.262	1.203	1.239	1.153	1.119	1.173	1.297	1.159	1.253	1.109	1.225	1.275	0.499	0.122	0.296	0.247	0.352	0.132	0.527	0.227	0.382	0.302	0.347	0.326	0.516	0.122	0.353	0.242	0.379	0.131	0.362	0.398	0.302	0.348	0.324	0.295	0.461	0.122	0.391	0.359	0.257	0.571	0.274	0.305	0.318	0.133	0.481	0.238	0.125	0.449	0.318	0.266	0.275	0.175	0.324	0.248	0.135	0.255	0.275	0.289	0.125	0.439	0.352	0.329	0.133	0.236	0.400	0.216	0.133	0.247	0.296	0.310	0.124	0.345	0.347	0.290	0.133	0.240	0.448	0.363	0.133	0.270	0.346	0.303	1.545	1.467	1.079	1.464	0.972	1.228	1.035	1.346	1.023	0.941	1.215	1.327
9:20:00	1.262	1.195	1.247	1.140	1.127	1.161	1.307	1.146	1.252	1.116	1.221	1.275	0.538	0.122	0.320	0.267	0.385	0.132	0.566	0.241	0.413	0.331	0.365	0.352	0.564	0.122	0.396	0.261	0.413	0.131	0.388	0.420	0.327	0.354	0.348	0.325	0.511	0.122	0.419	0.387	0.290	0.672	0.297	0.326	0.337	0.132	0.506	0.256	0.125	0.475	0.359	0.291	0.294	0.189	0.354	0.272	0.135	0.275	0.289	0.314	0.124	0.514	0.382	0.352	0.134	0.254	0.430	0.232	0.133	0.270	0.313	0.332	0.124	0.380	0.380	0.308	0.133	0.245	0.499	0.392	0.133	0.295	0.371	0.327	1.545	1.469	1.067	1.468	0.957	1.246	1.012	1.282	1.068	0.934	1.259	1.323
9:40:00	1.261	1.197	1.240	1.154	1.120	1.172	1.294	1.159	1.252	1.110	1.217	1.271	0.571	0.122	0.351	0.285	0.416	0.132	0.627	0.256	0.442	0.356	0.389	0.374	0.600	0.122	0.426	0.282	0.449	0.131	0.422	0.444	0.352	0.377	0.376	0.359	0.559	0.122	0.469	0.415	0.321	0.693	0.326	0.346	0.364	0.132	0.534	0.275	0.125	0.517	0.379	0.313	0.314	0.205	0.387	0.295	0.135	0.302	0.315	0.339	0.125	0.562	0.402	0.375	0.134	0.274	0.471	0.254	0.133	0.298	0.339	0.353	0.124	0.415	0.424	0.328	0.133	0.258	0.574	0.415	0.133	0.314	0.398	0.350	1.545	1.472	1.077	1.469	0.972	1.248	1.032	1.356	1.029	0.942	1.226	1.327
10:00:00	1.261	1.198	1.240	1.154	1.122	1.173	1.295	1.161	1.252	1.109	1.220	1.272	0.598	0.122	0.388	0.305	0.452	0.132	0.666	0.268	0.479	0.384	0.415	0.419	0.627	0.122	0.452	0.306	0.493	0.131	0.445	0.477	0.377	0.400	0.402	0.366	0.592	0.122	0.490	0.450	0.349	0.752	0.355	0.364	0.394	0.132	0.568	0.289	0.125	0.559	0.413	0.333	0.345	0.221	0.413	0.308	0.135	0.324	0.338	0.364	0.125	0.593	0.436	0.408	0.133	0.298	0.517	0.272	0.133	0.329	0.365	0.372	0.124	0.453	0.475	0.347	0.133	0.274	0.654	0.441	0.133	0.342	0.433	0.377	1.548	1.473	1.078	1.469	0.972	1.249	1.035	1.361	1.038	0.929	1.282	1.328
10:20:00	1.260	1.194	1.241	1.152	1.124	1.170	1.293	1.157	1.249	1.109	1.216	1.272	0.624	0.122	0.410	0.330	0.489	0.132	0.759	0.290	0.552	0.408	0.443	0.445	0.652	0.122	0.483	0.325	0.552	0.131	0.475	0.502	0.395	0.427	0.427	0.387	0.617	0.122	0.519	0.483	0.373	0.774	0.384	0.389	0.420	0.132	0.675	0.301	0.125	0.598	0.435	0.357	0.373	0.243	0.447	0.329	0.135	0.353	0.363	0.389	0.125	0.620	0.454	0.436	0.134	0.326	0.566	0.293	0.133	0.360	0.392	0.397	0.124	0.487	0.519	0.362	0.133	0.293	0.673	0.465	0.133	0.372	0.468	0.410	1.549	1.475	1.077	1.470	0.969	1.258	1.031	1.358	1.045	0.930	1.279	1.327
10:40:00	1.260	1.194	1.241	1.152	1.126	1.169	1.294	1.157	1.249	1.109	1.216	1.273	0.648	0.122	0.441	0.363	0.530	0.132	0.778	0.316	0.609	0.432	0.471	0.482	0.680	0.122	0.520	0.360	0.621	0.131	0.528	0.539	0.417	0.449	0.452	0.415	0.642	0.122	0.553	0.518	0.396	0.792	0.421	0.413	0.456	0.132	0.718	0.322	0.125	0.629	0.466	0.378	0.398	0.263	0.482	0.350	0.135	0.379	0.390	0.418	0.125	0.656	0.494	0.448	0.133	0.359	0.648	0.314	0.133	0.389	0.416	0.422	0.124	0.516	0.556	0.385	0.134	0.313	0.710	0.497	0.133	0.396	0.520	0.448	1.548	1.470	1.078	1.465	0.977	1.255	1.040	1.379	1.031	0.941	1.244	1.327
11:00:00	1.259	1.194	1.241	1.153	1.128	1.169	1.292	1.158	1.248	1.110	1.214	1.271	0.680	0.122	0.470	0.407	0.578	0.132	0.825	0.341	0.655	0.454	0.540	0.518	0.708	0.122	0.537	0.378	0.682	0.131	0.564	0.560	0.469	0.484	0.476	0.445	0.673	0.122	0.579	0.554	0.442	0.819	0.483	0.439	0.507	0.132	0.785	0.344	0.125	0.668	0.496	0.398	0.419	0.286	0.561	0.373	0.135	0.405	0.418	0.449	0.125	0.672	0.526	0.466	0.133	0.393	0.701	0.335	0.133	0.420	0.448	0.453	0.124	0.537	0.590	0.413	0.134	0.339	0.753	0.528	0.133	0.421	0.586	0.483	1.548	1.472	1.081	1.467	0.978	1.269	1.040	1.393	1.030	0.944	1.243	1.329
11:20:00	1.259	1.194	1.240	1.153	1.129	1.169	1.292	1.158	1.248	1.110	1.214	1.272	0.709	0.122	0.503	0.445	0.634	0.132	0.865	0.369	0.680	0.499	0.601	0.545	0.730	0.122	0.573	0.413	0.758	0.131	0.644	0.618	0.540	0.539	0.514	0.472	0.694	0.122	0.611	0.572	0.483	0.863	0.592	0.468	0.596	0.132	0.814	0.360	0.125	0.702	0.529	0.419	0.445	0.299	0.609	0.395	0.135	0.434	0.461	0.471	0.125	0.692	0.544	0.497	0.133	0.430	0.728	0.361	0.133	0.458	0.484	0.478	0.124	0.568	0.609	0.436	0.133	0.362	0.789	0.558	0.133	0.453	0.673	0.516	1.551	1.473	1.081	1.467	0.979	1.276	1.040	1.404	1.029	0.948	1.242	1.329
11:40:00	1.259	1.194	1.241	1.153	1.129	1.171	1.292	1.160	1.249	1.110	1.216	1.271	0.738	0.122	0.530	0.468	0.689	0.132	0.896	0.402	0.721	0.530	0.647	0.569	0.754	0.122	0.601	0.455	0.788	0.131	0.650	0.672	0.582	0.613	0.568	0.502	0.724	0.122	0.629	0.592	0.519	0.877	0.659	0.502	0.690	0.133	0.846	0.382	0.125	0.736	0.565	0.446	0.470	0.320	0.674	0.417	0.135	0.472	0.523	0.514	0.125	0.722	0.574	0.524	0.133	0.459	0.768	0.387	0.133	0.498	0.552	0.537	0.124	0.598	0.631	0.466	0.134	0.390	0.810	0.600	0.133	0.491	0.709	0.545	1.550	1.475	1.085	1.467	0.979	1.278	1.045	1.412	1.033	0.951	1.244	1.330
12:00:00	1.259	1.194	1.240	1.152	1.129	1.171	1.293	1.160	1.249	1.110	1.216	1.273	0.764	0.122	0.563	0.480	0.726	0.132	0.926	0.426	0.769	0.556	0.698	0.603	0.783	0.122	0.630	0.475	0.822	0.131	0.694	0.726	0.633	0.667	0.629	0.537	0.755	0.122	0.655	0.609	0.556	0.896	0.682	0.531	0.734	0.133	0.899	0.406	0.125	0.767	0.594	0.486	0.504	0.340	0.710	0.438	0.135	0.565	0.611	0.557	0.125	0.750	0.604	0.553	0.133	0.489	0.814	0.415	0.133	0.555	0.613	0.579	0.124	0.624	0.645	0.509	0.134	0.422	0.832	0.645	0.133	0.529	0.738	0.588	1.548	1.472	1.090	1.467	0.981	1.277	1.052	1.410	1.037	0.958	1.244	1.329
12:20:00	1.261	1.188	1.253	1.136	1.137	1.157	1.305	1.146	1.247	1.123	1.214	1.271	0.788	0.122	0.582	0.506	0.778	0.132	0.955	0.452	0.801	0.613	0.750	0.618	0.815	0.122	0.654	0.511	0.864	0.131	0.710	0.775	0.681	0.685	0.688	0.582	0.778	0.122	0.673	0.631	0.581	0.916	0.711	0.558	0.787	0.133	0.931	0.438	0.125	0.786	0.613	0.522	0.530	0.362	0.745	0.474	0.135	0.618	0.661	0.580	0.125	0.783	0.630	0.573	0.134	0.515	0.833	0.454	0.133	0.591	0.682	0.627	0.124	0.646	0.661	0.537	0.134	0.455	0.849	0.691	0.133	0.585	0.794	0.629	1.545	1.472	1.083	1.468	0.964	1.274	1.030	1.345	1.090	0.952	1.309	1.322
12:40:00	1.259	1.192	1.241	1.152	1.129	1.169	1.292	1.159	1.248	1.111	1.214	1.271	0.819	0.122	0.607	0.547	0.817	0.132	0.972	0.486	0.830	0.652	0.785	0.622	0.836	0.122	0.692	0.537	0.899	0.131	0.727	0.797	0.710	0.724	0.741	0.624	0.803	0.122	0.699	0.652	0.621	0.935	0.752	0.585	0.861	0.133	0.945	0.506	0.125	0.823	0.637	0.546	0.558	0.384	0.814	0.482	0.135	0.694	0.705	0.630	0.125	0.811	0.645	0.590	0.133	0.550	0.867	0.474	0.133	0.640	0.748	0.681	0.124	0.670	0.684	0.560	0.137	0.486	0.877	0.724	0.133	0.662	0.813	0.665	1.552	1.475	1.093	1.468	0.982	1.284	1.055	1.413	1.041	0.968	1.252	1.329
13:00:00	1.259	1.192	1.240	1.152	1.127	1.170	1.291	1.159	1.248	1.110	1.214	1.270	0.843	0.122	0.628	0.564	0.854	0.132	0.993	0.538	0.845	0.653	0.841	0.676	0.859	0.122	0.722	0.550	0.934	0.131	0.750	0.825	0.734	0.739	0.766	0.669	0.826	0.122	0.716	0.661	0.639	0.945	0.791	0.634	0.888	0.133	0.965	0.518	0.125	0.845	0.660	0.568	0.591	0.408	0.861	0.515	0.135	0.738	0.730	0.657	0.125	0.833	0.658	0.603	0.133	0.610	0.896	0.486	0.133	0.708	0.786	0.724	0.124	0.697	0.699	0.583	0.137	0.527	0.894	0.750	0.133	0.713	0.841	0.705	1.549	1.473	1.095	1.466	0.983	1.287	1.054	1.417	1.042	0.970	1.253	1.328
13:20:00	1.260	1.193	1.241	1.151	1.126	1.170	1.292	1.159	1.250	1.110	1.216	1.272	0.865	0.122	0.655	0.590	0.891	0.132	1.019	0.573	0.874	0.684	0.869	0.687	0.882	0.122	0.734	0.572	0.970	0.131	0.772	0.851	0.767	0.774	0.794	0.697	0.849	0.122	0.735	0.678	0.667	0.957	0.818	0.671	0.924	0.133	0.991	0.555	0.125	0.871	0.678	0.599	0.636	0.438	0.882	0.562	0.135	0.778	0.771	0.696	0.125	0.853	0.684	0.625	0.133	0.692	0.929	0.518	0.133	0.752	0.799	0.767	0.124	0.722	0.717	0.600	0.136	0.581	0.906	0.780	0.133	0.775	0.862	0.739	1.549	1.475	1.095	1.468	0.984	1.301	1.055	1.421	1.041	0.975	1.253	1.328
13:40:00	1.260	1.192	1.240	1.151	1.125	1.169	1.292	1.158	1.249	1.110	1.216	1.272	0.886	0.122	0.680	0.604	0.930	0.132	1.036	0.604	0.895	0.702	0.886	0.730	0.905	0.122	0.753	0.592	1.002	0.131	0.787	0.881	0.786	0.792	0.826	0.734	0.871	0.122	0.747	0.691	0.697	0.970	0.845	0.697	0.951	0.133	1.010	0.588	0.125	0.891	0.701	0.620	0.701	0.463	0.912	0.597	0.135	0.815	0.791	0.738	0.125	0.877	0.699	0.651	0.133	0.744	0.952	0.563	0.133	0.781	0.826	0.805	0.124	0.751	0.735	0.620	0.140	0.671	0.920	0.806	0.133	0.798	0.884	0.770	1.550	1.475	1.097	1.466	0.987	1.308	1.056	1.422	1.044	0.981	1.254	1.328
14:00:00	1.259	1.192	1.240	1.151	1.126	1.169	1.292	1.158	1.249	1.110	1.216	1.272	0.909	0.122	0.693	0.638	0.968	0.131	1.056	0.629	0.916	0.721	0.911	0.753	0.925	0.122	0.763	0.610	1.035	0.131	0.805	0.903	0.796	0.809	0.855	0.762	0.894	0.122	0.761	0.706	0.711	0.982	0.873	0.733	0.989	0.133	1.032	0.620	0.125	0.915	0.718	0.638	0.758	0.488	0.938	0.622	0.135	0.854	0.816	0.761	0.125	0.893	0.716	0.677	0.133	0.778	0.979	0.590	0.133	0.828	0.854	0.838	0.124	0.771	0.753	0.644	0.140	0.721	0.933	0.827	0.133	0.852	0.909	0.788	1.548	1.473	1.099	1.466	0.987	1.316	1.054	1.419	1.047	0.983	1.254	1.328
14:20:01	1.259	1.192	1.240	1.151	1.126	1.169	1.291	1.158	1.249	1.111	1.213	1.269	0.931	0.122	0.722	0.662	0.990	0.132	1.070	0.654	0.934	0.740	0.930	0.788	0.949	0.122	0.791	0.626	1.057	0.131	0.826	0.920	0.820	0.831	0.857	0.789	0.919	0.122	0.775	0.725	0.731	0.995	0.894	0.756	1.009	0.133	1.046	0.646	0.125	0.934	0.734	0.659	0.807	0.509	0.959	0.656	0.135	0.891	0.836	0.813	0.125	0.918	0.737	0.687	0.133	0.825	1.000	0.613	0.133	0.858	0.870	0.858	0.124	0.806	0.772	0.659	0.143	0.772	0.949	0.846	0.133	0.879	0.911	0.805	1.547	1.474	1.100	1.466	0.987	1.324	1.055	1.423	1.044	0.987	1.258	1.329
14:40:01	1.259	1.192	1.240	1.151	1.126	1.169	1.291	1.160	1.249	1.111	1.215	1.272	0.948	0.122	0.735	0.691	1.019	0.132	1.088	0.676	0.950	0.769	0.973	0.813	0.972	0.122	0.812	0.642	1.086	0.131	0.841	0.938	0.834	0.847	0.874	0.816	0.940	0.122	0.797	0.738	0.747	1.008	0.915	0.793	1.042	0.133	1.058	0.664	0.125	0.955	0.752	0.682	0.847	0.509	0.979	0.682	0.135	0.920	0.861	0.834	0.125	0.940	0.752	0.691	0.133	0.875	1.017	0.641	0.134	0.894	0.890	0.882	0.124	0.833	0.782	0.678	0.144	0.811	0.963	0.868	0.133	0.904	0.917	0.827	1.548	1.474	1.103	1.467	0.988	1.327	1.056	1.425	1.046	0.989	1.257	1.328
15:00:01	1.259	1.191	1.240	1.151	1.127	1.169	1.291	1.159	1.249	1.110	1.216	1.271	0.974	0.122	0.751	0.709	1.052	0.131	1.106	0.696	0.958	0.780	0.990	0.845	0.992	0.122	0.833	0.662	1.105	0.131	0.854	0.951	0.849	0.861	0.908	0.833	0.960	0.122	0.819	0.758	0.761	1.025	0.933	0.814	1.065	0.133	1.073	0.691	0.125	0.977	0.770	0.696	0.880	0.550	1.000	0.705	0.135	0.954	0.875	0.855	0.125	0.959	0.766	0.705	0.133	0.900	1.034	0.671	0.134	0.934	0.903	0.911	0.124	0.856	0.801	0.688	0.149	0.841	0.983	0.888	0.133	0.935	0.934	0.851	1.546	1.473	1.105	1.466	0.990	1.345	1.056	1.425	1.049	0.999	1.259	1.329
15:20:01	1.259	1.191	1.240	1.151	1.127	1.170	1.291	1.160	1.249	1.111	1.216	1.271	0.990	0.122	0.759	0.722	1.072	0.131	1.119	0.713	0.972	0.800	1.004	0.865	1.014	0.122	0.867	0.689	1.126	0.131	0.870	0.965	0.865	0.874	0.921	0.850	0.980	0.122	0.836	0.772	0.776	1.038	0.947	0.831	1.090	0.132	1.073	0.711	0.125	0.998	0.790	0.714	0.905	0.596	1.019	0.726	0.135	0.985	0.894	0.876	0.125	0.978	0.783	0.726	0.133	0.928	1.044	0.687	0.134	0.964	0.919	0.937	0.124	0.874	0.817	0.703	0.150	0.885	0.992	0.911	0.133	0.968	0.958	0.878	1.550	1.475	1.106	1.468	0.989	1.357	1.056	1.427	1.050	1.006	1.257	1.330
15:40:01	1.259	1.192	1.240	1.150	1.126	1.169	1.292	1.160	1.249	1.111	1.216	1.271	1.010	0.122	0.781	0.738	1.095	0.132	1.127	0.734	0.993	0.815	1.022	0.890	1.034	0.122	0.899	0.703	1.143	0.131	0.884	0.982	0.875	0.895	0.939	0.870	1.001	0.122	0.853	0.786	0.782	1.050	0.962	0.854	1.108	0.132	1.089	0.732	0.125	1.015	0.805	0.737	0.938	0.620	1.036	0.747	0.135	1.011	0.908	0.898	0.125	0.998	0.802	0.740	0.133	0.967	1.056	0.711	0.134	0.991	0.932	0.964	0.124	0.898	0.834	0.720	0.152	0.910	0.997	0.934	0.133	0.993	0.973	0.897	1.549	1.475	1.108	1.468	0.989	1.365	1.057	1.424	1.047	1.010	1.258	1.329
16:00:01	1.259	1.192	1.240	1.149	1.125	1.169	1.291	1.160	1.249	1.111	1.216	1.272	1.032	0.122	0.798	0.753	1.111	0.131	1.127	0.752	1.005	0.833	1.037	0.910	1.053	0.122	0.915	0.722	1.160	0.131	0.888	0.996	0.891	0.910	0.948	0.889	1.022	0.122	0.871	0.804	0.793	1.058	0.976	0.866	1.129	0.132	1.105	0.750	0.125	1.038	0.821	0.754	0.965	0.655	1.047	0.764	0.135	1.034	0.923	0.925	0.125	1.016	0.833	0.758	0.133	0.994	1.074	0.725	0.134	1.023	0.947	0.989	0.124	0.917	0.854	0.733	0.156	0.936	1.007	0.948	0.133	1.017	0.988	0.913	1.547	1.475	1.108	1.467	0.990	1.379	1.056	1.426	1.051	1.017	1.259	1.329
16:20:01	1.259	1.191	1.240	1.150	1.125	1.169	1.291	1.160	1.249	1.111	1.216	1.270	1.046	0.122	0.815	0.773	1.131	0.132	1.146	0.772	1.038	0.850	1.049	0.928	1.070	0.122	0.928	0.744	1.176	0.131	0.903	1.011	0.902	0.928	0.968	0.913	1.040	0.123	0.896	0.815	0.806	1.070	0.990	0.880	1.144	0.133	1.116	0.769	0.125	1.067	0.840	0.764	0.998	0.687	1.066	0.782	0.135	1.064	0.937	0.949	0.125	1.032	0.842	0.791	0.133	1.020	1.087	0.742	0.134	1.048	0.953	1.005	0.124	0.936	0.866	0.747	0.163	0.976	1.021	0.951	0.133	1.048	1.008	0.929	1.547	1.473	1.108	1.467	0.990	1.376	1.060	1.425	1.052	1.021	1.263	1.329
16:40:01	1.259	1.191	1.241	1.151	1.126	1.168	1.290	1.161	1.249	1.111	1.215	1.271	1.066	0.122	0.832	0.802	1.148	0.132	1.157	0.792	1.035	0.859	1.059	0.940	1.088	0.122	0.932	0.761	1.192	0.131	0.911	1.025	0.913	0.943	0.979	0.932	1.062	0.123	0.921	0.832	0.813	1.079	1.002	0.896	1.162	0.133	1.126	0.784	0.125	1.102	0.856	0.780	1.023	0.712	1.083	0.799	0.135	1.087	0.953	0.985	0.125	1.042	0.862	0.848	0.133	1.046	1.102	0.764	0.134	1.073	0.970	1.017	0.124	0.960	0.883	0.761	0.173	1.008	1.021	0.972	0.133	1.068	1.001	0.951	1.552	1.476	1.108	1.469	0.989	1.375	1.061	1.429	1.048	1.026	1.263	1.330
17:00:01	1.259	1.191	1.240	1.150	1.126	1.169	1.291	1.161	1.249	1.111	1.215	1.271	1.084	0.122	0.849	0.809	1.165	0.132	1.169	0.813	1.034	0.871	1.061	0.950	1.107	0.122	0.951	0.775	1.205	0.131	0.921	1.041	0.921	0.956	0.992	0.945	1.081	0.123	0.932	0.841	0.825	1.092	1.013	0.917	1.169	0.133	1.124	0.798	0.125	1.131	0.873	0.791	1.045	0.733	1.099	0.820	0.135	1.109	0.964	0.997	0.125	1.064	0.877	0.897	0.133	1.072	1.105	0.781	0.134	1.099	0.992	1.030	0.124	0.975	0.898	0.779	0.193	1.027	1.031	0.983	0.133	1.089	1.034	0.968	1.549	1.475	1.109	1.469	0.989	1.385	1.061	1.426	1.052	1.030	1.267	1.329
17:20:01	1.259	1.185	1.253	1.137	1.135	1.157	1.300	1.149	1.247	1.124	1.214	1.270	1.101	0.122	0.869	0.830	1.179	0.132	1.181	0.821	1.048	0.882	1.061	0.964	1.121	0.122	0.972	0.779	1.222	0.131	0.932	1.060	0.928	0.971	1.002	0.960	1.101	0.122	0.927	0.851	0.834	1.105	1.026	0.929	1.183	0.133	1.136	0.815	0.126	1.156	0.886	0.820	1.067	0.752	1.123	0.842	0.135	1.127	0.978	1.005	0.125	1.084	0.888	0.955	0.134	1.096	1.117	0.802	0.134	1.114	0.987	1.040	0.124	0.991	0.918	0.799	0.213	1.040	1.042	1.008	0.133	1.105	1.037	0.974	1.547	1.475	1.101	1.470	0.973	1.387	1.037	1.360	1.103	1.023	1.328	1.324
17:40:01	1.259	1.191	1.240	1.151	1.125	1.168	1.291	1.161	1.250	1.111	1.216	1.270	1.117	0.122	0.882	0.851	1.189	0.132	1.185	0.841	1.071	0.892	1.071	0.979	1.139	0.122	0.983	0.798	1.235	0.131	0.942	1.072	0.940	0.987	1.012	0.975	1.116	0.123	0.942	0.859	0.856	1.116	1.036	0.943	1.195	0.133	1.144	0.829	0.125	1.185	0.898	0.831	1.089	0.771	1.139	0.866	0.135	1.143	0.987	1.020	0.125	1.104	0.905	0.987	0.133	1.118	1.122	0.816	0.134	1.136	0.996	1.047	0.124	1.009	0.923	0.818	0.237	1.067	1.061	1.013	0.133	1.125	1.052	0.985	1.550	1.476	1.111	1.469	0.989	1.407	1.062	1.428	1.052	1.044	1.266	1.329
18:00:01	1.259	1.191	1.240	1.151	1.125	1.168	1.291	1.161	1.250	1.111	1.217	1.271	1.134	0.122	0.894	0.866	1.204	0.132	1.193	0.847	1.075	0.903	1.084	0.986	1.156	0.122	0.994	0.808	1.249	0.131	0.954	1.086	0.955	1.003	1.024	0.984	1.131	0.123	0.937	0.868	0.872	1.121	1.036	0.960	1.207	0.133	1.162	0.849	0.125	1.207	0.910	0.846	1.106	0.788	1.152	0.884	0.135	1.159	1.002	1.031	0.125	1.121	0.914	0.999	0.133	1.136	1.139	0.821	0.134	1.154	1.012	1.053	0.124	1.029	0.939	0.833	0.259	1.084	1.056	1.011	0.133	1.140	1.065	0.991	1.549	1.475	1.112	1.469	0.989	1.418	1.062	1.428	1.053	1.049	1.264	1.329
18:20:01	1.259	1.190	1.240	1.152	1.125	1.169	1.290	1.163	1.250	1.111	1.217	1.270	1.152	0.122	0.908	0.890	1.216	0.132	1.202	0.854	1.077	0.912	1.093	0.995	1.172	0.122	0.995	0.820	1.263	0.131	0.966	1.097	0.973	1.017	1.037	1.000	1.146	0.123	0.952	0.881	0.896	1.130	1.038	0.969	1.223	0.133	1.171	0.870	0.126	1.234	0.923	0.862	1.121	0.804	1.152	0.897	0.135	1.175	1.016	1.038	0.125	1.147	0.915	1.027	0.133	1.156	1.149	0.836	0.134	1.167	1.029	1.062	0.124	1.049	0.949	0.847	0.287	1.102	1.064	1.010	0.133	1.154	1.073	1.001	1.548	1.475	1.114	1.469	0.990	1.436	1.062	1.427	1.053	1.055	1.270	1.329
18:40:01	1.259	1.191	1.241	1.153	1.126	1.169	1.290	1.163	1.252	1.111	1.217	1.271	1.165	0.122	0.922	0.911	1.229	0.132	1.205	0.875	1.079	0.924	1.097	1.008	1.185	0.122	1.005	0.833	1.276	0.131	0.987	1.108	0.986	1.024	1.048	1.012	1.161	0.123	0.960	0.893	0.910	1.134	1.034	0.977	1.240	0.133	1.181	0.883	0.126	1.252	0.939	0.874	1.137	0.825	1.154	0.910	0.135	1.189	1.021	1.044	0.125	1.169	0.929	1.044	0.133	1.175	1.160	0.844	0.134	1.184	1.048	1.070	0.124	1.066	0.961	0.856	0.317	1.120	1.077	1.014	0.133	1.165	1.079	1.008	1.551	1.475	1.116	1.469	0.990	1.436	1.062	1.429	1.052	1.059	1.268	1.329
19:00:01	1.259	1.191	1.241	1.153	1.127	1.169	1.290	1.162	1.253	1.111	1.218	1.271	1.175	0.122	0.933	0.935	1.237	0.132	1.206	0.887	1.089	0.935	1.105	1.019	1.197	0.122	1.014	0.845	1.291	0.131	0.974	1.115	0.993	1.027	1.059	1.024	1.174	0.123	0.968	0.902	0.918	1.135	1.067	0.984	1.252	0.133	1.190	0.888	0.126	1.268	0.948	0.890	1.158	0.846	1.161	0.917	0.135	1.198	1.027	1.050	0.125	1.183	0.940	1.071	0.133	1.196	1.163	0.867	0.134	1.200	1.062	1.077	0.125	1.089	0.971	0.870	0.331	1.135	1.084	1.015	0.133	1.179	1.090	1.014	1.550	1.474	1.121	1.468	0.990	1.437	1.063	1.427	1.054	1.062	1.264	1.329
19:20:01	1.259	1.190	1.240	1.153	1.127	1.169	1.290	1.163	1.252	1.111	1.217	1.272	1.190	0.122	0.942	0.951	1.248	0.132	1.210	0.886	1.088	0.945	1.110	1.026	1.210	0.122	1.022	0.856	1.302	0.131	0.991	1.117	1.006	1.031	1.070	1.028	1.187	0.123	0.979	0.911	0.929	1.142	1.075	1.004	1.270	0.133	1.196	0.892	0.126	1.286	0.957	0.909	1.176	0.867	1.161	0.925	0.135	1.210	1.020	1.058	0.125	1.205	0.950	1.095	0.133	1.209	1.168	0.889	0.134	1.218	1.074	1.082	0.124	1.106	0.981	0.880	0.347	1.155	1.091	1.018	0.133	1.191	1.097	1.024	1.550	1.475	1.125	1.469	0.989	1.443	1.063	1.428	1.054	1.065	1.264	1.330
19:40:01	1.259	1.185	1.252	1.139	1.137	1.156	1.299	1.151	1.250	1.125	1.214	1.269	1.206	0.122	0.955	0.960	1.260	0.132	1.215	0.894	1.094	0.952	1.111	1.036	1.224	0.122	1.029	0.867	1.313	0.131	1.003	1.118	1.009	1.044	1.073	1.037	1.200	0.123	0.993	0.923	0.939	1.148	1.085	1.005	1.277	0.133	1.200	0.895	0.126	1.301	0.972	0.928	1.186	0.887	1.169	0.945	0.135	1.221	1.028	1.061	0.125	1.230	0.962	1.111	0.134	1.228	1.173	0.898	0.134	1.232	1.081	1.085	0.124	1.128	0.993	0.896	0.363	1.173	1.094	1.019	0.133	1.202	1.101	1.029	1.547	1.474	1.121	1.471	0.973	1.444	1.037	1.360	1.106	1.049	1.333	1.324
20:00:01	1.259	1.190	1.240	1.151	1.129	1.169	1.290	1.161	1.255	1.111	1.218	1.272	1.215	0.122	0.961	0.976	1.267	0.132	1.216	0.897	1.099	0.956	1.113	1.040	1.236	0.122	1.037	0.880	1.321	0.132	1.000	1.122	1.014	1.051	1.081	1.046	1.211	0.123	0.999	0.932	0.948	1.154	1.093	1.019	1.288	0.133	1.207	0.901	0.126	1.318	0.979	0.944	1.196	0.900	1.179	0.950	0.135	1.235	1.044	1.066	0.125	1.247	0.971	1.125	0.133	1.242	1.168	0.907	0.134	1.247	1.091	1.091	0.125	1.154	1.000	0.915	0.394	1.186	1.100	1.025	0.133	1.214	1.109	1.038	1.549	1.475	1.127	1.469	0.990	1.450	1.063	1.429	1.056	1.067	1.267	1.330
20:20:01	1.260	1.191	1.241	1.152	1.130	1.169	1.291	1.163	1.257	1.111	1.220	1.271	1.229	0.122	0.972	0.986	1.276	0.132	1.218	0.901	1.105	0.965	1.115	1.042	1.251	0.122	1.054	0.897	1.326	0.132	1.008	1.125	1.013	1.059	1.083	1.054	1.224	0.123	1.012	0.953	0.957	1.161	1.099	1.030	1.299	0.133	1.209	0.908	0.126	1.337	0.993	0.960	1.202	0.910	1.181	0.960	0.135	1.249	1.068	1.076	0.125	1.268	0.985	1.147	0.133	1.256	1.179	0.912	0.134	1.262	1.099	1.097	0.125	1.176	1.010	0.930	0.407	1.208	1.104	1.029	0.133	1.223	1.115	1.045	1.545	1.473	1.128	1.467	0.992	1.451	1.064	1.427	1.056	1.070	1.269	1.329
20:40:01	1.260	1.190	1.241	1.153	1.131	1.169	1.292	1.164	1.258	1.111	1.221	1.272	1.241	0.122	0.978	0.999	1.287	0.132	1.218	0.902	1.111	0.966	1.116	1.047	1.263	0.122	1.056	0.911	1.335	0.132	1.016	1.127	1.022	1.063	1.085	1.061	1.234	0.123	1.026	0.964	0.965	1.164	1.104	1.038	1.311	0.133	1.214	0.911	0.126	1.359	1.003	0.974	1.206	0.924	1.187	0.968	0.135	1.263	1.076	1.082	0.125	1.284	1.000	1.170	0.134	1.268	1.185	0.916	0.134	1.276	1.108	1.103	0.125	1.198	1.016	0.945	0.428	1.218	1.110	1.031	0.133	1.236	1.118	1.048	1.547	1.474	1.128	1.467	0.991	1.451	1.065	1.427	1.057	1.071	1.270	1.328
21:00:01	1.260	1.190	1.241	1.153	1.133	1.169	1.291	1.164	1.258	1.111	1.220	1.271	1.251	0.122	0.982	1.008	1.294	0.132	1.219	0.906	1.117	0.967	1.118	1.050	1.276	0.122	1.066	0.927	1.342	0.132	1.023	1.131	1.029	1.062	1.093	1.066	1.247	0.123	1.046	0.982	0.973	1.169	1.111	1.043	1.319	0.133	1.217	0.915	0.126	1.373	1.011	0.987	1.208	0.936	1.192	0.964	0.135	1.276	1.082	1.085	0.125	1.302	1.016	1.175	0.134	1.279	1.188	0.922	0.134	1.286	1.111	1.108	0.125	1.214	1.027	0.960	0.431	1.235	1.113	1.031	0.133	1.249	1.119	1.052	1.548	1.472	1.128	1.467	0.992	1.451	1.065	1.428	1.058	1.072	1.267	1.329
21:20:01	1.260	1.190	1.241	1.153	1.132	1.169	1.290	1.164	1.258	1.111	1.220	1.271	1.263	0.122	0.988	1.021	1.301	0.132	1.222	0.907	1.121	0.971	1.123	1.052	1.289	0.123	1.070	0.946	1.345	0.132	1.028	1.134	1.028	1.067	1.094	1.069	1.258	0.123	1.063	0.997	0.976	1.173	1.116	1.046	1.330	0.133	1.219	0.922	0.126	1.393	1.021	1.001	1.210	0.943	1.195	0.966	0.135	1.288	1.085	1.091	0.125	1.319	1.027	1.182	0.134	1.289	1.191	0.926	0.134	1.298	1.116	1.112	0.125	1.237	1.035	0.980	0.437	1.248	1.120	1.030	0.133	1.265	1.118	1.053	1.550	1.474	1.128	1.468	0.991	1.453	1.064	1.429	1.055	1.072	1.270	1.329
21:40:01	1.260	1.191	1.241	1.154	1.132	1.170	1.291	1.164	1.261	1.111	1.221	1.272	1.278	0.122	0.998	1.036	1.307	0.132	1.223	0.909	1.122	0.973	1.130	1.054	1.300	0.123	1.080	0.962	1.353	0.132	1.034	1.137	1.038	1.069	1.100	1.072	1.269	0.123	1.070	1.011	0.981	1.177	1.122	1.050	1.339	0.133	1.221	0.927	0.126	1.407	1.029	1.015	1.212	0.954	1.200	0.972	0.136	1.299	1.091	1.095	0.125	1.336	1.038	1.194	0.134	1.300	1.196	0.932	0.134	1.307	1.120	1.117	0.125	1.253	1.049	0.997	0.458	1.260	1.125	1.034	0.133	1.270	1.118	1.056	1.548	1.474	1.129	1.468	0.991	1.453	1.064	1.429	1.055	1.075	1.268	1.329
22:00:01	1.260	1.191	1.241	1.152	1.131	1.170	1.291	1.164	1.262	1.111	1.222	1.272	1.294	0.122	1.004	1.052	1.313	0.132	1.224	0.912	1.125	0.977	1.134	1.054	1.313	0.123	1.103	0.982	1.358	0.132	1.037	1.142	1.044	1.073	1.103	1.078	1.283	0.123	1.074	1.027	0.984	1.181	1.126	1.054	1.343	0.133	1.225	0.931	0.126	1.422	1.040	1.028	1.215	0.956	1.204	0.978	0.136	1.306	1.095	1.101	0.125	1.355	1.048	1.208	0.134	1.310	1.200	0.936	0.134	1.315	1.123	1.119	0.125	1.276	1.065	1.017	0.466	1.272	1.126	1.037	0.133	1.282	1.123	1.060	1.548	1.473	1.129	1.467	0.992	1.453	1.066	1.431	1.055	1.075	1.264	1.329
22:20:01	1.260	1.191	1.241	1.152	1.131	1.169	1.291	1.164	1.263	1.110	1.223	1.273	1.299	0.122	1.013	1.060	1.322	0.132	1.224	0.914	1.129	0.979	1.140	1.060	1.325	0.122	1.115	0.997	1.367	0.132	1.040	1.144	1.053	1.077	1.108	1.080	1.293	0.123	1.089	1.034	0.988	1.186	1.129	1.058	1.350	0.133	1.229	0.936	0.126	1.437	1.051	1.039	1.221	0.965	1.207	0.980	0.135	1.314	1.100	1.103	0.125	1.373	1.059	1.217	0.134	1.317	1.201	0.941	0.134	1.327	1.127	1.121	0.125	1.294	1.081	1.039	0.501	1.282	1.129	1.039	0.133	1.294	1.122	1.059	1.546	1.472	1.129	1.466	0.992	1.452	1.067	1.428	1.055	1.075	1.265	1.329
22:40:01	1.259	1.189	1.240	1.152	1.131	1.169	1.290	1.164	1.263	1.111	1.220	1.272	1.311	0.122	1.026	1.074	1.333	0.132	1.224	0.913	1.131	0.983	1.143	1.061	1.336	0.123	1.129	1.012	1.373	0.132	1.043	1.149	1.059	1.081	1.115	1.085	1.305	0.123	1.110	1.053	0.991	1.190	1.133	1.062	1.357	0.133	1.231	0.941	0.126	1.451	1.059	1.053	1.225	0.971	1.211	0.982	0.135	1.324	1.104	1.108	0.125	1.390	1.067	1.227	0.134	1.323	1.206	0.945	0.134	1.337	1.128	1.121	0.125	1.312	1.091	1.058	0.528	1.292	1.129	1.043	0.133	1.301	1.126	1.064	1.545	1.471	1.129	1.466	0.993	1.452	1.066	1.430	1.055	1.076	1.266	1.329
23:00:01	1.260	1.190	1.240	1.152	1.132	1.169	1.291	1.164	1.264	1.111	1.221	1.272	1.316	0.122	1.037	1.090	1.339	0.132	1.225	0.913	1.133	0.987	1.146	1.062	1.348	0.123	1.143	1.026	1.379	0.132	1.047	1.152	1.064	1.086	1.118	1.088	1.315	0.123	1.122	1.056	0.994	1.196	1.137	1.064	1.365	0.134	1.234	0.946	0.126	1.467	1.072	1.068	1.228	0.980	1.215	0.987	0.135	1.333	1.109	1.113	0.125	1.407	1.080	1.237	0.134	1.330	1.208	0.948	0.134	1.344	1.131	1.122	0.125	1.329	1.093	1.077	0.525	1.300	1.131	1.046	0.133	1.314	1.129	1.062	1.545	1.471	1.130	1.465	0.993	1.453	1.067	1.428	1.057	1.077	1.265	1.328
23:20:01	1.260	1.189	1.240	1.150	1.132	1.168	1.290	1.164	1.264	1.110	1.220	1.272	1.325	0.122	1.054	1.108	1.344	0.132	1.226	0.912	1.134	0.993	1.146	1.062	1.358	0.123	1.157	1.041	1.382	0.132	1.050	1.154	1.070	1.090	1.122	1.092	1.324	0.123	1.128	1.059	0.996	1.202	1.140	1.068	1.369	0.133	1.238	0.949	0.126	1.484	1.084	1.086	1.231	0.985	1.219	0.990	0.135	1.343	1.114	1.115	0.125	1.425	1.086	1.248	0.134	1.337	1.214	0.948	0.134	1.351	1.131	1.123	0.125	1.349	1.100	1.094	0.534	1.307	1.132	1.047	0.134	1.319	1.132	1.061	1.549	1.473	1.129	1.468	0.992	1.454	1.066	1.429	1.053	1.075	1.269	1.329
23:40:01	1.260	1.189	1.240	1.150	1.131	1.168	1.290	1.162	1.265	1.110	1.221	1.273	1.333	0.122	1.070	1.126	1.351	0.132	1.228	0.913	1.139	0.997	1.150	1.066	1.368	0.123	1.175	1.052	1.390	0.132	1.052	1.156	1.077	1.095	1.125	1.095	1.337	0.123	1.136	1.075	0.997	1.207	1.143	1.069	1.377	0.134	1.244	0.952	0.126	1.499	1.098	1.106	1.235	0.988	1.222	0.993	0.135	1.352	1.121	1.119	0.125	1.440	1.091	1.258	0.134	1.343	1.217	0.951	0.134	1.359	1.133	1.123	0.125	1.369	1.105	1.109	0.541	1.311	1.132	1.049	0.133	1.327	1.133	1.065	1.546	1.472	1.130	1.467	0.994	1.454	1.065	1.427	1.056	1.075	1.267	1.328
24:00:01	1.260	1.183	1.252	1.136	1.139	1.156	1.300	1.151	1.261	1.124	1.218	1.271	1.342	0.123	1.082	1.140	1.359	0.132	1.230	0.917	1.141	1.001	1.147	1.065	1.380	0.123	1.179	1.063	1.394	0.132	1.052	1.157	1.079	1.099	1.129	1.098	1.349	0.123	1.143	1.087	1.000	1.212	1.147	1.073	1.381	0.133	1.248	0.953	0.126	1.514	1.111	1.123	1.238	0.995	1.222	0.996	0.135	1.357	1.125	1.123	0.125	1.457	1.101	1.269	0.134	1.349	1.222	0.953	0.134	1.365	1.134	1.128	0.125	1.383	1.123	1.121	0.553	1.310	1.134	1.049	0.133	1.335	1.134	1.069	1.544	1.471	1.124	1.469	0.978	1.451	1.041	1.363	1.106	1.058	1.332	1.323
24:20:01	1.260	1.190	1.240	1.149	1.130	1.168	1.291	1.164	1.266	1.111	1.219	1.271	1.349	0.122	1.096	1.154	1.364	0.132	1.229	0.913	1.142	1.004	1.151	1.068	1.389	0.123	1.197	1.071	1.397	0.132	1.053	1.157	1.085	1.107	1.137	1.102	1.357	0.123	1.147	1.095	1.001	1.216	1.150	1.076	1.389	0.133	1.254	0.954	0.126	1.527	1.125	1.136	1.240	0.999	1.225	0.998	0.135	1.366	1.130	1.124	0.125	1.469	1.114	1.280	0.134	1.355	1.226	0.952	0.134	1.372	1.137	1.129	0.125	1.406	1.134	1.128	0.559	1.318	1.134	1.051	0.133	1.343	1.135	1.065	1.547	1.472	1.130	1.467	0.994	1.455	1.067	1.429	1.057	1.075	1.266	1.329
24:40:01	1.260	1.188	1.240	1.150	1.130	1.168	1.289	1.167	1.265	1.111	1.219	1.271	1.360	0.123	1.114	1.171	1.372	0.132	1.229	0.914	1.145	1.008	1.151	1.064	1.400	0.123	1.211	1.077	1.402	0.132	1.057	1.159	1.091	1.113	1.141	1.106	1.367	0.123	1.155	1.105	1.004	1.219	1.152	1.080	1.394	0.134	1.258	0.956	0.126	1.539	1.136	1.152	1.244	1.002	1.226	0.999	0.136	1.370	1.131	1.124	0.125	1.483	1.125	1.276	0.134	1.364	1.228	0.956	0.135	1.376	1.137	1.133	0.125	1.423	1.158	1.135	0.567	1.323	1.137	1.047	0.134	1.348	1.138	1.064	1.544	1.472	1.130	1.466	0.995	1.455	1.066	1.429	1.059	1.077	1.273	1.328
25:00:01	1.260	1.188	1.240	1.150	1.129	1.168	1.289	1.169	1.266	1.111	1.220	1.271	1.369	0.123	1.125	1.185	1.379	0.132	1.230	0.910	1.148	1.010	1.155	1.068	1.409	0.123	1.220	1.089	1.411	0.132	1.063	1.159	1.094	1.116	1.141	1.109	1.377	0.123	1.160	1.121	1.006	1.220	1.154	1.081	1.400	0.134	1.261	0.961	0.126	1.550	1.148	1.163	1.248	1.004	1.226	0.999	0.136	1.377	1.136	1.125	0.126	1.497	1.135	1.280	0.134	1.371	1.231	0.956	0.135	1.384	1.139	1.131	0.125	1.441	1.171	1.148	0.578	1.326	1.141	1.047	0.134	1.357	1.139	1.064	1.546	1.472	1.131	1.468	0.995	1.456	1.067	1.429	1.057	1.077	1.266	1.329
25:20:01	1.260	1.183	1.252	1.135	1.136	1.155	1.300	1.156	1.264	1.125	1.218	1.271	1.380	0.123	1.129	1.199	1.385	0.132	1.233	0.914	1.150	1.011	1.152	1.060	1.418	0.123	1.221	1.102	1.419	0.132	1.067	1.161	1.094	1.119	1.141	1.109	1.388	0.123	1.167	1.114	1.009	1.223	1.154	1.084	1.402	0.134	1.260	0.963	0.126	1.562	1.161	1.170	1.252	1.007	1.228	1.000	0.136	1.384	1.133	1.129	0.125	1.512	1.141	1.285	0.134	1.379	1.232	0.958	0.135	1.388	1.140	1.129	0.125	1.456	1.179	1.157	0.589	1.329	1.140	1.041	0.134	1.365	1.137	1.066	1.545	1.472	1.125	1.470	0.979	1.452	1.042	1.365	1.108	1.059	1.337	1.323
25:40:01	1.260	1.188	1.240	1.150	1.128	1.167	1.290	1.169	1.267	1.111	1.220	1.272	1.389	0.123	1.135	1.204	1.393	0.132	1.232	0.918	1.151	1.013	1.158	1.063	1.427	0.123	1.224	1.112	1.423	0.132	1.069	1.161	1.099	1.122	1.151	1.113	1.395	0.123	1.172	1.119	1.013	1.225	1.158	1.081	1.412	0.134	1.265	0.965	0.126	1.572	1.164	1.184	1.254	1.008	1.229	1.002	0.136	1.390	1.139	1.127	0.126	1.520	1.148	1.288	0.134	1.389	1.236	0.961	0.135	1.394	1.145	1.130	0.125	1.474	1.183	1.159	0.601	1.331	1.143	1.039	0.133	1.371	1.141	1.068	1.551	1.474	1.131	1.468	0.995	1.456	1.067	1.431	1.055	1.077	1.269	1.329
26:00:01	1.260	1.182	1.252	1.135	1.134	1.155	1.300	1.156	1.265	1.125	1.217	1.271	1.399	0.123	1.140	1.213	1.399	0.132	1.232	0.924	1.153	1.015	1.153	1.063	1.435	0.123	1.227	1.105	1.431	0.132	1.068	1.161	1.098	1.124	1.150	1.111	1.403	0.123	1.178	1.127	1.011	1.226	1.157	1.084	1.413	0.134	1.263	0.961	0.126	1.582	1.174	1.191	1.253	1.010	1.230	1.005	0.136	1.394	1.139	1.127	0.125	1.533	1.156	1.294	0.134	1.396	1.236	0.963	0.135	1.399	1.145	1.127	0.125	1.485	1.187	1.160	0.608	1.333	1.140	1.031	0.133	1.375	1.140	1.070	1.544	1.471	1.125	1.469	0.978	1.450	1.042	1.358	1.112	1.058	1.339	1.323
26:20:01	1.259	1.187	1.240	1.149	1.126	1.167	1.288	1.169	1.269	1.111	1.219	1.271	1.405	0.123	1.145	1.213	1.400	0.132	1.230	0.928	1.153	1.018	1.153	1.062	1.442	0.123	1.229	1.106	1.439	0.132	1.074	1.162	1.102	1.127	1.154	1.115	1.411	0.123	1.183	1.133	1.013	1.228	1.161	1.085	1.418	0.134	1.268	0.961	0.126	1.589	1.178	1.203	1.257	1.011	1.235	1.008	0.136	1.400	1.144	1.127	0.126	1.540	1.163	1.296	0.134	1.404	1.237	0.967	0.135	1.404	1.150	1.126	0.125	1.498	1.192	1.160	0.617	1.338	1.143	1.028	0.134	1.383	1.145	1.071	1.548	1.474	1.131	1.468	0.994	1.456	1.066	1.427	1.057	1.076	1.269	1.329
26:40:01	1.260	1.188	1.240	1.148	1.125	1.166	1.289	1.169	1.270	1.111	1.220	1.271	1.413	0.123	1.150	1.213	1.415	0.132	1.230	0.929	1.156	1.019	1.153	1.069	1.449	0.123	1.231	1.111	1.443	0.132	1.074	1.163	1.104	1.128	1.155	1.115	1.419	0.123	1.188	1.140	1.012	1.229	1.162	1.083	1.426	0.134	1.269	0.961	0.126	1.597	1.183	1.202	1.257	1.015	1.237	1.009	0.136	1.403	1.146	1.126	0.126	1.549	1.173	1.302	0.134	1.412	1.238	0.966	0.135	1.409	1.153	1.119	0.125	1.512	1.198	1.161	0.621	1.343	1.141	1.025	0.134	1.390	1.148	1.069	1.548	1.473	1.131	1.468	0.994	1.456	1.066	1.427	1.058	1.075	1.270	1.329
27:00:01	1.259	1.188	1.239	1.149	1.127	1.167	1.287	1.170	1.268	1.111	1.219	1.271	1.422	0.123	1.157	1.219	1.419	0.132	1.229	0.934	1.157	1.025	1.155	1.068	1.456	0.123	1.242	1.116	1.450	0.132	1.076	1.164	1.105	1.130	1.155	1.118	1.427	0.123	1.192	1.143	1.014	1.230	1.162	1.087	1.427	0.134	1.271	0.962	0.126	1.604	1.186	1.203	1.259	1.015	1.236	1.009	0.136	1.409	1.146	1.130	0.126	1.558	1.179	1.308	0.134	1.416	1.240	0.967	0.135	1.415	1.155	1.117	0.125	1.523	1.205	1.164	0.621	1.348	1.144	1.023	0.134	1.394	1.150	1.069	1.549	1.473	1.131	1.468	0.994	1.456	1.066	1.426	1.059	1.075	1.270	1.329
27:20:01	1.259	1.188	1.239	1.151	1.126	1.167	1.287	1.171	1.269	1.111	1.219	1.270	1.429	0.123	1.163	1.222	1.425	0.132	1.229	0.939	1.158	1.026	1.158	1.074	1.463	0.123	1.246	1.122	1.448	0.132	1.079	1.164	1.105	1.129	1.154	1.121	1.435	0.123	1.194	1.149	1.012	1.232	1.166	1.084	1.443	0.134	1.275	0.960	0.126	1.611	1.190	1.209	1.258	1.017	1.237	1.009	0.135	1.414	1.149	1.133	0.126	1.567	1.182	1.312	0.134	1.419	1.242	0.963	0.135	1.423	1.156	1.115	0.125	1.534	1.211	1.169	0.623	1.354	1.145	1.025	0.134	1.399	1.152	1.069	1.549	1.473	1.131	1.469	0.993	1.456	1.067	1.429	1.057	1.077	1.265	1.330
27:40:01	1.260	1.188	1.240	1.151	1.124	1.166	1.289	1.171	1.268	1.111	1.219	1.271	1.435	0.123	1.168	1.225	1.428	0.132	1.226	0.944	1.157	1.026	1.160	1.080	1.469	0.123	1.251	1.126	1.450	0.132	1.079	1.162	1.110	1.131	1.155	1.116	1.441	0.123	1.197	1.154	1.012	1.232	1.165	1.084	1.442	0.134	1.274	0.966	0.126	1.617	1.193	1.208	1.260	1.020	1.235	1.008	0.136	1.417	1.149	1.130	0.126	1.575	1.187	1.315	0.134	1.423	1.242	0.962	0.135	1.429	1.157	1.113	0.125	1.544	1.215	1.170	0.625	1.359	1.144	1.027	0.134	1.401	1.151	1.072	1.549	1.473	1.131	1.469	0.994	1.456	1.066	1.427	1.057	1.076	1.266	1.330
28:00:01	1.260	1.188	1.239	1.152	1.122	1.167	1.288	1.171	1.269	1.111	1.220	1.271	1.443	0.123	1.173	1.230	1.436	0.132	1.224	0.950	1.158	1.031	1.164	1.083	1.476	0.123	1.255	1.131	1.455	0.132	1.079	1.161	1.110	1.132	1.157	1.114	1.449	0.123	1.203	1.159	1.013	1.232	1.161	1.085	1.454	0.134	1.275	0.968	0.126	1.622	1.201	1.209	1.256	1.021	1.234	1.007	0.136	1.422	1.151	1.131	0.126	1.582	1.190	1.320	0.134	1.425	1.243	0.960	0.135	1.438	1.159	1.107	0.125	1.554	1.220	1.173	0.622	1.365	1.142	1.030	0.134	1.405	1.152	1.079	1.546	1.471	1.131	1.468	0.994	1.456	1.065	1.426	1.058	1.076	1.268	1.330
28:20:01	1.260	1.182	1.251	1.139	1.129	1.154	1.298	1.158	1.266	1.124	1.215	1.270	1.450	0.123	1.181	1.235	1.441	0.133	1.224	0.954	1.160	1.033	1.164	1.087	1.483	0.123	1.262	1.135	1.458	0.132	1.079	1.161	1.109	1.131	1.159	1.113	1.456	0.123	1.208	1.164	1.016	1.232	1.163	1.086	1.460	0.134	1.273	0.967	0.126	1.629	1.207	1.217	1.258	1.023	1.233	1.005	0.135	1.422	1.149	1.129	0.125	1.591	1.198	1.328	0.134	1.433	1.243	0.961	0.135	1.446	1.160	1.104	0.125	1.567	1.224	1.178	0.618	1.371	1.140	1.031	0.134	1.406	1.152	1.084	1.544	1.470	1.125	1.469	0.978	1.451	1.040	1.362	1.111	1.058	1.338	1.324
28:40:01	1.260	1.182	1.251	1.140	1.129	1.154	1.298	1.158	1.268	1.123	1.216	1.270	1.457	0.123	1.184	1.239	1.443	0.133	1.221	0.960	1.161	1.034	1.166	1.092	1.488	0.123	1.265	1.141	1.465	0.132	1.079	1.163	1.110	1.133	1.158	1.109	1.463	0.123	1.211	1.170	1.019	1.234	1.165	1.083	1.463	0.134	1.272	0.969	0.126	1.634	1.212	1.221	1.258	1.022	1.231	1.007	0.136	1.430	1.150	1.128	0.125	1.598	1.203	1.333	0.134	1.441	1.244	0.964	0.135	1.456	1.158	1.100	0.125	1.575	1.229	1.182	0.639	1.375	1.139	1.033	0.134	1.411	1.153	1.090	1.548	1.471	1.125	1.470	0.977	1.451	1.039	1.359	1.110	1.058	1.337	1.324
29:00:01	1.259	1.187	1.239	1.154	1.120	1.166	1.287	1.170	1.270	1.110	1.216	1.271	1.462	0.123	1.186	1.238	1.446	0.132	1.218	0.964	1.160	1.034	1.168	1.101	1.492	0.123	1.270	1.145	1.470	0.132	1.078	1.162	1.112	1.133	1.164	1.105	1.467	0.123	1.211	1.170	1.021	1.233	1.163	1.080	1.466	0.134	1.275	0.973	0.126	1.639	1.216	1.223	1.257	1.021	1.230	1.003	0.136	1.436	1.152	1.127	0.126	1.602	1.205	1.333	0.134	1.447	1.244	0.968	0.135	1.462	1.166	1.099	0.126	1.583	1.233	1.185	0.637	1.376	1.137	1.038	0.134	1.418	1.158	1.094	1.548	1.472	1.131	1.469	0.993	1.456	1.065	1.426	1.058	1.076	1.264	1.330
29:20:01	1.259	1.187	1.238	1.154	1.120	1.166	1.286	1.171	1.271	1.110	1.215	1.270	1.467	0.123	1.189	1.239	1.450	0.132	1.215	0.969	1.160	1.030	1.169	1.108	1.498	0.123	1.274	1.147	1.476	0.132	1.077	1.159	1.112	1.135	1.166	1.101	1.476	0.123	1.214	1.174	1.026	1.233	1.162	1.080	1.468	0.134	1.275	0.976	0.126	1.644	1.220	1.227	1.258	1.022	1.229	1.006	0.136	1.447	1.151	1.124	0.126	1.608	1.208	1.337	0.134	1.451	1.245	0.972	0.135	1.467	1.174	1.099	0.126	1.592	1.238	1.186	0.616	1.377	1.135	1.036	0.134	1.431	1.160	1.091	1.546	1.471	1.131	1.468	0.994	1.455	1.065	1.426	1.059	1.076	1.272	1.329
29:40:02	1.259	1.186	1.239	1.156	1.120	1.165	1.286	1.171	1.270	1.110	1.214	1.271	1.472	0.123	1.193	1.241	1.455	0.133	1.213	0.968	1.160	1.028	1.174	1.112	1.502	0.123	1.276	1.150	1.481	0.132	1.076	1.159	1.111	1.136	1.170	1.101	1.484	0.123	1.217	1.177	1.030	1.233	1.162	1.078	1.473	0.134	1.275	0.978	0.126	1.649	1.224	1.228	1.257	1.020	1.229	1.007	0.136	1.458	1.152	1.120	0.126	1.613	1.211	1.337	0.134	1.456	1.245	0.978	0.135	1.475	1.180	1.097	0.126	1.599	1.240	1.188	0.580	1.378	1.132	1.035	0.134	1.438	1.160	1.090	1.548	1.472	1.131	1.470	0.992	1.456	1.065	1.427	1.058	1.075	1.270	1.330
30:00:01	1.260	1.181	1.251	1.141	1.126	1.153	1.298	1.159	1.269	1.123	1.212	1.270	1.478	0.123	1.196	1.246	1.465	0.133	1.213	0.967	1.160	1.025	1.177	1.117	1.507	0.123	1.283	1.155	1.486	0.132	1.075	1.159	1.110	1.133	1.171	1.099	1.492	0.123	1.223	1.180	1.034	1.234	1.162	1.073	1.476	0.134	1.270	0.979	0.126	1.655	1.230	1.236	1.256	1.019	1.228	1.011	0.135	1.463	1.151	1.117	0.125	1.620	1.216	1.343	0.134	1.464	1.243	0.982	0.135	1.478	1.178	1.096	0.126	1.607	1.244	1.189	0.570	1.380	1.129	1.032	0.134	1.445	1.155	1.089	1.548	1.472	1.124	1.471	0.976	1.452	1.039	1.359	1.111	1.057	1.337	1.324
30:20:02	1.259	1.187	1.239	1.157	1.117	1.165	1.286	1.173	1.272	1.110	1.214	1.271	1.482	0.123	1.197	1.243	1.470	0.133	1.212	0.968	1.158	1.019	1.181	1.119	1.510	0.123	1.284	1.156	1.487	0.132	1.074	1.156	1.111	1.134	1.176	1.101	1.497	0.124	1.221	1.183	1.037	1.233	1.162	1.071	1.481	0.134	1.273	0.983	0.126	1.661	1.234	1.238	1.254	1.019	1.228	1.012	0.136	1.466	1.153	1.117	0.126	1.623	1.216	1.342	0.134	1.472	1.243	0.988	0.135	1.486	1.179	1.098	0.126	1.613	1.247	1.190	0.575	1.381	1.127	1.034	0.134	1.448	1.158	1.090	1.549	1.473	1.131	1.469	0.993	1.456	1.065	1.427	1.058	1.074	1.272	1.330
30:40:02	1.259	1.187	1.240	1.157	1.119	1.166	1.287	1.174	1.274	1.111	1.215	1.270	1.488	0.123	1.202	1.245	1.475	0.133	1.211	0.968	1.159	1.017	1.186	1.123	1.517	0.123	1.286	1.157	1.492	0.132	1.075	1.154	1.111	1.136	1.179	1.103	1.502	0.124	1.226	1.186	1.041	1.234	1.161	1.070	1.486	0.134	1.273	0.984	0.126	1.668	1.239	1.240	1.254	1.018	1.228	1.012	0.136	1.473	1.156	1.117	0.126	1.629	1.220	1.344	0.134	1.474	1.245	0.993	0.135	1.494	1.178	1.098	0.126	1.620	1.253	1.190	0.585	1.381	1.126	1.036	0.134	1.460	1.155	1.092	1.550	1.473	1.131	1.470	0.993	1.457	1.065	1.427	1.058	1.075	1.270	1.330
31:00:02	1.260	1.188	1.240	1.157	1.119	1.166	1.287	1.175	1.276	1.111	1.216	1.271	1.495	0.123	1.204	1.247	1.480	0.133	1.212	0.967	1.159	1.014	1.195	1.123	1.521	0.123	1.289	1.157	1.495	0.132	1.077	1.152	1.111	1.134	1.181	1.105	1.504	0.124	1.228	1.191	1.045	1.234	1.157	1.068	1.489	0.134	1.272	0.987	0.126	1.675	1.245	1.243	1.250	1.018	1.228	1.009	0.136	1.479	1.157	1.115	0.126	1.637	1.222	1.347	0.134	1.476	1.245	0.995	0.135	1.499	1.177	1.094	0.126	1.627	1.255	1.193	0.593	1.383	1.125	1.033	0.134	1.465	1.149	1.095	1.550	1.473	1.131	1.470	0.993	1.456	1.065	1.427	1.056	1.075	1.271	1.330
31:20:02	1.260	1.182	1.252	1.143	1.123	1.154	1.298	1.162	1.272	1.125	1.213	1.270	1.502	0.123	1.210	1.250	1.487	0.133	1.212	0.965	1.161	1.006	1.197	1.123	1.527	0.123	1.292	1.164	1.498	0.132	1.077	1.151	1.108	1.132	1.184	1.104	1.517	0.124	1.231	1.195	1.048	1.234	1.156	1.061	1.491	0.134	1.268	0.988	0.127	1.680	1.248	1.247	1.249	1.016	1.229	1.008	0.136	1.482	1.155	1.115	0.126	1.645	1.226	1.352	0.134	1.482	1.245	0.996	0.135	1.500	1.171	1.089	0.126	1.634	1.258	1.192	0.600	1.383	1.124	1.039	0.134	1.468	1.141	1.097	1.546	1.470	1.126	1.470	0.978	1.450	1.041	1.358	1.111	1.058	1.338	1.324
31:40:02	1.259	1.187	1.240	1.158	1.121	1.166	1.286	1.176	1.274	1.111	1.215	1.270	1.506	0.123	1.208	1.252	1.490	0.133	1.212	0.965	1.157	1.009	1.203	1.129	1.529	0.123	1.294	1.163	1.501	0.132	1.077	1.148	1.109	1.131	1.188	1.108	1.520	0.124	1.234	1.196	1.049	1.233	1.155	1.062	1.494	0.134	1.270	0.995	0.126	1.683	1.252	1.246	1.246	1.018	1.230	1.001	0.136	1.486	1.159	1.115	0.126	1.649	1.229	1.351	0.134	1.488	1.245	0.999	0.135	1.504	1.172	1.091	0.126	1.641	1.261	1.191	0.602	1.383	1.127	1.034	0.134	1.472	1.148	1.101	1.547	1.469	1.132	1.468	0.996	1.455	1.066	1.423	1.059	1.075	1.273	1.329
32:00:02	1.259	1.187	1.240	1.157	1.120	1.166	1.286	1.176	1.276	1.111	1.214	1.270	1.510	0.123	1.212	1.251	1.494	0.133	1.212	0.966	1.155	1.006	1.195	1.130	1.534	0.123	1.296	1.167	1.503	0.132	1.075	1.147	1.109	1.129	1.191	1.110	1.524	0.124	1.238	1.200	1.050	1.233	1.157	1.059	1.496	0.134	1.269	1.000	0.126	1.687	1.256	1.245	1.243	1.018	1.229	1.002	0.136	1.489	1.162	1.114	0.126	1.654	1.230	1.352	0.134	1.495	1.244	1.000	0.135	1.506	1.169	1.090	0.126	1.646	1.261	1.194	0.602	1.383	1.124	1.038	0.134	1.475	1.148	1.108	1.549	1.471	1.131	1.469	0.994	1.456	1.066	1.426	1.057	1.075	1.271	1.330
32:20:02	1.259	1.187	1.240	1.156	1.117	1.165	1.286	1.177	1.275	1.110	1.214	1.269	1.513	0.123	1.212	1.250	1.499	0.133	1.211	0.965	1.154	1.004	1.193	1.130	1.537	0.123	1.297	1.166	1.506	0.132	1.079	1.142	1.108	1.126	1.193	1.106	1.522	0.124	1.240	1.203	1.050	1.232	1.154	1.058	1.498	0.134	1.267	1.000	0.126	1.693	1.257	1.247	1.237	1.016	1.230	1.001	0.136	1.490	1.159	1.114	0.126	1.659	1.231	1.353	0.134	1.499	1.243	1.000	0.135	1.507	1.164	1.085	0.126	1.652	1.264	1.193	0.601	1.382	1.123	1.045	0.134	1.478	1.144	1.116	1.551	1.473	1.131	1.471	0.992	1.457	1.066	1.427	1.055	1.076	1.270	1.331
32:40:02	1.259	1.186	1.239	1.156	1.118	1.166	1.284	1.177	1.274	1.110	1.213	1.270	1.515	0.123	1.215	1.254	1.502	0.133	1.211	0.965	1.154	1.002	1.190	1.131	1.540	0.123	1.299	1.168	1.509	0.132	1.081	1.139	1.108	1.123	1.193	1.104	1.525	0.124	1.238	1.204	1.050	1.231	1.156	1.053	1.501	0.134	1.265	1.002	0.126	1.696	1.259	1.247	1.231	1.016	1.235	1.006	0.136	1.491	1.157	1.114	0.126	1.663	1.232	1.353	0.134	1.502	1.241	0.998	0.135	1.510	1.161	1.088	0.126	1.656	1.265	1.194	0.600	1.383	1.123	1.037	0.134	1.480	1.140	1.122	1.552	1.473	1.130	1.470	0.993	1.457	1.067	1.429	1.055	1.075	1.266	1.331
33:00:02	1.259	1.187	1.239	1.155	1.119	1.166	1.286	1.177	1.277	1.110	1.215	1.270	1.521	0.123	1.218	1.252	1.505	0.133	1.211	0.965	1.151	0.999	1.181	1.131	1.541	0.123	1.303	1.169	1.511	0.133	1.081	1.136	1.108	1.123	1.192	1.098	1.532	0.124	1.239	1.208	1.051	1.230	1.154	1.058	1.505	0.134	1.263	1.004	0.126	1.701	1.263	1.251	1.226	1.011	1.240	1.009	0.136	1.493	1.155	1.117	0.126	1.670	1.236	1.355	0.134	1.504	1.240	0.993	0.135	1.512	1.158	1.090	0.126	1.660	1.267	1.196	0.600	1.382	1.123	1.038	0.134	1.482	1.135	1.107	1.550	1.471	1.130	1.469	0.993	1.456	1.067	1.427	1.056	1.075	1.266	1.331
33:20:02	1.259	1.186	1.239	1.155	1.119	1.165	1.285	1.177	1.275	1.110	1.214	1.270	1.525	0.123	1.218	1.254	1.508	0.133	1.210	0.959	1.152	1.001	1.166	1.134	1.547	0.123	1.305	1.172	1.514	0.132	1.081	1.134	1.107	1.119	1.190	1.096	1.538	0.124	1.241	1.209	1.050	1.229	1.156	1.056	1.506	0.134	1.264	1.004	0.126	1.703	1.263	1.252	1.221	1.018	1.243	1.019	0.136	1.494	1.155	1.114	0.126	1.674	1.236	1.357	0.134	1.506	1.238	0.990	0.135	1.514	1.155	1.089	0.126	1.666	1.271	1.196	0.599	1.381	1.122	1.039	0.134	1.484	1.131	1.097	1.550	1.473	1.130	1.470	0.993	1.457	1.065	1.427	1.054	1.075	1.267	1.330
33:40:02	1.259	1.186	1.239	1.154	1.118	1.165	1.286	1.178	1.274	1.110	1.214	1.270	1.529	0.123	1.222	1.257	1.511	0.133	1.209	0.956	1.150	1.005	1.158	1.133	1.550	0.123	1.304	1.175	1.516	0.133	1.081	1.130	1.107	1.114	1.188	1.093	1.544	0.124	1.243	1.213	1.049	1.227	1.157	1.051	1.508	0.134	1.260	1.006	0.126	1.706	1.267	1.252	1.216	1.023	1.246	1.017	0.136	1.496	1.159	1.113	0.126	1.678	1.239	1.360	0.134	1.508	1.236	0.987	0.135	1.518	1.154	1.090	0.126	1.666	1.271	1.198	0.600	1.381	1.123	1.038	0.134	1.485	1.131	1.089	1.548	1.470	1.131	1.468	0.995	1.456	1.066	1.425	1.058	1.075	1.270	1.330
34:00:02	1.259	1.185	1.238	1.155	1.115	1.166	1.284	1.178	1.275	1.110	1.214	1.270	1.535	0.123	1.222	1.257	1.514	0.133	1.208	0.949	1.147	1.010	1.152	1.131	1.555	0.123	1.306	1.178	1.518	0.133	1.084	1.126	1.106	1.114	1.186	1.091	1.547	0.124	1.244	1.214	1.049	1.226	1.154	1.053	1.509	0.134	1.260	1.007	0.126	1.710	1.269	1.255	1.212	1.025	1.247	1.014	0.136	1.500	1.162	1.110	0.126	1.681	1.241	1.362	0.134	1.509	1.235	0.986	0.135	1.520	1.152	1.091	0.126	1.675	1.272	1.200	0.599	1.379	1.123	1.040	0.134	1.487	1.131	1.075	1.551	1.472	1.130	1.469	0.993	1.457	1.066	1.428	1.055	1.075	1.271	1.330
34:20:02	1.259	1.185	1.238	1.153	1.115	1.164	1.284	1.178	1.274	1.109	1.213	1.270	1.539	0.123	1.224	1.260	1.515	0.133	1.207	0.942	1.149	1.011	1.152	1.130	1.560	0.123	1.308	1.179	1.520	0.133	1.087	1.124	1.105	1.108	1.184	1.087	1.551	0.124	1.242	1.215	1.047	1.225	1.150	1.051	1.511	0.134	1.257	1.008	0.126	1.712	1.270	1.255	1.208	1.030	1.249	1.014	0.136	1.502	1.167	1.110	0.126	1.685	1.242	1.361	0.134	1.510	1.230	0.985	0.135	1.524	1.149	1.093	0.126	1.679	1.275	1.201	0.599	1.378	1.122	1.040	0.134	1.489	1.130	1.065	1.551	1.472	1.130	1.469	0.993	1.457	1.065	1.428	1.056	1.074	1.269	1.330
34:40:02	1.259	1.185	1.238	1.153	1.118	1.165	1.285	1.179	1.276	1.110	1.213	1.270	1.543	0.123	1.227	1.261	1.518	0.133	1.208	0.937	1.143	1.011	1.143	1.130	1.563	0.123	1.309	1.182	1.522	0.133	1.089	1.121	1.105	1.110	1.185	1.085	1.555	0.124	1.248	1.217	1.045	1.225	1.151	1.048	1.513	0.134	1.255	1.008	0.126	1.716	1.273	1.258	1.206	1.034	1.251	1.011	0.136	1.506	1.171	1.113	0.126	1.690	1.244	1.363	0.134	1.514	1.229	0.985	0.135	1.527	1.147	1.093	0.126	1.685	1.277	1.201	0.600	1.379	1.119	1.042	0.134	1.494	1.128	1.058	1.551	1.472	1.130	1.469	0.993	1.457	1.066	1.428	1.055	1.075	1.272	1.330
35:00:02	1.259	1.185	1.239	1.153	1.117	1.165	1.284	1.179	1.276	1.110	1.214	1.270	1.546	0.123	1.231	1.262	1.520	0.133	1.208	0.936	1.139	1.013	1.145	1.129	1.566	0.123	1.310	1.186	1.525	0.133	1.089	1.116	1.104	1.105	1.183	1.084	1.560	0.124	1.248	1.218	1.044	1.223	1.150	1.049	1.513	0.134	1.255	1.008	0.127	1.719	1.275	1.261	1.203	1.035	1.252	1.023	0.136	1.509	1.172	1.113	0.126	1.692	1.245	1.365	0.134	1.517	1.225	0.985	0.135	1.528	1.145	1.095	0.126	1.690	1.278	1.201	0.600	1.375	1.118	1.043	0.134	1.498	1.116	1.069	1.549	1.471	1.130	1.468	0.994	1.457	1.066	1.425	1.056	1.075	1.271	1.329
35:20:02	1.259	1.185	1.239	1.153	1.118	1.165	1.284	1.180	1.277	1.110	1.215	1.270	1.550	0.123	1.232	1.261	1.522	0.133	1.208	0.933	1.139	1.013	1.140	1.126	1.570	0.123	1.313	1.187	1.526	0.133	1.088	1.113	1.102	1.103	1.184	1.085	1.564	0.124	1.253	1.222	1.042	1.221	1.150	1.050	1.516	0.134	1.258	1.008	0.127	1.721	1.277	1.263	1.201	1.034	1.252	1.009	0.136	1.513	1.173	1.112	0.126	1.694	1.247	1.365	0.134	1.520	1.222	0.975	0.135	1.530	1.144	1.100	0.126	1.693	1.279	1.202	0.600	1.375	1.117	1.052	0.134	1.500	1.100	1.072	1.548	1.470	1.130	1.469	0.993	1.456	1.066	1.426	1.055	1.075	1.270	1.330
35:40:02	1.259	1.185	1.239	1.153	1.115	1.165	1.284	1.180	1.276	1.110	1.214	1.269	1.554	0.123	1.233	1.264	1.524	0.133	1.207	0.930	1.136	1.013	1.141	1.124	1.573	0.123	1.315	1.186	1.527	0.133	1.087	1.109	1.101	1.102	1.184	1.083	1.569	0.124	1.257	1.226	1.039	1.219	1.148	1.048	1.516	0.134	1.255	1.014	0.127	1.724	1.279	1.264	1.198	1.034	1.251	1.011	0.136	1.515	1.174	1.115	0.126	1.696	1.247	1.366	0.134	1.524	1.220	0.975	0.135	1.531	1.143	1.091	0.126	1.696	1.280	1.203	0.601	1.374	1.117	1.047	0.134	1.502	1.093	1.069	1.550	1.471	1.130	1.469	0.993	1.457	1.066	1.425	1.056	1.073	1.271	1.330
36:00:02	1.259	1.185	1.239	1.154	1.116	1.165	1.284	1.180	1.277	1.110	1.215	1.270	1.558	0.123	1.235	1.265	1.526	0.133	1.206	0.925	1.133	1.014	1.136	1.123	1.577	0.123	1.316	1.188	1.527	0.133	1.085	1.107	1.100	1.099	1.180	1.081	1.573	0.124	1.262	1.227	1.039	1.220	1.149	1.042	1.516	0.134	1.254	1.006	0.127	1.726	1.281	1.267	1.196	1.032	1.249	1.004	0.136	1.514	1.171	1.116	0.126	1.698	1.249	1.367	0.134	1.527	1.218	0.985	0.135	1.531	1.142	1.087	0.126	1.698	1.282	1.203	0.601	1.372	1.116	1.044	0.134	1.504	1.091	1.071	1.549	1.470	1.130	1.468	0.993	1.456	1.065	1.426	1.054	1.074	1.269	1.331
36:20:02	1.260	1.179	1.251	1.139	1.122	1.153	1.295	1.166	1.274	1.123	1.212	1.269	1.563	0.124	1.239	1.269	1.528	0.133	1.206	0.925	1.130	1.014	1.132	1.122	1.581	0.123	1.316	1.190	1.529	0.133	1.081	1.102	1.097	1.095	1.176	1.078	1.578	0.124	1.267	1.227	1.040	1.215	1.147	1.038	1.516	0.134	1.252	0.999	0.127	1.729	1.285	1.268	1.195	1.032	1.248	1.001	0.136	1.514	1.168	1.113	0.126	1.701	1.249	1.369	0.134	1.527	1.223	0.987	0.135	1.528	1.138	1.083	0.126	1.700	1.283	1.206	0.602	1.371	1.117	1.044	0.134	1.503	1.093	1.064	1.547	1.469	1.124	1.470	0.977	1.451	1.040	1.360	1.106	1.057	1.337	1.325
36:40:02	1.259	1.185	1.239	1.153	1.118	1.165	1.284	1.180	1.278	1.110	1.216	1.271	1.567	0.123	1.238	1.266	1.528	0.133	1.204	0.920	1.129	1.013	1.136	1.123	1.584	0.123	1.317	1.195	1.530	0.133	1.086	1.100	1.097	1.096	1.181	1.081	1.579	0.124	1.268	1.230	1.037	1.213	1.146	1.035	1.518	0.134	1.255	0.994	0.127	1.731	1.285	1.269	1.192	1.034	1.248	0.999	0.136	1.517	1.172	1.109	0.126	1.702	1.248	1.367	0.134	1.528	1.213	0.984	0.135	1.531	1.141	1.081	0.126	1.702	1.283	1.209	0.602	1.370	1.120	1.047	0.134	1.506	1.096	1.073	1.551	1.471	1.130	1.468	0.993	1.456	1.066	1.427	1.058	1.075	1.268	1.330
37:00:02	1.259	1.185	1.240	1.156	1.114	1.165	1.284	1.180	1.279	1.110	1.215	1.271	1.571	0.123	1.241	1.269	1.529	0.133	1.204	0.917	1.127	1.014	1.140	1.124	1.588	0.123	1.319	1.196	1.530	0.133	1.079	1.095	1.095	1.092	1.181	1.082	1.582	0.124	1.276	1.232	1.036	1.209	1.145	1.031	1.519	0.134	1.253	0.989	0.127	1.734	1.287	1.270	1.191	1.037	1.247	0.995	0.136	1.517	1.168	1.123	0.126	1.703	1.249	1.368	0.134	1.529	1.213	0.984	0.135	1.530	1.139	1.074	0.126	1.705	1.281	1.210	0.603	1.367	1.118	1.048	0.134	1.507	1.101	1.072	1.547	1.470	1.130	1.467	0.993	1.455	1.066	1.425	1.059	1.075	1.273	1.330
37:20:02	1.259	1.186	1.240	1.157	1.115	1.165	1.284	1.180	1.278	1.110	1.215	1.270	1.575	0.123	1.240	1.267	1.530	0.133	1.205	0.917	1.126	1.018	1.138	1.120	1.592	0.123	1.321	1.197	1.531	0.133	1.076	1.092	1.093	1.093	1.180	1.082	1.585	0.124	1.279	1.232	1.035	1.205	1.145	1.029	1.519	0.134	1.250	0.988	0.127	1.736	1.289	1.271	1.190	1.037	1.248	0.993	0.136	1.518	1.164	1.103	0.126	1.704	1.249	1.370	0.134	1.530	1.214	0.985	0.135	1.531	1.139	1.073	0.126	1.708	1.282	1.210	0.603	1.365	1.117	1.049	0.134	1.508	1.106	1.064	1.549	1.470	1.130	1.467	0.993	1.456	1.065	1.425	1.058	1.074	1.268	1.330
37:40:02	1.260	1.186	1.240	1.156	1.113	1.165	1.286	1.179	1.280	1.110	1.216	1.270	1.577	0.123	1.243	1.266	1.532	0.133	1.205	0.919	1.124	1.018	1.138	1.119	1.595	0.123	1.321	1.199	1.531	0.133	1.076	1.090	1.092	1.089	1.179	1.080	1.588	0.124	1.282	1.238	1.034	1.203	1.147	1.025	1.520	0.135	1.251	0.991	0.127	1.739	1.289	1.276	1.189	1.037	1.255	1.002	0.136	1.518	1.160	1.107	0.126	1.706	1.251	1.372	0.134	1.530	1.210	0.981	0.135	1.530	1.138	1.072	0.126	1.710	1.281	1.211	0.603	1.364	1.118	1.056	0.134	1.509	1.111	1.059	1.549	1.469	1.130	1.466	0.993	1.455	1.065	1.424	1.059	1.075	1.269	1.330
38:00:02	1.259	1.185	1.239	1.157	1.114	1.165	1.284	1.181	1.279	1.110	1.214	1.270	1.579	0.123	1.245	1.268	1.534	0.133	1.203	0.918	1.123	1.017	1.140	1.116	1.598	0.123	1.323	1.202	1.531	0.133	1.077	1.087	1.089	1.088	1.179	1.080	1.591	0.124	1.282	1.242	1.032	1.201	1.148	1.022	1.520	0.134	1.243	0.986	0.127	1.741	1.289	1.277	1.182	1.039	1.256	1.010	0.136	1.518	1.159	1.091	0.126	1.706	1.253	1.373	0.134	1.531	1.215	0.975	0.135	1.530	1.138	1.069	0.126	1.711	1.281	1.216	0.603	1.361	1.118	1.056	0.134	1.509	1.113	1.065	1.547	1.468	1.130	1.465	0.993	1.454	1.066	1.426	1.058	1.074	1.270	1.330
38:20:02	1.259	1.185	1.239	1.158	1.116	1.165	1.284	1.181	1.279	1.110	1.215	1.271	1.580	0.123	1.246	1.271	1.534	0.133	1.206	0.917	1.119	1.016	1.139	1.111	1.602	0.123	1.326	1.202	1.531	0.133	1.079	1.085	1.087	1.086	1.177	1.074	1.593	0.124	1.283	1.242	1.031	1.200	1.148	1.019	1.520	0.134	1.246	0.982	0.127	1.742	1.289	1.279	1.179	1.041	1.248	0.997	0.136	1.519	1.160	1.095	0.126	1.708	1.255	1.374	0.134	1.531	1.209	0.971	0.135	1.530	1.138	1.065	0.126	1.712	1.286	1.215	0.604	1.357	1.115	1.055	0.134	1.508	1.115	1.067	1.550	1.469	1.130	1.465	0.992	1.455	1.065	1.424	1.058	1.074	1.270	1.330
38:40:02	1.259	1.185	1.239	1.157	1.116	1.165	1.284	1.180	1.278	1.110	1.215	1.271	1.581	0.123	1.246	1.274	1.536	0.133	1.203	0.914	1.117	1.014	1.138	1.110	1.606	0.123	1.327	1.204	1.531	0.133	1.074	1.082	1.087	1.084	1.177	1.072	1.596	0.124	1.282	1.242	1.029	1.197	1.148	1.016	1.520	0.134	1.246	0.978	0.127	1.744	1.289	1.282	1.177	1.041	1.244	0.987	0.136	1.518	1.162	1.089	0.126	1.707	1.258	1.376	0.134	1.532	1.209	0.967	0.135	1.531	1.138	1.065	0.126	1.713	1.286	1.218	0.603	1.356	1.117	1.052	0.134	1.509	1.117	1.068	1.551	1.471	1.130	1.466	0.992	1.456	1.066	1.424	1.057	1.074	1.267	1.330
39:00:02	1.259	1.184	1.239	1.157	1.111	1.165	1.284	1.181	1.278	1.110	1.214	1.269	1.581	0.123	1.244	1.276	1.536	0.133	1.202	0.915	1.114	1.012	1.137	1.106	1.609	0.123	1.329	1.206	1.531	0.133	1.069	1.080	1.083	1.083	1.174	1.068	1.599	0.124	1.281	1.246	1.028	1.196	1.147	1.013	1.520	0.134	1.245	0.983	0.127	1.745	1.287	1.281	1.175	1.044	1.244	1.002	0.136	1.518	1.162	1.088	0.126	1.709	1.261	1.377	0.134	1.532	1.212	0.965	0.135	1.529	1.138	1.062	0.126	1.714	1.288	1.216	0.604	1.352	1.116	1.051	0.134	1.508	1.122	1.070	1.551	1.472	1.130	1.466	0.992	1.457	1.065	1.428	1.054	1.075	1.264	1.331
39:20:02	1.259	1.184	1.239	1.157	1.117	1.164	1.284	1.180	1.279	1.109	1.214	1.270	1.583	0.123	1.241	1.277	1.537	0.133	1.202	0.913	1.113	1.012	1.139	1.100	1.611	0.123	1.334	1.206	1.531	0.133	1.067	1.077	1.081	1.081	1.172	1.067	1.600	0.124	1.280	1.249	1.026	1.194	1.148	1.011	1.520	0.134	1.243	0.982	0.127	1.747	1.287	1.283	1.173	1.043	1.250	1.004	0.136	1.517	1.161	1.084	0.126	1.710	1.269	1.379	0.134	1.532	1.210	0.972	0.135	1.526	1.137	1.060	0.126	1.716	1.292	1.217	0.603	1.348	1.113	1.049	0.134	1.510	1.122	1.070	1.549	1.469	1.130	1.465	0.993	1.454	1.065	1.424	1.059	1.074	1.268	1.330
39:40:02	1.259	1.184	1.238	1.158	1.118	1.165	1.284	1.181	1.279	1.110	1.215	1.270	1.584	0.123	1.243	1.282	1.537	0.133	1.202	0.911	1.112	1.009	1.134	1.098	1.612	0.124	1.335	1.208	1.531	0.133	1.070	1.074	1.080	1.079	1.171	1.068	1.602	0.124	1.278	1.252	1.025	1.192	1.146	1.008	1.519	0.134	1.242	0.979	0.127	1.748	1.288	1.285	1.171	1.040	1.253	0.974	0.136	1.516	1.161	1.085	0.126	1.712	1.273	1.381	0.134	1.532	1.209	0.966	0.135	1.525	1.137	1.058	0.126	1.716	1.294	1.217	0.604	1.346	1.114	1.053	0.134	1.508	1.115	1.071	1.549	1.470	1.130	1.465	0.993	1.455	1.066	1.427	1.059	1.074	1.271	1.330
40:00:02	1.260	1.180	1.252	1.145	1.126	1.153	1.296	1.169	1.278	1.125	1.215	1.270	1.588	0.124	1.248	1.286	1.542	0.133	1.204	0.912	1.111	1.009	1.133	1.096	1.617	0.124	1.343	1.216	1.534	0.133	1.072	1.073	1.080	1.079	1.180	1.069	1.607	0.124	1.281	1.257	1.027	1.190	1.145	1.005	1.520	0.134	1.241	0.978	0.127	1.751	1.292	1.290	1.171	1.039	1.254	0.973	0.136	1.518	1.159	1.082	0.126	1.716	1.276	1.385	0.134	1.532	1.206	0.962	0.135	1.526	1.136	1.058	0.126	1.720	1.300	1.224	0.605	1.345	1.110	1.056	0.134	1.510	1.111	1.067	1.547	1.467	1.125	1.466	0.978	1.449	1.041	1.356	1.112	1.058	1.338	1.324
40:20:02	1.260	1.180	1.251	1.146	1.126	1.154	1.294	1.170	1.277	1.124	1.214	1.270	1.589	0.124	1.249	1.287	1.540	0.133	1.204	0.908	1.110	1.006	1.136	1.090	1.618	0.124	1.347	1.216	1.533	0.133	1.068	1.070	1.078	1.078	1.174	1.065	1.609	0.124	1.282	1.260	1.026	1.188	1.145	1.002	1.520	0.134	1.242	0.975	0.127	1.752	1.294	1.290	1.169	1.035	1.253	0.998	0.136	1.517	1.157	1.078	0.126	1.717	1.279	1.385	0.134	1.533	1.197	0.959	0.135	1.522	1.135	1.058	0.126	1.721	1.304	1.224	0.605	1.342	1.109	1.048	0.134	1.508	1.108	1.064	1.548	1.468	1.124	1.465	0.977	1.450	1.040	1.355	1.111	1.057	1.337	1.324
40:40:02	1.260	1.185	1.240	1.160	1.115	1.166	1.284	1.182	1.280	1.111	1.216	1.270	1.588	0.123	1.247	1.284	1.539	0.133	1.202	0.909	1.108	1.009	1.138	1.089	1.618	0.124	1.347	1.217	1.532	0.133	1.068	1.068	1.077	1.077	1.173	1.062	1.609	0.124	1.281	1.260	1.022	1.186	1.144	1.001	1.520	0.134	1.240	0.981	0.127	1.752	1.294	1.288	1.164	1.030	1.249	0.975	0.136	1.516	1.160	1.072	0.126	1.717	1.280	1.385	0.134	1.532	1.202	0.957	0.135	1.526	1.137	1.056	0.126	1.721	1.306	1.224	0.604	1.341	1.112	1.044	0.134	1.509	1.109	1.059	1.550	1.470	1.130	1.466	0.993	1.455	1.066	1.425	1.058	1.075	1.268	1.330
41:00:02	1.260	1.180	1.251	1.146	1.127	1.153	1.295	1.169	1.277	1.124	1.215	1.270	1.592	0.124	1.253	1.287	1.540	0.133	1.201	0.909	1.106	1.006	1.138	1.086	1.621	0.124	1.352	1.220	1.531	0.133	1.065	1.066	1.075	1.073	1.167	1.058	1.612	0.124	1.284	1.263	1.024	1.184	1.137	0.998	1.519	0.134	1.240	0.983	0.127	1.753	1.299	1.293	1.163	1.022	1.247	0.983	0.136	1.516	1.157	1.070	0.126	1.719	1.282	1.388	0.134	1.531	1.198	0.956	0.135	1.520	1.134	1.060	0.126	1.723	1.311	1.227	0.604	1.337	1.108	1.040	0.134	1.506	1.105	1.042	1.547	1.468	1.124	1.467	0.977	1.449	1.040	1.355	1.110	1.057	1.336	1.324
41:20:02	1.260	1.185	1.239	1.160	1.116	1.165	1.285	1.182	1.282	1.110	1.218	1.270	1.592	0.124	1.252	1.288	1.539	0.133	1.199	0.907	1.104	1.008	1.146	1.084	1.621	0.124	1.352	1.221	1.529	0.133	1.059	1.064	1.073	1.073	1.168	1.057	1.612	0.124	1.284	1.263	1.020	1.182	1.132	0.996	1.519	0.135	1.238	0.987	0.127	1.753	1.299	1.290	1.160	1.019	1.246	0.974	0.136	1.517	1.157	1.069	0.126	1.718	1.281	1.387	0.134	1.529	1.198	0.954	0.135	1.522	1.136	1.059	0.126	1.724	1.310	1.228	0.603	1.334	1.112	1.051	0.134	1.508	1.108	1.031	1.548	1.468	1.130	1.465	0.994	1.454	1.065	1.421	1.059	1.074	1.266	1.330
41:40:02	1.260	1.186	1.239	1.159	1.118	1.165	1.285	1.182	1.282	1.110	1.218	1.270	1.592	0.124	1.252	1.287	1.540	0.133	1.198	0.906	1.103	1.008	1.141	1.075	1.622	0.124	1.355	1.223	1.529	0.133	1.060	1.061	1.071	1.074	1.169	1.055	1.613	0.124	1.286	1.264	1.020	1.180	1.130	0.994	1.518	0.135	1.235	0.987	0.127	1.754	1.300	1.294	1.156	1.016	1.244	0.977	0.136	1.514	1.156	1.065	0.126	1.720	1.281	1.388	0.134	1.530	1.197	0.951	0.135	1.518	1.135	1.060	0.126	1.724	1.311	1.231	0.603	1.331	1.103	1.046	0.134	1.506	1.111	1.026	1.550	1.468	1.131	1.465	0.994	1.454	1.067	1.427	1.057	1.075	1.268	1.330
42:00:03	1.259	1.184	1.238	1.160	1.117	1.164	1.284	1.183	1.279	1.110	1.216	1.270	1.593	0.124	1.253	1.288	1.538	0.133	1.197	0.907	1.101	1.005	1.143	1.062	1.623	0.124	1.355	1.224	1.528	0.133	1.055	1.058	1.069	1.070	1.182	1.050	1.615	0.124	1.288	1.264	1.020	1.178	1.129	0.991	1.517	0.135	1.238	0.986	0.127	1.755	1.304	1.292	1.156	1.012	1.241	0.973	0.136	1.512	1.155	1.063	0.126	1.720	1.280	1.388	0.134	1.528	1.196	0.952	0.135	1.516	1.134	1.059	0.126	1.724	1.310	1.232	0.602	1.327	1.103	1.042	0.134	1.503	1.104	1.020	1.548	1.468	1.130	1.465	0.994	1.454	1.067	1.426	1.056	1.076	1.264	1.330
42:20:03	1.259	1.178	1.250	1.147	1.121	1.153	1.293	1.169	1.276	1.123	1.214	1.270	1.595	0.124	1.257	1.290	1.540	0.133	1.198	0.906	1.102	1.002	1.144	1.046	1.626	0.124	1.356	1.228	1.528	0.133	1.058	1.056	1.067	1.066	1.177	1.051	1.618	0.124	1.292	1.266	1.022	1.175	1.126	0.988	1.516	0.134	1.233	0.981	0.127	1.756	1.308	1.296	1.151	1.008	1.237	0.974	0.136	1.509	1.152	1.063	0.126	1.722	1.280	1.391	0.134	1.526	1.190	0.949	0.135	1.512	1.131	1.058	0.127	1.726	1.311	1.234	0.602	1.325	1.111	1.033	0.134	1.502	1.097	1.015	1.545	1.465	1.125	1.465	0.979	1.447	1.041	1.359	1.113	1.058	1.335	1.324
42:40:03	1.260	1.184	1.238	1.160	1.113	1.164	1.284	1.182	1.280	1.109	1.218	1.270	1.594	0.124	1.256	1.288	1.538	0.133	1.195	0.903	1.101	1.002	1.145	1.043	1.625	0.124	1.353	1.227	1.526	0.133	1.057	1.054	1.066	1.067	1.162	1.052	1.617	0.124	1.291	1.265	1.020	1.173	1.125	0.987	1.515	0.135	1.234	0.982	0.127	1.756	1.307	1.295	1.145	1.004	1.239	0.977	0.136	1.510	1.153	1.057	0.126	1.722	1.277	1.390	0.134	1.526	1.187	0.955	0.135	1.516	1.132	1.056	0.126	1.725	1.308	1.234	0.601	1.321	1.105	1.033	0.134	1.501	1.097	1.020	1.550	1.468	1.130	1.466	0.993	1.454	1.067	1.425	1.058	1.075	1.266	1.329
43:00:03	1.260	1.184	1.238	1.160	1.117	1.165	1.284	1.181	1.281	1.109	1.218	1.271	1.595	0.124	1.258	1.289	1.537	0.133	1.195	0.900	1.101	1.003	1.146	1.022	1.626	0.124	1.352	1.226	1.525	0.133	1.057	1.052	1.064	1.067	1.158	1.047	1.619	0.124	1.294	1.265	1.019	1.171	1.124	0.984	1.514	0.135	1.231	0.984	0.127	1.756	1.308	1.295	1.143	1.006	1.240	0.983	0.136	1.508	1.153	1.058	0.127	1.722	1.276	1.390	0.134	1.524	1.182	0.963	0.135	1.511	1.131	1.055	0.126	1.725	1.306	1.236	0.600	1.318	1.104	1.036	0.134	1.500	1.098	1.024	1.552	1.470	1.130	1.466	0.994	1.454	1.067	1.427	1.055	1.076	1.262	1.330
43:20:03	1.259	1.184	1.238	1.159	1.116	1.164	1.283	1.181	1.280	1.108	1.218	1.270	1.596	0.124	1.258	1.290	1.536	0.133	1.194	0.901	1.099	1.001	1.141	1.008	1.627	0.124	1.349	1.226	1.524	0.133	1.055	1.051	1.062	1.065	1.160	1.044	1.620	0.124	1.295	1.266	1.018	1.169	1.123	0.982	1.512	0.135	1.228	0.979	0.127	1.756	1.308	1.296	1.139	0.999	1.235	0.978	0.136	1.506	1.152	1.068	0.127	1.723	1.276	1.390	0.134	1.523	1.190	0.961	0.135	1.511	1.130	1.055	0.126	1.726	1.305	1.236	0.599	1.314	1.108	1.032	0.134	1.498	1.090	1.026	1.547	1.467	1.130	1.464	0.995	1.454	1.067	1.427	1.057	1.075	1.263	1.329
43:40:03	1.260	1.184	1.239	1.161	1.117	1.165	1.284	1.183	1.282	1.109	1.220	1.272	1.597	0.124	1.260	1.292	1.538	0.133	1.193	0.901	1.099	1.002	1.143	1.000	1.630	0.124	1.348	1.227	1.523	0.133	1.050	1.048	1.062	1.063	1.158	1.042	1.623	0.125	1.297	1.267	1.018	1.168	1.123	0.980	1.512	0.135	1.228	0.983	0.127	1.758	1.309	1.298	1.139	1.002	1.238	0.979	0.136	1.505	1.153	1.065	0.127	1.724	1.278	1.391	0.134	1.523	1.187	0.979	0.135	1.510	1.130	1.060	0.127	1.728	1.305	1.236	0.600	1.312	1.106	1.030	0.134	1.497	1.088	1.024	1.546	1.467	1.130	1.464	0.996	1.454	1.069	1.429	1.056	1.078	1.264	1.329
44:00:03	1.261	1.185	1.238	1.160	1.109	1.165	1.285	1.183	1.284	1.109	1.220	1.271	1.597	0.124	1.260	1.293	1.536	0.133	1.194	0.905	1.099	1.003	1.139	0.993	1.630	0.124	1.347	1.226	1.521	0.133	1.050	1.045	1.059	1.059	1.157	1.039	1.624	0.125	1.298	1.266	1.017	1.166	1.123	0.978	1.511	0.135	1.230	0.982	0.127	1.758	1.308	1.299	1.145	0.987	1.240	0.980	0.136	1.503	1.153	1.062	0.127	1.724	1.279	1.391	0.134	1.520	1.180	0.967	0.135	1.507	1.129	1.060	0.127	1.728	1.304	1.236	0.599	1.309	1.105	1.036	0.134	1.496	1.087	1.022	1.546	1.467	1.130	1.464	0.997	1.454	1.068	1.430	1.055	1.079	1.260	1.329
44:20:03	1.260	1.184	1.238	1.161	1.113	1.165	1.284	1.183	1.282	1.109	1.219	1.271	1.599	0.124	1.260	1.293	1.536	0.133	1.193	0.905	1.099	1.002	1.145	0.997	1.632	0.124	1.346	1.224	1.520	0.133	1.057	1.043	1.064	1.059	1.161	1.036	1.625	0.125	1.298	1.267	1.017	1.164	1.122	0.976	1.510	0.135	1.226	0.987	0.127	1.759	1.306	1.299	1.137	0.986	1.238	0.980	0.136	1.500	1.153	1.053	0.127	1.725	1.280	1.390	0.134	1.517	1.175	0.978	0.135	1.504	1.128	1.061	0.127	1.728	1.304	1.234	0.598	1.306	1.111	1.046	0.134	1.494	1.083	1.016	1.543	1.465	1.131	1.462	0.998	1.453	1.069	1.427	1.061	1.078	1.263	1.329
44:40:03	1.260	1.184	1.238	1.160	1.115	1.165	1.284	1.183	1.283	1.109	1.220	1.271	1.599	0.124	1.260	1.294	1.534	0.133	1.191	0.906	1.098	1.004	1.141	0.995	1.632	0.124	1.346	1.223	1.518	0.133	1.052	1.041	1.058	1.057	1.158	1.032	1.627	0.125	1.299	1.267	1.016	1.161	1.124	0.974	1.508	0.135	1.228	0.984	0.127	1.759	1.305	1.300	1.135	0.984	1.233	0.979	0.136	1.499	1.151	1.049	0.127	1.725	1.280	1.389	0.134	1.516	1.182	0.967	0.135	1.504	1.128	1.060	0.127	1.729	1.304	1.232	0.597	1.303	1.106	1.048	0.134	1.492	1.081	1.005	1.545	1.466	1.130	1.463	0.997	1.453	1.068	1.426	1.060	1.078	1.260	1.328
45:00:03	1.261	1.185	1.238	1.159	1.115	1.165	1.286	1.183	1.284	1.108	1.221	1.273	1.601	0.124	1.260	1.296	1.534	0.133	1.189	0.903	1.098	1.000	1.149	0.996	1.634	0.124	1.346	1.222	1.517	0.133	1.056	1.039	1.057	1.056	1.156	1.032	1.629	0.125	1.298	1.268	1.015	1.159	1.121	0.972	1.507	0.135	1.221	0.978	0.127	1.761	1.303	1.300	1.145	0.973	1.238	0.979	0.136	1.495	1.149	1.043	0.127	1.726	1.281	1.389	0.134	1.513	1.171	0.973	0.135	1.500	1.127	1.059	0.127	1.730	1.304	1.230	0.597	1.301	1.101	1.050	0.134	1.491	1.077	0.996	1.545	1.466	1.131	1.462	0.998	1.454	1.069	1.429	1.058	1.079	1.261	1.329
45:20:03	1.261	1.185	1.238	1.160	1.116	1.165	1.286	1.183	1.285	1.108	1.221	1.272	1.601	0.124	1.260	1.296	1.533	0.133	1.188	0.905	1.097	0.999	1.139	0.995	1.635	0.124	1.346	1.221	1.515	0.133	1.054	1.037	1.054	1.055	1.154	1.030	1.630	0.125	1.298	1.268	1.014	1.157	1.121	0.970	1.506	0.135	1.224	0.977	0.127	1.761	1.302	1.300	1.139	0.974	1.237	0.979	0.136	1.495	1.148	1.039	0.127	1.727	1.281	1.388	0.134	1.513	1.175	0.969	0.135	1.497	1.124	1.059	0.127	1.731	1.304	1.229	0.596	1.310	1.114	1.040	0.134	1.490	1.074	0.994	1.545	1.466	1.131	1.462	0.999	1.453	1.069	1.429	1.060	1.079	1.256	1.329
45:40:03	1.260	1.185	1.238	1.160	1.114	1.165	1.285	1.182	1.283	1.108	1.221	1.273	1.601	0.124	1.260	1.296	1.532	0.133	1.185	0.894	1.096	0.998	1.141	0.996	1.636	0.124	1.346	1.220	1.513	0.133	1.057	1.035	1.058	1.052	1.155	1.029	1.631	0.125	1.298	1.268	1.012	1.155	1.119	0.968	1.504	0.135	1.225	0.978	0.127	1.761	1.301	1.299	1.144	0.972	1.230	0.977	0.136	1.494	1.147	1.035	0.127	1.727	1.282	1.387	0.134	1.510	1.174	0.970	0.135	1.494	1.122	1.058	0.127	1.730	1.304	1.228	0.596	1.304	1.107	1.022	0.134	1.485	1.073	0.994	1.542	1.465	1.131	1.462	0.998	1.451	1.070	1.426	1.059	1.079	1.259	1.328
46:00:03	1.260	1.184	1.238	1.160	1.116	1.164	1.285	1.182	1.284	1.107	1.220	1.272	1.602	0.124	1.261	1.296	1.531	0.133	1.184	0.898	1.095	0.999	1.145	0.999	1.636	0.124	1.347	1.220	1.511	0.133	1.057	1.032	1.059	1.051	1.162	1.032	1.631	0.125	1.298	1.268	1.011	1.153	1.124	0.966	1.503	0.135	1.216	0.977	0.127	1.762	1.301	1.299	1.140	0.970	1.240	0.977	0.136	1.489	1.146	1.033	0.127	1.728	1.282	1.387	0.134	1.509	1.173	0.971	0.135	1.492	1.118	1.057	0.127	1.731	1.306	1.228	0.595	1.289	1.106	1.021	0.134	1.484	1.072	0.999	1.543	1.464	1.131	1.462	0.998	1.452	1.069	1.427	1.060	1.078	1.260	1.328
46:20:03	1.260	1.184	1.238	1.161	1.110	1.164	1.285	1.182	1.284	1.108	1.220	1.273	1.604	0.124	1.261	1.296	1.530	0.133	1.183	0.892	1.095	0.995	1.132	1.003	1.637	0.124	1.347	1.220	1.510	0.133	1.052	1.030	1.056	1.050	1.153	1.037	1.633	0.125	1.298	1.268	1.011	1.151	1.120	0.964	1.501	0.135	1.220	0.971	0.127	1.762	1.302	1.298	1.135	0.970	1.243	0.977	0.136	1.488	1.146	1.029	0.127	1.728	1.283	1.387	0.134	1.507	1.167	0.972	0.135	1.489	1.115	1.056	0.127	1.732	1.306	1.229	0.594	1.285	1.108	1.022	0.134	1.481	1.068	0.998	1.543	1.464	1.131	1.462	0.999	1.452	1.069	1.425	1.061	1.079	1.259	1.327
46:40:03	1.260	1.184	1.238	1.162	1.114	1.164	1.284	1.182	1.284	1.108	1.219	1.271	1.603	0.124	1.261	1.296	1.529	0.133	1.182	0.898	1.093	0.995	1.119	1.005	1.638	0.124	1.348	1.221	1.508	0.133	1.049	1.027	1.056	1.048	1.162	1.043	1.634	0.125	1.298	1.268	1.010	1.150	1.126	0.962	1.499	0.135	1.211	0.961	0.127	1.763	1.303	1.299	1.134	0.967	1.247	0.975	0.136	1.486	1.149	1.026	0.127	1.729	1.283	1.387	0.134	1.502	1.169	0.974	0.135	1.487	1.115	1.054	0.127	1.732	1.307	1.228	0.593	1.282	1.116	1.022	0.134	1.478	1.065	0.993	1.544	1.464	1.131	1.462	0.998	1.452	1.068	1.426	1.059	1.078	1.262	1.329
47:00:03	1.260	1.184	1.238	1.160	1.118	1.164	1.284	1.183	1.283	1.108	1.219	1.272	1.603	0.124	1.262	1.296	1.528	0.133	1.180	0.903	1.092	0.997	1.120	1.011	1.639	0.124	1.349	1.221	1.506	0.133	1.057	1.025	1.054	1.047	1.161	1.044	1.635	0.125	1.298	1.269	1.009	1.147	1.125	0.961	1.498	0.135	1.219	0.957	0.127	1.763	1.305	1.300	1.133	0.967	1.242	0.976	0.136	1.485	1.148	1.023	0.127	1.730	1.283	1.387	0.134	1.501	1.176	0.975	0.135	1.484	1.114	1.052	0.127	1.733	1.308	1.229	0.592	1.297	1.116	1.013	0.134	1.478	1.065	0.987	1.544	1.465	1.131	1.463	0.997	1.453	1.068	1.426	1.057	1.078	1.261	1.329
47:20:03	1.260	1.184	1.238	1.160	1.113	1.164	1.285	1.182	1.284	1.108	1.219	1.273	1.604	0.124	1.262	1.296	1.527	0.133	1.178	0.897	1.092	0.994	1.127	1.006	1.640	0.124	1.349	1.222	1.504	0.133	1.049	1.024	1.051	1.045	1.164	1.046	1.637	0.125	1.297	1.269	1.008	1.146	1.129	0.960	1.497	0.135	1.220	0.946	0.127	1.763	1.306	1.300	1.130	0.966	1.235	0.978	0.136	1.483	1.147	1.022	0.127	1.730	1.285	1.387	0.134	1.498	1.171	0.975	0.135	1.483	1.113	1.053	0.127	1.733	1.308	1.229	0.591	1.278	1.118	1.009	0.134	1.476	1.062	0.988	1.547	1.466	1.131	1.463	0.998	1.452	1.068	1.427	1.058	1.079	1.260	1.329

