Field Group

Plate Comment:	
Procedure Summary
  Plate Type:              Corning 96 well for LogPhase600
  Plate Number:            1
  Discontinuous Kinetics:  Runtime 02:00:00 (D:HH:MM), Interval 00:20:00 (HH:MM:SS), 145 Reads (max)
  Read:                    600 nm
  Incubator:               On
    Temperature setpoint:  30 °C
    Temperature gradient:  Off
  Shaking:                 On
     Shaking frequency:    600 RPMs		
			
			

600

Time	A1	A2	A3	A4	A5	A6	A7	A8	A9	A10	A11	A12	B1	B2	B3	B4	B5	B6	B7	B8	B9	B10	B11	B12	C1	C2	C3	C4	C5	C6	C7	C8	C9	C10	C11	C12	D1	D2	D3	D4	D5	D6	D7	D8	D9	D10	D11	D12	E1	E2	E3	E4	E5	E6	E7	E8	E9	E10	E11	E12	F1	F2	F3	F4	F5	F6	F7	F8	F9	F10	F11	F12	G1	G2	G3	G4	G5	G6	G7	G8	G9	G10	G11	G12	H1	H2	H3	H4	H5	H6	H7	H8	H9	H10	H11	H12
0:00:00													0.124	0.122	0.124	0.123	0.129	0.127	0.128	0.130	0.130	0.129	0.129	0.130	0.123	0.125	0.124	0.123	0.130	0.128	0.130	0.128	0.128	0.137	0.127	0.128	0.122	0.125	0.123	0.126	0.148	0.131	0.129	0.130	0.137	0.128	0.128	0.134	0.121	0.122	0.122	0.122	0.129	0.129	0.132	0.132	0.140	0.128	0.128	0.129	0.124	0.124	0.128	0.122	0.128	0.131	0.129	0.140	0.138	0.127	0.127	0.128	0.123	0.122	0.123	0.123	0.130	0.128	0.130	0.130	0.129	0.129	0.128	0.129												
0:20:00													0.124	0.122	0.124	0.123	0.129	0.127	0.128	0.130	0.131	0.130	0.130	0.130	0.123	0.124	0.124	0.123	0.129	0.128	0.130	0.128	0.129	0.146	0.127	0.128	0.122	0.123	0.123	0.126	0.150	0.131	0.129	0.130	0.145	0.128	0.127	0.134	0.121	0.122	0.122	0.122	0.128	0.129	0.132	0.132	0.146	0.128	0.128	0.130	0.123	0.124	0.128	0.122	0.128	0.130	0.129	0.130	0.144	0.127	0.127	0.128	0.123	0.121	0.124	0.123	0.130	0.128	0.129	0.129	0.131	0.130	0.128	0.128												
0:40:00													0.124	0.122	0.123	0.123	0.129	0.127	0.128	0.129	0.131	0.130	0.130	0.130	0.123	0.124	0.124	0.123	0.129	0.128	0.130	0.127	0.129	0.154	0.127	0.128	0.122	0.123	0.123	0.126	0.154	0.130	0.129	0.130	0.158	0.128	0.127	0.134	0.121	0.122	0.122	0.122	0.128	0.129	0.131	0.132	0.155	0.128	0.128	0.129	0.123	0.124	0.128	0.122	0.128	0.130	0.129	0.131	0.151	0.127	0.127	0.128	0.123	0.121	0.124	0.123	0.129	0.127	0.129	0.129	0.130	0.130	0.128	0.129												
1:00:00													0.124	0.122	0.123	0.123	0.129	0.126	0.128	0.129	0.131	0.130	0.130	0.130	0.123	0.124	0.124	0.123	0.129	0.128	0.130	0.127	0.129	0.161	0.127	0.128	0.122	0.123	0.123	0.126	0.161	0.130	0.129	0.130	0.167	0.128	0.128	0.134	0.121	0.122	0.123	0.122	0.128	0.129	0.131	0.132	0.163	0.128	0.128	0.129	0.123	0.124	0.129	0.122	0.128	0.130	0.128	0.134	0.158	0.127	0.127	0.128	0.123	0.122	0.124	0.122	0.129	0.127	0.129	0.128	0.130	0.130	0.128	0.129												
1:20:00													0.124	0.122	0.124	0.123	0.129	0.127	0.128	0.129	0.131	0.130	0.130	0.130	0.122	0.124	0.124	0.123	0.129	0.128	0.130	0.127	0.129	0.177	0.127	0.128	0.122	0.123	0.123	0.126	0.171	0.130	0.129	0.130	0.181	0.128	0.128	0.133	0.121	0.122	0.123	0.122	0.129	0.129	0.131	0.132	0.174	0.128	0.128	0.129	0.123	0.125	0.130	0.122	0.128	0.129	0.129	0.141	0.172	0.128	0.127	0.128	0.122	0.122	0.125	0.123	0.130	0.127	0.129	0.128	0.130	0.130	0.128	0.129												
1:40:00													0.124	0.122	0.124	0.123	0.129	0.127	0.128	0.129	0.132	0.130	0.131	0.130	0.123	0.124	0.125	0.123	0.129	0.128	0.130	0.127	0.129	0.175	0.128	0.128	0.122	0.123	0.123	0.125	0.174	0.130	0.129	0.129	0.182	0.128	0.128	0.134	0.121	0.123	0.124	0.122	0.129	0.129	0.131	0.132	0.173	0.128	0.128	0.129	0.123	0.125	0.132	0.122	0.128	0.129	0.129	0.132	0.171	0.127	0.128	0.128	0.123	0.122	0.127	0.123	0.129	0.127	0.129	0.128	0.131	0.130	0.128	0.129												
2:00:00													0.125	0.122	0.125	0.123	0.129	0.127	0.128	0.129	0.132	0.130	0.131	0.130	0.123	0.124	0.125	0.122	0.129	0.128	0.130	0.127	0.130	0.179	0.128	0.128	0.122	0.123	0.124	0.125	0.180	0.130	0.129	0.129	0.186	0.128	0.128	0.134	0.121	0.123	0.126	0.122	0.129	0.129	0.131	0.132	0.179	0.128	0.128	0.129	0.123	0.126	0.135	0.122	0.128	0.129	0.129	0.136	0.179	0.127	0.128	0.129	0.123	0.122	0.128	0.123	0.130	0.128	0.129	0.128	0.131	0.130	0.129	0.129												
2:20:00													0.126	0.122	0.126	0.123	0.130	0.126	0.128	0.129	0.133	0.131	0.131	0.130	0.123	0.124	0.126	0.122	0.129	0.128	0.131	0.127	0.130	0.198	0.128	0.128	0.123	0.123	0.124	0.125	0.190	0.130	0.129	0.129	0.196	0.128	0.128	0.133	0.121	0.123	0.127	0.122	0.132	0.129	0.131	0.131	0.188	0.128	0.128	0.129	0.123	0.126	0.136	0.122	0.128	0.129	0.129	0.138	0.196	0.127	0.128	0.128	0.122	0.123	0.130	0.123	0.130	0.128	0.129	0.129	0.130	0.131	0.129	0.129												
2:40:00													0.126	0.122	0.127	0.123	0.130	0.126	0.129	0.129	0.133	0.131	0.131	0.130	0.123	0.124	0.127	0.122	0.129	0.128	0.131	0.127	0.130	0.204	0.128	0.128	0.123	0.123	0.125	0.126	0.195	0.130	0.129	0.129	0.198	0.128	0.128	0.133	0.121	0.124	0.128	0.122	0.133	0.129	0.131	0.131	0.192	0.128	0.128	0.130	0.123	0.127	0.139	0.122	0.128	0.129	0.129	0.138	0.204	0.128	0.128	0.128	0.122	0.124	0.132	0.123	0.130	0.128	0.129	0.129	0.130	0.131	0.130	0.129												
3:00:00													0.127	0.122	0.128	0.123	0.130	0.126	0.129	0.129	0.133	0.131	0.132	0.130	0.124	0.124	0.128	0.122	0.129	0.128	0.130	0.127	0.130	0.196	0.128	0.128	0.123	0.123	0.125	0.125	0.191	0.129	0.129	0.129	0.191	0.128	0.128	0.133	0.121	0.124	0.128	0.122	0.131	0.129	0.131	0.131	0.188	0.128	0.128	0.130	0.123	0.127	0.142	0.122	0.127	0.129	0.129	0.136	0.197	0.128	0.128	0.128	0.125	0.125	0.133	0.123	0.130	0.128	0.129	0.129	0.131	0.131	0.129	0.129												
3:20:00													0.128	0.122	0.129	0.124	0.131	0.126	0.129	0.129	0.134	0.130	0.132	0.130	0.125	0.124	0.128	0.122	0.129	0.128	0.131	0.127	0.131	0.199	0.128	0.128	0.123	0.123	0.127	0.125	0.195	0.129	0.129	0.129	0.193	0.128	0.128	0.133	0.121	0.125	0.129	0.122	0.132	0.129	0.131	0.131	0.190	0.128	0.128	0.129	0.123	0.128	0.147	0.122	0.127	0.129	0.129	0.141	0.203	0.128	0.128	0.128	0.126	0.125	0.136	0.123	0.130	0.128	0.129	0.129	0.130	0.130	0.130	0.129												
3:40:00													0.130	0.122	0.131	0.124	0.132	0.127	0.130	0.129	0.135	0.131	0.133	0.130	0.125	0.124	0.130	0.123	0.129	0.128	0.131	0.127	0.131	0.203	0.128	0.128	0.124	0.123	0.128	0.126	0.198	0.129	0.129	0.129	0.197	0.128	0.128	0.133	0.121	0.126	0.130	0.122	0.133	0.129	0.132	0.131	0.192	0.128	0.128	0.130	0.123	0.128	0.146	0.123	0.127	0.129	0.129	0.143	0.207	0.127	0.128	0.128	0.126	0.126	0.139	0.123	0.130	0.128	0.129	0.129	0.131	0.130	0.129	0.129												
4:00:00													0.131	0.122	0.131	0.124	0.133	0.126	0.131	0.129	0.135	0.131	0.134	0.130	0.126	0.124	0.133	0.123	0.130	0.128	0.131	0.128	0.131	0.206	0.128	0.129	0.124	0.123	0.130	0.126	0.200	0.129	0.130	0.129	0.197	0.128	0.129	0.133	0.121	0.127	0.131	0.122	0.134	0.129	0.132	0.131	0.195	0.128	0.128	0.130	0.123	0.129	0.150	0.123	0.127	0.130	0.129	0.144	0.213	0.129	0.129	0.128	0.127	0.127	0.144	0.124	0.130	0.128	0.130	0.129	0.130	0.131	0.129	0.129												
4:20:00													0.133	0.122	0.133	0.124	0.135	0.126	0.132	0.129	0.136	0.131	0.135	0.130	0.128	0.124	0.134	0.123	0.130	0.128	0.131	0.128	0.132	0.208	0.129	0.128	0.125	0.123	0.132	0.127	0.203	0.129	0.130	0.129	0.200	0.128	0.129	0.133	0.121	0.127	0.133	0.122	0.135	0.129	0.132	0.131	0.197	0.129	0.128	0.130	0.123	0.128	0.160	0.124	0.127	0.130	0.130	0.145	0.218	0.128	0.129	0.129	0.128	0.127	0.149	0.125	0.130	0.129	0.130	0.129	0.130	0.131	0.128	0.129												
4:40:00													0.134	0.122	0.134	0.124	0.137	0.127	0.134	0.129	0.137	0.131	0.136	0.130	0.130	0.124	0.137	0.124	0.131	0.128	0.132	0.128	0.133	0.211	0.129	0.129	0.125	0.123	0.132	0.128	0.205	0.129	0.130	0.129	0.202	0.128	0.129	0.133	0.121	0.128	0.138	0.123	0.135	0.130	0.132	0.131	0.199	0.129	0.129	0.130	0.123	0.129	0.162	0.124	0.127	0.130	0.130	0.148	0.222	0.128	0.129	0.129	0.129	0.127	0.161	0.125	0.130	0.129	0.130	0.129	0.131	0.131	0.130	0.130												
5:00:00													0.136	0.122	0.136	0.127	0.140	0.127	0.136	0.129	0.139	0.131	0.138	0.131	0.128	0.124	0.141	0.125	0.131	0.128	0.134	0.128	0.133	0.228	0.129	0.130	0.127	0.123	0.136	0.129	0.218	0.129	0.131	0.129	0.215	0.128	0.130	0.133	0.121	0.128	0.142	0.124	0.140	0.130	0.133	0.132	0.210	0.130	0.129	0.130	0.123	0.129	0.170	0.124	0.128	0.130	0.131	0.151	0.243	0.129	0.130	0.129	0.124	0.126	0.170	0.126	0.130	0.130	0.132	0.130	0.130	0.132	0.130	0.130												
5:20:00													0.138	0.122	0.142	0.127	0.143	0.127	0.141	0.130	0.142	0.131	0.140	0.131	0.132	0.124	0.148	0.125	0.132	0.128	0.133	0.128	0.134	0.214	0.130	0.129	0.128	0.123	0.142	0.130	0.208	0.129	0.132	0.129	0.202	0.128	0.132	0.134	0.121	0.128	0.143	0.123	0.138	0.131	0.133	0.132	0.206	0.130	0.130	0.130	0.123	0.127	0.191	0.125	0.127	0.131	0.131	0.147	0.231	0.130	0.131	0.130	0.131	0.128	0.175	0.127	0.130	0.130	0.132	0.131	0.131	0.133	0.131	0.130												
5:40:00													0.144	0.122	0.161	0.126	0.149	0.126	0.144	0.131	0.146	0.131	0.142	0.131	0.137	0.124	0.142	0.125	0.132	0.128	0.134	0.129	0.136	0.214	0.131	0.129	0.130	0.123	0.145	0.131	0.209	0.129	0.132	0.129	0.201	0.128	0.132	0.134	0.121	0.128	0.148	0.124	0.138	0.131	0.134	0.132	0.208	0.131	0.131	0.130	0.123	0.128	0.215	0.124	0.127	0.131	0.132	0.144	0.235	0.130	0.131	0.130	0.131	0.128	0.185	0.127	0.130	0.131	0.132	0.131	0.131	0.132	0.130	0.130												
6:00:00													0.148	0.122	0.157	0.128	0.157	0.127	0.151	0.130	0.150	0.131	0.144	0.131	0.141	0.124	0.153	0.128	0.134	0.129	0.136	0.129	0.138	0.230	0.130	0.130	0.132	0.123	0.148	0.134	0.221	0.129	0.132	0.130	0.210	0.128	0.134	0.133	0.121	0.129	0.158	0.125	0.144	0.132	0.135	0.132	0.217	0.132	0.131	0.130	0.123	0.129	0.239	0.127	0.127	0.132	0.133	0.145	0.257	0.130	0.131	0.130	0.126	0.127	0.205	0.126	0.130	0.132	0.133	0.133	0.131	0.135	0.131	0.131												
6:20:00													0.162	0.122	0.161	0.129	0.166	0.127	0.160	0.131	0.153	0.131	0.148	0.132	0.144	0.124	0.171	0.128	0.136	0.128	0.135	0.129	0.140	0.212	0.131	0.132	0.133	0.123	0.156	0.148	0.209	0.129	0.134	0.129	0.197	0.128	0.136	0.133	0.121	0.129	0.163	0.125	0.140	0.131	0.134	0.132	0.212	0.133	0.134	0.130	0.123	0.129	0.251	0.128	0.127	0.133	0.135	0.153	0.240	0.131	0.133	0.131	0.132	0.131	0.251	0.128	0.130	0.133	0.135	0.133	0.130	0.135	0.131	0.131												
6:40:00													0.160	0.122	0.171	0.131	0.176	0.127	0.173	0.131	0.161	0.131	0.155	0.133	0.147	0.124	0.185	0.128	0.137	0.128	0.138	0.130	0.144	0.208	0.132	0.132	0.136	0.123	0.189	0.175	0.205	0.129	0.136	0.130	0.192	0.128	0.141	0.135	0.121	0.131	0.172	0.126	0.140	0.133	0.135	0.133	0.213	0.133	0.135	0.131	0.123	0.131	0.270	0.128	0.127	0.134	0.138	0.192	0.242	0.132	0.135	0.131	0.134	0.132	0.277	0.127	0.130	0.135	0.137	0.134	0.131	0.135	0.132	0.133												
7:00:00													0.170	0.122	0.181	0.131	0.192	0.127	0.181	0.133	0.161	0.131	0.165	0.133	0.173	0.124	0.197	0.128	0.138	0.128	0.141	0.131	0.147	0.202	0.135	0.131	0.141	0.123	0.226	0.200	0.204	0.129	0.136	0.131	0.186	0.128	0.140	0.133	0.121	0.132	0.181	0.128	0.140	0.133	0.139	0.133	0.214	0.135	0.135	0.131	0.123	0.132	0.290	0.128	0.127	0.135	0.141	0.208	0.246	0.132	0.134	0.131	0.135	0.133	0.296	0.130	0.130	0.136	0.139	0.137	0.130	0.136	0.133	0.133												
7:20:00													0.193	0.122	0.198	0.132	0.220	0.127	0.198	0.135	0.167	0.132	0.172	0.134	0.174	0.124	0.216	0.131	0.140	0.128	0.140	0.131	0.153	0.192	0.137	0.134	0.146	0.123	0.260	0.215	0.200	0.129	0.139	0.131	0.182	0.128	0.143	0.137	0.121	0.133	0.196	0.130	0.140	0.136	0.140	0.134	0.217	0.137	0.135	0.132	0.123	0.132	0.312	0.130	0.127	0.133	0.146	0.214	0.247	0.134	0.138	0.133	0.136	0.145	0.316	0.131	0.130	0.138	0.143	0.139	0.131	0.139	0.134	0.132												
7:40:00													0.213	0.122	0.242	0.133	0.249	0.127	0.223	0.137	0.171	0.131	0.171	0.136	0.177	0.124	0.235	0.131	0.149	0.128	0.149	0.132	0.158	0.186	0.138	0.134	0.159	0.123	0.296	0.233	0.200	0.129	0.147	0.132	0.182	0.128	0.148	0.134	0.121	0.135	0.213	0.130	0.141	0.137	0.145	0.134	0.221	0.139	0.136	0.133	0.123	0.137	0.337	0.131	0.127	0.135	0.168	0.216	0.250	0.136	0.141	0.133	0.136	0.170	0.343	0.127	0.130	0.141	0.157	0.142	0.131	0.141	0.135	0.134												
8:00:00													0.252	0.122	0.296	0.136	0.280	0.127	0.251	0.135	0.180	0.132	0.180	0.137	0.196	0.124	0.258	0.134	0.159	0.129	0.160	0.133	0.163	0.188	0.139	0.133	0.174	0.123	0.331	0.252	0.205	0.129	0.158	0.133	0.185	0.128	0.158	0.137	0.121	0.140	0.236	0.130	0.142	0.138	0.150	0.135	0.223	0.143	0.143	0.134	0.123	0.152	0.365	0.135	0.127	0.138	0.165	0.233	0.252	0.136	0.144	0.134	0.137	0.186	0.371	0.130	0.130	0.145	0.167	0.147	0.131	0.146	0.137	0.134												
8:20:00													0.290	0.122	0.327	0.140	0.302	0.127	0.274	0.136	0.200	0.131	0.191	0.138	0.219	0.124	0.284	0.142	0.164	0.129	0.160	0.134	0.158	0.182	0.151	0.137	0.170	0.123	0.364	0.276	0.206	0.130	0.152	0.134	0.166	0.128	0.178	0.140	0.121	0.150	0.260	0.133	0.143	0.141	0.163	0.135	0.223	0.154	0.147	0.132	0.123	0.182	0.424	0.141	0.128	0.143	0.177	0.239	0.256	0.136	0.151	0.136	0.138	0.196	0.413	0.135	0.130	0.156	0.177	0.163	0.131	0.172	0.138	0.136												
8:40:00													0.325	0.122	0.343	0.148	0.320	0.127	0.297	0.141	0.224	0.132	0.204	0.139	0.236	0.124	0.311	0.172	0.195	0.129	0.194	0.137	0.164	0.166	0.175	0.138	0.207	0.123	0.392	0.301	0.199	0.132	0.174	0.134	0.170	0.128	0.171	0.138	0.121	0.181	0.288	0.135	0.143	0.149	0.156	0.137	0.225	0.177	0.160	0.134	0.123	0.188	0.457	0.162	0.128	0.149	0.198	0.272	0.257	0.150	0.155	0.139	0.138	0.218	0.453	0.146	0.130	0.184	0.188	0.193	0.131	0.166	0.142	0.141												
9:00:00													0.353	0.123	0.364	0.172	0.342	0.127	0.324	0.146	0.255	0.132	0.222	0.142	0.253	0.124	0.337	0.158	0.213	0.128	0.209	0.140	0.172	0.169	0.163	0.139	0.216	0.123	0.415	0.325	0.191	0.137	0.192	0.137	0.176	0.128	0.176	0.140	0.121	0.211	0.322	0.165	0.143	0.181	0.181	0.139	0.225	0.176	0.173	0.136	0.123	0.193	0.504	0.178	0.128	0.174	0.206	0.302	0.258	0.158	0.180	0.141	0.138	0.253	0.504	0.181	0.130	0.196	0.210	0.196	0.130	0.167	0.143	0.141												
9:20:00													0.372	0.123	0.392	0.185	0.370	0.127	0.348	0.153	0.284	0.132	0.246	0.148	0.264	0.124	0.368	0.154	0.240	0.128	0.227	0.154	0.183	0.180	0.170	0.141	0.275	0.123	0.437	0.350	0.194	0.145	0.202	0.138	0.188	0.129	0.183	0.139	0.121	0.218	0.368	0.174	0.143	0.176	0.208	0.139	0.224	0.192	0.176	0.138	0.123	0.195	0.537	0.173	0.128	0.193	0.218	0.317	0.258	0.180	0.173	0.148	0.137	0.269	0.533	0.181	0.130	0.202	0.226	0.204	0.131	0.172	0.153	0.151												
9:40:00													0.397	0.123	0.440	0.181	0.403	0.127	0.365	0.181	0.319	0.132	0.274	0.163	0.282	0.124	0.409	0.165	0.264	0.128	0.233	0.181	0.199	0.188	0.180	0.143	0.304	0.123	0.463	0.377	0.210	0.170	0.226	0.144	0.210	0.129	0.192	0.142	0.121	0.236	0.421	0.163	0.142	0.174	0.217	0.142	0.225	0.221	0.186	0.140	0.123	0.211	0.576	0.182	0.128	0.199	0.248	0.350	0.258	0.177	0.185	0.157	0.137	0.293	0.554	0.185	0.130	0.215	0.241	0.209	0.131	0.187	0.173	0.158												
10:00:01													0.430	0.123	0.479	0.190	0.440	0.127	0.393	0.189	0.340	0.130	0.301	0.194	0.302	0.124	0.448	0.165	0.286	0.128	0.250	0.185	0.221	0.202	0.189	0.156	0.342	0.123	0.486	0.405	0.225	0.176	0.237	0.156	0.239	0.129	0.210	0.144	0.121	0.266	0.469	0.161	0.142	0.181	0.233	0.154	0.222	0.226	0.199	0.142	0.123	0.212	0.599	0.191	0.128	0.209	0.273	0.389	0.259	0.172	0.196	0.191	0.136	0.314	0.575	0.191	0.130	0.236	0.265	0.233	0.130	0.204	0.168	0.177												
10:20:01													0.479	0.123	0.543	0.200	0.479	0.127	0.426	0.195	0.365	0.131	0.328	0.201	0.324	0.124	0.478	0.168	0.304	0.128	0.277	0.192	0.237	0.220	0.200	0.188	0.367	0.123	0.507	0.432	0.247	0.186	0.266	0.185	0.266	0.129	0.230	0.148	0.121	0.289	0.503	0.170	0.143	0.197	0.233	0.187	0.217	0.253	0.211	0.144	0.123	0.216	0.621	0.202	0.128	0.232	0.300	0.422	0.258	0.189	0.208	0.198	0.137	0.335	0.591	0.199	0.130	0.261	0.281	0.255	0.131	0.226	0.177	0.176												
10:40:01													0.521	0.123	0.584	0.217	0.515	0.127	0.467	0.203	0.393	0.131	0.355	0.200	0.361	0.124	0.519	0.185	0.322	0.128	0.311	0.202	0.258	0.242	0.217	0.198	0.380	0.123	0.525	0.456	0.277	0.195	0.301	0.187	0.290	0.129	0.244	0.152	0.121	0.314	0.538	0.179	0.141	0.215	0.253	0.190	0.217	0.292	0.231	0.154	0.123	0.237	0.641	0.217	0.128	0.256	0.333	0.455	0.257	0.208	0.224	0.193	0.136	0.357	0.616	0.214	0.130	0.283	0.299	0.271	0.131	0.245	0.192	0.193												
11:00:01													0.566	0.123	0.619	0.234	0.542	0.127	0.522	0.209	0.424	0.131	0.377	0.204	0.432	0.124	0.555	0.207	0.352	0.128	0.345	0.214	0.285	0.264	0.235	0.197	0.398	0.123	0.541	0.476	0.311	0.206	0.333	0.194	0.320	0.129	0.274	0.156	0.121	0.338	0.566	0.191	0.142	0.236	0.280	0.195	0.219	0.320	0.251	0.178	0.123	0.256	0.658	0.227	0.128	0.268	0.368	0.478	0.256	0.233	0.247	0.193	0.137	0.375	0.639	0.226	0.130	0.308	0.319	0.287	0.131	0.267	0.208	0.215												
11:20:01													0.595	0.123	0.639	0.250	0.601	0.127	0.591	0.216	0.452	0.134	0.406	0.216	0.463	0.124	0.587	0.217	0.407	0.128	0.381	0.227	0.308	0.290	0.251	0.203	0.438	0.123	0.556	0.494	0.345	0.218	0.373	0.204	0.353	0.129	0.305	0.165	0.121	0.348	0.590	0.203	0.142	0.264	0.306	0.198	0.215	0.348	0.270	0.203	0.123	0.278	0.674	0.236	0.128	0.283	0.402	0.514	0.256	0.255	0.273	0.199	0.137	0.404	0.668	0.236	0.130	0.336	0.351	0.311	0.132	0.295	0.222	0.239												
11:40:01													0.626	0.123	0.662	0.265	0.631	0.127	0.617	0.228	0.480	0.134	0.440	0.229	0.510	0.124	0.604	0.232	0.447	0.128	0.416	0.242	0.335	0.314	0.269	0.206	0.484	0.123	0.570	0.511	0.382	0.237	0.408	0.214	0.386	0.129	0.334	0.188	0.121	0.363	0.606	0.217	0.137	0.285	0.334	0.201	0.200	0.369	0.282	0.208	0.123	0.298	0.690	0.255	0.128	0.307	0.440	0.537	0.254	0.280	0.299	0.214	0.137	0.428	0.684	0.260	0.130	0.365	0.380	0.345	0.131	0.322	0.242	0.263												
12:00:01													0.650	0.123	0.685	0.288	0.666	0.127	0.645	0.244	0.503	0.136	0.470	0.258	0.523	0.124	0.625	0.246	0.492	0.128	0.454	0.254	0.366	0.342	0.289	0.208	0.518	0.123	0.584	0.527	0.426	0.256	0.446	0.226	0.417	0.129	0.367	0.196	0.121	0.391	0.623	0.238	0.142	0.311	0.364	0.209	0.213	0.395	0.298	0.208	0.123	0.330	0.709	0.278	0.128	0.338	0.479	0.567	0.252	0.303	0.324	0.228	0.136	0.454	0.700	0.279	0.130	0.388	0.417	0.372	0.132	0.344	0.266	0.282												
12:20:01													0.669	0.123	0.701	0.302	0.685	0.127	0.670	0.257	0.531	0.138	0.499	0.281	0.542	0.124	0.644	0.261	0.547	0.128	0.495	0.265	0.393	0.371	0.313	0.227	0.547	0.123	0.598	0.543	0.472	0.264	0.482	0.244	0.450	0.129	0.404	0.199	0.121	0.419	0.643	0.258	0.141	0.334	0.388	0.230	0.210	0.427	0.320	0.213	0.123	0.363	0.721	0.300	0.128	0.363	0.520	0.600	0.251	0.327	0.350	0.249	0.136	0.481	0.721	0.298	0.130	0.415	0.452	0.403	0.133	0.373	0.288	0.298												
12:40:01													0.677	0.123	0.723	0.316	0.716	0.127	0.714	0.273	0.554	0.141	0.527	0.310	0.553	0.123	0.660	0.275	0.601	0.128	0.519	0.282	0.419	0.402	0.338	0.243	0.565	0.123	0.613	0.559	0.519	0.286	0.492	0.255	0.480	0.129	0.448	0.217	0.121	0.456	0.668	0.279	0.142	0.360	0.418	0.243	0.208	0.452	0.343	0.219	0.123	0.397	0.736	0.313	0.128	0.388	0.598	0.611	0.249	0.356	0.382	0.273	0.136	0.521	0.746	0.316	0.130	0.449	0.517	0.441	0.132	0.402	0.305	0.310												
13:00:01													0.695	0.123	0.740	0.331	0.765	0.127	0.752	0.286	0.582	0.148	0.561	0.334	0.584	0.123	0.676	0.291	0.656	0.128	0.543	0.294	0.444	0.429	0.366	0.253	0.575	0.123	0.626	0.574	0.556	0.317	0.560	0.276	0.506	0.129	0.489	0.241	0.121	0.491	0.685	0.299	0.142	0.390	0.474	0.264	0.207	0.481	0.369	0.232	0.123	0.418	0.748	0.341	0.128	0.419	0.588	0.643	0.247	0.393	0.410	0.291	0.136	0.547	0.762	0.343	0.130	0.480	0.567	0.479	0.132	0.433	0.328	0.333												
13:20:01													0.719	0.123	0.755	0.348	0.779	0.127	0.762	0.305	0.663	0.152	0.633	0.363	0.611	0.124	0.691	0.319	0.656	0.128	0.585	0.314	0.464	0.457	0.389	0.263	0.594	0.123	0.640	0.590	0.609	0.356	0.569	0.294	0.531	0.129	0.532	0.268	0.121	0.534	0.699	0.317	0.141	0.418	0.536	0.290	0.206	0.506	0.386	0.255	0.123	0.449	0.765	0.366	0.128	0.451	0.634	0.646	0.245	0.424	0.442	0.309	0.135	0.579	0.778	0.368	0.130	0.511	0.611	0.511	0.132	0.460	0.360	0.361												
13:40:01													0.725	0.123	0.767	0.377	0.803	0.127	0.775	0.320	0.699	0.159	0.692	0.396	0.630	0.124	0.709	0.335	0.697	0.128	0.623	0.335	0.521	0.530	0.402	0.283	0.619	0.123	0.655	0.606	0.674	0.402	0.609	0.321	0.551	0.129	0.566	0.291	0.121	0.564	0.717	0.336	0.141	0.449	0.572	0.322	0.205	0.557	0.419	0.279	0.123	0.482	0.775	0.391	0.128	0.481	0.653	0.687	0.246	0.468	0.466	0.332	0.135	0.613	0.788	0.394	0.130	0.523	0.645	0.533	0.134	0.485	0.388	0.397												
14:00:01													0.736	0.123	0.765	0.412	0.831	0.127	0.795	0.342	0.770	0.170	0.705	0.425	0.650	0.124	0.725	0.373	0.743	0.128	0.665	0.366	0.586	0.610	0.415	0.306	0.642	0.123	0.669	0.621	0.694	0.435	0.637	0.335	0.610	0.129	0.607	0.324	0.121	0.607	0.734	0.355	0.140	0.475	0.590	0.353	0.203	0.602	0.463	0.302	0.123	0.524	0.785	0.411	0.128	0.499	0.688	0.719	0.243	0.480	0.488	0.361	0.135	0.640	0.806	0.417	0.130	0.559	0.666	0.568	0.133	0.513	0.420	0.425												
14:20:01													0.747	0.123	0.785	0.439	0.860	0.127	0.815	0.366	0.809	0.204	0.730	0.453	0.670	0.124	0.740	0.413	0.770	0.128	0.695	0.394	0.611	0.634	0.497	0.329	0.665	0.123	0.682	0.634	0.722	0.482	0.677	0.359	0.643	0.129	0.623	0.359	0.121	0.638	0.748	0.378	0.141	0.512	0.634	0.378	0.198	0.659	0.561	0.326	0.123	0.566	0.794	0.436	0.128	0.522	0.725	0.747	0.242	0.521	0.558	0.393	0.135	0.663	0.816	0.436	0.130	0.593	0.714	0.592	0.133	0.544	0.453	0.477												
14:40:01													0.762	0.123	0.795	0.480	0.884	0.127	0.833	0.394	0.850	0.222	0.759	0.485	0.686	0.124	0.756	0.447	0.790	0.128	0.724	0.419	0.636	0.671	0.559	0.351	0.682	0.123	0.693	0.645	0.769	0.508	0.708	0.388	0.657	0.129	0.660	0.394	0.121	0.669	0.759	0.407	0.141	0.544	0.690	0.419	0.199	0.695	0.600	0.354	0.123	0.595	0.807	0.459	0.128	0.544	0.735	0.770	0.240	0.551	0.611	0.422	0.134	0.685	0.828	0.459	0.130	0.610	0.733	0.621	0.133	0.563	0.491	0.502												
15:00:01													0.776	0.123	0.806	0.522	0.903	0.127	0.862	0.410	0.892	0.247	0.795	0.511	0.702	0.124	0.785	0.474	0.811	0.128	0.760	0.434	0.676	0.706	0.589	0.368	0.702	0.123	0.704	0.658	0.784	0.554	0.731	0.428	0.682	0.129	0.683	0.427	0.121	0.695	0.777	0.445	0.146	0.570	0.710	0.448	0.203	0.735	0.627	0.376	0.123	0.624	0.821	0.492	0.128	0.576	0.765	0.801	0.256	0.591	0.643	0.454	0.127	0.709	0.842	0.486	0.130	0.644	0.767	0.639	0.132	0.608	0.536	0.524												
15:20:01													0.796	0.123	0.822	0.535	0.924	0.127	0.880	0.436	0.926	0.264	0.827	0.530	0.716	0.123	0.791	0.500	0.832	0.128	0.777	0.447	0.720	0.728	0.630	0.400	0.716	0.123	0.714	0.668	0.806	0.590	0.753	0.451	0.712	0.129	0.705	0.463	0.121	0.717	0.786	0.491	0.141	0.583	0.737	0.479	0.195	0.768	0.653	0.399	0.123	0.640	0.829	0.519	0.128	0.610	0.786	0.829	0.237	0.616	0.676	0.484	0.134	0.729	0.856	0.513	0.130	0.684	0.790	0.654	0.133	0.647	0.609	0.562												
15:40:01													0.804	0.123	0.824	0.567	0.934	0.127	0.903	0.481	0.945	0.282	0.854	0.560	0.734	0.123	0.812	0.514	0.855	0.128	0.799	0.490	0.748	0.759	0.654	0.436	0.731	0.123	0.722	0.677	0.825	0.645	0.778	0.476	0.736	0.129	0.732	0.496	0.121	0.736	0.795	0.572	0.141	0.628	0.756	0.501	0.193	0.778	0.683	0.428	0.123	0.660	0.840	0.538	0.128	0.653	0.812	0.852	0.235	0.683	0.692	0.519	0.134	0.742	0.871	0.548	0.130	0.718	0.809	0.697	0.133	0.690	0.641	0.594												
16:00:01													0.826	0.123	0.834	0.602	0.935	0.127	0.920	0.534	0.981	0.300	0.871	0.582	0.750	0.123	0.831	0.533	0.866	0.128	0.815	0.507	0.774	0.791	0.696	0.481	0.749	0.123	0.731	0.685	0.842	0.687	0.789	0.496	0.759	0.129	0.759	0.525	0.121	0.756	0.808	0.594	0.141	0.689	0.778	0.520	0.191	0.813	0.709	0.452	0.123	0.682	0.852	0.574	0.128	0.695	0.829	0.870	0.235	0.715	0.716	0.564	0.133	0.757	0.881	0.573	0.130	0.745	0.829	0.748	0.133	0.729	0.673	0.632												
16:20:01													0.836	0.123	0.847	0.633	0.940	0.128	0.920	0.594	1.006	0.323	0.890	0.590	0.769	0.123	0.844	0.553	0.896	0.128	0.835	0.582	0.794	0.814	0.716	0.544	0.766	0.123	0.743	0.698	0.860	0.726	0.808	0.531	0.778	0.129	0.774	0.555	0.121	0.779	0.819	0.625	0.142	0.727	0.797	0.552	0.191	0.828	0.737	0.478	0.123	0.700	0.865	0.607	0.128	0.746	0.845	0.894	0.234	0.759	0.748	0.610	0.133	0.773	0.892	0.608	0.130	0.769	0.845	0.793	0.134	0.755	0.718	0.663												
16:40:01													0.853	0.123	0.857	0.662	0.939	0.128	0.939	0.653	1.032	0.349	0.901	0.635	0.780	0.123	0.858	0.583	0.912	0.128	0.853	0.634	0.818	0.836	0.734	0.580	0.782	0.123	0.765	0.719	0.875	0.756	0.818	0.564	0.796	0.129	0.791	0.585	0.121	0.800	0.834	0.618	0.157	0.759	0.822	0.565	0.184	0.853	0.751	0.509	0.123	0.727	0.875	0.630	0.128	0.780	0.860	0.913	0.232	0.795	0.764	0.643	0.133	0.789	0.901	0.635	0.130	0.796	0.862	0.830	0.133	0.786	0.755	0.706												
17:00:01													0.870	0.123	0.866	0.695	0.944	0.128	0.941	0.714	1.053	0.371	0.919	0.668	0.789	0.123	0.874	0.603	0.935	0.128	0.869	0.671	0.834	0.854	0.752	0.629	0.795	0.123	0.811	0.762	0.887	0.786	0.831	0.616	0.809	0.129	0.811	0.608	0.121	0.815	0.844	0.621	0.157	0.789	0.845	0.587	0.185	0.872	0.770	0.536	0.123	0.749	0.883	0.652	0.128	0.813	0.868	0.958	0.232	0.827	0.778	0.680	0.132	0.807	0.912	0.654	0.130	0.826	0.890	0.877	0.133	0.823	0.777	0.737												
17:20:01													0.873	0.123	0.885	0.717	0.964	0.128	0.973	0.754	1.080	0.399	0.934	0.715	0.809	0.124	0.890	0.618	0.944	0.128	0.884	0.712	0.850	0.887	0.771	0.659	0.814	0.123	0.842	0.789	0.897	0.813	0.843	0.643	0.819	0.129	0.817	0.638	0.121	0.840	0.850	0.647	0.162	0.820	0.864	0.583	0.189	0.888	0.787	0.573	0.123	0.772	0.892	0.675	0.128	0.838	0.889	0.975	0.249	0.855	0.795	0.729	0.126	0.828	0.921	0.674	0.130	0.852	0.888	0.917	0.133	0.852	0.798	0.767												
17:40:01													0.883	0.123	0.889	0.733	0.974	0.128	0.987	0.806	1.102	0.425	0.957	0.741	0.821	0.123	0.901	0.635	0.952	0.128	0.900	0.749	0.868	0.910	0.787	0.691	0.826	0.123	0.848	0.798	0.911	0.837	0.856	0.708	0.832	0.133	0.832	0.690	0.121	0.855	0.857	0.665	0.174	0.850	0.883	0.643	0.181	0.915	0.802	0.631	0.123	0.791	0.904	0.694	0.128	0.870	0.902	0.988	0.232	0.878	0.806	0.773	0.132	0.847	0.934	0.693	0.130	0.872	0.928	0.981	0.133	0.879	0.824	0.794												
18:00:01													0.899	0.123	0.900	0.750	0.983	0.128	0.997	0.854	1.136	0.446	0.980	0.780	0.836	0.123	0.915	0.656	0.965	0.128	0.916	0.783	0.881	0.939	0.801	0.721	0.841	0.123	0.851	0.804	0.919	0.868	0.864	0.744	0.844	0.132	0.851	0.743	0.121	0.875	0.864	0.684	0.186	0.868	0.900	0.670	0.178	0.938	0.823	0.658	0.123	0.810	0.913	0.711	0.128	0.889	0.924	1.017	0.233	0.907	0.816	0.794	0.131	0.865	0.945	0.720	0.130	0.887	0.938	0.984	0.133	0.911	0.846	0.828												
18:20:01													0.903	0.123	0.912	0.768	0.996	0.128	1.005	0.904	1.138	0.476	0.988	0.816	0.850	0.123	0.929	0.673	0.973	0.128	0.924	0.803	0.889	0.949	0.816	0.751	0.851	0.123	0.854	0.808	0.920	0.895	0.878	0.772	0.854	0.132	0.868	0.767	0.121	0.891	0.871	0.706	0.201	0.883	0.912	0.710	0.177	0.958	0.828	0.702	0.123	0.828	0.928	0.728	0.128	0.912	0.942	1.009	0.234	0.921	0.835	0.818	0.131	0.879	0.955	0.741	0.130	0.892	0.949	0.992	0.133	0.969	0.871	0.857												
18:40:01													0.918	0.123	0.922	0.784	1.033	0.128	1.013	0.946	1.174	0.509	1.009	0.848	0.863	0.123	0.941	0.689	0.965	0.128	0.928	0.834	0.907	0.974	0.831	0.771	0.868	0.123	0.858	0.813	0.933	0.921	0.893	0.818	0.868	0.133	0.882	0.821	0.121	0.912	0.879	0.722	0.219	0.897	0.919	0.740	0.176	0.969	0.843	0.733	0.123	0.844	0.937	0.747	0.128	0.933	0.961	1.014	0.233	0.935	0.850	0.844	0.130	0.895	0.967	0.770	0.130	0.900	0.955	0.993	0.133	0.950	0.907	0.926												
19:00:01													0.923	0.123	0.933	0.801	1.035	0.128	1.018	0.944	1.187	0.523	1.033	0.871	0.873	0.123	0.954	0.716	0.982	0.128	0.954	0.865	0.942	0.977	0.844	0.805	0.882	0.123	0.862	0.817	0.947	0.954	0.896	0.848	0.874	0.133	0.902	0.831	0.121	0.930	0.891	0.740	0.238	0.913	0.943	0.778	0.174	0.986	0.851	0.763	0.123	0.862	0.945	0.769	0.128	0.950	0.975	1.019	0.233	0.956	0.879	0.866	0.130	0.909	0.975	0.786	0.130	0.912	0.974	0.988	0.133	0.972	0.921	0.936												
19:20:01													0.936	0.123	0.941	0.819	1.050	0.128	1.022	0.945	1.204	0.544	1.038	0.902	0.885	0.123	0.966	0.729	0.994	0.128	0.977	0.920	0.951	0.986	0.858	0.825	0.894	0.123	0.879	0.826	0.964	0.960	0.913	0.888	0.888	0.132	0.920	0.829	0.121	0.945	0.896	0.754	0.263	0.928	0.956	0.803	0.163	1.002	0.871	0.792	0.123	0.883	0.954	0.812	0.128	0.967	0.986	1.028	0.233	0.964	0.889	0.895	0.130	0.921	0.976	0.809	0.131	0.924	0.990	0.993	0.134	0.984	0.953	0.960												
19:40:01													0.943	0.123	0.951	0.840	1.058	0.128	1.024	0.952	1.217	0.603	1.040	0.916	0.892	0.123	0.986	0.754	0.989	0.128	0.997	0.941	0.961	0.993	0.881	0.863	0.904	0.123	0.888	0.834	0.958	0.971	0.936	0.919	0.903	0.132	0.936	0.829	0.122	0.962	0.906	0.782	0.285	0.945	0.972	0.826	0.172	1.009	0.886	0.814	0.123	0.901	0.964	0.830	0.128	0.989	0.993	1.033	0.233	0.976	0.914	0.935	0.129	0.939	0.997	0.837	0.130	0.925	1.002	0.992	0.133	0.989	0.963	0.948												
20:00:01													0.949	0.123	0.958	0.870	1.071	0.128	1.034	0.951	1.225	0.619	1.046	0.930	0.901	0.123	1.001	0.769	1.009	0.128	1.007	0.950	0.969	1.002	0.886	0.885	0.916	0.123	0.887	0.837	0.971	0.989	0.957	0.945	0.914	0.132	0.954	0.817	0.122	0.976	0.918	0.799	0.308	0.958	0.988	0.850	0.173	1.018	0.903	0.836	0.123	0.920	0.973	0.855	0.128	0.989	1.001	1.038	0.234	0.991	0.931	0.949	0.129	0.954	1.013	0.855	0.130	0.940	1.011	0.992	0.134	0.994	0.967	0.960												
20:20:01													0.958	0.123	0.974	0.908	1.081	0.128	1.043	0.961	1.228	0.632	1.062	0.945	0.910	0.123	1.012	0.783	1.018	0.128	1.017	0.951	0.975	1.012	0.902	0.902	0.929	0.123	0.888	0.839	0.984	1.002	0.973	0.964	0.922	0.132	0.970	0.816	0.122	0.992	0.927	0.812	0.335	0.970	0.998	0.881	0.172	1.026	0.925	0.865	0.123	0.936	0.982	0.874	0.128	1.005	1.010	1.047	0.234	1.001	0.949	0.958	0.128	0.966	1.022	0.872	0.130	0.947	1.022	0.997	0.136	1.008	0.976	0.968												
20:40:01													0.968	0.123	0.982	0.935	1.100	0.128	1.052	0.966	1.236	0.643	1.069	0.957	0.917	0.123	1.015	0.814	1.013	0.128	1.031	0.964	0.982	1.024	0.927	0.925	0.940	0.123	0.888	0.841	1.000	1.006	0.982	0.975	0.933	0.132	0.983	0.836	0.122	1.008	0.938	0.832	0.358	0.978	1.008	0.910	0.170	1.038	0.948	0.889	0.123	0.952	0.991	0.874	0.128	1.017	1.015	1.055	0.233	1.017	0.962	0.973	0.128	0.983	1.034	0.892	0.130	0.958	1.032	0.998	0.134	1.020	0.983	0.975												
21:00:01													0.974	0.123	1.013	0.955	1.114	0.128	1.061	0.979	1.244	0.655	1.078	0.971	0.930	0.123	1.028	0.832	1.030	0.128	1.040	0.965	0.993	1.036	0.939	0.936	0.950	0.123	0.889	0.842	1.013	1.012	0.989	0.985	0.947	0.133	0.994	0.812	0.122	1.023	0.948	0.842	0.385	0.983	1.015	0.940	0.168	1.044	0.958	0.914	0.123	0.972	0.994	0.893	0.128	1.022	1.024	1.063	0.234	1.030	0.968	0.985	0.128	0.997	1.042	0.904	0.131	0.971	1.038	0.998	0.134	1.034	0.994	0.979												
21:20:01													0.983	0.123	1.021	0.969	1.123	0.128	1.066	0.983	1.250	0.653	1.084	0.971	0.942	0.123	1.027	0.851	1.033	0.128	1.045	0.977	1.005	1.044	0.940	0.954	0.965	0.123	0.890	0.845	1.020	1.015	1.000	0.991	0.959	0.133	1.005	0.755	0.122	1.038	0.958	0.853	0.409	0.988	1.022	0.950	0.166	1.048	0.970	0.934	0.124	0.992	1.000	0.919	0.128	1.029	1.030	1.065	0.234	1.041	0.981	0.991	0.127	1.010	1.052	0.914	0.131	0.987	1.042	0.997	0.135	1.026	1.005	0.986												
21:40:01													0.989	0.123	1.031	1.013	1.135	0.128	1.071	0.988	1.251	0.658	1.091	0.980	0.955	0.123	1.048	0.854	1.044	0.129	1.056	0.985	1.014	1.049	0.955	0.966	0.978	0.123	0.891	0.846	1.028	1.020	1.008	0.996	0.968	0.133	1.015	0.757	0.122	1.052	0.971	0.872	0.438	0.995	1.026	0.960	0.165	1.054	0.975	0.957	0.124	1.016	1.008	0.934	0.128	1.041	1.042	1.071	0.235	1.052	0.988	0.996	0.127	1.026	1.058	0.931	0.131	0.992	1.046	0.996	0.134	1.039	1.016	0.995												
22:00:01													0.996	0.123	1.039	1.015	1.141	0.128	1.070	0.988	1.254	0.657	1.095	0.992	0.966	0.123	1.058	0.872	1.045	0.129	1.061	0.997	1.018	1.054	0.958	0.981	0.993	0.123	0.891	0.846	1.037	1.023	1.016	1.006	0.972	0.133	1.026	0.759	0.122	1.066	0.982	0.892	0.474	1.008	1.031	0.974	0.164	1.061	0.982	0.969	0.124	1.035	1.014	0.951	0.128	1.036	1.046	1.072	0.235	1.065	0.995	1.005	0.127	1.039	1.065	0.958	0.131	1.016	1.048	0.997	0.134	1.051	1.024	0.998												
22:20:01													1.006	0.123	1.048	1.007	1.144	0.128	1.067	0.991	1.255	0.638	1.100	0.998	0.980	0.123	1.075	0.886	1.060	0.129	1.071	0.999	1.026	1.058	0.965	0.989	1.009	0.123	0.891	0.847	1.046	1.024	1.022	1.008	0.976	0.133	1.039	0.762	0.122	1.078	0.992	0.903	0.515	1.026	1.036	0.980	0.162	1.070	0.990	0.978	0.124	1.056	1.022	0.964	0.128	1.045	1.051	1.077	0.234	1.079	1.002	1.014	0.127	1.052	1.076	0.963	0.131	1.022	1.051	0.998	0.135	1.063	1.030	1.005												
22:40:01													1.008	0.123	1.056	1.016	1.155	0.128	1.062	0.990	1.257	0.620	1.104	0.994	0.995	0.123	1.090	0.888	1.066	0.129	1.077	1.005	1.032	1.058	0.972	0.997	1.018	0.123	0.891	0.847	1.055	1.024	1.028	1.010	0.989	0.133	1.048	0.764	0.122	1.087	0.996	0.917	0.535	1.043	1.043	0.989	0.161	1.070	0.995	0.987	0.124	1.071	1.030	0.993	0.128	1.056	1.052	1.074	0.234	1.087	1.010	1.024	0.127	1.067	1.079	0.974	0.131	1.029	1.052	0.999	0.135	1.062	1.035	1.006												
23:00:01													1.014	0.123	1.065	1.025	1.166	0.129	1.061	0.990	1.260	0.618	1.104	0.995	1.004	0.123	1.101	0.903	1.078	0.129	1.086	1.010	1.036	1.062	0.979	1.005	1.036	0.123	0.892	0.849	1.064	1.027	1.036	1.020	0.994	0.132	1.057	0.765	0.122	1.096	0.999	0.932	0.578	1.057	1.047	0.997	0.161	1.078	1.000	0.997	0.124	1.084	1.037	0.992	0.128	1.061	1.057	1.072	0.234	1.099	1.019	1.031	0.127	1.079	1.080	0.974	0.131	1.041	1.055	1.013	0.135	1.065	1.042	1.008												
23:20:01													1.030	0.123	1.069	1.036	1.185	0.128	1.062	0.990	1.264	0.622	1.110	0.996	1.021	0.123	1.093	0.933	1.080	0.129	1.095	1.012	1.040	1.062	0.986	1.013	1.051	0.123	0.894	0.851	1.070	1.032	1.042	1.025	0.999	0.133	1.056	0.765	0.122	1.107	1.002	0.950	0.600	1.071	1.053	1.003	0.163	1.081	1.010	1.005	0.123	1.099	1.045	1.006	0.128	1.063	1.062	1.075	0.251	1.105	1.027	1.034	0.123	1.095	1.091	0.980	0.131	1.054	1.060	1.023	0.134	1.058	1.043	1.006												
23:40:01													1.048	0.123	1.066	1.041	1.192	0.129	1.056	0.996	1.262	0.633	1.108	0.995	1.030	0.123	1.104	0.948	1.093	0.129	1.101	1.011	1.045	1.063	0.993	1.018	1.070	0.123	0.896	0.853	1.075	1.033	1.050	1.026	1.012	0.133	1.066	0.768	0.122	1.115	1.005	0.963	0.631	1.080	1.057	1.011	0.159	1.084	1.014	1.014	0.124	1.110	1.053	1.016	0.128	1.071	1.065	1.078	0.233	1.119	1.034	1.038	0.126	1.103	1.097	0.993	0.131	1.067	1.059	1.038	0.134	1.063	1.046	1.010												
24:00:01													1.047	0.123	1.064	1.047	1.201	0.129	1.059	1.000	1.265	0.638	1.109	1.000	1.042	0.123	1.123	0.956	1.103	0.129	1.105	1.012	1.048	1.065	0.999	1.024	1.076	0.123	0.900	0.857	1.077	1.032	1.058	1.034	1.017	0.133	1.065	0.770	0.122	1.123	1.013	0.969	0.657	1.090	1.064	1.018	0.158	1.091	1.021	1.020	0.123	1.121	1.067	1.028	0.128	1.073	1.065	1.078	0.232	1.126	1.040	1.042	0.126	1.111	1.113	1.002	0.131	1.091	1.060	1.048	0.135	1.066	1.047	1.012												
24:20:01													1.050	0.123	1.070	1.056	1.213	0.129	1.058	1.014	1.265	0.650	1.102	1.002	1.053	0.123	1.118	0.964	1.113	0.129	1.108	1.011	1.050	1.068	1.006	1.028	1.091	0.123	0.908	0.863	1.080	1.037	1.064	1.036	1.018	0.134	1.067	0.771	0.122	1.133	1.022	0.976	0.692	1.101	1.070	1.024	0.158	1.098	1.026	1.028	0.124	1.131	1.081	1.040	0.128	1.074	1.067	1.079	0.233	1.136	1.041	1.052	0.126	1.120	1.127	1.021	0.131	1.099	1.058	1.059	0.134	1.069	1.051	1.013												
24:40:01													1.059	0.122	1.074	1.065	1.231	0.129	1.060	1.013	1.266	0.661	1.107	1.003	1.064	0.123	1.127	0.970	1.120	0.129	1.111	1.012	1.050	1.069	1.011	1.036	1.102	0.123	0.922	0.872	1.084	1.036	1.072	1.038	1.024	0.133	1.067	0.773	0.122	1.142	1.030	0.982	0.720	1.114	1.077	1.029	0.157	1.101	1.032	1.035	0.124	1.142	1.096	1.054	0.128	1.083	1.073	1.083	0.235	1.149	1.042	1.054	0.126	1.130	1.147	1.026	0.131	1.106	1.055	1.056	0.134	1.071	1.056	1.012												
25:00:01													1.074	0.123	1.085	1.071	1.248	0.128	1.068	1.020	1.265	0.676	1.112	1.008	1.076	0.123	1.147	0.978	1.135	0.129	1.114	1.017	1.052	1.074	1.018	1.040	1.117	0.123	0.935	0.890	1.091	1.043	1.078	1.041	1.028	0.133	1.067	0.773	0.122	1.152	1.041	0.999	0.763	1.123	1.086	1.037	0.160	1.105	1.036	1.042	0.124	1.151	1.107	1.070	0.129	1.089	1.078	1.084	0.250	1.152	1.041	1.057	0.123	1.143	1.168	1.059	0.131	1.117	1.056	1.050	0.136	1.075	1.056	1.015												
25:20:01													1.084	0.122	1.089	1.080	1.261	0.129	1.078	1.029	1.265	0.693	1.105	1.009	1.087	0.123	1.152	0.985	1.140	0.129	1.114	1.021	1.057	1.069	1.021	1.046	1.127	0.123	0.939	0.897	1.090	1.040	1.081	1.042	1.038	0.132	1.071	0.776	0.122	1.156	1.048	1.004	0.789	1.125	1.087	1.037	0.157	1.111	1.040	1.049	0.124	1.157	1.115	1.089	0.128	1.093	1.073	1.083	0.236	1.161	1.045	1.061	0.126	1.150	1.180	1.082	0.131	1.130	1.057	1.006	0.134	1.080	1.056	1.017												
25:40:01													1.093	0.123	1.098	1.085	1.271	0.129	1.090	1.030	1.266	0.700	1.110	1.004	1.099	0.123	1.155	0.998	1.145	0.129	1.116	1.022	1.057	1.067	1.028	1.050	1.135	0.123	0.952	0.907	1.093	1.047	1.085	1.045	1.043	0.133	1.072	0.779	0.122	1.163	1.060	1.019	0.812	1.130	1.090	1.042	0.157	1.119	1.043	1.055	0.124	1.169	1.132	1.107	0.129	1.104	1.076	1.083	0.234	1.173	1.048	1.066	0.126	1.161	1.194	1.075	0.131	1.141	1.066	0.961	0.136	1.082	1.058	1.019												
26:00:02													1.101	0.123	1.114	1.065	1.284	0.129	1.103	1.042	1.265	0.700	1.113	1.007	1.109	0.123	1.182	1.001	1.161	0.129	1.121	1.027	1.061	1.065	1.032	1.053	1.144	0.123	0.966	0.919	1.092	1.048	1.088	1.052	1.050	0.133	1.069	0.780	0.122	1.173	1.070	1.027	0.838	1.135	1.095	1.043	0.155	1.121	1.045	1.059	0.124	1.178	1.145	1.120	0.129	1.105	1.075	1.084	0.232	1.180	1.048	1.067	0.126	1.169	1.204	1.087	0.131	1.149	1.075	0.938	0.135	1.086	1.057	1.028												
26:20:02													1.109	0.123	1.125	1.081	1.295	0.129	1.113	1.039	1.265	0.697	1.115	1.008	1.119	0.123	1.189	1.010	1.171	0.129	1.124	1.034	1.060	1.063	1.034	1.056	1.152	0.123	0.974	0.926	1.093	1.049	1.091	1.052	1.055	0.133	1.070	0.779	0.122	1.182	1.079	1.037	0.858	1.137	1.098	1.047	0.150	1.129	1.048	1.062	0.124	1.188	1.157	1.133	0.129	1.112	1.077	1.082	0.231	1.190	1.050	1.072	0.126	1.180	1.209	1.105	0.131	1.157	1.087	0.930	0.134	1.089	1.060	1.032												
26:40:02													1.116	0.123	1.144	1.092	1.300	0.129	1.121	1.039	1.266	0.694	1.108	1.007	1.128	0.123	1.178	1.024	1.174	0.129	1.125	1.034	1.063	1.063	1.036	1.057	1.161	0.123	0.977	0.929	1.094	1.051	1.093	1.052	1.063	0.133	1.072	0.781	0.122	1.186	1.089	1.046	0.876	1.142	1.099	1.049	0.154	1.132	1.049	1.069	0.124	1.197	1.163	1.148	0.129	1.117	1.075	1.080	0.232	1.197	1.048	1.072	0.126	1.189	1.211	1.110	0.131	1.169	1.100	0.929	0.135	1.091	1.063	1.040												
27:00:02													1.129	0.123	1.154	1.105	1.311	0.129	1.120	1.046	1.261	0.692	1.105	1.017	1.138	0.123	1.197	1.028	1.188	0.129	1.125	1.033	1.065	1.065	1.038	1.058	1.171	0.123	0.979	0.931	1.097	1.054	1.095	1.056	1.069	0.133	1.074	0.779	0.122	1.195	1.099	1.057	0.904	1.144	1.103	1.049	0.153	1.137	1.049	1.072	0.124	1.207	1.173	1.163	0.129	1.123	1.072	1.086	0.229	1.205	1.048	1.074	0.126	1.200	1.214	1.122	0.131	1.175	1.112	0.932	0.135	1.095	1.069	1.042												
27:20:02													1.133	0.123	1.162	1.126	1.323	0.129	1.099	1.051	1.258	0.692	1.104	1.028	1.146	0.123	1.205	1.043	1.197	0.129	1.127	1.031	1.067	1.069	1.039	1.062	1.179	0.123	0.982	0.933	1.098	1.057	1.096	1.058	1.074	0.134	1.080	0.779	0.122	1.200	1.108	1.068	0.905	1.148	1.105	1.052	0.152	1.144	1.049	1.074	0.124	1.214	1.179	1.164	0.129	1.131	1.071	1.082	0.228	1.215	1.051	1.077	0.126	1.210	1.220	1.123	0.131	1.185	1.112	0.950	0.136	1.101	1.077	1.050												
27:40:02													1.143	0.123	1.167	1.131	1.335	0.129	1.071	1.057	1.254	0.691	1.104	1.039	1.156	0.123	1.226	1.037	1.208	0.129	1.128	1.027	1.069	1.074	1.041	1.061	1.189	0.123	0.984	0.935	1.096	1.062	1.099	1.058	1.079	0.133	1.092	0.777	0.122	1.208	1.118	1.080	0.916	1.151	1.106	1.054	0.150	1.152	1.048	1.079	0.124	1.220	1.187	1.172	0.129	1.136	1.071	1.077	0.224	1.221	1.057	1.074	0.126	1.219	1.222	1.129	0.131	1.188	1.113	0.968	0.135	1.105	1.092	1.065												
28:00:02													1.150	0.123	1.171	1.137	1.339	0.129	1.096	1.069	1.248	0.690	1.108	1.050	1.164	0.123	1.225	1.054	1.214	0.129	1.126	1.026	1.072	1.079	1.041	1.057	1.195	0.123	0.985	0.936	1.097	1.066	1.102	1.060	1.086	0.133	1.103	0.779	0.122	1.220	1.128	1.091	0.923	1.155	1.107	1.055	0.149	1.157	1.051	1.079	0.124	1.229	1.196	1.183	0.129	1.144	1.071	1.073	0.226	1.231	1.063	1.078	0.125	1.230	1.223	1.128	0.131	1.195	1.112	0.982	0.135	1.108	1.103	1.063												
28:20:02													1.161	0.123	1.175	1.142	1.347	0.129	1.101	1.075	1.244	0.690	1.112	1.060	1.173	0.123	1.235	1.055	1.222	0.129	1.124	1.029	1.075	1.085	1.041	1.060	1.202	0.123	0.985	0.937	1.097	1.071	1.104	1.058	1.091	0.133	1.114	0.779	0.122	1.222	1.142	1.101	0.934	1.155	1.108	1.058	0.148	1.167	1.055	1.080	0.124	1.238	1.204	1.192	0.129	1.161	1.073	1.072	0.224	1.242	1.069	1.073	0.126	1.240	1.226	1.134	0.131	1.211	1.109	0.987	0.136	1.111	1.109	1.066												
28:40:02													1.171	0.123	1.177	1.149	1.356	0.129	1.107	1.071	1.240	0.690	1.119	1.064	1.182	0.123	1.248	1.065	1.214	0.129	1.121	1.034	1.079	1.090	1.044	1.062	1.210	0.123	0.986	0.938	1.096	1.077	1.104	1.057	1.096	0.133	1.126	0.779	0.122	1.232	1.149	1.114	0.943	1.156	1.108	1.055	0.147	1.173	1.060	1.082	0.124	1.245	1.211	1.200	0.129	1.163	1.076	1.072	0.228	1.246	1.084	1.073	0.125	1.251	1.228	1.132	0.131	1.215	1.107	0.985	0.136	1.114	1.114	1.065												
29:00:02													1.185	0.123	1.179	1.148	1.364	0.129	1.111	1.060	1.239	0.690	1.128	1.071	1.190	0.123	1.255	1.073	1.239	0.129	1.123	1.040	1.083	1.095	1.047	1.058	1.219	0.123	0.987	0.938	1.095	1.082	1.105	1.058	1.103	0.133	1.139	0.781	0.122	1.242	1.160	1.129	0.952	1.158	1.108	1.061	0.144	1.178	1.066	1.086	0.124	1.253	1.213	1.206	0.129	1.169	1.080	1.073	0.221	1.261	1.093	1.070	0.125	1.263	1.227	1.131	0.131	1.228	1.101	0.983	0.135	1.121	1.117	1.065												
29:20:02													1.187	0.123	1.183	1.150	1.368	0.129	1.113	1.052	1.238	0.688	1.134	1.077	1.199	0.123	1.258	1.082	1.253	0.129	1.121	1.046	1.087	1.103	1.052	1.061	1.228	0.123	0.987	0.938	1.095	1.086	1.105	1.060	1.113	0.133	1.149	0.780	0.122	1.249	1.165	1.141	0.956	1.158	1.106	1.061	0.143	1.186	1.072	1.091	0.124	1.263	1.217	1.208	0.129	1.178	1.083	1.073	0.220	1.271	1.098	1.066	0.125	1.273	1.230	1.127	0.131	1.231	1.086	0.979	0.135	1.125	1.110	1.069												
29:40:02													1.200	0.123	1.185	1.146	1.373	0.129	1.118	1.019	1.238	0.688	1.155	1.081	1.206	0.123	1.265	1.083	1.262	0.129	1.124	1.045	1.091	1.111	1.056	1.057	1.236	0.123	0.987	0.939	1.094	1.092	1.104	1.059	1.123	0.134	1.154	0.783	0.122	1.257	1.173	1.146	0.963	1.157	1.104	1.061	0.141	1.193	1.078	1.087	0.124	1.271	1.220	1.209	0.129	1.187	1.087	1.075	0.218	1.282	1.103	1.065	0.125	1.283	1.233	1.125	0.131	1.241	1.062	0.974	0.136	1.132	1.098	1.072												
30:00:02													1.200	0.123	1.195	1.129	1.375	0.129	1.124	1.023	1.240	0.686	1.163	1.086	1.213	0.123	1.267	1.086	1.275	0.129	1.129	1.050	1.094	1.117	1.063	1.058	1.244	0.123	0.987	0.939	1.091	1.094	1.102	1.060	1.128	0.133	1.156	0.782	0.122	1.264	1.180	1.152	0.966	1.158	1.102	1.061	0.140	1.198	1.084	1.091	0.124	1.279	1.220	1.211	0.129	1.196	1.091	1.076	0.217	1.288	1.106	1.063	0.125	1.294	1.234	1.122	0.131	1.250	1.031	0.976	0.136	1.136	1.071	1.073												
30:20:02													1.213	0.122	1.195	1.113	1.379	0.129	1.132	1.030	1.240	0.686	1.169	1.090	1.221	0.123	1.273	1.087	1.271	0.129	1.136	1.051	1.097	1.121	1.065	1.060	1.253	0.123	0.986	0.938	1.091	1.096	1.100	1.065	1.136	0.133	1.150	0.783	0.122	1.272	1.188	1.159	0.971	1.157	1.098	1.061	0.138	1.205	1.092	1.089	0.124	1.288	1.223	1.214	0.129	1.204	1.096	1.075	0.210	1.292	1.110	1.066	0.124	1.304	1.237	1.125	0.131	1.264	1.000	0.989	0.135	1.139	1.043	1.068												
30:40:02													1.219	0.123	1.202	1.089	1.379	0.129	1.135	1.030	1.241	0.685	1.154	1.093	1.228	0.123	1.275	1.089	1.290	0.129	1.141	1.047	1.100	1.122	1.069	1.056	1.260	0.123	0.986	0.938	1.087	1.107	1.095	1.068	1.143	0.133	1.143	0.783	0.122	1.278	1.193	1.163	0.974	1.157	1.095	1.058	0.136	1.208	1.098	1.089	0.124	1.298	1.226	1.210	0.129	1.207	1.097	1.072	0.204	1.307	1.113	1.067	0.124	1.313	1.241	1.130	0.131	1.273	0.986	0.995	0.135	1.143	1.026	1.066												
31:00:02													1.223	0.123	1.208	1.083	1.379	0.129	1.132	1.024	1.243	0.685	1.135	1.089	1.235	0.123	1.279	1.090	1.313	0.129	1.148	1.050	1.102	1.123	1.075	1.054	1.268	0.123	0.986	0.938	1.087	1.108	1.092	1.071	1.151	0.134	1.126	0.784	0.122	1.285	1.200	1.169	0.975	1.158	1.093	1.060	0.132	1.215	1.102	1.089	0.124	1.306	1.228	1.210	0.129	1.219	1.099	1.072	0.196	1.330	1.120	1.071	0.125	1.322	1.251	1.134	0.131	1.291	0.979	0.999	0.136	1.152	1.006	1.052												
31:20:02													1.233	0.123	1.210	1.068	1.381	0.129	1.123	1.003	1.242	0.684	1.125	1.087	1.241	0.123	1.281	1.091	1.311	0.129	1.153	1.050	1.103	1.121	1.080	1.052	1.276	0.123	0.986	0.937	1.085	1.105	1.090	1.074	1.161	0.133	1.105	0.784	0.122	1.291	1.206	1.174	0.976	1.160	1.092	1.055	0.133	1.223	1.106	1.084	0.124	1.315	1.227	1.212	0.129	1.225	1.099	1.071	0.194	1.323	1.120	1.073	0.125	1.331	1.257	1.129	0.131	1.310	0.980	1.000	0.137	1.155	0.997	1.037												
31:40:02													1.244	0.123	1.198	1.068	1.382	0.129	1.087	0.993	1.243	0.683	1.110	1.082	1.249	0.123	1.282	1.094	1.318	0.129	1.157	1.051	1.104	1.121	1.086	1.052	1.283	0.123	0.985	0.937	1.084	1.097	1.088	1.077	1.161	0.133	1.077	0.786	0.122	1.297	1.209	1.177	0.974	1.158	1.092	1.057	0.133	1.232	1.110	1.082	0.124	1.321	1.231	1.211	0.129	1.235	1.099	1.067	0.186	1.341	1.125	1.076	0.125	1.338	1.260	1.123	0.131	1.320	0.979	0.999	0.136	1.161	0.996	1.047												
32:00:02													1.252	0.123	1.170	1.081	1.384	0.129	1.041	0.984	1.245	0.684	1.099	1.076	1.259	0.123	1.287	1.091	1.338	0.129	1.166	1.054	1.103	1.122	1.092	1.050	1.294	0.123	0.985	0.937	1.087	1.093	1.090	1.078	1.174	0.134	1.041	0.790	0.122	1.307	1.212	1.184	0.976	1.157	1.095	1.055	0.134	1.240	1.114	1.078	0.124	1.331	1.236	1.217	0.129	1.240	1.101	1.065	0.186	1.349	1.115	1.076	0.123	1.346	1.269	1.126	0.131	1.331	0.985	0.998	0.135	1.166	0.992	1.060												
32:20:02													1.262	0.123	1.146	1.082	1.386	0.129	1.014	0.982	1.245	0.683	1.090	1.063	1.268	0.124	1.287	1.093	1.334	0.129	1.168	1.063	1.103	1.122	1.096	1.055	1.301	0.123	0.984	0.936	1.085	1.093	1.092	1.080	1.176	0.133	1.026	0.789	0.122	1.314	1.217	1.189	0.979	1.157	1.098	1.051	0.135	1.248	1.115	1.075	0.124	1.338	1.238	1.215	0.129	1.248	1.104	1.061	0.185	1.355	1.103	1.079	0.123	1.355	1.280	1.110	0.132	1.349	0.989	0.994	0.137	1.165	0.990	1.061												
32:40:02													1.265	0.123	1.138	1.078	1.389	0.129	1.006	0.981	1.243	0.682	1.073	1.035	1.275	0.123	1.290	1.092	1.341	0.129	1.169	1.071	1.104	1.120	1.099	1.059	1.306	0.123	0.984	0.936	1.082	1.087	1.094	1.084	1.184	0.133	1.020	0.789	0.122	1.319	1.220	1.190	0.980	1.155	1.099	1.046	0.132	1.255	1.112	1.077	0.124	1.345	1.237	1.215	0.129	1.261	1.105	1.057	0.173	1.370	1.087	1.083	0.124	1.363	1.283	1.109	0.132	1.359	0.994	0.995	0.135	1.177	0.991	1.056												
33:00:02													1.275	0.123	1.140	1.084	1.391	0.130	1.006	0.975	1.244	0.682	1.063	1.012	1.282	0.123	1.290	1.103	1.349	0.129	1.172	1.077	1.103	1.117	1.103	1.065	1.315	0.124	0.984	0.936	1.083	1.085	1.098	1.083	1.193	0.133	1.011	0.796	0.122	1.325	1.224	1.194	0.978	1.152	1.102	1.046	0.133	1.263	1.119	1.076	0.124	1.352	1.238	1.215	0.129	1.274	1.107	1.051	0.164	1.383	1.080	1.085	0.124	1.370	1.283	1.107	0.132	1.370	1.005	0.994	0.136	1.178	0.995	1.018												
33:20:02													1.284	0.123	1.145	1.090	1.393	0.130	1.009	0.979	1.242	0.681	1.062	1.000	1.291	0.123	1.291	1.099	1.354	0.129	1.173	1.077	1.102	1.111	1.104	1.070	1.321	0.124	0.983	0.935	1.081	1.085	1.101	1.083	1.205	0.134	1.005	0.796	0.123	1.332	1.227	1.199	0.980	1.150	1.105	1.052	0.133	1.271	1.124	1.074	0.124	1.359	1.240	1.217	0.129	1.277	1.109	1.045	0.156	1.392	1.071	1.081	0.124	1.377	1.267	1.101	0.132	1.378	1.021	0.994	0.136	1.189	1.000	0.989												
33:40:02													1.289	0.123	1.152	1.097	1.396	0.130	1.014	0.981	1.241	0.680	1.065	0.994	1.299	0.123	1.292	1.104	1.363	0.129	1.173	1.077	1.100	1.104	1.106	1.074	1.329	0.124	0.983	0.934	1.082	1.079	1.105	1.083	1.208	0.133	1.003	0.794	0.122	1.338	1.230	1.200	0.976	1.148	1.107	1.052	0.132	1.280	1.123	1.074	0.124	1.366	1.241	1.217	0.129	1.279	1.114	1.038	0.141	1.400	1.063	1.081	0.124	1.383	1.243	1.091	0.132	1.383	1.030	0.991	0.136	1.190	1.004	0.961												
34:00:02													1.299	0.123	1.158	1.101	1.396	0.130	1.017	0.979	1.240	0.679	1.076	0.981	1.305	0.123	1.294	1.108	1.368	0.129	1.170	1.073	1.097	1.096	1.108	1.079	1.336	0.124	0.982	0.934	1.081	1.082	1.109	1.082	1.219	0.133	1.008	0.794	0.122	1.345	1.233	1.203	0.975	1.146	1.108	1.048	0.133	1.285	1.119	1.076	0.124	1.373	1.243	1.216	0.129	1.296	1.117	1.035	0.137	1.408	1.034	1.080	0.124	1.390	1.212	1.076	0.132	1.389	1.036	0.981	0.135	1.201	1.006	0.971												
34:20:02													1.314	0.123	1.167	1.106	1.396	0.129	1.022	0.979	1.238	0.678	1.076	0.960	1.315	0.124	1.296	1.112	1.374	0.129	1.167	1.073	1.096	1.098	1.107	1.080	1.346	0.124	0.981	0.933	1.090	1.078	1.114	1.080	1.213	0.134	1.014	0.791	0.123	1.354	1.237	1.206	0.980	1.146	1.110	1.048	0.132	1.296	1.112	1.072	0.124	1.383	1.246	1.219	0.129	1.306	1.120	1.032	0.140	1.412	0.997	1.080	0.123	1.396	1.196	1.073	0.132	1.393	1.037	0.977	0.136	1.211	1.005	0.961												
34:40:02													1.316	0.123	1.172	1.109	1.394	0.130	1.026	0.978	1.236	0.677	1.086	0.943	1.321	0.124	1.295	1.110	1.376	0.129	1.168	1.067	1.097	1.097	1.107	1.081	1.350	0.124	0.981	0.933	1.081	1.072	1.115	1.078	1.217	0.134	1.024	0.793	0.122	1.357	1.236	1.204	0.985	1.145	1.110	1.044	0.132	1.302	1.113	1.075	0.124	1.387	1.245	1.219	0.129	1.325	1.120	1.028	0.134	1.418	1.001	1.079	0.124	1.404	1.181	1.063	0.132	1.395	1.047	0.978	0.135	1.218	1.007	1.000												
35:00:02													1.328	0.123	1.179	1.114	1.392	0.129	1.031	0.986	1.235	0.675	1.085	0.932	1.330	0.124	1.300	1.111	1.381	0.129	1.165	1.071	1.097	1.098	1.105	1.081	1.359	0.124	0.980	0.933	1.087	1.081	1.121	1.075	1.226	0.134	1.030	0.795	0.123	1.366	1.239	1.206	0.998	1.147	1.112	1.042	0.132	1.307	1.101	1.074	0.124	1.396	1.246	1.228	0.129	1.336	1.120	1.027	0.136	1.421	1.007	1.079	0.123	1.411	1.183	1.066	0.132	1.395	1.048	0.978	0.135	1.216	1.007	0.974												
35:20:02													1.337	0.123	1.185	1.120	1.391	0.130	1.036	0.992	1.238	0.674	1.087	0.940	1.337	0.124	1.303	1.112	1.384	0.129	1.163	1.074	1.095	1.096	1.107	1.086	1.365	0.124	0.980	0.933	1.087	1.074	1.124	1.072	1.237	0.133	1.038	0.800	0.123	1.372	1.241	1.206	1.010	1.148	1.111	1.045	0.133	1.312	1.095	1.072	0.124	1.404	1.244	1.230	0.129	1.344	1.120	1.023	0.136	1.423	1.021	1.077	0.123	1.419	1.188	1.067	0.132	1.393	1.048	0.985	0.135	1.230	1.011	0.978												
35:40:02													1.341	0.123	1.189	1.125	1.390	0.130	1.038	0.993	1.237	0.673	1.090	0.959	1.341	0.123	1.307	1.113	1.385	0.129	1.159	1.067	1.093	1.099	1.106	1.091	1.368	0.124	0.979	0.932	1.079	1.067	1.122	1.071	1.256	0.133	1.041	0.802	0.122	1.376	1.241	1.205	1.022	1.149	1.110	1.044	0.133	1.319	1.098	1.070	0.124	1.410	1.246	1.225	0.129	1.355	1.118	1.022	0.136	1.427	1.037	1.076	0.124	1.426	1.192	1.069	0.132	1.391	1.045	0.986	0.137	1.267	1.016	1.001												
36:00:02													1.350	0.123	1.195	1.131	1.393	0.130	1.043	0.993	1.237	0.672	1.093	0.974	1.348	0.124	1.310	1.109	1.387	0.129	1.152	1.068	1.091	1.098	1.102	1.095	1.373	0.124	0.979	0.931	1.078	1.059	1.117	1.071	1.267	0.133	1.047	0.802	0.122	1.382	1.245	1.207	1.034	1.149	1.109	1.042	0.133	1.334	1.098	1.083	0.124	1.417	1.250	1.230	0.129	1.365	1.116	1.021	0.136	1.431	1.048	1.076	0.124	1.433	1.198	1.073	0.132	1.389	1.042	0.993	0.136	1.262	1.020	0.991												
36:20:02													1.359	0.123	1.199	1.135	1.397	0.130	1.047	0.987	1.238	0.672	1.097	0.985	1.354	0.124	1.313	1.114	1.387	0.129	1.154	1.058	1.091	1.095	1.102	1.095	1.380	0.124	0.978	0.931	1.078	1.056	1.111	1.071	1.273	0.134	1.053	0.801	0.122	1.388	1.246	1.211	1.045	1.150	1.110	1.037	0.133	1.345	1.098	1.081	0.124	1.425	1.253	1.229	0.129	1.371	1.114	1.016	0.140	1.434	1.056	1.074	0.124	1.440	1.204	1.076	0.132	1.388	1.042	0.992	0.136	1.287	1.024	1.000												
36:40:02													1.368	0.123	1.202	1.140	1.404	0.130	1.055	0.991	1.246	0.671	1.098	0.990	1.361	0.124	1.315	1.117	1.389	0.129	1.161	1.055	1.089	1.094	1.103	1.095	1.384	0.124	0.978	0.930	1.079	1.055	1.106	1.069	1.278	0.134	1.059	0.800	0.122	1.395	1.248	1.210	1.054	1.150	1.109	1.035	0.133	1.355	1.099	1.087	0.124	1.431	1.260	1.226	0.129	1.382	1.111	1.013	0.138	1.435	1.060	1.074	0.124	1.447	1.210	1.080	0.132	1.386	1.040	0.993	0.137	1.299	1.027	1.001												
37:00:02													1.379	0.123	1.202	1.145	1.409	0.130	1.062	0.989	1.250	0.671	1.099	0.995	1.367	0.124	1.324	1.121	1.391	0.129	1.166	1.089	1.088	1.095	1.095	1.090	1.390	0.124	0.977	0.930	1.078	1.059	1.101	1.066	1.296	0.133	1.064	0.797	0.122	1.401	1.250	1.213	1.060	1.151	1.107	1.034	0.133	1.361	1.098	1.090	0.124	1.438	1.267	1.228	0.129	1.388	1.107	1.012	0.137	1.436	1.063	1.071	0.124	1.454	1.215	1.085	0.132	1.386	1.037	0.987	0.137	1.313	1.028	1.035												
37:20:02													1.386	0.123	1.203	1.148	1.415	0.130	1.063	0.979	1.251	0.671	1.101	0.996	1.372	0.124	1.327	1.126	1.392	0.129	1.169	1.052	1.086	1.095	1.089	1.084	1.395	0.124	0.977	0.929	1.076	1.060	1.098	1.063	1.302	0.133	1.065	0.796	0.122	1.407	1.251	1.215	1.064	1.149	1.105	1.031	0.133	1.367	1.095	1.098	0.124	1.444	1.270	1.232	0.129	1.395	1.100	1.009	0.138	1.434	1.064	1.075	0.124	1.462	1.220	1.089	0.132	1.386	1.036	0.972	0.136	1.328	1.030	0.997												
37:40:02													1.394	0.123	1.205	1.155	1.424	0.130	1.063	0.978	1.251	0.670	1.103	0.992	1.381	0.124	1.336	1.128	1.395	0.129	1.172	1.030	1.086	1.094	1.085	1.083	1.404	0.124	0.978	0.930	1.088	1.066	1.098	1.059	1.307	0.134	1.069	0.792	0.123	1.416	1.256	1.220	1.064	1.149	1.105	1.027	0.133	1.375	1.090	1.109	0.124	1.453	1.277	1.238	0.130	1.403	1.084	1.007	0.137	1.432	1.057	1.070	0.124	1.470	1.228	1.096	0.132	1.388	1.036	0.959	0.136	1.336	1.028	1.065												
38:00:02													1.394	0.123	1.203	1.157	1.426	0.130	1.060	0.970	1.248	0.672	1.106	0.994	1.383	0.124	1.339	1.131	1.395	0.129	1.166	1.056	1.087	1.094	1.082	1.088	1.405	0.124	0.977	0.930	1.082	1.062	1.096	1.059	1.314	0.134	1.070	0.793	0.123	1.420	1.255	1.216	1.066	1.149	1.102	1.025	0.133	1.381	1.095	1.112	0.124	1.458	1.284	1.237	0.130	1.407	1.076	1.005	0.139	1.431	1.058	1.065	0.124	1.477	1.231	1.099	0.132	1.393	1.034	0.957	0.136	1.345	1.024	0.992												
38:20:02													1.403	0.123	1.203	1.160	1.432	0.130	1.058	0.975	1.245	0.676	1.105	0.991	1.387	0.124	1.343	1.131	1.398	0.129	1.158	1.032	1.085	1.097	1.078	1.087	1.409	0.124	0.976	0.930	1.083	1.063	1.096	1.058	1.319	0.134	1.070	0.796	0.123	1.426	1.256	1.219	1.069	1.150	1.099	1.025	0.133	1.388	1.092	1.111	0.124	1.463	1.287	1.238	0.130	1.411	1.075	1.000	0.140	1.431	1.057	1.066	0.124	1.483	1.236	1.104	0.132	1.395	1.032	0.949	0.137	1.351	1.024	1.040												
38:40:03													1.404	0.123	1.202	1.163	1.435	0.130	1.055	0.971	1.244	0.677	1.106	0.988	1.391	0.124	1.348	1.135	1.401	0.129	1.145	1.028	1.084	1.094	1.073	1.086	1.412	0.124	0.976	0.929	1.083	1.062	1.098	1.053	1.323	0.134	1.069	0.786	0.123	1.431	1.258	1.220	1.069	1.147	1.099	1.021	0.133	1.392	1.087	1.099	0.124	1.468	1.290	1.241	0.130	1.415	1.072	0.996	0.139	1.433	1.056	1.060	0.124	1.490	1.240	1.108	0.132	1.397	1.029	0.940	0.135	1.355	1.030	0.982												
39:00:03													1.415	0.123	1.202	1.165	1.439	0.130	1.051	0.972	1.241	0.675	1.104	0.985	1.397	0.124	1.351	1.132	1.403	0.129	1.125	1.029	1.084	1.099	1.072	1.085	1.416	0.124	0.976	0.929	1.081	1.061	1.099	1.049	1.323	0.133	1.069	0.783	0.123	1.436	1.259	1.220	1.064	1.146	1.099	1.019	0.133	1.399	1.085	1.100	0.124	1.474	1.292	1.242	0.130	1.420	1.071	0.992	0.140	1.433	1.057	1.060	0.124	1.496	1.244	1.112	0.132	1.396	1.026	0.938	0.137	1.363	1.033	0.979												
39:20:03													1.414	0.123	1.202	1.165	1.443	0.130	1.048	0.974	1.232	0.674	1.104	0.983	1.401	0.124	1.353	1.130	1.404	0.129	1.101	1.026	1.082	1.092	1.071	1.082	1.419	0.124	0.975	0.929	1.081	1.060	1.099	1.045	1.337	0.134	1.068	0.780	0.123	1.442	1.260	1.220	1.084	1.144	1.102	1.015	0.133	1.403	1.085	1.110	0.124	1.479	1.293	1.244	0.130	1.423	1.073	0.990	0.138	1.435	1.061	1.056	0.124	1.503	1.248	1.117	0.132	1.399	1.024	0.945	0.136	1.366	1.032	0.971												
39:40:03													1.419	0.123	1.201	1.164	1.447	0.130	1.044	0.973	1.220	0.673	1.103	0.981	1.406	0.124	1.353	1.127	1.405	0.130	1.089	1.028	1.081	1.098	1.070	1.080	1.421	0.124	0.975	0.928	1.082	1.062	1.098	1.041	1.338	0.134	1.066	0.776	0.123	1.446	1.261	1.221	1.089	1.141	1.102	1.012	0.133	1.408	1.081	1.075	0.124	1.485	1.292	1.245	0.130	1.426	1.071	0.987	0.137	1.435	1.064	1.048	0.125	1.509	1.250	1.120	0.132	1.401	1.021	0.938	0.134	1.368	1.027	0.964												
40:00:03													1.422	0.123	1.201	1.164	1.450	0.130	1.041	0.967	1.219	0.670	1.102	0.979	1.410	0.124	1.353	1.123	1.403	0.129	1.082	1.026	1.081	1.094	1.069	1.076	1.424	0.124	0.974	0.927	1.082	1.061	1.095	1.038	1.343	0.134	1.066	0.775	0.123	1.450	1.261	1.224	1.088	1.139	1.100	1.009	0.133	1.411	1.081	1.094	0.124	1.490	1.293	1.246	0.130	1.429	1.068	0.985	0.138	1.437	1.060	1.040	0.125	1.515	1.252	1.124	0.132	1.401	1.018	0.924	0.138	1.368	1.026	1.028												
40:20:03													1.426	0.123	1.200	1.163	1.452	0.130	1.037	0.968	1.216	0.671	1.098	0.979	1.414	0.124	1.352	1.116	1.401	0.130	1.080	1.034	1.080	1.088	1.070	1.069	1.428	0.124	0.973	0.927	1.081	1.059	1.093	1.035	1.346	0.134	1.064	0.767	0.123	1.455	1.261	1.225	1.078	1.135	1.097	1.005	0.133	1.414	1.081	1.073	0.124	1.496	1.294	1.247	0.130	1.432	1.066	0.983	0.140	1.439	1.042	1.037	0.125	1.522	1.255	1.128	0.132	1.400	1.016	0.920	0.136	1.368	1.027	0.957												
40:40:03													1.431	0.123	1.200	1.163	1.454	0.130	1.033	0.946	1.218	0.669	1.095	0.975	1.419	0.124	1.348	1.107	1.399	0.130	1.076	1.030	1.079	1.086	1.069	1.064	1.433	0.124	0.972	0.926	1.079	1.058	1.097	1.032	1.350	0.135	1.064	0.776	0.123	1.458	1.263	1.229	1.068	1.129	1.095	0.999	0.133	1.416	1.081	1.073	0.124	1.501	1.296	1.248	0.130	1.434	1.062	0.980	0.138	1.439	1.035	1.032	0.125	1.528	1.256	1.130	0.132	1.399	1.012	0.915	0.136	1.366	1.025	0.950												
41:00:03													1.435	0.124	1.199	1.163	1.454	0.130	1.030	0.955	1.222	0.669	1.094	0.973	1.422	0.124	1.343	1.100	1.398	0.130	1.080	1.037	1.079	1.089	1.067	1.059	1.438	0.124	0.972	0.925	1.081	1.058	1.092	1.030	1.353	0.134	1.063	0.773	0.123	1.462	1.264	1.228	1.063	1.126	1.092	0.994	0.133	1.419	1.080	1.097	0.124	1.507	1.296	1.249	0.130	1.433	1.059	0.978	0.139	1.440	1.035	1.027	0.125	1.536	1.256	1.133	0.132	1.397	1.011	0.910	0.137	1.363	1.018	0.944												
41:20:03													1.440	0.124	1.198	1.162	1.456	0.130	1.027	0.942	1.223	0.668	1.093	0.972	1.427	0.124	1.336	1.095	1.399	0.130	1.082	1.038	1.078	1.103	1.066	1.053	1.443	0.124	0.972	0.925	1.080	1.056	1.096	1.027	1.356	0.134	1.065	0.768	0.123	1.465	1.266	1.227	1.058	1.127	1.090	0.988	0.133	1.421	1.077	1.108	0.124	1.513	1.291	1.251	0.130	1.433	1.062	0.977	0.139	1.440	1.038	1.027	0.125	1.543	1.256	1.134	0.132	1.397	1.012	0.906	0.135	1.362	1.025	0.953												
41:40:03													1.448	0.124	1.197	1.162	1.457	0.130	1.022	0.935	1.224	0.667	1.090	0.971	1.430	0.124	1.326	1.091	1.401	0.130	1.089	1.040	1.077	1.089	1.065	1.048	1.450	0.124	0.971	0.924	1.077	1.052	1.097	1.024	1.359	0.134	1.064	0.759	0.123	1.469	1.267	1.229	1.040	1.125	1.089	0.983	0.133	1.424	1.075	1.071	0.124	1.518	1.280	1.252	0.130	1.432	1.059	0.974	0.140	1.441	1.041	1.024	0.125	1.550	1.255	1.134	0.132	1.393	1.015	0.902	0.137	1.362	1.024	0.934												
42:00:03													1.458	0.124	1.200	1.164	1.461	0.130	1.023	0.936	1.219	0.666	1.086	0.968	1.437	0.124	1.320	1.089	1.406	0.130	1.092	1.042	1.077	1.089	1.063	1.045	1.456	0.124	0.971	0.924	1.090	1.056	1.101	1.022	1.360	0.135	1.065	0.758	0.123	1.475	1.270	1.233	1.026	1.122	1.089	0.979	0.134	1.425	1.075	1.074	0.124	1.526	1.278	1.256	0.130	1.432	1.057	0.974	0.142	1.442	1.040	1.023	0.124	1.558	1.256	1.135	0.132	1.392	1.016	0.899	0.136	1.358	1.019	0.929												
42:20:03													1.462	0.124	1.197	1.162	1.460	0.130	1.017	0.925	1.218	0.667	1.088	0.968	1.438	0.124	1.295	1.079	1.409	0.130	1.095	1.042	1.077	1.090	1.063	1.045	1.460	0.124	0.971	0.924	1.081	1.053	1.097	1.022	1.361	0.135	1.067	0.756	0.123	1.477	1.269	1.231	1.023	1.120	1.093	0.978	0.139	1.429	1.076	1.095	0.124	1.531	1.255	1.251	0.130	1.431	1.051	0.973	0.141	1.442	1.046	1.023	0.125	1.560	1.253	1.133	0.132	1.396	1.007	0.911	0.138	1.359	1.025	0.925												
42:40:03													1.468	0.124	1.197	1.162	1.458	0.130	1.014	0.936	1.213	0.664	1.085	0.967	1.441	0.124	1.285	1.077	1.412	0.130	1.097	1.026	1.079	1.089	1.064	1.042	1.463	0.124	0.970	0.924	1.083	1.056	1.097	1.020	1.364	0.135	1.067	0.756	0.123	1.482	1.274	1.233	1.011	1.118	1.100	0.972	0.132	1.430	1.075	1.100	0.124	1.538	1.243	1.248	0.130	1.431	1.045	0.973	0.139	1.444	1.048	1.020	0.125	1.566	1.254	1.132	0.132	1.399	0.998	0.900	0.138	1.359	1.039	0.976												
43:00:03													1.472	0.124	1.197	1.161	1.455	0.130	1.012	0.930	1.213	0.668	1.084	0.965	1.446	0.124	1.277	1.077	1.416	0.130	1.090	1.020	1.080	1.089	1.063	1.039	1.468	0.124	0.969	0.923	1.081	1.054	1.089	1.017	1.365	0.134	1.066	0.752	0.123	1.485	1.276	1.236	0.983	1.118	1.103	0.971	0.134	1.427	1.073	1.117	0.124	1.544	1.234	1.245	0.130	1.431	1.043	0.976	0.140	1.442	1.050	1.030	0.125	1.569	1.252	1.130	0.132	1.403	0.994	0.904	0.139	1.359	1.011	0.929												
43:20:03													1.476	0.124	1.197	1.161	1.453	0.130	1.008	0.912	1.214	0.668	1.083	0.963	1.450	0.124	1.272	1.078	1.420	0.130	1.092	1.032	1.090	1.088	1.063	1.037	1.471	0.124	0.969	0.922	1.084	1.059	1.092	1.012	1.368	0.135	1.064	0.751	0.123	1.489	1.281	1.235	0.972	1.112	1.105	0.968	0.133	1.427	1.073	1.078	0.124	1.550	1.228	1.242	0.130	1.432	1.044	0.972	0.139	1.444	1.051	1.026	0.125	1.576	1.251	1.129	0.132	1.407	0.992	0.899	0.134	1.361	1.011	0.930												
43:40:03													1.481	0.124	1.196	1.160	1.449	0.130	1.005	0.894	1.217	0.665	1.082	0.961	1.450	0.124	1.267	1.080	1.425	0.130	1.090	1.022	1.078	1.087	1.062	1.034	1.475	0.124	0.968	0.922	1.081	1.057	1.091	1.012	1.369	0.134	1.060	0.750	0.123	1.493	1.286	1.237	0.956	1.111	1.110	0.962	0.137	1.426	1.076	1.073	0.124	1.556	1.223	1.235	0.130	1.435	1.043	0.972	0.139	1.444	1.052	1.028	0.125	1.578	1.250	1.127	0.132	1.412	0.993	0.907	0.139	1.361	1.038	0.917												
44:00:03													1.482	0.124	1.195	1.160	1.445	0.130	1.003	0.881	1.216	0.662	1.082	0.958	1.455	0.124	1.268	1.083	1.428	0.130	1.090	1.028	1.078	1.086	1.061	1.032	1.480	0.124	0.967	0.921	1.082	1.050	1.092	1.010	1.372	0.135	1.058	0.749	0.123	1.497	1.292	1.240	0.965	1.106	1.114	0.959	0.141	1.425	1.074	1.079	0.124	1.561	1.223	1.230	0.130	1.434	1.047	0.974	0.139	1.442	1.052	1.037	0.125	1.577	1.249	1.126	0.132	1.416	0.983	0.901	0.137	1.364	1.024	0.912												
44:20:03													1.483	0.124	1.194	1.159	1.441	0.130	1.001	0.874	1.230	0.656	1.082	0.955	1.460	0.124	1.270	1.085	1.432	0.130	1.093	1.031	1.094	1.085	1.061	1.030	1.484	0.124	0.967	0.921	1.082	1.050	1.089	1.012	1.375	0.135	1.054	0.749	0.123	1.501	1.294	1.241	0.980	1.100	1.117	0.958	0.133	1.425	1.073	1.081	0.124	1.567	1.225	1.225	0.130	1.436	1.042	0.971	0.139	1.441	1.046	1.037	0.125	1.583	1.248	1.124	0.132	1.419	0.979	0.897	0.139	1.363	1.069	0.909												
44:40:03													1.485	0.124	1.193	1.159	1.439	0.130	0.999	0.936	1.218	0.655	1.081	0.953	1.468	0.124	1.274	1.089	1.436	0.130	1.094	1.027	1.081	1.084	1.059	1.028	1.489	0.124	0.966	0.921	1.081	1.053	1.095	1.011	1.378	0.135	1.053	0.745	0.123	1.506	1.295	1.242	0.984	1.097	1.120	0.958	0.141	1.426	1.072	1.069	0.124	1.573	1.229	1.221	0.130	1.439	1.039	0.987	0.139	1.441	1.042	1.033	0.125	1.594	1.247	1.122	0.132	1.422	0.973	0.897	0.138	1.367	1.061	0.906												
45:00:03													1.486	0.124	1.192	1.159	1.435	0.130	1.000	0.934	1.215	0.666	1.080	0.951	1.473	0.124	1.279	1.093	1.440	0.130	1.087	1.022	1.079	1.082	1.063	1.025	1.494	0.124	0.965	0.919	1.081	1.047	1.084	1.010	1.379	0.135	1.057	0.744	0.123	1.508	1.296	1.244	0.990	1.098	1.115	0.958	0.139	1.427	1.072	1.062	0.125	1.577	1.233	1.216	0.130	1.438	1.037	0.998	0.139	1.439	1.040	1.032	0.125	1.597	1.246	1.121	0.132	1.425	0.969	0.896	0.136	1.367	0.993	0.905												
45:20:03													1.486	0.124	1.192	1.159	1.433	0.130	0.991	0.954	1.216	0.654	1.076	0.948	1.480	0.124	1.284	1.097	1.443	0.130	1.099	1.013	1.092	1.081	1.059	1.024	1.500	0.124	0.965	0.919	1.083	1.053	1.083	1.009	1.382	0.136	1.061	0.744	0.123	1.513	1.295	1.245	0.984	1.097	1.107	0.959	0.136	1.429	1.073	1.070	0.125	1.583	1.239	1.212	0.130	1.442	1.036	0.992	0.139	1.435	1.042	1.036	0.125	1.605	1.245	1.119	0.132	1.428	0.966	0.892	0.140	1.369	0.987	0.897												
45:40:03													1.488	0.124	1.192	1.159	1.432	0.130	0.992	0.877	1.231	0.666	1.068	0.944	1.487	0.124	1.290	1.101	1.447	0.130	1.090	1.007	1.080	1.080	1.058	1.022	1.504	0.124	0.964	0.919	1.084	1.052	1.086	1.012	1.386	0.136	1.062	0.745	0.123	1.517	1.295	1.247	0.989	1.090	1.105	0.957	0.135	1.429	1.072	1.044	0.125	1.589	1.245	1.210	0.130	1.443	1.046	0.995	0.139	1.434	1.041	1.037	0.125	1.611	1.244	1.117	0.132	1.432	0.963	0.903	0.139	1.370	0.987	0.894												
46:00:03													1.490	0.124	1.191	1.159	1.430	0.131	0.996	0.900	1.228	0.674	1.060	0.939	1.493	0.124	1.296	1.105	1.449	0.130	1.089	1.018	1.078	1.079	1.060	1.020	1.509	0.124	0.964	0.918	1.085	1.045	1.085	1.014	1.387	0.136	1.063	0.743	0.123	1.521	1.294	1.249	0.976	1.086	1.096	0.965	0.139	1.432	1.074	1.040	0.125	1.594	1.250	1.207	0.130	1.443	1.048	1.011	0.140	1.431	1.038	1.038	0.125	1.614	1.244	1.117	0.132	1.434	0.959	0.911	0.140	1.373	1.000	0.891												
46:20:03													1.490	0.124	1.190	1.158	1.428	0.131	0.996	0.879	1.211	0.662	1.056	0.933	1.497	0.124	1.302	1.107	1.451	0.130	1.077	0.998	1.081	1.078	1.062	1.018	1.512	0.124	0.963	0.917	1.083	1.044	1.086	1.016	1.387	0.136	1.063	0.740	0.123	1.524	1.291	1.250	0.972	1.082	1.092	0.969	0.139	1.434	1.071	1.046	0.125	1.597	1.253	1.206	0.130	1.447	1.042	1.011	0.139	1.428	1.033	1.037	0.125	1.615	1.243	1.115	0.132	1.435	1.010	0.928	0.139	1.371	0.982	0.887												
46:40:03													1.492	0.124	1.189	1.158	1.427	0.131	1.001	0.878	1.233	0.658	1.056	0.930	1.501	0.124	1.306	1.111	1.453	0.130	1.072	1.017	1.075	1.077	1.058	1.017	1.516	0.124	0.963	0.917	1.082	1.048	1.090	1.014	1.389	0.136	1.064	0.738	0.123	1.528	1.291	1.251	0.973	1.080	1.087	0.976	0.140	1.434	1.070	1.045	0.125	1.603	1.257	1.203	0.130	1.446	1.038	0.990	0.141	1.426	1.030	1.043	0.125	1.622	1.242	1.113	0.132	1.438	1.030	0.946	0.140	1.372	0.988	0.884												
47:00:03													1.495	0.124	1.190	1.160	1.427	0.130	0.977	0.884	1.208	0.660	1.053	0.919	1.507	0.125	1.312	1.115	1.456	0.130	1.070	1.006	1.077	1.074	1.054	1.015	1.521	0.124	0.961	0.917	1.088	1.045	1.101	1.008	1.388	0.136	1.059	0.737	0.123	1.532	1.293	1.255	0.981	1.081	1.083	0.974	0.139	1.434	1.066	1.036	0.125	1.609	1.262	1.206	0.130	1.445	1.032	0.999	0.141	1.423	1.023	1.043	0.125	1.624	1.243	1.113	0.132	1.437	1.021	0.919	0.140	1.368	0.974	0.880												
47:20:03													1.493	0.124	1.185	1.157	1.425	0.131	0.972	0.828	1.207	0.664	1.057	0.920	1.508	0.125	1.314	1.117	1.456	0.130	1.062	0.994	1.087	1.074	1.050	1.014	1.523	0.124	0.961	0.915	1.077	1.041	1.094	1.014	1.387	0.136	1.062	0.736	0.123	1.535	1.294	1.254	0.979	1.079	1.064	0.970	0.140	1.437	1.068	1.044	0.125	1.615	1.263	1.204	0.130	1.444	1.019	0.991	0.138	1.424	1.026	1.046	0.125	1.625	1.240	1.111	0.132	1.440	1.028	0.896	0.140	1.370	0.975	0.877												
47:40:03													1.495	0.124	1.184	1.157	1.426	0.131	0.967	0.823	1.194	0.669	1.061	0.915	1.509	0.124	1.316	1.119	1.456	0.130	1.060	0.988	1.069	1.073	1.049	1.012	1.526	0.124	0.959	0.914	1.074	1.039	1.108	1.012	1.383	0.136	1.063	0.736	0.123	1.538	1.295	1.254	0.986	1.072	1.060	0.973	0.139	1.437	1.066	1.041	0.125	1.618	1.266	1.204	0.130	1.442	1.016	0.996	0.138	1.422	1.025	1.058	0.125	1.631	1.238	1.110	0.132	1.439	0.994	0.905	0.139	1.368	0.971	0.873												
48:00:03													1.499	0.124	1.183	1.156	1.425	0.131	1.069	0.819	1.188	0.663	1.061	0.912	1.511	0.125	1.319	1.122	1.457	0.130	1.063	0.986	1.068	1.072	1.046	1.012	1.528	0.124	0.959	0.913	1.072	1.037	1.105	1.010	1.382	0.136	1.063	0.735	0.123	1.542	1.297	1.254	0.970	1.068	1.054	0.967	0.137	1.437	1.067	1.041	0.125	1.622	1.269	1.206	0.130	1.439	1.013	0.984	0.138	1.420	1.023	1.056	0.125	1.630	1.237	1.108	0.132	1.439	0.983	0.920	0.140	1.369	0.970	0.869												

