Field Group

Plate Comment:	
Procedure Summary
  Plate Type:              Corning 96 well for LogPhase600
  Plate Number:            1
  Discontinuous Kinetics:  Runtime 02:00:00 (D:HH:MM), Interval 00:20:00 (HH:MM:SS), 145 Reads (max)
  Read:                    600 nm
  Incubator:               On
    Temperature setpoint:  30 °C
    Temperature gradient:  Off
  Shaking:                 On
     Shaking frequency:    600 RPMs		
			
			

600

Time	A1	A2	A3	A4	A5	A6	A7	A8	A9	A10	A11	A12	B1	B2	B3	B4	B5	B6	B7	B8	B9	B10	B11	B12	C1	C2	C3	C4	C5	C6	C7	C8	C9	C10	C11	C12	D1	D2	D3	D4	D5	D6	D7	D8	D9	D10	D11	D12	E1	E2	E3	E4	E5	E6	E7	E8	E9	E10	E11	E12	F1	F2	F3	F4	F5	F6	F7	F8	F9	F10	F11	F12	G1	G2	G3	G4	G5	G6	G7	G8	G9	G10	G11	G12	H1	H2	H3	H4	H5	H6	H7	H8	H9	H10	H11	H12
0:00:00													0.126	0.125	0.124	0.122	0.128	0.132	0.132	0.128	0.128	0.127	0.135	0.129	0.124	0.124	0.123	0.123	0.129	0.134	0.129	0.128	0.131	0.129	0.131	0.129	0.126	0.122	0.124	0.124	0.130	0.132	0.129	0.130	0.130	0.131	0.130	0.134	0.126	0.127	0.124	0.124	0.131	0.129	0.127	0.127	0.133	0.130	0.134	0.134	0.124	0.121	0.123	0.126	0.130	0.127	0.128	0.128	0.133	0.127	0.130	0.129	0.136	0.121	0.124	0.121	0.130	0.127	0.129	0.127	0.129	0.127	0.130	0.127												
0:20:00													0.129	0.125	0.124	0.122	0.128	0.131	0.131	0.127	0.129	0.128	0.135	0.129	0.124	0.123	0.122	0.122	0.128	0.133	0.128	0.127	0.131	0.129	0.130	0.129	0.126	0.121	0.124	0.124	0.130	0.131	0.129	0.130	0.131	0.131	0.130	0.134	0.125	0.126	0.124	0.124	0.131	0.128	0.126	0.127	0.134	0.130	0.135	0.135	0.124	0.121	0.122	0.125	0.129	0.127	0.128	0.128	0.134	0.128	0.130	0.131	0.137	0.121	0.124	0.121	0.129	0.127	0.129	0.126	0.131	0.128	0.131	0.128												
0:40:00													0.130	0.125	0.123	0.121	0.128	0.131	0.131	0.128	0.130	0.129	0.134	0.129	0.124	0.123	0.122	0.122	0.129	0.133	0.129	0.127	0.132	0.129	0.131	0.129	0.126	0.121	0.124	0.124	0.130	0.131	0.129	0.129	0.131	0.131	0.132	0.135	0.125	0.126	0.123	0.124	0.131	0.128	0.127	0.127	0.134	0.130	0.136	0.135	0.123	0.121	0.122	0.125	0.129	0.127	0.128	0.128	0.135	0.129	0.131	0.131	0.135	0.121	0.124	0.121	0.129	0.127	0.129	0.126	0.131	0.128	0.132	0.129												
1:00:00													0.134	0.124	0.124	0.121	0.128	0.131	0.132	0.127	0.130	0.129	0.134	0.129	0.124	0.123	0.122	0.122	0.128	0.133	0.129	0.127	0.132	0.130	0.132	0.129	0.126	0.121	0.124	0.124	0.131	0.131	0.129	0.129	0.132	0.132	0.132	0.136	0.124	0.126	0.124	0.123	0.130	0.128	0.127	0.127	0.134	0.129	0.136	0.135	0.124	0.120	0.122	0.124	0.129	0.126	0.128	0.128	0.135	0.129	0.131	0.131	0.138	0.121	0.124	0.120	0.129	0.127	0.129	0.126	0.132	0.128	0.133	0.128												
1:20:00													0.137	0.124	0.124	0.121	0.128	0.131	0.131	0.128	0.131	0.129	0.135	0.130	0.124	0.123	0.122	0.122	0.129	0.133	0.129	0.127	0.132	0.130	0.133	0.129	0.126	0.121	0.124	0.124	0.131	0.131	0.129	0.129	0.133	0.132	0.133	0.136	0.124	0.126	0.124	0.123	0.131	0.128	0.127	0.127	0.135	0.130	0.138	0.135	0.124	0.121	0.122	0.124	0.129	0.127	0.128	0.128	0.135	0.129	0.133	0.130	0.137	0.121	0.124	0.121	0.129	0.127	0.129	0.126	0.133	0.128	0.134	0.129												
1:40:00													0.138	0.124	0.124	0.121	0.128	0.131	0.131	0.128	0.131	0.129	0.138	0.129	0.124	0.123	0.123	0.122	0.129	0.133	0.129	0.127	0.132	0.130	0.133	0.129	0.126	0.121	0.125	0.124	0.132	0.131	0.130	0.129	0.133	0.132	0.133	0.136	0.124	0.126	0.124	0.124	0.130	0.128	0.127	0.127	0.134	0.130	0.139	0.135	0.123	0.120	0.122	0.124	0.129	0.126	0.129	0.128	0.135	0.129	0.134	0.130	0.137	0.121	0.124	0.121	0.129	0.127	0.130	0.127	0.133	0.129	0.134	0.129												
2:00:00													0.141	0.124	0.124	0.121	0.129	0.131	0.132	0.128	0.132	0.129	0.135	0.129	0.124	0.123	0.123	0.122	0.129	0.133	0.130	0.127	0.132	0.130	0.133	0.129	0.127	0.121	0.126	0.124	0.133	0.131	0.130	0.129	0.133	0.132	0.135	0.135	0.124	0.126	0.124	0.123	0.130	0.128	0.128	0.127	0.134	0.131	0.138	0.135	0.123	0.120	0.122	0.124	0.129	0.126	0.128	0.128	0.135	0.129	0.134	0.130	0.137	0.121	0.125	0.121	0.129	0.126	0.130	0.127	0.134	0.128	0.136	0.129												
2:20:00													0.144	0.124	0.125	0.121	0.129	0.131	0.133	0.128	0.132	0.129	0.136	0.130	0.125	0.123	0.123	0.122	0.129	0.132	0.130	0.127	0.133	0.130	0.134	0.129	0.127	0.121	0.127	0.124	0.134	0.131	0.131	0.130	0.135	0.132	0.134	0.137	0.124	0.126	0.125	0.123	0.130	0.128	0.128	0.128	0.135	0.130	0.140	0.135	0.123	0.121	0.123	0.124	0.129	0.127	0.129	0.128	0.136	0.129	0.135	0.131	0.137	0.121	0.125	0.121	0.129	0.127	0.131	0.126	0.133	0.129	0.138	0.129												
2:40:00													0.145	0.124	0.125	0.121	0.130	0.131	0.134	0.128	0.133	0.130	0.137	0.130	0.125	0.123	0.124	0.122	0.130	0.132	0.131	0.127	0.133	0.130	0.135	0.129	0.127	0.121	0.127	0.124	0.134	0.131	0.131	0.130	0.135	0.132	0.131	0.136	0.124	0.126	0.125	0.123	0.130	0.128	0.128	0.128	0.135	0.130	0.143	0.136	0.123	0.121	0.123	0.124	0.129	0.127	0.129	0.128	0.136	0.129	0.136	0.130	0.137	0.121	0.126	0.121	0.129	0.127	0.132	0.126	0.134	0.129	0.139	0.129												
3:00:00													0.145	0.124	0.126	0.121	0.131	0.131	0.135	0.128	0.134	0.130	0.144	0.130	0.126	0.123	0.125	0.122	0.131	0.132	0.132	0.127	0.135	0.130	0.138	0.129	0.128	0.121	0.128	0.124	0.136	0.131	0.132	0.130	0.137	0.132	0.135	0.136	0.124	0.126	0.126	0.123	0.130	0.128	0.129	0.127	0.135	0.131	0.139	0.137	0.123	0.121	0.124	0.124	0.129	0.127	0.130	0.128	0.136	0.129	0.132	0.131	0.138	0.121	0.127	0.121	0.129	0.127	0.133	0.127	0.134	0.129	0.137	0.129												
3:20:00													0.147	0.124	0.127	0.122	0.132	0.131	0.136	0.128	0.135	0.129	0.144	0.130	0.127	0.123	0.126	0.122	0.132	0.132	0.132	0.127	0.134	0.130	0.137	0.130	0.129	0.121	0.130	0.124	0.137	0.131	0.133	0.130	0.136	0.132	0.136	0.136	0.124	0.126	0.127	0.124	0.130	0.128	0.129	0.127	0.135	0.130	0.144	0.135	0.123	0.121	0.125	0.124	0.129	0.127	0.130	0.128	0.135	0.129	0.137	0.132	0.137	0.121	0.128	0.121	0.129	0.127	0.134	0.127	0.133	0.129	0.137	0.129												
3:40:00													0.147	0.124	0.128	0.122	0.132	0.131	0.138	0.128	0.135	0.130	0.144	0.130	0.128	0.123	0.127	0.122	0.134	0.132	0.134	0.127	0.135	0.130	0.140	0.131	0.130	0.121	0.131	0.125	0.138	0.131	0.135	0.130	0.140	0.132	0.141	0.137	0.124	0.126	0.128	0.124	0.130	0.128	0.131	0.127	0.135	0.130	0.141	0.135	0.123	0.121	0.126	0.124	0.129	0.127	0.132	0.128	0.135	0.129	0.140	0.132	0.138	0.122	0.129	0.122	0.129	0.127	0.135	0.127	0.133	0.129	0.142	0.130												
4:00:00													0.146	0.124	0.130	0.122	0.134	0.131	0.138	0.128	0.137	0.129	0.145	0.131	0.129	0.123	0.128	0.122	0.135	0.132	0.134	0.127	0.138	0.130	0.139	0.130	0.131	0.121	0.130	0.125	0.139	0.131	0.137	0.130	0.143	0.132	0.139	0.136	0.124	0.126	0.129	0.124	0.130	0.129	0.132	0.128	0.135	0.130	0.144	0.136	0.123	0.122	0.128	0.125	0.129	0.127	0.133	0.128	0.135	0.130	0.136	0.132	0.138	0.122	0.130	0.122	0.129	0.127	0.138	0.127	0.133	0.129	0.145	0.129												
4:20:00													0.145	0.124	0.131	0.122	0.138	0.131	0.141	0.128	0.138	0.130	0.148	0.131	0.131	0.123	0.129	0.123	0.137	0.133	0.137	0.128	0.137	0.130	0.139	0.130	0.133	0.121	0.130	0.125	0.141	0.131	0.138	0.130	0.137	0.132	0.140	0.137	0.124	0.127	0.131	0.124	0.130	0.129	0.134	0.128	0.135	0.131	0.146	0.138	0.123	0.122	0.129	0.125	0.129	0.127	0.135	0.129	0.135	0.130	0.139	0.133	0.137	0.123	0.132	0.122	0.129	0.127	0.138	0.127	0.134	0.130	0.144	0.129												
4:40:00													0.143	0.124	0.134	0.123	0.139	0.131	0.141	0.128	0.141	0.130	0.150	0.131	0.134	0.123	0.128	0.123	0.141	0.132	0.137	0.128	0.138	0.130	0.143	0.132	0.136	0.121	0.134	0.126	0.143	0.131	0.138	0.131	0.143	0.132	0.141	0.138	0.124	0.127	0.131	0.125	0.130	0.129	0.137	0.128	0.135	0.131	0.149	0.137	0.123	0.122	0.131	0.125	0.129	0.128	0.138	0.129	0.135	0.130	0.140	0.135	0.137	0.123	0.135	0.123	0.129	0.127	0.138	0.127	0.133	0.130	0.146	0.132												
5:00:00													0.143	0.124	0.139	0.124	0.141	0.131	0.144	0.129	0.143	0.130	0.152	0.133	0.136	0.123	0.133	0.123	0.146	0.132	0.139	0.128	0.143	0.130	0.146	0.132	0.137	0.121	0.140	0.127	0.145	0.131	0.142	0.131	0.149	0.132	0.145	0.139	0.124	0.128	0.137	0.126	0.130	0.129	0.141	0.129	0.136	0.132	0.155	0.138	0.123	0.123	0.135	0.126	0.129	0.128	0.141	0.130	0.136	0.131	0.144	0.134	0.138	0.124	0.142	0.124	0.129	0.128	0.144	0.127	0.134	0.130	0.149	0.132												
5:20:00													0.146	0.124	0.155	0.124	0.147	0.131	0.150	0.129	0.146	0.130	0.154	0.133	0.143	0.123	0.156	0.124	0.158	0.132	0.149	0.129	0.143	0.130	0.149	0.133	0.145	0.121	0.149	0.127	0.150	0.131	0.148	0.131	0.158	0.132	0.152	0.140	0.124	0.129	0.155	0.126	0.130	0.129	0.145	0.129	0.136	0.133	0.167	0.138	0.123	0.123	0.154	0.127	0.129	0.129	0.146	0.129	0.136	0.131	0.151	0.135	0.137	0.125	0.149	0.125	0.129	0.128	0.159	0.127	0.134	0.131	0.158	0.133												
5:40:00													0.175	0.124	0.159	0.125	0.157	0.131	0.162	0.129	0.153	0.130	0.161	0.133	0.175	0.123	0.155	0.125	0.160	0.133	0.171	0.129	0.148	0.130	0.161	0.134	0.168	0.121	0.156	0.128	0.157	0.131	0.162	0.133	0.164	0.132	0.159	0.140	0.124	0.129	0.158	0.127	0.130	0.130	0.164	0.130	0.136	0.133	0.175	0.138	0.123	0.125	0.157	0.128	0.129	0.130	0.158	0.131	0.136	0.132	0.167	0.137	0.135	0.126	0.167	0.125	0.129	0.129	0.173	0.129	0.134	0.132	0.183	0.134												
6:00:00													0.173	0.124	0.157	0.125	0.178	0.131	0.186	0.130	0.160	0.130	0.169	0.134	0.176	0.123	0.156	0.126	0.172	0.132	0.172	0.130	0.156	0.131	0.162	0.134	0.166	0.121	0.159	0.129	0.167	0.131	0.165	0.132	0.175	0.133	0.180	0.141	0.124	0.130	0.159	0.128	0.130	0.130	0.162	0.130	0.136	0.133	0.189	0.142	0.123	0.124	0.159	0.129	0.129	0.130	0.188	0.132	0.135	0.132	0.176	0.136	0.138	0.126	0.166	0.126	0.129	0.129	0.184	0.129	0.134	0.133	0.188	0.135												
6:20:00													0.192	0.124	0.160	0.126	0.187	0.131	0.187	0.131	0.168	0.130	0.185	0.134	0.182	0.123	0.164	0.126	0.174	0.133	0.186	0.130	0.165	0.131	0.167	0.135	0.177	0.121	0.170	0.130	0.178	0.131	0.190	0.134	0.188	0.133	0.190	0.141	0.124	0.131	0.167	0.129	0.131	0.131	0.182	0.130	0.136	0.135	0.217	0.143	0.123	0.124	0.164	0.129	0.129	0.131	0.198	0.133	0.136	0.133	0.182	0.136	0.136	0.127	0.172	0.127	0.129	0.129	0.181	0.129	0.135	0.133	0.207	0.136												
6:40:00													0.201	0.124	0.174	0.128	0.198	0.131	0.208	0.131	0.174	0.130	0.219	0.131	0.191	0.123	0.208	0.127	0.179	0.132	0.196	0.131	0.169	0.131	0.176	0.135	0.187	0.121	0.196	0.130	0.210	0.131	0.196	0.135	0.205	0.133	0.218	0.142	0.124	0.132	0.195	0.129	0.130	0.132	0.204	0.132	0.135	0.134	0.245	0.144	0.123	0.125	0.183	0.130	0.129	0.131	0.213	0.134	0.136	0.132	0.197	0.135	0.138	0.127	0.178	0.128	0.129	0.130	0.196	0.130	0.134	0.135	0.229	0.137												
7:00:00													0.217	0.124	0.210	0.129	0.216	0.131	0.234	0.132	0.183	0.130	0.247	0.136	0.203	0.123	0.221	0.129	0.206	0.132	0.213	0.131	0.171	0.131	0.190	0.134	0.200	0.121	0.232	0.130	0.226	0.131	0.220	0.135	0.221	0.133	0.242	0.144	0.124	0.132	0.215	0.129	0.131	0.132	0.226	0.131	0.136	0.136	0.270	0.140	0.123	0.125	0.214	0.131	0.129	0.132	0.240	0.133	0.136	0.132	0.212	0.136	0.136	0.128	0.192	0.129	0.129	0.130	0.215	0.130	0.135	0.134	0.255	0.139												
7:20:00													0.232	0.124	0.221	0.130	0.234	0.131	0.262	0.133	0.222	0.130	0.270	0.137	0.221	0.123	0.228	0.129	0.219	0.132	0.233	0.133	0.177	0.131	0.212	0.136	0.216	0.121	0.251	0.132	0.281	0.131	0.234	0.136	0.242	0.133	0.269	0.144	0.124	0.133	0.232	0.129	0.130	0.133	0.223	0.132	0.136	0.137	0.304	0.142	0.123	0.127	0.216	0.131	0.129	0.133	0.265	0.134	0.135	0.131	0.240	0.137	0.138	0.129	0.211	0.129	0.129	0.131	0.240	0.129	0.134	0.136	0.278	0.139												
7:40:00													0.256	0.124	0.245	0.130	0.264	0.131	0.288	0.134	0.234	0.130	0.293	0.137	0.236	0.123	0.248	0.130	0.245	0.132	0.246	0.133	0.187	0.132	0.241	0.138	0.235	0.121	0.274	0.133	0.340	0.131	0.249	0.137	0.274	0.133	0.297	0.145	0.124	0.134	0.249	0.132	0.130	0.134	0.241	0.134	0.136	0.135	0.315	0.145	0.123	0.126	0.234	0.131	0.129	0.133	0.286	0.135	0.135	0.134	0.266	0.139	0.138	0.130	0.225	0.130	0.129	0.133	0.264	0.133	0.134	0.136	0.308	0.140												
8:00:00													0.276	0.124	0.267	0.130	0.297	0.132	0.318	0.134	0.256	0.130	0.322	0.138	0.257	0.123	0.270	0.131	0.274	0.132	0.274	0.129	0.209	0.132	0.256	0.138	0.251	0.121	0.298	0.134	0.354	0.131	0.266	0.139	0.308	0.133	0.310	0.146	0.124	0.134	0.272	0.133	0.130	0.132	0.260	0.136	0.136	0.136	0.338	0.144	0.123	0.128	0.256	0.133	0.129	0.135	0.307	0.137	0.136	0.134	0.283	0.141	0.138	0.131	0.242	0.130	0.129	0.135	0.284	0.133	0.135	0.138	0.338	0.139												
8:20:00													0.298	0.124	0.288	0.131	0.336	0.131	0.357	0.136	0.274	0.130	0.360	0.137	0.273	0.123	0.294	0.132	0.309	0.132	0.303	0.131	0.233	0.133	0.276	0.140	0.273	0.121	0.319	0.135	0.402	0.131	0.287	0.139	0.344	0.133	0.327	0.148	0.124	0.135	0.293	0.133	0.130	0.135	0.287	0.136	0.136	0.138	0.362	0.146	0.123	0.129	0.281	0.134	0.129	0.136	0.331	0.137	0.136	0.135	0.304	0.145	0.138	0.133	0.263	0.131	0.129	0.135	0.318	0.135	0.134	0.139	0.362	0.145												
8:40:00													0.319	0.124	0.316	0.131	0.378	0.131	0.398	0.134	0.291	0.131	0.390	0.139	0.296	0.123	0.320	0.132	0.343	0.132	0.332	0.133	0.259	0.131	0.303	0.143	0.297	0.121	0.341	0.137	0.458	0.131	0.310	0.137	0.374	0.133	0.361	0.148	0.124	0.135	0.317	0.135	0.130	0.132	0.317	0.135	0.136	0.140	0.400	0.141	0.123	0.129	0.312	0.131	0.129	0.137	0.359	0.138	0.137	0.138	0.326	0.152	0.138	0.134	0.285	0.133	0.129	0.136	0.348	0.132	0.135	0.139	0.387	0.151												
9:00:00													0.354	0.124	0.344	0.133	0.413	0.132	0.439	0.140	0.329	0.131	0.426	0.140	0.321	0.123	0.356	0.136	0.384	0.132	0.363	0.134	0.285	0.132	0.330	0.148	0.320	0.121	0.379	0.141	0.485	0.131	0.339	0.142	0.414	0.133	0.385	0.152	0.124	0.135	0.351	0.137	0.130	0.133	0.345	0.135	0.136	0.136	0.434	0.145	0.123	0.130	0.343	0.134	0.129	0.139	0.391	0.141	0.135	0.141	0.351	0.167	0.138	0.136	0.314	0.135	0.129	0.138	0.381	0.135	0.135	0.141	0.413	0.166												
9:20:00													0.388	0.124	0.373	0.141	0.448	0.132	0.467	0.144	0.357	0.131	0.458	0.145	0.352	0.123	0.390	0.151	0.427	0.132	0.381	0.142	0.312	0.133	0.359	0.159	0.349	0.121	0.414	0.176	0.537	0.131	0.365	0.148	0.436	0.133	0.410	0.158	0.124	0.137	0.379	0.141	0.130	0.137	0.371	0.141	0.136	0.140	0.468	0.152	0.123	0.137	0.373	0.142	0.129	0.141	0.427	0.154	0.135	0.149	0.386	0.207	0.138	0.140	0.349	0.141	0.129	0.137	0.415	0.138	0.134	0.144	0.440	0.194												
9:40:00													0.408	0.124	0.412	0.179	0.497	0.132	0.518	0.165	0.383	0.131	0.489	0.152	0.388	0.123	0.420	0.159	0.476	0.132	0.409	0.165	0.344	0.132	0.387	0.187	0.381	0.121	0.435	0.172	0.569	0.131	0.420	0.184	0.467	0.133	0.440	0.169	0.124	0.145	0.405	0.166	0.130	0.143	0.400	0.154	0.136	0.150	0.546	0.165	0.123	0.147	0.409	0.178	0.129	0.144	0.469	0.172	0.137	0.175	0.423	0.215	0.138	0.148	0.384	0.177	0.129	0.142	0.465	0.151	0.135	0.152	0.472	0.221												
10:00:00													0.445	0.124	0.448	0.173	0.557	0.132	0.557	0.192	0.415	0.131	0.518	0.166	0.408	0.123	0.446	0.154	0.521	0.132	0.473	0.160	0.371	0.132	0.421	0.187	0.408	0.121	0.479	0.161	0.606	0.131	0.467	0.190	0.476	0.134	0.487	0.209	0.124	0.182	0.442	0.156	0.130	0.180	0.455	0.174	0.136	0.159	0.556	0.201	0.123	0.183	0.443	0.171	0.129	0.156	0.516	0.188	0.136	0.171	0.456	0.229	0.138	0.170	0.414	0.184	0.129	0.155	0.528	0.185	0.135	0.188	0.508	0.237												
10:20:00													0.471	0.124	0.500	0.173	0.611	0.132	0.597	0.200	0.440	0.131	0.533	0.202	0.446	0.123	0.480	0.163	0.537	0.132	0.584	0.163	0.398	0.132	0.452	0.203	0.440	0.121	0.497	0.170	0.640	0.131	0.542	0.205	0.512	0.133	0.502	0.220	0.124	0.195	0.474	0.163	0.130	0.184	0.515	0.197	0.136	0.160	0.625	0.209	0.123	0.195	0.472	0.175	0.129	0.196	0.592	0.203	0.136	0.174	0.481	0.251	0.138	0.187	0.455	0.184	0.129	0.190	0.559	0.193	0.136	0.198	0.571	0.258												
10:40:00													0.502	0.124	0.531	0.183	0.633	0.131	0.633	0.206	0.460	0.130	0.582	0.207	0.466	0.123	0.519	0.176	0.568	0.132	0.593	0.173	0.429	0.132	0.501	0.226	0.468	0.121	0.529	0.182	0.660	0.131	0.580	0.222	0.567	0.134	0.557	0.226	0.124	0.209	0.519	0.175	0.130	0.192	0.553	0.202	0.136	0.176	0.646	0.210	0.123	0.209	0.503	0.186	0.129	0.204	0.623	0.214	0.137	0.182	0.526	0.291	0.135	0.200	0.497	0.188	0.129	0.201	0.591	0.203	0.135	0.203	0.613	0.289												
11:00:00													0.535	0.124	0.567	0.200	0.636	0.132	0.668	0.222	0.550	0.130	0.627	0.223	0.505	0.123	0.564	0.187	0.615	0.132	0.637	0.186	0.495	0.132	0.547	0.259	0.504	0.121	0.554	0.196	0.697	0.131	0.620	0.245	0.609	0.134	0.587	0.239	0.124	0.228	0.556	0.197	0.130	0.205	0.593	0.212	0.136	0.199	0.657	0.222	0.123	0.230	0.539	0.202	0.129	0.230	0.662	0.226	0.136	0.206	0.562	0.328	0.138	0.232	0.537	0.201	0.129	0.219	0.635	0.217	0.135	0.209	0.630	0.319												
11:20:00													0.564	0.124	0.600	0.220	0.671	0.132	0.707	0.241	0.579	0.131	0.643	0.239	0.540	0.123	0.596	0.207	0.658	0.132	0.667	0.197	0.544	0.133	0.586	0.288	0.535	0.121	0.584	0.224	0.710	0.131	0.656	0.275	0.643	0.134	0.626	0.264	0.124	0.236	0.591	0.214	0.130	0.218	0.634	0.228	0.136	0.214	0.691	0.240	0.123	0.243	0.569	0.207	0.129	0.254	0.710	0.242	0.136	0.231	0.605	0.356	0.138	0.261	0.585	0.220	0.129	0.240	0.688	0.227	0.135	0.232	0.678	0.346												
11:40:01													0.604	0.124	0.633	0.236	0.711	0.131	0.729	0.269	0.603	0.131	0.663	0.261	0.567	0.123	0.618	0.218	0.681	0.132	0.712	0.212	0.569	0.133	0.617	0.317	0.567	0.121	0.609	0.242	0.746	0.131	0.681	0.305	0.664	0.134	0.652	0.293	0.124	0.249	0.619	0.237	0.130	0.232	0.667	0.245	0.137	0.231	0.707	0.253	0.123	0.252	0.608	0.224	0.129	0.273	0.739	0.264	0.136	0.259	0.643	0.400	0.135	0.278	0.603	0.244	0.129	0.258	0.715	0.241	0.135	0.254	0.699	0.377												
12:00:01													0.632	0.124	0.658	0.253	0.731	0.131	0.757	0.290	0.619	0.131	0.689	0.284	0.594	0.123	0.649	0.236	0.701	0.132	0.732	0.222	0.634	0.134	0.642	0.343	0.588	0.121	0.633	0.263	0.772	0.131	0.702	0.336	0.697	0.134	0.689	0.322	0.124	0.266	0.655	0.260	0.130	0.243	0.694	0.264	0.136	0.253	0.728	0.268	0.123	0.267	0.629	0.239	0.129	0.295	0.767	0.273	0.136	0.275	0.664	0.415	0.138	0.290	0.635	0.264	0.129	0.271	0.735	0.265	0.134	0.282	0.720	0.412												
12:20:01													0.662	0.124	0.680	0.272	0.760	0.131	0.773	0.306	0.655	0.131	0.706	0.300	0.618	0.123	0.673	0.253	0.720	0.132	0.746	0.242	0.658	0.132	0.674	0.387	0.611	0.121	0.661	0.285	0.798	0.131	0.721	0.375	0.717	0.134	0.708	0.352	0.124	0.277	0.675	0.280	0.130	0.254	0.711	0.283	0.136	0.267	0.743	0.292	0.123	0.283	0.659	0.268	0.129	0.316	0.793	0.288	0.137	0.293	0.678	0.437	0.137	0.312	0.660	0.284	0.129	0.279	0.758	0.283	0.136	0.315	0.747	0.438												
12:40:01													0.689	0.124	0.701	0.302	0.782	0.131	0.797	0.333	0.670	0.131	0.714	0.324	0.643	0.123	0.701	0.272	0.744	0.132	0.766	0.264	0.679	0.132	0.700	0.417	0.638	0.121	0.673	0.304	0.822	0.131	0.737	0.406	0.729	0.134	0.748	0.377	0.124	0.304	0.700	0.299	0.130	0.278	0.729	0.298	0.136	0.283	0.764	0.299	0.123	0.304	0.678	0.288	0.129	0.342	0.808	0.307	0.136	0.315	0.697	0.460	0.135	0.336	0.681	0.319	0.129	0.302	0.773	0.310	0.136	0.344	0.749	0.467												
13:00:01													0.707	0.124	0.723	0.319	0.796	0.131	0.822	0.363	0.697	0.131	0.715	0.347	0.664	0.122	0.726	0.292	0.759	0.132	0.779	0.288	0.708	0.132	0.721	0.447	0.661	0.121	0.688	0.324	0.844	0.131	0.752	0.438	0.747	0.134	0.760	0.404	0.124	0.320	0.717	0.315	0.130	0.300	0.742	0.311	0.136	0.295	0.775	0.314	0.123	0.324	0.702	0.310	0.129	0.375	0.825	0.328	0.136	0.333	0.722	0.507	0.137	0.359	0.706	0.339	0.129	0.328	0.793	0.341	0.135	0.377	0.769	0.488												
13:20:01													0.727	0.124	0.736	0.340	0.810	0.131	0.838	0.398	0.728	0.131	0.726	0.365	0.686	0.122	0.747	0.312	0.776	0.132	0.795	0.300	0.729	0.133	0.734	0.471	0.681	0.121	0.704	0.343	0.862	0.131	0.766	0.470	0.760	0.133	0.767	0.429	0.124	0.335	0.740	0.332	0.130	0.315	0.756	0.333	0.136	0.310	0.789	0.337	0.123	0.342	0.721	0.327	0.129	0.407	0.842	0.358	0.137	0.357	0.742	0.518	0.138	0.381	0.726	0.357	0.129	0.358	0.805	0.373	0.136	0.404	0.791	0.507												
13:40:01													0.754	0.124	0.752	0.358	0.823	0.131	0.847	0.426	0.755	0.131	0.731	0.388	0.708	0.123	0.772	0.332	0.789	0.132	0.811	0.321	0.740	0.133	0.753	0.492	0.701	0.121	0.723	0.364	0.886	0.131	0.784	0.495	0.775	0.134	0.778	0.449	0.124	0.353	0.753	0.352	0.130	0.340	0.770	0.355	0.136	0.334	0.800	0.360	0.123	0.360	0.738	0.348	0.129	0.443	0.864	0.393	0.137	0.381	0.756	0.546	0.137	0.403	0.745	0.373	0.129	0.390	0.824	0.402	0.135	0.431	0.801	0.522												
14:00:01													0.778	0.124	0.767	0.381	0.844	0.131	0.859	0.457	0.766	0.131	0.748	0.407	0.726	0.123	0.803	0.353	0.804	0.132	0.829	0.348	0.768	0.132	0.768	0.501	0.723	0.121	0.736	0.386	0.903	0.131	0.799	0.524	0.792	0.134	0.799	0.465	0.124	0.378	0.769	0.376	0.130	0.365	0.780	0.378	0.136	0.355	0.815	0.377	0.123	0.380	0.758	0.369	0.129	0.478	0.880	0.409	0.136	0.399	0.766	0.589	0.137	0.424	0.768	0.389	0.129	0.415	0.848	0.428	0.135	0.459	0.811	0.523												
14:20:01													0.801	0.124	0.786	0.403	0.867	0.131	0.881	0.488	0.784	0.131	0.730	0.428	0.750	0.123	0.837	0.378	0.821	0.132	0.838	0.365	0.772	0.132	0.783	0.513	0.743	0.121	0.757	0.404	0.918	0.131	0.817	0.546	0.805	0.134	0.815	0.502	0.124	0.409	0.794	0.393	0.130	0.392	0.795	0.399	0.136	0.385	0.827	0.402	0.123	0.406	0.776	0.386	0.129	0.507	0.902	0.424	0.136	0.438	0.783	0.627	0.138	0.458	0.780	0.412	0.129	0.439	0.857	0.458	0.135	0.489	0.849	0.563												
14:40:01													0.820	0.124	0.803	0.426	0.892	0.131	0.899	0.513	0.802	0.131	0.761	0.455	0.771	0.123	0.846	0.404	0.838	0.132	0.854	0.395	0.798	0.133	0.808	0.584	0.763	0.121	0.772	0.424	0.933	0.131	0.833	0.560	0.824	0.134	0.841	0.516	0.124	0.441	0.807	0.416	0.130	0.419	0.810	0.425	0.137	0.414	0.839	0.448	0.123	0.428	0.803	0.423	0.129	0.532	0.925	0.460	0.137	0.455	0.794	0.660	0.137	0.491	0.796	0.436	0.129	0.469	0.878	0.476	0.136	0.513	0.849	0.589												
15:00:01													0.837	0.124	0.819	0.465	0.895	0.132	0.921	0.529	0.822	0.130	0.745	0.521	0.792	0.123	0.855	0.431	0.856	0.132	0.870	0.424	0.802	0.133	0.837	0.615	0.782	0.121	0.786	0.451	0.948	0.131	0.848	0.544	0.836	0.134	0.855	0.536	0.124	0.488	0.828	0.450	0.130	0.443	0.827	0.484	0.137	0.459	0.851	0.497	0.123	0.481	0.823	0.469	0.129	0.555	0.933	0.492	0.136	0.521	0.811	0.685	0.136	0.528	0.814	0.474	0.129	0.488	0.871	0.496	0.135	0.538	0.873	0.625												
15:20:01													0.853	0.124	0.838	0.499	0.905	0.131	0.924	0.546	0.846	0.131	0.725	0.548	0.817	0.122	0.874	0.466	0.865	0.132	0.888	0.449	0.830	0.132	0.881	0.646	0.804	0.121	0.803	0.484	0.962	0.131	0.867	0.558	0.848	0.134	0.856	0.593	0.124	0.513	0.838	0.487	0.130	0.474	0.845	0.501	0.137	0.494	0.866	0.556	0.123	0.523	0.845	0.505	0.129	0.557	0.957	0.550	0.137	0.601	0.838	0.715	0.138	0.557	0.823	0.506	0.129	0.519	0.906	0.516	0.136	0.565	0.906	0.645												
15:40:01													0.871	0.124	0.852	0.524	0.931	0.131	0.934	0.574	0.869	0.131	0.737	0.592	0.835	0.123	0.886	0.495	0.880	0.132	0.909	0.483	0.829	0.134	0.880	0.696	0.819	0.121	0.815	0.533	0.973	0.131	0.879	0.601	0.855	0.134	0.866	0.622	0.124	0.556	0.844	0.508	0.130	0.511	0.860	0.564	0.136	0.575	0.867	0.594	0.123	0.563	0.862	0.538	0.129	0.577	0.954	0.585	0.136	0.629	0.856	0.730	0.138	0.600	0.836	0.534	0.129	0.550	0.903	0.536	0.135	0.605	0.921	0.678												
16:00:01													0.884	0.124	0.868	0.560	0.940	0.131	0.962	0.615	0.885	0.131	0.747	0.632	0.849	0.123	0.901	0.536	0.898	0.132	0.925	0.535	0.854	0.135	0.898	0.720	0.832	0.121	0.827	0.564	0.988	0.131	0.898	0.640	0.882	0.134	0.883	0.652	0.124	0.590	0.860	0.568	0.130	0.560	0.876	0.595	0.136	0.612	0.894	0.617	0.123	0.595	0.873	0.586	0.129	0.598	0.990	0.626	0.136	0.638	0.872	0.748	0.138	0.626	0.845	0.560	0.129	0.601	0.931	0.576	0.135	0.621	0.923	0.699												
16:20:01													0.899	0.124	0.882	0.588	0.964	0.132	0.978	0.642	0.920	0.131	0.754	0.642	0.864	0.123	0.909	0.585	0.914	0.132	0.936	0.595	0.870	0.135	0.916	0.746	0.851	0.121	0.837	0.590	1.006	0.131	0.917	0.676	0.925	0.134	0.884	0.679	0.124	0.614	0.874	0.614	0.130	0.612	0.893	0.643	0.137	0.645	0.923	0.641	0.123	0.620	0.884	0.607	0.129	0.635	0.997	0.660	0.137	0.691	0.887	0.771	0.136	0.648	0.858	0.589	0.129	0.637	0.952	0.623	0.136	0.663	0.935	0.732												
16:40:01													0.911	0.124	0.895	0.609	0.969	0.131	0.987	0.680	0.919	0.131	0.757	0.694	0.876	0.122	0.920	0.608	0.922	0.132	0.952	0.627	0.881	0.136	0.928	0.773	0.859	0.121	0.849	0.612	1.019	0.131	0.919	0.717	0.942	0.134	0.892	0.711	0.124	0.633	0.887	0.614	0.130	0.653	0.911	0.677	0.137	0.681	0.931	0.675	0.123	0.643	0.896	0.618	0.129	0.678	1.011	0.689	0.136	0.732	0.895	0.807	0.138	0.676	0.870	0.624	0.129	0.684	0.962	0.660	0.136	0.700	0.939	0.753												
17:00:01													0.916	0.124	0.912	0.632	0.978	0.132	0.995	0.713	0.940	0.131	0.766	0.729	0.887	0.122	0.933	0.634	0.931	0.132	0.959	0.668	0.897	0.135	0.937	0.820	0.872	0.121	0.861	0.645	1.020	0.131	0.939	0.740	0.956	0.134	0.897	0.730	0.124	0.652	0.891	0.632	0.130	0.704	0.934	0.695	0.137	0.731	0.950	0.709	0.123	0.667	0.910	0.642	0.129	0.714	1.018	0.715	0.136	0.757	0.912	0.836	0.138	0.703	0.880	0.642	0.129	0.720	0.974	0.701	0.135	0.722	0.949	0.791												
17:20:01													0.922	0.124	0.922	0.655	0.982	0.132	1.004	0.758	0.963	0.131	0.767	0.753	0.898	0.123	0.949	0.656	0.953	0.133	0.972	0.697	0.914	0.135	0.945	0.861	0.884	0.121	0.872	0.670	1.029	0.131	0.954	0.766	0.969	0.134	0.905	0.751	0.124	0.669	0.900	0.647	0.130	0.731	0.952	0.721	0.136	0.767	0.952	0.727	0.123	0.694	0.924	0.666	0.129	0.743	1.027	0.751	0.136	0.781	0.918	0.865	0.137	0.722	0.889	0.663	0.129	0.751	0.981	0.724	0.136	0.748	0.963	0.822												
17:40:01													0.930	0.124	0.934	0.685	0.993	0.132	1.013	0.777	0.963	0.131	0.768	0.785	0.909	0.123	0.967	0.689	0.976	0.132	0.984	0.733	0.935	0.135	0.952	0.874	0.898	0.121	0.884	0.687	1.039	0.132	0.963	0.787	0.978	0.134	0.910	0.791	0.124	0.695	0.908	0.671	0.130	0.759	0.953	0.742	0.137	0.777	0.960	0.747	0.123	0.716	0.934	0.702	0.129	0.770	1.036	0.793	0.137	0.794	0.922	0.876	0.135	0.743	0.903	0.684	0.129	0.787	0.980	0.752	0.135	0.775	0.967	0.866												
18:00:01													0.934	0.124	0.948	0.696	1.004	0.132	1.020	0.861	0.972	0.131	0.768	0.821	0.910	0.123	0.982	0.699	0.980	0.133	0.993	0.753	0.973	0.135	0.961	0.916	0.905	0.121	0.896	0.719	1.047	0.131	0.970	0.802	0.983	0.134	0.913	0.833	0.124	0.721	0.921	0.697	0.130	0.781	0.972	0.769	0.136	0.804	0.964	0.774	0.123	0.736	0.944	0.730	0.129	0.795	1.046	0.824	0.136	0.814	0.925	0.892	0.137	0.763	0.913	0.704	0.129	0.812	0.988	0.796	0.136	0.804	0.977	0.872												
18:20:01													0.945	0.124	0.960	0.725	1.016	0.132	1.022	0.856	0.994	0.131	0.770	0.858	0.913	0.122	0.996	0.723	0.988	0.132	1.002	0.778	0.988	0.136	0.965	0.911	0.916	0.121	0.908	0.725	1.058	0.131	0.974	0.822	0.991	0.134	0.916	0.860	0.124	0.736	0.936	0.702	0.130	0.801	0.978	0.799	0.136	0.828	0.968	0.802	0.123	0.753	0.958	0.755	0.129	0.828	1.051	0.844	0.137	0.835	0.935	0.907	0.138	0.778	0.925	0.724	0.129	0.827	0.993	0.846	0.137	0.829	0.984	0.889												
18:40:01													0.957	0.124	0.972	0.740	1.026	0.132	1.025	0.871	0.993	0.131	0.768	0.901	0.926	0.122	1.009	0.743	0.996	0.133	1.010	0.805	0.996	0.137	0.973	0.908	0.925	0.121	0.922	0.745	1.074	0.132	0.981	0.854	0.999	0.134	0.919	0.904	0.124	0.753	0.951	0.718	0.130	0.829	0.985	0.808	0.137	0.858	0.972	0.841	0.123	0.777	0.967	0.762	0.129	0.869	1.058	0.862	0.136	0.860	0.941	0.918	0.138	0.794	0.935	0.743	0.129	0.846	0.997	0.875	0.135	0.848	0.989	0.899												
19:00:01													0.969	0.124	0.985	0.764	1.025	0.132	1.029	0.862	0.988	0.131	0.772	0.928	0.938	0.122	1.020	0.759	0.998	0.133	1.015	0.842	1.000	0.135	0.982	0.919	0.932	0.121	0.935	0.755	1.081	0.132	0.984	0.879	1.004	0.134	0.923	0.921	0.124	0.778	0.956	0.747	0.130	0.856	0.990	0.847	0.136	0.878	0.980	0.865	0.123	0.801	0.976	0.784	0.129	0.887	1.067	0.878	0.136	0.881	0.947	0.930	0.138	0.811	0.944	0.768	0.129	0.860	1.002	0.894	0.134	0.865	0.996	0.913												
19:20:01													0.985	0.124	0.994	0.787	1.036	0.132	1.033	0.873	0.998	0.131	0.774	0.939	0.952	0.123	1.031	0.781	0.998	0.133	1.020	0.874	1.011	0.136	0.982	0.934	0.937	0.121	0.947	0.773	1.092	0.132	0.990	0.903	1.014	0.134	0.926	0.932	0.124	0.795	0.969	0.760	0.130	0.880	0.994	0.854	0.137	0.891	0.986	0.891	0.123	0.823	0.987	0.792	0.129	0.898	1.072	0.891	0.138	0.901	0.947	0.941	0.135	0.828	0.957	0.785	0.129	0.876	1.007	0.896	0.136	0.883	0.995	0.922												
19:40:01													0.988	0.124	0.999	0.807	1.040	0.132	1.035	0.888	1.018	0.132	0.774	0.957	0.963	0.123	1.040	0.802	1.000	0.133	1.027	0.901	1.018	0.136	0.983	0.950	0.938	0.121	0.956	0.786	1.097	0.132	0.994	0.920	1.021	0.134	0.930	0.942	0.124	0.800	0.980	0.775	0.130	0.899	1.002	0.863	0.137	0.914	0.992	0.909	0.123	0.839	0.998	0.812	0.129	0.910	1.077	0.900	0.137	0.912	0.955	0.953	0.138	0.850	0.964	0.805	0.129	0.887	1.008	0.913	0.136	0.890	1.000	0.933												
20:00:01													1.003	0.124	1.006	0.824	1.053	0.132	1.029	0.896	1.020	0.131	0.776	0.972	0.973	0.123	1.051	0.821	1.012	0.133	1.032	0.915	1.025	0.135	0.986	0.953	0.946	0.121	0.966	0.801	1.095	0.132	1.005	0.930	1.026	0.134	0.932	0.953	0.124	0.817	0.985	0.792	0.130	0.917	1.009	0.869	0.136	0.932	0.999	0.920	0.123	0.858	1.009	0.832	0.129	0.930	1.080	0.909	0.137	0.930	0.956	0.965	0.138	0.877	0.973	0.822	0.129	0.906	1.008	0.920	0.136	0.901	1.006	0.942												
20:20:01													1.017	0.124	1.016	0.844	1.064	0.132	1.031	0.903	1.028	0.131	0.777	0.986	0.989	0.122	1.061	0.845	1.005	0.133	1.039	0.930	1.019	0.134	0.987	0.958	0.953	0.121	0.975	0.813	1.103	0.132	1.006	0.945	1.035	0.134	0.938	0.964	0.124	0.837	0.993	0.807	0.130	0.928	1.014	0.878	0.137	0.950	1.003	0.932	0.123	0.880	1.018	0.851	0.129	0.943	1.085	0.919	0.136	0.940	0.959	0.976	0.138	0.899	0.982	0.844	0.129	0.905	1.007	0.923	0.136	0.907	1.005	0.952												
20:40:01													1.024	0.124	1.027	0.869	1.065	0.132	1.035	0.907	1.018	0.132	0.778	0.987	1.000	0.122	1.072	0.861	1.014	0.133	1.044	0.939	1.030	0.136	0.986	0.965	0.961	0.121	0.985	0.824	1.108	0.132	1.009	0.952	1.040	0.134	0.948	0.977	0.124	0.859	1.002	0.820	0.130	0.942	1.022	0.889	0.137	0.955	1.006	0.942	0.123	0.899	1.030	0.868	0.129	0.962	1.087	0.923	0.137	0.957	0.960	0.984	0.138	0.916	0.979	0.858	0.129	0.914	1.009	0.929	0.136	0.920	1.006	0.963												
21:00:01													1.044	0.124	1.034	0.883	1.074	0.132	1.039	0.909	1.026	0.132	0.777	0.989	1.013	0.122	1.082	0.875	1.021	0.133	1.051	0.952	1.045	0.134	0.985	0.971	0.971	0.121	0.994	0.837	1.119	0.132	1.014	0.963	1.045	0.134	0.960	0.987	0.124	0.878	1.008	0.835	0.130	0.951	1.027	0.896	0.136	0.970	1.009	0.951	0.123	0.918	1.041	0.883	0.129	0.976	1.089	0.925	0.136	0.969	0.961	0.990	0.137	0.932	0.990	0.878	0.129	0.921	1.007	0.933	0.136	0.926	1.007	0.967												
21:20:01													1.060	0.124	1.040	0.897	1.072	0.132	1.040	0.909	1.024	0.132	0.777	0.987	1.024	0.123	1.090	0.893	1.022	0.133	1.060	0.961	1.041	0.135	0.982	0.978	0.983	0.121	1.002	0.860	1.132	0.132	1.020	0.971	1.048	0.134	0.983	0.994	0.124	0.895	1.013	0.856	0.130	0.951	1.030	0.904	0.137	0.981	1.012	0.963	0.123	0.935	1.047	0.900	0.129	0.992	1.088	0.926	0.137	0.977	0.960	0.995	0.138	0.948	0.999	0.894	0.129	0.933	1.007	0.933	0.135	0.939	1.007	0.974												
21:40:01													1.100	0.124	1.047	0.918	1.083	0.132	1.042	0.911	1.035	0.132	0.778	0.989	1.038	0.123	1.101	0.899	1.022	0.133	1.066	0.969	1.054	0.134	0.988	0.981	0.993	0.121	1.011	0.875	1.139	0.132	1.026	0.982	1.055	0.134	0.998	1.000	0.124	0.916	1.016	0.875	0.130	0.965	1.037	0.911	0.136	0.987	1.015	0.970	0.123	0.952	1.057	0.920	0.129	1.001	1.093	0.926	0.137	0.977	0.965	1.001	0.138	0.959	1.011	0.916	0.129	0.943	1.006	0.931	0.137	0.944	1.007	0.979												
22:00:01													1.088	0.124	1.057	0.935	1.100	0.132	1.042	0.914	1.036	0.132	0.779	0.986	1.048	0.123	1.111	0.930	1.032	0.133	1.069	0.978	1.058	0.137	0.995	0.989	1.006	0.121	1.019	0.887	1.143	0.132	1.031	0.990	1.058	0.134	1.002	1.008	0.124	0.935	1.020	0.885	0.130	0.971	1.043	0.916	0.136	0.986	1.016	0.977	0.123	0.970	1.070	0.935	0.129	1.015	1.093	0.921	0.136	0.990	0.968	1.004	0.138	0.971	1.026	0.932	0.129	0.948	1.009	0.928	0.135	0.945	1.010	0.982												
22:20:01													1.101	0.124	1.068	0.947	1.087	0.132	1.035	0.911	1.043	0.132	0.779	0.984	1.063	0.122	1.119	0.948	1.025	0.133	1.073	0.985	1.062	0.134	1.004	0.989	1.020	0.121	1.028	0.901	1.155	0.132	1.034	0.997	1.065	0.135	0.978	1.016	0.124	0.952	1.026	0.894	0.130	0.975	1.050	0.920	0.137	1.009	1.016	0.984	0.123	0.988	1.081	0.955	0.129	1.032	1.090	0.923	0.138	1.001	0.976	1.010	0.138	0.987	1.040	0.945	0.129	0.960	1.018	0.930	0.136	0.954	1.016	0.983												
22:40:01													1.123	0.124	1.079	0.964	1.109	0.132	1.032	0.915	1.023	0.132	0.778	0.985	1.071	0.122	1.137	0.966	1.033	0.133	1.073	0.991	1.064	0.134	1.014	0.996	1.030	0.121	1.035	0.920	1.151	0.132	1.036	1.004	1.069	0.135	0.929	1.022	0.124	0.967	1.033	0.906	0.130	0.985	1.053	0.922	0.137	1.018	1.016	0.989	0.123	1.003	1.090	0.976	0.129	1.038	1.093	0.929	0.137	1.002	0.989	1.014	0.138	1.002	1.055	0.947	0.129	0.974	1.028	0.930	0.137	0.959	1.024	0.985												
23:00:01													1.137	0.124	1.095	0.972	1.105	0.132	1.030	0.918	1.034	0.132	0.778	0.979	1.084	0.122	1.150	0.979	1.049	0.133	1.073	0.994	1.072	0.136	1.021	0.993	1.043	0.121	1.041	0.930	1.159	0.132	1.039	1.010	1.061	0.135	0.880	1.027	0.124	0.985	1.040	0.916	0.130	0.990	1.056	0.924	0.137	1.019	1.016	0.996	0.123	1.015	1.101	0.993	0.129	1.042	1.092	0.928	0.136	1.008	0.993	1.020	0.138	1.018	1.069	0.961	0.129	0.983	1.040	0.929	0.136	0.975	1.035	0.989												
23:20:01													1.142	0.124	1.108	0.980	1.111	0.132	1.028	0.922	1.054	0.132	0.776	0.978	1.095	0.122	1.161	0.992	1.059	0.133	1.075	1.000	1.074	0.134	1.029	0.995	1.049	0.121	1.049	0.943	1.164	0.132	1.044	1.013	1.064	0.134	0.856	1.031	0.124	1.004	1.055	0.929	0.130	0.997	1.058	0.923	0.137	1.024	1.018	1.001	0.123	1.028	1.117	0.991	0.129	1.052	1.093	0.927	0.136	1.018	1.002	1.023	0.138	1.031	1.078	0.977	0.129	1.001	1.049	0.927	0.137	0.977	1.046	0.991												
23:40:01													1.153	0.124	1.114	1.016	1.114	0.132	1.033	0.933	1.058	0.132	0.774	0.982	1.108	0.122	1.174	1.002	1.069	0.133	1.077	1.004	1.076	0.135	1.037	0.997	1.061	0.121	1.058	0.955	1.169	0.132	1.048	1.014	1.065	0.134	0.846	1.033	0.124	1.027	1.068	0.944	0.130	1.000	1.059	0.926	0.137	1.026	1.020	1.003	0.123	1.046	1.127	0.996	0.129	1.062	1.092	0.933	0.137	1.028	1.011	1.024	0.136	1.042	1.087	0.992	0.129	1.010	1.063	0.927	0.136	0.984	1.059	0.988												
24:00:01													1.160	0.124	1.122	1.028	1.118	0.133	1.036	0.944	1.064	0.132	0.773	0.987	1.120	0.122	1.179	1.009	1.070	0.133	1.079	1.007	1.082	0.135	1.056	0.998	1.071	0.121	1.066	0.968	1.178	0.132	1.052	1.016	1.068	0.135	0.853	1.035	0.124	1.046	1.081	0.958	0.130	1.008	1.065	0.926	0.137	1.039	1.025	1.006	0.123	1.060	1.137	1.018	0.129	1.068	1.093	0.944	0.137	1.034	1.019	1.025	0.136	1.053	1.099	1.006	0.129	1.023	1.075	0.931	0.137	0.995	1.065	0.991												
24:20:01													1.175	0.124	1.136	1.041	1.129	0.133	1.048	0.948	1.067	0.132	0.773	0.996	1.131	0.122	1.186	1.031	1.075	0.133	1.076	1.007	1.087	0.136	1.066	0.992	1.083	0.121	1.072	0.977	1.179	0.132	1.053	1.018	1.069	0.135	0.860	1.036	0.124	1.051	1.103	0.964	0.130	1.012	1.069	0.928	0.137	1.042	1.032	1.008	0.123	1.072	1.149	1.028	0.129	1.067	1.095	0.945	0.137	1.040	1.028	1.030	0.136	1.061	1.112	1.015	0.129	1.029	1.089	0.933	0.136	0.995	1.073	0.996												
24:40:01													1.188	0.124	1.147	1.053	1.141	0.133	1.060	0.949	1.069	0.132	0.774	1.017	1.146	0.122	1.196	1.048	1.081	0.133	1.074	1.009	1.091	0.137	1.065	0.992	1.095	0.121	1.079	0.980	1.183	0.132	1.053	1.018	1.069	0.134	0.868	1.039	0.124	1.072	1.105	0.973	0.130	1.012	1.069	0.932	0.136	1.050	1.041	1.011	0.123	1.080	1.157	1.048	0.129	1.066	1.099	0.948	0.136	1.047	1.031	1.029	0.138	1.067	1.123	1.018	0.129	1.042	1.099	0.932	0.137	0.994	1.069	0.990												
25:00:01													1.187	0.124	1.163	1.075	1.139	0.133	1.067	0.913	1.068	0.131	0.773	1.041	1.154	0.122	1.203	1.062	1.087	0.133	1.073	1.010	1.091	0.135	1.048	0.990	1.105	0.121	1.085	0.986	1.188	0.132	1.056	1.021	1.067	0.135	0.878	1.040	0.124	1.077	1.117	0.984	0.130	1.024	1.068	0.934	0.137	1.059	1.049	1.017	0.123	1.088	1.167	1.065	0.129	1.074	1.104	0.949	0.136	1.047	1.025	1.032	0.138	1.075	1.136	1.025	0.129	1.044	1.107	0.936	0.134	1.002	1.057	0.989												
25:20:01													1.204	0.124	1.169	1.076	1.133	0.133	1.071	0.863	1.084	0.133	0.773	1.045	1.167	0.122	1.211	1.080	1.090	0.133	1.069	1.010	1.102	0.134	1.024	0.992	1.115	0.121	1.093	1.003	1.200	0.132	1.054	1.023	1.067	0.135	0.888	1.043	0.124	1.092	1.124	1.000	0.130	1.030	1.069	0.936	0.136	1.062	1.058	1.019	0.123	1.097	1.177	1.073	0.129	1.075	1.110	0.952	0.136	1.053	1.016	1.029	0.138	1.084	1.151	1.033	0.129	1.060	1.102	0.942	0.136	1.011	1.039	0.991												
25:40:01													1.213	0.124	1.178	1.089	1.140	0.133	1.079	0.831	1.078	0.133	0.772	1.030	1.177	0.122	1.219	1.099	1.100	0.133	1.070	1.012	1.091	0.135	0.993	0.995	1.126	0.121	1.100	1.014	1.216	0.132	1.054	1.027	1.070	0.135	0.898	1.047	0.124	1.107	1.129	1.013	0.130	1.033	1.072	0.930	0.137	1.069	1.067	1.025	0.123	1.104	1.188	1.087	0.129	1.070	1.115	0.956	0.136	1.058	0.996	1.030	0.138	1.093	1.164	1.043	0.129	1.072	1.080	0.953	0.136	1.020	0.993	0.991												
26:00:01													1.224	0.124	1.189	1.095	1.153	0.132	1.084	0.823	1.089	0.132	0.772	0.978	1.196	0.122	1.227	1.107	1.103	0.133	1.071	1.014	1.088	0.134	0.968	1.000	1.137	0.121	1.109	1.019	1.236	0.132	1.053	1.029	1.070	0.135	0.907	1.048	0.124	1.115	1.141	1.027	0.130	1.038	1.074	0.933	0.137	1.072	1.077	1.030	0.123	1.110	1.198	1.095	0.129	1.079	1.121	0.963	0.137	1.062	0.978	1.025	0.138	1.102	1.173	1.052	0.129	1.080	1.049	0.963	0.137	1.026	0.959	0.991												
26:20:01													1.235	0.124	1.193	1.106	1.184	0.132	1.091	0.827	1.100	0.132	0.772	0.934	1.205	0.122	1.231	1.112	1.101	0.133	1.073	1.020	1.111	0.134	0.947	1.006	1.147	0.121	1.119	1.024	1.250	0.132	1.050	1.028	1.081	0.136	0.916	1.050	0.124	1.127	1.149	1.037	0.130	1.044	1.073	0.934	0.137	1.082	1.084	1.028	0.123	1.117	1.206	1.105	0.129	1.085	1.127	0.966	0.137	1.073	0.961	1.025	0.138	1.110	1.182	1.062	0.129	1.091	1.013	0.966	0.137	1.029	0.945	0.991												
26:40:01													1.247	0.124	1.195	1.121	1.198	0.132	1.100	0.837	1.106	0.132	0.773	0.927	1.215	0.122	1.237	1.121	1.111	0.133	1.076	1.020	1.114	0.135	0.933	1.010	1.158	0.121	1.132	1.041	1.257	0.132	1.047	1.031	1.082	0.135	0.921	1.049	0.124	1.134	1.159	1.056	0.130	1.051	1.075	0.939	0.137	1.089	1.092	1.025	0.123	1.128	1.212	1.111	0.129	1.091	1.132	0.969	0.137	1.073	0.949	1.020	0.138	1.119	1.188	1.067	0.129	1.103	0.980	0.946	0.136	1.041	0.935	0.993												
27:00:01													1.258	0.124	1.199	1.134	1.206	0.133	1.102	0.847	1.115	0.132	0.772	0.926	1.230	0.122	1.241	1.129	1.123	0.133	1.078	1.021	1.105	0.136	0.927	1.014	1.167	0.121	1.137	1.046	1.270	0.132	1.046	1.030	1.095	0.135	0.926	1.047	0.124	1.144	1.169	1.068	0.130	1.061	1.076	0.947	0.137	1.095	1.098	1.026	0.123	1.142	1.217	1.119	0.129	1.092	1.139	0.976	0.137	1.081	0.937	1.021	0.138	1.128	1.193	1.078	0.129	1.109	0.956	0.902	0.136	1.045	0.928	1.004												
27:20:01													1.267	0.124	1.199	1.142	1.211	0.132	1.102	0.853	1.128	0.132	0.770	0.925	1.240	0.122	1.244	1.136	1.133	0.133	1.085	1.022	1.103	0.135	0.933	1.016	1.176	0.121	1.145	1.059	1.283	0.132	1.043	1.026	1.087	0.135	0.934	1.047	0.124	1.149	1.175	1.082	0.130	1.064	1.075	0.951	0.137	1.102	1.102	1.027	0.123	1.153	1.221	1.126	0.129	1.096	1.145	0.973	0.137	1.085	0.937	1.017	0.138	1.138	1.196	1.085	0.129	1.123	0.945	0.853	0.136	1.053	0.926	1.012												
27:40:01													1.276	0.124	1.204	1.156	1.230	0.132	1.095	0.859	1.121	0.132	0.769	0.922	1.251	0.122	1.247	1.143	1.140	0.133	1.090	1.021	1.117	0.136	0.929	1.014	1.187	0.121	1.154	1.062	1.286	0.132	1.041	1.024	1.087	0.135	0.939	1.039	0.124	1.159	1.183	1.093	0.130	1.073	1.074	0.958	0.138	1.107	1.101	1.022	0.123	1.162	1.224	1.136	0.129	1.099	1.151	0.973	0.137	1.093	0.924	1.014	0.136	1.150	1.198	1.093	0.130	1.132	0.935	0.840	0.136	1.066	0.928	1.022												
28:00:02													1.286	0.124	1.204	1.160	1.243	0.132	1.091	0.866	1.147	0.132	0.770	0.920	1.260	0.122	1.248	1.150	1.148	0.133	1.091	1.017	1.118	0.135	0.941	1.016	1.194	0.121	1.161	1.073	1.290	0.132	1.039	1.023	1.105	0.135	0.947	1.034	0.124	1.161	1.193	1.095	0.130	1.080	1.071	0.963	0.137	1.112	1.101	1.023	0.123	1.170	1.225	1.140	0.129	1.101	1.153	0.977	0.136	1.095	0.939	1.016	0.138	1.158	1.199	1.093	0.129	1.145	0.949	0.829	0.136	1.068	0.936	1.028												
28:20:02													1.297	0.124	1.207	1.162	1.264	0.133	1.090	0.875	1.144	0.132	0.769	0.916	1.262	0.122	1.250	1.157	1.158	0.133	1.093	1.017	1.121	0.136	0.948	1.016	1.204	0.121	1.169	1.086	1.296	0.132	1.039	1.023	1.120	0.136	0.953	1.029	0.124	1.167	1.198	1.104	0.130	1.089	1.069	0.962	0.137	1.117	1.101	1.022	0.123	1.178	1.230	1.147	0.129	1.103	1.156	0.975	0.137	1.105	0.945	1.019	0.138	1.169	1.201	1.096	0.129	1.149	0.947	0.829	0.137	1.085	0.945	1.029												
28:40:02													1.309	0.124	1.208	1.164	1.256	0.133	1.081	0.880	1.163	0.132	0.768	0.913	1.277	0.122	1.254	1.163	1.163	0.133	1.094	1.013	1.125	0.134	0.949	1.015	1.211	0.121	1.177	1.092	1.307	0.132	1.040	1.024	1.125	0.135	0.956	1.029	0.124	1.175	1.200	1.108	0.130	1.096	1.066	0.958	0.137	1.124	1.093	1.021	0.123	1.190	1.230	1.157	0.129	1.104	1.157	0.976	0.137	1.115	0.940	1.019	0.138	1.181	1.204	1.095	0.129	1.159	0.943	0.833	0.136	1.095	0.954	1.032												
29:00:02													1.321	0.124	1.209	1.163	1.258	0.133	1.074	0.888	1.189	0.132	0.770	0.914	1.288	0.123	1.258	1.171	1.180	0.133	1.105	1.014	1.128	0.134	0.953	1.016	1.222	0.121	1.184	1.098	1.319	0.132	1.042	1.028	1.133	0.136	0.960	1.024	0.125	1.183	1.206	1.114	0.130	1.102	1.066	0.957	0.137	1.131	1.087	1.021	0.123	1.204	1.235	1.162	0.129	1.105	1.159	0.973	0.138	1.128	0.941	1.019	0.138	1.194	1.208	1.095	0.129	1.176	0.952	0.840	0.136	1.101	0.965	1.036												
29:20:02													1.328	0.124	1.213	1.165	1.265	0.133	1.065	0.892	1.209	0.133	0.769	0.912	1.299	0.123	1.260	1.174	1.191	0.133	1.123	1.017	1.133	0.135	0.956	1.015	1.230	0.121	1.192	1.107	1.325	0.132	1.043	1.026	1.137	0.136	0.964	1.024	0.125	1.188	1.211	1.119	0.130	1.112	1.066	0.957	0.137	1.135	1.081	1.020	0.123	1.217	1.239	1.170	0.129	1.109	1.160	0.972	0.137	1.128	0.937	1.020	0.138	1.205	1.210	1.097	0.129	1.185	0.956	0.858	0.135	1.109	0.973	1.044												
29:40:02													1.339	0.124	1.215	1.165	1.265	0.133	1.043	0.897	1.219	0.132	0.767	0.911	1.304	0.123	1.263	1.179	1.204	0.133	1.134	1.018	1.139	0.136	0.961	1.015	1.241	0.121	1.203	1.112	1.337	0.132	1.046	1.029	1.141	0.135	0.967	1.023	0.125	1.201	1.214	1.127	0.131	1.120	1.070	0.953	0.138	1.144	1.064	1.021	0.123	1.231	1.242	1.169	0.129	1.114	1.159	0.973	0.138	1.134	0.933	1.019	0.136	1.216	1.211	1.099	0.130	1.187	0.960	0.878	0.136	1.118	0.982	1.049												
30:00:02													1.345	0.124	1.212	1.157	1.270	0.133	1.034	0.899	1.223	0.132	0.768	0.910	1.316	0.123	1.263	1.177	1.217	0.133	1.125	1.022	1.132	0.137	0.971	1.015	1.247	0.121	1.208	1.118	1.343	0.132	1.047	1.025	1.147	0.135	0.970	1.027	0.125	1.202	1.216	1.129	0.130	1.129	1.066	0.956	0.137	1.152	1.065	1.024	0.123	1.242	1.243	1.166	0.129	1.117	1.156	0.968	0.138	1.148	0.935	1.025	0.138	1.224	1.212	1.094	0.130	1.199	0.965	0.885	0.138	1.131	0.989	1.050												
30:20:02													1.355	0.124	1.216	1.159	1.288	0.133	1.006	0.902	1.224	0.132	0.767	0.912	1.325	0.123	1.269	1.178	1.230	0.133	1.125	1.024	1.144	0.135	0.980	1.010	1.258	0.121	1.213	1.124	1.353	0.132	1.049	1.035	1.152	0.135	0.971	1.028	0.125	1.212	1.221	1.137	0.131	1.137	1.065	0.959	0.137	1.155	1.056	1.025	0.123	1.255	1.249	1.171	0.129	1.130	1.151	0.971	0.137	1.156	0.937	1.028	0.136	1.236	1.214	1.095	0.130	1.212	0.974	0.886	0.136	1.138	0.993	1.049												
30:40:02													1.363	0.124	1.217	1.161	1.285	0.133	0.983	0.903	1.238	0.131	0.767	0.909	1.332	0.123	1.268	1.177	1.239	0.133	1.122	1.026	1.143	0.135	0.990	1.008	1.266	0.121	1.217	1.130	1.361	0.132	1.050	1.045	1.156	0.136	0.970	1.030	0.125	1.219	1.223	1.141	0.131	1.144	1.064	0.961	0.137	1.161	1.052	1.027	0.123	1.264	1.250	1.167	0.129	1.123	1.148	0.967	0.137	1.164	0.945	1.036	0.136	1.247	1.215	1.090	0.130	1.218	0.980	0.876	0.136	1.148	0.998	1.048												
31:00:02													1.369	0.124	1.211	1.158	1.291	0.133	0.974	0.901	1.248	0.132	0.766	0.909	1.337	0.123	1.269	1.174	1.249	0.133	1.125	1.022	1.154	0.135	1.000	1.008	1.272	0.121	1.218	1.130	1.364	0.132	1.050	1.039	1.158	0.135	0.968	1.033	0.124	1.222	1.225	1.145	0.130	1.153	1.063	0.958	0.138	1.169	1.056	1.029	0.123	1.275	1.250	1.163	0.129	1.133	1.144	0.961	0.137	1.169	0.952	1.039	0.138	1.254	1.215	1.091	0.130	1.225	0.981	0.868	0.136	1.158	1.002	1.045												
31:20:02													1.375	0.124	1.214	1.154	1.298	0.133	0.968	0.899	1.253	0.132	0.764	0.909	1.344	0.123	1.269	1.172	1.264	0.133	1.124	1.028	1.159	0.135	1.004	1.007	1.279	0.121	1.222	1.135	1.370	0.132	1.050	1.041	1.159	0.135	0.967	1.035	0.125	1.227	1.230	1.148	0.130	1.163	1.064	0.953	0.138	1.175	1.054	1.031	0.123	1.285	1.253	1.164	0.129	1.135	1.142	0.963	0.137	1.180	0.953	1.037	0.139	1.265	1.216	1.094	0.130	1.232	0.986	0.868	0.137	1.168	1.002	1.044												
31:40:02													1.378	0.124	1.218	1.152	1.309	0.133	0.969	0.896	1.265	0.132	0.764	0.909	1.352	0.123	1.272	1.173	1.279	0.133	1.111	1.033	1.162	0.136	1.007	1.005	1.286	0.121	1.226	1.140	1.374	0.132	1.051	1.046	1.164	0.136	0.966	1.037	0.125	1.234	1.232	1.149	0.130	1.170	1.063	0.953	0.138	1.183	1.051	1.032	0.123	1.296	1.254	1.165	0.129	1.139	1.139	0.963	0.138	1.183	0.955	1.041	0.138	1.276	1.217	1.091	0.130	1.236	0.991	0.869	0.136	1.178	1.002	1.048												
32:00:02													1.382	0.124	1.219	1.153	1.319	0.133	0.970	0.892	1.277	0.132	0.765	0.913	1.358	0.123	1.272	1.177	1.292	0.133	1.107	1.046	1.173	0.135	1.002	1.000	1.293	0.121	1.230	1.144	1.380	0.132	1.052	1.050	1.169	0.136	0.965	1.038	0.125	1.241	1.233	1.152	0.130	1.178	1.064	0.951	0.137	1.191	1.049	1.033	0.123	1.307	1.253	1.164	0.129	1.147	1.137	0.961	0.138	1.192	0.954	1.042	0.139	1.286	1.216	1.097	0.130	1.246	0.998	0.871	0.137	1.190	1.002	1.051												
32:20:02													1.386	0.124	1.222	1.160	1.326	0.133	0.970	0.890	1.285	0.132	0.764	0.918	1.367	0.123	1.273	1.177	1.301	0.133	1.110	1.061	1.190	0.135	0.997	0.995	1.300	0.121	1.234	1.149	1.384	0.132	1.051	1.052	1.172	0.136	0.965	1.042	0.125	1.249	1.235	1.151	0.130	1.185	1.062	0.952	0.138	1.201	1.048	1.033	0.123	1.317	1.254	1.166	0.129	1.153	1.135	0.959	0.137	1.203	0.958	1.042	0.138	1.297	1.218	1.093	0.130	1.260	1.004	0.872	0.137	1.200	1.005	1.054												
32:40:02													1.390	0.124	1.226	1.157	1.332	0.133	0.972	0.884	1.294	0.132	0.762	0.920	1.375	0.123	1.276	1.177	1.310	0.133	1.115	1.070	1.200	0.136	0.993	0.991	1.308	0.121	1.235	1.154	1.388	0.132	1.051	1.057	1.175	0.135	0.964	1.044	0.125	1.257	1.238	1.152	0.130	1.192	1.067	0.953	0.138	1.208	1.046	1.032	0.123	1.327	1.255	1.169	0.129	1.160	1.133	0.955	0.137	1.213	0.961	1.039	0.139	1.309	1.220	1.102	0.130	1.275	1.006	0.874	0.137	1.210	1.010	1.048												
33:00:02													1.397	0.124	1.229	1.157	1.335	0.133	0.977	0.882	1.301	0.132	0.762	0.903	1.383	0.123	1.277	1.179	1.318	0.133	1.117	1.074	1.213	0.135	0.992	0.988	1.313	0.121	1.238	1.156	1.392	0.132	1.048	1.058	1.179	0.136	0.962	1.046	0.125	1.264	1.243	1.151	0.130	1.202	1.073	0.954	0.137	1.218	1.047	1.032	0.123	1.337	1.256	1.170	0.129	1.164	1.133	0.951	0.138	1.222	0.964	1.037	0.138	1.321	1.224	1.101	0.130	1.288	1.006	0.874	0.138	1.226	1.014	1.041												
33:20:02													1.412	0.124	1.242	1.165	1.338	0.133	0.983	0.881	1.309	0.132	0.759	0.904	1.391	0.123	1.279	1.182	1.324	0.133	1.115	1.079	1.219	0.136	0.992	0.980	1.323	0.121	1.244	1.159	1.396	0.132	1.049	1.058	1.185	0.136	0.961	1.043	0.125	1.275	1.247	1.156	0.131	1.212	1.077	0.956	0.138	1.227	1.042	1.028	0.123	1.349	1.260	1.172	0.130	1.167	1.130	0.953	0.137	1.229	0.966	1.037	0.136	1.333	1.233	1.105	0.130	1.316	1.011	0.872	0.136	1.237	1.014	1.036												
33:40:02													1.420	0.125	1.250	1.165	1.337	0.133	0.983	0.877	1.314	0.132	0.759	0.902	1.397	0.123	1.281	1.184	1.328	0.133	1.113	1.081	1.232	0.136	0.990	0.979	1.330	0.121	1.246	1.157	1.399	0.132	1.059	1.053	1.189	0.136	0.960	1.043	0.125	1.282	1.247	1.156	0.131	1.220	1.081	0.959	0.138	1.234	1.043	1.027	0.123	1.359	1.259	1.173	0.130	1.169	1.128	0.955	0.138	1.239	0.969	1.036	0.136	1.344	1.242	1.102	0.130	1.325	1.009	0.874	0.137	1.253	1.015	1.026												
34:00:02													1.427	0.125	1.257	1.164	1.334	0.133	0.982	0.874	1.317	0.132	0.761	0.901	1.402	0.123	1.280	1.183	1.328	0.133	1.113	1.078	1.241	0.135	0.993	0.977	1.334	0.121	1.246	1.155	1.400	0.132	1.059	1.048	1.190	0.136	0.960	1.044	0.125	1.284	1.247	1.155	0.130	1.228	1.083	0.954	0.138	1.246	1.049	1.028	0.123	1.366	1.259	1.173	0.130	1.177	1.125	0.947	0.138	1.245	0.973	1.038	0.139	1.352	1.247	1.099	0.130	1.347	1.006	0.871	0.137	1.278	1.017	1.012												
34:20:02													1.438	0.125	1.268	1.169	1.337	0.132	0.985	0.867	1.320	0.132	0.759	0.910	1.411	0.123	1.285	1.188	1.333	0.133	1.107	1.083	1.258	0.137	0.991	0.971	1.344	0.121	1.249	1.158	1.403	0.132	1.057	1.046	1.199	0.136	0.958	1.042	0.125	1.296	1.252	1.160	0.131	1.236	1.086	0.957	0.138	1.252	1.045	1.026	0.123	1.377	1.263	1.177	0.130	1.188	1.124	0.951	0.138	1.254	0.971	1.040	0.136	1.363	1.256	1.105	0.130	1.352	1.005	0.873	0.137	1.282	1.015	0.995												
34:40:02													1.445	0.125	1.275	1.167	1.338	0.133	0.989	0.865	1.319	0.133	0.762	0.910	1.415	0.123	1.290	1.183	1.336	0.133	1.108	1.072	1.265	0.138	0.996	0.968	1.348	0.121	1.249	1.158	1.403	0.132	1.056	1.040	1.208	0.136	0.957	1.042	0.125	1.298	1.251	1.161	0.130	1.245	1.089	0.956	0.138	1.261	1.047	1.026	0.123	1.385	1.267	1.177	0.130	1.196	1.123	0.947	0.138	1.261	0.975	1.046	0.138	1.372	1.263	1.108	0.130	1.363	1.001	0.877	0.137	1.295	1.016	1.004												
35:00:02													1.456	0.125	1.283	1.169	1.341	0.133	0.992	0.862	1.320	0.132	0.761	0.918	1.419	0.123	1.296	1.186	1.341	0.133	1.106	1.071	1.274	0.136	0.998	0.964	1.355	0.121	1.252	1.159	1.405	0.132	1.052	1.039	1.209	0.136	0.957	1.039	0.125	1.305	1.253	1.161	0.131	1.253	1.089	0.959	0.138	1.270	1.046	1.024	0.123	1.394	1.269	1.177	0.130	1.202	1.117	0.945	0.137	1.268	0.976	1.045	0.138	1.381	1.270	1.111	0.130	1.375	0.999	0.878	0.137	1.313	1.015	1.007												
35:20:02													1.466	0.125	1.289	1.172	1.343	0.133	0.995	0.859	1.321	0.133	0.761	0.913	1.423	0.123	1.300	1.185	1.348	0.134	1.106	1.067	1.279	0.136	0.999	0.960	1.361	0.121	1.254	1.161	1.405	0.132	1.051	1.036	1.219	0.136	0.957	1.039	0.125	1.312	1.255	1.166	0.131	1.258	1.088	0.957	0.138	1.278	1.041	1.021	0.123	1.402	1.274	1.179	0.130	1.211	1.113	0.939	0.137	1.272	0.975	1.042	0.138	1.388	1.276	1.109	0.130	1.381	0.996	0.881	0.137	1.326	1.015	1.022												
35:40:02													1.474	0.125	1.294	1.173	1.344	0.133	0.998	0.860	1.321	0.132	0.761	0.892	1.427	0.123	1.308	1.190	1.352	0.133	1.105	1.065	1.277	0.136	0.999	0.957	1.367	0.121	1.256	1.163	1.407	0.132	1.044	1.034	1.218	0.136	0.955	1.038	0.125	1.320	1.258	1.164	0.130	1.269	1.086	0.956	0.137	1.284	1.040	1.018	0.123	1.410	1.279	1.180	0.130	1.220	1.112	0.928	0.138	1.281	0.975	1.043	0.138	1.397	1.285	1.109	0.130	1.385	0.994	0.885	0.136	1.338	1.014	1.020												
36:00:02													1.482	0.125	1.298	1.174	1.346	0.133	1.000	0.858	1.320	0.133	0.764	0.890	1.428	0.123	1.310	1.190	1.353	0.133	1.101	1.055	1.286	0.136	0.999	0.957	1.373	0.121	1.259	1.164	1.407	0.132	1.048	1.030	1.235	0.135	0.954	1.036	0.125	1.327	1.258	1.164	0.131	1.276	1.084	0.954	0.138	1.296	1.037	1.014	0.123	1.418	1.286	1.182	0.130	1.228	1.110	0.931	0.137	1.294	0.975	1.043	0.138	1.404	1.291	1.111	0.130	1.389	0.991	0.888	0.137	1.345	1.014	1.011												
36:20:02													1.491	0.125	1.300	1.170	1.346	0.133	0.998	0.858	1.322	0.132	0.763	0.888	1.430	0.123	1.318	1.192	1.357	0.133	1.100	1.055	1.289	0.138	0.998	0.954	1.379	0.121	1.260	1.167	1.409	0.132	1.056	1.028	1.234	0.135	0.953	1.033	0.125	1.335	1.259	1.164	0.131	1.282	1.082	0.952	0.137	1.299	1.040	1.013	0.123	1.425	1.295	1.184	0.130	1.235	1.105	0.919	0.137	1.309	0.974	1.040	0.138	1.413	1.293	1.112	0.130	1.392	0.988	0.889	0.138	1.352	1.013	0.998												
36:40:02													1.496	0.125	1.300	1.179	1.345	0.133	1.008	0.857	1.323	0.133	0.764	0.893	1.436	0.123	1.324	1.194	1.360	0.133	1.099	1.058	1.288	0.138	0.998	0.951	1.386	0.121	1.262	1.168	1.412	0.132	1.063	1.024	1.233	0.136	0.952	1.031	0.125	1.342	1.260	1.165	0.131	1.302	1.081	0.952	0.138	1.314	1.042	1.009	0.123	1.433	1.300	1.183	0.130	1.233	1.102	0.919	0.139	1.315	0.972	1.040	0.138	1.422	1.293	1.113	0.130	1.396	0.985	0.893	0.138	1.358	1.011	0.983												
37:00:02													1.502	0.125	1.300	1.181	1.344	0.133	1.018	0.852	1.326	0.133	0.763	0.893	1.444	0.123	1.332	1.192	1.361	0.133	1.097	1.082	1.301	0.135	0.997	0.946	1.390	0.121	1.264	1.166	1.414	0.132	1.068	1.021	1.246	0.136	0.950	1.030	0.125	1.349	1.259	1.169	0.131	1.313	1.083	0.946	0.137	1.325	1.045	1.005	0.123	1.440	1.305	1.186	0.130	1.255	1.101	0.923	0.138	1.323	0.972	1.042	0.138	1.428	1.293	1.111	0.130	1.399	0.982	0.893	0.137	1.362	1.009	0.970												
37:20:02													1.507	0.125	1.300	1.179	1.345	0.133	1.026	0.847	1.328	0.132	0.764	0.936	1.450	0.123	1.336	1.194	1.360	0.133	1.098	1.077	1.308	0.136	0.997	0.944	1.395	0.121	1.265	1.167	1.416	0.132	1.072	1.019	1.253	0.136	0.949	1.028	0.125	1.356	1.261	1.174	0.131	1.321	1.083	0.945	0.138	1.333	1.048	1.001	0.123	1.448	1.307	1.186	0.130	1.255	1.103	0.919	0.138	1.331	0.970	1.053	0.138	1.437	1.295	1.112	0.130	1.400	0.979	0.888	0.137	1.365	1.008	0.965												
37:40:02													1.513	0.125	1.295	1.183	1.347	0.133	1.021	0.845	1.330	0.133	0.765	0.923	1.460	0.123	1.341	1.194	1.361	0.134	1.104	1.068	1.314	0.137	0.999	0.940	1.403	0.121	1.268	1.172	1.416	0.132	1.077	1.019	1.266	0.136	0.948	1.027	0.125	1.365	1.263	1.176	0.131	1.327	1.083	0.943	0.138	1.341	1.054	0.998	0.123	1.456	1.311	1.189	0.130	1.265	1.103	0.914	0.138	1.344	0.970	1.044	0.139	1.446	1.297	1.108	0.130	1.400	0.979	0.884	0.138	1.370	1.005	0.963												
38:00:02													1.518	0.125	1.279	1.186	1.351	0.133	1.018	0.839	1.329	0.133	0.763	0.908	1.466	0.123	1.343	1.195	1.361	0.134	1.112	1.070	1.318	0.138	0.999	0.938	1.407	0.121	1.269	1.170	1.414	0.132	1.079	1.018	1.272	0.136	0.947	1.024	0.125	1.373	1.267	1.175	0.131	1.340	1.083	0.947	0.138	1.352	1.057	0.994	0.123	1.464	1.311	1.190	0.130	1.271	1.102	0.910	0.138	1.350	0.969	1.048	0.138	1.454	1.298	1.098	0.130	1.399	0.976	0.880	0.137	1.371	1.000	0.973												
38:20:02													1.520	0.125	1.257	1.188	1.353	0.133	1.009	0.839	1.326	0.133	0.764	0.907	1.473	0.123	1.343	1.201	1.360	0.134	1.109	1.073	1.322	0.138	0.999	0.936	1.412	0.122	1.271	1.171	1.409	0.132	1.081	1.017	1.280	0.136	0.945	1.019	0.125	1.380	1.271	1.178	0.131	1.347	1.084	0.943	0.138	1.359	1.058	0.993	0.123	1.472	1.311	1.192	0.130	1.287	1.104	0.899	0.139	1.356	0.968	1.048	0.138	1.461	1.300	1.087	0.130	1.396	0.974	0.875	0.138	1.369	0.996	0.979												
38:40:02													1.523	0.125	1.232	1.191	1.358	0.133	1.007	0.837	1.323	0.133	0.764	0.898	1.477	0.123	1.342	1.201	1.362	0.134	1.102	1.042	1.326	0.140	0.999	0.931	1.418	0.122	1.271	1.174	1.406	0.132	1.082	1.019	1.286	0.136	0.944	1.016	0.125	1.388	1.273	1.177	0.131	1.359	1.086	0.944	0.137	1.366	1.060	0.989	0.123	1.479	1.310	1.194	0.130	1.293	1.105	0.901	0.139	1.368	0.966	1.042	0.138	1.468	1.300	1.079	0.130	1.396	0.971	0.871	0.138	1.364	0.993	0.992												
39:00:02													1.524	0.125	1.216	1.190	1.362	0.133	1.004	0.836	1.323	0.133	0.763	0.874	1.484	0.123	1.341	1.202	1.365	0.134	1.095	1.062	1.330	0.138	1.000	0.929	1.422	0.122	1.270	1.179	1.406	0.132	1.082	1.017	1.290	0.136	0.943	1.014	0.125	1.395	1.279	1.178	0.131	1.371	1.089	0.940	0.138	1.373	1.060	0.985	0.123	1.486	1.311	1.197	0.130	1.313	1.105	0.903	0.139	1.375	0.966	1.028	0.138	1.477	1.297	1.073	0.130	1.395	0.970	0.867	0.138	1.361	0.990	0.992												
39:20:02													1.526	0.125	1.210	1.195	1.369	0.133	1.004	0.820	1.329	0.132	0.764	0.849	1.492	0.123	1.342	1.207	1.368	0.133	1.091	1.061	1.334	0.137	0.995	0.924	1.429	0.122	1.273	1.184	1.410	0.132	1.083	1.017	1.290	0.136	0.942	1.011	0.125	1.405	1.287	1.184	0.131	1.379	1.091	0.937	0.138	1.378	1.047	0.980	0.123	1.495	1.315	1.202	0.130	1.316	1.098	0.911	0.139	1.380	0.961	1.005	0.136	1.485	1.292	1.074	0.130	1.394	0.967	0.863	0.137	1.359	0.987	0.989												
39:40:02													1.526	0.125	1.202	1.188	1.374	0.133	0.999	0.822	1.334	0.133	0.763	0.871	1.494	0.123	1.340	1.206	1.368	0.134	1.092	1.057	1.332	0.139	0.998	0.922	1.427	0.122	1.270	1.176	1.411	0.132	1.084	1.014	1.293	0.136	0.941	1.010	0.125	1.409	1.289	1.182	0.131	1.386	1.090	0.933	0.139	1.383	1.036	0.979	0.123	1.500	1.315	1.200	0.130	1.320	1.095	0.899	0.140	1.385	0.964	1.010	0.138	1.493	1.282	1.063	0.130	1.395	0.964	0.855	0.139	1.360	0.986	0.983												
40:00:02													1.526	0.125	1.203	1.185	1.379	0.133	1.004	0.810	1.341	0.133	0.762	0.924	1.500	0.123	1.341	1.208	1.369	0.134	1.095	1.059	1.335	0.139	0.996	0.919	1.431	0.122	1.268	1.178	1.417	0.132	1.085	1.014	1.299	0.136	0.939	1.005	0.125	1.416	1.293	1.181	0.131	1.391	1.090	0.933	0.138	1.387	1.034	0.975	0.123	1.506	1.318	1.203	0.130	1.331	1.087	0.896	0.139	1.389	0.964	1.010	0.138	1.500	1.273	1.058	0.130	1.395	0.962	0.853	0.137	1.359	0.985	0.979												
40:20:02													1.527	0.125	1.206	1.180	1.384	0.133	0.997	0.810	1.348	0.133	0.761	0.870	1.507	0.123	1.342	1.210	1.371	0.134	1.097	1.065	1.337	0.139	0.992	0.915	1.433	0.122	1.269	1.184	1.423	0.132	1.084	1.009	1.304	0.136	0.938	1.006	0.125	1.422	1.296	1.183	0.131	1.397	1.090	0.930	0.138	1.391	1.045	0.972	0.123	1.513	1.321	1.205	0.130	1.334	1.080	0.907	0.139	1.392	0.966	1.003	0.139	1.508	1.267	1.057	0.130	1.394	0.960	0.847	0.137	1.358	0.984	0.974												
40:40:02													1.530	0.125	1.211	1.173	1.390	0.133	0.997	0.810	1.357	0.133	0.760	0.830	1.514	0.123	1.344	1.211	1.374	0.134	1.097	1.057	1.337	0.138	0.989	0.915	1.436	0.122	1.270	1.185	1.428	0.132	1.082	1.008	1.307	0.136	0.937	1.003	0.125	1.429	1.299	1.185	0.131	1.401	1.090	0.938	0.139	1.395	1.052	0.970	0.123	1.520	1.324	1.206	0.130	1.341	1.084	0.898	0.138	1.396	0.965	1.009	0.138	1.516	1.263	1.058	0.130	1.397	0.958	0.840	0.137	1.359	0.982	0.972												
41:00:02													1.530	0.125	1.215	1.165	1.392	0.133	0.991	0.803	1.359	0.133	0.760	0.826	1.520	0.123	1.346	1.214	1.378	0.134	1.106	1.082	1.339	0.138	0.986	0.914	1.435	0.122	1.271	1.185	1.435	0.132	1.082	1.017	1.313	0.137	0.936	1.002	0.125	1.435	1.300	1.184	0.131	1.405	1.090	0.945	0.139	1.399	1.056	0.966	0.123	1.527	1.326	1.207	0.130	1.344	1.093	0.892	0.139	1.399	0.963	0.997	0.138	1.524	1.260	1.059	0.130	1.400	0.956	0.836	0.137	1.360	0.980	0.970												
41:20:03													1.534	0.125	1.223	1.165	1.398	0.133	0.988	0.796	1.372	0.133	0.760	0.817	1.527	0.124	1.351	1.219	1.380	0.134	1.096	1.082	1.342	0.137	0.982	0.908	1.444	0.122	1.276	1.189	1.443	0.132	1.077	1.015	1.317	0.137	0.934	1.002	0.125	1.445	1.304	1.190	0.131	1.408	1.090	0.942	0.138	1.402	1.052	0.959	0.123	1.535	1.330	1.210	0.130	1.348	1.097	0.889	0.139	1.401	0.958	0.975	0.137	1.533	1.256	1.063	0.131	1.399	0.954	0.833	0.137	1.360	0.977	0.971												
41:40:03													1.532	0.125	1.227	1.150	1.399	0.133	0.984	0.792	1.376	0.133	0.761	0.814	1.530	0.124	1.352	1.218	1.378	0.134	1.100	1.081	1.342	0.138	0.984	0.906	1.442	0.122	1.279	1.186	1.449	0.132	1.077	1.019	1.321	0.137	0.934	1.001	0.125	1.449	1.302	1.189	0.131	1.411	1.089	0.947	0.138	1.405	1.055	0.959	0.123	1.540	1.324	1.204	0.130	1.351	1.097	0.891	0.139	1.403	0.961	0.996	0.139	1.540	1.245	1.063	0.130	1.403	0.951	0.828	0.139	1.364	0.974	0.967												
42:00:03													1.535	0.125	1.231	1.144	1.402	0.133	0.981	0.787	1.380	0.134	0.762	0.840	1.534	0.124	1.355	1.220	1.377	0.134	1.096	1.079	1.344	0.138	0.983	0.904	1.450	0.122	1.281	1.189	1.455	0.132	1.075	1.017	1.326	0.137	0.932	1.001	0.125	1.455	1.304	1.190	0.131	1.413	1.091	0.942	0.138	1.408	1.051	0.953	0.123	1.547	1.321	1.201	0.130	1.358	1.096	0.885	0.139	1.405	0.958	0.981	0.139	1.547	1.237	1.067	0.130	1.405	0.948	0.822	0.136	1.366	0.971	0.961												
42:20:03													1.534	0.125	1.236	1.138	1.403	0.133	0.977	0.782	1.383	0.133	0.762	0.964	1.538	0.124	1.357	1.220	1.376	0.134	1.098	1.051	1.346	0.140	0.980	0.901	1.460	0.122	1.287	1.189	1.461	0.132	1.073	1.027	1.327	0.136	0.931	1.001	0.125	1.460	1.306	1.192	0.131	1.416	1.091	0.936	0.138	1.410	1.051	0.951	0.123	1.553	1.316	1.198	0.130	1.365	1.097	0.881	0.140	1.408	0.957	0.978	0.139	1.552	1.232	1.070	0.130	1.403	0.946	0.818	0.138	1.363	0.968	0.958												
42:40:03													1.536	0.126	1.240	1.133	1.404	0.133	0.972	0.779	1.387	0.133	0.762	0.857	1.541	0.124	1.357	1.220	1.374	0.134	1.101	1.086	1.350	0.138	0.977	0.898	1.466	0.122	1.292	1.190	1.466	0.132	1.075	1.027	1.329	0.137	0.931	1.001	0.125	1.466	1.308	1.194	0.131	1.418	1.094	0.950	0.139	1.413	1.054	0.950	0.123	1.559	1.309	1.196	0.130	1.370	1.091	0.880	0.138	1.407	0.956	0.986	0.139	1.556	1.231	1.072	0.130	1.405	0.945	0.813	0.138	1.366	0.966	0.953												
43:00:03													1.538	0.126	1.244	1.130	1.405	0.133	0.972	0.777	1.389	0.133	0.762	0.852	1.544	0.124	1.357	1.220	1.371	0.134	1.099	1.076	1.349	0.138	0.978	0.894	1.472	0.122	1.296	1.192	1.472	0.132	1.071	1.035	1.331	0.137	0.930	1.000	0.125	1.472	1.310	1.196	0.131	1.421	1.099	0.930	0.139	1.415	1.056	0.948	0.123	1.565	1.303	1.193	0.130	1.375	1.083	0.880	0.140	1.406	0.955	0.997	0.139	1.563	1.231	1.076	0.130	1.402	0.944	0.811	0.139	1.369	0.963	0.950												
43:20:03													1.540	0.126	1.246	1.128	1.405	0.133	0.967	0.775	1.392	0.133	0.761	0.875	1.546	0.124	1.355	1.220	1.371	0.134	1.100	1.065	1.352	0.138	0.978	0.896	1.478	0.122	1.298	1.193	1.478	0.132	1.069	1.031	1.332	0.137	0.929	0.999	0.125	1.478	1.311	1.197	0.131	1.422	1.089	0.964	0.138	1.418	1.054	0.944	0.123	1.570	1.294	1.189	0.130	1.375	1.076	0.879	0.139	1.405	0.953	0.993	0.139	1.566	1.233	1.079	0.130	1.406	0.938	0.806	0.139	1.371	0.961	0.948												
43:40:03													1.543	0.126	1.247	1.128	1.407	0.133	0.964	0.773	1.395	0.134	0.758	0.965	1.548	0.124	1.351	1.219	1.373	0.134	1.093	1.059	1.354	0.140	0.978	0.896	1.483	0.122	1.300	1.194	1.484	0.132	1.066	1.044	1.333	0.137	0.927	0.998	0.125	1.484	1.313	1.199	0.131	1.422	1.098	0.951	0.139	1.420	1.049	0.941	0.123	1.576	1.286	1.184	0.130	1.375	1.073	0.879	0.140	1.404	0.953	0.977	0.139	1.575	1.235	1.083	0.130	1.402	0.934	0.805	0.138	1.369	0.960	0.944												
44:00:03													1.545	0.126	1.246	1.128	1.408	0.133	0.961	0.770	1.396	0.133	0.758	0.991	1.551	0.124	1.346	1.218	1.373	0.134	1.095	1.050	1.354	0.140	0.979	0.889	1.488	0.122	1.300	1.195	1.488	0.132	1.070	1.016	1.333	0.137	0.926	0.997	0.125	1.490	1.315	1.201	0.131	1.422	1.091	0.938	0.138	1.422	1.047	0.938	0.123	1.580	1.280	1.179	0.130	1.376	1.070	0.874	0.139	1.402	0.951	0.984	0.139	1.577	1.236	1.086	0.130	1.401	0.934	0.800	0.138	1.369	0.957	0.944												
44:20:03													1.550	0.126	1.247	1.133	1.408	0.133	0.960	0.765	1.397	0.133	0.756	0.921	1.555	0.124	1.347	1.221	1.377	0.134	1.091	1.050	1.352	0.139	0.976	0.881	1.495	0.122	1.302	1.200	1.494	0.132	1.064	1.016	1.335	0.137	0.924	0.998	0.125	1.497	1.319	1.205	0.131	1.419	1.092	0.966	0.139	1.423	1.039	0.933	0.123	1.586	1.281	1.184	0.130	1.375	1.079	0.870	0.140	1.400	0.946	0.988	0.137	1.583	1.238	1.090	0.131	1.398	0.929	0.797	0.138	1.370	0.957	0.942												
44:40:03													1.553	0.126	1.244	1.132	1.407	0.133	0.961	0.762	1.395	0.133	0.757	0.862	1.554	0.124	1.336	1.217	1.376	0.134	1.094	1.031	1.351	0.139	0.979	0.882	1.496	0.122	1.300	1.198	1.496	0.132	1.065	1.010	1.335	0.137	0.923	0.997	0.125	1.501	1.314	1.202	0.131	1.418	1.089	0.928	0.139	1.424	1.045	0.933	0.123	1.590	1.270	1.170	0.130	1.374	1.076	0.868	0.140	1.402	0.955	0.988	0.139	1.591	1.237	1.091	0.130	1.398	0.926	0.793	0.138	1.367	0.957	0.946												
45:00:03													1.558	0.126	1.243	1.136	1.406	0.133	0.959	0.761	1.394	0.134	0.756	0.873	1.556	0.124	1.330	1.216	1.377	0.134	1.090	1.022	1.352	0.138	0.979	0.880	1.502	0.122	1.300	1.200	1.500	0.132	1.068	1.018	1.336	0.137	0.921	1.001	0.125	1.507	1.313	1.201	0.131	1.418	1.079	0.968	0.139	1.424	1.046	0.931	0.123	1.593	1.266	1.166	0.130	1.373	1.076	0.865	0.141	1.402	0.961	0.979	0.139	1.592	1.237	1.094	0.130	1.396	0.924	0.789	0.139	1.368	0.952	0.946												
45:20:03													1.561	0.126	1.242	1.138	1.408	0.133	0.959	0.757	1.395	0.133	0.753	0.887	1.558	0.124	1.324	1.216	1.378	0.134	1.089	1.026	1.351	0.138	0.978	0.879	1.506	0.122	1.301	1.201	1.502	0.132	1.065	1.009	1.337	0.137	0.920	1.002	0.125	1.513	1.309	1.201	0.131	1.418	1.079	0.943	0.138	1.424	1.046	0.928	0.123	1.600	1.263	1.162	0.130	1.372	1.076	0.857	0.141	1.403	0.965	0.964	0.139	1.593	1.237	1.097	0.130	1.393	0.922	0.784	0.138	1.367	0.950	0.950												
45:40:03													1.567	0.126	1.240	1.141	1.410	0.133	0.941	0.755	1.395	0.134	0.751	0.926	1.560	0.124	1.319	1.216	1.381	0.134	1.094	1.018	1.353	0.138	0.976	0.882	1.512	0.122	1.304	1.203	1.505	0.132	1.065	1.015	1.339	0.137	0.919	1.002	0.125	1.520	1.306	1.201	0.131	1.419	1.084	0.954	0.138	1.423	1.047	0.926	0.123	1.607	1.263	1.159	0.130	1.371	1.070	0.851	0.140	1.405	0.957	0.972	0.139	1.597	1.237	1.099	0.130	1.393	0.931	0.778	0.139	1.364	0.950	0.941												
46:00:03													1.572	0.126	1.239	1.143	1.409	0.133	0.942	0.755	1.393	0.133	0.751	0.860	1.560	0.124	1.315	1.214	1.382	0.134	1.094	1.015	1.356	0.140	0.973	0.885	1.517	0.122	1.305	1.203	1.506	0.132	1.066	1.013	1.340	0.137	0.918	1.003	0.125	1.526	1.300	1.201	0.131	1.420	1.090	0.941	0.138	1.423	1.046	0.925	0.123	1.613	1.261	1.156	0.130	1.371	1.076	0.844	0.140	1.404	0.956	0.944	0.139	1.608	1.237	1.101	0.130	1.397	0.916	0.774	0.139	1.362	0.949	0.933												
46:20:03													1.579	0.126	1.242	1.150	1.413	0.133	0.944	0.751	1.396	0.133	0.749	0.899	1.565	0.124	1.320	1.218	1.387	0.134	1.088	1.022	1.359	0.140	0.969	0.880	1.526	0.122	1.311	1.209	1.511	0.132	1.069	1.059	1.343	0.137	0.917	0.997	0.126	1.536	1.304	1.205	0.132	1.421	1.085	0.931	0.140	1.424	1.041	0.922	0.123	1.618	1.267	1.162	0.130	1.371	1.062	0.844	0.141	1.409	0.942	0.941	0.137	1.611	1.240	1.107	0.131	1.398	0.928	0.773	0.139	1.357	0.949	0.927												
46:40:03													1.580	0.126	1.238	1.150	1.412	0.133	0.937	0.746	1.393	0.134	0.750	0.910	1.563	0.124	1.313	1.211	1.388	0.134	1.086	1.018	1.358	0.139	0.969	0.880	1.527	0.122	1.310	1.204	1.507	0.132	1.064	1.047	1.343	0.137	0.916	0.995	0.125	1.540	1.290	1.200	0.131	1.421	1.077	0.945	0.140	1.425	1.044	0.921	0.124	1.622	1.266	1.155	0.130	1.372	1.059	0.840	0.139	1.409	0.952	0.938	0.139	1.615	1.238	1.107	0.131	1.401	0.924	0.770	0.139	1.357	0.944	0.923												
47:00:03													1.583	0.126	1.238	1.153	1.412	0.133	0.933	0.790	1.392	0.134	0.749	0.904	1.564	0.124	1.310	1.208	1.389	0.134	1.085	1.012	1.360	0.138	0.966	0.880	1.530	0.122	1.311	1.203	1.505	0.132	1.064	1.008	1.345	0.138	0.914	1.002	0.125	1.546	1.285	1.199	0.131	1.423	1.078	0.944	0.139	1.425	1.042	0.920	0.124	1.626	1.266	1.155	0.130	1.374	1.057	0.835	0.141	1.412	0.944	0.928	0.139	1.619	1.237	1.108	0.131	1.404	0.923	0.764	0.139	1.357	0.942	0.920												
47:20:03													1.586	0.126	1.237	1.156	1.413	0.133	0.930	0.812	1.393	0.134	0.748	1.060	1.565	0.124	1.308	1.204	1.390	0.134	1.080	1.085	1.360	0.138	0.963	0.879	1.534	0.122	1.314	1.204	1.505	0.132	1.065	1.005	1.347	0.137	0.912	1.001	0.126	1.553	1.279	1.197	0.131	1.426	1.069	0.927	0.138	1.427	1.040	0.920	0.124	1.630	1.269	1.155	0.130	1.375	1.063	0.833	0.141	1.412	0.954	0.927	0.139	1.623	1.237	1.110	0.131	1.407	0.920	0.762	0.139	1.357	0.938	0.917												
47:40:03													1.592	0.126	1.239	1.159	1.418	0.133	0.936	0.818	1.394	0.134	0.747	0.993	1.569	0.124	1.307	1.207	1.393	0.134	1.057	1.003	1.361	0.139	0.958	0.873	1.538	0.122	1.318	1.208	1.507	0.132	1.062	1.002	1.348	0.138	0.910	1.001	0.126	1.560	1.282	1.201	0.132	1.424	1.064	0.930	0.139	1.426	1.032	0.915	0.123	1.635	1.274	1.159	0.130	1.377	1.050	0.825	0.139	1.411	0.948	0.914	0.137	1.625	1.238	1.114	0.131	1.409	0.914	0.756	0.139	1.354	0.935	0.905												
48:00:03													1.594	0.126	1.235	1.159	1.418	0.133	0.932	0.807	1.393	0.134	0.748	0.896	1.567	0.124	1.302	1.199	1.393	0.134	1.057	0.998	1.359	0.140	0.958	0.872	1.539	0.122	1.317	1.204	1.502	0.132	1.065	1.007	1.349	0.137	0.909	0.999	0.126	1.564	1.270	1.194	0.131	1.425	1.063	0.930	0.138	1.429	1.032	0.914	0.124	1.638	1.280	1.157	0.130	1.379	1.047	0.821	0.140	1.412	0.955	0.920	0.139	1.627	1.234	1.113	0.131	1.412	0.909	0.752	0.139	1.357	0.934	0.899												

