Field Group

Plate Comment:	
Procedure Summary
  Plate Type:              Corning 96 well for LogPhase600
  Plate Number:            2
  Discontinuous Kinetics:  Runtime 02:00:00 (D:HH:MM), Interval 00:20:00 (HH:MM:SS), 145 Reads (max)
  Read:                    600 nm
  Incubator:               On
    Temperature setpoint:  30 °C
    Temperature gradient:  Off
  Shaking:                 On
     Shaking frequency:    600 RPMs		
			
			

600

Time	A1	A2	A3	A4	A5	A6	A7	A8	A9	A10	A11	A12	B1	B2	B3	B4	B5	B6	B7	B8	B9	B10	B11	B12	C1	C2	C3	C4	C5	C6	C7	C8	C9	C10	C11	C12	D1	D2	D3	D4	D5	D6	D7	D8	D9	D10	D11	D12	E1	E2	E3	E4	E5	E6	E7	E8	E9	E10	E11	E12	F1	F2	F3	F4	F5	F6	F7	F8	F9	F10	F11	F12	G1	G2	G3	G4	G5	G6	G7	G8	G9	G10	G11	G12	H1	H2	H3	H4	H5	H6	H7	H8	H9	H10	H11	H12
0:00:00													0.121	0.122	0.121	0.122	0.133	0.131	0.149	0.129	0.129	0.127	0.136	0.127	0.122	0.123	0.123	0.121	0.128	0.129	0.127	0.109	0.096	0.127	0.162	0.130	0.124	0.124	0.120	0.089	0.123	0.127	0.132	0.134	0.135	0.125	0.134	0.133	0.122	0.088	0.121	0.117	0.126	0.131	0.096	0.132	0.110	0.104	0.096	0.131	0.123	0.121	0.120	0.125	0.136	0.127	0.098	0.123	0.099	0.106	0.131	0.132	0.124	0.120	0.124	0.119	0.128	0.129	0.128	0.127	0.130	0.129	0.132	0.131												
0:20:00													0.121	0.123	0.121	0.122	0.133	0.131	0.159	0.129	0.129	0.127	0.140	0.127	0.122	0.123	0.123	0.121	0.128	0.129	0.128	0.109	0.097	0.127	0.187	0.130	0.124	0.123	0.110	0.088	0.111	0.127	0.133	0.134	0.135	0.122	0.138	0.133	0.122	0.087	0.121	0.115	0.143	0.130	0.097	0.132	0.109	0.103	0.096	0.132	0.121	0.121	0.120	0.124	0.141	0.127	0.099	0.123	0.099	0.106	0.134	0.132	0.124	0.119	0.124	0.119	0.128	0.129	0.128	0.126	0.130	0.129	0.132	0.130												
0:40:00													0.121	0.124	0.121	0.121	0.133	0.131	0.172	0.129	0.132	0.127	0.146	0.127	0.122	0.123	0.123	0.121	0.128	0.129	0.129	0.109	0.097	0.127	0.215	0.131	0.124	0.123	0.108	0.088	0.110	0.102	0.133	0.134	0.137	0.117	0.142	0.134	0.122	0.087	0.114	0.114	0.169	0.131	0.098	0.132	0.109	0.097	0.096	0.132	0.121	0.122	0.121	0.124	0.148	0.127	0.100	0.123	0.099	0.105	0.137	0.133	0.124	0.119	0.125	0.119	0.128	0.129	0.130	0.126	0.130	0.130	0.133	0.130												
1:00:00													0.122	0.124	0.121	0.121	0.133	0.130	0.186	0.129	0.133	0.127	0.152	0.127	0.122	0.123	0.123	0.121	0.128	0.129	0.130	0.109	0.099	0.127	0.234	0.131	0.124	0.123	0.108	0.088	0.110	0.097	0.134	0.134	0.140	0.117	0.139	0.134	0.122	0.088	0.093	0.113	0.197	0.131	0.100	0.132	0.109	0.097	0.097	0.132	0.120	0.122	0.121	0.124	0.156	0.127	0.100	0.120	0.099	0.106	0.140	0.133	0.124	0.120	0.125	0.119	0.128	0.129	0.132	0.126	0.131	0.130	0.134	0.130												
1:20:00													0.122	0.125	0.122	0.122	0.133	0.131	0.197	0.130	0.135	0.127	0.159	0.128	0.122	0.123	0.123	0.121	0.128	0.129	0.132	0.109	0.100	0.127	0.252	0.132	0.125	0.123	0.108	0.089	0.110	0.096	0.136	0.134	0.142	0.116	0.139	0.134	0.122	0.089	0.090	0.113	0.229	0.131	0.100	0.132	0.109	0.097	0.098	0.132	0.120	0.123	0.122	0.125	0.163	0.128	0.101	0.119	0.099	0.106	0.144	0.133	0.124	0.120	0.125	0.119	0.128	0.130	0.133	0.126	0.131	0.131	0.135	0.130												
1:40:00													0.123	0.126	0.123	0.122	0.134	0.131	0.206	0.130	0.137	0.127	0.165	0.128	0.123	0.123	0.123	0.121	0.128	0.129	0.134	0.109	0.102	0.127	0.269	0.132	0.125	0.123	0.107	0.089	0.110	0.096	0.139	0.134	0.144	0.115	0.140	0.135	0.122	0.089	0.091	0.113	0.257	0.131	0.104	0.132	0.109	0.098	0.098	0.132	0.121	0.124	0.123	0.125	0.171	0.128	0.102	0.119	0.099	0.107	0.146	0.133	0.124	0.121	0.126	0.120	0.128	0.130	0.135	0.126	0.131	0.131	0.136	0.131												
2:00:00													0.123	0.126	0.124	0.122	0.134	0.130	0.209	0.130	0.135	0.127	0.171	0.128	0.123	0.123	0.123	0.121	0.129	0.128	0.134	0.108	0.104	0.127	0.286	0.132	0.126	0.123	0.106	0.089	0.110	0.096	0.141	0.134	0.147	0.115	0.142	0.135	0.122	0.089	0.092	0.113	0.283	0.132	0.107	0.132	0.110	0.098	0.099	0.132	0.121	0.125	0.124	0.125	0.176	0.129	0.104	0.118	0.099	0.107	0.149	0.133	0.124	0.121	0.126	0.120	0.128	0.130	0.136	0.126	0.131	0.131	0.137	0.130												
2:20:00													0.124	0.126	0.125	0.122	0.135	0.130	0.221	0.130	0.134	0.127	0.178	0.128	0.124	0.123	0.124	0.121	0.129	0.128	0.137	0.108	0.105	0.127	0.298	0.133	0.126	0.123	0.108	0.089	0.112	0.097	0.142	0.134	0.147	0.113	0.142	0.136	0.122	0.089	0.093	0.113	0.303	0.132	0.108	0.132	0.108	0.099	0.100	0.132	0.121	0.126	0.126	0.125	0.178	0.129	0.108	0.118	0.099	0.108	0.147	0.133	0.124	0.122	0.127	0.120	0.128	0.131	0.139	0.126	0.131	0.132	0.139	0.131												
2:40:00													0.125	0.126	0.126	0.122	0.137	0.130	0.229	0.130	0.137	0.127	0.184	0.129	0.125	0.123	0.125	0.121	0.129	0.129	0.140	0.108	0.106	0.127	0.309	0.133	0.127	0.123	0.110	0.089	0.113	0.097	0.143	0.134	0.150	0.112	0.144	0.136	0.122	0.090	0.095	0.112	0.318	0.133	0.110	0.132	0.107	0.099	0.103	0.133	0.121	0.126	0.129	0.126	0.181	0.129	0.110	0.118	0.099	0.109	0.150	0.133	0.124	0.122	0.129	0.121	0.128	0.131	0.144	0.126	0.132	0.133	0.141	0.131												
3:00:00													0.128	0.127	0.131	0.122	0.140	0.130	0.219	0.131	0.136	0.127	0.176	0.129	0.127	0.123	0.128	0.121	0.130	0.129	0.141	0.107	0.109	0.127	0.330	0.133	0.129	0.123	0.110	0.090	0.111	0.096	0.145	0.135	0.152	0.111	0.143	0.136	0.122	0.091	0.097	0.112	0.327	0.135	0.113	0.132	0.108	0.100	0.105	0.134	0.120	0.128	0.133	0.126	0.205	0.130	0.113	0.118	0.099	0.109	0.157	0.134	0.124	0.124	0.132	0.121	0.128	0.132	0.148	0.126	0.131	0.133	0.143	0.131												
3:20:00													0.130	0.127	0.129	0.122	0.143	0.130	0.239	0.131	0.139	0.127	0.193	0.129	0.129	0.123	0.129	0.121	0.131	0.129	0.143	0.108	0.112	0.127	0.328	0.134	0.132	0.123	0.114	0.090	0.114	0.097	0.147	0.134	0.155	0.111	0.146	0.136	0.122	0.090	0.100	0.112	0.342	0.134	0.116	0.132	0.105	0.100	0.107	0.133	0.121	0.128	0.138	0.125	0.189	0.129	0.117	0.119	0.099	0.110	0.150	0.134	0.123	0.122	0.135	0.121	0.128	0.133	0.151	0.126	0.131	0.134	0.145	0.131												
3:40:00													0.133	0.127	0.133	0.123	0.150	0.130	0.245	0.131	0.145	0.127	0.200	0.129	0.132	0.123	0.131	0.121	0.133	0.129	0.147	0.109	0.115	0.127	0.336	0.134	0.135	0.123	0.116	0.091	0.116	0.097	0.149	0.134	0.159	0.110	0.147	0.135	0.122	0.091	0.105	0.112	0.352	0.136	0.122	0.132	0.105	0.101	0.109	0.134	0.121	0.128	0.144	0.127	0.192	0.130	0.123	0.118	0.099	0.111	0.153	0.134	0.123	0.123	0.140	0.121	0.128	0.132	0.158	0.126	0.131	0.133	0.147	0.131												
4:00:00													0.136	0.127	0.137	0.123	0.158	0.130	0.251	0.131	0.150	0.127	0.205	0.130	0.137	0.123	0.136	0.121	0.136	0.130	0.152	0.109	0.120	0.127	0.344	0.134	0.140	0.123	0.121	0.091	0.119	0.097	0.154	0.134	0.165	0.109	0.150	0.137	0.122	0.091	0.109	0.112	0.362	0.137	0.130	0.132	0.104	0.102	0.110	0.134	0.121	0.129	0.152	0.127	0.195	0.131	0.134	0.119	0.099	0.113	0.158	0.135	0.123	0.124	0.147	0.122	0.128	0.134	0.169	0.126	0.131	0.135	0.148	0.131												
4:20:00													0.139	0.127	0.143	0.123	0.169	0.130	0.258	0.131	0.164	0.127	0.210	0.130	0.143	0.123	0.145	0.121	0.139	0.132	0.160	0.109	0.128	0.127	0.353	0.137	0.144	0.123	0.125	0.092	0.124	0.097	0.161	0.135	0.174	0.108	0.154	0.137	0.122	0.092	0.115	0.112	0.371	0.137	0.144	0.132	0.104	0.103	0.113	0.134	0.121	0.131	0.162	0.128	0.198	0.133	0.151	0.119	0.099	0.115	0.161	0.135	0.123	0.125	0.156	0.123	0.128	0.136	0.185	0.127	0.131	0.137	0.150	0.132												
4:40:00													0.142	0.128	0.151	0.124	0.184	0.130	0.265	0.132	0.178	0.127	0.212	0.130	0.150	0.123	0.154	0.122	0.144	0.134	0.174	0.110	0.143	0.127	0.361	0.137	0.151	0.123	0.129	0.092	0.131	0.097	0.172	0.135	0.189	0.108	0.161	0.137	0.122	0.095	0.121	0.113	0.380	0.138	0.163	0.130	0.103	0.105	0.116	0.137	0.121	0.132	0.175	0.130	0.203	0.135	0.171	0.119	0.099	0.117	0.165	0.136	0.123	0.126	0.167	0.124	0.128	0.138	0.208	0.127	0.131	0.139	0.155	0.133												
5:00:00													0.148	0.128	0.159	0.124	0.200	0.130	0.276	0.132	0.193	0.128	0.224	0.132	0.158	0.123	0.165	0.122	0.150	0.137	0.193	0.110	0.159	0.127	0.367	0.136	0.158	0.123	0.135	0.095	0.141	0.097	0.190	0.135	0.207	0.107	0.173	0.137	0.122	0.097	0.129	0.114	0.387	0.139	0.186	0.130	0.104	0.107	0.122	0.136	0.121	0.133	0.193	0.130	0.204	0.139	0.202	0.119	0.099	0.118	0.168	0.137	0.123	0.128	0.181	0.124	0.128	0.141	0.242	0.127	0.132	0.142	0.161	0.134												
5:20:00													0.154	0.128	0.170	0.125	0.229	0.130	0.290	0.133	0.210	0.128	0.234	0.133	0.169	0.123	0.181	0.122	0.160	0.143	0.217	0.110	0.179	0.127	0.370	0.138	0.168	0.123	0.143	0.095	0.152	0.097	0.209	0.135	0.222	0.106	0.189	0.138	0.122	0.099	0.142	0.114	0.392	0.140	0.212	0.130	0.104	0.109	0.129	0.138	0.121	0.134	0.212	0.131	0.207	0.143	0.235	0.119	0.099	0.124	0.173	0.138	0.123	0.129	0.200	0.126	0.128	0.145	0.274	0.128	0.132	0.143	0.169	0.135												
5:40:00													0.163	0.128	0.186	0.126	0.260	0.131	0.301	0.134	0.227	0.128	0.245	0.133	0.184	0.123	0.200	0.122	0.174	0.151	0.241	0.112	0.197	0.127	0.367	0.139	0.182	0.123	0.153	0.095	0.169	0.098	0.236	0.136	0.240	0.105	0.209	0.138	0.122	0.100	0.159	0.114	0.398	0.141	0.254	0.131	0.103	0.110	0.140	0.140	0.121	0.136	0.235	0.133	0.209	0.145	0.274	0.120	0.099	0.132	0.179	0.139	0.123	0.130	0.221	0.127	0.128	0.148	0.317	0.128	0.132	0.148	0.182	0.136												
6:00:00													0.177	0.128	0.205	0.127	0.291	0.130	0.320	0.135	0.245	0.128	0.253	0.135	0.204	0.123	0.219	0.123	0.192	0.163	0.280	0.112	0.217	0.127	0.361	0.138	0.201	0.123	0.168	0.097	0.189	0.098	0.273	0.136	0.258	0.104	0.229	0.140	0.122	0.102	0.177	0.116	0.404	0.141	0.296	0.132	0.103	0.114	0.153	0.141	0.121	0.138	0.263	0.136	0.211	0.151	0.324	0.121	0.099	0.134	0.189	0.140	0.123	0.133	0.241	0.130	0.128	0.153	0.371	0.129	0.132	0.152	0.198	0.137												
6:20:00													0.196	0.128	0.222	0.126	0.331	0.131	0.363	0.137	0.263	0.128	0.264	0.136	0.228	0.123	0.243	0.124	0.215	0.177	0.324	0.114	0.239	0.127	0.354	0.141	0.223	0.123	0.187	0.098	0.217	0.098	0.321	0.137	0.279	0.105	0.248	0.143	0.122	0.104	0.198	0.114	0.409	0.143	0.349	0.132	0.104	0.117	0.170	0.143	0.121	0.140	0.288	0.139	0.213	0.156	0.378	0.122	0.100	0.141	0.200	0.140	0.123	0.135	0.267	0.132	0.128	0.159	0.429	0.131	0.132	0.157	0.215	0.139												
6:40:00													0.220	0.129	0.245	0.128	0.379	0.131	0.416	0.138	0.277	0.128	0.268	0.138	0.249	0.123	0.270	0.125	0.247	0.198	0.382	0.114	0.257	0.127	0.340	0.140	0.244	0.123	0.204	0.100	0.251	0.098	0.372	0.137	0.296	0.105	0.265	0.145	0.122	0.106	0.225	0.117	0.416	0.144	0.393	0.134	0.106	0.120	0.187	0.144	0.121	0.142	0.319	0.141	0.216	0.164	0.428	0.123	0.100	0.152	0.213	0.141	0.123	0.136	0.292	0.134	0.128	0.165	0.467	0.131	0.132	0.163	0.233	0.143												
7:00:00													0.243	0.130	0.271	0.129	0.410	0.130	0.454	0.140	0.294	0.128	0.276	0.139	0.276	0.123	0.302	0.126	0.279	0.222	0.430	0.114	0.279	0.127	0.325	0.140	0.268	0.123	0.231	0.101	0.286	0.097	0.428	0.139	0.317	0.105	0.283	0.146	0.122	0.108	0.251	0.119	0.420	0.147	0.432	0.135	0.105	0.125	0.206	0.145	0.121	0.146	0.358	0.144	0.217	0.175	0.441	0.125	0.100	0.157	0.228	0.146	0.123	0.138	0.321	0.136	0.127	0.174	0.496	0.133	0.132	0.172	0.254	0.146												
7:20:00													0.266	0.130	0.294	0.131	0.438	0.131	0.490	0.141	0.311	0.128	0.290	0.139	0.304	0.123	0.332	0.127	0.314	0.250	0.471	0.117	0.303	0.127	0.323	0.141	0.294	0.124	0.258	0.102	0.330	0.098	0.460	0.141	0.343	0.105	0.309	0.147	0.122	0.112	0.281	0.120	0.423	0.150	0.444	0.135	0.105	0.130	0.222	0.147	0.121	0.150	0.403	0.147	0.218	0.187	0.463	0.125	0.100	0.170	0.241	0.149	0.123	0.141	0.360	0.138	0.128	0.186	0.507	0.137	0.132	0.182	0.268	0.150												
7:40:00													0.293	0.131	0.326	0.133	0.453	0.131	0.504	0.141	0.334	0.128	0.311	0.141	0.332	0.123	0.367	0.129	0.356	0.281	0.481	0.116	0.333	0.127	0.349	0.148	0.322	0.124	0.278	0.103	0.375	0.097	0.490	0.144	0.367	0.105	0.337	0.150	0.122	0.116	0.318	0.121	0.413	0.155	0.466	0.134	0.107	0.138	0.241	0.150	0.121	0.155	0.454	0.151	0.246	0.204	0.482	0.125	0.100	0.186	0.256	0.150	0.123	0.144	0.409	0.141	0.128	0.201	0.518	0.138	0.132	0.195	0.282	0.154												
8:00:00													0.317	0.130	0.371	0.134	0.463	0.131	0.518	0.142	0.353	0.128	0.337	0.141	0.365	0.123	0.410	0.131	0.396	0.321	0.498	0.117	0.362	0.127	0.385	0.146	0.356	0.124	0.308	0.104	0.407	0.098	0.512	0.142	0.386	0.104	0.381	0.151	0.122	0.121	0.363	0.121	0.429	0.162	0.482	0.135	0.106	0.148	0.264	0.153	0.121	0.162	0.510	0.155	0.222	0.222	0.502	0.126	0.099	0.206	0.272	0.157	0.123	0.147	0.466	0.143	0.127	0.219	0.532	0.139	0.133	0.214	0.301	0.163												
8:20:00													0.348	0.130	0.420	0.135	0.474	0.131	0.533	0.142	0.375	0.128	0.361	0.143	0.407	0.123	0.460	0.133	0.414	0.347	0.514	0.119	0.386	0.127	0.415	0.152	0.395	0.124	0.353	0.106	0.429	0.098	0.525	0.145	0.417	0.105	0.421	0.152	0.122	0.127	0.411	0.125	0.433	0.171	0.500	0.135	0.110	0.161	0.289	0.158	0.121	0.170	0.568	0.160	0.224	0.246	0.514	0.126	0.100	0.229	0.291	0.162	0.123	0.152	0.524	0.148	0.128	0.243	0.541	0.142	0.133	0.235	0.321	0.171												
8:40:00													0.392	0.130	0.472	0.136	0.485	0.131	0.544	0.143	0.391	0.128	0.388	0.146	0.466	0.123	0.516	0.135	0.427	0.360	0.530	0.120	0.403	0.128	0.451	0.158	0.462	0.124	0.399	0.108	0.450	0.098	0.538	0.146	0.446	0.104	0.456	0.157	0.122	0.135	0.462	0.128	0.437	0.183	0.516	0.136	0.111	0.177	0.315	0.165	0.121	0.180	0.613	0.167	0.227	0.269	0.524	0.128	0.100	0.252	0.310	0.166	0.123	0.158	0.581	0.153	0.128	0.265	0.554	0.142	0.132	0.257	0.346	0.183												
9:00:01													0.449	0.133	0.524	0.138	0.498	0.131	0.555	0.144	0.400	0.128	0.414	0.150	0.527	0.123	0.578	0.138	0.430	0.366	0.545	0.120	0.419	0.128	0.460	0.166	0.515	0.124	0.446	0.111	0.459	0.097	0.553	0.147	0.470	0.106	0.473	0.162	0.122	0.145	0.515	0.131	0.425	0.199	0.527	0.137	0.114	0.199	0.338	0.175	0.121	0.192	0.665	0.176	0.258	0.295	0.537	0.129	0.100	0.280	0.329	0.174	0.124	0.165	0.623	0.160	0.128	0.286	0.567	0.146	0.132	0.283	0.371	0.198												
9:20:01													0.508	0.132	0.576	0.140	0.506	0.131	0.566	0.146	0.417	0.128	0.425	0.155	0.579	0.123	0.624	0.141	0.430	0.369	0.561	0.123	0.436	0.128	0.474	0.174	0.562	0.124	0.499	0.115	0.477	0.098	0.567	0.148	0.489	0.105	0.486	0.168	0.122	0.156	0.558	0.135	0.445	0.217	0.540	0.140	0.112	0.221	0.356	0.185	0.121	0.206	0.755	0.186	0.232	0.328	0.554	0.132	0.100	0.303	0.345	0.182	0.123	0.173	0.682	0.168	0.127	0.318	0.578	0.149	0.132	0.313	0.396	0.211												
9:40:01													0.549	0.134	0.630	0.142	0.517	0.130	0.580	0.149	0.432	0.128	0.434	0.162	0.630	0.123	0.681	0.146	0.430	0.371	0.576	0.126	0.451	0.128	0.485	0.185	0.609	0.124	0.545	0.120	0.495	0.097	0.583	0.149	0.504	0.106	0.496	0.175	0.122	0.170	0.623	0.140	0.451	0.239	0.558	0.143	0.121	0.243	0.377	0.199	0.121	0.224	0.911	0.199	0.238	0.352	0.565	0.136	0.100	0.319	0.359	0.193	0.123	0.183	0.740	0.178	0.127	0.348	0.588	0.154	0.132	0.344	0.414	0.226												
10:00:01													0.582	0.134	0.691	0.145	0.525	0.131	0.594	0.152	0.451	0.128	0.446	0.172	0.701	0.123	0.757	0.150	0.434	0.373	0.593	0.129	0.472	0.128	0.502	0.203	0.680	0.124	0.598	0.126	0.510	0.097	0.601	0.152	0.523	0.105	0.506	0.186	0.122	0.187	0.784	0.145	0.453	0.263	0.573	0.147	0.125	0.271	0.399	0.213	0.121	0.246	0.958	0.213	0.236	0.366	0.577	0.140	0.100	0.329	0.369	0.210	0.123	0.195	0.874	0.191	0.127	0.361	0.597	0.159	0.132	0.350	0.422	0.241												
10:20:01													0.632	0.134	0.748	0.148	0.533	0.131	0.608	0.157	0.472	0.128	0.459	0.182	0.771	0.123	0.900	0.155	0.438	0.377	0.611	0.134	0.495	0.128	0.522	0.212	0.756	0.124	0.655	0.134	0.527	0.098	0.613	0.155	0.541	0.105	0.519	0.195	0.123	0.208	0.925	0.153	0.456	0.288	0.585	0.151	0.127	0.296	0.417	0.229	0.121	0.273	0.969	0.230	0.239	0.375	0.587	0.144	0.100	0.336	0.378	0.222	0.123	0.210	0.899	0.205	0.127	0.374	0.608	0.165	0.132	0.360	0.431	0.262												
10:40:01													0.698	0.135	0.859	0.152	0.542	0.131	0.620	0.163	0.495	0.128	0.475	0.194	0.884	0.123	0.956	0.162	0.444	0.380	0.626	0.139	0.515	0.128	0.539	0.228	0.876	0.124	0.758	0.143	0.542	0.098	0.624	0.159	0.560	0.105	0.533	0.206	0.123	0.234	0.956	0.162	0.460	0.314	0.595	0.156	0.137	0.311	0.435	0.247	0.121	0.303	0.980	0.248	0.241	0.387	0.598	0.149	0.100	0.344	0.388	0.238	0.123	0.227	0.920	0.220	0.127	0.385	0.618	0.173	0.133	0.372	0.441	0.275												
11:00:01													0.772	0.134	0.889	0.158	0.552	0.131	0.631	0.169	0.515	0.128	0.491	0.207	0.945	0.123	0.971	0.170	0.450	0.385	0.639	0.144	0.531	0.128	0.551	0.239	0.950	0.124	0.880	0.154	0.554	0.098	0.631	0.164	0.577	0.105	0.545	0.218	0.123	0.263	0.957	0.172	0.462	0.345	0.607	0.162	0.142	0.316	0.450	0.265	0.122	0.336	0.982	0.266	0.243	0.402	0.606	0.156	0.101	0.360	0.402	0.258	0.123	0.249	0.929	0.238	0.127	0.394	0.629	0.181	0.132	0.379	0.452	0.283												
11:20:01													0.887	0.136	0.898	0.164	0.564	0.131	0.642	0.175	0.533	0.128	0.504	0.223	0.973	0.123	0.982	0.178	0.456	0.390	0.651	0.150	0.549	0.128	0.562	0.245	0.976	0.124	0.912	0.168	0.567	0.098	0.641	0.170	0.592	0.105	0.557	0.230	0.123	0.294	0.964	0.183	0.468	0.364	0.619	0.168	0.156	0.327	0.464	0.273	0.122	0.379	0.980	0.279	0.246	0.419	0.613	0.163	0.100	0.380	0.417	0.262	0.124	0.276	0.932	0.256	0.127	0.403	0.641	0.189	0.132	0.384	0.466	0.290												
11:40:01													0.924	0.136	0.911	0.171	0.574	0.131	0.654	0.181	0.550	0.129	0.516	0.234	0.982	0.123	0.991	0.189	0.460	0.396	0.663	0.158	0.568	0.128	0.571	0.251	0.988	0.124	0.923	0.182	0.580	0.098	0.649	0.177	0.608	0.105	0.569	0.238	0.123	0.335	0.967	0.196	0.469	0.370	0.631	0.174	0.164	0.331	0.476	0.281	0.122	0.426	0.980	0.294	0.247	0.436	0.621	0.170	0.100	0.394	0.430	0.275	0.123	0.304	0.938	0.274	0.127	0.411	0.651	0.198	0.132	0.392	0.479	0.296												
12:00:01													0.953	0.136	0.914	0.180	0.585	0.131	0.666	0.188	0.566	0.129	0.528	0.240	0.995	0.123	0.999	0.201	0.466	0.401	0.677	0.165	0.587	0.128	0.579	0.255	1.000	0.124	0.936	0.201	0.595	0.098	0.658	0.184	0.623	0.105	0.581	0.243	0.123	0.382	0.974	0.210	0.473	0.376	0.641	0.182	0.170	0.350	0.489	0.285	0.122	0.469	0.984	0.308	0.248	0.451	0.629	0.177	0.100	0.414	0.442	0.281	0.123	0.336	0.946	0.289	0.127	0.419	0.659	0.202	0.132	0.399	0.492	0.296												
12:20:01													0.968	0.139	0.923	0.190	0.600	0.130	0.677	0.192	0.582	0.128	0.537	0.246	1.008	0.123	1.003	0.214	0.472	0.404	0.693	0.171	0.605	0.128	0.588	0.260	1.013	0.124	0.942	0.218	0.611	0.097	0.675	0.192	0.637	0.105	0.588	0.247	0.123	0.424	0.976	0.222	0.454	0.384	0.652	0.188	0.184	0.361	0.498	0.290	0.121	0.511	0.985	0.327	0.282	0.464	0.637	0.185	0.100	0.429	0.449	0.278	0.124	0.376	0.951	0.293	0.128	0.422	0.667	0.207	0.132	0.405	0.503	0.297												
12:40:01													0.983	0.136	0.924	0.201	0.608	0.131	0.687	0.195	0.598	0.129	0.547	0.249	1.015	0.123	1.006	0.229	0.477	0.408	0.706	0.178	0.620	0.128	0.596	0.260	1.020	0.124	0.950	0.235	0.626	0.098	0.680	0.199	0.650	0.105	0.600	0.249	0.123	0.466	0.983	0.228	0.483	0.389	0.657	0.197	0.198	0.379	0.514	0.295	0.122	0.555	0.984	0.341	0.253	0.478	0.646	0.189	0.100	0.446	0.458	0.282	0.124	0.420	0.953	0.324	0.128	0.429	0.671	0.210	0.133	0.410	0.515	0.300												
13:00:01													0.995	0.137	0.926	0.213	0.620	0.131	0.697	0.197	0.611	0.129	0.554	0.251	1.026	0.124	1.005	0.243	0.481	0.416	0.716	0.181	0.634	0.128	0.603	0.261	1.028	0.124	0.948	0.256	0.641	0.098	0.690	0.205	0.663	0.105	0.608	0.251	0.123	0.507	0.983	0.240	0.480	0.399	0.667	0.200	0.211	0.392	0.521	0.292	0.122	0.606	0.983	0.347	0.254	0.489	0.655	0.193	0.100	0.460	0.465	0.281	0.124	0.461	0.956	0.328	0.128	0.439	0.673	0.212	0.132	0.415	0.525	0.301												
13:20:01													1.001	0.138	0.931	0.226	0.631	0.131	0.706	0.198	0.622	0.129	0.561	0.253	1.031	0.124	1.010	0.254	0.486	0.421	0.723	0.186	0.648	0.128	0.609	0.261	1.035	0.124	0.943	0.266	0.656	0.098	0.701	0.210	0.673	0.105	0.614	0.252	0.123	0.559	0.981	0.259	0.485	0.415	0.674	0.204	0.228	0.403	0.530	0.294	0.122	0.671	0.985	0.350	0.256	0.499	0.664	0.195	0.100	0.477	0.472	0.280	0.124	0.500	0.955	0.329	0.127	0.457	0.677	0.212	0.132	0.420	0.533	0.303												
13:40:01													1.009	0.139	0.935	0.240	0.642	0.131	0.717	0.197	0.631	0.129	0.567	0.253	1.036	0.124	1.017	0.268	0.489	0.423	0.732	0.188	0.662	0.128	0.614	0.262	1.045	0.124	0.953	0.273	0.671	0.098	0.709	0.213	0.684	0.106	0.621	0.252	0.123	0.640	0.983	0.285	0.488	0.430	0.681	0.206	0.239	0.413	0.539	0.296	0.122	0.769	0.982	0.352	0.260	0.508	0.671	0.197	0.100	0.492	0.478	0.288	0.124	0.550	0.956	0.329	0.128	0.470	0.683	0.213	0.133	0.425	0.540	0.305												
14:00:01													1.014	0.140	0.938	0.252	0.651	0.131	0.730	0.197	0.643	0.129	0.572	0.254	1.044	0.124	1.020	0.291	0.492	0.429	0.738	0.187	0.674	0.128	0.618	0.263	1.056	0.124	0.953	0.283	0.683	0.098	0.715	0.215	0.693	0.105	0.626	0.252	0.123	0.746	0.982	0.290	0.489	0.446	0.686	0.208	0.249	0.423	0.545	0.295	0.122	0.819	0.980	0.355	0.261	0.519	0.680	0.197	0.100	0.510	0.483	0.284	0.124	0.591	0.957	0.328	0.128	0.485	0.690	0.213	0.132	0.431	0.546	0.307												
14:20:01													1.024	0.141	0.940	0.252	0.661	0.131	0.740	0.198	0.653	0.129	0.575	0.255	1.050	0.124	1.022	0.296	0.494	0.431	0.743	0.189	0.685	0.128	0.621	0.264	1.065	0.124	0.955	0.298	0.695	0.098	0.724	0.217	0.703	0.105	0.631	0.252	0.123	0.797	0.982	0.295	0.491	0.457	0.695	0.210	0.258	0.430	0.551	0.299	0.122	0.838	0.978	0.358	0.263	0.525	0.686	0.198	0.100	0.525	0.486	0.294	0.124	0.648	0.957	0.327	0.127	0.494	0.696	0.214	0.132	0.440	0.552	0.308												
14:40:01													1.038	0.141	0.945	0.267	0.671	0.131	0.750	0.197	0.663	0.129	0.580	0.256	1.058	0.124	1.022	0.298	0.497	0.432	0.748	0.190	0.696	0.128	0.625	0.265	1.073	0.124	0.959	0.297	0.705	0.097	0.732	0.219	0.715	0.105	0.636	0.252	0.123	0.818	0.980	0.296	0.493	0.467	0.700	0.211	0.266	0.436	0.557	0.299	0.122	0.851	0.980	0.361	0.264	0.534	0.693	0.198	0.100	0.540	0.490	0.294	0.124	0.737	0.957	0.327	0.127	0.509	0.702	0.214	0.132	0.456	0.558	0.306												
15:00:01													1.047	0.141	0.944	0.279	0.681	0.131	0.759	0.197	0.673	0.129	0.584	0.256	1.062	0.123	1.023	0.296	0.501	0.435	0.754	0.192	0.706	0.128	0.629	0.263	1.079	0.124	0.956	0.310	0.715	0.097	0.738	0.220	0.725	0.105	0.641	0.252	0.123	0.829	0.978	0.307	0.497	0.478	0.704	0.212	0.272	0.442	0.563	0.300	0.122	0.864	0.981	0.364	0.266	0.544	0.700	0.198	0.101	0.553	0.495	0.299	0.124	0.784	0.958	0.328	0.127	0.521	0.707	0.214	0.132	0.478	0.565	0.308												
15:20:01													1.054	0.141	0.944	0.278	0.689	0.131	0.767	0.198	0.684	0.129	0.588	0.257	1.067	0.123	1.021	0.295	0.504	0.438	0.759	0.192	0.715	0.128	0.632	0.265	1.083	0.124	0.955	0.327	0.722	0.097	0.742	0.222	0.733	0.105	0.646	0.251	0.123	0.841	0.976	0.315	0.500	0.488	0.708	0.213	0.275	0.447	0.568	0.303	0.122	0.877	0.982	0.367	0.266	0.555	0.706	0.199	0.100	0.564	0.499	0.300	0.123	0.801	0.958	0.329	0.128	0.538	0.713	0.214	0.133	0.494	0.571	0.309												
15:40:01													1.060	0.141	0.945	0.276	0.700	0.131	0.775	0.196	0.695	0.129	0.593	0.257	1.074	0.123	1.019	0.293	0.510	0.443	0.764	0.192	0.723	0.128	0.636	0.264	1.087	0.124	0.957	0.330	0.730	0.098	0.746	0.223	0.743	0.105	0.650	0.251	0.123	0.854	0.978	0.322	0.500	0.498	0.713	0.214	0.281	0.452	0.573	0.305	0.122	0.889	0.984	0.370	0.268	0.566	0.712	0.200	0.101	0.576	0.503	0.303	0.123	0.811	0.959	0.330	0.128	0.550	0.718	0.214	0.132	0.507	0.579	0.310												
16:00:01													1.066	0.141	0.946	0.274	0.707	0.131	0.784	0.198	0.704	0.130	0.598	0.257	1.079	0.123	1.019	0.294	0.515	0.448	0.768	0.193	0.733	0.128	0.640	0.264	1.093	0.124	0.959	0.335	0.737	0.098	0.752	0.225	0.752	0.105	0.655	0.252	0.123	0.864	0.982	0.327	0.503	0.504	0.718	0.215	0.300	0.454	0.579	0.309	0.122	0.900	0.985	0.371	0.269	0.577	0.718	0.202	0.101	0.585	0.508	0.313	0.124	0.822	0.961	0.330	0.127	0.560	0.723	0.215	0.132	0.521	0.593	0.312												
16:20:01													1.072	0.141	0.946	0.272	0.719	0.131	0.792	0.196	0.711	0.129	0.604	0.257	1.087	0.123	1.021	0.295	0.521	0.454	0.773	0.195	0.741	0.129	0.644	0.265	1.100	0.124	0.961	0.339	0.743	0.098	0.756	0.226	0.760	0.105	0.660	0.252	0.123	0.875	0.983	0.334	0.505	0.514	0.721	0.215	0.309	0.457	0.584	0.313	0.122	0.911	0.986	0.373	0.270	0.586	0.724	0.203	0.101	0.592	0.513	0.320	0.123	0.834	0.962	0.329	0.128	0.571	0.729	0.215	0.134	0.534	0.602	0.315												
16:40:01													1.078	0.142	0.947	0.272	0.718	0.131	0.801	0.198	0.711	0.129	0.608	0.258	1.094	0.123	1.021	0.295	0.526	0.458	0.778	0.195	0.749	0.128	0.650	0.264	1.108	0.124	0.962	0.342	0.749	0.098	0.757	0.227	0.767	0.105	0.666	0.252	0.123	0.886	0.984	0.338	0.506	0.525	0.727	0.216	0.316	0.462	0.592	0.317	0.122	0.923	0.988	0.374	0.273	0.595	0.729	0.205	0.101	0.601	0.518	0.325	0.124	0.846	0.963	0.329	0.128	0.580	0.735	0.214	0.134	0.545	0.609	0.317												
17:00:01													1.085	0.142	0.947	0.272	0.722	0.131	0.809	0.196	0.717	0.129	0.613	0.259	1.100	0.123	1.022	0.296	0.531	0.462	0.782	0.194	0.755	0.129	0.656	0.265	1.114	0.124	0.964	0.345	0.753	0.098	0.762	0.228	0.774	0.105	0.671	0.253	0.123	0.897	0.986	0.342	0.508	0.536	0.734	0.217	0.323	0.465	0.595	0.323	0.122	0.934	0.991	0.374	0.273	0.602	0.734	0.206	0.101	0.610	0.524	0.336	0.123	0.857	0.965	0.328	0.128	0.589	0.741	0.215	0.133	0.554	0.618	0.319												
17:20:01													1.092	0.142	0.947	0.272	0.729	0.131	0.818	0.197	0.729	0.130	0.618	0.259	1.107	0.123	1.023	0.297	0.536	0.465	0.785	0.194	0.761	0.129	0.665	0.267	1.121	0.124	0.965	0.347	0.759	0.098	0.768	0.229	0.782	0.105	0.676	0.255	0.123	0.909	0.987	0.344	0.509	0.547	0.739	0.218	0.329	0.467	0.600	0.328	0.122	0.946	0.992	0.374	0.274	0.610	0.740	0.206	0.101	0.618	0.530	0.342	0.123	0.868	0.966	0.328	0.128	0.597	0.747	0.215	0.133	0.562	0.624	0.321												
17:40:01													1.099	0.142	0.948	0.274	0.735	0.131	0.829	0.197	0.736	0.129	0.624	0.260	1.114	0.123	1.025	0.297	0.540	0.470	0.789	0.194	0.767	0.129	0.672	0.268	1.128	0.124	0.967	0.349	0.763	0.098	0.773	0.230	0.789	0.105	0.682	0.257	0.123	0.920	0.989	0.347	0.512	0.559	0.743	0.219	0.336	0.469	0.605	0.333	0.122	0.958	0.994	0.375	0.275	0.617	0.745	0.206	0.101	0.626	0.535	0.350	0.123	0.878	0.968	0.330	0.128	0.604	0.753	0.214	0.133	0.570	0.631	0.323												
18:00:01													1.105	0.146	0.950	0.274	0.744	0.131	0.837	0.197	0.745	0.130	0.626	0.261	1.120	0.123	1.027	0.297	0.546	0.474	0.793	0.193	0.770	0.129	0.675	0.270	1.136	0.124	0.969	0.354	0.769	0.097	0.779	0.231	0.792	0.105	0.682	0.257	0.123	0.934	0.991	0.350	0.491	0.567	0.746	0.218	0.343	0.470	0.606	0.332	0.122	0.971	0.996	0.377	0.310	0.624	0.749	0.206	0.101	0.629	0.537	0.356	0.123	0.891	0.971	0.331	0.128	0.612	0.759	0.215	0.134	0.576	0.634	0.325												
18:20:01													1.112	0.143	0.950	0.277	0.749	0.131	0.847	0.197	0.753	0.130	0.635	0.262	1.125	0.124	1.028	0.298	0.548	0.477	0.796	0.193	0.777	0.129	0.681	0.270	1.139	0.124	0.970	0.354	0.774	0.098	0.785	0.232	0.799	0.105	0.693	0.261	0.123	0.944	0.991	0.350	0.514	0.578	0.749	0.219	0.348	0.475	0.614	0.343	0.122	0.980	0.997	0.376	0.278	0.632	0.755	0.207	0.101	0.638	0.546	0.368	0.123	0.901	0.971	0.333	0.128	0.621	0.765	0.214	0.133	0.588	0.643	0.329												
18:40:01													1.118	0.143	0.952	0.279	0.755	0.131	0.858	0.198	0.759	0.130	0.640	0.264	1.130	0.123	1.030	0.298	0.552	0.481	0.800	0.193	0.783	0.129	0.684	0.273	1.143	0.124	0.971	0.356	0.779	0.098	0.790	0.234	0.802	0.105	0.698	0.264	0.123	0.954	0.993	0.351	0.516	0.586	0.752	0.220	0.350	0.478	0.619	0.349	0.122	0.990	0.998	0.377	0.280	0.640	0.760	0.207	0.101	0.645	0.552	0.378	0.123	0.913	0.972	0.334	0.128	0.629	0.770	0.214	0.133	0.596	0.650	0.331												
19:00:01													1.124	0.143	0.953	0.281	0.761	0.131	0.867	0.200	0.765	0.131	0.646	0.265	1.134	0.123	1.031	0.298	0.556	0.485	0.804	0.193	0.788	0.129	0.686	0.275	1.147	0.124	0.972	0.359	0.783	0.098	0.796	0.234	0.805	0.105	0.704	0.266	0.123	0.962	0.994	0.352	0.517	0.595	0.757	0.221	0.355	0.483	0.624	0.353	0.123	0.999	0.999	0.379	0.280	0.648	0.766	0.208	0.101	0.651	0.557	0.384	0.124	0.924	0.973	0.335	0.128	0.639	0.776	0.215	0.133	0.605	0.657	0.333												
19:20:01													1.130	0.144	0.954	0.283	0.767	0.131	0.877	0.201	0.772	0.131	0.651	0.266	1.138	0.124	1.032	0.300	0.557	0.488	0.807	0.195	0.797	0.129	0.691	0.278	1.151	0.124	0.974	0.362	0.788	0.098	0.800	0.235	0.809	0.105	0.710	0.273	0.123	0.971	0.994	0.349	0.528	0.603	0.760	0.224	0.361	0.489	0.634	0.369	0.123	1.008	1.001	0.381	0.280	0.655	0.771	0.208	0.101	0.656	0.564	0.405	0.124	0.935	0.976	0.337	0.128	0.638	0.782	0.216	0.134	0.613	0.664	0.336												
19:40:01													1.135	0.144	0.955	0.285	0.772	0.131	0.887	0.201	0.778	0.131	0.655	0.268	1.141	0.124	1.034	0.300	0.564	0.490	0.812	0.194	0.797	0.129	0.691	0.276	1.156	0.124	0.975	0.366	0.792	0.097	0.805	0.236	0.814	0.105	0.714	0.272	0.123	0.980	0.997	0.357	0.520	0.609	0.763	0.221	0.369	0.491	0.632	0.364	0.123	1.016	1.002	0.384	0.280	0.660	0.775	0.208	0.101	0.660	0.568	0.399	0.124	0.945	0.977	0.339	0.128	0.646	0.788	0.217	0.133	0.619	0.671	0.337												
20:00:01													1.140	0.144	0.956	0.287	0.778	0.131	0.896	0.201	0.783	0.131	0.660	0.269	1.144	0.124	1.035	0.301	0.567	0.493	0.815	0.194	0.801	0.129	0.693	0.278	1.160	0.124	0.976	0.369	0.796	0.098	0.810	0.237	0.820	0.105	0.719	0.276	0.123	0.988	0.998	0.359	0.522	0.617	0.767	0.224	0.376	0.495	0.636	0.369	0.123	1.024	1.004	0.387	0.281	0.665	0.779	0.209	0.101	0.666	0.573	0.405	0.124	0.955	0.979	0.341	0.128	0.653	0.794	0.216	0.134	0.623	0.678	0.340												
20:20:01													1.147	0.148	0.960	0.289	0.786	0.131	0.903	0.202	0.788	0.131	0.661	0.270	1.148	0.123	1.037	0.302	0.573	0.497	0.820	0.193	0.803	0.129	0.694	0.279	1.166	0.124	0.977	0.377	0.800	0.097	0.816	0.238	0.825	0.105	0.718	0.274	0.123	0.997	1.000	0.364	0.502	0.624	0.771	0.224	0.383	0.498	0.635	0.368	0.122	1.033	1.007	0.395	0.317	0.667	0.783	0.209	0.101	0.668	0.574	0.407	0.123	0.967	0.982	0.344	0.128	0.659	0.801	0.217	0.133	0.626	0.681	0.341												
20:40:01													1.152	0.144	0.961	0.291	0.790	0.131	0.913	0.202	0.796	0.131	0.670	0.272	1.151	0.124	1.037	0.304	0.574	0.500	0.823	0.194	0.809	0.129	0.700	0.281	1.168	0.124	0.979	0.378	0.805	0.098	0.822	0.238	0.830	0.105	0.730	0.282	0.123	1.004	1.000	0.365	0.524	0.630	0.774	0.225	0.387	0.504	0.644	0.380	0.123	1.037	1.007	0.395	0.283	0.671	0.787	0.209	0.101	0.675	0.583	0.418	0.124	0.975	0.983	0.345	0.128	0.665	0.806	0.217	0.133	0.634	0.691	0.345												
21:00:01													1.157	0.145	0.962	0.294	0.796	0.131	0.921	0.202	0.802	0.131	0.674	0.274	1.154	0.124	1.039	0.304	0.577	0.502	0.827	0.194	0.813	0.129	0.704	0.283	1.171	0.124	0.980	0.383	0.809	0.098	0.823	0.240	0.833	0.105	0.735	0.286	0.123	1.010	1.000	0.368	0.525	0.636	0.777	0.226	0.392	0.508	0.648	0.385	0.123	1.043	1.008	0.401	0.284	0.674	0.791	0.210	0.105	0.680	0.588	0.423	0.124	0.983	0.985	0.348	0.128	0.670	0.813	0.218	0.134	0.637	0.697	0.348												
21:20:01													1.163	0.146	0.965	0.296	0.802	0.131	0.931	0.202	0.808	0.131	0.680	0.276	1.158	0.124	1.042	0.306	0.581	0.506	0.831	0.195	0.817	0.129	0.709	0.285	1.175	0.125	0.983	0.387	0.812	0.098	0.825	0.241	0.837	0.106	0.741	0.289	0.123	1.017	1.003	0.371	0.526	0.642	0.782	0.228	0.397	0.512	0.653	0.389	0.123	1.050	1.011	0.406	0.285	0.679	0.796	0.210	0.105	0.685	0.594	0.426	0.124	0.991	0.989	0.351	0.128	0.675	0.820	0.219	0.133	0.639	0.705	0.350												
21:40:01													1.168	0.146	0.967	0.298	0.808	0.131	0.939	0.203	0.813	0.132	0.685	0.278	1.161	0.124	1.043	0.308	0.585	0.510	0.836	0.195	0.821	0.129	0.714	0.288	1.177	0.125	0.983	0.392	0.817	0.098	0.828	0.242	0.840	0.105	0.746	0.294	0.123	1.022	1.003	0.374	0.526	0.647	0.785	0.228	0.402	0.516	0.657	0.393	0.123	1.055	1.013	0.411	0.286	0.682	0.799	0.211	0.104	0.689	0.599	0.432	0.124	0.997	0.991	0.353	0.128	0.680	0.826	0.218	0.133	0.650	0.711	0.351												
22:00:01													1.174	0.146	0.969	0.300	0.815	0.131	0.946	0.203	0.817	0.132	0.690	0.279	1.164	0.124	1.044	0.310	0.588	0.514	0.840	0.195	0.825	0.129	0.719	0.290	1.180	0.125	0.985	0.396	0.820	0.098	0.832	0.244	0.842	0.105	0.751	0.296	0.123	1.027	1.005	0.377	0.527	0.651	0.788	0.229	0.407	0.519	0.661	0.397	0.123	1.059	1.014	0.416	0.287	0.686	0.803	0.211	0.104	0.693	0.604	0.435	0.124	1.004	0.993	0.356	0.128	0.683	0.834	0.219	0.133	0.655	0.719	0.354												
22:20:01													1.179	0.146	0.972	0.302	0.822	0.131	0.953	0.203	0.822	0.131	0.695	0.281	1.166	0.124	1.045	0.312	0.592	0.517	0.843	0.196	0.829	0.129	0.723	0.292	1.182	0.125	0.986	0.400	0.824	0.098	0.835	0.246	0.846	0.105	0.756	0.299	0.123	1.032	1.005	0.381	0.529	0.656	0.792	0.230	0.411	0.523	0.665	0.401	0.123	1.063	1.016	0.421	0.287	0.691	0.808	0.211	0.104	0.699	0.609	0.439	0.124	1.010	0.995	0.359	0.128	0.687	0.841	0.217	0.133	0.659	0.725	0.356												
22:40:01													1.185	0.146	0.974	0.304	0.827	0.131	0.959	0.204	0.827	0.131	0.700	0.282	1.169	0.124	1.047	0.314	0.596	0.521	0.847	0.196	0.833	0.129	0.728	0.293	1.185	0.125	0.987	0.405	0.828	0.098	0.838	0.247	0.849	0.105	0.760	0.303	0.123	1.036	1.006	0.384	0.530	0.660	0.795	0.231	0.416	0.527	0.669	0.406	0.123	1.067	1.017	0.426	0.287	0.694	0.812	0.212	0.104	0.703	0.613	0.442	0.124	1.015	0.997	0.361	0.128	0.692	0.848	0.218	0.133	0.663	0.731	0.356												
23:00:01													1.190	0.146	0.977	0.305	0.833	0.131	0.966	0.204	0.832	0.132	0.705	0.283	1.172	0.124	1.048	0.316	0.599	0.524	0.850	0.196	0.837	0.129	0.732	0.295	1.187	0.125	0.988	0.409	0.832	0.098	0.841	0.248	0.853	0.106	0.763	0.307	0.123	1.040	1.007	0.387	0.530	0.663	0.798	0.232	0.421	0.530	0.673	0.410	0.123	1.070	1.019	0.431	0.287	0.697	0.816	0.212	0.103	0.706	0.618	0.449	0.124	1.019	0.999	0.364	0.128	0.696	0.855	0.218	0.133	0.668	0.737	0.359												
23:20:02													1.196	0.147	0.979	0.307	0.837	0.131	0.972	0.204	0.837	0.132	0.711	0.283	1.174	0.124	1.049	0.318	0.603	0.527	0.854	0.197	0.841	0.129	0.738	0.296	1.190	0.125	0.989	0.414	0.835	0.097	0.844	0.249	0.856	0.105	0.767	0.310	0.123	1.043	1.008	0.390	0.531	0.667	0.800	0.234	0.425	0.533	0.676	0.414	0.123	1.074	1.020	0.437	0.289	0.701	0.819	0.213	0.103	0.709	0.622	0.452	0.124	1.024	1.002	0.366	0.128	0.699	0.861	0.219	0.133	0.672	0.743	0.362												
23:40:02													1.202	0.147	0.982	0.309	0.844	0.131	0.980	0.204	0.844	0.132	0.716	0.285	1.177	0.124	1.051	0.321	0.607	0.531	0.857	0.195	0.845	0.129	0.743	0.299	1.192	0.125	0.990	0.418	0.839	0.097	0.848	0.251	0.859	0.106	0.771	0.315	0.123	1.046	1.009	0.393	0.534	0.670	0.804	0.234	0.430	0.537	0.680	0.417	0.123	1.077	1.022	0.443	0.291	0.705	0.824	0.213	0.104	0.714	0.626	0.453	0.124	1.028	1.004	0.370	0.128	0.704	0.868	0.219	0.133	0.678	0.749	0.365												
24:00:02													1.208	0.148	0.984	0.310	0.848	0.131	0.986	0.204	0.849	0.132	0.721	0.286	1.180	0.124	1.052	0.323	0.611	0.535	0.860	0.194	0.849	0.130	0.747	0.300	1.194	0.125	0.992	0.422	0.842	0.097	0.852	0.251	0.862	0.106	0.775	0.317	0.123	1.048	1.010	0.396	0.534	0.673	0.807	0.236	0.433	0.539	0.684	0.418	0.123	1.080	1.023	0.448	0.291	0.708	0.827	0.214	0.103	0.717	0.630	0.458	0.124	1.032	1.007	0.373	0.128	0.708	0.875	0.220	0.133	0.682	0.754	0.369												
24:20:02													1.213	0.148	0.987	0.312	0.852	0.131	0.997	0.204	0.855	0.132	0.729	0.287	1.183	0.124	1.054	0.326	0.615	0.539	0.864	0.193	0.853	0.130	0.752	0.302	1.197	0.125	0.993	0.426	0.846	0.097	0.856	0.252	0.866	0.106	0.779	0.321	0.123	1.052	1.011	0.399	0.534	0.677	0.813	0.237	0.436	0.542	0.687	0.420	0.123	1.083	1.025	0.453	0.291	0.712	0.831	0.212	0.104	0.721	0.635	0.461	0.124	1.037	1.009	0.377	0.128	0.713	0.881	0.220	0.133	0.686	0.760	0.372												
24:40:02													1.219	0.147	0.991	0.314	0.858	0.131	1.004	0.204	0.861	0.132	0.735	0.289	1.186	0.124	1.056	0.329	0.620	0.543	0.868	0.193	0.858	0.130	0.757	0.304	1.199	0.125	0.995	0.430	0.849	0.097	0.860	0.253	0.869	0.106	0.783	0.324	0.123	1.055	1.012	0.402	0.536	0.681	0.817	0.236	0.440	0.545	0.690	0.423	0.123	1.086	1.026	0.457	0.295	0.715	0.836	0.212	0.104	0.726	0.640	0.459	0.124	1.040	1.012	0.380	0.128	0.717	0.887	0.220	0.134	0.691	0.766	0.376												
25:00:02													1.223	0.150	0.994	0.315	0.863	0.131	1.012	0.203	0.868	0.132	0.741	0.290	1.189	0.124	1.058	0.331	0.624	0.547	0.871	0.193	0.862	0.130	0.762	0.307	1.202	0.125	0.996	0.435	0.853	0.097	0.864	0.254	0.872	0.106	0.786	0.327	0.123	1.059	1.012	0.405	0.535	0.685	0.819	0.237	0.443	0.549	0.694	0.423	0.123	1.089	1.028	0.462	0.291	0.719	0.841	0.211	0.104	0.729	0.644	0.460	0.124	1.044	1.015	0.384	0.128	0.722	0.894	0.220	0.133	0.696	0.772	0.380												
25:20:02													1.229	0.148	0.998	0.318	0.870	0.131	1.016	0.203	0.874	0.132	0.748	0.291	1.192	0.124	1.060	0.334	0.629	0.552	0.875	0.192	0.866	0.130	0.767	0.308	1.205	0.125	0.998	0.439	0.857	0.097	0.868	0.256	0.875	0.106	0.790	0.329	0.123	1.062	1.014	0.408	0.536	0.688	0.823	0.238	0.447	0.552	0.698	0.426	0.123	1.091	1.031	0.467	0.293	0.722	0.844	0.209	0.103	0.734	0.648	0.462	0.124	1.049	1.018	0.388	0.128	0.727	0.900	0.221	0.134	0.701	0.778	0.383												
25:40:02													1.235	0.148	1.001	0.320	0.876	0.132	1.021	0.203	0.880	0.132	0.755	0.294	1.196	0.124	1.063	0.338	0.633	0.556	0.879	0.192	0.870	0.130	0.771	0.310	1.208	0.125	1.000	0.443	0.860	0.097	0.872	0.257	0.879	0.106	0.793	0.330	0.123	1.065	1.014	0.412	0.535	0.692	0.825	0.239	0.451	0.556	0.700	0.427	0.123	1.094	1.032	0.472	0.294	0.726	0.849	0.208	0.105	0.738	0.653	0.464	0.124	1.053	1.020	0.393	0.128	0.732	0.906	0.221	0.133	0.705	0.785	0.387												
26:00:02													1.240	0.148	1.003	0.322	0.883	0.131	1.025	0.203	0.886	0.132	0.761	0.295	1.200	0.124	1.065	0.341	0.638	0.560	0.884	0.191	0.875	0.130	0.775	0.312	1.210	0.125	1.002	0.447	0.864	0.097	0.875	0.259	0.882	0.106	0.797	0.334	0.123	1.068	1.015	0.415	0.537	0.695	0.831	0.241	0.453	0.559	0.704	0.429	0.123	1.097	1.033	0.477	0.295	0.731	0.854	0.207	0.105	0.744	0.657	0.465	0.124	1.056	1.022	0.396	0.128	0.737	0.911	0.221	0.133	0.710	0.791	0.392												
26:20:02													1.246	0.148	1.006	0.324	0.891	0.131	1.026	0.203	0.893	0.132	0.767	0.297	1.204	0.124	1.068	0.344	0.642	0.564	0.888	0.191	0.879	0.130	0.780	0.315	1.214	0.125	1.004	0.451	0.868	0.097	0.878	0.260	0.886	0.107	0.800	0.336	0.123	1.071	1.017	0.419	0.539	0.699	0.835	0.242	0.456	0.563	0.707	0.431	0.124	1.099	1.034	0.481	0.294	0.732	0.858	0.206	0.105	0.748	0.661	0.466	0.124	1.059	1.024	0.399	0.128	0.741	0.917	0.221	0.133	0.715	0.798	0.396												
26:40:02													1.252	0.147	1.008	0.326	0.898	0.132	1.026	0.202	0.898	0.133	0.773	0.299	1.208	0.124	1.069	0.346	0.647	0.570	0.892	0.190	0.884	0.130	0.784	0.315	1.217	0.125	1.006	0.454	0.871	0.097	0.881	0.262	0.889	0.107	0.804	0.337	0.123	1.074	1.018	0.422	0.548	0.703	0.837	0.242	0.458	0.566	0.710	0.432	0.123	1.101	1.035	0.484	0.295	0.726	0.863	0.205	0.102	0.753	0.665	0.467	0.124	1.063	1.025	0.402	0.128	0.745	0.922	0.221	0.134	0.719	0.803	0.399												
27:00:02													1.258	0.146	1.011	0.327	0.905	0.131	1.027	0.202	0.903	0.133	0.780	0.301	1.212	0.124	1.071	0.349	0.651	0.574	0.896	0.190	0.889	0.130	0.789	0.317	1.219	0.125	1.007	0.459	0.875	0.097	0.883	0.264	0.892	0.107	0.808	0.340	0.123	1.077	1.018	0.427	0.536	0.707	0.841	0.245	0.461	0.569	0.713	0.434	0.124	1.103	1.036	0.487	0.295	0.717	0.867	0.205	0.106	0.758	0.669	0.468	0.124	1.067	1.028	0.408	0.128	0.750	0.927	0.222	0.133	0.726	0.811	0.403												
27:20:02													1.264	0.146	1.015	0.328	0.912	0.131	1.026	0.202	0.908	0.133	0.787	0.302	1.217	0.124	1.072	0.352	0.656	0.577	0.901	0.189	0.893	0.130	0.794	0.318	1.222	0.125	1.009	0.462	0.879	0.097	0.886	0.265	0.896	0.106	0.811	0.341	0.123	1.080	1.019	0.431	0.537	0.710	0.844	0.245	0.464	0.572	0.717	0.435	0.124	1.104	1.038	0.490	0.296	0.714	0.871	0.205	0.102	0.763	0.673	0.470	0.124	1.071	1.029	0.412	0.128	0.754	0.933	0.221	0.133	0.730	0.819	0.407												
27:40:02													1.269	0.148	1.018	0.330	0.920	0.131	1.027	0.202	0.915	0.133	0.793	0.303	1.222	0.124	1.073	0.354	0.661	0.580	0.906	0.189	0.897	0.130	0.800	0.322	1.225	0.125	1.010	0.466	0.883	0.097	0.888	0.267	0.899	0.106	0.814	0.344	0.123	1.082	1.020	0.434	0.542	0.713	0.848	0.246	0.466	0.576	0.721	0.437	0.123	1.107	1.039	0.493	0.298	0.717	0.876	0.203	0.103	0.767	0.677	0.473	0.124	1.075	1.032	0.415	0.128	0.758	0.938	0.222	0.133	0.734	0.829	0.416												
28:00:02													1.275	0.146	1.022	0.332	0.927	0.131	1.027	0.201	0.920	0.132	0.798	0.305	1.227	0.124	1.075	0.356	0.668	0.585	0.911	0.189	0.902	0.130	0.805	0.324	1.228	0.125	1.012	0.468	0.886	0.097	0.891	0.268	0.903	0.106	0.818	0.346	0.123	1.085	1.020	0.437	0.544	0.717	0.851	0.247	0.469	0.580	0.724	0.439	0.123	1.109	1.041	0.496	0.295	0.720	0.880	0.203	0.106	0.773	0.681	0.474	0.124	1.078	1.035	0.420	0.128	0.763	0.944	0.221	0.133	0.739	0.833	0.420												
28:20:02													1.282	0.146	1.026	0.334	0.933	0.131	1.028	0.201	0.926	0.132	0.804	0.307	1.231	0.124	1.075	0.359	0.675	0.591	0.916	0.189	0.906	0.130	0.810	0.324	1.232	0.125	1.013	0.470	0.890	0.097	0.894	0.269	0.906	0.107	0.821	0.347	0.123	1.087	1.020	0.441	0.544	0.721	0.854	0.247	0.472	0.583	0.727	0.440	0.123	1.113	1.043	0.500	0.304	0.724	0.884	0.202	0.103	0.777	0.684	0.475	0.124	1.082	1.038	0.425	0.128	0.766	0.950	0.221	0.133	0.744	0.840	0.424												
28:40:02													1.287	0.147	1.031	0.336	0.939	0.131	1.027	0.201	0.932	0.133	0.807	0.308	1.234	0.124	1.077	0.360	0.684	0.601	0.920	0.189	0.911	0.130	0.815	0.329	1.236	0.125	1.015	0.474	0.894	0.096	0.897	0.270	0.908	0.107	0.823	0.350	0.123	1.089	1.020	0.443	0.549	0.724	0.857	0.249	0.474	0.587	0.730	0.442	0.123	1.115	1.044	0.505	0.299	0.726	0.889	0.201	0.104	0.780	0.687	0.476	0.124	1.085	1.042	0.430	0.128	0.770	0.956	0.221	0.134	0.748	0.845	0.427												
29:00:02													1.294	0.147	1.037	0.339	0.946	0.131	1.028	0.201	0.939	0.132	0.814	0.310	1.240	0.124	1.081	0.365	0.694	0.610	0.925	0.187	0.916	0.130	0.819	0.329	1.241	0.125	1.018	0.478	0.899	0.097	0.901	0.272	0.913	0.107	0.828	0.351	0.123	1.093	1.022	0.445	0.548	0.729	0.861	0.250	0.478	0.590	0.734	0.442	0.123	1.119	1.047	0.510	0.300	0.732	0.894	0.201	0.102	0.786	0.692	0.477	0.124	1.091	1.046	0.437	0.128	0.774	0.964	0.221	0.133	0.753	0.852	0.433												
29:20:02													1.300	0.145	1.040	0.341	0.952	0.131	1.028	0.201	0.944	0.132	0.818	0.314	1.243	0.124	1.082	0.367	0.705	0.620	0.932	0.188	0.920	0.130	0.825	0.333	1.245	0.125	1.020	0.482	0.903	0.097	0.905	0.273	0.916	0.107	0.831	0.354	0.123	1.095	1.022	0.446	0.552	0.732	0.863	0.251	0.480	0.593	0.737	0.444	0.123	1.122	1.049	0.514	0.303	0.735	0.898	0.200	0.101	0.791	0.695	0.479	0.124	1.094	1.050	0.441	0.128	0.778	0.972	0.221	0.133	0.758	0.858	0.439												
29:40:02													1.306	0.145	1.044	0.344	0.956	0.131	1.027	0.200	0.949	0.133	0.823	0.315	1.246	0.124	1.085	0.373	0.716	0.627	0.935	0.186	0.924	0.130	0.829	0.334	1.249	0.125	1.021	0.485	0.907	0.097	0.907	0.274	0.919	0.107	0.834	0.355	0.123	1.099	1.023	0.449	0.548	0.735	0.866	0.250	0.484	0.595	0.739	0.443	0.123	1.124	1.051	0.519	0.300	0.740	0.902	0.202	0.102	0.795	0.698	0.479	0.124	1.097	1.054	0.450	0.128	0.783	0.982	0.220	0.133	0.761	0.860	0.440												
30:00:02													1.312	0.143	1.049	0.346	0.961	0.132	1.026	0.200	0.954	0.133	0.830	0.316	1.250	0.124	1.087	0.377	0.724	0.635	0.939	0.186	0.928	0.130	0.832	0.336	1.252	0.125	1.023	0.489	0.911	0.097	0.911	0.275	0.923	0.107	0.837	0.356	0.123	1.101	1.024	0.451	0.549	0.739	0.869	0.252	0.488	0.600	0.743	0.445	0.123	1.127	1.053	0.523	0.302	0.743	0.906	0.203	0.103	0.798	0.702	0.480	0.124	1.101	1.058	0.454	0.128	0.787	0.991	0.220	0.133	0.766	0.867	0.446												
30:20:02													1.317	0.143	1.053	0.349	0.966	0.131	1.025	0.200	0.962	0.133	0.832	0.317	1.254	0.124	1.089	0.382	0.730	0.642	0.942	0.186	0.933	0.130	0.837	0.338	1.256	0.125	1.025	0.493	0.915	0.096	0.914	0.276	0.926	0.107	0.839	0.357	0.123	1.104	1.025	0.454	0.548	0.743	0.872	0.252	0.490	0.602	0.744	0.445	0.123	1.130	1.056	0.527	0.301	0.747	0.910	0.204	0.102	0.803	0.705	0.481	0.124	1.105	1.062	0.464	0.128	0.790	1.001	0.220	0.133	0.769	0.869	0.446												
30:40:02													1.324	0.142	1.056	0.351	0.971	0.132	1.023	0.200	0.966	0.133	0.838	0.319	1.257	0.124	1.091	0.385	0.734	0.650	0.947	0.184	0.937	0.130	0.840	0.340	1.258	0.125	1.026	0.496	0.919	0.097	0.916	0.277	0.929	0.107	0.843	0.358	0.123	1.107	1.026	0.456	0.547	0.746	0.875	0.252	0.493	0.605	0.747	0.445	0.123	1.132	1.058	0.531	0.298	0.752	0.914	0.207	0.104	0.806	0.709	0.482	0.124	1.109	1.065	0.470	0.128	0.794	1.010	0.219	0.133	0.773	0.874	0.450												
31:00:02													1.329	0.140	1.061	0.354	0.975	0.132	1.022	0.199	0.972	0.133	0.842	0.322	1.261	0.124	1.094	0.391	0.738	0.659	0.953	0.184	0.941	0.130	0.844	0.342	1.261	0.125	1.028	0.499	0.922	0.097	0.919	0.278	0.931	0.107	0.846	0.359	0.123	1.109	1.027	0.459	0.544	0.749	0.877	0.252	0.496	0.607	0.748	0.445	0.124	1.135	1.060	0.534	0.297	0.756	0.917	0.208	0.105	0.809	0.712	0.482	0.124	1.112	1.068	0.478	0.128	0.798	1.019	0.219	0.133	0.776	0.877	0.451												
31:20:02													1.336	0.142	1.065	0.356	0.981	0.132	1.021	0.199	0.979	0.133	0.846	0.328	1.265	0.124	1.096	0.393	0.740	0.666	0.957	0.184	0.945	0.131	0.849	0.347	1.264	0.125	1.030	0.504	0.926	0.097	0.923	0.279	0.935	0.106	0.850	0.362	0.123	1.112	1.028	0.461	0.553	0.753	0.880	0.253	0.499	0.612	0.753	0.447	0.124	1.139	1.062	0.537	0.290	0.760	0.921	0.211	0.104	0.814	0.715	0.484	0.124	1.116	1.071	0.482	0.128	0.803	1.025	0.218	0.134	0.782	0.882	0.458												
31:40:02													1.341	0.139	1.068	0.359	0.986	0.132	1.020	0.199	0.988	0.133	0.849	0.327	1.268	0.124	1.099	0.397	0.743	0.671	0.959	0.184	0.948	0.130	0.852	0.349	1.268	0.125	1.032	0.506	0.929	0.098	0.925	0.279	0.938	0.107	0.852	0.363	0.123	1.115	1.029	0.465	0.548	0.756	0.883	0.254	0.502	0.613	0.754	0.446	0.124	1.141	1.064	0.541	0.301	0.764	0.925	0.213	0.105	0.817	0.718	0.485	0.124	1.120	1.074	0.487	0.128	0.806	1.029	0.218	0.134	0.785	0.886	0.461												
32:00:02													1.347	0.139	1.071	0.363	0.991	0.132	1.018	0.198	0.996	0.134	0.853	0.333	1.273	0.124	1.101	0.402	0.744	0.674	0.963	0.184	0.954	0.131	0.857	0.353	1.270	0.125	1.034	0.509	0.933	0.097	0.928	0.280	0.942	0.106	0.856	0.365	0.123	1.118	1.030	0.466	0.556	0.760	0.886	0.247	0.505	0.618	0.758	0.447	0.124	1.145	1.067	0.544	0.302	0.767	0.928	0.217	0.102	0.822	0.722	0.486	0.124	1.124	1.077	0.498	0.128	0.809	1.032	0.217	0.133	0.789	0.890	0.464												
32:20:02													1.352	0.139	1.077	0.368	0.998	0.132	1.018	0.199	1.002	0.133	0.854	0.327	1.278	0.125	1.105	0.413	0.746	0.676	0.967	0.182	0.958	0.131	0.857	0.349	1.276	0.125	1.036	0.515	0.936	0.097	0.931	0.281	0.943	0.107	0.856	0.361	0.123	1.122	1.033	0.471	0.541	0.762	0.889	0.256	0.510	0.618	0.757	0.446	0.122	1.149	1.070	0.551	0.325	0.770	0.932	0.217	0.104	0.824	0.722	0.485	0.124	1.128	1.081	0.509	0.128	0.812	1.036	0.217	0.133	0.792	0.888	0.459												
32:40:02													1.360	0.141	1.082	0.373	1.003	0.132	1.017	0.198	1.008	0.133	0.857	0.328	1.282	0.125	1.107	0.420	0.745	0.677	0.970	0.182	0.961	0.131	0.861	0.351	1.279	0.125	1.039	0.518	0.940	0.096	0.933	0.282	0.945	0.107	0.859	0.361	0.123	1.125	1.034	0.473	0.540	0.765	0.891	0.257	0.512	0.622	0.759	0.446	0.123	1.152	1.072	0.554	0.325	0.773	0.935	0.220	0.102	0.828	0.725	0.486	0.124	1.132	1.085	0.514	0.128	0.816	1.038	0.216	0.133	0.796	0.889	0.461												
33:00:02													1.365	0.137	1.084	0.375	1.008	0.132	1.015	0.198	1.014	0.133	0.866	0.341	1.286	0.124	1.109	0.419	0.745	0.676	0.974	0.183	0.968	0.131	0.867	0.360	1.281	0.125	1.040	0.520	0.944	0.097	0.936	0.283	0.951	0.107	0.865	0.368	0.123	1.128	1.034	0.475	0.555	0.768	0.895	0.258	0.516	0.626	0.764	0.449	0.124	1.155	1.073	0.557	0.295	0.777	0.939	0.225	0.105	0.834	0.730	0.489	0.124	1.135	1.087	0.515	0.128	0.822	1.039	0.216	0.133	0.802	0.891	0.468												
33:20:02													1.371	0.137	1.088	0.380	1.018	0.132	1.014	0.198	1.020	0.134	0.876	0.346	1.291	0.124	1.112	0.426	0.744	0.675	0.976	0.182	0.972	0.135	0.871	0.362	1.284	0.125	1.042	0.523	0.948	0.097	0.939	0.283	0.954	0.107	0.868	0.368	0.123	1.130	1.036	0.478	0.555	0.771	0.898	0.259	0.520	0.629	0.766	0.449	0.123	1.158	1.075	0.560	0.297	0.779	0.943	0.228	0.103	0.838	0.734	0.489	0.124	1.140	1.090	0.523	0.128	0.825	1.040	0.215	0.133	0.806	0.890	0.468												
33:40:02													1.377	0.136	1.093	0.384	1.026	0.132	1.014	0.197	1.027	0.134	0.884	0.351	1.295	0.124	1.114	0.430	0.743	0.675	0.979	0.182	0.976	0.135	0.874	0.366	1.288	0.125	1.045	0.525	0.952	0.097	0.942	0.284	0.958	0.107	0.872	0.370	0.123	1.133	1.038	0.481	0.557	0.773	0.901	0.259	0.524	0.632	0.768	0.449	0.124	1.161	1.078	0.563	0.290	0.784	0.947	0.231	0.103	0.843	0.736	0.490	0.124	1.144	1.093	0.529	0.128	0.829	1.039	0.215	0.134	0.810	0.888	0.469												
34:00:02													1.382	0.134	1.096	0.387	1.030	0.132	1.012	0.197	1.032	0.133	0.892	0.356	1.300	0.125	1.117	0.434	0.741	0.675	0.981	0.181	0.980	0.135	0.877	0.369	1.291	0.125	1.047	0.528	0.955	0.097	0.945	0.285	0.961	0.107	0.875	0.371	0.123	1.136	1.039	0.484	0.557	0.775	0.903	0.257	0.529	0.635	0.770	0.450	0.124	1.164	1.080	0.566	0.290	0.786	0.951	0.234	0.104	0.846	0.740	0.491	0.124	1.148	1.097	0.534	0.128	0.833	1.038	0.214	0.133	0.814	0.886	0.469												
34:20:02													1.388	0.134	1.101	0.392	1.033	0.132	1.011	0.197	1.037	0.133	0.899	0.360	1.304	0.124	1.119	0.440	0.739	0.674	0.984	0.181	0.984	0.135	0.880	0.371	1.294	0.125	1.049	0.531	0.959	0.097	0.947	0.285	0.964	0.106	0.878	0.372	0.123	1.140	1.041	0.486	0.557	0.778	0.906	0.261	0.533	0.638	0.773	0.450	0.124	1.167	1.082	0.569	0.290	0.790	0.955	0.237	0.103	0.850	0.743	0.492	0.124	1.152	1.099	0.541	0.128	0.837	1.036	0.214	0.134	0.818	0.883	0.470												
34:40:02													1.393	0.133	1.105	0.397	1.035	0.132	1.009	0.197	1.040	0.134	0.905	0.366	1.309	0.124	1.121	0.445	0.738	0.674	0.987	0.181	0.988	0.135	0.883	0.374	1.297	0.125	1.051	0.534	0.963	0.097	0.950	0.286	0.968	0.106	0.881	0.373	0.123	1.143	1.042	0.489	0.557	0.780	0.908	0.262	0.538	0.640	0.775	0.451	0.124	1.170	1.084	0.573	0.289	0.794	0.959	0.239	0.106	0.854	0.746	0.492	0.124	1.156	1.103	0.546	0.128	0.841	1.034	0.213	0.133	0.823	0.881	0.470												
35:00:02													1.399	0.134	1.111	0.406	1.038	0.132	1.009	0.197	1.042	0.133	0.910	0.362	1.314	0.125	1.124	0.457	0.737	0.675	0.989	0.179	0.990	0.135	0.884	0.370	1.302	0.125	1.053	0.538	0.966	0.097	0.952	0.286	0.969	0.107	0.880	0.369	0.123	1.147	1.044	0.493	0.543	0.783	0.909	0.261	0.541	0.640	0.774	0.450	0.123	1.173	1.087	0.578	0.323	0.797	0.964	0.240	0.103	0.855	0.747	0.491	0.124	1.160	1.107	0.556	0.128	0.844	1.032	0.213	0.134	0.825	0.878	0.466												
35:20:02													1.404	0.131	1.113	0.406	1.037	0.132	1.007	0.196	1.044	0.134	0.918	0.372	1.319	0.124	1.125	0.457	0.735	0.673	0.994	0.180	0.997	0.134	0.890	0.378	1.303	0.125	1.055	0.539	0.971	0.097	0.956	0.287	0.973	0.106	0.886	0.375	0.123	1.148	1.044	0.494	0.557	0.785	0.912	0.263	0.548	0.645	0.779	0.453	0.124	1.174	1.088	0.579	0.287	0.801	0.971	0.244	0.102	0.861	0.752	0.494	0.124	1.163	1.109	0.559	0.128	0.849	1.030	0.212	0.133	0.831	0.879	0.470												
35:40:02													1.410	0.130	1.117	0.412	1.040	0.132	1.005	0.196	1.046	0.134	0.922	0.375	1.323	0.124	1.128	0.463	0.735	0.672	0.997	0.180	1.000	0.135	0.893	0.380	1.307	0.125	1.057	0.542	0.975	0.097	0.958	0.288	0.977	0.107	0.889	0.376	0.123	1.151	1.046	0.497	0.557	0.788	0.915	0.262	0.553	0.647	0.781	0.453	0.124	1.177	1.091	0.582	0.283	0.804	0.978	0.247	0.102	0.865	0.755	0.494	0.124	1.166	1.111	0.564	0.128	0.853	1.028	0.212	0.134	0.836	0.877	0.471												
36:00:02													1.416	0.129	1.122	0.418	1.042	0.132	1.004	0.195	1.049	0.134	0.924	0.377	1.328	0.124	1.131	0.468	0.733	0.672	1.001	0.180	1.004	0.135	0.896	0.382	1.311	0.125	1.059	0.545	0.978	0.096	0.961	0.288	0.979	0.107	0.892	0.377	0.123	1.154	1.047	0.499	0.557	0.792	0.917	0.264	0.557	0.648	0.783	0.454	0.124	1.179	1.093	0.586	0.285	0.808	0.984	0.249	0.102	0.868	0.758	0.495	0.124	1.169	1.115	0.569	0.128	0.856	1.026	0.211	0.133	0.840	0.875	0.471												
36:20:02													1.421	0.129	1.126	0.423	1.043	0.132	1.003	0.195	1.052	0.134	0.924	0.378	1.332	0.124	1.133	0.473	0.734	0.671	1.005	0.179	1.008	0.136	0.899	0.383	1.314	0.125	1.060	0.548	0.982	0.095	0.963	0.289	0.983	0.106	0.895	0.377	0.123	1.156	1.049	0.502	0.558	0.795	0.920	0.264	0.562	0.650	0.785	0.455	0.124	1.181	1.095	0.589	0.289	0.811	0.989	0.251	0.104	0.872	0.761	0.495	0.124	1.173	1.118	0.574	0.128	0.861	1.024	0.211	0.133	0.845	0.873	0.471												
36:40:02													1.427	0.129	1.133	0.436	1.046	0.132	1.002	0.195	1.053	0.134	0.922	0.375	1.338	0.125	1.137	0.485	0.735	0.672	1.011	0.178	1.010	0.134	0.899	0.381	1.319	0.125	1.063	0.551	0.984	0.095	0.966	0.289	0.984	0.107	0.894	0.373	0.123	1.159	1.051	0.506	0.543	0.798	0.921	0.264	0.566	0.650	0.786	0.454	0.123	1.185	1.098	0.594	0.317	0.815	0.993	0.252	0.106	0.873	0.762	0.494	0.124	1.176	1.122	0.583	0.128	0.863	1.022	0.210	0.133	0.847	0.870	0.466												
37:00:02													1.431	0.127	1.137	0.435	1.044	0.132	1.001	0.194	1.053	0.134	0.924	0.381	1.341	0.124	1.139	0.486	0.734	0.670	1.020	0.178	1.016	0.134	0.906	0.386	1.321	0.125	1.065	0.553	0.988	0.095	0.968	0.290	0.989	0.106	0.901	0.378	0.123	1.161	1.052	0.508	0.554	0.801	0.924	0.265	0.573	0.653	0.789	0.456	0.124	1.186	1.100	0.595	0.278	0.819	0.998	0.256	0.103	0.880	0.768	0.496	0.124	1.179	1.124	0.585	0.128	0.869	1.020	0.210	0.134	0.855	0.870	0.471												
37:20:02													1.438	0.127	1.144	0.447	1.048	0.132	1.000	0.194	1.053	0.134	0.921	0.378	1.348	0.125	1.143	0.496	0.734	0.671	1.028	0.177	1.019	0.133	0.909	0.383	1.327	0.125	1.068	0.557	0.992	0.095	0.972	0.291	0.992	0.106	0.902	0.374	0.123	1.165	1.055	0.512	0.541	0.804	0.927	0.265	0.575	0.653	0.790	0.455	0.123	1.191	1.104	0.600	0.319	0.824	1.000	0.256	0.107	0.881	0.770	0.495	0.124	1.184	1.130	0.593	0.128	0.873	1.018	0.209	0.133	0.859	0.867	0.467												
37:40:02													1.442	0.127	1.149	0.454	1.047	0.132	0.999	0.194	1.051	0.134	0.919	0.380	1.352	0.125	1.146	0.501	0.733	0.671	1.035	0.177	1.024	0.135	0.916	0.385	1.331	0.125	1.070	0.560	0.995	0.095	0.974	0.291	0.995	0.107	0.905	0.376	0.123	1.167	1.056	0.514	0.541	0.808	0.929	0.264	0.581	0.655	0.793	0.456	0.123	1.194	1.107	0.603	0.312	0.827	1.001	0.258	0.106	0.885	0.775	0.495	0.124	1.188	1.134	0.596	0.128	0.877	1.016	0.209	0.135	0.865	0.866	0.467												
38:00:02													1.446	0.126	1.153	0.453	1.045	0.132	0.998	0.193	1.048	0.134	0.920	0.386	1.356	0.125	1.147	0.501	0.732	0.668	1.042	0.178	1.032	0.134	0.924	0.390	1.332	0.125	1.072	0.563	0.999	0.095	0.977	0.292	0.999	0.106	0.911	0.381	0.124	1.169	1.057	0.515	0.560	0.811	0.932	0.266	0.588	0.658	0.796	0.458	0.124	1.194	1.107	0.604	0.279	0.831	1.003	0.261	0.103	0.891	0.781	0.498	0.124	1.191	1.136	0.599	0.128	0.883	1.015	0.209	0.134	0.871	0.866	0.471												
38:20:03													1.450	0.126	1.158	0.458	1.044	0.132	0.996	0.193	1.047	0.134	0.918	0.386	1.361	0.125	1.150	0.508	0.732	0.668	1.048	0.177	1.038	0.133	0.925	0.389	1.335	0.126	1.074	0.565	1.002	0.095	0.979	0.293	1.003	0.106	0.914	0.380	0.124	1.172	1.058	0.519	0.555	0.814	0.934	0.267	0.592	0.659	0.798	0.459	0.124	1.197	1.109	0.607	0.273	0.835	1.004	0.264	0.104	0.896	0.784	0.498	0.124	1.194	1.139	0.602	0.128	0.889	1.012	0.208	0.134	0.877	0.865	0.471												
38:40:03													1.455	0.125	1.163	0.465	1.043	0.132	0.996	0.193	1.046	0.134	0.916	0.388	1.365	0.125	1.152	0.512	0.732	0.667	1.053	0.176	1.041	0.135	0.927	0.391	1.339	0.126	1.076	0.569	1.006	0.095	0.983	0.293	1.006	0.106	0.917	0.381	0.124	1.174	1.059	0.520	0.557	0.817	0.937	0.268	0.598	0.661	0.801	0.460	0.124	1.200	1.111	0.609	0.273	0.839	1.004	0.265	0.103	0.899	0.785	0.499	0.124	1.198	1.143	0.606	0.128	0.893	1.010	0.207	0.134	0.881	0.862	0.470												
39:00:03													1.459	0.125	1.166	0.473	1.042	0.132	0.994	0.192	1.044	0.134	0.914	0.388	1.370	0.125	1.154	0.517	0.732	0.666	1.057	0.177	1.044	0.135	0.928	0.392	1.342	0.126	1.077	0.572	1.009	0.095	0.985	0.294	1.009	0.106	0.920	0.382	0.124	1.177	1.061	0.522	0.558	0.821	0.939	0.267	0.603	0.663	0.803	0.461	0.124	1.203	1.112	0.613	0.278	0.842	1.005	0.266	0.106	0.903	0.785	0.500	0.124	1.202	1.147	0.609	0.128	0.899	1.008	0.207	0.133	0.888	0.861	0.470												
39:20:03													1.463	0.125	1.169	0.480	1.042	0.132	0.994	0.192	1.041	0.134	0.912	0.388	1.374	0.125	1.157	0.522	0.732	0.665	1.060	0.176	1.045	0.136	0.930	0.393	1.346	0.126	1.079	0.574	1.012	0.095	0.988	0.295	1.012	0.106	0.923	0.383	0.124	1.179	1.062	0.525	0.553	0.823	0.941	0.268	0.607	0.663	0.805	0.461	0.124	1.205	1.114	0.615	0.269	0.847	1.006	0.269	0.106	0.906	0.786	0.501	0.124	1.204	1.150	0.614	0.128	0.902	1.006	0.207	0.134	0.891	0.859	0.469												
39:40:03													1.466	0.125	1.173	0.487	1.042	0.132	0.992	0.192	1.039	0.134	0.910	0.388	1.379	0.124	1.158	0.526	0.731	0.665	1.060	0.176	1.047	0.136	0.931	0.394	1.349	0.126	1.081	0.577	1.014	0.095	0.991	0.295	1.015	0.105	0.927	0.384	0.124	1.181	1.063	0.527	0.553	0.827	0.943	0.267	0.612	0.665	0.807	0.462	0.124	1.208	1.116	0.618	0.270	0.851	1.006	0.269	0.103	0.910	0.788	0.503	0.124	1.207	1.154	0.618	0.128	0.908	1.006	0.206	0.134	0.896	0.858	0.470												
40:00:03													1.469	0.125	1.177	0.495	1.042	0.133	0.991	0.192	1.038	0.134	0.909	0.388	1.383	0.124	1.160	0.530	0.731	0.664	1.059	0.176	1.048	0.136	0.933	0.394	1.353	0.126	1.083	0.579	1.018	0.095	0.995	0.296	1.018	0.106	0.934	0.384	0.124	1.183	1.065	0.530	0.553	0.830	0.945	0.268	0.617	0.666	0.810	0.463	0.124	1.211	1.118	0.620	0.268	0.855	1.007	0.271	0.104	0.913	0.790	0.503	0.124	1.210	1.158	0.623	0.128	0.913	1.004	0.206	0.133	0.901	0.856	0.470												
40:20:03													1.471	0.125	1.181	0.504	1.041	0.133	0.990	0.192	1.035	0.134	0.907	0.388	1.387	0.125	1.162	0.533	0.731	0.663	1.058	0.176	1.050	0.136	0.934	0.395	1.357	0.126	1.084	0.582	1.021	0.095	1.000	0.296	1.020	0.106	0.939	0.386	0.124	1.186	1.066	0.531	0.556	0.834	0.947	0.269	0.623	0.668	0.812	0.464	0.124	1.212	1.120	0.623	0.269	0.858	1.008	0.271	0.107	0.917	0.790	0.504	0.125	1.213	1.161	0.626	0.128	0.918	1.003	0.205	0.133	0.906	0.855	0.471												
40:40:03													1.474	0.125	1.185	0.510	1.040	0.133	0.988	0.192	1.032	0.134	0.905	0.388	1.391	0.125	1.164	0.536	0.731	0.662	1.056	0.176	1.052	0.135	0.935	0.396	1.360	0.126	1.085	0.585	1.024	0.095	1.004	0.297	1.023	0.106	0.943	0.387	0.124	1.188	1.067	0.533	0.553	0.836	0.949	0.269	0.627	0.669	0.815	0.465	0.124	1.215	1.121	0.626	0.267	0.861	1.008	0.273	0.104	0.921	0.788	0.504	0.125	1.216	1.164	0.630	0.128	0.923	1.001	0.205	0.133	0.911	0.853	0.470												
41:00:03													1.477	0.125	1.192	0.516	1.040	0.133	0.988	0.192	1.029	0.134	0.903	0.386	1.396	0.125	1.167	0.539	0.730	0.661	1.053	0.175	1.053	0.135	0.934	0.397	1.363	0.126	1.087	0.588	1.027	0.095	1.006	0.297	1.026	0.106	0.946	0.388	0.124	1.190	1.068	0.536	0.552	0.840	0.951	0.269	0.631	0.669	0.817	0.465	0.124	1.218	1.124	0.628	0.265	0.865	1.010	0.274	0.104	0.924	0.786	0.504	0.124	1.219	1.167	0.634	0.128	0.928	0.999	0.205	0.134	0.915	0.852	0.471												
41:20:03													1.480	0.125	1.196	0.528	1.040	0.133	0.987	0.192	1.026	0.134	0.900	0.380	1.401	0.125	1.170	0.547	0.730	0.662	1.050	0.175	1.053	0.136	0.931	0.395	1.368	0.126	1.089	0.591	1.030	0.095	1.006	0.298	1.027	0.106	0.945	0.385	0.124	1.193	1.070	0.539	0.533	0.843	0.953	0.265	0.635	0.670	0.816	0.464	0.124	1.221	1.127	0.633	0.297	0.868	1.010	0.274	0.103	0.925	0.783	0.500	0.125	1.222	1.172	0.638	0.128	0.931	0.998	0.205	0.133	0.918	0.849	0.467												
41:40:03													1.483	0.125	1.198	0.527	1.039	0.133	0.986	0.192	1.026	0.135	0.900	0.382	1.406	0.125	1.172	0.548	0.730	0.660	1.049	0.175	1.056	0.136	0.932	0.399	1.370	0.126	1.090	0.593	1.033	0.095	1.007	0.299	1.032	0.106	0.950	0.390	0.124	1.195	1.071	0.541	0.550	0.847	0.956	0.269	0.646	0.672	0.818	0.467	0.125	1.223	1.128	0.635	0.263	0.873	1.011	0.275	0.106	0.931	0.783	0.502	0.125	1.225	1.174	0.639	0.128	0.936	0.997	0.204	0.133	0.925	0.850	0.471												
42:00:03													1.485	0.125	1.200	0.532	1.038	0.133	0.985	0.192	1.023	0.135	0.898	0.380	1.410	0.125	1.174	0.551	0.730	0.659	1.047	0.176	1.058	0.135	0.931	0.401	1.373	0.126	1.092	0.596	1.036	0.095	1.009	0.299	1.034	0.106	0.952	0.393	0.124	1.198	1.072	0.543	0.556	0.850	0.959	0.270	0.653	0.674	0.820	0.469	0.124	1.225	1.130	0.638	0.264	0.876	1.011	0.275	0.104	0.934	0.781	0.503	0.125	1.228	1.180	0.641	0.128	0.942	0.995	0.204	0.134	0.930	0.850	0.472												
42:20:03													1.487	0.125	1.202	0.541	1.038	0.133	0.984	0.191	1.021	0.134	0.896	0.378	1.415	0.125	1.177	0.555	0.729	0.659	1.046	0.176	1.060	0.135	0.931	0.402	1.377	0.126	1.092	0.599	1.039	0.095	1.010	0.299	1.036	0.107	0.953	0.395	0.124	1.200	1.072	0.545	0.561	0.854	0.961	0.271	0.661	0.676	0.821	0.470	0.124	1.228	1.132	0.640	0.261	0.880	1.011	0.275	0.103	0.937	0.780	0.502	0.125	1.231	1.186	0.644	0.128	0.946	0.995	0.203	0.133	0.934	0.849	0.472												
42:40:03													1.487	0.125	1.201	0.553	1.037	0.133	0.983	0.191	1.020	0.135	0.895	0.378	1.419	0.125	1.179	0.559	0.729	0.658	1.044	0.175	1.060	0.135	0.928	0.402	1.380	0.126	1.094	0.601	1.042	0.095	1.011	0.300	1.039	0.106	0.955	0.395	0.124	1.203	1.074	0.547	0.556	0.857	0.963	0.271	0.666	0.678	0.821	0.471	0.124	1.230	1.134	0.643	0.266	0.883	1.010	0.276	0.103	0.941	0.778	0.502	0.125	1.233	1.189	0.646	0.128	0.951	0.994	0.203	0.134	0.938	0.848	0.473												
43:00:03													1.488	0.125	1.200	0.564	1.037	0.133	0.982	0.191	1.018	0.134	0.893	0.377	1.423	0.125	1.182	0.562	0.729	0.658	1.043	0.175	1.061	0.135	0.926	0.403	1.383	0.126	1.096	0.604	1.046	0.095	1.012	0.300	1.042	0.106	0.957	0.398	0.124	1.205	1.074	0.549	0.556	0.860	0.967	0.271	0.673	0.683	0.822	0.472	0.124	1.232	1.136	0.646	0.263	0.887	1.010	0.275	0.107	0.945	0.776	0.502	0.125	1.236	1.192	0.648	0.128	0.954	0.993	0.203	0.134	0.942	0.846	0.473												
43:20:03													1.488	0.125	1.199	0.569	1.037	0.133	0.982	0.191	1.016	0.135	0.891	0.378	1.426	0.125	1.184	0.566	0.729	0.657	1.042	0.176	1.062	0.136	0.926	0.404	1.387	0.126	1.097	0.607	1.050	0.095	1.013	0.300	1.044	0.107	0.957	0.400	0.124	1.208	1.076	0.552	0.561	0.864	0.970	0.271	0.679	0.686	0.824	0.474	0.124	1.235	1.138	0.649	0.260	0.891	1.009	0.275	0.104	0.948	0.775	0.502	0.125	1.239	1.194	0.652	0.128	0.959	0.992	0.203	0.134	0.945	0.846	0.474												
43:40:03													1.488	0.125	1.198	0.571	1.035	0.133	0.981	0.191	1.014	0.135	0.890	0.378	1.429	0.125	1.187	0.569	0.729	0.656	1.040	0.176	1.062	0.135	0.925	0.404	1.390	0.126	1.099	0.610	1.054	0.095	1.013	0.300	1.047	0.107	0.955	0.402	0.124	1.210	1.076	0.554	0.563	0.867	0.974	0.272	0.683	0.690	0.825	0.476	0.124	1.238	1.140	0.652	0.259	0.895	1.008	0.274	0.104	0.952	0.774	0.502	0.125	1.242	1.195	0.658	0.128	0.963	0.991	0.202	0.134	0.948	0.845	0.474												
44:00:03													1.488	0.125	1.196	0.572	1.035	0.133	0.980	0.191	1.013	0.135	0.889	0.378	1.432	0.125	1.190	0.573	0.728	0.655	1.039	0.176	1.062	0.135	0.924	0.405	1.394	0.126	1.101	0.612	1.059	0.095	1.015	0.301	1.050	0.106	0.953	0.403	0.124	1.213	1.078	0.556	0.563	0.871	0.978	0.272	0.685	0.692	0.827	0.477	0.124	1.240	1.141	0.655	0.257	0.899	1.007	0.274	0.103	0.956	0.774	0.503	0.125	1.245	1.197	0.666	0.128	0.966	0.990	0.202	0.134	0.951	0.844	0.475												
44:20:03													1.488	0.125	1.195	0.574	1.036	0.133	0.979	0.191	1.011	0.135	0.887	0.379	1.435	0.125	1.193	0.576	0.728	0.655	1.038	0.175	1.061	0.136	0.923	0.405	1.396	0.126	1.102	0.614	1.063	0.095	1.015	0.301	1.052	0.107	0.950	0.404	0.124	1.215	1.079	0.558	0.562	0.874	0.981	0.272	0.686	0.691	0.827	0.477	0.124	1.242	1.144	0.657	0.255	0.902	1.006	0.273	0.103	0.959	0.773	0.502	0.125	1.248	1.196	0.667	0.128	0.969	0.989	0.202	0.135	0.954	0.844	0.475												
44:40:03													1.488	0.125	1.194	0.575	1.033	0.133	0.978	0.191	1.010	0.135	0.885	0.380	1.439	0.125	1.195	0.580	0.728	0.655	1.038	0.176	1.060	0.136	0.921	0.404	1.400	0.126	1.104	0.616	1.065	0.095	1.017	0.301	1.055	0.107	0.948	0.405	0.124	1.217	1.080	0.560	0.556	0.877	0.983	0.272	0.687	0.691	0.826	0.478	0.124	1.245	1.147	0.660	0.259	0.906	1.006	0.273	0.106	0.963	0.772	0.502	0.125	1.251	1.196	0.667	0.128	0.973	0.988	0.202	0.134	0.959	0.843	0.475												
45:00:03													1.488	0.125	1.193	0.575	1.032	0.133	0.977	0.191	1.007	0.135	0.884	0.380	1.442	0.125	1.197	0.582	0.728	0.654	1.037	0.175	1.059	0.136	0.920	0.405	1.403	0.126	1.105	0.618	1.066	0.095	1.018	0.301	1.057	0.107	0.945	0.406	0.124	1.219	1.081	0.562	0.563	0.881	0.985	0.273	0.687	0.689	0.825	0.478	0.124	1.247	1.149	0.662	0.255	0.909	1.004	0.272	0.105	0.966	0.771	0.501	0.125	1.254	1.194	0.665	0.128	0.977	0.987	0.202	0.134	0.961	0.842	0.475												
45:20:03													1.488	0.125	1.192	0.575	1.030	0.133	0.976	0.191	1.006	0.135	0.882	0.380	1.447	0.125	1.199	0.585	0.727	0.653	1.035	0.175	1.058	0.136	0.919	0.406	1.406	0.126	1.107	0.621	1.068	0.095	1.018	0.302	1.060	0.107	0.944	0.407	0.124	1.221	1.082	0.564	0.564	0.884	0.985	0.273	0.687	0.687	0.823	0.478	0.125	1.250	1.151	0.664	0.256	0.912	1.004	0.271	0.107	0.970	0.770	0.501	0.125	1.257	1.193	0.664	0.128	0.980	0.985	0.201	0.133	0.964	0.842	0.475												
45:40:03													1.489	0.126	1.194	0.578	1.033	0.133	0.976	0.191	1.004	0.134	0.880	0.373	1.452	0.125	1.204	0.591	0.728	0.654	1.034	0.175	1.056	0.136	0.917	0.403	1.413	0.126	1.110	0.623	1.069	0.095	1.020	0.302	1.063	0.107	0.940	0.403	0.124	1.225	1.085	0.567	0.550	0.887	0.986	0.272	0.685	0.685	0.820	0.476	0.124	1.254	1.155	0.667	0.286	0.916	1.003	0.271	0.106	0.972	0.769	0.498	0.125	1.260	1.194	0.664	0.129	0.982	0.985	0.203	0.134	0.968	0.839	0.473												
46:00:03													1.488	0.126	1.191	0.575	1.030	0.133	0.975	0.190	1.004	0.135	0.879	0.382	1.454	0.125	1.206	0.592	0.727	0.653	1.033	0.175	1.056	0.136	0.918	0.406	1.414	0.126	1.112	0.625	1.071	0.095	1.022	0.303	1.067	0.107	0.942	0.407	0.124	1.228	1.085	0.569	0.565	0.891	0.988	0.274	0.686	0.685	0.822	0.479	0.125	1.256	1.156	0.668	0.253	0.920	1.002	0.271	0.106	0.978	0.770	0.500	0.125	1.263	1.192	0.662	0.128	0.988	0.984	0.201	0.134	0.970	0.841	0.475												
46:20:03													1.488	0.126	1.191	0.576	1.028	0.133	0.974	0.190	1.002	0.135	0.878	0.383	1.456	0.125	1.208	0.594	0.728	0.651	1.033	0.175	1.055	0.136	0.917	0.406	1.417	0.126	1.113	0.628	1.073	0.095	1.022	0.303	1.070	0.107	0.940	0.407	0.124	1.230	1.086	0.571	0.564	0.894	0.989	0.275	0.685	0.683	0.820	0.478	0.125	1.258	1.158	0.669	0.251	0.923	1.001	0.270	0.103	0.981	0.769	0.499	0.125	1.266	1.191	0.660	0.128	0.991	0.982	0.201	0.134	0.974	0.840	0.476												
46:40:03													1.489	0.126	1.191	0.576	1.029	0.133	0.974	0.191	1.000	0.134	0.875	0.375	1.458	0.125	1.210	0.598	0.728	0.652	1.032	0.175	1.052	0.136	0.914	0.403	1.423	0.126	1.116	0.629	1.075	0.095	1.022	0.303	1.071	0.107	0.937	0.404	0.124	1.233	1.088	0.573	0.547	0.896	0.988	0.273	0.682	0.681	0.817	0.475	0.124	1.262	1.161	0.671	0.282	0.926	0.999	0.270	0.103	0.982	0.767	0.495	0.125	1.269	1.191	0.659	0.129	0.992	0.981	0.202	0.134	0.976	0.837	0.474												
47:00:03													1.488	0.126	1.189	0.575	1.026	0.133	0.973	0.190	1.000	0.135	0.875	0.384	1.460	0.125	1.212	0.598	0.727	0.651	1.031	0.175	1.053	0.136	0.916	0.406	1.424	0.126	1.119	0.632	1.077	0.095	1.023	0.304	1.075	0.107	0.939	0.407	0.124	1.236	1.089	0.575	0.563	0.900	0.990	0.274	0.683	0.680	0.819	0.478	0.125	1.264	1.163	0.672	0.244	0.931	1.000	0.270	0.103	0.988	0.768	0.498	0.125	1.273	1.190	0.657	0.128	0.998	0.981	0.201	0.135	0.979	0.839	0.476												
47:20:03													1.488	0.126	1.188	0.575	1.024	0.133	0.972	0.189	0.999	0.135	0.874	0.385	1.462	0.125	1.215	0.600	0.727	0.650	1.030	0.174	1.053	0.136	0.914	0.406	1.427	0.126	1.120	0.633	1.078	0.095	1.024	0.304	1.077	0.106	0.939	0.407	0.124	1.238	1.090	0.577	0.561	0.903	0.991	0.273	0.682	0.679	0.819	0.477	0.125	1.266	1.165	0.673	0.241	0.934	0.999	0.271	0.106	0.992	0.768	0.497	0.125	1.275	1.189	0.655	0.128	1.001	0.980	0.201	0.133	0.983	0.837	0.476												
47:40:03													1.487	0.126	1.187	0.574	1.024	0.133	0.971	0.189	0.998	0.135	0.872	0.386	1.464	0.125	1.218	0.601	0.726	0.649	1.029	0.174	1.052	0.136	0.914	0.407	1.430	0.126	1.121	0.635	1.079	0.095	1.024	0.304	1.078	0.107	0.939	0.407	0.124	1.240	1.091	0.578	0.562	0.906	0.992	0.274	0.681	0.678	0.819	0.478	0.125	1.268	1.166	0.674	0.243	0.937	0.998	0.270	0.102	0.995	0.767	0.497	0.125	1.278	1.188	0.653	0.128	1.005	0.979	0.201	0.133	0.987	0.837	0.477												
48:00:03													1.487	0.126	1.187	0.577	1.024	0.133	0.970	0.189	0.995	0.135	0.870	0.378	1.466	0.125	1.222	0.605	0.726	0.650	1.028	0.174	1.049	0.136	0.911	0.404	1.434	0.126	1.123	0.637	1.081	0.095	1.024	0.304	1.078	0.107	0.936	0.404	0.124	1.242	1.093	0.581	0.544	0.908	0.992	0.273	0.679	0.676	0.816	0.475	0.124	1.271	1.169	0.676	0.271	0.939	0.997	0.270	0.106	0.995	0.764	0.493	0.125	1.280	1.188	0.651	0.129	1.005	0.978	0.202	0.134	0.986	0.834	0.475												

