Field Group

Plate Comment:	
Procedure Summary
  Plate Type:              Corning 96 well for LogPhase600
  Plate Number:            1
  Discontinuous Kinetics:  Runtime 02:00:00 (D:HH:MM), Interval 00:20:00 (HH:MM:SS), 145 Reads (max)
  Read:                    600 nm
  Incubator:               On
    Temperature setpoint:  30 °C
    Temperature gradient:  Off
  Shaking:                 On
     Shaking frequency:    600 RPMs		
			
			

600

Time	A1	A2	A3	A4	A5	A6	A7	A8	A9	A10	A11	A12	B1	B2	B3	B4	B5	B6	B7	B8	B9	B10	B11	B12	C1	C2	C3	C4	C5	C6	C7	C8	C9	C10	C11	C12	D1	D2	D3	D4	D5	D6	D7	D8	D9	D10	D11	D12	E1	E2	E3	E4	E5	E6	E7	E8	E9	E10	E11	E12	F1	F2	F3	F4	F5	F6	F7	F8	F9	F10	F11	F12	G1	G2	G3	G4	G5	G6	G7	G8	G9	G10	G11	G12	H1	H2	H3	H4	H5	H6	H7	H8	H9	H10	H11	H12
0:00:00													0.123	0.122	0.121	0.120	0.135	0.133	0.132	0.133	0.135	0.102	0.135	0.144	0.121	0.120	0.121	0.121	0.132	0.134	0.133	0.134	0.135	0.114	0.134	0.132	0.122	0.127	0.098	0.124	0.146	0.140	0.143	0.134	0.136	0.137	0.137	0.138	0.124	0.124	0.124	0.121	0.135	0.136	0.136	0.169	0.133	0.135	0.135	0.133	0.123	0.122	0.123	0.124	0.135	0.135	0.134	0.133	0.132	0.133	0.134	0.134	0.120	0.127	0.121	0.122	0.136	0.134	0.133	0.133	0.134	0.134	0.134	0.142												
0:20:00													0.123	0.122	0.121	0.120	0.135	0.132	0.132	0.133	0.135	0.104	0.135	0.144	0.121	0.120	0.120	0.121	0.133	0.134	0.133	0.134	0.135	0.132	0.134	0.132	0.122	0.127	0.102	0.125	0.145	0.140	0.143	0.135	0.136	0.137	0.135	0.138	0.123	0.124	0.125	0.121	0.135	0.136	0.136	0.169	0.133	0.135	0.136	0.133	0.123	0.122	0.123	0.123	0.135	0.135	0.133	0.133	0.132	0.133	0.134	0.134	0.120	0.127	0.121	0.121	0.136	0.133	0.133	0.133	0.134	0.134	0.134	0.138												
0:40:00													0.123	0.122	0.121	0.121	0.135	0.132	0.132	0.133	0.135	0.105	0.135	0.144	0.121	0.120	0.120	0.121	0.133	0.134	0.133	0.134	0.135	0.135	0.134	0.132	0.122	0.127	0.103	0.125	0.145	0.140	0.143	0.135	0.136	0.137	0.135	0.138	0.123	0.124	0.125	0.121	0.135	0.135	0.136	0.164	0.133	0.135	0.136	0.133	0.123	0.122	0.123	0.123	0.135	0.134	0.133	0.133	0.132	0.133	0.134	0.134	0.120	0.127	0.121	0.121	0.136	0.133	0.133	0.133	0.134	0.134	0.134	0.137												
1:00:00													0.123	0.122	0.121	0.121	0.136	0.132	0.132	0.133	0.135	0.106	0.135	0.144	0.121	0.120	0.120	0.121	0.133	0.134	0.133	0.134	0.135	0.135	0.134	0.132	0.122	0.127	0.103	0.125	0.145	0.139	0.143	0.135	0.136	0.138	0.135	0.138	0.123	0.124	0.124	0.121	0.135	0.135	0.136	0.168	0.133	0.135	0.136	0.133	0.123	0.122	0.123	0.123	0.135	0.134	0.133	0.132	0.132	0.133	0.134	0.134	0.120	0.127	0.121	0.121	0.136	0.133	0.133	0.133	0.134	0.134	0.134	0.137												
1:20:00													0.123	0.122	0.121	0.121	0.135	0.133	0.132	0.133	0.135	0.106	0.135	0.144	0.121	0.120	0.121	0.121	0.132	0.134	0.133	0.133	0.135	0.135	0.134	0.132	0.123	0.126	0.103	0.125	0.145	0.139	0.143	0.134	0.136	0.138	0.135	0.138	0.123	0.124	0.124	0.120	0.135	0.135	0.136	0.159	0.133	0.135	0.136	0.133	0.123	0.122	0.123	0.123	0.135	0.134	0.134	0.132	0.133	0.133	0.134	0.134	0.120	0.128	0.121	0.121	0.137	0.133	0.133	0.133	0.133	0.134	0.134	0.137												
1:40:00													0.123	0.122	0.121	0.123	0.135	0.132	0.132	0.133	0.135	0.106	0.135	0.144	0.122	0.120	0.121	0.121	0.133	0.134	0.133	0.134	0.134	0.135	0.134	0.132	0.123	0.126	0.103	0.125	0.144	0.139	0.143	0.135	0.137	0.138	0.135	0.138	0.123	0.124	0.124	0.120	0.135	0.135	0.136	0.153	0.133	0.135	0.136	0.133	0.123	0.123	0.123	0.123	0.135	0.134	0.133	0.132	0.133	0.133	0.134	0.134	0.120	0.128	0.121	0.121	0.137	0.133	0.133	0.133	0.134	0.134	0.134	0.137												
2:00:00													0.123	0.122	0.121	0.124	0.135	0.132	0.132	0.133	0.135	0.107	0.135	0.144	0.122	0.120	0.121	0.121	0.133	0.134	0.133	0.133	0.134	0.136	0.134	0.132	0.123	0.126	0.103	0.125	0.144	0.139	0.143	0.135	0.137	0.138	0.135	0.138	0.123	0.124	0.124	0.120	0.135	0.135	0.136	0.167	0.133	0.135	0.136	0.133	0.123	0.123	0.123	0.123	0.135	0.134	0.133	0.132	0.133	0.133	0.134	0.134	0.120	0.128	0.121	0.121	0.138	0.133	0.133	0.133	0.134	0.134	0.134	0.137												
2:20:00													0.124	0.122	0.121	0.125	0.135	0.132	0.132	0.133	0.135	0.107	0.135	0.144	0.122	0.120	0.121	0.121	0.133	0.134	0.133	0.134	0.135	0.136	0.134	0.132	0.124	0.126	0.103	0.125	0.144	0.139	0.143	0.135	0.137	0.138	0.135	0.137	0.123	0.124	0.124	0.120	0.135	0.135	0.136	0.151	0.133	0.135	0.136	0.133	0.123	0.124	0.123	0.123	0.135	0.134	0.133	0.132	0.133	0.133	0.135	0.134	0.120	0.128	0.121	0.121	0.139	0.133	0.133	0.132	0.134	0.134	0.134	0.137												
2:40:00													0.125	0.122	0.122	0.126	0.136	0.132	0.132	0.133	0.136	0.107	0.135	0.144	0.124	0.120	0.121	0.122	0.133	0.134	0.133	0.134	0.135	0.136	0.134	0.132	0.125	0.126	0.103	0.125	0.144	0.139	0.143	0.135	0.137	0.138	0.136	0.138	0.123	0.124	0.124	0.121	0.135	0.135	0.136	0.160	0.133	0.135	0.136	0.134	0.123	0.125	0.123	0.123	0.135	0.134	0.133	0.132	0.133	0.133	0.135	0.135	0.120	0.129	0.122	0.121	0.140	0.133	0.133	0.133	0.134	0.134	0.134	0.137												
3:00:00													0.125	0.122	0.122	0.126	0.136	0.132	0.132	0.133	0.136	0.108	0.136	0.144	0.124	0.120	0.121	0.122	0.133	0.134	0.133	0.134	0.135	0.136	0.134	0.132	0.126	0.126	0.104	0.125	0.144	0.139	0.143	0.135	0.137	0.138	0.136	0.138	0.123	0.124	0.124	0.121	0.135	0.135	0.136	0.153	0.133	0.135	0.136	0.133	0.123	0.126	0.124	0.124	0.135	0.134	0.134	0.133	0.133	0.134	0.135	0.134	0.120	0.128	0.122	0.122	0.142	0.133	0.133	0.133	0.134	0.134	0.134	0.137												
3:20:00													0.126	0.122	0.122	0.126	0.136	0.133	0.133	0.133	0.135	0.107	0.136	0.144	0.125	0.120	0.122	0.122	0.134	0.134	0.133	0.134	0.135	0.136	0.134	0.132	0.127	0.126	0.104	0.126	0.144	0.140	0.143	0.134	0.137	0.138	0.136	0.138	0.123	0.124	0.124	0.121	0.135	0.135	0.136	0.145	0.133	0.136	0.137	0.133	0.123	0.128	0.124	0.124	0.135	0.134	0.134	0.132	0.133	0.134	0.135	0.134	0.120	0.129	0.122	0.122	0.144	0.133	0.133	0.133	0.134	0.134	0.134	0.137												
3:40:00													0.125	0.122	0.123	0.128	0.136	0.132	0.133	0.133	0.137	0.108	0.136	0.144	0.126	0.120	0.121	0.122	0.134	0.134	0.133	0.134	0.135	0.136	0.135	0.132	0.128	0.126	0.105	0.126	0.144	0.140	0.143	0.135	0.138	0.138	0.136	0.138	0.123	0.124	0.124	0.121	0.135	0.135	0.136	0.154	0.133	0.135	0.136	0.133	0.123	0.127	0.125	0.123	0.135	0.134	0.134	0.133	0.133	0.134	0.135	0.135	0.120	0.130	0.122	0.122	0.147	0.133	0.133	0.133	0.134	0.135	0.135	0.137												
4:00:00													0.126	0.122	0.123	0.129	0.137	0.132	0.133	0.133	0.136	0.108	0.136	0.144	0.127	0.120	0.123	0.123	0.135	0.134	0.134	0.134	0.135	0.136	0.135	0.132	0.128	0.126	0.106	0.127	0.145	0.140	0.143	0.135	0.138	0.138	0.136	0.138	0.123	0.125	0.124	0.122	0.135	0.135	0.136	0.160	0.133	0.136	0.137	0.133	0.123	0.129	0.126	0.126	0.135	0.134	0.134	0.133	0.133	0.134	0.136	0.135	0.120	0.129	0.123	0.123	0.151	0.133	0.134	0.133	0.134	0.135	0.135	0.138												
4:20:00													0.128	0.122	0.124	0.130	0.137	0.132	0.133	0.133	0.137	0.109	0.136	0.145	0.128	0.120	0.124	0.123	0.135	0.134	0.134	0.134	0.135	0.136	0.135	0.132	0.131	0.126	0.106	0.127	0.145	0.140	0.143	0.135	0.138	0.138	0.137	0.138	0.123	0.125	0.126	0.122	0.135	0.135	0.136	0.157	0.133	0.136	0.137	0.133	0.123	0.129	0.125	0.127	0.135	0.135	0.134	0.133	0.133	0.135	0.136	0.135	0.120	0.131	0.124	0.123	0.158	0.133	0.134	0.133	0.134	0.135	0.135	0.138												
4:40:00													0.131	0.122	0.125	0.130	0.138	0.132	0.133	0.133	0.137	0.109	0.137	0.145	0.130	0.120	0.124	0.123	0.136	0.134	0.134	0.134	0.136	0.137	0.135	0.132	0.131	0.126	0.108	0.129	0.145	0.140	0.144	0.135	0.138	0.138	0.137	0.139	0.123	0.126	0.124	0.123	0.135	0.135	0.137	0.160	0.133	0.136	0.136	0.133	0.123	0.130	0.127	0.127	0.135	0.135	0.135	0.133	0.133	0.134	0.136	0.135	0.120	0.130	0.127	0.123	0.165	0.134	0.135	0.133	0.134	0.136	0.135	0.139												
5:00:00													0.131	0.122	0.127	0.132	0.139	0.132	0.134	0.133	0.138	0.109	0.137	0.145	0.132	0.120	0.122	0.125	0.138	0.134	0.135	0.135	0.136	0.136	0.135	0.133	0.135	0.126	0.108	0.130	0.145	0.140	0.144	0.136	0.139	0.138	0.137	0.139	0.123	0.129	0.123	0.123	0.135	0.135	0.137	0.159	0.133	0.137	0.137	0.134	0.123	0.130	0.128	0.128	0.135	0.135	0.136	0.133	0.133	0.135	0.137	0.136	0.120	0.133	0.124	0.126	0.169	0.134	0.136	0.133	0.134	0.137	0.136	0.139												
5:20:00													0.133	0.122	0.128	0.131	0.140	0.132	0.135	0.133	0.138	0.110	0.138	0.145	0.134	0.120	0.125	0.126	0.140	0.134	0.135	0.134	0.136	0.137	0.135	0.133	0.137	0.126	0.111	0.131	0.146	0.141	0.145	0.136	0.140	0.138	0.138	0.140	0.123	0.128	0.126	0.124	0.135	0.135	0.138	0.162	0.133	0.137	0.139	0.133	0.123	0.132	0.131	0.129	0.134	0.136	0.137	0.133	0.133	0.135	0.138	0.136	0.120	0.135	0.127	0.127	0.180	0.134	0.137	0.134	0.134	0.137	0.137	0.140												
5:40:00													0.138	0.122	0.130	0.133	0.143	0.133	0.136	0.133	0.138	0.110	0.139	0.146	0.137	0.120	0.128	0.126	0.142	0.134	0.136	0.134	0.137	0.137	0.135	0.133	0.142	0.125	0.112	0.133	0.147	0.141	0.146	0.136	0.141	0.138	0.138	0.140	0.123	0.130	0.127	0.125	0.135	0.135	0.140	0.179	0.133	0.139	0.140	0.134	0.123	0.133	0.133	0.131	0.134	0.137	0.139	0.134	0.133	0.137	0.138	0.136	0.120	0.134	0.127	0.127	0.183	0.135	0.138	0.134	0.134	0.138	0.138	0.141												
6:00:00													0.146	0.122	0.132	0.134	0.145	0.132	0.137	0.133	0.141	0.111	0.141	0.146	0.138	0.120	0.132	0.129	0.146	0.134	0.137	0.136	0.137	0.138	0.136	0.134	0.149	0.126	0.115	0.135	0.147	0.142	0.147	0.136	0.141	0.138	0.139	0.141	0.123	0.130	0.130	0.125	0.136	0.136	0.141	0.178	0.133	0.139	0.140	0.134	0.123	0.135	0.133	0.131	0.134	0.137	0.139	0.134	0.133	0.137	0.140	0.137	0.120	0.133	0.132	0.127	0.195	0.135	0.139	0.134	0.134	0.139	0.140	0.141												
6:20:00													0.155	0.122	0.134	0.132	0.148	0.133	0.138	0.134	0.142	0.111	0.142	0.148	0.142	0.120	0.127	0.128	0.154	0.134	0.139	0.137	0.138	0.139	0.136	0.135	0.157	0.126	0.118	0.137	0.149	0.143	0.149	0.137	0.143	0.138	0.141	0.141	0.123	0.133	0.134	0.126	0.137	0.136	0.144	0.184	0.133	0.140	0.141	0.135	0.123	0.138	0.137	0.132	0.134	0.139	0.140	0.135	0.133	0.139	0.141	0.137	0.120	0.137	0.137	0.129	0.215	0.136	0.143	0.135	0.134	0.140	0.140	0.141												
6:40:00													0.145	0.122	0.140	0.133	0.156	0.133	0.141	0.134	0.143	0.112	0.145	0.147	0.167	0.120	0.136	0.135	0.162	0.134	0.141	0.139	0.140	0.141	0.137	0.136	0.158	0.126	0.122	0.142	0.151	0.144	0.150	0.138	0.144	0.138	0.142	0.144	0.123	0.135	0.139	0.129	0.137	0.136	0.147	0.193	0.133	0.141	0.141	0.136	0.123	0.142	0.143	0.134	0.134	0.139	0.143	0.136	0.133	0.140	0.143	0.138	0.120	0.133	0.143	0.129	0.230	0.137	0.146	0.137	0.134	0.142	0.142	0.142												
7:00:00													0.149	0.122	0.159	0.133	0.175	0.133	0.145	0.134	0.144	0.112	0.147	0.149	0.157	0.121	0.152	0.142	0.171	0.134	0.147	0.138	0.139	0.142	0.137	0.135	0.177	0.126	0.143	0.150	0.154	0.145	0.155	0.138	0.146	0.138	0.144	0.145	0.123	0.137	0.152	0.129	0.138	0.137	0.155	0.215	0.133	0.144	0.145	0.137	0.123	0.147	0.155	0.136	0.134	0.141	0.152	0.137	0.133	0.141	0.145	0.139	0.120	0.140	0.154	0.130	0.254	0.138	0.158	0.138	0.134	0.144	0.144	0.148												
7:20:00													0.173	0.122	0.153	0.136	0.181	0.133	0.159	0.135	0.148	0.113	0.150	0.151	0.174	0.121	0.162	0.164	0.182	0.134	0.158	0.136	0.142	0.144	0.139	0.137	0.188	0.126	0.140	0.175	0.160	0.149	0.163	0.139	0.146	0.138	0.146	0.144	0.123	0.139	0.147	0.131	0.139	0.137	0.163	0.220	0.133	0.144	0.148	0.137	0.123	0.158	0.155	0.139	0.134	0.142	0.166	0.137	0.133	0.142	0.149	0.140	0.120	0.147	0.155	0.134	0.281	0.139	0.168	0.138	0.134	0.145	0.147	0.146												
7:40:00													0.170	0.122	0.155	0.136	0.184	0.133	0.169	0.135	0.152	0.116	0.155	0.150	0.175	0.121	0.165	0.172	0.194	0.134	0.158	0.137	0.140	0.146	0.141	0.138	0.205	0.126	0.141	0.175	0.176	0.152	0.166	0.141	0.148	0.138	0.148	0.146	0.123	0.141	0.152	0.133	0.140	0.138	0.164	0.241	0.133	0.146	0.149	0.139	0.123	0.181	0.161	0.148	0.134	0.144	0.160	0.138	0.133	0.144	0.151	0.140	0.120	0.155	0.166	0.136	0.302	0.141	0.178	0.140	0.134	0.147	0.151	0.152												
8:00:00													0.184	0.122	0.164	0.142	0.199	0.133	0.184	0.136	0.156	0.117	0.163	0.154	0.189	0.120	0.179	0.166	0.201	0.134	0.175	0.140	0.145	0.149	0.141	0.139	0.242	0.125	0.163	0.167	0.178	0.164	0.173	0.143	0.150	0.138	0.152	0.149	0.123	0.145	0.161	0.137	0.141	0.140	0.178	0.304	0.133	0.149	0.154	0.140	0.123	0.199	0.188	0.173	0.134	0.146	0.177	0.140	0.133	0.147	0.157	0.143	0.121	0.175	0.178	0.142	0.341	0.142	0.189	0.142	0.134	0.149	0.155	0.152												
8:20:00													0.194	0.122	0.194	0.168	0.212	0.133	0.195	0.137	0.163	0.119	0.170	0.154	0.193	0.120	0.188	0.178	0.222	0.134	0.184	0.138	0.147	0.157	0.140	0.143	0.279	0.125	0.174	0.199	0.197	0.185	0.184	0.143	0.153	0.138	0.157	0.151	0.123	0.155	0.170	0.156	0.143	0.140	0.196	0.361	0.133	0.156	0.160	0.140	0.123	0.215	0.198	0.174	0.134	0.150	0.192	0.142	0.133	0.152	0.162	0.144	0.121	0.189	0.185	0.167	0.370	0.148	0.210	0.145	0.134	0.157	0.155	0.156												
8:40:00													0.202	0.122	0.200	0.169	0.230	0.133	0.191	0.137	0.175	0.119	0.170	0.168	0.202	0.120	0.185	0.186	0.243	0.134	0.188	0.141	0.149	0.171	0.142	0.145	0.311	0.125	0.194	0.212	0.212	0.184	0.197	0.144	0.162	0.139	0.163	0.155	0.123	0.181	0.184	0.162	0.146	0.142	0.193	0.365	0.133	0.181	0.167	0.144	0.123	0.246	0.232	0.168	0.134	0.161	0.196	0.144	0.133	0.172	0.170	0.146	0.120	0.201	0.224	0.180	0.390	0.170	0.227	0.150	0.134	0.172	0.164	0.158												
9:00:00													0.218	0.121	0.259	0.164	0.247	0.133	0.209	0.139	0.180	0.122	0.175	0.198	0.219	0.120	0.197	0.206	0.255	0.134	0.205	0.144	0.154	0.177	0.144	0.153	0.332	0.125	0.243	0.245	0.222	0.195	0.216	0.148	0.171	0.138	0.175	0.165	0.123	0.189	0.214	0.154	0.153	0.144	0.202	0.430	0.133	0.183	0.184	0.144	0.123	0.274	0.254	0.183	0.134	0.180	0.216	0.150	0.133	0.181	0.190	0.155	0.120	0.235	0.247	0.187	0.403	0.178	0.253	0.175	0.134	0.183	0.172	0.164												
9:20:00													0.241	0.121	0.291	0.162	0.269	0.133	0.234	0.140	0.193	0.124	0.182	0.190	0.242	0.120	0.223	0.234	0.291	0.134	0.217	0.148	0.162	0.183	0.148	0.169	0.353	0.125	0.278	0.278	0.234	0.210	0.243	0.160	0.170	0.138	0.177	0.193	0.123	0.200	0.242	0.161	0.161	0.153	0.226	0.422	0.133	0.190	0.181	0.151	0.123	0.297	0.270	0.197	0.134	0.174	0.239	0.164	0.133	0.185	0.188	0.167	0.120	0.258	0.255	0.187	0.424	0.172	0.257	0.165	0.134	0.206	0.190	0.168												
9:40:00													0.265	0.122	0.329	0.175	0.311	0.133	0.261	0.141	0.218	0.128	0.190	0.187	0.263	0.120	0.239	0.258	0.321	0.134	0.234	0.161	0.172	0.186	0.157	0.184	0.380	0.125	0.310	0.302	0.257	0.224	0.271	0.162	0.177	0.139	0.182	0.194	0.123	0.210	0.270	0.163	0.170	0.178	0.248	0.453	0.133	0.206	0.195	0.160	0.123	0.311	0.296	0.211	0.134	0.184	0.270	0.156	0.133	0.196	0.198	0.190	0.121	0.271	0.275	0.196	0.457	0.181	0.290	0.178	0.134	0.235	0.181	0.178												
10:00:00													0.288	0.122	0.362	0.189	0.335	0.133	0.292	0.141	0.241	0.143	0.202	0.196	0.289	0.120	0.263	0.283	0.349	0.134	0.259	0.183	0.171	0.201	0.169	0.186	0.404	0.125	0.335	0.325	0.275	0.244	0.290	0.165	0.188	0.138	0.195	0.203	0.123	0.256	0.294	0.174	0.172	0.169	0.270	0.464	0.133	0.224	0.213	0.183	0.123	0.328	0.311	0.230	0.134	0.196	0.288	0.162	0.133	0.212	0.216	0.197	0.121	0.296	0.300	0.218	0.487	0.193	0.328	0.184	0.134	0.239	0.186	0.195												
10:20:00													0.322	0.122	0.388	0.200	0.367	0.133	0.321	0.147	0.261	0.153	0.217	0.205	0.320	0.120	0.288	0.309	0.381	0.134	0.286	0.193	0.176	0.221	0.168	0.193	0.431	0.125	0.355	0.347	0.300	0.269	0.319	0.173	0.203	0.138	0.210	0.217	0.123	0.281	0.320	0.193	0.183	0.171	0.297	0.484	0.133	0.257	0.232	0.188	0.123	0.341	0.334	0.256	0.134	0.223	0.319	0.166	0.133	0.233	0.232	0.199	0.121	0.318	0.321	0.243	0.516	0.202	0.361	0.206	0.134	0.253	0.193	0.223												
10:40:00													0.357	0.122	0.408	0.211	0.394	0.133	0.359	0.164	0.282	0.156	0.238	0.220	0.351	0.120	0.304	0.332	0.412	0.134	0.318	0.203	0.185	0.234	0.176	0.203	0.470	0.125	0.379	0.366	0.326	0.297	0.355	0.181	0.212	0.138	0.223	0.237	0.123	0.306	0.343	0.215	0.199	0.178	0.322	0.506	0.133	0.273	0.249	0.199	0.123	0.355	0.360	0.278	0.134	0.241	0.355	0.176	0.133	0.270	0.248	0.201	0.121	0.341	0.345	0.265	0.549	0.208	0.393	0.229	0.134	0.277	0.213	0.244												
11:00:00													0.412	0.122	0.430	0.224	0.429	0.133	0.390	0.156	0.303	0.157	0.261	0.232	0.378	0.120	0.333	0.354	0.450	0.134	0.354	0.207	0.192	0.254	0.185	0.222	0.496	0.125	0.412	0.387	0.356	0.320	0.388	0.185	0.227	0.138	0.238	0.253	0.123	0.332	0.371	0.237	0.223	0.188	0.343	0.520	0.133	0.293	0.274	0.206	0.123	0.372	0.389	0.300	0.134	0.268	0.389	0.187	0.133	0.298	0.267	0.212	0.121	0.360	0.378	0.293	0.584	0.218	0.428	0.234	0.135	0.306	0.239	0.266												
11:20:00													0.447	0.122	0.469	0.238	0.461	0.133	0.429	0.158	0.331	0.167	0.286	0.246	0.411	0.120	0.389	0.379	0.485	0.134	0.383	0.234	0.210	0.277	0.193	0.238	0.531	0.125	0.446	0.405	0.389	0.349	0.420	0.194	0.253	0.139	0.260	0.279	0.123	0.353	0.399	0.257	0.238	0.198	0.373	0.550	0.133	0.322	0.301	0.216	0.123	0.390	0.420	0.319	0.134	0.290	0.423	0.204	0.133	0.328	0.292	0.224	0.121	0.378	0.407	0.317	0.606	0.230	0.465	0.245	0.135	0.355	0.256	0.296												
11:40:00													0.510	0.122	0.510	0.258	0.501	0.133	0.466	0.160	0.347	0.180	0.311	0.265	0.450	0.120	0.417	0.416	0.525	0.134	0.414	0.241	0.223	0.303	0.203	0.256	0.561	0.125	0.485	0.447	0.424	0.375	0.453	0.207	0.274	0.138	0.284	0.293	0.123	0.363	0.421	0.275	0.267	0.209	0.398	0.599	0.133	0.350	0.328	0.229	0.123	0.410	0.468	0.332	0.134	0.319	0.454	0.224	0.133	0.358	0.319	0.240	0.121	0.397	0.438	0.340	0.634	0.244	0.499	0.259	0.135	0.386	0.268	0.307												
12:00:01													0.552	0.122	0.535	0.274	0.540	0.133	0.501	0.169	0.365	0.200	0.341	0.282	0.489	0.120	0.450	0.452	0.572	0.134	0.441	0.247	0.235	0.332	0.220	0.278	0.593	0.125	0.520	0.490	0.457	0.406	0.482	0.223	0.303	0.138	0.304	0.323	0.123	0.372	0.449	0.290	0.284	0.226	0.427	0.613	0.133	0.380	0.351	0.240	0.123	0.435	0.508	0.357	0.134	0.349	0.486	0.242	0.133	0.400	0.344	0.258	0.121	0.418	0.476	0.363	0.665	0.262	0.532	0.278	0.135	0.417	0.281	0.341												
12:20:01													0.569	0.122	0.574	0.288	0.576	0.133	0.533	0.178	0.377	0.225	0.370	0.300	0.530	0.120	0.478	0.492	0.618	0.134	0.475	0.257	0.251	0.360	0.237	0.306	0.622	0.126	0.548	0.517	0.492	0.433	0.524	0.242	0.332	0.138	0.328	0.350	0.123	0.385	0.487	0.304	0.300	0.241	0.465	0.650	0.133	0.403	0.381	0.249	0.123	0.456	0.532	0.380	0.134	0.380	0.517	0.259	0.133	0.437	0.370	0.276	0.121	0.441	0.516	0.405	0.701	0.283	0.574	0.296	0.135	0.435	0.301	0.384												
12:40:01													0.614	0.122	0.599	0.310	0.622	0.133	0.564	0.195	0.406	0.247	0.405	0.324	0.562	0.121	0.502	0.520	0.661	0.134	0.517	0.271	0.273	0.392	0.255	0.340	0.647	0.126	0.566	0.543	0.528	0.458	0.557	0.264	0.367	0.139	0.353	0.379	0.123	0.404	0.521	0.317	0.313	0.255	0.509	0.662	0.133	0.429	0.414	0.270	0.123	0.475	0.547	0.398	0.134	0.412	0.541	0.280	0.133	0.468	0.390	0.299	0.121	0.464	0.564	0.424	0.737	0.305	0.626	0.315	0.135	0.449	0.329	0.409												
13:00:01													0.638	0.122	0.620	0.332	0.671	0.133	0.602	0.213	0.433	0.271	0.435	0.346	0.595	0.121	0.533	0.543	0.735	0.134	0.541	0.282	0.298	0.420	0.275	0.362	0.670	0.126	0.600	0.563	0.582	0.490	0.592	0.286	0.402	0.139	0.385	0.409	0.123	0.429	0.550	0.331	0.332	0.270	0.544	0.693	0.133	0.457	0.442	0.282	0.123	0.497	0.571	0.417	0.134	0.446	0.561	0.306	0.133	0.498	0.421	0.325	0.121	0.489	0.583	0.439	0.795	0.322	0.687	0.330	0.135	0.476	0.357	0.446												
13:20:01													0.660	0.122	0.648	0.357	0.707	0.133	0.617	0.226	0.462	0.301	0.458	0.376	0.622	0.121	0.551	0.567	0.768	0.134	0.585	0.305	0.324	0.448	0.298	0.391	0.694	0.125	0.602	0.588	0.629	0.539	0.626	0.311	0.438	0.139	0.418	0.439	0.123	0.460	0.575	0.347	0.354	0.287	0.574	0.709	0.133	0.480	0.473	0.299	0.123	0.515	0.606	0.439	0.134	0.481	0.642	0.341	0.133	0.515	0.454	0.347	0.121	0.511	0.607	0.468	0.826	0.347	0.715	0.358	0.134	0.522	0.385	0.489												
13:40:01													0.680	0.122	0.662	0.376	0.752	0.133	0.675	0.237	0.497	0.324	0.487	0.397	0.645	0.121	0.572	0.586	0.787	0.134	0.629	0.326	0.353	0.473	0.322	0.421	0.716	0.125	0.619	0.612	0.677	0.576	0.675	0.338	0.470	0.139	0.449	0.466	0.123	0.489	0.597	0.364	0.385	0.304	0.621	0.730	0.133	0.506	0.496	0.319	0.123	0.539	0.625	0.456	0.134	0.514	0.671	0.377	0.133	0.540	0.481	0.373	0.121	0.538	0.636	0.482	0.858	0.367	0.767	0.390	0.134	0.551	0.416	0.569												
14:00:01													0.707	0.122	0.682	0.415	0.792	0.133	0.729	0.257	0.528	0.350	0.514	0.415	0.668	0.121	0.591	0.608	0.822	0.134	0.680	0.352	0.384	0.504	0.351	0.447	0.736	0.125	0.633	0.626	0.693	0.587	0.703	0.363	0.501	0.139	0.475	0.499	0.123	0.511	0.612	0.393	0.406	0.324	0.647	0.751	0.133	0.532	0.518	0.345	0.123	0.557	0.634	0.473	0.134	0.543	0.718	0.389	0.133	0.556	0.506	0.397	0.121	0.561	0.652	0.512	0.906	0.386	0.815	0.415	0.135	0.579	0.523	0.688												
14:20:01													0.729	0.122	0.695	0.431	0.833	0.133	0.772	0.276	0.563	0.379	0.519	0.437	0.692	0.121	0.608	0.631	0.849	0.134	0.719	0.377	0.412	0.547	0.379	0.465	0.753	0.126	0.645	0.641	0.723	0.638	0.725	0.392	0.538	0.139	0.497	0.519	0.123	0.535	0.633	0.420	0.436	0.339	0.668	0.781	0.133	0.562	0.548	0.372	0.123	0.580	0.647	0.499	0.134	0.561	0.756	0.404	0.133	0.584	0.531	0.437	0.121	0.583	0.674	0.523	0.931	0.399	0.844	0.443	0.135	0.606	0.614	0.721												
14:40:01													0.755	0.122	0.715	0.439	0.859	0.133	0.825	0.294	0.611	0.410	0.549	0.457	0.720	0.121	0.624	0.642	0.887	0.134	0.748	0.404	0.437	0.589	0.403	0.486	0.781	0.126	0.657	0.661	0.746	0.668	0.765	0.419	0.580	0.139	0.519	0.545	0.123	0.560	0.652	0.453	0.469	0.365	0.696	0.795	0.133	0.581	0.560	0.395	0.123	0.600	0.666	0.520	0.134	0.591	0.790	0.416	0.133	0.620	0.557	0.462	0.121	0.613	0.687	0.553	0.957	0.421	0.868	0.474	0.135	0.653	0.707	0.736												
15:00:01													0.777	0.122	0.739	0.465	0.879	0.133	0.870	0.315	0.700	0.443	0.621	0.479	0.744	0.121	0.633	0.660	0.912	0.134	0.786	0.431	0.461	0.637	0.430	0.500	0.793	0.126	0.675	0.669	0.777	0.700	0.787	0.443	0.611	0.139	0.524	0.576	0.123	0.585	0.666	0.467	0.492	0.391	0.717	0.815	0.133	0.638	0.588	0.421	0.123	0.622	0.688	0.550	0.134	0.621	0.825	0.433	0.133	0.640	0.583	0.512	0.121	0.642	0.704	0.563	1.004	0.455	0.899	0.511	0.135	0.686	0.778	0.741												
15:20:01													0.798	0.122	0.738	0.491	0.911	0.133	0.910	0.333	0.738	0.470	0.674	0.509	0.762	0.121	0.651	0.680	0.928	0.134	0.817	0.469	0.505	0.679	0.451	0.524	0.820	0.126	0.694	0.690	0.805	0.719	0.834	0.461	0.678	0.139	0.556	0.582	0.123	0.608	0.685	0.489	0.510	0.410	0.739	0.832	0.133	0.696	0.587	0.438	0.123	0.641	0.709	0.561	0.134	0.645	0.849	0.462	0.133	0.661	0.643	0.529	0.121	0.664	0.713	0.590	1.053	0.475	0.924	0.507	0.135	0.701	0.834	0.737												
15:40:01													0.820	0.122	0.753	0.517	0.933	0.133	0.949	0.359	0.755	0.492	0.716	0.538	0.783	0.121	0.666	0.695	0.945	0.134	0.844	0.492	0.527	0.685	0.473	0.538	0.837	0.126	0.702	0.701	0.826	0.730	0.863	0.494	0.715	0.139	0.602	0.605	0.123	0.628	0.705	0.509	0.536	0.431	0.750	0.848	0.133	0.725	0.672	0.456	0.123	0.662	0.721	0.577	0.134	0.663	0.868	0.469	0.133	0.697	0.703	0.562	0.121	0.684	0.734	0.606	1.096	0.493	0.954	0.540	0.135	0.734	0.914	0.735												
16:00:01													0.844	0.122	0.770	0.547	0.965	0.133	0.974	0.387	0.815	0.519	0.724	0.577	0.804	0.121	0.683	0.715	0.974	0.134	0.869	0.509	0.615	0.693	0.494	0.557	0.850	0.126	0.724	0.714	0.851	0.759	0.875	0.485	0.757	0.139	0.661	0.609	0.123	0.648	0.721	0.530	0.571	0.450	0.766	0.863	0.133	0.759	0.712	0.491	0.123	0.680	0.732	0.592	0.134	0.692	0.883	0.483	0.133	0.754	0.765	0.577	0.121	0.702	0.742	0.607	1.114	0.528	0.977	0.560	0.135	0.780	0.958	0.728												
16:20:01													0.865	0.122	0.785	0.575	0.995	0.133	1.006	0.400	0.847	0.567	0.755	0.632	0.825	0.121	0.695	0.730	1.005	0.134	0.889	0.561	0.626	0.724	0.572	0.611	0.870	0.126	0.724	0.730	0.871	0.787	0.908	0.496	0.801	0.139	0.708	0.634	0.123	0.674	0.740	0.547	0.599	0.473	0.784	0.886	0.134	0.810	0.770	0.532	0.123	0.707	0.742	0.606	0.134	0.751	0.899	0.511	0.134	0.797	0.773	0.630	0.122	0.723	0.750	0.627	1.144	0.566	1.002	0.580	0.135	0.801	0.999	0.731												
16:40:01													0.885	0.122	0.791	0.590	1.032	0.133	1.043	0.430	0.858	0.592	0.768	0.679	0.845	0.121	0.709	0.745	1.027	0.134	0.910	0.594	0.659	0.749	0.620	0.647	0.883	0.126	0.737	0.738	0.891	0.802	0.934	0.536	0.839	0.139	0.723	0.674	0.123	0.698	0.758	0.568	0.636	0.504	0.798	0.904	0.133	0.852	0.792	0.565	0.123	0.736	0.753	0.623	0.134	0.777	0.916	0.547	0.134	0.847	0.792	0.652	0.122	0.743	0.777	0.650	1.155	0.579	1.029	0.602	0.135	0.855	1.024	0.730												
17:00:01													0.904	0.122	0.805	0.607	1.048	0.133	1.075	0.444	0.903	0.619	0.795	0.699	0.868	0.121	0.717	0.756	1.039	0.134	0.928	0.617	0.680	0.779	0.666	0.669	0.903	0.126	0.747	0.755	0.906	0.821	0.954	0.559	0.873	0.139	0.752	0.702	0.123	0.720	0.776	0.579	0.673	0.525	0.814	0.924	0.134	0.878	0.835	0.593	0.123	0.762	0.770	0.641	0.134	0.816	0.936	0.581	0.134	0.892	0.825	0.686	0.122	0.768	0.776	0.661	1.169	0.597	1.054	0.631	0.135	0.909	1.052	0.740												
17:20:01													0.922	0.122	0.822	0.628	1.074	0.133	1.111	0.468	0.945	0.664	0.809	0.728	0.890	0.121	0.728	0.769	1.059	0.134	0.948	0.666	0.708	0.793	0.687	0.699	0.918	0.126	0.759	0.766	0.924	0.839	0.972	0.595	0.911	0.139	0.781	0.737	0.123	0.745	0.785	0.602	0.701	0.584	0.828	0.932	0.134	0.903	0.844	0.616	0.123	0.790	0.784	0.657	0.134	0.859	0.955	0.602	0.134	0.929	0.856	0.723	0.122	0.794	0.790	0.685	1.180	0.617	1.083	0.649	0.135	0.943	1.073	0.743												
17:40:01													0.942	0.122	0.846	0.645	1.100	0.133	1.140	0.501	0.978	0.700	0.824	0.754	0.906	0.121	0.742	0.781	1.073	0.134	0.963	0.686	0.736	0.809	0.706	0.742	0.935	0.126	0.772	0.779	0.937	0.857	0.982	0.622	0.946	0.139	0.802	0.763	0.123	0.767	0.797	0.612	0.746	0.618	0.841	0.944	0.133	0.940	0.864	0.644	0.123	0.820	0.793	0.672	0.134	0.888	0.974	0.625	0.134	0.955	0.879	0.764	0.122	0.810	0.800	0.696	1.188	0.641	1.108	0.671	0.135	0.989	1.097	0.754												
18:00:01													0.953	0.122	0.868	0.669	1.121	0.133	1.154	0.523	1.038	0.752	0.843	0.773	0.924	0.121	0.752	0.794	1.095	0.134	0.977	0.716	0.752	0.831	0.725	0.774	0.950	0.126	0.785	0.795	0.952	0.880	0.999	0.644	0.982	0.139	0.827	0.774	0.123	0.787	0.815	0.630	0.777	0.655	0.855	0.958	0.134	0.962	0.896	0.669	0.123	0.841	0.811	0.689	0.134	0.916	0.993	0.647	0.134	0.981	0.902	0.789	0.122	0.830	0.808	0.715	1.202	0.682	1.122	0.710	0.135	1.010	1.112	0.768												
18:20:01													0.971	0.122	0.913	0.693	1.137	0.133	1.173	0.553	1.056	0.805	0.862	0.794	0.943	0.121	0.766	0.814	1.113	0.134	0.994	0.728	0.777	0.855	0.742	0.802	0.970	0.126	0.801	0.812	0.961	0.886	1.018	0.665	1.002	0.139	0.848	0.799	0.123	0.809	0.825	0.648	0.813	0.690	0.879	0.972	0.133	0.986	0.919	0.681	0.123	0.862	0.825	0.710	0.134	0.941	1.008	0.670	0.134	1.015	0.924	0.817	0.122	0.853	0.823	0.728	1.210	0.693	1.142	0.739	0.135	1.040	1.122	0.785												
18:40:01													0.989	0.122	0.961	0.721	1.151	0.133	1.204	0.574	1.084	0.811	0.881	0.820	0.956	0.121	0.780	0.828	1.130	0.134	1.009	0.746	0.797	0.861	0.769	0.808	0.983	0.126	0.812	0.818	0.982	0.909	1.036	0.685	1.029	0.139	0.861	0.823	0.123	0.829	0.832	0.661	0.846	0.697	0.899	0.987	0.133	1.006	0.923	0.703	0.123	0.878	0.840	0.729	0.134	0.969	1.028	0.690	0.134	1.037	0.938	0.850	0.122	0.876	0.839	0.745	1.216	0.730	1.153	0.764	0.135	1.073	1.127	0.800												
19:00:01													1.008	0.122	1.002	0.758	1.151	0.133	1.213	0.595	1.079	0.832	0.889	0.842	0.977	0.121	0.792	0.841	1.149	0.134	1.029	0.762	0.818	0.870	0.789	0.828	0.993	0.126	0.820	0.830	0.978	0.914	1.055	0.699	1.045	0.139	0.879	0.841	0.123	0.867	0.854	0.690	0.872	0.725	0.902	1.002	0.133	1.023	0.944	0.734	0.123	0.900	0.856	0.743	0.134	0.985	1.044	0.704	0.134	1.062	0.961	0.879	0.122	0.898	0.861	0.765	1.219	0.733	1.168	0.783	0.136	1.084	1.134	0.810												
19:20:01													1.025	0.122	1.029	0.794	1.174	0.133	1.226	0.622	1.088	0.841	0.905	0.862	0.989	0.121	0.811	0.848	1.164	0.134	1.047	0.790	0.833	0.885	0.799	0.853	1.007	0.126	0.834	0.836	1.014	0.940	1.077	0.714	1.069	0.139	0.894	0.859	0.123	0.892	0.863	0.696	0.897	0.747	0.925	1.013	0.134	1.053	0.962	0.758	0.123	0.924	0.868	0.767	0.134	1.000	1.064	0.721	0.134	1.085	0.988	0.916	0.122	0.919	0.875	0.781	1.222	0.743	1.172	0.797	0.136	1.110	1.135	0.817												
19:40:01													1.041	0.122	1.065	0.806	1.198	0.133	1.234	0.662	1.095	0.840	0.917	0.882	1.007	0.121	0.811	0.857	1.181	0.134	1.056	0.822	0.847	0.903	0.809	0.871	1.030	0.126	0.845	0.847	1.024	0.974	1.094	0.732	1.082	0.139	0.911	0.873	0.123	0.922	0.870	0.712	0.923	0.780	0.940	1.027	0.134	1.063	0.978	0.780	0.123	0.935	0.878	0.773	0.134	1.023	1.072	0.738	0.134	1.110	1.000	0.936	0.122	0.937	0.886	0.808	1.226	0.744	1.175	0.806	0.136	1.130	1.134	0.825												
20:00:01													1.057	0.123	1.102	0.838	1.201	0.134	1.243	0.688	1.100	0.847	0.942	0.891	1.022	0.121	0.823	0.870	1.193	0.134	1.084	0.831	0.862	0.923	0.833	0.888	1.048	0.126	0.857	0.858	1.044	0.959	1.103	0.751	1.096	0.139	0.927	0.890	0.124	0.951	0.887	0.726	0.944	0.799	0.954	1.041	0.134	1.082	0.993	0.798	0.123	0.930	0.893	0.787	0.134	1.046	1.099	0.762	0.134	1.129	1.018	0.953	0.122	0.954	0.909	0.823	1.228	0.756	1.184	0.819	0.135	1.153	1.131	0.828												
20:20:01													1.072	0.123	1.123	0.853	1.216	0.133	1.250	0.691	1.106	0.858	0.949	0.915	1.041	0.121	0.839	0.884	1.209	0.134	1.097	0.849	0.887	0.938	0.836	0.900	1.060	0.126	0.865	0.871	1.057	0.982	1.106	0.769	1.115	0.139	0.928	0.909	0.123	0.968	0.893	0.747	0.961	0.821	0.967	1.048	0.134	1.100	1.009	0.818	0.123	0.944	0.904	0.799	0.134	1.065	1.110	0.767	0.134	1.151	1.045	0.962	0.122	0.967	0.923	0.853	1.227	0.759	1.191	0.821	0.136	1.167	1.129	0.825												
20:40:01													1.094	0.123	1.142	0.867	1.221	0.134	1.256	0.702	1.112	0.813	0.979	0.931	1.056	0.121	0.851	0.893	1.225	0.134	1.110	0.869	0.906	0.974	0.852	0.921	1.079	0.126	0.874	0.883	1.065	0.998	1.126	0.799	1.129	0.140	0.972	0.925	0.124	0.985	0.902	0.767	0.970	0.832	0.980	1.054	0.134	1.116	1.031	0.839	0.123	0.955	0.918	0.819	0.134	1.084	1.126	0.807	0.134	1.171	1.072	0.977	0.122	0.987	0.936	0.864	1.231	0.769	1.201	0.833	0.135	1.181	1.123	0.837												
21:00:01													1.110	0.123	1.161	0.887	1.239	0.133	1.265	0.703	1.111	0.824	0.974	0.954	1.074	0.121	0.861	0.906	1.234	0.134	1.121	0.879	0.931	0.990	0.862	0.934	1.103	0.126	0.879	0.890	1.071	1.006	1.136	0.817	1.147	0.140	0.977	0.941	0.123	0.996	0.915	0.777	0.973	0.839	0.989	1.060	0.134	1.131	1.041	0.855	0.123	0.970	0.927	0.833	0.134	1.105	1.137	0.816	0.134	1.190	1.076	0.984	0.122	0.999	0.951	0.879	1.229	0.767	1.204	0.840	0.136	1.194	1.115	0.845												
21:20:01													1.118	0.123	1.181	0.903	1.250	0.133	1.272	0.710	1.113	0.823	0.979	0.977	1.091	0.121	0.867	0.918	1.245	0.134	1.123	0.888	0.959	1.000	0.873	0.943	1.117	0.126	0.889	0.904	1.079	1.016	1.145	0.836	1.163	0.139	0.982	0.952	0.123	1.012	0.929	0.802	0.995	0.843	0.994	1.065	0.134	1.146	1.055	0.874	0.123	1.000	0.935	0.855	0.134	1.123	1.140	0.826	0.134	1.208	1.080	0.997	0.122	1.015	0.967	0.890	1.230	0.765	1.205	0.844	0.136	1.203	1.112	0.852												
21:40:01													1.129	0.123	1.196	0.925	1.265	0.134	1.273	0.716	1.112	0.827	0.984	0.984	1.110	0.122	0.876	0.927	1.259	0.134	1.127	0.894	0.961	1.016	0.882	0.957	1.133	0.126	0.900	0.913	1.090	1.024	1.156	0.841	1.177	0.139	1.003	0.973	0.124	1.028	0.932	0.816	1.004	0.860	1.003	1.073	0.134	1.157	1.074	0.892	0.123	1.019	0.942	0.876	0.134	1.137	1.147	0.837	0.134	1.221	1.090	1.006	0.122	1.030	0.968	0.887	1.235	0.765	1.206	0.845	0.136	1.222	1.121	0.850												
22:00:01													1.145	0.123	1.204	0.949	1.270	0.134	1.272	0.723	1.117	0.833	0.992	0.995	1.134	0.122	0.889	0.937	1.268	0.134	1.136	0.900	0.969	1.022	0.894	0.968	1.156	0.126	0.906	0.925	1.099	1.032	1.165	0.850	1.192	0.140	1.016	0.985	0.124	1.053	0.945	0.826	1.014	0.879	1.010	1.080	0.134	1.170	1.084	0.908	0.123	1.040	0.950	0.904	0.134	1.157	1.156	0.848	0.134	1.233	1.104	1.016	0.122	1.047	0.974	0.882	1.237	0.766	1.208	0.848	0.135	1.228	1.130	0.852												
22:20:01													1.166	0.123	1.222	0.950	1.278	0.134	1.272	0.722	1.127	0.836	1.006	1.004	1.152	0.122	0.898	0.950	1.282	0.134	1.144	0.912	0.981	1.032	0.920	0.981	1.166	0.126	0.911	0.936	1.104	1.036	1.171	0.856	1.205	0.140	1.023	0.996	0.123	1.061	0.955	0.841	1.030	0.891	1.013	1.086	0.134	1.184	1.089	0.919	0.123	1.063	0.956	0.926	0.134	1.172	1.161	0.857	0.134	1.246	1.114	1.023	0.122	1.060	0.997	0.900	1.237	0.761	1.205	0.851	0.136	1.239	1.145	0.865												
22:40:01													1.184	0.123	1.243	0.985	1.282	0.134	1.271	0.727	1.126	0.838	1.013	1.010	1.160	0.122	0.908	0.961	1.292	0.134	1.153	0.918	0.986	1.043	0.935	1.000	1.174	0.126	0.918	0.948	1.109	1.039	1.178	0.869	1.215	0.140	1.029	1.003	0.124	1.089	0.965	0.850	1.041	0.919	1.020	1.093	0.134	1.194	1.094	0.926	0.123	1.078	0.966	0.947	0.134	1.191	1.168	0.868	0.134	1.256	1.121	1.026	0.122	1.075	1.002	0.918	1.238	0.769	1.207	0.848	0.135	1.248	1.158	0.856												
23:00:01													1.210	0.123	1.260	1.003	1.294	0.134	1.270	0.728	1.125	0.840	1.019	1.020	1.181	0.122	0.913	0.975	1.303	0.134	1.160	0.920	0.993	1.054	0.946	1.012	1.190	0.126	0.923	0.956	1.111	1.043	1.181	0.873	1.233	0.140	1.035	1.012	0.123	1.111	0.978	0.867	1.057	0.929	1.025	1.098	0.134	1.207	1.103	0.937	0.123	1.094	0.975	0.966	0.134	1.204	1.171	0.878	0.134	1.270	1.129	1.030	0.122	1.085	1.009	0.933	1.237	0.773	1.207	0.859	0.136	1.261	1.169	0.863												
23:20:01													1.220	0.123	1.268	1.027	1.311	0.134	1.270	0.737	1.126	0.843	1.018	1.027	1.193	0.122	0.921	0.989	1.309	0.134	1.167	0.924	1.003	1.061	0.953	1.020	1.202	0.126	0.930	0.968	1.115	1.048	1.190	0.881	1.247	0.140	1.042	1.019	0.124	1.120	0.982	0.879	1.064	0.938	1.031	1.104	0.134	1.218	1.108	0.946	0.123	1.114	0.987	0.988	0.134	1.219	1.179	0.887	0.134	1.278	1.129	1.035	0.122	1.102	1.012	0.935	1.237	0.787	1.210	0.857	0.136	1.263	1.173	0.859												
23:40:01													1.229	0.123	1.273	1.043	1.319	0.134	1.269	0.749	1.123	0.846	1.026	1.034	1.203	0.122	0.930	1.007	1.319	0.134	1.171	0.923	1.012	1.069	0.965	1.030	1.218	0.126	0.935	0.978	1.118	1.046	1.191	0.889	1.258	0.140	1.053	1.029	0.123	1.132	0.993	0.891	1.072	0.947	1.036	1.110	0.134	1.232	1.114	0.955	0.123	1.136	0.999	1.012	0.134	1.228	1.182	0.892	0.134	1.288	1.130	1.039	0.122	1.118	1.020	0.947	1.234	0.790	1.209	0.871	0.136	1.281	1.160	0.855												
24:00:01													1.248	0.123	1.276	1.058	1.326	0.134	1.270	0.718	1.122	0.848	1.031	1.041	1.218	0.122	0.943	1.026	1.327	0.134	1.175	0.923	1.022	1.073	0.973	1.037	1.228	0.126	0.944	0.992	1.119	1.049	1.197	0.894	1.270	0.140	1.059	1.036	0.123	1.143	1.000	0.905	1.082	0.956	1.039	1.117	0.134	1.242	1.122	0.964	0.123	1.152	1.013	1.035	0.134	1.239	1.186	0.896	0.134	1.294	1.130	1.042	0.122	1.134	1.026	0.959	1.233	0.782	1.207	0.870	0.136	1.294	1.131	0.852												
24:20:01													1.263	0.123	1.284	1.070	1.325	0.134	1.271	0.712	1.124	0.850	1.033	1.048	1.233	0.122	0.968	1.048	1.335	0.134	1.179	0.924	1.031	1.077	0.979	1.042	1.240	0.126	0.958	1.008	1.122	1.051	1.204	0.898	1.281	0.140	1.063	1.040	0.123	1.166	1.005	0.917	1.092	0.970	1.044	1.123	0.134	1.251	1.127	0.971	0.123	1.161	1.034	1.052	0.134	1.252	1.194	0.902	0.134	1.302	1.130	1.047	0.122	1.155	1.036	0.972	1.235	0.760	1.207	0.877	0.136	1.301	1.083	0.856												
24:40:01													1.270	0.123	1.288	1.072	1.336	0.134	1.268	0.691	1.121	0.855	1.033	1.053	1.244	0.122	0.977	1.067	1.347	0.134	1.178	0.928	1.038	1.081	0.986	1.050	1.247	0.126	0.968	1.020	1.122	1.053	1.205	0.902	1.290	0.140	1.070	1.047	0.123	1.179	1.012	0.925	1.097	0.974	1.045	1.127	0.134	1.262	1.135	0.975	0.123	1.176	1.049	1.063	0.134	1.261	1.200	0.903	0.134	1.310	1.134	1.049	0.122	1.173	1.041	0.981	1.245	0.716	1.203	0.881	0.136	1.313	1.064	0.856												
25:00:01													1.285	0.123	1.292	1.088	1.347	0.134	1.269	0.682	1.106	0.857	1.035	1.061	1.256	0.122	0.991	1.078	1.352	0.134	1.181	0.928	1.040	1.084	0.992	1.056	1.263	0.126	0.983	1.037	1.126	1.054	1.210	0.905	1.300	0.140	1.074	1.054	0.123	1.205	1.014	0.935	1.106	0.986	1.050	1.133	0.134	1.271	1.139	0.981	0.123	1.188	1.064	1.083	0.134	1.272	1.205	0.907	0.134	1.315	1.135	1.053	0.122	1.194	1.053	1.001	1.258	0.707	1.206	0.881	0.135	1.316	1.026	0.863												
25:20:01													1.292	0.123	1.293	1.091	1.359	0.134	1.263	0.691	1.099	0.857	1.038	1.064	1.268	0.122	1.004	1.096	1.360	0.134	1.181	0.934	1.047	1.086	1.001	1.062	1.275	0.126	0.998	1.050	1.125	1.054	1.211	0.907	1.309	0.140	1.078	1.060	0.123	1.213	1.021	0.945	1.110	0.989	1.050	1.135	0.134	1.279	1.144	0.987	0.123	1.207	1.048	1.089	0.134	1.282	1.208	0.906	0.134	1.326	1.137	1.053	0.122	1.216	1.070	1.034	1.269	0.705	1.211	0.856	0.136	1.334	1.022	0.864												
25:40:01													1.302	0.123	1.297	1.090	1.365	0.134	1.264	0.694	1.087	0.856	1.039	1.069	1.279	0.122	1.018	1.091	1.364	0.135	1.183	0.933	1.051	1.089	1.010	1.069	1.288	0.126	1.013	1.066	1.132	1.056	1.214	0.905	1.319	0.140	1.080	1.066	0.123	1.239	1.031	0.954	1.114	0.994	1.053	1.138	0.134	1.290	1.147	0.995	0.123	1.215	1.076	1.103	0.134	1.293	1.211	0.908	0.134	1.333	1.137	1.052	0.122	1.240	1.085	1.058	1.278	0.707	1.221	0.827	0.136	1.341	1.009	0.860												
26:00:01													1.311	0.123	1.298	1.091	1.370	0.134	1.261	0.705	1.078	0.856	1.042	1.069	1.286	0.122	1.031	1.101	1.372	0.135	1.188	0.937	1.052	1.093	1.014	1.074	1.301	0.126	1.023	1.067	1.134	1.056	1.216	0.906	1.327	0.140	1.083	1.071	0.123	1.244	1.040	0.970	1.117	1.000	1.056	1.141	0.134	1.296	1.149	1.000	0.123	1.232	1.091	1.102	0.134	1.302	1.212	0.909	0.134	1.340	1.138	1.051	0.122	1.254	1.104	1.070	1.276	0.710	1.229	0.814	0.136	1.361	0.991	0.851												
26:20:01													1.320	0.123	1.301	1.095	1.374	0.134	1.259	0.710	1.077	0.855	1.043	1.072	1.301	0.122	1.044	1.111	1.381	0.135	1.188	0.941	1.054	1.092	1.020	1.079	1.313	0.126	1.035	1.075	1.134	1.054	1.216	0.909	1.336	0.140	1.086	1.074	0.123	1.261	1.048	0.989	1.119	1.004	1.057	1.143	0.134	1.303	1.153	1.004	0.123	1.245	1.103	1.111	0.134	1.310	1.212	0.913	0.134	1.347	1.139	1.048	0.122	1.268	1.124	1.075	1.253	0.719	1.231	0.800	0.136	1.365	0.982	0.859												
26:40:02													1.328	0.123	1.300	1.095	1.383	0.134	1.257	0.718	1.077	0.854	1.044	1.075	1.307	0.122	1.058	1.118	1.387	0.135	1.191	0.937	1.056	1.092	1.023	1.084	1.324	0.127	1.048	1.084	1.136	1.058	1.216	0.908	1.339	0.140	1.089	1.076	0.123	1.280	1.054	1.007	1.119	1.008	1.061	1.144	0.134	1.311	1.155	1.007	0.123	1.257	1.114	1.117	0.134	1.318	1.212	0.914	0.134	1.358	1.144	1.048	0.122	1.278	1.141	1.077	1.201	0.729	1.226	0.795	0.136	1.380	0.985	0.850												
27:00:02													1.341	0.123	1.300	1.094	1.392	0.134	1.265	0.720	1.080	0.853	1.046	1.078	1.318	0.122	1.064	1.120	1.396	0.135	1.192	0.940	1.059	1.095	1.025	1.090	1.336	0.127	1.055	1.095	1.135	1.060	1.219	0.912	1.349	0.140	1.088	1.079	0.123	1.292	1.062	1.020	1.123	1.013	1.062	1.145	0.134	1.321	1.157	1.012	0.123	1.282	1.124	1.125	0.134	1.320	1.214	0.916	0.135	1.366	1.147	1.048	0.122	1.291	1.152	1.085	1.170	0.737	1.235	0.799	0.136	1.397	0.992	0.855												
27:20:02													1.355	0.123	1.304	1.095	1.400	0.135	1.276	0.717	1.084	0.851	1.050	1.079	1.330	0.122	1.076	1.124	1.401	0.135	1.194	0.944	1.057	1.098	1.026	1.095	1.349	0.127	1.066	1.108	1.138	1.065	1.222	0.917	1.354	0.140	1.089	1.080	0.124	1.302	1.080	1.042	1.123	1.017	1.065	1.146	0.134	1.327	1.157	1.015	0.123	1.301	1.132	1.132	0.134	1.331	1.214	0.920	0.135	1.374	1.148	1.048	0.122	1.303	1.159	1.089	1.157	0.738	1.241	0.807	0.136	1.411	0.991	0.852												
27:40:02													1.369	0.123	1.303	1.096	1.406	0.134	1.282	0.716	1.086	0.851	1.046	1.081	1.341	0.123	1.086	1.128	1.407	0.135	1.195	0.947	1.061	1.099	1.027	1.099	1.358	0.127	1.073	1.118	1.137	1.064	1.223	0.914	1.360	0.140	1.093	1.083	0.124	1.331	1.092	1.057	1.124	1.021	1.067	1.147	0.134	1.334	1.160	1.017	0.124	1.321	1.141	1.139	0.134	1.339	1.216	0.921	0.134	1.382	1.147	1.050	0.122	1.315	1.169	1.087	1.150	0.742	1.238	0.816	0.136	1.422	0.994	0.848												
28:00:02													1.383	0.123	1.301	1.095	1.410	0.135	1.288	0.716	1.086	0.849	1.047	1.082	1.351	0.123	1.097	1.130	1.411	0.135	1.196	0.952	1.061	1.101	1.028	1.101	1.367	0.127	1.079	1.125	1.135	1.064	1.224	0.918	1.366	0.140	1.093	1.082	0.124	1.327	1.101	1.077	1.126	1.023	1.068	1.147	0.134	1.340	1.161	1.020	0.124	1.334	1.149	1.144	0.134	1.352	1.217	0.919	0.134	1.387	1.147	1.053	0.122	1.328	1.173	1.088	1.147	0.747	1.234	0.823	0.136	1.430	1.000	0.851												
28:20:02													1.391	0.123	1.303	1.087	1.414	0.134	1.305	0.715	1.089	0.849	1.049	1.086	1.358	0.122	1.104	1.133	1.415	0.135	1.194	0.960	1.064	1.102	1.034	1.104	1.375	0.127	1.089	1.127	1.135	1.062	1.224	0.917	1.372	0.140	1.095	1.087	0.123	1.343	1.112	1.088	1.127	1.021	1.066	1.146	0.134	1.348	1.162	1.023	0.124	1.347	1.155	1.149	0.134	1.355	1.215	0.920	0.135	1.393	1.149	1.057	0.122	1.340	1.176	1.093	1.147	0.748	1.235	0.832	0.136	1.437	1.016	0.849												
28:40:02													1.401	0.123	1.305	1.086	1.417	0.134	1.305	0.716	1.091	0.848	1.046	1.084	1.366	0.122	1.111	1.133	1.417	0.135	1.196	0.964	1.059	1.103	1.037	1.105	1.383	0.127	1.098	1.131	1.134	1.063	1.222	0.915	1.377	0.140	1.093	1.088	0.124	1.353	1.117	1.101	1.129	1.025	1.067	1.145	0.134	1.355	1.163	1.031	0.124	1.367	1.165	1.150	0.134	1.363	1.216	0.920	0.135	1.396	1.148	1.058	0.122	1.351	1.178	1.089	1.149	0.752	1.238	0.838	0.136	1.442	1.030	0.844												
29:00:02													1.411	0.123	1.304	1.097	1.415	0.134	1.312	0.715	1.094	0.848	1.048	1.081	1.378	0.122	1.115	1.138	1.419	0.135	1.196	0.973	1.061	1.104	1.038	1.108	1.391	0.127	1.104	1.134	1.131	1.065	1.224	0.914	1.383	0.140	1.093	1.087	0.124	1.365	1.127	1.107	1.130	1.022	1.066	1.149	0.134	1.360	1.163	1.029	0.124	1.374	1.169	1.150	0.134	1.366	1.216	0.917	0.135	1.399	1.146	1.065	0.122	1.364	1.182	1.096	1.152	0.757	1.238	0.840	0.136	1.445	1.032	0.858												
29:20:02													1.422	0.124	1.304	1.095	1.412	0.135	1.320	0.714	1.094	0.848	1.052	1.080	1.389	0.123	1.119	1.138	1.420	0.135	1.194	0.985	1.058	1.102	1.040	1.107	1.400	0.127	1.110	1.138	1.128	1.067	1.223	0.914	1.383	0.140	1.091	1.085	0.124	1.378	1.136	1.114	1.130	1.027	1.065	1.144	0.134	1.363	1.164	1.025	0.124	1.380	1.172	1.149	0.134	1.367	1.216	0.916	0.135	1.402	1.145	1.071	0.123	1.378	1.184	1.090	1.153	0.759	1.227	0.843	0.136	1.448	1.050	0.846												
29:40:02													1.435	0.124	1.307	1.100	1.414	0.135	1.315	0.714	1.097	0.847	1.047	1.072	1.399	0.123	1.122	1.144	1.426	0.135	1.196	0.990	1.057	1.103	1.041	1.110	1.412	0.127	1.114	1.141	1.127	1.074	1.228	0.913	1.389	0.141	1.091	1.081	0.124	1.392	1.148	1.123	1.134	1.031	1.068	1.149	0.134	1.367	1.163	1.022	0.124	1.394	1.181	1.150	0.134	1.386	1.220	0.918	0.135	1.409	1.147	1.077	0.123	1.394	1.187	1.085	1.158	0.768	1.203	0.847	0.136	1.452	1.061	0.835												
30:00:02													1.439	0.124	1.306	1.099	1.414	0.135	1.317	0.714	1.097	0.848	1.045	1.069	1.407	0.123	1.122	1.149	1.428	0.135	1.199	0.993	1.060	1.103	1.043	1.110	1.417	0.127	1.117	1.142	1.126	1.073	1.226	0.913	1.399	0.140	1.093	1.079	0.124	1.403	1.154	1.125	1.134	1.030	1.064	1.143	0.134	1.375	1.163	1.020	0.124	1.404	1.182	1.149	0.134	1.388	1.217	0.919	0.135	1.414	1.153	1.083	0.123	1.406	1.190	1.053	1.162	0.772	1.184	0.847	0.136	1.453	1.072	0.832												
30:20:02													1.447	0.124	1.309	1.102	1.418	0.135	1.313	0.714	1.097	0.849	1.044	1.068	1.416	0.123	1.128	1.155	1.431	0.135	1.190	0.989	1.059	1.100	1.041	1.112	1.427	0.127	1.119	1.146	1.127	1.077	1.229	0.914	1.405	0.141	1.094	1.071	0.124	1.418	1.160	1.133	1.136	1.034	1.065	1.142	0.134	1.381	1.162	1.016	0.124	1.415	1.188	1.150	0.134	1.401	1.219	0.923	0.135	1.417	1.156	1.088	0.123	1.418	1.193	1.050	1.167	0.777	1.170	0.849	0.136	1.452	1.079	0.847												
30:40:02													1.452	0.124	1.309	1.095	1.416	0.135	1.303	0.712	1.099	0.850	1.034	1.062	1.421	0.123	1.129	1.158	1.433	0.135	1.182	0.964	1.059	1.099	1.044	1.113	1.429	0.127	1.120	1.148	1.127	1.077	1.226	0.914	1.410	0.141	1.095	1.070	0.124	1.428	1.168	1.138	1.136	1.031	1.060	1.137	0.134	1.389	1.161	1.013	0.124	1.428	1.188	1.150	0.134	1.409	1.217	0.922	0.135	1.426	1.160	1.097	0.123	1.426	1.194	1.030	1.171	0.780	1.165	0.848	0.136	1.452	1.095	0.856												
31:00:02													1.457	0.124	1.311	1.095	1.417	0.135	1.292	0.714	1.100	0.848	1.032	1.056	1.429	0.123	1.134	1.166	1.438	0.135	1.177	0.940	1.059	1.096	1.044	1.113	1.433	0.127	1.127	1.151	1.131	1.082	1.230	0.921	1.409	0.141	1.096	1.069	0.124	1.440	1.176	1.145	1.137	1.033	1.061	1.137	0.134	1.396	1.159	1.016	0.124	1.436	1.194	1.152	0.134	1.420	1.219	0.924	0.135	1.429	1.167	1.105	0.123	1.439	1.196	1.035	1.172	0.784	1.159	0.846	0.136	1.448	1.099	0.856												
31:20:02													1.461	0.124	1.313	1.089	1.417	0.135	1.276	0.715	1.102	0.852	1.049	1.052	1.433	0.123	1.137	1.166	1.441	0.135	1.171	0.918	1.060	1.093	1.046	1.116	1.442	0.127	1.130	1.158	1.133	1.082	1.228	0.920	1.421	0.141	1.096	1.069	0.124	1.451	1.182	1.149	1.134	1.033	1.058	1.133	0.134	1.401	1.158	1.011	0.124	1.446	1.196	1.158	0.134	1.424	1.217	0.928	0.135	1.435	1.171	1.109	0.123	1.448	1.204	1.035	1.175	0.787	1.158	0.844	0.136	1.448	1.097	0.844												
31:40:02													1.465	0.124	1.315	1.088	1.417	0.135	1.257	0.715	1.103	0.855	1.066	1.052	1.434	0.123	1.139	1.171	1.445	0.135	1.168	0.886	1.064	1.094	1.049	1.115	1.445	0.127	1.129	1.161	1.133	1.081	1.226	0.921	1.423	0.141	1.101	1.069	0.124	1.461	1.188	1.154	1.131	1.031	1.053	1.131	0.134	1.406	1.163	1.010	0.124	1.458	1.197	1.157	0.134	1.427	1.215	0.937	0.135	1.442	1.172	1.116	0.123	1.459	1.208	1.036	1.180	0.787	1.161	0.843	0.136	1.450	1.091	0.855												
32:00:02													1.478	0.124	1.317	1.088	1.419	0.135	1.234	0.715	1.101	0.854	1.075	1.053	1.441	0.123	1.143	1.176	1.449	0.135	1.167	0.874	1.066	1.093	1.049	1.116	1.449	0.127	1.133	1.167	1.140	1.081	1.228	0.921	1.426	0.141	1.101	1.070	0.124	1.474	1.195	1.157	1.129	1.036	1.054	1.135	0.134	1.411	1.163	1.010	0.124	1.465	1.202	1.158	0.134	1.432	1.216	0.939	0.135	1.446	1.169	1.119	0.123	1.470	1.210	1.039	1.183	0.786	1.162	0.842	0.136	1.450	1.092	0.852												
32:20:02													1.483	0.124	1.321	1.071	1.419	0.135	1.229	0.712	1.099	0.858	1.081	1.058	1.442	0.123	1.143	1.176	1.450	0.135	1.164	0.870	1.070	1.094	1.054	1.118	1.456	0.127	1.135	1.167	1.142	1.079	1.224	0.918	1.425	0.141	1.104	1.071	0.124	1.483	1.200	1.157	1.124	1.032	1.049	1.129	0.134	1.421	1.166	1.012	0.124	1.472	1.204	1.161	0.134	1.435	1.214	0.933	0.135	1.450	1.168	1.115	0.123	1.478	1.218	1.041	1.185	0.785	1.162	0.841	0.136	1.454	1.080	0.851												
32:40:02													1.486	0.124	1.324	1.058	1.421	0.135	1.220	0.710	1.093	0.859	1.082	1.062	1.443	0.123	1.142	1.180	1.452	0.135	1.164	0.873	1.071	1.093	1.052	1.114	1.458	0.127	1.138	1.172	1.146	1.083	1.223	0.921	1.431	0.141	1.105	1.078	0.124	1.494	1.205	1.155	1.121	1.032	1.047	1.122	0.134	1.422	1.167	1.011	0.124	1.478	1.205	1.161	0.134	1.438	1.213	0.934	0.135	1.454	1.164	1.110	0.123	1.487	1.226	1.046	1.187	0.783	1.162	0.838	0.136	1.455	1.048	0.852												
33:00:02													1.501	0.124	1.329	1.053	1.421	0.135	1.210	0.709	1.094	0.854	1.073	1.062	1.444	0.123	1.146	1.186	1.455	0.135	1.168	0.880	1.075	1.095	1.056	1.113	1.464	0.127	1.141	1.175	1.150	1.087	1.224	0.920	1.434	0.141	1.105	1.087	0.124	1.504	1.210	1.160	1.118	1.034	1.048	1.125	0.134	1.424	1.166	1.016	0.124	1.484	1.208	1.163	0.134	1.442	1.212	0.932	0.135	1.456	1.159	1.106	0.123	1.497	1.234	1.050	1.194	0.781	1.163	0.839	0.136	1.453	1.029	0.852												
33:20:02													1.508	0.124	1.334	1.035	1.421	0.135	1.205	0.706	1.093	0.857	1.069	1.069	1.454	0.123	1.147	1.188	1.456	0.135	1.168	0.892	1.083	1.097	1.063	1.112	1.473	0.127	1.143	1.178	1.152	1.088	1.221	0.920	1.440	0.141	1.106	1.099	0.124	1.512	1.213	1.158	1.114	1.030	1.044	1.121	0.134	1.429	1.167	1.025	0.124	1.490	1.210	1.162	0.134	1.446	1.210	0.934	0.135	1.460	1.157	1.099	0.123	1.505	1.241	1.057	1.197	0.780	1.161	0.837	0.136	1.456	1.025	0.848												
33:40:02													1.515	0.124	1.339	1.030	1.419	0.135	1.207	0.704	1.091	0.855	1.063	1.071	1.469	0.123	1.145	1.195	1.457	0.135	1.170	0.907	1.085	1.100	1.062	1.109	1.486	0.127	1.145	1.182	1.156	1.089	1.219	0.922	1.444	0.141	1.105	1.107	0.124	1.521	1.218	1.159	1.111	1.029	1.044	1.119	0.134	1.431	1.168	1.034	0.124	1.503	1.212	1.164	0.134	1.449	1.210	0.923	0.135	1.462	1.153	1.096	0.123	1.513	1.248	1.063	1.200	0.778	1.161	0.834	0.136	1.458	1.024	0.854												
34:00:02													1.519	0.124	1.348	1.031	1.418	0.135	1.207	0.702	1.089	0.851	1.060	1.074	1.480	0.123	1.147	1.198	1.458	0.135	1.173	0.911	1.085	1.104	1.059	1.108	1.491	0.127	1.144	1.184	1.159	1.089	1.220	0.924	1.447	0.141	1.113	1.110	0.124	1.529	1.222	1.159	1.108	1.029	1.043	1.109	0.134	1.433	1.169	1.037	0.124	1.513	1.214	1.164	0.134	1.451	1.209	0.920	0.135	1.463	1.151	1.091	0.123	1.519	1.252	1.067	1.199	0.776	1.160	0.832	0.136	1.457	1.025	0.851												
34:20:02													1.522	0.124	1.359	1.036	1.415	0.135	1.208	0.702	1.085	0.849	1.052	1.079	1.489	0.123	1.151	1.203	1.460	0.135	1.178	0.918	1.083	1.103	1.057	1.102	1.499	0.127	1.146	1.187	1.165	1.091	1.218	0.926	1.449	0.141	1.122	1.106	0.124	1.538	1.225	1.161	1.109	1.028	1.045	1.114	0.134	1.435	1.175	1.036	0.124	1.514	1.217	1.170	0.134	1.455	1.207	0.920	0.135	1.464	1.147	1.094	0.123	1.528	1.260	1.073	1.198	0.774	1.163	0.830	0.136	1.456	1.034	0.851												
34:40:02													1.521	0.124	1.362	1.039	1.415	0.135	1.204	0.698	1.081	0.853	1.049	1.089	1.499	0.123	1.156	1.201	1.461	0.135	1.179	0.920	1.085	1.104	1.057	1.098	1.504	0.127	1.144	1.189	1.168	1.087	1.213	0.923	1.452	0.141	1.123	1.099	0.124	1.545	1.226	1.161	1.109	1.024	1.041	1.109	0.134	1.437	1.181	1.036	0.124	1.519	1.216	1.171	0.134	1.455	1.202	0.920	0.135	1.466	1.146	1.081	0.123	1.534	1.266	1.078	1.198	0.771	1.158	0.827	0.136	1.459	1.040	0.855												
35:00:02													1.524	0.124	1.369	1.045	1.413	0.135	1.205	0.697	1.077	0.851	1.026	1.086	1.510	0.123	1.165	1.206	1.463	0.135	1.182	0.926	1.083	1.105	1.061	1.094	1.515	0.127	1.146	1.193	1.174	1.090	1.213	0.923	1.455	0.141	1.123	1.096	0.124	1.553	1.230	1.165	1.112	1.025	1.042	1.106	0.134	1.439	1.184	1.037	0.124	1.529	1.220	1.175	0.135	1.458	1.200	0.921	0.135	1.468	1.143	1.085	0.123	1.540	1.272	1.084	1.198	0.768	1.159	0.824	0.136	1.456	1.038	0.856												
35:20:02													1.524	0.124	1.374	1.051	1.411	0.135	1.200	0.694	1.073	0.853	1.024	1.088	1.514	0.123	1.168	1.209	1.465	0.135	1.181	0.929	1.085	1.109	1.065	1.092	1.518	0.127	1.147	1.194	1.180	1.083	1.208	0.922	1.458	0.141	1.119	1.096	0.124	1.558	1.232	1.167	1.110	1.024	1.039	1.099	0.134	1.442	1.188	1.037	0.124	1.534	1.220	1.173	0.134	1.458	1.196	0.917	0.135	1.471	1.145	1.076	0.123	1.549	1.277	1.089	1.188	0.767	1.156	0.820	0.136	1.456	1.039	0.850												
35:40:02													1.526	0.124	1.379	1.057	1.412	0.135	1.196	0.692	1.069	0.851	1.023	1.085	1.521	0.123	1.177	1.210	1.467	0.135	1.183	0.933	1.084	1.107	1.064	1.086	1.524	0.127	1.153	1.201	1.188	1.084	1.206	0.924	1.461	0.141	1.113	1.091	0.124	1.565	1.233	1.170	1.111	1.021	1.041	1.095	0.134	1.443	1.189	1.038	0.124	1.536	1.221	1.176	0.135	1.460	1.193	0.917	0.135	1.473	1.141	1.072	0.123	1.557	1.280	1.093	1.187	0.766	1.157	0.815	0.136	1.454	1.035	0.841												
36:00:02													1.526	0.124	1.380	1.061	1.414	0.135	1.196	0.688	1.065	0.856	1.038	1.085	1.526	0.123	1.178	1.212	1.467	0.135	1.181	0.934	1.084	1.109	1.061	1.085	1.528	0.127	1.151	1.200	1.193	1.077	1.202	0.923	1.463	0.141	1.112	1.088	0.124	1.570	1.234	1.171	1.109	1.019	1.039	1.094	0.134	1.445	1.189	1.034	0.124	1.538	1.223	1.178	0.134	1.460	1.189	0.916	0.135	1.477	1.142	1.065	0.123	1.561	1.284	1.097	1.187	0.763	1.154	0.813	0.136	1.454	1.036	0.843												
36:20:02													1.527	0.124	1.380	1.065	1.415	0.135	1.198	0.685	1.060	0.854	1.037	1.083	1.531	0.123	1.183	1.218	1.464	0.135	1.179	0.934	1.082	1.112	1.061	1.078	1.531	0.127	1.156	1.201	1.191	1.076	1.199	0.922	1.466	0.141	1.110	1.087	0.124	1.575	1.235	1.173	1.107	1.018	1.038	1.084	0.134	1.447	1.188	1.039	0.124	1.542	1.223	1.179	0.134	1.459	1.185	0.912	0.135	1.478	1.139	1.067	0.123	1.568	1.284	1.101	1.186	0.762	1.151	0.809	0.136	1.448	1.034	0.838												
36:40:02													1.529	0.124	1.382	1.069	1.417	0.135	1.208	0.685	1.058	0.851	1.031	1.082	1.537	0.123	1.195	1.225	1.467	0.135	1.182	0.932	1.081	1.114	1.056	1.077	1.538	0.128	1.161	1.206	1.188	1.081	1.199	0.918	1.468	0.141	1.110	1.086	0.124	1.581	1.238	1.175	1.107	1.017	1.039	1.084	0.134	1.447	1.186	1.049	0.124	1.545	1.225	1.184	0.135	1.463	1.182	0.915	0.135	1.480	1.135	1.065	0.123	1.576	1.282	1.104	1.187	0.759	1.150	0.806	0.136	1.442	1.031	0.826												
37:00:02													1.530	0.124	1.379	1.073	1.422	0.135	1.210	0.680	1.051	0.852	1.034	1.083	1.539	0.123	1.198	1.227	1.465	0.135	1.181	0.927	1.081	1.125	1.057	1.075	1.541	0.127	1.163	1.208	1.186	1.072	1.194	0.918	1.470	0.141	1.113	1.083	0.124	1.585	1.239	1.175	1.104	1.013	1.037	1.082	0.134	1.450	1.185	1.062	0.124	1.547	1.225	1.181	0.134	1.462	1.177	0.915	0.135	1.482	1.135	1.064	0.123	1.581	1.277	1.105	1.189	0.759	1.147	0.803	0.136	1.440	1.031	0.831												
37:20:02													1.530	0.124	1.377	1.077	1.427	0.135	1.216	0.677	1.048	0.847	1.033	1.081	1.544	0.123	1.203	1.230	1.466	0.135	1.180	0.923	1.080	1.130	1.055	1.074	1.546	0.127	1.168	1.211	1.186	1.072	1.192	0.921	1.472	0.141	1.115	1.083	0.124	1.591	1.241	1.173	1.101	1.011	1.035	1.081	0.134	1.452	1.183	1.067	0.124	1.550	1.225	1.181	0.134	1.464	1.174	0.916	0.135	1.483	1.132	1.062	0.123	1.586	1.269	1.105	1.185	0.757	1.144	0.801	0.136	1.438	1.029	0.826												
37:40:02													1.532	0.124	1.374	1.082	1.428	0.135	1.214	0.675	1.046	0.851	1.036	1.079	1.549	0.123	1.206	1.233	1.471	0.135	1.178	0.920	1.077	1.133	1.055	1.072	1.551	0.127	1.172	1.214	1.185	1.072	1.192	0.922	1.474	0.141	1.120	1.086	0.124	1.596	1.241	1.175	1.100	1.008	1.034	1.071	0.134	1.454	1.182	1.072	0.124	1.553	1.229	1.184	0.134	1.465	1.171	0.913	0.135	1.484	1.130	1.060	0.123	1.590	1.259	1.106	1.182	0.755	1.142	0.798	0.136	1.438	1.025	0.832												
38:00:02													1.533	0.124	1.369	1.087	1.429	0.135	1.218	0.674	1.043	0.850	1.034	1.077	1.553	0.123	1.209	1.235	1.474	0.135	1.179	0.913	1.077	1.133	1.054	1.069	1.554	0.128	1.181	1.219	1.184	1.072	1.191	0.923	1.477	0.141	1.119	1.084	0.124	1.602	1.244	1.176	1.098	1.007	1.034	1.073	0.135	1.456	1.180	1.073	0.124	1.556	1.231	1.188	0.135	1.466	1.168	0.910	0.135	1.484	1.129	1.054	0.123	1.595	1.249	1.107	1.179	0.753	1.140	0.795	0.136	1.438	1.021	0.825												
38:20:02													1.536	0.124	1.363	1.091	1.430	0.135	1.219	0.672	1.039	0.850	1.032	1.077	1.555	0.123	1.211	1.235	1.475	0.135	1.178	0.908	1.074	1.132	1.053	1.067	1.558	0.128	1.185	1.222	1.180	1.072	1.189	0.922	1.478	0.141	1.116	1.079	0.124	1.607	1.245	1.179	1.093	1.004	1.033	1.066	0.134	1.458	1.178	1.071	0.124	1.559	1.231	1.190	0.135	1.466	1.166	0.916	0.135	1.485	1.129	1.059	0.123	1.595	1.237	1.107	1.170	0.750	1.135	0.791	0.136	1.438	1.016	0.826												
38:40:02													1.536	0.124	1.359	1.095	1.433	0.135	1.212	0.671	1.037	0.846	1.027	1.076	1.556	0.123	1.212	1.234	1.476	0.135	1.179	0.907	1.073	1.130	1.053	1.063	1.560	0.128	1.191	1.226	1.175	1.072	1.186	0.926	1.481	0.142	1.114	1.077	0.124	1.614	1.247	1.177	1.094	1.001	1.031	1.064	0.135	1.460	1.176	1.075	0.124	1.562	1.236	1.193	0.135	1.466	1.163	0.915	0.135	1.486	1.126	1.059	0.123	1.599	1.224	1.106	1.167	0.748	1.133	0.790	0.136	1.438	1.014	0.820												
39:00:02													1.537	0.124	1.355	1.099	1.436	0.135	1.205	0.670	1.034	0.848	1.025	1.076	1.558	0.123	1.214	1.231	1.473	0.135	1.181	0.904	1.071	1.128	1.052	1.058	1.561	0.128	1.194	1.230	1.170	1.072	1.186	0.926	1.482	0.141	1.110	1.074	0.124	1.621	1.248	1.177	1.097	0.999	1.030	1.060	0.135	1.462	1.174	1.075	0.124	1.562	1.234	1.196	0.135	1.466	1.162	0.911	0.135	1.486	1.123	1.059	0.123	1.603	1.209	1.105	1.164	0.745	1.129	0.785	0.136	1.438	1.012	0.799												
39:20:03													1.538	0.124	1.350	1.102	1.436	0.135	1.204	0.669	1.029	0.846	1.031	1.079	1.559	0.123	1.218	1.226	1.471	0.135	1.183	0.899	1.067	1.130	1.051	1.061	1.564	0.128	1.194	1.232	1.163	1.070	1.184	0.930	1.484	0.142	1.107	1.073	0.124	1.627	1.250	1.181	1.101	1.000	1.028	1.057	0.134	1.465	1.172	1.074	0.124	1.562	1.239	1.198	0.135	1.466	1.159	0.912	0.135	1.486	1.120	1.062	0.123	1.604	1.200	1.104	1.161	0.742	1.127	0.781	0.136	1.439	1.010	0.794												
39:40:02													1.542	0.124	1.345	1.104	1.437	0.135	1.208	0.667	1.027	0.844	1.024	1.080	1.561	0.123	1.220	1.220	1.470	0.135	1.182	0.896	1.065	1.129	1.049	1.060	1.565	0.128	1.195	1.236	1.156	1.072	1.184	0.935	1.486	0.141	1.102	1.056	0.124	1.632	1.252	1.183	1.105	0.999	1.027	1.048	0.134	1.468	1.170	1.072	0.124	1.562	1.244	1.201	0.135	1.467	1.158	0.911	0.135	1.487	1.123	1.051	0.123	1.606	1.198	1.104	1.159	0.740	1.124	0.778	0.136	1.440	1.009	0.799												
40:00:03													1.544	0.124	1.341	1.105	1.440	0.135	1.205	0.663	1.026	0.844	1.026	1.082	1.563	0.123	1.222	1.213	1.475	0.135	1.180	0.892	1.063	1.127	1.047	1.062	1.567	0.128	1.195	1.238	1.150	1.071	1.182	0.932	1.487	0.141	1.099	1.052	0.124	1.636	1.254	1.185	1.108	0.998	1.026	1.052	0.134	1.470	1.168	1.065	0.124	1.563	1.246	1.202	0.135	1.467	1.155	0.909	0.135	1.488	1.118	1.055	0.123	1.610	1.198	1.104	1.158	0.738	1.121	0.773	0.136	1.442	1.009	0.767												
40:20:03													1.547	0.124	1.336	1.106	1.444	0.135	1.201	0.662	1.023	0.842	1.022	1.084	1.565	0.123	1.224	1.212	1.475	0.135	1.183	0.889	1.059	1.123	1.046	1.057	1.571	0.128	1.198	1.242	1.144	1.074	1.182	0.931	1.490	0.141	1.097	1.049	0.124	1.640	1.256	1.188	1.109	0.996	1.027	1.044	0.135	1.471	1.165	1.062	0.125	1.564	1.251	1.207	0.135	1.467	1.156	0.911	0.135	1.486	1.113	1.055	0.123	1.613	1.202	1.104	1.154	0.736	1.120	0.770	0.136	1.441	0.998	0.774												
40:40:03													1.551	0.124	1.329	1.105	1.441	0.135	1.192	0.660	1.018	0.844	1.014	1.085	1.567	0.123	1.214	1.196	1.474	0.135	1.181	0.884	1.059	1.128	1.047	1.053	1.571	0.128	1.200	1.242	1.138	1.066	1.179	0.927	1.492	0.141	1.094	1.044	0.124	1.641	1.256	1.186	1.109	0.990	1.023	1.038	0.134	1.474	1.160	1.071	0.124	1.564	1.250	1.203	0.134	1.466	1.154	0.911	0.135	1.487	1.113	1.048	0.123	1.615	1.204	1.103	1.149	0.733	1.115	0.769	0.136	1.447	0.996	0.813												
41:00:03													1.558	0.124	1.319	1.104	1.451	0.135	1.193	0.658	1.015	0.844	1.010	1.082	1.569	0.123	1.211	1.197	1.474	0.135	1.186	0.880	1.055	1.125	1.045	1.050	1.574	0.128	1.205	1.246	1.133	1.071	1.178	0.927	1.493	0.141	1.091	1.041	0.124	1.645	1.256	1.187	1.110	0.990	1.024	1.034	0.134	1.475	1.160	1.075	0.124	1.567	1.259	1.206	0.135	1.464	1.156	0.916	0.135	1.484	1.111	1.049	0.123	1.616	1.208	1.103	1.147	0.730	1.113	0.765	0.136	1.446	0.991	0.800												
41:20:03													1.562	0.124	1.311	1.103	1.451	0.135	1.183	0.656	1.010	0.838	1.008	1.081	1.569	0.123	1.193	1.183	1.472	0.135	1.187	0.876	1.055	1.121	1.045	1.052	1.574	0.128	1.207	1.244	1.128	1.063	1.174	0.925	1.495	0.142	1.089	1.036	0.124	1.646	1.258	1.185	1.107	0.986	1.020	1.030	0.134	1.477	1.161	1.075	0.124	1.566	1.258	1.199	0.134	1.462	1.154	0.910	0.135	1.485	1.107	1.046	0.123	1.615	1.210	1.101	1.139	0.729	1.107	0.762	0.136	1.450	0.992	0.805												
41:40:03													1.568	0.124	1.312	1.102	1.450	0.135	1.182	0.653	1.006	0.841	1.006	1.079	1.572	0.123	1.182	1.180	1.471	0.135	1.189	0.874	1.053	1.119	1.045	1.049	1.577	0.128	1.211	1.247	1.126	1.067	1.174	0.922	1.498	0.141	1.089	1.034	0.124	1.650	1.259	1.188	1.107	0.985	1.020	1.034	0.134	1.480	1.163	1.071	0.125	1.568	1.260	1.196	0.135	1.463	1.156	0.912	0.135	1.485	1.105	1.050	0.123	1.617	1.213	1.102	1.137	0.727	1.106	0.761	0.136	1.452	0.990	0.798												
42:00:03													1.579	0.125	1.310	1.102	1.450	0.135	1.177	0.651	1.005	0.836	1.005	1.075	1.575	0.123	1.178	1.183	1.472	0.136	1.192	0.870	1.051	1.117	1.042	1.042	1.581	0.128	1.217	1.251	1.123	1.070	1.177	0.924	1.498	0.142	1.086	1.031	0.124	1.655	1.261	1.194	1.108	0.984	1.022	1.035	0.135	1.480	1.163	1.066	0.125	1.572	1.262	1.197	0.135	1.463	1.159	0.908	0.135	1.484	1.103	1.057	0.124	1.618	1.216	1.102	1.139	0.727	1.107	0.757	0.136	1.452	0.987	0.693												
42:20:03													1.585	0.125	1.308	1.099	1.447	0.136	1.170	0.648	1.001	0.838	1.005	1.073	1.575	0.123	1.163	1.172	1.469	0.135	1.193	0.866	1.052	1.115	1.042	1.044	1.581	0.128	1.214	1.248	1.122	1.067	1.177	0.921	1.498	0.141	1.085	1.027	0.124	1.656	1.261	1.190	1.109	0.980	1.019	1.027	0.134	1.482	1.162	1.062	0.125	1.571	1.259	1.185	0.135	1.460	1.159	0.908	0.136	1.483	1.100	1.053	0.124	1.617	1.215	1.101	1.137	0.726	1.101	0.756	0.136	1.456	0.984	0.677												
42:40:03													1.593	0.125	1.309	1.098	1.447	0.135	1.165	0.648	0.998	0.838	1.004	1.071	1.576	0.123	1.158	1.172	1.467	0.135	1.194	0.863	1.051	1.114	1.042	1.040	1.582	0.128	1.212	1.248	1.120	1.066	1.180	0.926	1.498	0.141	1.084	1.026	0.124	1.659	1.257	1.194	1.111	0.976	1.018	1.030	0.135	1.484	1.161	1.050	0.125	1.574	1.258	1.179	0.135	1.459	1.161	0.903	0.135	1.483	1.097	1.054	0.124	1.618	1.215	1.099	1.137	0.724	1.098	0.750	0.136	1.458	0.979	0.785												
43:00:03													1.600	0.125	1.314	1.100	1.446	0.135	1.171	0.647	0.995	0.840	1.004	1.070	1.577	0.123	1.155	1.171	1.465	0.135	1.201	0.858	1.049	1.110	1.038	1.038	1.583	0.128	1.209	1.249	1.114	1.063	1.184	0.925	1.498	0.141	1.083	1.022	0.124	1.661	1.258	1.196	1.115	0.977	1.017	1.023	0.135	1.483	1.159	1.050	0.125	1.574	1.258	1.172	0.135	1.458	1.164	0.904	0.135	1.481	1.101	1.055	0.124	1.618	1.213	1.099	1.134	0.721	1.093	0.748	0.136	1.460	0.975	0.767												
43:20:03													1.605	0.125	1.320	1.099	1.444	0.136	1.185	0.644	0.994	0.837	1.002	1.067	1.578	0.123	1.153	1.172	1.463	0.135	1.201	0.854	1.047	1.104	1.037	1.028	1.585	0.128	1.204	1.248	1.110	1.063	1.185	0.921	1.498	0.142	1.082	1.018	0.124	1.664	1.258	1.197	1.119	0.972	1.016	1.022	0.135	1.484	1.157	1.035	0.125	1.576	1.260	1.166	0.135	1.456	1.167	0.914	0.135	1.480	1.093	1.051	0.124	1.619	1.214	1.099	1.132	0.719	1.090	0.746	0.136	1.460	0.972	0.799												
43:40:03													1.612	0.125	1.332	1.097	1.443	0.135	1.169	0.644	0.990	0.836	1.000	1.065	1.581	0.123	1.155	1.175	1.463	0.136	1.188	0.850	1.045	1.090	1.032	1.024	1.588	0.128	1.205	1.252	1.106	1.073	1.189	0.919	1.499	0.142	1.079	1.021	0.124	1.667	1.259	1.199	1.122	0.971	1.017	1.019	0.135	1.481	1.154	1.035	0.125	1.579	1.264	1.169	0.135	1.455	1.172	0.920	0.135	1.477	1.093	1.052	0.124	1.620	1.216	1.099	1.130	0.715	1.088	0.742	0.137	1.458	0.966	0.761												
44:00:03													1.613	0.125	1.344	1.095	1.431	0.135	1.171	0.643	0.987	0.840	0.998	1.066	1.579	0.123	1.152	1.173	1.457	0.135	1.184	0.844	1.044	1.083	1.032	1.026	1.587	0.128	1.193	1.246	1.103	1.070	1.192	0.915	1.497	0.142	1.078	1.015	0.124	1.667	1.258	1.198	1.119	0.967	1.015	1.014	0.134	1.481	1.152	1.033	0.125	1.579	1.262	1.157	0.135	1.451	1.172	0.911	0.135	1.476	1.087	1.054	0.124	1.621	1.213	1.097	1.122	0.712	1.083	0.740	0.136	1.460	0.966	0.754												
44:20:03													1.618	0.125	1.347	1.094	1.425	0.136	1.171	0.643	0.989	0.847	0.996	1.064	1.579	0.123	1.153	1.176	1.456	0.135	1.183	0.841	1.042	1.079	1.031	1.023	1.588	0.128	1.187	1.245	1.099	1.069	1.196	0.917	1.497	0.142	1.076	1.016	0.125	1.669	1.257	1.201	1.115	0.966	1.014	1.009	0.134	1.480	1.149	1.037	0.125	1.581	1.264	1.153	0.135	1.449	1.175	0.908	0.135	1.473	1.088	1.052	0.124	1.622	1.214	1.097	1.119	0.710	1.080	0.738	0.137	1.460	0.963	0.748												
44:40:03													1.621	0.125	1.337	1.099	1.419	0.136	1.170	0.641	0.983	0.851	0.996	1.064	1.580	0.123	1.156	1.178	1.454	0.135	1.181	0.837	1.041	1.077	1.030	1.024	1.589	0.128	1.185	1.244	1.100	1.066	1.198	0.917	1.497	0.142	1.074	1.016	0.125	1.670	1.258	1.201	1.105	0.964	1.012	1.016	0.135	1.480	1.145	1.034	0.125	1.582	1.265	1.149	0.135	1.448	1.179	0.917	0.135	1.473	1.089	1.052	0.124	1.623	1.216	1.097	1.114	0.707	1.078	0.738	0.136	1.460	0.961	0.815												
45:00:03													1.623	0.125	1.325	1.103	1.413	0.136	1.184	0.639	0.984	0.851	0.996	1.063	1.581	0.123	1.159	1.181	1.452	0.135	1.179	0.833	1.041	1.075	1.030	1.016	1.590	0.128	1.182	1.242	1.100	1.060	1.202	0.915	1.497	0.141	1.073	1.017	0.125	1.671	1.258	1.203	1.102	0.962	1.013	1.011	0.134	1.479	1.142	1.044	0.125	1.583	1.266	1.146	0.135	1.446	1.182	0.915	0.136	1.471	1.085	1.052	0.124	1.625	1.213	1.099	1.109	0.708	1.076	0.734	0.136	1.461	0.960	0.827												
45:20:03													1.625	0.125	1.324	1.108	1.405	0.136	1.216	0.637	0.974	0.853	0.996	1.063	1.583	0.123	1.163	1.184	1.451	0.135	1.176	0.829	1.040	1.073	1.030	1.011	1.592	0.128	1.174	1.241	1.097	1.065	1.203	0.912	1.496	0.142	1.071	1.026	0.125	1.674	1.258	1.205	1.096	0.960	1.011	1.009	0.134	1.478	1.142	1.044	0.125	1.584	1.267	1.144	0.135	1.443	1.186	0.914	0.136	1.469	1.085	1.045	0.124	1.626	1.212	1.098	1.105	0.711	1.072	0.732	0.136	1.460	0.957	0.805												
45:40:03													1.627	0.125	1.318	1.087	1.397	0.136	1.179	0.636	0.968	0.852	0.998	1.063	1.582	0.123	1.167	1.187	1.450	0.135	1.177	0.825	1.039	1.073	1.028	1.006	1.592	0.128	1.165	1.239	1.095	1.057	1.201	0.911	1.496	0.142	1.072	1.034	0.125	1.675	1.259	1.207	1.096	0.959	1.011	1.004	0.134	1.476	1.141	1.041	0.125	1.587	1.268	1.143	0.135	1.441	1.190	0.913	0.135	1.467	1.084	1.046	0.124	1.627	1.211	1.097	1.106	0.709	1.069	0.729	0.136	1.459	0.957	0.798												
46:00:03													1.628	0.125	1.316	1.085	1.388	0.136	1.141	0.635	0.966	0.853	0.997	1.062	1.584	0.123	1.171	1.189	1.448	0.135	1.179	0.821	1.037	1.074	1.027	1.005	1.594	0.128	1.157	1.238	1.092	1.063	1.194	0.907	1.496	0.142	1.071	1.024	0.125	1.676	1.262	1.208	1.098	0.958	1.011	1.000	0.135	1.475	1.139	1.034	0.125	1.586	1.268	1.142	0.135	1.440	1.190	0.914	0.136	1.464	1.084	1.045	0.124	1.628	1.209	1.094	1.100	0.709	1.066	0.728	0.136	1.458	0.954	0.758												
46:20:03													1.629	0.125	1.317	1.084	1.386	0.135	1.265	0.632	0.964	0.851	0.995	1.060	1.586	0.123	1.176	1.194	1.448	0.136	1.179	0.817	1.036	1.072	1.022	1.003	1.597	0.128	1.156	1.243	1.092	1.062	1.193	0.911	1.495	0.142	1.068	1.020	0.124	1.677	1.265	1.211	1.102	0.958	1.012	1.005	0.135	1.471	1.136	1.032	0.125	1.588	1.272	1.147	0.135	1.438	1.194	0.912	0.135	1.461	1.084	1.053	0.124	1.629	1.211	1.093	1.095	0.706	1.064	0.726	0.136	1.453	0.949	0.757												
46:40:03													1.627	0.125	1.317	1.091	1.385	0.136	1.173	0.632	0.963	0.854	0.997	1.062	1.586	0.123	1.179	1.195	1.447	0.136	1.177	0.814	1.035	1.073	1.020	1.002	1.597	0.128	1.151	1.235	1.089	1.054	1.182	0.909	1.495	0.142	1.068	1.022	0.125	1.679	1.265	1.211	1.092	0.957	1.013	1.000	0.135	1.473	1.135	1.039	0.125	1.589	1.269	1.143	0.135	1.436	1.195	0.905	0.136	1.460	1.085	1.057	0.124	1.631	1.209	1.092	1.092	0.703	1.061	0.726	0.136	1.455	0.948	0.764												
47:00:03													1.629	0.125	1.374	1.087	1.387	0.136	1.236	0.629	0.959	0.855	0.994	1.059	1.587	0.123	1.181	1.198	1.447	0.136	1.178	0.810	1.032	1.070	1.018	0.999	1.600	0.128	1.153	1.240	1.086	1.067	1.182	0.918	1.494	0.142	1.069	1.023	0.125	1.680	1.269	1.214	1.099	0.955	1.014	0.997	0.135	1.469	1.132	1.038	0.125	1.593	1.271	1.147	0.135	1.433	1.194	0.904	0.135	1.457	1.079	1.055	0.124	1.631	1.210	1.092	1.089	0.701	1.059	0.722	0.136	1.451	0.944	0.567												
47:20:03													1.624	0.125	1.358	1.081	1.386	0.136	1.122	0.628	0.959	0.859	0.993	1.060	1.589	0.123	1.182	1.198	1.445	0.136	1.173	0.807	1.031	1.069	1.020	0.993	1.599	0.128	1.150	1.231	1.082	1.050	1.173	0.914	1.493	0.142	1.071	1.024	0.125	1.681	1.268	1.212	1.089	0.954	1.012	1.002	0.135	1.471	1.129	1.032	0.125	1.595	1.267	1.145	0.135	1.430	1.186	0.893	0.136	1.457	1.077	1.047	0.124	1.633	1.208	1.091	1.085	0.698	1.077	0.722	0.136	1.456	0.942	0.625												
47:40:03													1.622	0.125	1.354	1.080	1.387	0.136	1.206	0.627	0.959	0.860	0.992	1.060	1.590	0.123	1.183	1.200	1.444	0.136	1.172	0.803	1.030	1.068	1.018	0.992	1.598	0.128	1.152	1.229	1.079	1.049	1.171	0.917	1.492	0.142	1.071	1.026	0.125	1.681	1.269	1.211	1.089	0.951	1.012	0.994	0.135	1.469	1.129	1.032	0.125	1.595	1.266	1.146	0.135	1.427	1.181	0.887	0.136	1.452	1.077	1.049	0.124	1.633	1.206	1.093	1.084	0.696	1.070	0.720	0.136	1.454	0.938	0.684												
48:00:03													1.620	0.125	1.344	1.090	1.389	0.136	1.112	0.626	0.974	0.866	0.990	1.059	1.592	0.123	1.183	1.202	1.443	0.135	1.171	0.800	1.028	1.067	1.015	0.987	1.599	0.128	1.153	1.228	1.075	1.046	1.171	0.908	1.492	0.142	1.072	1.034	0.125	1.682	1.270	1.212	1.082	0.952	1.011	0.996	0.135	1.467	1.128	1.032	0.125	1.597	1.264	1.147	0.135	1.425	1.171	0.885	0.136	1.452	1.075	1.049	0.124	1.635	1.206	1.093	1.081	0.695	1.060	0.720	0.136	1.453	0.936	0.682												

