Field Group

Plate Comment:	
Procedure Summary
  Plate Type:              Corning 96 well for LogPhase600
  Plate Number:            1
  Discontinuous Kinetics:  Runtime 02:00:00 (D:HH:MM), Interval 00:20:00 (HH:MM:SS), 145 Reads (max)
  Read:                    600 nm
  Incubator:               On
    Temperature setpoint:  30 °C
    Temperature gradient:  Off
  Shaking:                 On
     Shaking frequency:    600 RPMs		
			
			

600

Time	A1	A2	A3	A4	A5	A6	A7	A8	A9	A10	A11	A12	B1	B2	B3	B4	B5	B6	B7	B8	B9	B10	B11	B12	C1	C2	C3	C4	C5	C6	C7	C8	C9	C10	C11	C12	D1	D2	D3	D4	D5	D6	D7	D8	D9	D10	D11	D12	E1	E2	E3	E4	E5	E6	E7	E8	E9	E10	E11	E12	F1	F2	F3	F4	F5	F6	F7	F8	F9	F10	F11	F12	G1	G2	G3	G4	G5	G6	G7	G8	G9	G10	G11	G12	H1	H2	H3	H4	H5	H6	H7	H8	H9	H10	H11	H12
0:00:00													0.123	0.123	0.121	0.119	0.134	0.136	0.137	0.133	0.134	0.136	0.134	0.135	0.124	0.123	0.121	0.121	0.134	0.132	0.134	0.131	0.134	0.133	0.133	0.131	0.124	0.124	0.123	0.120	0.136	0.133	0.133	0.133	0.136	0.137	0.134	0.138	0.127	0.143	0.127	0.123	0.139	0.134	0.133	0.134	0.135	0.138	0.136	0.134	0.124	0.123	0.123	0.122	0.140	0.135	0.134	0.131	0.134	0.132	0.133	0.135	0.123	0.122	0.122	0.121	0.135	0.135	0.133	0.135	0.133	0.135	0.135	0.134												
0:20:00													0.123	0.123	0.121	0.119	0.134	0.136	0.137	0.133	0.134	0.136	0.134	0.135	0.123	0.123	0.121	0.121	0.134	0.132	0.134	0.131	0.134	0.134	0.133	0.131	0.124	0.123	0.123	0.120	0.136	0.133	0.133	0.134	0.136	0.138	0.134	0.138	0.127	0.142	0.127	0.123	0.138	0.134	0.133	0.133	0.135	0.137	0.136	0.135	0.124	0.122	0.124	0.122	0.140	0.135	0.134	0.131	0.134	0.132	0.133	0.135	0.123	0.121	0.122	0.121	0.135	0.135	0.133	0.135	0.133	0.135	0.135	0.134												
0:40:00													0.123	0.123	0.121	0.119	0.134	0.136	0.137	0.133	0.134	0.136	0.133	0.135	0.123	0.123	0.121	0.121	0.134	0.132	0.134	0.131	0.134	0.134	0.133	0.131	0.124	0.123	0.123	0.120	0.136	0.133	0.133	0.133	0.136	0.138	0.134	0.138	0.126	0.142	0.127	0.123	0.138	0.134	0.133	0.133	0.135	0.137	0.136	0.135	0.123	0.122	0.124	0.122	0.140	0.135	0.134	0.131	0.134	0.132	0.133	0.135	0.123	0.121	0.122	0.121	0.135	0.135	0.133	0.135	0.133	0.135	0.135	0.134												
1:00:00													0.123	0.123	0.121	0.119	0.134	0.136	0.137	0.133	0.134	0.136	0.134	0.135	0.123	0.123	0.121	0.121	0.134	0.132	0.134	0.131	0.134	0.134	0.133	0.131	0.124	0.123	0.123	0.119	0.136	0.133	0.133	0.133	0.136	0.137	0.134	0.138	0.126	0.142	0.127	0.123	0.138	0.134	0.133	0.133	0.135	0.137	0.136	0.135	0.123	0.122	0.124	0.122	0.140	0.135	0.134	0.131	0.134	0.132	0.133	0.135	0.123	0.121	0.122	0.121	0.134	0.135	0.133	0.135	0.133	0.135	0.135	0.134												
1:20:00													0.123	0.124	0.121	0.119	0.134	0.136	0.137	0.133	0.134	0.136	0.133	0.135	0.123	0.123	0.121	0.121	0.134	0.132	0.134	0.131	0.134	0.134	0.133	0.131	0.124	0.123	0.123	0.120	0.136	0.133	0.133	0.133	0.136	0.138	0.134	0.138	0.126	0.141	0.128	0.123	0.138	0.134	0.133	0.134	0.135	0.138	0.136	0.135	0.123	0.122	0.124	0.122	0.140	0.135	0.134	0.131	0.134	0.132	0.133	0.135	0.124	0.122	0.122	0.121	0.135	0.135	0.133	0.135	0.133	0.135	0.135	0.134												
1:40:00													0.124	0.124	0.121	0.119	0.134	0.136	0.137	0.133	0.134	0.136	0.134	0.135	0.124	0.123	0.121	0.121	0.134	0.132	0.134	0.131	0.134	0.134	0.133	0.131	0.124	0.123	0.123	0.119	0.136	0.133	0.133	0.133	0.136	0.137	0.134	0.139	0.126	0.142	0.127	0.123	0.138	0.134	0.133	0.133	0.135	0.137	0.136	0.135	0.123	0.122	0.124	0.122	0.139	0.135	0.134	0.131	0.134	0.132	0.133	0.136	0.123	0.121	0.122	0.121	0.135	0.135	0.133	0.135	0.133	0.135	0.135	0.134												
2:00:00													0.124	0.124	0.122	0.119	0.134	0.136	0.137	0.133	0.134	0.136	0.134	0.135	0.124	0.123	0.121	0.121	0.134	0.132	0.134	0.131	0.134	0.134	0.133	0.131	0.125	0.123	0.123	0.120	0.136	0.133	0.133	0.133	0.136	0.137	0.134	0.138	0.126	0.142	0.127	0.123	0.138	0.134	0.133	0.133	0.135	0.137	0.136	0.135	0.123	0.122	0.124	0.122	0.139	0.135	0.134	0.131	0.134	0.132	0.133	0.135	0.123	0.122	0.122	0.121	0.135	0.135	0.134	0.135	0.133	0.135	0.135	0.134												
2:20:00													0.124	0.125	0.122	0.119	0.134	0.136	0.137	0.133	0.134	0.136	0.134	0.135	0.124	0.123	0.121	0.121	0.134	0.132	0.134	0.131	0.134	0.134	0.133	0.131	0.125	0.123	0.123	0.120	0.136	0.133	0.133	0.133	0.136	0.137	0.134	0.138	0.126	0.142	0.128	0.123	0.138	0.134	0.133	0.133	0.135	0.137	0.136	0.135	0.123	0.122	0.124	0.122	0.140	0.135	0.134	0.131	0.134	0.133	0.133	0.138	0.123	0.122	0.122	0.121	0.134	0.135	0.134	0.135	0.133	0.135	0.135	0.134												
2:40:00													0.126	0.128	0.122	0.119	0.134	0.136	0.138	0.133	0.134	0.136	0.134	0.135	0.124	0.122	0.121	0.121	0.134	0.132	0.134	0.131	0.134	0.133	0.133	0.131	0.126	0.123	0.123	0.120	0.136	0.133	0.133	0.133	0.137	0.137	0.134	0.138	0.126	0.141	0.128	0.123	0.138	0.134	0.133	0.134	0.135	0.138	0.136	0.135	0.123	0.123	0.124	0.123	0.140	0.135	0.134	0.131	0.134	0.133	0.134	0.136	0.123	0.122	0.122	0.121	0.135	0.135	0.134	0.135	0.133	0.135	0.135	0.134												
3:00:00													0.126	0.126	0.123	0.119	0.134	0.136	0.138	0.133	0.134	0.136	0.134	0.135	0.125	0.123	0.122	0.122	0.135	0.132	0.134	0.132	0.134	0.134	0.133	0.131	0.126	0.123	0.124	0.120	0.136	0.133	0.133	0.133	0.137	0.137	0.134	0.138	0.126	0.143	0.128	0.123	0.138	0.134	0.133	0.133	0.135	0.138	0.136	0.135	0.123	0.123	0.124	0.123	0.140	0.135	0.134	0.131	0.134	0.133	0.134	0.135	0.123	0.122	0.122	0.121	0.135	0.135	0.134	0.135	0.133	0.135	0.135	0.134												
3:20:00													0.127	0.127	0.124	0.120	0.135	0.136	0.138	0.133	0.134	0.136	0.134	0.135	0.125	0.123	0.123	0.122	0.135	0.132	0.134	0.132	0.135	0.134	0.134	0.131	0.127	0.123	0.124	0.120	0.137	0.133	0.133	0.133	0.137	0.137	0.134	0.139	0.126	0.143	0.128	0.123	0.138	0.134	0.134	0.134	0.135	0.138	0.136	0.135	0.123	0.123	0.125	0.123	0.140	0.135	0.134	0.131	0.134	0.133	0.134	0.136	0.123	0.123	0.122	0.121	0.135	0.135	0.134	0.135	0.133	0.135	0.135	0.134												
3:40:00													0.127	0.127	0.124	0.120	0.135	0.136	0.138	0.133	0.135	0.136	0.135	0.135	0.127	0.122	0.123	0.123	0.135	0.132	0.134	0.132	0.135	0.134	0.134	0.131	0.128	0.123	0.125	0.121	0.137	0.133	0.133	0.133	0.138	0.137	0.134	0.139	0.126	0.143	0.129	0.123	0.138	0.134	0.134	0.134	0.135	0.138	0.137	0.135	0.123	0.123	0.125	0.124	0.140	0.135	0.134	0.131	0.134	0.133	0.134	0.136	0.123	0.123	0.123	0.121	0.135	0.135	0.134	0.135	0.133	0.136	0.135	0.134												
4:00:00													0.129	0.128	0.125	0.120	0.136	0.136	0.139	0.133	0.135	0.136	0.135	0.135	0.127	0.122	0.124	0.123	0.136	0.132	0.134	0.132	0.135	0.134	0.135	0.131	0.130	0.123	0.126	0.121	0.137	0.133	0.134	0.133	0.138	0.137	0.135	0.139	0.126	0.144	0.130	0.123	0.138	0.134	0.134	0.134	0.135	0.138	0.137	0.135	0.123	0.123	0.126	0.124	0.140	0.135	0.134	0.131	0.134	0.133	0.134	0.139	0.123	0.124	0.124	0.121	0.135	0.135	0.134	0.135	0.133	0.136	0.136	0.134												
4:20:00													0.130	0.128	0.126	0.121	0.136	0.136	0.139	0.133	0.136	0.137	0.136	0.136	0.129	0.122	0.125	0.124	0.136	0.132	0.134	0.132	0.135	0.134	0.135	0.132	0.130	0.123	0.127	0.122	0.137	0.133	0.134	0.134	0.139	0.137	0.135	0.139	0.126	0.144	0.131	0.124	0.138	0.134	0.134	0.134	0.135	0.139	0.138	0.136	0.123	0.124	0.127	0.125	0.140	0.136	0.135	0.131	0.134	0.134	0.135	0.139	0.123	0.123	0.124	0.122	0.135	0.135	0.135	0.135	0.133	0.137	0.136	0.135												
4:40:00													0.131	0.129	0.126	0.122	0.137	0.136	0.140	0.134	0.136	0.137	0.136	0.136	0.129	0.122	0.126	0.122	0.137	0.132	0.135	0.132	0.136	0.134	0.136	0.132	0.132	0.123	0.128	0.123	0.137	0.134	0.135	0.134	0.140	0.137	0.136	0.139	0.126	0.145	0.131	0.124	0.138	0.134	0.135	0.134	0.135	0.139	0.138	0.136	0.123	0.126	0.128	0.126	0.140	0.136	0.135	0.131	0.134	0.134	0.135	0.139	0.123	0.124	0.125	0.121	0.135	0.135	0.135	0.136	0.133	0.137	0.137	0.135												
5:00:00													0.133	0.130	0.128	0.123	0.138	0.136	0.141	0.134	0.136	0.137	0.137	0.136	0.128	0.123	0.126	0.125	0.139	0.133	0.136	0.132	0.136	0.134	0.136	0.132	0.130	0.123	0.129	0.124	0.138	0.134	0.136	0.134	0.141	0.137	0.137	0.139	0.126	0.146	0.133	0.125	0.139	0.134	0.136	0.134	0.135	0.140	0.139	0.136	0.123	0.126	0.129	0.127	0.140	0.136	0.135	0.132	0.134	0.135	0.136	0.139	0.123	0.126	0.127	0.122	0.135	0.135	0.136	0.136	0.133	0.138	0.138	0.135												
5:20:00													0.135	0.130	0.132	0.123	0.140	0.136	0.143	0.134	0.137	0.137	0.137	0.136	0.130	0.123	0.129	0.127	0.140	0.133	0.136	0.132	0.137	0.135	0.138	0.132	0.132	0.123	0.130	0.125	0.139	0.134	0.136	0.134	0.142	0.137	0.138	0.140	0.126	0.143	0.133	0.125	0.139	0.134	0.136	0.134	0.135	0.140	0.139	0.137	0.123	0.128	0.130	0.129	0.140	0.136	0.136	0.132	0.134	0.135	0.137	0.142	0.123	0.127	0.128	0.122	0.135	0.135	0.136	0.136	0.133	0.139	0.139	0.136												
5:40:00													0.137	0.131	0.132	0.124	0.142	0.136	0.144	0.134	0.138	0.138	0.138	0.137	0.134	0.123	0.130	0.128	0.142	0.133	0.137	0.132	0.138	0.135	0.139	0.133	0.137	0.123	0.132	0.126	0.140	0.135	0.138	0.134	0.143	0.137	0.139	0.140	0.126	0.146	0.135	0.125	0.140	0.135	0.138	0.134	0.135	0.141	0.140	0.137	0.123	0.127	0.132	0.130	0.140	0.136	0.137	0.132	0.134	0.135	0.138	0.142	0.123	0.128	0.129	0.123	0.136	0.135	0.137	0.136	0.133	0.140	0.139	0.136												
6:00:00													0.142	0.131	0.136	0.125	0.144	0.136	0.147	0.135	0.139	0.139	0.140	0.137	0.135	0.123	0.132	0.128	0.144	0.133	0.139	0.133	0.139	0.135	0.141	0.134	0.138	0.123	0.135	0.124	0.141	0.135	0.141	0.134	0.144	0.137	0.141	0.140	0.126	0.148	0.138	0.126	0.140	0.135	0.140	0.135	0.135	0.142	0.142	0.139	0.123	0.130	0.134	0.130	0.140	0.137	0.139	0.133	0.134	0.137	0.139	0.140	0.123	0.130	0.131	0.124	0.136	0.136	0.140	0.137	0.133	0.141	0.141	0.137												
6:20:00													0.149	0.136	0.151	0.127	0.149	0.136	0.150	0.135	0.142	0.140	0.142	0.138	0.140	0.123	0.138	0.132	0.150	0.133	0.139	0.133	0.140	0.136	0.141	0.134	0.146	0.123	0.143	0.131	0.143	0.137	0.142	0.135	0.148	0.137	0.142	0.139	0.126	0.148	0.139	0.128	0.141	0.135	0.142	0.135	0.135	0.144	0.143	0.139	0.123	0.130	0.138	0.131	0.140	0.138	0.140	0.134	0.134	0.138	0.141	0.146	0.123	0.131	0.129	0.125	0.136	0.136	0.141	0.137	0.134	0.143	0.142	0.138												
6:40:00													0.171	0.136	0.145	0.126	0.158	0.136	0.157	0.136	0.145	0.141	0.143	0.140	0.147	0.123	0.147	0.138	0.159	0.133	0.141	0.133	0.143	0.137	0.142	0.135	0.168	0.123	0.144	0.140	0.145	0.138	0.144	0.135	0.151	0.137	0.143	0.141	0.126	0.149	0.149	0.127	0.142	0.136	0.145	0.136	0.135	0.145	0.144	0.141	0.123	0.133	0.152	0.132	0.140	0.139	0.143	0.135	0.134	0.139	0.143	0.143	0.123	0.132	0.137	0.125	0.137	0.137	0.143	0.138	0.134	0.145	0.142	0.140												
7:00:00													0.174	0.132	0.149	0.127	0.171	0.136	0.167	0.137	0.148	0.143	0.146	0.141	0.165	0.123	0.149	0.163	0.165	0.133	0.144	0.134	0.146	0.138	0.145	0.136	0.164	0.123	0.153	0.161	0.149	0.139	0.152	0.136	0.156	0.137	0.146	0.141	0.126	0.150	0.152	0.129	0.143	0.136	0.152	0.136	0.135	0.146	0.147	0.142	0.123	0.136	0.155	0.134	0.139	0.140	0.146	0.136	0.134	0.140	0.145	0.144	0.123	0.134	0.148	0.126	0.137	0.137	0.146	0.139	0.133	0.147	0.146	0.141												
7:20:00													0.189	0.136	0.158	0.129	0.178	0.136	0.172	0.137	0.151	0.144	0.148	0.142	0.158	0.123	0.154	0.166	0.180	0.133	0.147	0.135	0.147	0.139	0.147	0.136	0.171	0.123	0.163	0.156	0.155	0.141	0.164	0.136	0.167	0.137	0.147	0.143	0.126	0.147	0.161	0.131	0.144	0.137	0.158	0.138	0.135	0.149	0.147	0.142	0.123	0.150	0.160	0.136	0.140	0.141	0.149	0.137	0.134	0.142	0.146	0.148	0.123	0.139	0.148	0.127	0.138	0.138	0.150	0.140	0.134	0.150	0.149	0.143												
7:40:00													0.197	0.132	0.168	0.132	0.196	0.136	0.181	0.139	0.156	0.147	0.153	0.144	0.181	0.123	0.164	0.161	0.192	0.133	0.156	0.136	0.153	0.141	0.151	0.138	0.182	0.124	0.166	0.155	0.166	0.145	0.163	0.137	0.168	0.137	0.151	0.144	0.126	0.153	0.160	0.130	0.145	0.137	0.163	0.138	0.135	0.151	0.154	0.144	0.123	0.180	0.168	0.145	0.139	0.142	0.163	0.138	0.134	0.144	0.150	0.152	0.123	0.157	0.165	0.128	0.138	0.140	0.164	0.141	0.133	0.154	0.152	0.143												
8:00:00													0.215	0.132	0.176	0.144	0.214	0.136	0.198	0.140	0.165	0.150	0.162	0.145	0.187	0.123	0.172	0.164	0.209	0.133	0.157	0.136	0.159	0.143	0.160	0.140	0.194	0.124	0.173	0.161	0.171	0.166	0.173	0.138	0.172	0.137	0.159	0.146	0.126	0.182	0.165	0.133	0.147	0.138	0.173	0.140	0.135	0.154	0.160	0.144	0.123	0.190	0.189	0.175	0.139	0.144	0.163	0.140	0.134	0.146	0.156	0.156	0.123	0.180	0.168	0.128	0.140	0.141	0.174	0.141	0.134	0.163	0.156	0.146												
8:20:00													0.245	0.132	0.202	0.171	0.234	0.136	0.212	0.141	0.167	0.161	0.174	0.147	0.219	0.123	0.182	0.169	0.224	0.133	0.170	0.138	0.169	0.146	0.175	0.142	0.225	0.124	0.190	0.163	0.182	0.161	0.192	0.140	0.178	0.137	0.168	0.148	0.126	0.197	0.185	0.136	0.148	0.140	0.182	0.141	0.135	0.164	0.175	0.147	0.123	0.207	0.193	0.171	0.139	0.146	0.177	0.143	0.134	0.152	0.163	0.159	0.123	0.185	0.181	0.128	0.141	0.143	0.182	0.144	0.134	0.177	0.164	0.148												
8:40:00													0.264	0.132	0.237	0.171	0.254	0.136	0.235	0.142	0.176	0.184	0.178	0.149	0.243	0.123	0.202	0.176	0.245	0.133	0.177	0.140	0.170	0.154	0.174	0.144	0.254	0.124	0.211	0.178	0.196	0.170	0.207	0.141	0.184	0.137	0.187	0.149	0.126	0.198	0.189	0.171	0.150	0.141	0.207	0.142	0.135	0.182	0.183	0.152	0.123	0.235	0.206	0.173	0.139	0.148	0.192	0.152	0.134	0.161	0.177	0.167	0.123	0.193	0.197	0.130	0.142	0.144	0.195	0.146	0.134	0.191	0.180	0.151												
9:00:00													0.292	0.132	0.260	0.168	0.275	0.136	0.252	0.149	0.189	0.190	0.178	0.154	0.274	0.123	0.226	0.189	0.262	0.133	0.193	0.144	0.175	0.164	0.182	0.147	0.285	0.124	0.238	0.191	0.209	0.180	0.230	0.142	0.193	0.137	0.184	0.153	0.126	0.198	0.210	0.171	0.161	0.144	0.234	0.145	0.135	0.179	0.190	0.159	0.123	0.254	0.221	0.177	0.139	0.158	0.207	0.182	0.134	0.176	0.185	0.180	0.123	0.217	0.217	0.131	0.144	0.145	0.215	0.148	0.134	0.212	0.191	0.161												
9:20:00													0.311	0.132	0.291	0.162	0.298	0.136	0.279	0.161	0.200	0.195	0.188	0.164	0.298	0.123	0.248	0.203	0.270	0.133	0.212	0.155	0.183	0.186	0.197	0.155	0.310	0.124	0.265	0.210	0.233	0.193	0.243	0.148	0.207	0.137	0.193	0.157	0.126	0.208	0.234	0.161	0.171	0.148	0.265	0.156	0.135	0.193	0.206	0.175	0.123	0.270	0.240	0.184	0.139	0.186	0.229	0.184	0.134	0.172	0.184	0.216	0.123	0.247	0.236	0.132	0.148	0.149	0.222	0.155	0.134	0.230	0.192	0.182												
9:40:00													0.328	0.132	0.315	0.167	0.310	0.136	0.310	0.167	0.220	0.216	0.200	0.190	0.311	0.123	0.277	0.220	0.296	0.133	0.233	0.177	0.192	0.190	0.211	0.168	0.337	0.124	0.288	0.232	0.257	0.205	0.271	0.172	0.225	0.138	0.209	0.165	0.126	0.231	0.258	0.170	0.174	0.158	0.284	0.181	0.135	0.205	0.219	0.199	0.123	0.286	0.261	0.198	0.139	0.186	0.260	0.190	0.134	0.182	0.196	0.237	0.123	0.272	0.254	0.137	0.150	0.151	0.247	0.178	0.134	0.244	0.203	0.175												
10:00:00													0.350	0.132	0.335	0.183	0.333	0.136	0.341	0.162	0.234	0.239	0.211	0.198	0.328	0.124	0.294	0.244	0.322	0.133	0.240	0.164	0.205	0.198	0.222	0.195	0.378	0.124	0.305	0.253	0.270	0.225	0.300	0.161	0.250	0.138	0.221	0.187	0.126	0.226	0.278	0.171	0.177	0.186	0.311	0.174	0.135	0.225	0.234	0.197	0.123	0.308	0.282	0.218	0.139	0.194	0.277	0.193	0.134	0.202	0.213	0.257	0.123	0.287	0.272	0.168	0.159	0.158	0.278	0.190	0.134	0.260	0.218	0.189												
10:20:00													0.386	0.132	0.357	0.203	0.359	0.136	0.376	0.170	0.242	0.261	0.228	0.199	0.353	0.124	0.313	0.264	0.348	0.133	0.254	0.166	0.222	0.211	0.233	0.202	0.425	0.124	0.327	0.275	0.298	0.244	0.331	0.163	0.289	0.138	0.241	0.198	0.126	0.234	0.303	0.173	0.184	0.190	0.350	0.170	0.135	0.246	0.255	0.196	0.123	0.339	0.302	0.235	0.139	0.205	0.289	0.197	0.134	0.229	0.239	0.270	0.123	0.300	0.293	0.173	0.180	0.167	0.313	0.191	0.134	0.313	0.235	0.210												
10:40:00													0.411	0.132	0.390	0.220	0.390	0.136	0.408	0.176	0.261	0.277	0.245	0.216	0.387	0.124	0.336	0.283	0.375	0.133	0.276	0.172	0.248	0.225	0.245	0.204	0.458	0.124	0.361	0.292	0.325	0.264	0.368	0.166	0.319	0.138	0.262	0.190	0.126	0.248	0.338	0.183	0.197	0.197	0.391	0.174	0.135	0.267	0.281	0.209	0.123	0.367	0.330	0.256	0.139	0.220	0.316	0.204	0.134	0.253	0.262	0.303	0.123	0.322	0.314	0.178	0.180	0.195	0.349	0.195	0.134	0.354	0.257	0.231												
11:00:00													0.436	0.132	0.414	0.245	0.421	0.136	0.436	0.184	0.288	0.302	0.271	0.239	0.412	0.124	0.375	0.302	0.414	0.133	0.298	0.183	0.274	0.245	0.256	0.210	0.489	0.125	0.391	0.312	0.355	0.287	0.402	0.172	0.353	0.138	0.282	0.206	0.126	0.266	0.367	0.190	0.217	0.208	0.433	0.183	0.135	0.292	0.309	0.229	0.123	0.398	0.366	0.277	0.140	0.238	0.352	0.217	0.134	0.281	0.288	0.329	0.123	0.345	0.345	0.185	0.185	0.221	0.380	0.206	0.134	0.380	0.282	0.255												
11:20:00													0.464	0.132	0.437	0.258	0.462	0.136	0.464	0.195	0.313	0.327	0.304	0.271	0.438	0.124	0.401	0.330	0.505	0.133	0.322	0.195	0.299	0.266	0.269	0.224	0.522	0.125	0.416	0.339	0.390	0.313	0.433	0.182	0.385	0.138	0.305	0.219	0.126	0.284	0.396	0.200	0.240	0.218	0.474	0.194	0.135	0.326	0.331	0.257	0.123	0.426	0.389	0.298	0.140	0.264	0.384	0.237	0.134	0.301	0.317	0.363	0.123	0.368	0.373	0.188	0.203	0.249	0.410	0.220	0.134	0.408	0.313	0.286												
11:40:01													0.501	0.132	0.459	0.285	0.498	0.136	0.496	0.209	0.336	0.364	0.332	0.300	0.470	0.124	0.427	0.359	0.561	0.133	0.347	0.210	0.322	0.306	0.283	0.246	0.548	0.124	0.434	0.375	0.422	0.339	0.462	0.194	0.423	0.138	0.330	0.241	0.126	0.304	0.424	0.211	0.269	0.227	0.508	0.207	0.135	0.358	0.360	0.278	0.123	0.463	0.413	0.318	0.140	0.292	0.419	0.256	0.134	0.321	0.345	0.397	0.123	0.388	0.412	0.194	0.233	0.279	0.443	0.237	0.134	0.432	0.346	0.322												
12:00:01													0.519	0.132	0.488	0.307	0.549	0.136	0.537	0.226	0.363	0.401	0.366	0.338	0.496	0.124	0.457	0.383	0.658	0.133	0.378	0.227	0.348	0.332	0.302	0.271	0.579	0.124	0.462	0.397	0.451	0.364	0.490	0.208	0.454	0.138	0.363	0.271	0.126	0.324	0.447	0.228	0.296	0.240	0.574	0.227	0.135	0.392	0.385	0.294	0.123	0.495	0.441	0.340	0.140	0.311	0.459	0.281	0.134	0.360	0.371	0.427	0.123	0.413	0.453	0.205	0.250	0.297	0.476	0.253	0.134	0.460	0.384	0.349												
12:20:01													0.543	0.131	0.505	0.333	0.587	0.136	0.560	0.244	0.391	0.438	0.402	0.380	0.525	0.124	0.488	0.411	0.634	0.133	0.407	0.243	0.377	0.363	0.324	0.304	0.617	0.124	0.477	0.431	0.486	0.391	0.511	0.227	0.484	0.138	0.393	0.304	0.126	0.345	0.473	0.248	0.321	0.249	0.587	0.254	0.135	0.422	0.421	0.311	0.123	0.514	0.466	0.361	0.139	0.331	0.498	0.314	0.134	0.401	0.405	0.450	0.123	0.435	0.494	0.218	0.279	0.335	0.513	0.276	0.134	0.490	0.420	0.383												
12:40:01													0.573	0.131	0.532	0.355	0.630	0.136	0.620	0.266	0.419	0.475	0.434	0.392	0.552	0.124	0.518	0.441	0.655	0.133	0.447	0.271	0.410	0.389	0.346	0.331	0.649	0.124	0.506	0.460	0.527	0.418	0.560	0.243	0.512	0.138	0.423	0.330	0.126	0.374	0.506	0.270	0.344	0.266	0.626	0.271	0.135	0.453	0.457	0.329	0.123	0.543	0.488	0.382	0.139	0.359	0.533	0.341	0.134	0.442	0.438	0.473	0.123	0.459	0.510	0.235	0.276	0.318	0.559	0.295	0.134	0.521	0.453	0.413												
13:00:01													0.591	0.131	0.557	0.382	0.659	0.136	0.659	0.290	0.450	0.514	0.462	0.417	0.576	0.124	0.535	0.487	0.687	0.133	0.503	0.296	0.441	0.419	0.367	0.356	0.678	0.124	0.529	0.499	0.567	0.443	0.620	0.267	0.539	0.138	0.453	0.352	0.126	0.403	0.523	0.292	0.365	0.285	0.665	0.298	0.135	0.476	0.483	0.349	0.123	0.568	0.512	0.405	0.140	0.387	0.571	0.374	0.134	0.480	0.474	0.506	0.123	0.486	0.541	0.255	0.295	0.330	0.600	0.323	0.134	0.542	0.482	0.450												
13:20:01													0.613	0.135	0.585	0.414	0.692	0.136	0.675	0.320	0.479	0.553	0.497	0.447	0.597	0.124	0.559	0.524	0.711	0.133	0.552	0.318	0.464	0.453	0.385	0.380	0.701	0.124	0.552	0.542	0.613	0.478	0.651	0.289	0.556	0.138	0.478	0.384	0.126	0.450	0.549	0.316	0.392	0.305	0.690	0.324	0.135	0.504	0.503	0.370	0.123	0.590	0.540	0.431	0.140	0.420	0.631	0.401	0.134	0.508	0.497	0.537	0.123	0.521	0.564	0.289	0.329	0.362	0.628	0.339	0.134	0.574	0.506	0.485												
13:40:01													0.635	0.131	0.597	0.439	0.729	0.136	0.711	0.339	0.508	0.579	0.527	0.478	0.619	0.124	0.577	0.548	0.728	0.133	0.609	0.335	0.489	0.483	0.423	0.404	0.717	0.124	0.577	0.566	0.634	0.495	0.681	0.310	0.609	0.138	0.510	0.402	0.126	0.501	0.571	0.335	0.418	0.328	0.702	0.352	0.135	0.526	0.539	0.392	0.123	0.608	0.567	0.465	0.140	0.446	0.666	0.439	0.134	0.541	0.521	0.565	0.123	0.549	0.580	0.307	0.358	0.381	0.693	0.363	0.134	0.602	0.530	0.512												
14:00:01													0.645	0.134	0.616	0.472	0.761	0.136	0.742	0.365	0.549	0.603	0.563	0.526	0.637	0.124	0.601	0.575	0.745	0.133	0.655	0.363	0.521	0.520	0.499	0.433	0.739	0.124	0.605	0.592	0.675	0.545	0.690	0.328	0.679	0.138	0.550	0.429	0.126	0.537	0.592	0.355	0.446	0.348	0.720	0.386	0.135	0.553	0.582	0.424	0.123	0.627	0.586	0.519	0.140	0.485	0.700	0.465	0.134	0.574	0.551	0.579	0.123	0.583	0.602	0.331	0.382	0.414	0.711	0.390	0.134	0.624	0.559	0.546												
14:20:01													0.660	0.131	0.634	0.496	0.780	0.136	0.759	0.391	0.604	0.624	0.598	0.557	0.659	0.124	0.616	0.591	0.769	0.133	0.685	0.386	0.549	0.552	0.530	0.462	0.748	0.124	0.620	0.609	0.707	0.584	0.710	0.354	0.721	0.138	0.541	0.458	0.126	0.563	0.610	0.388	0.471	0.375	0.751	0.414	0.135	0.591	0.599	0.448	0.123	0.662	0.603	0.560	0.140	0.509	0.730	0.505	0.134	0.594	0.575	0.613	0.123	0.615	0.627	0.347	0.412	0.438	0.747	0.422	0.134	0.661	0.595	0.576												
14:40:01													0.678	0.130	0.656	0.526	0.794	0.136	0.775	0.420	0.629	0.634	0.644	0.585	0.677	0.124	0.631	0.609	0.788	0.133	0.713	0.412	0.584	0.578	0.588	0.496	0.765	0.124	0.635	0.629	0.737	0.641	0.739	0.372	0.730	0.138	0.607	0.499	0.126	0.592	0.625	0.416	0.496	0.406	0.778	0.439	0.135	0.614	0.609	0.474	0.123	0.691	0.619	0.580	0.139	0.536	0.748	0.535	0.134	0.623	0.563	0.644	0.123	0.653	0.647	0.371	0.444	0.462	0.769	0.444	0.134	0.690	0.607	0.595												
15:00:01													0.696	0.130	0.675	0.556	0.807	0.136	0.795	0.447	0.666	0.677	0.694	0.618	0.693	0.124	0.649	0.627	0.814	0.133	0.755	0.441	0.632	0.594	0.647	0.521	0.783	0.124	0.654	0.646	0.762	0.669	0.755	0.398	0.759	0.138	0.658	0.530	0.126	0.616	0.646	0.455	0.521	0.431	0.798	0.479	0.136	0.642	0.667	0.502	0.123	0.722	0.638	0.598	0.139	0.560	0.781	0.557	0.134	0.651	0.623	0.665	0.123	0.680	0.666	0.391	0.476	0.493	0.797	0.474	0.134	0.710	0.644	0.606												
15:20:01													0.714	0.130	0.692	0.577	0.827	0.136	0.811	0.479	0.718	0.704	0.705	0.652	0.714	0.124	0.660	0.651	0.833	0.133	0.770	0.467	0.702	0.644	0.682	0.537	0.801	0.124	0.664	0.661	0.787	0.685	0.766	0.427	0.795	0.138	0.683	0.547	0.126	0.639	0.658	0.480	0.544	0.461	0.823	0.508	0.135	0.656	0.693	0.537	0.123	0.751	0.654	0.617	0.140	0.587	0.794	0.582	0.134	0.683	0.690	0.680	0.123	0.703	0.691	0.418	0.510	0.523	0.824	0.494	0.134	0.735	0.684	0.645												
15:40:01													0.735	0.130	0.709	0.607	0.837	0.136	0.821	0.500	0.745	0.754	0.712	0.694	0.728	0.124	0.670	0.666	0.851	0.133	0.792	0.487	0.730	0.667	0.719	0.567	0.816	0.124	0.680	0.676	0.813	0.724	0.781	0.452	0.814	0.138	0.709	0.568	0.126	0.666	0.674	0.525	0.578	0.493	0.838	0.536	0.135	0.708	0.733	0.578	0.123	0.773	0.673	0.644	0.140	0.615	0.817	0.602	0.134	0.671	0.712	0.726	0.123	0.730	0.710	0.462	0.550	0.551	0.844	0.526	0.134	0.766	0.731	0.671												
16:00:01													0.751	0.130	0.722	0.620	0.859	0.136	0.830	0.529	0.768	0.775	0.735	0.719	0.748	0.124	0.683	0.679	0.864	0.133	0.809	0.515	0.757	0.701	0.756	0.590	0.832	0.124	0.692	0.687	0.828	0.737	0.797	0.481	0.831	0.138	0.745	0.595	0.126	0.685	0.688	0.549	0.609	0.506	0.854	0.550	0.135	0.733	0.758	0.618	0.123	0.788	0.686	0.659	0.139	0.649	0.836	0.625	0.134	0.695	0.738	0.759	0.123	0.760	0.724	0.483	0.584	0.569	0.874	0.549	0.134	0.791	0.767	0.669												
16:20:01													0.770	0.130	0.735	0.648	0.883	0.136	0.834	0.546	0.797	0.804	0.770	0.737	0.758	0.124	0.701	0.690	0.879	0.133	0.823	0.552	0.783	0.739	0.775	0.601	0.846	0.124	0.711	0.703	0.847	0.759	0.812	0.507	0.863	0.138	0.781	0.632	0.126	0.708	0.698	0.570	0.636	0.529	0.871	0.571	0.135	0.750	0.794	0.669	0.123	0.812	0.696	0.679	0.140	0.653	0.855	0.633	0.134	0.761	0.771	0.799	0.123	0.778	0.739	0.515	0.600	0.597	0.890	0.581	0.134	0.818	0.795	0.688												
16:40:01													0.784	0.130	0.757	0.675	0.896	0.136	0.839	0.557	0.819	0.823	0.780	0.800	0.777	0.124	0.719	0.711	0.884	0.133	0.837	0.562	0.786	0.757	0.807	0.635	0.858	0.124	0.730	0.719	0.868	0.786	0.828	0.531	0.880	0.138	0.799	0.672	0.126	0.734	0.715	0.593	0.666	0.561	0.887	0.600	0.135	0.781	0.813	0.708	0.123	0.842	0.709	0.706	0.139	0.670	0.869	0.658	0.134	0.808	0.784	0.830	0.123	0.793	0.758	0.531	0.634	0.630	0.920	0.603	0.134	0.842	0.822	0.709												
17:00:01													0.801	0.130	0.768	0.699	0.930	0.136	0.853	0.600	0.834	0.854	0.801	0.869	0.783	0.124	0.730	0.725	0.890	0.133	0.850	0.571	0.817	0.780	0.822	0.669	0.870	0.124	0.742	0.726	0.885	0.809	0.840	0.558	0.888	0.138	0.824	0.692	0.126	0.765	0.727	0.611	0.701	0.577	0.901	0.602	0.135	0.811	0.834	0.728	0.123	0.871	0.720	0.723	0.139	0.711	0.885	0.710	0.134	0.810	0.809	0.864	0.123	0.813	0.779	0.564	0.637	0.671	0.947	0.657	0.134	0.869	0.837	0.753												
17:20:01													0.807	0.129	0.789	0.729	0.949	0.136	0.860	0.665	0.849	0.890	0.823	0.947	0.798	0.124	0.741	0.734	0.920	0.133	0.862	0.640	0.833	0.802	0.841	0.692	0.883	0.124	0.755	0.739	0.897	0.830	0.857	0.560	0.906	0.138	0.843	0.743	0.126	0.776	0.742	0.639	0.715	0.586	0.911	0.637	0.135	0.835	0.849	0.762	0.123	0.889	0.733	0.736	0.140	0.736	0.897	0.749	0.134	0.876	0.831	0.896	0.123	0.831	0.794	0.595	0.675	0.713	0.975	0.701	0.134	0.913	0.867	0.791												
17:40:01													0.822	0.129	0.808	0.746	0.962	0.136	0.887	0.701	0.868	0.928	0.829	0.976	0.810	0.124	0.762	0.750	0.930	0.133	0.873	0.654	0.848	0.826	0.851	0.728	0.894	0.124	0.770	0.752	0.912	0.852	0.870	0.608	0.920	0.138	0.860	0.788	0.126	0.800	0.752	0.660	0.763	0.640	0.923	0.674	0.135	0.861	0.873	0.789	0.123	0.917	0.743	0.756	0.139	0.782	0.911	0.794	0.134	0.907	0.851	0.924	0.123	0.847	0.807	0.616	0.713	0.717	0.985	0.738	0.134	0.934	0.885	0.820												
18:00:01													0.834	0.132	0.828	0.765	0.977	0.136	0.915	0.750	0.898	0.958	0.860	0.979	0.826	0.124	0.776	0.762	0.945	0.134	0.882	0.706	0.866	0.835	0.864	0.760	0.910	0.124	0.782	0.764	0.927	0.867	0.882	0.645	0.929	0.138	0.880	0.817	0.126	0.824	0.764	0.687	0.793	0.689	0.934	0.721	0.136	0.881	0.880	0.808	0.123	0.932	0.759	0.780	0.140	0.811	0.924	0.825	0.134	0.935	0.860	0.941	0.124	0.863	0.818	0.641	0.745	0.751	0.985	0.768	0.134	0.950	0.910	0.866												
18:20:01													0.845	0.129	0.844	0.783	0.992	0.136	0.940	0.780	0.926	0.974	0.886	1.001	0.838	0.124	0.787	0.772	0.957	0.133	0.894	0.733	0.880	0.848	0.881	0.786	0.918	0.124	0.794	0.768	0.940	0.883	0.892	0.694	0.942	0.138	0.902	0.856	0.126	0.840	0.775	0.705	0.820	0.709	0.947	0.760	0.135	0.900	0.892	0.830	0.123	0.944	0.770	0.788	0.139	0.837	0.940	0.864	0.134	0.962	0.878	0.984	0.123	0.880	0.831	0.660	0.777	0.788	0.987	0.807	0.134	0.968	0.934	0.912												
18:40:01													0.858	0.129	0.856	0.793	1.007	0.136	0.956	0.807	0.934	0.982	0.915	1.018	0.848	0.124	0.808	0.782	0.969	0.133	0.907	0.768	0.900	0.850	0.902	0.815	0.928	0.124	0.805	0.779	0.953	0.898	0.906	0.718	0.950	0.138	0.924	0.891	0.126	0.860	0.791	0.725	0.836	0.741	0.961	0.788	0.135	0.919	0.904	0.851	0.123	0.958	0.780	0.803	0.139	0.866	0.956	0.898	0.134	0.985	0.885	1.003	0.124	0.892	0.839	0.676	0.807	0.842	1.036	0.837	0.134	0.982	0.942	0.957												
19:00:01													0.872	0.129	0.867	0.804	1.010	0.136	0.973	0.842	0.995	0.981	0.942	1.021	0.859	0.124	0.826	0.794	0.980	0.133	0.919	0.803	0.915	0.883	0.928	0.839	0.939	0.124	0.822	0.790	0.964	0.913	0.915	0.751	0.963	0.138	0.949	0.920	0.126	0.877	0.805	0.748	0.854	0.774	0.978	0.821	0.135	0.935	0.915	0.873	0.123	0.973	0.791	0.815	0.139	0.891	0.975	0.942	0.134	1.004	0.903	1.022	0.123	0.905	0.859	0.699	0.829	0.911	1.045	0.900	0.134	1.010	0.968	0.970												
19:20:01													0.888	0.129	0.870	0.823	1.011	0.136	0.994	0.870	0.994	0.999	0.951	1.026	0.870	0.124	0.841	0.802	0.996	0.133	0.941	0.810	0.937	0.919	0.951	0.862	0.950	0.124	0.830	0.803	0.976	0.926	0.928	0.767	0.976	0.138	0.960	0.955	0.126	0.898	0.824	0.772	0.874	0.805	0.992	0.848	0.135	0.957	0.930	0.906	0.123	0.981	0.809	0.837	0.139	0.914	0.995	0.967	0.134	1.023	0.921	1.042	0.123	0.919	0.865	0.716	0.845	0.942	1.061	0.909	0.134	1.018	0.991	0.984												
19:40:01													0.896	0.130	0.876	0.840	1.034	0.136	1.006	0.901	1.012	1.007	0.971	1.039	0.881	0.124	0.850	0.815	1.007	0.134	0.963	0.826	0.953	0.942	0.968	0.887	0.960	0.124	0.840	0.807	0.984	0.938	0.936	0.794	0.982	0.138	0.979	0.987	0.127	0.915	0.831	0.797	0.892	0.830	1.004	0.870	0.136	0.972	0.957	0.943	0.124	0.986	0.824	0.844	0.139	0.934	0.998	0.981	0.134	1.031	0.937	1.056	0.124	0.931	0.875	0.732	0.865	0.950	1.070	0.914	0.134	1.030	1.008	0.994												
20:00:01													0.904	0.130	0.892	0.866	1.038	0.136	1.013	0.928	1.038	1.020	0.998	1.044	0.889	0.124	0.860	0.825	1.022	0.134	0.984	0.845	0.967	0.955	0.964	0.915	0.971	0.124	0.854	0.818	0.994	0.955	0.947	0.816	0.990	0.138	1.013	1.000	0.127	0.930	0.839	0.813	0.903	0.851	1.025	0.900	0.136	0.988	0.968	0.959	0.124	0.999	0.833	0.861	0.140	0.950	1.020	0.998	0.134	1.046	0.953	1.072	0.124	0.944	0.883	0.753	0.897	0.962	1.077	0.934	0.134	1.042	1.028	1.005												
20:20:01													0.912	0.130	0.902	0.898	1.043	0.136	1.021	0.948	1.047	1.028	1.002	1.045	0.900	0.124	0.872	0.838	1.037	0.134	0.997	0.869	0.975	0.984	0.994	0.925	0.983	0.124	0.864	0.827	1.019	0.975	0.962	0.834	1.003	0.138	1.022	1.011	0.127	0.946	0.855	0.834	0.921	0.877	1.038	0.916	0.136	1.002	0.990	0.973	0.124	1.007	0.844	0.884	0.140	0.964	1.033	1.013	0.134	1.061	0.970	1.083	0.124	0.958	0.892	0.774	0.951	0.964	1.092	0.949	0.134	1.048	1.042	1.015												
20:40:01													0.915	0.130	0.913	0.920	1.048	0.136	1.028	0.982	1.054	1.037	1.017	1.046	0.907	0.124	0.884	0.846	1.047	0.134	1.023	0.886	0.994	0.994	1.019	0.968	0.990	0.124	0.876	0.840	1.038	0.987	0.982	0.857	1.013	0.138	1.036	1.019	0.127	0.960	0.869	0.847	0.937	0.921	1.048	0.941	0.135	1.018	1.011	0.988	0.124	1.021	0.857	0.893	0.139	0.979	1.045	1.020	0.134	1.077	0.994	1.093	0.124	0.970	0.900	0.792	0.961	0.986	1.104	0.964	0.134	1.065	1.059	1.030												
21:00:01													0.924	0.133	0.924	0.940	1.070	0.136	1.032	0.989	1.057	1.040	1.022	1.046	0.909	0.124	0.898	0.859	1.060	0.133	1.029	0.918	1.014	1.008	1.030	0.982	1.004	0.124	0.888	0.846	1.054	0.995	0.993	0.879	1.019	0.138	1.048	1.033	0.126	0.979	0.882	0.864	0.950	0.930	1.054	0.959	0.135	1.028	1.013	1.001	0.123	1.040	0.866	0.920	0.139	0.992	1.055	1.021	0.134	1.089	1.003	1.093	0.124	0.983	0.905	0.810	1.006	0.992	1.111	0.969	0.134	1.089	1.075	1.036												
21:20:01													0.932	0.130	0.931	0.963	1.084	0.136	1.035	1.001	1.061	1.043	1.030	1.051	0.917	0.124	0.906	0.870	1.069	0.133	1.042	0.939	1.025	1.018	1.034	0.998	1.007	0.124	0.899	0.850	1.061	1.001	1.004	0.901	1.043	0.138	1.056	1.038	0.126	0.996	0.892	0.881	0.964	0.944	1.064	0.969	0.135	1.036	1.030	1.014	0.123	1.056	0.875	0.941	0.139	1.000	1.062	1.034	0.134	1.105	1.017	1.102	0.124	0.992	0.910	0.820	1.035	0.999	1.118	0.974	0.134	1.103	1.073	1.041												
21:40:01													0.941	0.130	0.938	0.983	1.089	0.136	1.044	1.008	1.064	1.044	1.033	1.051	0.928	0.124	0.915	0.880	1.077	0.133	1.050	0.962	1.034	1.027	1.044	1.010	1.018	0.124	0.909	0.856	1.069	1.009	1.018	0.922	1.049	0.138	1.066	1.042	0.126	1.011	0.901	0.901	0.982	0.965	1.067	0.981	0.135	1.045	1.037	1.022	0.123	1.074	0.885	0.947	0.139	1.003	1.069	1.048	0.134	1.119	1.028	1.101	0.123	1.002	0.915	0.835	1.055	1.002	1.119	0.976	0.134	1.113	1.081	1.043												
22:00:01													0.949	0.130	0.951	0.999	1.105	0.136	1.047	1.021	1.064	1.039	1.035	1.047	0.941	0.124	0.923	0.892	1.080	0.133	1.057	0.975	1.044	1.033	1.049	1.019	1.027	0.124	0.920	0.863	1.077	1.015	1.027	0.941	1.057	0.138	1.076	1.048	0.126	1.024	0.913	0.916	0.998	0.963	1.074	0.985	0.135	1.054	1.045	1.032	0.123	1.090	0.895	0.965	0.140	1.008	1.081	1.053	0.134	1.125	1.033	1.105	0.124	1.012	0.922	0.859	1.077	1.003	1.121	0.980	0.134	1.124	1.083	1.044												
22:20:01													0.956	0.130	0.958	1.011	1.110	0.136	1.052	1.026	1.064	1.041	1.036	1.048	0.951	0.124	0.932	0.900	1.085	0.133	1.061	0.983	1.051	1.037	1.055	1.029	1.037	0.124	0.931	0.872	1.083	1.023	1.032	0.957	1.073	0.138	1.088	1.050	0.126	1.036	0.925	0.931	1.023	0.981	1.079	0.998	0.135	1.066	1.054	1.038	0.123	1.105	0.905	0.975	0.139	1.014	1.084	1.060	0.134	1.139	1.044	1.104	0.124	1.025	0.929	0.882	1.084	1.003	1.120	0.980	0.134	1.135	1.091	1.044												
22:40:01													0.966	0.130	0.962	1.023	1.119	0.136	1.057	1.034	1.064	1.045	1.032	1.044	0.964	0.124	0.944	0.915	1.109	0.133	1.065	0.994	1.061	1.040	1.062	1.035	1.049	0.124	0.938	0.884	1.086	1.031	1.039	0.966	1.082	0.138	1.091	1.056	0.127	1.048	0.936	0.946	1.029	0.987	1.084	1.009	0.135	1.077	1.063	1.045	0.123	1.121	0.915	0.988	0.139	1.021	1.093	1.065	0.134	1.145	1.049	1.107	0.124	1.036	0.944	0.915	1.089	1.007	1.123	0.983	0.134	1.149	1.092	1.046												
23:00:01													0.976	0.131	0.977	1.028	1.131	0.136	1.058	1.037	1.063	1.048	1.030	1.046	0.978	0.124	0.952	0.927	1.116	0.133	1.070	1.000	1.071	1.044	1.065	1.045	1.059	0.124	0.947	0.894	1.095	1.036	1.045	0.975	1.088	0.138	1.099	1.059	0.126	1.061	0.947	0.960	1.043	0.996	1.091	1.019	0.135	1.084	1.071	1.051	0.123	1.135	0.925	0.997	0.139	1.028	1.101	1.067	0.134	1.157	1.053	1.107	0.124	1.048	0.959	0.936	1.091	1.005	1.122	0.982	0.134	1.167	1.094	1.049												
23:20:01													0.986	0.134	0.995	1.044	1.146	0.136	1.062	1.040	1.063	1.055	1.030	1.048	0.989	0.124	0.960	0.936	1.124	0.133	1.076	1.009	1.077	1.047	1.069	1.051	1.070	0.124	0.956	0.905	1.101	1.041	1.048	0.985	1.093	0.138	1.098	1.060	0.126	1.071	0.956	0.976	1.057	1.004	1.095	1.026	0.136	1.092	1.075	1.056	0.123	1.153	0.936	1.022	0.140	1.034	1.105	1.068	0.134	1.166	1.052	1.107	0.124	1.063	0.980	0.947	1.097	1.013	1.122	0.982	0.134	1.171	1.092	1.049												
23:40:01													0.999	0.131	1.010	1.066	1.155	0.136	1.067	1.042	1.065	1.058	1.040	1.065	1.003	0.124	0.968	0.936	1.137	0.133	1.087	1.017	1.084	1.050	1.077	1.058	1.079	0.124	0.963	0.914	1.104	1.049	1.060	0.993	1.113	0.138	1.103	1.066	0.126	1.084	0.965	0.991	1.071	1.011	1.102	1.031	0.136	1.102	1.082	1.065	0.124	1.164	0.946	1.014	0.139	1.041	1.110	1.068	0.134	1.179	1.057	1.114	0.124	1.072	1.004	0.956	1.097	1.024	1.121	0.988	0.134	1.192	1.097	1.058												
24:00:01													1.007	0.131	1.006	1.060	1.168	0.136	1.068	1.040	1.067	1.064	1.050	1.069	1.010	0.124	0.975	0.949	1.139	0.133	1.090	1.022	1.088	1.054	1.077	1.064	1.087	0.124	0.971	0.927	1.109	1.053	1.062	1.002	1.130	0.138	1.104	1.063	0.127	1.095	0.974	1.004	1.080	1.020	1.108	1.035	0.136	1.108	1.084	1.068	0.124	1.178	0.954	1.026	0.140	1.048	1.112	1.068	0.134	1.196	1.057	1.116	0.124	1.085	1.008	0.968	1.101	1.023	1.118	0.995	0.134	1.212	1.097	1.058												
24:20:01													1.020	0.131	1.013	1.069	1.177	0.136	1.069	1.040	1.064	1.065	1.053	1.073	1.022	0.124	0.981	0.957	1.151	0.133	1.096	1.027	1.092	1.056	1.078	1.067	1.099	0.124	0.980	0.937	1.113	1.057	1.068	1.006	1.137	0.139	1.106	1.065	0.126	1.104	0.983	1.019	1.089	1.026	1.115	1.036	0.136	1.113	1.088	1.073	0.124	1.193	0.967	1.043	0.139	1.057	1.115	1.065	0.134	1.206	1.058	1.116	0.124	1.095	1.011	0.957	1.102	1.014	1.121	0.996	0.134	1.222	1.097	1.056												
24:40:01													1.035	0.131	1.030	1.081	1.187	0.136	1.067	1.041	1.064	1.070	1.031	1.080	1.031	0.124	0.992	0.963	1.153	0.133	1.101	1.033	1.095	1.057	1.080	1.072	1.108	0.124	0.984	0.942	1.118	1.061	1.070	1.013	1.146	0.138	1.106	1.068	0.126	1.114	0.992	1.036	1.094	1.032	1.116	1.037	0.135	1.121	1.089	1.078	0.124	1.207	0.984	1.048	0.139	1.059	1.117	1.068	0.134	1.213	1.060	1.119	0.124	1.107	1.023	0.976	1.102	0.987	1.119	1.004	0.134	1.223	1.100	1.060												
25:00:01													1.047	0.131	1.030	1.096	1.201	0.136	1.071	1.038	1.058	1.076	1.003	1.090	1.044	0.124	1.000	0.972	1.162	0.133	1.105	1.035	1.096	1.057	1.082	1.078	1.119	0.124	0.993	0.950	1.121	1.064	1.077	1.018	1.153	0.138	1.109	1.071	0.126	1.123	1.002	1.049	1.100	1.038	1.121	1.038	0.135	1.125	1.091	1.079	0.124	1.221	0.989	1.061	0.139	1.066	1.118	1.069	0.134	1.232	1.060	1.118	0.124	1.119	1.027	1.004	1.101	0.963	1.121	1.007	0.135	1.244	1.096	1.063												
25:20:01													1.063	0.132	1.025	1.098	1.217	0.137	1.069	1.037	1.058	1.082	0.972	1.095	1.056	0.124	1.012	0.980	1.173	0.134	1.109	1.035	1.096	1.060	1.083	1.079	1.126	0.124	1.000	0.960	1.122	1.067	1.080	1.024	1.165	0.139	1.110	1.071	0.126	1.132	1.012	1.062	1.102	1.045	1.124	1.040	0.136	1.131	1.092	1.083	0.124	1.235	1.004	1.078	0.139	1.071	1.120	1.074	0.134	1.240	1.060	1.117	0.124	1.132	1.038	1.004	1.100	0.953	1.124	1.017	0.134	1.266	1.095	1.067												
25:40:01													1.067	0.132	1.043	1.106	1.227	0.137	1.070	1.041	1.059	1.083	0.956	1.107	1.064	0.124	1.021	0.988	1.178	0.134	1.109	1.036	1.097	1.061	1.081	1.081	1.137	0.124	1.009	0.968	1.126	1.069	1.087	1.028	1.177	0.139	1.111	1.069	0.126	1.140	1.021	1.075	1.106	1.048	1.126	1.040	0.136	1.134	1.094	1.086	0.124	1.248	1.000	1.089	0.139	1.076	1.120	1.076	0.134	1.247	1.061	1.119	0.124	1.143	1.038	1.019	1.102	0.944	1.123	1.016	0.134	1.291	1.101	1.071												
26:00:01													1.083	0.132	1.042	1.103	1.243	0.137	1.069	1.043	1.060	1.090	0.955	1.110	1.074	0.124	1.030	1.001	1.185	0.134	1.111	1.036	1.099	1.064	1.085	1.084	1.147	0.124	1.023	0.977	1.131	1.072	1.090	1.031	1.187	0.139	1.111	1.072	0.126	1.150	1.029	1.092	1.112	1.051	1.127	1.044	0.136	1.146	1.095	1.089	0.124	1.261	1.008	1.102	0.139	1.082	1.124	1.079	0.134	1.266	1.064	1.119	0.124	1.156	1.052	1.028	1.099	0.947	1.130	0.987	0.134	1.291	1.112	1.074												
26:20:01													1.083	0.132	1.045	1.115	1.252	0.137	1.064	1.042	1.069	1.092	0.961	1.128	1.090	0.124	1.036	1.002	1.194	0.134	1.113	1.037	1.104	1.065	1.085	1.086	1.152	0.124	1.036	0.984	1.131	1.073	1.098	1.033	1.197	0.139	1.111	1.072	0.126	1.160	1.038	1.105	1.117	1.052	1.128	1.047	0.136	1.155	1.097	1.090	0.124	1.274	1.018	1.100	0.139	1.091	1.124	1.076	0.134	1.278	1.067	1.119	0.124	1.167	1.057	1.031	1.105	0.950	1.138	0.929	0.134	1.303	1.114	1.080												
26:40:01													1.096	0.132	1.058	1.124	1.259	0.137	1.067	1.039	1.077	1.086	0.968	1.139	1.092	0.124	1.047	1.012	1.200	0.134	1.117	1.037	1.106	1.065	1.085	1.089	1.164	0.124	1.043	0.993	1.136	1.074	1.099	1.036	1.204	0.139	1.114	1.073	0.126	1.169	1.045	1.122	1.118	1.054	1.128	1.047	0.136	1.166	1.099	1.093	0.124	1.287	1.019	1.113	0.140	1.103	1.125	1.074	0.134	1.291	1.067	1.116	0.124	1.180	1.065	1.036	1.101	0.955	1.146	0.911	0.134	1.316	1.113	1.084												
27:00:01													1.096	0.132	1.072	1.129	1.269	0.137	1.064	1.039	1.084	1.056	0.974	1.143	1.103	0.124	1.060	1.018	1.208	0.134	1.118	1.038	1.108	1.064	1.090	1.087	1.172	0.124	1.057	0.999	1.137	1.074	1.100	1.037	1.214	0.139	1.114	1.075	0.126	1.178	1.060	1.137	1.126	1.055	1.131	1.047	0.136	1.175	1.099	1.096	0.124	1.301	1.025	1.118	0.139	1.110	1.124	1.073	0.134	1.284	1.073	1.119	0.124	1.192	1.065	1.047	1.100	0.963	1.154	0.912	0.134	1.334	1.131	1.083												
27:20:01													1.111	0.132	1.084	1.142	1.281	0.137	1.061	1.037	1.092	1.030	0.981	1.147	1.109	0.124	1.069	1.032	1.217	0.134	1.120	1.037	1.108	1.063	1.093	1.081	1.179	0.124	1.062	1.004	1.136	1.076	1.102	1.039	1.225	0.139	1.115	1.076	0.126	1.188	1.069	1.153	1.133	1.055	1.134	1.047	0.136	1.185	1.096	1.098	0.124	1.314	1.028	1.128	0.139	1.114	1.127	1.073	0.134	1.315	1.074	1.119	0.124	1.204	1.071	1.054	1.097	0.970	1.161	0.915	0.134	1.351	1.137	1.089												
27:40:01													1.124	0.132	1.103	1.151	1.274	0.137	1.067	1.036	1.097	1.028	0.989	1.147	1.123	0.124	1.080	1.042	1.223	0.134	1.124	1.040	1.108	1.063	1.096	1.089	1.189	0.124	1.073	1.019	1.140	1.078	1.104	1.040	1.244	0.139	1.115	1.082	0.126	1.200	1.078	1.165	1.137	1.056	1.133	1.049	0.136	1.195	1.101	1.097	0.124	1.329	1.038	1.133	0.139	1.131	1.126	1.074	0.135	1.329	1.077	1.118	0.124	1.216	1.080	1.063	1.093	0.976	1.168	0.921	0.135	1.363	1.130	1.093												
28:00:02													1.138	0.133	1.115	1.153	1.297	0.137	1.060	1.032	1.095	1.022	0.994	1.148	1.133	0.124	1.086	1.049	1.231	0.134	1.121	1.043	1.111	1.067	1.098	1.082	1.198	0.124	1.077	1.025	1.141	1.077	1.105	1.041	1.244	0.139	1.115	1.084	0.127	1.212	1.101	1.173	1.138	1.057	1.135	1.050	0.136	1.203	1.101	1.099	0.124	1.345	1.043	1.143	0.139	1.131	1.125	1.076	0.135	1.339	1.073	1.122	0.124	1.228	1.076	1.072	1.089	0.980	1.165	0.927	0.135	1.378	1.112	1.101												
28:20:02													1.141	0.133	1.127	1.167	1.300	0.137	1.062	1.029	1.085	1.022	1.000	1.145	1.141	0.124	1.093	1.057	1.237	0.134	1.124	1.043	1.112	1.068	1.100	1.083	1.206	0.124	1.083	1.033	1.145	1.079	1.105	1.041	1.250	0.139	1.115	1.087	0.127	1.222	1.104	1.190	1.138	1.060	1.136	1.053	0.136	1.211	1.100	1.100	0.124	1.362	1.063	1.155	0.139	1.146	1.121	1.080	0.135	1.351	1.075	1.122	0.124	1.240	1.091	1.081	1.097	0.987	1.159	0.935	0.135	1.393	1.084	1.101												
28:40:02													1.154	0.133	1.139	1.172	1.319	0.137	1.061	1.030	1.067	1.021	1.006	1.115	1.151	0.124	1.102	1.070	1.243	0.134	1.125	1.043	1.110	1.069	1.100	1.082	1.216	0.124	1.093	1.045	1.143	1.079	1.107	1.045	1.263	0.139	1.116	1.093	0.127	1.232	1.115	1.194	1.138	1.058	1.136	1.052	0.136	1.218	1.099	1.099	0.124	1.379	1.076	1.159	0.139	1.147	1.120	1.077	0.135	1.355	1.077	1.123	0.124	1.255	1.103	1.095	1.108	0.993	1.143	0.943	0.135	1.405	1.050	1.106												
29:00:02													1.165	0.133	1.147	1.178	1.329	0.137	1.064	1.038	1.047	1.021	1.016	1.027	1.163	0.124	1.105	1.080	1.254	0.134	1.125	1.041	1.113	1.073	1.103	1.077	1.222	0.124	1.095	1.054	1.144	1.080	1.106	1.045	1.270	0.139	1.117	1.092	0.127	1.243	1.125	1.201	1.138	1.062	1.137	1.050	0.136	1.228	1.101	1.101	0.124	1.394	1.086	1.165	0.139	1.157	1.116	1.076	0.135	1.360	1.078	1.123	0.124	1.267	1.116	1.107	1.119	0.995	1.126	0.948	0.134	1.413	1.020	1.110												
29:20:02													1.175	0.133	1.150	1.181	1.337	0.137	1.064	1.045	1.028	1.017	1.024	0.998	1.177	0.124	1.113	1.085	1.262	0.134	1.127	1.044	1.110	1.079	1.103	1.075	1.231	0.124	1.103	1.060	1.141	1.081	1.107	1.047	1.280	0.139	1.118	1.093	0.127	1.253	1.131	1.205	1.138	1.063	1.137	1.052	0.136	1.236	1.100	1.099	0.124	1.409	1.090	1.171	0.139	1.170	1.114	1.077	0.135	1.359	1.079	1.124	0.124	1.278	1.128	1.125	1.129	0.995	1.100	0.947	0.134	1.418	1.007	1.110												
29:40:02													1.186	0.133	1.155	1.186	1.347	0.137	1.066	1.048	1.009	1.015	1.031	0.994	1.188	0.124	1.118	1.090	1.268	0.134	1.127	1.042	1.109	1.084	1.106	1.074	1.237	0.124	1.113	1.067	1.142	1.081	1.108	1.048	1.289	0.139	1.120	1.095	0.126	1.263	1.138	1.213	1.136	1.063	1.138	1.048	0.136	1.244	1.100	1.096	0.124	1.425	1.105	1.181	0.139	1.184	1.111	1.077	0.135	1.368	1.075	1.130	0.124	1.289	1.140	1.129	1.138	0.995	1.075	0.948	0.135	1.424	1.010	1.108												
30:00:02													1.196	0.133	1.159	1.188	1.354	0.137	1.072	1.048	0.991	1.017	1.028	0.996	1.194	0.124	1.124	1.099	1.276	0.134	1.127	1.040	1.106	1.090	1.104	1.070	1.244	0.124	1.118	1.080	1.141	1.081	1.109	1.048	1.293	0.139	1.121	1.093	0.127	1.272	1.143	1.222	1.137	1.063	1.136	1.046	0.136	1.253	1.101	1.090	0.124	1.439	1.112	1.190	0.139	1.185	1.110	1.074	0.135	1.387	1.074	1.132	0.124	1.300	1.151	1.139	1.145	0.995	1.060	0.951	0.135	1.428	1.019	1.097												
30:20:02													1.203	0.133	1.160	1.186	1.363	0.137	1.078	1.055	0.975	1.016	1.028	1.008	1.204	0.124	1.132	1.103	1.282	0.134	1.126	1.038	1.108	1.095	1.106	1.067	1.251	0.124	1.122	1.086	1.139	1.081	1.109	1.049	1.302	0.139	1.121	1.093	0.127	1.283	1.149	1.226	1.139	1.063	1.137	1.054	0.136	1.259	1.101	1.087	0.124	1.452	1.121	1.196	0.139	1.196	1.107	1.074	0.135	1.399	1.070	1.139	0.124	1.310	1.159	1.143	1.147	0.995	1.054	0.964	0.135	1.432	1.060	1.074												
30:40:02													1.211	0.133	1.163	1.186	1.371	0.137	1.079	1.055	0.965	1.011	1.029	1.007	1.215	0.124	1.141	1.106	1.283	0.134	1.127	1.037	1.105	1.102	1.107	1.067	1.258	0.124	1.128	1.087	1.137	1.082	1.110	1.049	1.309	0.139	1.119	1.096	0.127	1.292	1.157	1.232	1.138	1.062	1.134	1.060	0.136	1.265	1.101	1.083	0.124	1.464	1.132	1.202	0.139	1.209	1.109	1.083	0.135	1.413	1.080	1.149	0.124	1.319	1.165	1.148	1.147	0.995	1.051	0.969	0.135	1.435	1.090	1.052												
31:00:02													1.218	0.134	1.164	1.186	1.380	0.137	1.079	1.061	0.964	1.016	1.029	1.017	1.224	0.124	1.142	1.113	1.297	0.134	1.126	1.035	1.105	1.109	1.106	1.068	1.267	0.124	1.135	1.093	1.135	1.082	1.109	1.049	1.320	0.139	1.120	1.098	0.127	1.302	1.162	1.237	1.138	1.060	1.132	1.066	0.136	1.274	1.102	1.080	0.124	1.475	1.138	1.206	0.139	1.214	1.114	1.094	0.135	1.421	1.088	1.163	0.124	1.328	1.170	1.151	1.149	0.994	1.053	0.974	0.135	1.435	1.096	1.047												
31:20:02													1.226	0.134	1.167	1.185	1.385	0.137	1.088	1.071	0.963	1.021	1.032	1.021	1.233	0.124	1.153	1.118	1.309	0.134	1.124	1.033	1.104	1.111	1.108	1.068	1.275	0.124	1.141	1.100	1.133	1.081	1.109	1.049	1.324	0.139	1.122	1.098	0.127	1.311	1.169	1.241	1.135	1.058	1.131	1.072	0.136	1.280	1.104	1.079	0.124	1.485	1.149	1.213	0.139	1.221	1.117	1.106	0.135	1.430	1.093	1.177	0.124	1.337	1.173	1.150	1.144	0.994	1.054	0.973	0.134	1.435	1.093	1.056												
31:40:02													1.239	0.134	1.169	1.183	1.391	0.137	1.083	1.073	0.963	1.027	1.034	1.028	1.242	0.124	1.157	1.127	1.314	0.134	1.121	1.030	1.109	1.110	1.109	1.069	1.287	0.124	1.147	1.109	1.132	1.080	1.110	1.047	1.329	0.139	1.125	1.096	0.127	1.321	1.174	1.247	1.136	1.055	1.128	1.079	0.136	1.286	1.104	1.079	0.124	1.494	1.157	1.219	0.140	1.232	1.122	1.120	0.135	1.440	1.095	1.185	0.124	1.346	1.176	1.151	1.117	0.994	1.057	0.976	0.135	1.436	1.091	1.059												
32:00:02													1.246	0.134	1.171	1.184	1.396	0.137	1.060	1.073	0.963	1.036	1.033	1.038	1.251	0.124	1.165	1.135	1.317	0.134	1.121	1.033	1.113	1.111	1.112	1.073	1.294	0.124	1.152	1.113	1.130	1.076	1.110	1.048	1.333	0.139	1.131	1.095	0.127	1.329	1.183	1.254	1.136	1.054	1.126	1.082	0.136	1.294	1.109	1.080	0.124	1.503	1.165	1.221	0.140	1.244	1.127	1.129	0.135	1.447	1.098	1.195	0.124	1.355	1.179	1.153	1.079	0.993	1.069	0.981	0.135	1.432	1.080	1.053												
32:20:02													1.256	0.134	1.168	1.186	1.399	0.137	1.039	1.073	0.966	1.042	1.031	1.042	1.261	0.124	1.168	1.137	1.326	0.134	1.119	1.030	1.117	1.112	1.110	1.079	1.301	0.124	1.157	1.121	1.129	1.077	1.109	1.046	1.343	0.139	1.139	1.091	0.127	1.338	1.184	1.256	1.135	1.053	1.123	1.083	0.136	1.299	1.114	1.082	0.124	1.509	1.167	1.221	0.140	1.249	1.131	1.133	0.135	1.451	1.093	1.190	0.124	1.363	1.180	1.154	1.052	0.989	1.076	0.979	0.135	1.431	1.077	1.045												
32:40:02													1.263	0.134	1.169	1.191	1.400	0.137	1.020	1.080	0.970	1.039	1.028	1.048	1.269	0.124	1.170	1.142	1.330	0.134	1.118	1.024	1.120	1.108	1.110	1.079	1.308	0.124	1.161	1.125	1.128	1.075	1.107	1.040	1.357	0.139	1.141	1.087	0.127	1.345	1.189	1.257	1.133	1.052	1.119	1.084	0.136	1.305	1.118	1.079	0.124	1.516	1.172	1.221	0.140	1.257	1.140	1.130	0.135	1.453	1.087	1.186	0.124	1.371	1.181	1.153	1.034	0.984	1.082	0.975	0.135	1.427	1.058	1.042												
33:00:02													1.275	0.134	1.170	1.196	1.403	0.137	1.019	1.088	0.978	1.035	1.025	1.054	1.277	0.124	1.174	1.149	1.343	0.135	1.118	1.035	1.118	1.102	1.111	1.077	1.317	0.124	1.164	1.130	1.128	1.074	1.104	1.034	1.358	0.139	1.138	1.090	0.127	1.352	1.192	1.260	1.132	1.051	1.117	1.085	0.136	1.315	1.118	1.085	0.124	1.520	1.177	1.224	0.140	1.271	1.148	1.130	0.135	1.453	1.088	1.187	0.124	1.380	1.186	1.150	1.021	0.983	1.085	0.973	0.135	1.425	1.049	1.046												
33:20:02													1.284	0.134	1.173	1.199	1.403	0.137	1.033	1.091	0.982	1.034	1.020	1.066	1.286	0.124	1.177	1.151	1.360	0.135	1.119	1.044	1.121	1.099	1.109	1.078	1.324	0.124	1.168	1.137	1.128	1.071	1.102	1.030	1.376	0.139	1.137	1.087	0.127	1.360	1.196	1.262	1.130	1.051	1.116	1.085	0.136	1.324	1.120	1.089	0.124	1.529	1.181	1.224	0.140	1.277	1.153	1.127	0.135	1.453	1.087	1.185	0.124	1.388	1.187	1.153	1.015	0.984	1.089	0.971	0.135	1.427	1.062	1.056												
33:40:02													1.294	0.139	1.175	1.201	1.406	0.138	1.035	1.089	0.986	1.030	1.017	1.053	1.293	0.124	1.182	1.155	1.359	0.135	1.122	1.054	1.121	1.093	1.107	1.076	1.337	0.124	1.174	1.143	1.130	1.070	1.100	1.026	1.381	0.139	1.135	1.084	0.126	1.367	1.200	1.266	1.130	1.052	1.118	1.089	0.136	1.334	1.120	1.092	0.124	1.537	1.185	1.227	0.140	1.284	1.156	1.127	0.135	1.450	1.085	1.196	0.124	1.396	1.190	1.157	1.014	0.982	1.093	0.967	0.135	1.419	1.073	1.071												
34:00:02													1.300	0.134	1.176	1.204	1.405	0.137	1.042	1.090	0.990	1.029	1.015	1.051	1.302	0.124	1.183	1.156	1.354	0.135	1.121	1.062	1.124	1.092	1.108	1.079	1.339	0.124	1.176	1.144	1.129	1.068	1.099	1.024	1.390	0.139	1.134	1.084	0.127	1.375	1.202	1.265	1.126	1.054	1.117	1.095	0.136	1.345	1.123	1.096	0.124	1.546	1.185	1.226	0.140	1.288	1.158	1.118	0.135	1.448	1.094	1.203	0.124	1.406	1.191	1.154	1.004	0.981	1.093	0.964	0.135	1.420	1.082	1.072												
34:20:02													1.308	0.134	1.180	1.203	1.407	0.137	1.042	1.090	0.995	1.026	1.011	1.038	1.308	0.124	1.185	1.157	1.362	0.135	1.122	1.070	1.128	1.087	1.111	1.081	1.344	0.124	1.176	1.147	1.129	1.064	1.096	1.020	1.397	0.139	1.133	1.081	0.127	1.382	1.206	1.265	1.123	1.053	1.114	1.094	0.136	1.347	1.123	1.102	0.124	1.554	1.187	1.223	0.140	1.294	1.157	1.116	0.135	1.450	1.093	1.204	0.124	1.417	1.192	1.159	1.011	0.981	1.091	0.961	0.135	1.413	1.083	1.076												
34:40:02													1.314	0.134	1.186	1.206	1.409	0.138	1.040	1.072	1.003	1.022	1.010	1.037	1.318	0.124	1.186	1.161	1.370	0.135	1.129	1.076	1.128	1.084	1.113	1.085	1.354	0.125	1.178	1.151	1.131	1.062	1.093	1.018	1.402	0.139	1.128	1.079	0.127	1.389	1.208	1.266	1.120	1.053	1.114	1.090	0.136	1.362	1.123	1.110	0.124	1.559	1.190	1.226	0.140	1.304	1.154	1.116	0.135	1.450	1.084	1.202	0.124	1.427	1.196	1.159	1.013	0.978	1.090	0.957	0.135	1.405	1.084	1.080												
35:00:02													1.321	0.134	1.195	1.206	1.408	0.138	1.037	1.050	1.004	1.022	1.007	1.038	1.324	0.124	1.188	1.163	1.373	0.135	1.135	1.082	1.126	1.081	1.109	1.084	1.359	0.125	1.181	1.155	1.131	1.059	1.089	1.016	1.408	0.139	1.125	1.079	0.127	1.397	1.209	1.268	1.117	1.056	1.116	1.086	0.136	1.374	1.123	1.112	0.124	1.570	1.193	1.227	0.140	1.309	1.153	1.108	0.135	1.448	1.081	1.201	0.124	1.437	1.197	1.163	1.014	0.978	1.088	0.954	0.135	1.405	1.081	1.082												
35:20:02													1.329	0.134	1.201	1.211	1.407	0.138	1.031	1.032	1.006	1.019	1.005	1.039	1.332	0.124	1.192	1.166	1.379	0.135	1.139	1.083	1.125	1.081	1.108	1.085	1.367	0.125	1.185	1.158	1.131	1.057	1.091	1.016	1.413	0.139	1.124	1.077	0.127	1.405	1.213	1.270	1.113	1.056	1.122	1.085	0.136	1.378	1.124	1.112	0.124	1.573	1.197	1.232	0.140	1.326	1.152	1.103	0.135	1.452	1.076	1.208	0.124	1.445	1.201	1.161	1.011	0.971	1.083	0.955	0.135	1.405	1.082	1.081												
35:40:02													1.333	0.134	1.207	1.209	1.413	0.138	1.023	1.014	1.007	1.017	1.001	1.032	1.340	0.124	1.193	1.170	1.382	0.135	1.142	1.088	1.125	1.080	1.112	1.089	1.371	0.125	1.188	1.162	1.132	1.055	1.089	1.015	1.417	0.139	1.123	1.075	0.127	1.412	1.217	1.272	1.113	1.057	1.126	1.088	0.136	1.384	1.125	1.110	0.124	1.574	1.198	1.232	0.140	1.329	1.151	1.093	0.135	1.453	1.067	1.199	0.124	1.453	1.207	1.161	1.012	0.968	1.085	0.946	0.135	1.414	1.085	1.083												
36:00:02													1.339	0.134	1.215	1.212	1.414	0.138	1.017	1.003	1.010	1.016	0.999	1.028	1.348	0.124	1.196	1.172	1.388	0.135	1.144	1.083	1.125	1.076	1.112	1.090	1.379	0.125	1.190	1.163	1.133	1.053	1.088	1.013	1.421	0.140	1.122	1.072	0.127	1.420	1.219	1.274	1.111	1.056	1.130	1.091	0.136	1.393	1.123	1.107	0.124	1.577	1.199	1.234	0.140	1.332	1.150	1.086	0.135	1.454	1.063	1.196	0.124	1.462	1.213	1.162	1.012	0.970	1.078	0.945	0.135	1.429	1.084	1.083												
36:20:02													1.342	0.134	1.220	1.217	1.415	0.138	1.015	0.999	1.011	1.015	0.998	1.024	1.354	0.124	1.197	1.175	1.392	0.135	1.145	1.091	1.123	1.073	1.113	1.096	1.385	0.125	1.194	1.167	1.133	1.049	1.085	1.021	1.425	0.139	1.120	1.069	0.127	1.429	1.219	1.273	1.105	1.056	1.132	1.092	0.136	1.403	1.122	1.105	0.124	1.578	1.203	1.236	0.140	1.336	1.149	1.081	0.135	1.456	1.072	1.196	0.124	1.471	1.220	1.170	1.016	0.968	1.075	0.941	0.135	1.439	1.078	1.082												
36:40:02													1.349	0.133	1.225	1.216	1.416	0.138	1.012	0.999	1.010	1.010	1.002	1.020	1.360	0.124	1.198	1.177	1.396	0.135	1.146	1.077	1.123	1.073	1.112	1.098	1.389	0.125	1.195	1.170	1.132	1.047	1.084	1.019	1.427	0.140	1.118	1.066	0.127	1.436	1.220	1.275	1.101	1.059	1.134	1.093	0.136	1.411	1.120	1.103	0.124	1.577	1.203	1.241	0.140	1.360	1.149	1.079	0.135	1.456	1.077	1.176	0.124	1.481	1.230	1.169	1.021	0.969	1.072	0.937	0.135	1.451	1.071	1.078												
37:00:02													1.359	0.133	1.238	1.218	1.418	0.138	1.009	1.000	1.010	1.007	0.996	1.015	1.369	0.124	1.201	1.181	1.401	0.135	1.148	1.078	1.123	1.073	1.111	1.099	1.397	0.125	1.199	1.174	1.134	1.043	1.083	1.017	1.434	0.140	1.117	1.066	0.127	1.445	1.224	1.277	1.097	1.059	1.140	1.094	0.136	1.418	1.118	1.100	0.124	1.580	1.204	1.247	0.140	1.376	1.148	1.075	0.135	1.457	1.074	1.144	0.124	1.491	1.235	1.172	1.034	0.964	1.068	0.937	0.135	1.463	1.071	1.079												
37:20:02													1.372	0.133	1.244	1.219	1.418	0.138	1.016	1.000	1.008	1.009	0.994	1.009	1.374	0.124	1.202	1.182	1.406	0.135	1.147	1.070	1.122	1.073	1.109	1.100	1.401	0.125	1.202	1.175	1.130	1.042	1.078	1.010	1.439	0.140	1.118	1.065	0.127	1.453	1.226	1.278	1.093	1.058	1.140	1.094	0.136	1.423	1.115	1.101	0.124	1.585	1.205	1.245	0.140	1.383	1.148	1.076	0.135	1.459	1.074	1.125	0.124	1.500	1.243	1.173	1.044	0.962	1.065	0.934	0.135	1.474	1.075	1.078												
37:40:02													1.381	0.137	1.248	1.221	1.416	0.138	1.012	1.002	1.007	1.007	1.000	1.001	1.379	0.124	1.203	1.184	1.411	0.135	1.144	1.067	1.118	1.072	1.106	1.099	1.407	0.125	1.204	1.180	1.129	1.041	1.080	1.006	1.440	0.140	1.114	1.061	0.127	1.461	1.229	1.282	1.089	1.056	1.136	1.091	0.136	1.425	1.113	1.098	0.125	1.588	1.207	1.248	0.140	1.397	1.144	1.080	0.135	1.456	1.054	1.114	0.124	1.505	1.246	1.176	1.056	0.963	1.061	0.929	0.135	1.479	1.073	1.068												
38:00:02													1.390	0.133	1.247	1.212	1.412	0.138	1.018	1.005	1.011	1.003	0.996	0.998	1.384	0.124	1.204	1.185	1.413	0.135	1.144	1.065	1.120	1.071	1.108	1.106	1.409	0.125	1.205	1.180	1.124	1.041	1.077	1.008	1.444	0.140	1.107	1.061	0.127	1.470	1.230	1.281	1.083	1.053	1.135	1.090	0.136	1.430	1.112	1.089	0.124	1.589	1.208	1.252	0.140	1.399	1.143	1.069	0.135	1.458	1.049	1.105	0.124	1.512	1.249	1.176	1.062	0.958	1.059	0.920	0.135	1.489	1.078	1.060												
38:20:02													1.388	0.133	1.247	1.204	1.411	0.138	1.016	1.008	1.014	0.999	0.991	0.994	1.387	0.124	1.205	1.187	1.416	0.135	1.141	1.060	1.119	1.074	1.106	1.106	1.410	0.125	1.206	1.183	1.121	1.037	1.077	1.006	1.445	0.140	1.101	1.060	0.127	1.478	1.232	1.283	1.078	1.053	1.134	1.092	0.136	1.433	1.108	1.080	0.125	1.592	1.208	1.254	0.140	1.407	1.140	1.080	0.136	1.460	1.058	1.091	0.124	1.520	1.247	1.177	1.061	0.953	1.055	0.916	0.135	1.495	1.077	1.049												
38:40:02													1.392	0.132	1.246	1.194	1.413	0.138	1.023	1.011	1.016	0.997	0.980	0.989	1.390	0.124	1.205	1.187	1.418	0.135	1.138	1.058	1.115	1.075	1.105	1.105	1.416	0.125	1.208	1.184	1.119	1.036	1.075	1.003	1.448	0.140	1.101	1.058	0.127	1.486	1.234	1.285	1.073	1.052	1.136	1.091	0.136	1.435	1.107	1.078	0.125	1.594	1.208	1.254	0.140	1.414	1.133	1.079	0.135	1.454	1.058	1.068	0.124	1.542	1.257	1.176	1.058	0.949	1.050	0.914	0.135	1.499	1.074	1.026												
39:00:02													1.400	0.136	1.246	1.190	1.419	0.138	1.023	1.009	1.014	1.003	0.979	0.981	1.394	0.124	1.207	1.191	1.423	0.135	1.136	1.059	1.108	1.080	1.102	1.100	1.418	0.125	1.209	1.188	1.119	1.036	1.076	0.997	1.451	0.140	1.100	1.054	0.127	1.493	1.236	1.287	1.070	1.061	1.130	1.090	0.136	1.436	1.104	1.071	0.125	1.597	1.212	1.257	0.140	1.419	1.117	1.072	0.135	1.451	1.055	1.062	0.124	1.553	1.261	1.177	1.058	0.948	1.048	0.912	0.135	1.498	1.070	1.017												
39:20:02													1.403	0.132	1.239	1.172	1.421	0.138	1.026	1.010	1.014	1.000	0.973	0.977	1.396	0.124	1.205	1.189	1.422	0.135	1.135	1.061	1.107	1.081	1.104	1.099	1.428	0.125	1.211	1.189	1.115	1.033	1.073	1.004	1.453	0.140	1.102	1.054	0.127	1.501	1.236	1.287	1.065	1.063	1.127	1.087	0.136	1.440	1.104	1.056	0.125	1.596	1.215	1.258	0.140	1.421	1.107	1.085	0.136	1.448	1.061	1.070	0.124	1.558	1.262	1.165	1.056	0.944	1.045	0.903	0.135	1.503	1.069	1.010												
39:40:03													1.408	0.131	1.232	1.165	1.426	0.138	1.034	1.010	1.012	1.005	0.968	0.972	1.400	0.124	1.206	1.191	1.424	0.135	1.134	1.059	1.103	1.080	1.104	1.094	1.436	0.125	1.212	1.190	1.113	1.033	1.069	0.997	1.456	0.140	1.105	1.052	0.127	1.508	1.236	1.287	1.060	1.063	1.126	1.083	0.136	1.443	1.102	1.049	0.125	1.597	1.219	1.260	0.140	1.427	1.092	1.084	0.136	1.449	1.060	1.073	0.124	1.559	1.264	1.155	1.051	0.942	1.042	0.900	0.135	1.501	1.068	1.003												
40:00:03													1.411	0.131	1.223	1.158	1.430	0.138	1.045	1.007	1.007	0.994	0.962	0.969	1.405	0.124	1.206	1.191	1.425	0.135	1.131	1.059	1.101	1.080	1.103	1.093	1.443	0.125	1.213	1.191	1.109	1.034	1.065	1.000	1.458	0.140	1.109	1.050	0.127	1.514	1.236	1.287	1.057	1.060	1.125	1.079	0.136	1.443	1.102	1.040	0.125	1.597	1.224	1.260	0.140	1.429	1.086	1.079	0.135	1.449	1.057	1.076	0.124	1.557	1.267	1.145	1.045	0.939	1.039	0.893	0.135	1.500	1.068	0.994												
40:20:03													1.420	0.134	1.218	1.159	1.436	0.138	1.045	1.005	1.001	0.988	0.960	0.964	1.412	0.124	1.209	1.196	1.428	0.135	1.129	1.057	1.095	1.079	1.099	1.084	1.448	0.125	1.214	1.194	1.110	1.036	1.061	0.989	1.457	0.140	1.106	1.048	0.127	1.521	1.236	1.287	1.055	1.059	1.127	1.080	0.136	1.446	1.099	1.041	0.125	1.598	1.232	1.265	0.140	1.431	1.086	1.090	0.136	1.445	1.055	1.073	0.124	1.561	1.271	1.145	1.042	0.935	1.034	0.891	0.135	1.493	1.062	0.994												
40:40:03													1.425	0.130	1.203	1.155	1.439	0.138	1.040	1.004	0.998	0.982	0.966	0.961	1.419	0.124	1.213	1.194	1.427	0.135	1.128	1.052	1.097	1.078	1.101	1.085	1.453	0.125	1.212	1.193	1.105	1.033	1.058	0.997	1.460	0.140	1.102	1.048	0.127	1.526	1.235	1.286	1.050	1.058	1.126	1.075	0.136	1.448	1.099	1.040	0.125	1.596	1.233	1.265	0.140	1.434	1.086	1.083	0.136	1.452	1.054	1.074	0.124	1.564	1.274	1.130	1.033	0.933	1.032	0.887	0.135	1.492	1.062	0.999												
41:00:03													1.433	0.130	1.194	1.157	1.446	0.138	1.040	1.002	0.997	0.982	0.961	0.956	1.428	0.124	1.217	1.196	1.429	0.135	1.129	1.051	1.095	1.077	1.102	1.083	1.460	0.125	1.213	1.193	1.102	1.030	1.054	0.996	1.462	0.140	1.098	1.047	0.127	1.532	1.236	1.286	1.047	1.058	1.124	1.074	0.136	1.449	1.097	1.041	0.125	1.597	1.232	1.266	0.140	1.437	1.088	1.083	0.135	1.453	1.062	1.075	0.124	1.567	1.278	1.127	1.030	0.931	1.028	0.884	0.135	1.491	1.062	1.011												
41:20:03													1.445	0.130	1.190	1.159	1.452	0.138	1.042	0.997	0.994	0.971	0.953	0.952	1.436	0.125	1.224	1.200	1.431	0.135	1.131	1.047	1.096	1.072	1.103	1.079	1.466	0.125	1.212	1.194	1.108	1.027	1.052	0.987	1.463	0.140	1.095	1.046	0.127	1.537	1.236	1.288	1.044	1.047	1.123	1.070	0.136	1.449	1.097	1.049	0.125	1.597	1.241	1.269	0.140	1.441	1.090	1.079	0.135	1.460	1.061	1.081	0.125	1.567	1.281	1.122	1.024	0.927	1.025	0.879	0.135	1.487	1.067	1.000												
41:40:03													1.453	0.130	1.186	1.163	1.455	0.138	1.042	0.993	0.991	0.972	0.946	0.948	1.440	0.125	1.229	1.202	1.433	0.135	1.132	1.046	1.095	1.070	1.104	1.075	1.471	0.125	1.210	1.194	1.111	1.025	1.048	0.996	1.465	0.140	1.093	1.045	0.127	1.542	1.237	1.290	1.040	1.046	1.121	1.080	0.136	1.449	1.096	1.046	0.125	1.599	1.244	1.272	0.140	1.440	1.090	1.074	0.135	1.460	1.067	1.079	0.125	1.572	1.283	1.120	1.022	0.924	1.020	0.873	0.135	1.481	1.069	0.993												
42:00:03													1.459	0.129	1.184	1.166	1.462	0.138	1.035	0.988	0.990	0.966	0.942	0.945	1.442	0.125	1.233	1.205	1.435	0.135	1.130	1.047	1.095	1.070	1.103	1.073	1.476	0.125	1.209	1.193	1.115	1.027	1.046	0.996	1.465	0.140	1.090	1.045	0.127	1.549	1.239	1.290	1.039	1.049	1.120	1.073	0.136	1.449	1.096	1.048	0.125	1.600	1.247	1.274	0.140	1.440	1.092	1.072	0.135	1.460	1.070	1.075	0.125	1.572	1.283	1.120	1.024	0.919	1.016	0.871	0.135	1.474	1.068	0.984												
42:20:03													1.467	0.131	1.185	1.171	1.470	0.138	1.027	0.984	0.987	0.962	0.938	0.941	1.448	0.125	1.237	1.208	1.439	0.136	1.130	1.046	1.093	1.071	1.101	1.071	1.484	0.125	1.209	1.196	1.117	1.029	1.049	0.972	1.465	0.140	1.089	1.042	0.127	1.552	1.242	1.292	1.039	1.043	1.123	1.076	0.137	1.448	1.095	1.045	0.125	1.603	1.248	1.278	0.140	1.440	1.094	1.069	0.135	1.462	1.071	1.073	0.125	1.573	1.280	1.123	1.028	0.920	1.011	0.867	0.135	1.459	1.064	0.977												
42:40:03													1.471	0.128	1.184	1.174	1.474	0.138	1.021	0.979	0.982	0.961	0.935	0.935	1.454	0.125	1.236	1.210	1.438	0.135	1.131	1.044	1.096	1.070	1.101	1.069	1.485	0.125	1.210	1.194	1.119	1.030	1.050	0.977	1.468	0.140	1.089	1.043	0.127	1.556	1.245	1.293	1.033	1.049	1.123	1.069	0.136	1.450	1.097	1.046	0.125	1.605	1.246	1.277	0.140	1.439	1.100	1.064	0.135	1.464	1.076	1.074	0.125	1.575	1.273	1.124	1.025	0.917	1.010	0.861	0.135	1.460	1.065	0.973												
43:00:03													1.476	0.128	1.185	1.177	1.476	0.138	1.013	0.976	0.978	0.963	0.933	0.931	1.459	0.125	1.236	1.212	1.439	0.135	1.132	1.047	1.095	1.069	1.098	1.066	1.491	0.125	1.214	1.194	1.117	1.027	1.050	0.987	1.468	0.140	1.089	1.040	0.127	1.562	1.249	1.294	1.031	1.042	1.121	1.067	0.137	1.450	1.095	1.046	0.125	1.606	1.246	1.279	0.140	1.439	1.102	1.063	0.135	1.465	1.074	1.071	0.125	1.576	1.264	1.127	1.021	0.916	1.008	0.860	0.135	1.450	1.060	0.973												
43:20:03													1.479	0.127	1.187	1.181	1.477	0.138	1.010	0.972	0.975	0.959	0.932	0.930	1.464	0.125	1.234	1.215	1.439	0.135	1.130	1.042	1.091	1.068	1.093	1.063	1.495	0.125	1.216	1.194	1.117	1.022	1.044	0.972	1.469	0.140	1.087	1.038	0.127	1.568	1.252	1.296	1.032	1.041	1.119	1.061	0.136	1.451	1.094	1.045	0.125	1.609	1.246	1.280	0.140	1.439	1.092	1.045	0.135	1.466	1.073	1.067	0.125	1.575	1.256	1.129	1.027	0.914	1.004	0.857	0.135	1.431	1.057	0.968												
43:40:03													1.484	0.129	1.191	1.186	1.477	0.138	1.009	0.969	0.971	0.959	0.928	0.924	1.470	0.125	1.235	1.218	1.442	0.136	1.126	1.048	1.088	1.065	1.090	1.060	1.502	0.125	1.221	1.198	1.120	1.018	1.041	0.967	1.470	0.140	1.084	1.036	0.127	1.570	1.257	1.300	1.039	1.038	1.123	1.060	0.136	1.449	1.092	1.048	0.125	1.611	1.250	1.283	0.140	1.440	1.089	1.047	0.135	1.465	1.064	1.060	0.125	1.576	1.251	1.134	1.013	0.913	1.010	0.852	0.135	1.405	1.049	0.967												
44:00:03													1.487	0.127	1.193	1.189	1.475	0.138	1.012	0.964	0.969	0.952	0.928	0.922	1.475	0.125	1.234	1.219	1.442	0.135	1.129	1.046	1.089	1.068	1.089	1.058	1.505	0.125	1.221	1.200	1.122	1.016	1.038	0.978	1.471	0.140	1.082	1.038	0.127	1.572	1.257	1.301	1.038	1.012	1.120	1.062	0.136	1.452	1.093	1.049	0.125	1.613	1.252	1.281	0.140	1.441	1.085	1.043	0.135	1.468	1.067	1.058	0.125	1.578	1.243	1.136	1.019	0.909	1.044	0.848	0.135	1.386	1.050	0.961												
44:20:03													1.490	0.127	1.196	1.192	1.474	0.138	1.008	0.959	0.965	0.952	0.923	0.917	1.479	0.125	1.237	1.221	1.442	0.135	1.128	1.041	1.090	1.071	1.090	1.057	1.509	0.125	1.223	1.200	1.123	1.013	1.037	0.974	1.470	0.140	1.081	1.037	0.127	1.577	1.258	1.302	1.038	1.042	1.125	1.055	0.137	1.453	1.094	1.051	0.125	1.616	1.255	1.280	0.140	1.443	1.083	1.042	0.135	1.468	1.069	1.053	0.125	1.578	1.234	1.140	1.038	0.906	1.026	0.845	0.135	1.364	1.045	0.955												
44:40:03													1.492	0.126	1.197	1.196	1.472	0.138	1.009	0.956	0.962	0.949	0.920	0.913	1.484	0.125	1.239	1.223	1.442	0.136	1.125	1.037	1.089	1.062	1.094	1.054	1.513	0.125	1.224	1.202	1.127	1.011	1.036	0.981	1.472	0.140	1.078	1.036	0.127	1.584	1.259	1.304	1.039	1.021	1.126	1.059	0.136	1.454	1.094	1.052	0.125	1.618	1.259	1.279	0.140	1.444	1.081	1.041	0.135	1.470	1.070	1.049	0.125	1.579	1.224	1.144	1.036	0.904	1.043	0.842	0.135	1.353	1.045	0.949												
45:00:03													1.494	0.126	1.200	1.199	1.471	0.138	1.005	0.951	0.959	0.945	0.920	0.910	1.489	0.125	1.242	1.225	1.442	0.136	1.122	1.035	1.086	1.064	1.090	1.050	1.516	0.125	1.224	1.204	1.131	1.010	1.033	0.974	1.473	0.140	1.077	1.035	0.127	1.591	1.258	1.305	1.040	1.013	1.124	1.055	0.137	1.456	1.094	1.051	0.125	1.617	1.263	1.278	0.140	1.446	1.080	1.039	0.135	1.470	1.072	1.047	0.125	1.581	1.215	1.147	1.009	0.903	1.029	0.839	0.135	1.352	1.041	0.943												
45:20:03													1.499	0.127	1.203	1.203	1.467	0.138	0.993	0.947	0.956	0.943	0.916	0.905	1.495	0.125	1.246	1.229	1.446	0.136	1.118	1.036	1.080	1.061	1.085	1.045	1.521	0.125	1.225	1.207	1.135	1.007	1.031	0.980	1.472	0.140	1.075	1.033	0.127	1.596	1.259	1.308	1.041	1.007	1.125	1.050	0.137	1.453	1.093	1.049	0.125	1.620	1.268	1.281	0.140	1.447	1.083	1.039	0.135	1.470	1.067	1.038	0.125	1.583	1.212	1.151	1.026	0.898	1.029	0.836	0.135	1.352	1.032	0.936												
45:40:03													1.499	0.126	1.202	1.205	1.467	0.138	0.998	0.942	0.954	0.944	0.915	0.902	1.498	0.125	1.249	1.229	1.445	0.136	1.119	1.038	1.083	1.051	1.087	1.042	1.521	0.125	1.224	1.208	1.133	1.006	1.029	0.969	1.473	0.140	1.077	1.034	0.127	1.601	1.256	1.308	1.039	1.015	1.126	1.048	0.136	1.456	1.092	1.048	0.125	1.620	1.270	1.275	0.140	1.449	1.074	1.035	0.135	1.472	1.069	1.036	0.125	1.584	1.210	1.154	1.016	0.897	1.022	0.833	0.135	1.358	1.031	0.930												
46:00:03													1.502	0.126	1.201	1.208	1.468	0.138	1.001	0.940	0.950	0.939	0.909	0.899	1.501	0.125	1.253	1.231	1.444	0.136	1.111	1.038	1.084	1.049	1.087	1.034	1.524	0.125	1.224	1.210	1.133	1.005	1.028	0.958	1.473	0.140	1.079	1.034	0.127	1.604	1.256	1.310	1.042	1.007	1.128	1.047	0.137	1.456	1.091	1.048	0.125	1.622	1.273	1.272	0.140	1.448	1.071	1.034	0.135	1.472	1.066	1.033	0.125	1.587	1.211	1.157	1.010	0.897	0.982	0.830	0.135	1.365	1.029	0.923												
46:20:03													1.502	0.126	1.200	1.210	1.466	0.138	0.998	0.937	0.946	0.937	0.907	0.894	1.504	0.125	1.257	1.232	1.444	0.136	1.102	1.038	1.084	1.047	1.087	1.027	1.527	0.125	1.224	1.212	1.131	1.004	1.027	0.956	1.472	0.140	1.079	1.032	0.127	1.608	1.257	1.311	1.043	1.001	1.127	1.043	0.137	1.456	1.094	1.049	0.125	1.623	1.276	1.269	0.140	1.452	1.090	1.033	0.135	1.472	1.062	1.033	0.125	1.589	1.213	1.161	0.991	0.894	0.981	0.826	0.135	1.371	1.026	0.917												
46:40:03													1.505	0.126	1.199	1.213	1.464	0.138	0.995	0.934	0.943	0.934	0.904	0.891	1.507	0.125	1.260	1.234	1.444	0.136	1.097	1.032	1.082	1.044	1.088	1.022	1.529	0.126	1.225	1.214	1.130	1.002	1.024	0.954	1.471	0.140	1.080	1.027	0.127	1.610	1.258	1.313	1.049	1.002	1.127	1.040	0.137	1.456	1.101	1.048	0.125	1.625	1.279	1.266	0.140	1.451	1.095	1.029	0.135	1.472	1.060	1.030	0.125	1.590	1.215	1.165	1.005	0.892	0.978	0.822	0.135	1.378	1.024	0.911												
47:00:03													1.507	0.126	1.198	1.216	1.461	0.138	1.000	0.932	0.941	0.931	0.904	0.887	1.510	0.125	1.264	1.236	1.446	0.136	1.093	1.034	1.084	1.042	1.087	1.022	1.532	0.126	1.227	1.216	1.125	1.003	1.023	0.953	1.470	0.140	1.080	1.031	0.128	1.613	1.259	1.314	1.052	1.048	1.129	1.039	0.137	1.456	1.102	1.046	0.125	1.627	1.281	1.264	0.140	1.451	1.091	1.026	0.135	1.470	1.054	1.025	0.125	1.591	1.218	1.168	1.027	0.890	0.974	0.819	0.135	1.382	1.021	0.905												
47:20:03													1.507	0.126	1.196	1.218	1.462	0.138	1.002	0.932	0.937	0.929	0.900	0.885	1.512	0.125	1.268	1.237	1.443	0.136	1.092	1.031	1.084	1.040	1.085	1.022	1.533	0.126	1.229	1.217	1.115	1.001	1.021	0.954	1.469	0.140	1.079	1.036	0.128	1.617	1.261	1.315	1.057	1.003	1.128	1.039	0.137	1.457	1.099	1.046	0.125	1.628	1.283	1.261	0.140	1.452	1.090	1.024	0.135	1.468	1.051	1.019	0.125	1.594	1.218	1.171	1.027	0.886	0.971	0.816	0.135	1.384	1.017	0.900												

