Field Group

Plate Comment:	
Procedure Summary
  Plate Type:              Corning 96 well for LogPhase600
  Plate Number:            2
  Discontinuous Kinetics:  Runtime 02:00:00 (D:HH:MM), Interval 00:20:00 (HH:MM:SS), 145 Reads (max)
  Read:                    600 nm
  Incubator:               On
    Temperature setpoint:  30 °C
    Temperature gradient:  Off
  Shaking:                 On
     Shaking frequency:    600 RPMs		
			
			

600

Time	A1	A2	A3	A4	A5	A6	A7	A8	A9	A10	A11	A12	B1	B2	B3	B4	B5	B6	B7	B8	B9	B10	B11	B12	C1	C2	C3	C4	C5	C6	C7	C8	C9	C10	C11	C12	D1	D2	D3	D4	D5	D6	D7	D8	D9	D10	D11	D12	E1	E2	E3	E4	E5	E6	E7	E8	E9	E10	E11	E12	F1	F2	F3	F4	F5	F6	F7	F8	F9	F10	F11	F12	G1	G2	G3	G4	G5	G6	G7	G8	G9	G10	G11	G12	H1	H2	H3	H4	H5	H6	H7	H8	H9	H10	H11	H12
0:00:00													0.123	0.122	0.121	0.122	0.128	0.126	0.125	0.124	0.129	0.130	0.127	0.127	0.123	0.122	0.123	0.121	0.129	0.126	0.125	0.128	0.133	0.130	0.130	0.131	0.124	0.125	0.123	0.124	0.128	0.129	0.129	0.126	0.128	0.131	0.127	0.128	0.124	0.123	0.125	0.123	0.128	0.127	0.128	0.127	0.129	0.128	0.128	0.129	0.128	0.121	0.122	0.122	0.129	0.128	0.128	0.128	0.139	0.132	0.140	0.130	0.123	0.120	0.121	0.120	0.129	0.127	0.130	0.126	0.128	0.127	0.130	0.130												
0:20:00													0.122	0.122	0.121	0.122	0.128	0.125	0.125	0.124	0.130	0.130	0.128	0.126	0.123	0.121	0.123	0.121	0.129	0.126	0.125	0.127	0.133	0.130	0.130	0.132	0.124	0.125	0.123	0.124	0.128	0.128	0.129	0.125	0.128	0.131	0.127	0.128	0.124	0.122	0.125	0.123	0.128	0.127	0.128	0.127	0.130	0.128	0.128	0.129	0.126	0.121	0.122	0.122	0.129	0.128	0.128	0.128	0.138	0.132	0.140	0.130	0.122	0.120	0.121	0.120	0.129	0.127	0.130	0.125	0.127	0.127	0.130	0.129												
0:40:00													0.122	0.122	0.121	0.121	0.128	0.125	0.125	0.123	0.130	0.130	0.128	0.126	0.123	0.121	0.123	0.121	0.128	0.126	0.125	0.127	0.132	0.130	0.131	0.131	0.125	0.124	0.122	0.124	0.128	0.127	0.129	0.125	0.128	0.131	0.127	0.127	0.124	0.122	0.125	0.123	0.128	0.127	0.127	0.126	0.130	0.128	0.128	0.129	0.126	0.121	0.122	0.122	0.129	0.128	0.128	0.128	0.138	0.133	0.139	0.130	0.122	0.120	0.121	0.120	0.129	0.127	0.130	0.125	0.127	0.127	0.130	0.130												
1:00:00													0.122	0.121	0.121	0.121	0.128	0.125	0.125	0.124	0.130	0.130	0.128	0.126	0.123	0.121	0.123	0.121	0.129	0.125	0.125	0.127	0.133	0.130	0.130	0.132	0.125	0.124	0.123	0.124	0.128	0.127	0.129	0.125	0.129	0.130	0.127	0.127	0.124	0.122	0.124	0.122	0.127	0.126	0.127	0.126	0.129	0.128	0.128	0.129	0.125	0.121	0.122	0.122	0.129	0.128	0.128	0.128	0.137	0.133	0.140	0.130	0.122	0.120	0.121	0.120	0.128	0.127	0.130	0.125	0.128	0.127	0.130	0.129												
1:20:00													0.123	0.121	0.121	0.121	0.128	0.125	0.126	0.123	0.131	0.130	0.128	0.126	0.123	0.121	0.123	0.121	0.128	0.126	0.126	0.127	0.133	0.130	0.131	0.130	0.125	0.124	0.123	0.124	0.128	0.127	0.129	0.125	0.129	0.131	0.127	0.127	0.123	0.122	0.125	0.123	0.127	0.126	0.128	0.127	0.130	0.128	0.129	0.129	0.125	0.121	0.122	0.122	0.128	0.128	0.128	0.128	0.138	0.133	0.140	0.130	0.122	0.120	0.121	0.120	0.129	0.127	0.130	0.125	0.127	0.128	0.131	0.131												
1:40:00													0.123	0.121	0.121	0.121	0.128	0.124	0.126	0.124	0.131	0.130	0.128	0.126	0.123	0.121	0.123	0.121	0.129	0.125	0.126	0.127	0.133	0.130	0.131	0.130	0.125	0.124	0.123	0.124	0.128	0.126	0.129	0.125	0.129	0.131	0.127	0.127	0.123	0.122	0.125	0.123	0.127	0.126	0.128	0.127	0.130	0.129	0.129	0.129	0.126	0.121	0.122	0.122	0.128	0.128	0.129	0.128	0.137	0.133	0.140	0.130	0.122	0.120	0.122	0.120	0.129	0.127	0.130	0.125	0.127	0.128	0.131	0.131												
2:00:00													0.123	0.121	0.121	0.121	0.129	0.124	0.126	0.124	0.131	0.130	0.129	0.126	0.124	0.121	0.124	0.121	0.129	0.125	0.126	0.127	0.133	0.130	0.131	0.130	0.125	0.124	0.123	0.124	0.129	0.126	0.129	0.125	0.130	0.131	0.128	0.128	0.123	0.122	0.125	0.123	0.127	0.126	0.128	0.127	0.130	0.129	0.129	0.129	0.126	0.121	0.122	0.122	0.128	0.128	0.129	0.128	0.138	0.133	0.140	0.130	0.122	0.121	0.122	0.120	0.129	0.127	0.130	0.125	0.127	0.128	0.131	0.131												
2:20:00													0.124	0.121	0.122	0.122	0.129	0.124	0.127	0.124	0.131	0.130	0.132	0.127	0.124	0.121	0.124	0.121	0.129	0.125	0.127	0.127	0.133	0.130	0.132	0.130	0.126	0.124	0.124	0.124	0.129	0.126	0.129	0.125	0.131	0.130	0.128	0.128	0.123	0.122	0.126	0.123	0.127	0.127	0.129	0.127	0.130	0.129	0.129	0.129	0.126	0.121	0.123	0.122	0.128	0.128	0.129	0.128	0.137	0.134	0.140	0.130	0.122	0.121	0.123	0.120	0.129	0.127	0.131	0.125	0.128	0.128	0.132	0.130												
2:40:00													0.124	0.121	0.123	0.122	0.130	0.124	0.128	0.124	0.132	0.130	0.131	0.127	0.125	0.121	0.125	0.121	0.130	0.125	0.128	0.127	0.134	0.130	0.133	0.130	0.127	0.124	0.125	0.124	0.130	0.126	0.130	0.125	0.131	0.131	0.128	0.128	0.123	0.122	0.126	0.123	0.127	0.127	0.129	0.127	0.130	0.129	0.130	0.129	0.126	0.121	0.123	0.122	0.128	0.128	0.130	0.128	0.137	0.134	0.141	0.130	0.122	0.121	0.123	0.121	0.129	0.127	0.132	0.125	0.128	0.128	0.133	0.130												
3:00:00													0.126	0.121	0.124	0.122	0.132	0.124	0.129	0.124	0.134	0.130	0.131	0.127	0.126	0.121	0.126	0.121	0.132	0.125	0.129	0.127	0.135	0.130	0.134	0.131	0.128	0.124	0.126	0.125	0.131	0.126	0.131	0.125	0.132	0.131	0.129	0.128	0.123	0.122	0.128	0.123	0.127	0.127	0.130	0.127	0.130	0.129	0.131	0.130	0.126	0.121	0.125	0.122	0.128	0.128	0.131	0.128	0.137	0.134	0.142	0.130	0.122	0.121	0.124	0.121	0.129	0.127	0.133	0.126	0.128	0.128	0.134	0.131												
3:20:00													0.127	0.121	0.126	0.122	0.134	0.124	0.131	0.124	0.136	0.130	0.133	0.127	0.128	0.121	0.128	0.122	0.133	0.125	0.131	0.128	0.136	0.130	0.136	0.131	0.130	0.124	0.127	0.125	0.133	0.126	0.133	0.126	0.134	0.130	0.130	0.128	0.123	0.123	0.130	0.124	0.127	0.127	0.132	0.127	0.129	0.129	0.132	0.130	0.126	0.122	0.127	0.122	0.128	0.128	0.132	0.128	0.137	0.134	0.143	0.130	0.122	0.121	0.126	0.121	0.129	0.127	0.135	0.126	0.128	0.129	0.136	0.131												
3:40:00													0.130	0.121	0.129	0.122	0.137	0.124	0.134	0.124	0.139	0.130	0.136	0.127	0.131	0.121	0.131	0.122	0.137	0.125	0.135	0.128	0.139	0.130	0.139	0.131	0.132	0.124	0.130	0.125	0.136	0.126	0.136	0.126	0.137	0.131	0.133	0.128	0.123	0.123	0.134	0.124	0.127	0.128	0.134	0.128	0.130	0.130	0.135	0.130	0.126	0.122	0.130	0.123	0.128	0.129	0.135	0.128	0.138	0.135	0.146	0.130	0.122	0.121	0.129	0.121	0.129	0.128	0.138	0.126	0.128	0.129	0.139	0.131												
4:00:00													0.134	0.121	0.132	0.123	0.143	0.124	0.139	0.125	0.144	0.130	0.140	0.127	0.135	0.121	0.135	0.122	0.141	0.125	0.141	0.128	0.143	0.130	0.143	0.131	0.136	0.124	0.134	0.125	0.141	0.126	0.140	0.126	0.141	0.130	0.136	0.129	0.123	0.123	0.137	0.124	0.127	0.128	0.139	0.128	0.129	0.130	0.138	0.130	0.126	0.122	0.134	0.123	0.128	0.129	0.139	0.129	0.138	0.135	0.149	0.131	0.122	0.122	0.133	0.121	0.128	0.128	0.144	0.126	0.128	0.130	0.142	0.132												
4:20:00													0.139	0.121	0.138	0.123	0.151	0.124	0.146	0.125	0.151	0.130	0.147	0.128	0.141	0.121	0.141	0.122	0.149	0.125	0.149	0.129	0.150	0.130	0.149	0.132	0.142	0.124	0.141	0.126	0.150	0.126	0.147	0.127	0.147	0.131	0.141	0.129	0.124	0.124	0.143	0.125	0.127	0.129	0.145	0.128	0.130	0.130	0.143	0.131	0.125	0.123	0.139	0.123	0.128	0.130	0.145	0.130	0.138	0.135	0.155	0.131	0.122	0.122	0.139	0.122	0.128	0.129	0.152	0.127	0.128	0.130	0.149	0.132												
4:40:00													0.146	0.121	0.145	0.124	0.163	0.124	0.158	0.126	0.161	0.130	0.156	0.129	0.148	0.121	0.147	0.123	0.160	0.125	0.162	0.129	0.158	0.130	0.158	0.133	0.149	0.124	0.147	0.126	0.162	0.126	0.156	0.128	0.154	0.130	0.148	0.130	0.123	0.124	0.149	0.126	0.127	0.129	0.155	0.129	0.130	0.131	0.149	0.131	0.126	0.123	0.146	0.124	0.128	0.130	0.155	0.130	0.137	0.137	0.162	0.132	0.122	0.122	0.146	0.122	0.129	0.129	0.163	0.128	0.128	0.131	0.158	0.133												
5:00:00													0.155	0.121	0.155	0.125	0.179	0.124	0.173	0.127	0.174	0.131	0.167	0.130	0.157	0.121	0.157	0.124	0.175	0.125	0.178	0.130	0.171	0.130	0.171	0.134	0.158	0.124	0.157	0.127	0.177	0.126	0.171	0.129	0.166	0.131	0.158	0.131	0.123	0.124	0.160	0.127	0.127	0.130	0.170	0.130	0.130	0.132	0.159	0.132	0.126	0.124	0.156	0.125	0.128	0.131	0.168	0.131	0.137	0.138	0.174	0.133	0.122	0.123	0.155	0.123	0.129	0.131	0.179	0.129	0.128	0.132	0.170	0.134												
5:20:00													0.168	0.121	0.168	0.125	0.200	0.124	0.194	0.128	0.189	0.131	0.182	0.132	0.170	0.121	0.170	0.124	0.193	0.125	0.198	0.131	0.187	0.130	0.183	0.136	0.171	0.124	0.171	0.128	0.197	0.126	0.198	0.130	0.184	0.131	0.171	0.132	0.123	0.125	0.173	0.128	0.127	0.132	0.189	0.131	0.130	0.133	0.170	0.134	0.126	0.124	0.170	0.126	0.128	0.133	0.185	0.133	0.137	0.139	0.188	0.134	0.122	0.124	0.170	0.124	0.129	0.132	0.199	0.130	0.128	0.133	0.185	0.135												
5:40:00													0.185	0.121	0.187	0.126	0.229	0.124	0.220	0.130	0.204	0.131	0.194	0.133	0.188	0.121	0.188	0.125	0.221	0.125	0.224	0.133	0.196	0.130	0.195	0.137	0.187	0.124	0.190	0.129	0.226	0.126	0.227	0.132	0.203	0.131	0.187	0.134	0.123	0.126	0.192	0.129	0.127	0.133	0.223	0.133	0.130	0.134	0.184	0.135	0.126	0.125	0.189	0.127	0.128	0.134	0.208	0.134	0.137	0.140	0.202	0.136	0.122	0.124	0.189	0.125	0.129	0.133	0.225	0.131	0.128	0.135	0.196	0.137												
6:00:00													0.207	0.121	0.206	0.128	0.261	0.124	0.246	0.131	0.225	0.131	0.207	0.137	0.212	0.121	0.207	0.127	0.246	0.126	0.251	0.135	0.208	0.130	0.209	0.139	0.207	0.124	0.210	0.131	0.258	0.126	0.250	0.134	0.213	0.131	0.209	0.136	0.123	0.127	0.211	0.131	0.127	0.135	0.259	0.135	0.131	0.137	0.198	0.137	0.126	0.126	0.210	0.128	0.128	0.136	0.260	0.137	0.138	0.142	0.219	0.138	0.122	0.126	0.210	0.126	0.129	0.136	0.252	0.133	0.128	0.138	0.211	0.140												
6:20:00													0.227	0.121	0.229	0.129	0.295	0.124	0.273	0.133	0.240	0.131	0.222	0.138	0.234	0.121	0.231	0.128	0.275	0.126	0.283	0.137	0.240	0.130	0.224	0.143	0.226	0.124	0.231	0.132	0.288	0.126	0.280	0.137	0.226	0.131	0.220	0.138	0.123	0.128	0.233	0.134	0.127	0.138	0.281	0.138	0.130	0.139	0.217	0.140	0.126	0.128	0.230	0.129	0.128	0.139	0.279	0.139	0.138	0.145	0.239	0.141	0.122	0.127	0.232	0.128	0.129	0.138	0.283	0.136	0.128	0.141	0.227	0.144												
6:40:00													0.251	0.121	0.254	0.131	0.335	0.124	0.311	0.136	0.255	0.131	0.235	0.141	0.261	0.121	0.255	0.130	0.308	0.126	0.320	0.140	0.243	0.130	0.238	0.146	0.252	0.124	0.260	0.134	0.326	0.126	0.316	0.141	0.248	0.131	0.234	0.142	0.123	0.130	0.260	0.137	0.127	0.141	0.318	0.141	0.130	0.142	0.229	0.144	0.126	0.129	0.262	0.132	0.128	0.142	0.323	0.143	0.138	0.149	0.246	0.145	0.122	0.128	0.259	0.130	0.129	0.141	0.320	0.139	0.128	0.144	0.238	0.147												
7:00:00													0.279	0.121	0.281	0.133	0.384	0.124	0.354	0.140	0.273	0.131	0.247	0.146	0.288	0.121	0.284	0.133	0.352	0.126	0.367	0.144	0.255	0.130	0.251	0.150	0.283	0.124	0.284	0.136	0.373	0.126	0.365	0.145	0.260	0.131	0.245	0.147	0.123	0.132	0.285	0.141	0.127	0.145	0.361	0.145	0.130	0.147	0.240	0.148	0.126	0.131	0.289	0.134	0.128	0.146	0.369	0.148	0.138	0.155	0.258	0.150	0.122	0.130	0.284	0.132	0.129	0.145	0.364	0.143	0.128	0.149	0.250	0.152												
7:20:00													0.307	0.121	0.309	0.136	0.420	0.124	0.375	0.145	0.293	0.131	0.258	0.153	0.316	0.121	0.312	0.135	0.372	0.126	0.389	0.149	0.268	0.130	0.264	0.156	0.311	0.124	0.312	0.139	0.410	0.126	0.386	0.151	0.276	0.131	0.257	0.155	0.123	0.135	0.315	0.145	0.127	0.150	0.383	0.151	0.130	0.152	0.250	0.153	0.127	0.134	0.320	0.137	0.128	0.151	0.390	0.154	0.138	0.163	0.268	0.156	0.122	0.132	0.314	0.134	0.129	0.151	0.384	0.149	0.128	0.155	0.261	0.158												
7:40:00													0.343	0.121	0.345	0.140	0.440	0.124	0.393	0.152	0.315	0.131	0.272	0.161	0.348	0.121	0.346	0.139	0.391	0.126	0.407	0.156	0.284	0.130	0.279	0.165	0.346	0.124	0.349	0.144	0.432	0.126	0.405	0.158	0.294	0.131	0.275	0.162	0.123	0.137	0.356	0.152	0.127	0.157	0.400	0.159	0.129	0.160	0.264	0.161	0.127	0.136	0.362	0.141	0.128	0.158	0.411	0.163	0.138	0.172	0.281	0.164	0.122	0.135	0.354	0.138	0.129	0.158	0.403	0.156	0.128	0.164	0.274	0.166												
8:00:00													0.387	0.121	0.390	0.145	0.462	0.124	0.404	0.160	0.342	0.131	0.288	0.170	0.396	0.121	0.391	0.144	0.396	0.126	0.415	0.164	0.303	0.130	0.295	0.176	0.391	0.124	0.397	0.149	0.461	0.126	0.414	0.168	0.317	0.131	0.295	0.172	0.123	0.140	0.406	0.160	0.126	0.167	0.417	0.169	0.130	0.170	0.281	0.169	0.127	0.140	0.410	0.146	0.128	0.167	0.418	0.172	0.137	0.183	0.297	0.174	0.122	0.139	0.402	0.143	0.129	0.167	0.410	0.165	0.128	0.175	0.290	0.176												
8:20:00													0.446	0.121	0.443	0.150	0.468	0.124	0.417	0.172	0.365	0.131	0.305	0.182	0.448	0.121	0.444	0.150	0.403	0.126	0.427	0.174	0.324	0.130	0.311	0.189	0.448	0.124	0.451	0.155	0.486	0.126	0.425	0.182	0.341	0.131	0.315	0.184	0.124	0.145	0.461	0.169	0.126	0.178	0.424	0.182	0.130	0.188	0.299	0.180	0.126	0.144	0.463	0.152	0.128	0.179	0.426	0.184	0.138	0.200	0.314	0.188	0.122	0.143	0.459	0.149	0.128	0.178	0.422	0.177	0.128	0.189	0.304	0.188												
8:40:01													0.509	0.121	0.501	0.158	0.487	0.124	0.427	0.186	0.381	0.131	0.321	0.198	0.511	0.121	0.498	0.157	0.413	0.126	0.441	0.189	0.345	0.130	0.326	0.206	0.515	0.124	0.509	0.163	0.511	0.126	0.438	0.199	0.362	0.131	0.335	0.199	0.124	0.150	0.517	0.182	0.126	0.193	0.438	0.195	0.129	0.210	0.315	0.197	0.126	0.149	0.521	0.160	0.128	0.192	0.442	0.199	0.138	0.218	0.332	0.202	0.122	0.148	0.516	0.156	0.128	0.193	0.434	0.191	0.129	0.207	0.316	0.204												
9:00:00													0.571	0.121	0.548	0.168	0.509	0.124	0.439	0.202	0.392	0.131	0.336	0.215	0.581	0.121	0.544	0.166	0.420	0.126	0.456	0.206	0.359	0.130	0.336	0.220	0.587	0.124	0.556	0.174	0.531	0.126	0.453	0.213	0.382	0.131	0.348	0.214	0.123	0.156	0.559	0.198	0.127	0.214	0.454	0.205	0.130	0.231	0.332	0.211	0.126	0.155	0.564	0.170	0.128	0.211	0.453	0.212	0.138	0.242	0.347	0.220	0.122	0.154	0.557	0.166	0.129	0.212	0.449	0.205	0.128	0.231	0.331	0.221												
9:20:00													0.641	0.121	0.596	0.177	0.528	0.124	0.454	0.213	0.398	0.131	0.343	0.234	0.651	0.121	0.595	0.177	0.432	0.126	0.468	0.222	0.366	0.130	0.345	0.239	0.656	0.124	0.617	0.186	0.552	0.126	0.468	0.228	0.395	0.131	0.358	0.230	0.123	0.164	0.612	0.218	0.127	0.237	0.470	0.226	0.129	0.257	0.343	0.231	0.126	0.164	0.613	0.181	0.128	0.230	0.470	0.226	0.138	0.266	0.355	0.238	0.122	0.163	0.612	0.176	0.129	0.235	0.466	0.220	0.128	0.256	0.337	0.240												
9:40:00													0.725	0.121	0.659	0.189	0.557	0.124	0.464	0.235	0.407	0.131	0.346	0.254	0.736	0.121	0.662	0.190	0.441	0.126	0.480	0.241	0.375	0.131	0.361	0.259	0.739	0.124	0.687	0.200	0.570	0.126	0.485	0.248	0.406	0.131	0.376	0.251	0.123	0.174	0.677	0.238	0.127	0.261	0.483	0.240	0.130	0.278	0.355	0.256	0.126	0.173	0.674	0.195	0.128	0.254	0.483	0.241	0.138	0.292	0.364	0.264	0.122	0.172	0.678	0.190	0.129	0.258	0.479	0.238	0.128	0.282	0.339	0.265												
10:00:01													0.797	0.121	0.757	0.205	0.571	0.124	0.472	0.242	0.423	0.131	0.354	0.276	0.816	0.121	0.783	0.206	0.449	0.126	0.491	0.252	0.385	0.130	0.381	0.277	0.832	0.124	0.820	0.218	0.587	0.126	0.497	0.255	0.433	0.131	0.396	0.264	0.123	0.185	0.802	0.258	0.126	0.286	0.494	0.255	0.129	0.308	0.370	0.272	0.126	0.185	0.788	0.211	0.128	0.278	0.495	0.253	0.138	0.325	0.378	0.283	0.122	0.184	0.800	0.206	0.129	0.286	0.491	0.240	0.128	0.314	0.342	0.280												
10:20:01													0.895	0.121	0.796	0.224	0.583	0.124	0.478	0.247	0.451	0.131	0.364	0.283	0.913	0.121	0.825	0.226	0.456	0.126	0.501	0.257	0.402	0.130	0.399	0.284	0.942	0.124	0.845	0.236	0.603	0.126	0.508	0.258	0.464	0.131	0.415	0.273	0.124	0.199	0.845	0.282	0.127	0.318	0.505	0.262	0.131	0.342	0.387	0.279	0.127	0.199	0.834	0.230	0.128	0.304	0.504	0.257	0.138	0.358	0.394	0.287	0.122	0.198	0.824	0.228	0.129	0.316	0.501	0.245	0.128	0.347	0.351	0.291												
10:40:01													0.954	0.121	0.814	0.245	0.594	0.124	0.484	0.252	0.478	0.134	0.373	0.291	0.967	0.121	0.845	0.250	0.467	0.126	0.510	0.263	0.428	0.130	0.417	0.288	0.979	0.124	0.863	0.259	0.623	0.126	0.520	0.263	0.492	0.131	0.432	0.279	0.124	0.218	0.860	0.306	0.127	0.338	0.515	0.265	0.131	0.352	0.406	0.288	0.126	0.216	0.854	0.253	0.128	0.332	0.514	0.259	0.138	0.368	0.413	0.293	0.123	0.213	0.838	0.257	0.129	0.345	0.511	0.248	0.128	0.365	0.362	0.294												
11:00:01													0.962	0.121	0.823	0.267	0.599	0.124	0.491	0.255	0.493	0.134	0.378	0.296	0.991	0.121	0.854	0.275	0.475	0.126	0.517	0.264	0.453	0.131	0.430	0.293	0.986	0.124	0.867	0.277	0.636	0.126	0.529	0.269	0.511	0.131	0.443	0.284	0.124	0.237	0.865	0.328	0.127	0.347	0.523	0.268	0.129	0.364	0.418	0.295	0.127	0.234	0.860	0.277	0.128	0.343	0.521	0.262	0.138	0.381	0.424	0.299	0.123	0.233	0.842	0.293	0.129	0.356	0.518	0.251	0.128	0.380	0.373	0.302												
11:20:01													0.977	0.121	0.834	0.289	0.616	0.124	0.496	0.258	0.507	0.136	0.387	0.299	0.998	0.121	0.865	0.291	0.486	0.126	0.528	0.269	0.477	0.130	0.441	0.296	0.997	0.124	0.877	0.296	0.654	0.126	0.539	0.270	0.532	0.131	0.455	0.288	0.124	0.263	0.873	0.342	0.127	0.357	0.529	0.274	0.131	0.380	0.431	0.298	0.126	0.262	0.868	0.299	0.128	0.353	0.528	0.264	0.139	0.396	0.438	0.304	0.123	0.258	0.851	0.322	0.129	0.368	0.524	0.254	0.129	0.388	0.382	0.303												
11:40:01													0.985	0.121	0.840	0.306	0.618	0.124	0.502	0.260	0.515	0.136	0.391	0.300	1.003	0.121	0.870	0.307	0.493	0.126	0.537	0.272	0.496	0.130	0.448	0.298	1.004	0.124	0.882	0.312	0.666	0.127	0.547	0.274	0.546	0.131	0.463	0.291	0.124	0.295	0.876	0.358	0.127	0.364	0.534	0.277	0.130	0.394	0.441	0.301	0.127	0.290	0.873	0.315	0.128	0.361	0.536	0.266	0.138	0.408	0.447	0.304	0.123	0.286	0.855	0.327	0.129	0.376	0.529	0.255	0.128	0.397	0.389	0.306												
12:00:01													0.994	0.121	0.845	0.319	0.630	0.124	0.505	0.262	0.526	0.135	0.397	0.302	1.011	0.121	0.876	0.324	0.498	0.126	0.543	0.272	0.516	0.130	0.454	0.301	1.017	0.124	0.888	0.319	0.682	0.126	0.553	0.278	0.562	0.131	0.470	0.294	0.124	0.328	0.879	0.393	0.127	0.380	0.541	0.282	0.129	0.400	0.449	0.311	0.127	0.324	0.879	0.331	0.128	0.373	0.542	0.266	0.138	0.425	0.456	0.310	0.123	0.314	0.862	0.331	0.129	0.379	0.535	0.257	0.129	0.409	0.397	0.308												
12:20:01													1.006	0.121	0.849	0.340	0.646	0.124	0.509	0.265	0.535	0.136	0.403	0.306	1.020	0.121	0.880	0.349	0.504	0.126	0.550	0.275	0.533	0.130	0.459	0.302	1.028	0.124	0.890	0.352	0.696	0.127	0.558	0.282	0.577	0.131	0.474	0.295	0.124	0.370	0.880	0.418	0.127	0.400	0.547	0.286	0.131	0.414	0.456	0.309	0.127	0.366	0.883	0.351	0.128	0.397	0.547	0.270	0.138	0.444	0.464	0.312	0.123	0.351	0.864	0.358	0.129	0.394	0.541	0.262	0.129	0.419	0.404	0.313												
12:40:01													1.018	0.121	0.851	0.358	0.659	0.124	0.511	0.267	0.544	0.136	0.408	0.307	1.031	0.121	0.881	0.366	0.510	0.126	0.555	0.278	0.550	0.130	0.463	0.302	1.038	0.124	0.892	0.376	0.713	0.127	0.561	0.285	0.591	0.131	0.479	0.299	0.124	0.418	0.881	0.434	0.127	0.422	0.550	0.291	0.131	0.429	0.462	0.312	0.127	0.418	0.885	0.367	0.128	0.423	0.553	0.272	0.138	0.458	0.470	0.313	0.123	0.396	0.865	0.370	0.129	0.408	0.543	0.264	0.129	0.443	0.411	0.315												
13:00:01													1.025	0.121	0.853	0.361	0.668	0.124	0.514	0.269	0.549	0.136	0.412	0.314	1.043	0.121	0.885	0.378	0.516	0.126	0.560	0.281	0.564	0.130	0.465	0.307	1.047	0.124	0.896	0.392	0.729	0.127	0.567	0.292	0.604	0.131	0.481	0.302	0.124	0.467	0.881	0.446	0.127	0.448	0.554	0.294	0.130	0.446	0.467	0.317	0.127	0.473	0.887	0.377	0.128	0.446	0.556	0.274	0.138	0.481	0.476	0.313	0.123	0.443	0.869	0.378	0.129	0.423	0.547	0.267	0.128	0.464	0.418	0.320												
13:20:01													1.031	0.121	0.856	0.362	0.681	0.124	0.516	0.271	0.558	0.136	0.416	0.314	1.051	0.121	0.889	0.392	0.523	0.126	0.564	0.285	0.576	0.130	0.467	0.308	1.054	0.124	0.899	0.408	0.741	0.127	0.570	0.295	0.616	0.131	0.484	0.302	0.124	0.516	0.882	0.458	0.127	0.464	0.560	0.296	0.129	0.460	0.473	0.318	0.127	0.531	0.889	0.388	0.128	0.464	0.558	0.275	0.138	0.490	0.481	0.316	0.123	0.496	0.869	0.387	0.129	0.435	0.550	0.267	0.128	0.482	0.423	0.321												
13:40:01													1.038	0.121	0.855	0.364	0.685	0.124	0.521	0.273	0.563	0.136	0.421	0.317	1.058	0.121	0.889	0.406	0.528	0.126	0.568	0.285	0.587	0.130	0.469	0.309	1.060	0.124	0.901	0.423	0.751	0.127	0.574	0.297	0.625	0.131	0.487	0.305	0.124	0.551	0.886	0.466	0.127	0.482	0.564	0.296	0.129	0.478	0.478	0.322	0.127	0.572	0.891	0.401	0.128	0.477	0.561	0.276	0.139	0.508	0.486	0.317	0.123	0.540	0.869	0.397	0.129	0.448	0.555	0.271	0.128	0.491	0.429	0.324												
14:00:01													1.046	0.121	0.856	0.368	0.690	0.124	0.525	0.275	0.567	0.135	0.424	0.320	1.065	0.121	0.889	0.417	0.535	0.126	0.571	0.289	0.596	0.131	0.471	0.311	1.068	0.124	0.902	0.434	0.762	0.127	0.576	0.299	0.633	0.131	0.489	0.305	0.124	0.599	0.887	0.470	0.127	0.491	0.568	0.299	0.129	0.491	0.482	0.324	0.127	0.619	0.893	0.416	0.128	0.484	0.564	0.280	0.139	0.517	0.489	0.316	0.123	0.595	0.869	0.403	0.129	0.455	0.558	0.273	0.128	0.505	0.433	0.323												
14:20:01													1.055	0.121	0.858	0.372	0.699	0.124	0.528	0.277	0.573	0.136	0.426	0.325	1.073	0.121	0.890	0.423	0.543	0.126	0.575	0.290	0.605	0.131	0.472	0.312	1.078	0.124	0.903	0.442	0.771	0.127	0.579	0.297	0.642	0.131	0.491	0.309	0.124	0.636	0.886	0.472	0.127	0.505	0.572	0.304	0.131	0.501	0.485	0.331	0.127	0.669	0.893	0.427	0.128	0.497	0.568	0.282	0.139	0.527	0.492	0.319	0.123	0.625	0.869	0.407	0.129	0.472	0.562	0.272	0.128	0.514	0.436	0.325												
14:40:01													1.063	0.121	0.861	0.375	0.710	0.124	0.532	0.280	0.578	0.134	0.430	0.324	1.080	0.121	0.891	0.427	0.551	0.126	0.578	0.291	0.613	0.131	0.475	0.314	1.087	0.124	0.903	0.450	0.782	0.127	0.583	0.303	0.649	0.131	0.493	0.310	0.124	0.730	0.884	0.473	0.127	0.515	0.575	0.304	0.131	0.516	0.488	0.337	0.127	0.761	0.893	0.433	0.128	0.504	0.572	0.285	0.139	0.540	0.496	0.319	0.123	0.690	0.871	0.408	0.130	0.481	0.566	0.277	0.128	0.522	0.442	0.324												
15:00:01													1.073	0.122	0.862	0.376	0.723	0.124	0.537	0.282	0.582	0.136	0.433	0.318	1.089	0.121	0.895	0.430	0.560	0.126	0.582	0.298	0.621	0.131	0.477	0.317	1.096	0.124	0.905	0.457	0.795	0.127	0.589	0.301	0.656	0.131	0.496	0.313	0.124	0.792	0.887	0.474	0.127	0.531	0.580	0.306	0.131	0.529	0.492	0.335	0.127	0.796	0.895	0.438	0.128	0.524	0.577	0.285	0.139	0.552	0.499	0.322	0.123	0.742	0.871	0.408	0.130	0.489	0.570	0.278	0.129	0.530	0.446	0.331												
15:20:01													1.081	0.122	0.865	0.377	0.734	0.125	0.541	0.288	0.585	0.135	0.437	0.325	1.097	0.121	0.896	0.431	0.567	0.126	0.588	0.298	0.629	0.131	0.481	0.316	1.105	0.124	0.909	0.462	0.804	0.127	0.594	0.302	0.662	0.131	0.498	0.314	0.124	0.809	0.888	0.474	0.127	0.529	0.584	0.310	0.131	0.543	0.496	0.332	0.127	0.814	0.896	0.440	0.128	0.531	0.582	0.292	0.139	0.560	0.503	0.323	0.123	0.758	0.874	0.407	0.130	0.500	0.575	0.281	0.129	0.541	0.451	0.332												
15:40:01													1.089	0.122	0.866	0.377	0.745	0.124	0.546	0.291	0.590	0.136	0.441	0.329	1.104	0.121	0.898	0.432	0.573	0.126	0.592	0.300	0.636	0.131	0.484	0.318	1.112	0.124	0.910	0.466	0.810	0.127	0.599	0.306	0.668	0.131	0.501	0.316	0.124	0.824	0.889	0.474	0.127	0.544	0.588	0.310	0.131	0.557	0.499	0.337	0.127	0.827	0.898	0.442	0.128	0.539	0.587	0.288	0.139	0.568	0.508	0.322	0.123	0.771	0.873	0.406	0.130	0.509	0.580	0.282	0.129	0.545	0.457	0.332												
16:00:01													1.098	0.122	0.866	0.377	0.754	0.125	0.550	0.296	0.593	0.136	0.444	0.334	1.111	0.121	0.899	0.432	0.579	0.126	0.599	0.304	0.646	0.131	0.486	0.320	1.121	0.124	0.912	0.469	0.817	0.127	0.605	0.307	0.672	0.131	0.506	0.317	0.124	0.842	0.891	0.473	0.127	0.542	0.592	0.312	0.130	0.569	0.503	0.338	0.127	0.845	0.899	0.442	0.128	0.548	0.592	0.292	0.139	0.576	0.512	0.326	0.123	0.783	0.876	0.404	0.130	0.520	0.585	0.285	0.129	0.544	0.463	0.332												
16:20:01													1.105	0.122	0.868	0.376	0.762	0.125	0.556	0.297	0.598	0.136	0.449	0.331	1.117	0.121	0.901	0.431	0.584	0.126	0.606	0.304	0.657	0.131	0.490	0.322	1.128	0.124	0.912	0.470	0.824	0.127	0.609	0.312	0.677	0.131	0.510	0.319	0.124	0.857	0.890	0.473	0.127	0.550	0.597	0.317	0.131	0.581	0.506	0.338	0.127	0.857	0.899	0.441	0.128	0.551	0.597	0.293	0.138	0.589	0.518	0.327	0.123	0.796	0.877	0.402	0.130	0.525	0.591	0.287	0.129	0.550	0.468	0.336												
16:40:01													1.112	0.122	0.869	0.375	0.768	0.125	0.561	0.301	0.606	0.136	0.455	0.336	1.123	0.121	0.902	0.431	0.588	0.126	0.612	0.313	0.668	0.131	0.495	0.324	1.136	0.124	0.915	0.471	0.830	0.127	0.614	0.316	0.683	0.131	0.515	0.322	0.124	0.867	0.892	0.471	0.127	0.557	0.602	0.322	0.130	0.596	0.511	0.341	0.127	0.871	0.901	0.439	0.128	0.557	0.601	0.298	0.139	0.600	0.523	0.332	0.123	0.811	0.879	0.399	0.129	0.532	0.596	0.292	0.128	0.555	0.473	0.336												
17:00:01													1.121	0.122	0.871	0.374	0.775	0.124	0.567	0.303	0.615	0.135	0.461	0.336	1.129	0.121	0.903	0.429	0.593	0.126	0.618	0.309	0.679	0.131	0.501	0.326	1.143	0.124	0.917	0.470	0.838	0.127	0.621	0.314	0.692	0.131	0.520	0.325	0.124	0.879	0.892	0.470	0.127	0.561	0.606	0.322	0.131	0.603	0.517	0.343	0.127	0.883	0.902	0.437	0.128	0.563	0.606	0.299	0.139	0.611	0.529	0.338	0.123	0.822	0.880	0.397	0.129	0.528	0.601	0.295	0.129	0.568	0.479	0.339												
17:20:01													1.129	0.122	0.873	0.374	0.784	0.124	0.572	0.311	0.622	0.137	0.467	0.340	1.135	0.121	0.905	0.428	0.599	0.126	0.624	0.314	0.690	0.131	0.507	0.328	1.152	0.124	0.920	0.471	0.845	0.127	0.626	0.319	0.700	0.131	0.526	0.329	0.124	0.890	0.893	0.469	0.127	0.567	0.612	0.328	0.131	0.617	0.523	0.345	0.126	0.897	0.904	0.436	0.128	0.570	0.612	0.300	0.139	0.622	0.535	0.339	0.123	0.831	0.880	0.394	0.130	0.535	0.607	0.297	0.129	0.573	0.488	0.341												
17:40:01													1.137	0.122	0.878	0.373	0.796	0.124	0.578	0.313	0.633	0.136	0.474	0.342	1.141	0.121	0.910	0.430	0.614	0.126	0.630	0.316	0.704	0.131	0.510	0.330	1.162	0.124	0.925	0.473	0.854	0.127	0.633	0.322	0.710	0.132	0.529	0.331	0.124	0.905	0.899	0.471	0.127	0.578	0.618	0.330	0.132	0.618	0.526	0.348	0.126	0.913	0.909	0.438	0.128	0.578	0.618	0.305	0.140	0.633	0.542	0.343	0.123	0.844	0.885	0.391	0.129	0.538	0.612	0.298	0.129	0.583	0.492	0.345												
18:00:01													1.141	0.122	0.875	0.372	0.798	0.125	0.582	0.313	0.633	0.136	0.477	0.347	1.144	0.121	0.908	0.427	0.636	0.126	0.635	0.324	0.712	0.131	0.521	0.333	1.162	0.124	0.921	0.467	0.856	0.127	0.637	0.325	0.716	0.131	0.538	0.339	0.124	0.915	0.897	0.469	0.127	0.580	0.622	0.331	0.131	0.629	0.536	0.349	0.127	0.921	0.906	0.431	0.128	0.582	0.622	0.303	0.139	0.641	0.549	0.350	0.123	0.856	0.883	0.388	0.130	0.545	0.617	0.302	0.129	0.600	0.501	0.349												
18:20:01													1.146	0.122	0.877	0.372	0.805	0.125	0.587	0.313	0.639	0.136	0.482	0.346	1.148	0.121	0.909	0.427	0.659	0.126	0.640	0.320	0.721	0.131	0.527	0.337	1.167	0.124	0.924	0.466	0.862	0.127	0.642	0.328	0.724	0.131	0.544	0.344	0.124	0.926	0.897	0.467	0.127	0.586	0.627	0.336	0.131	0.638	0.542	0.355	0.127	0.932	0.908	0.430	0.128	0.589	0.626	0.309	0.139	0.651	0.555	0.354	0.123	0.868	0.883	0.385	0.130	0.545	0.622	0.305	0.129	0.615	0.508	0.353												
18:40:01													1.153	0.122	0.879	0.373	0.811	0.124	0.591	0.322	0.649	0.136	0.487	0.351	1.153	0.121	0.912	0.428	0.675	0.126	0.646	0.328	0.730	0.131	0.533	0.341	1.173	0.124	0.926	0.467	0.869	0.127	0.649	0.331	0.731	0.131	0.550	0.350	0.124	0.937	0.899	0.467	0.127	0.593	0.631	0.339	0.131	0.648	0.548	0.357	0.127	0.943	0.910	0.429	0.128	0.599	0.631	0.313	0.139	0.659	0.562	0.361	0.123	0.879	0.885	0.383	0.130	0.559	0.627	0.307	0.129	0.622	0.515	0.352												
19:00:01													1.159	0.122	0.884	0.374	0.819	0.125	0.596	0.322	0.658	0.136	0.494	0.351	1.158	0.121	0.917	0.433	0.687	0.126	0.652	0.329	0.741	0.131	0.535	0.344	1.180	0.124	0.930	0.469	0.877	0.127	0.656	0.334	0.742	0.131	0.553	0.351	0.124	0.951	0.906	0.473	0.127	0.605	0.638	0.343	0.132	0.654	0.551	0.360	0.126	0.957	0.914	0.434	0.128	0.609	0.638	0.316	0.139	0.667	0.566	0.364	0.123	0.892	0.891	0.382	0.130	0.559	0.632	0.311	0.129	0.633	0.517	0.358												
19:20:01													1.161	0.122	0.884	0.374	0.823	0.125	0.600	0.330	0.662	0.137	0.496	0.356	1.160	0.122	0.916	0.431	0.697	0.126	0.655	0.327	0.747	0.131	0.545	0.348	1.181	0.124	0.929	0.466	0.880	0.127	0.660	0.336	0.749	0.132	0.563	0.363	0.124	0.958	0.904	0.469	0.127	0.610	0.643	0.348	0.132	0.662	0.561	0.363	0.127	0.963	0.914	0.429	0.128	0.611	0.641	0.313	0.139	0.677	0.574	0.376	0.123	0.901	0.889	0.380	0.130	0.568	0.636	0.314	0.130	0.643	0.528	0.363												
19:40:01													1.166	0.122	0.886	0.375	0.828	0.125	0.604	0.336	0.669	0.137	0.502	0.359	1.164	0.122	0.918	0.432	0.710	0.126	0.660	0.339	0.755	0.131	0.552	0.352	1.185	0.124	0.930	0.465	0.886	0.128	0.666	0.338	0.757	0.132	0.568	0.369	0.124	0.967	0.905	0.470	0.127	0.614	0.649	0.351	0.131	0.668	0.567	0.368	0.127	0.975	0.916	0.430	0.128	0.621	0.645	0.322	0.139	0.685	0.579	0.383	0.123	0.911	0.891	0.379	0.130	0.576	0.641	0.316	0.129	0.649	0.535	0.366												
20:00:01													1.172	0.122	0.894	0.377	0.838	0.125	0.610	0.335	0.684	0.136	0.509	0.358	1.170	0.122	0.925	0.439	0.731	0.126	0.665	0.334	0.764	0.131	0.554	0.353	1.193	0.124	0.936	0.472	0.895	0.127	0.673	0.340	0.767	0.132	0.570	0.367	0.124	0.979	0.913	0.475	0.127	0.618	0.655	0.353	0.132	0.673	0.569	0.369	0.126	0.989	0.921	0.436	0.129	0.634	0.652	0.320	0.140	0.692	0.584	0.385	0.123	0.922	0.898	0.380	0.130	0.586	0.645	0.317	0.129	0.655	0.538	0.367												
20:20:01													1.177	0.122	0.897	0.379	0.844	0.125	0.614	0.339	0.693	0.136	0.515	0.362	1.174	0.122	0.927	0.442	0.750	0.126	0.670	0.334	0.772	0.131	0.561	0.356	1.198	0.124	0.940	0.476	0.902	0.127	0.678	0.345	0.775	0.132	0.576	0.373	0.124	0.988	0.914	0.478	0.127	0.624	0.661	0.358	0.132	0.679	0.575	0.372	0.126	1.002	0.923	0.440	0.128	0.637	0.658	0.324	0.140	0.696	0.589	0.393	0.123	0.930	0.901	0.380	0.130	0.594	0.649	0.319	0.130	0.665	0.544	0.370												
20:40:01													1.178	0.122	0.896	0.379	0.848	0.125	0.616	0.339	0.695	0.136	0.519	0.370	1.175	0.122	0.925	0.441	0.765	0.125	0.672	0.345	0.775	0.131	0.571	0.363	1.196	0.124	0.937	0.469	0.904	0.127	0.680	0.347	0.780	0.132	0.584	0.386	0.124	0.991	0.912	0.478	0.127	0.626	0.666	0.363	0.132	0.687	0.584	0.377	0.127	1.004	0.922	0.436	0.128	0.639	0.661	0.326	0.139	0.705	0.596	0.407	0.123	0.936	0.898	0.379	0.130	0.599	0.652	0.321	0.130	0.676	0.555	0.375												
21:00:01													1.180	0.122	0.900	0.380	0.853	0.125	0.620	0.337	0.703	0.136	0.524	0.371	1.179	0.122	0.927	0.443	0.782	0.126	0.676	0.343	0.780	0.131	0.578	0.368	1.199	0.124	0.938	0.469	0.912	0.128	0.684	0.351	0.787	0.132	0.590	0.392	0.124	0.998	0.913	0.477	0.127	0.632	0.671	0.366	0.131	0.693	0.590	0.380	0.127	1.013	0.924	0.440	0.128	0.644	0.666	0.329	0.139	0.712	0.603	0.415	0.123	0.942	0.900	0.380	0.130	0.607	0.656	0.322	0.129	0.683	0.562	0.378												
21:20:01													1.183	0.122	0.903	0.382	0.859	0.125	0.622	0.346	0.709	0.137	0.529	0.377	1.181	0.122	0.930	0.446	0.795	0.125	0.681	0.347	0.784	0.131	0.583	0.372	1.202	0.124	0.939	0.473	0.917	0.127	0.687	0.353	0.794	0.132	0.595	0.398	0.124	1.004	0.915	0.481	0.127	0.637	0.676	0.370	0.131	0.698	0.596	0.384	0.127	1.019	0.925	0.444	0.129	0.649	0.670	0.332	0.139	0.717	0.608	0.424	0.123	0.948	0.903	0.382	0.130	0.612	0.659	0.324	0.129	0.690	0.568	0.381												
21:40:01													1.186	0.122	0.907	0.385	0.865	0.125	0.626	0.343	0.719	0.136	0.534	0.380	1.185	0.122	0.933	0.451	0.808	0.126	0.684	0.348	0.789	0.131	0.589	0.375	1.204	0.124	0.941	0.479	0.924	0.127	0.691	0.354	0.801	0.132	0.601	0.402	0.124	1.010	0.917	0.484	0.127	0.642	0.682	0.373	0.132	0.703	0.602	0.387	0.127	1.027	0.927	0.448	0.128	0.655	0.675	0.331	0.139	0.725	0.614	0.431	0.123	0.954	0.906	0.385	0.130	0.620	0.662	0.325	0.129	0.696	0.574	0.383												
22:00:01													1.188	0.122	0.911	0.389	0.873	0.125	0.630	0.344	0.728	0.136	0.539	0.379	1.188	0.122	0.936	0.456	0.821	0.126	0.688	0.350	0.794	0.131	0.596	0.380	1.207	0.124	0.943	0.484	0.931	0.127	0.696	0.358	0.808	0.132	0.607	0.407	0.124	1.015	0.919	0.488	0.127	0.647	0.687	0.374	0.132	0.709	0.608	0.390	0.127	1.033	0.930	0.450	0.128	0.659	0.681	0.339	0.139	0.731	0.620	0.436	0.123	0.959	0.909	0.385	0.130	0.627	0.666	0.328	0.130	0.703	0.581	0.386												
22:20:01													1.189	0.122	0.915	0.392	0.880	0.125	0.632	0.347	0.736	0.136	0.544	0.381	1.191	0.122	0.939	0.462	0.832	0.125	0.692	0.355	0.799	0.131	0.601	0.384	1.209	0.124	0.945	0.488	0.938	0.127	0.699	0.361	0.815	0.132	0.612	0.412	0.124	1.020	0.922	0.492	0.127	0.652	0.692	0.380	0.132	0.714	0.612	0.393	0.127	1.038	0.931	0.453	0.128	0.664	0.684	0.344	0.139	0.734	0.624	0.442	0.123	0.963	0.911	0.386	0.130	0.632	0.668	0.329	0.130	0.708	0.586	0.388												
22:40:01													1.193	0.122	0.924	0.398	0.889	0.125	0.634	0.348	0.750	0.137	0.549	0.383	1.196	0.122	0.946	0.472	0.843	0.126	0.697	0.360	0.805	0.131	0.602	0.383	1.215	0.124	0.951	0.497	0.949	0.127	0.705	0.363	0.822	0.132	0.613	0.408	0.124	1.027	0.930	0.502	0.127	0.661	0.699	0.385	0.132	0.718	0.615	0.393	0.126	1.048	0.937	0.463	0.129	0.673	0.690	0.346	0.140	0.742	0.628	0.442	0.123	0.969	0.919	0.390	0.130	0.640	0.674	0.330	0.130	0.716	0.588	0.389												
23:00:01													1.193	0.122	0.922	0.398	0.889	0.125	0.635	0.351	0.751	0.137	0.553	0.392	1.197	0.122	0.945	0.471	0.850	0.125	0.698	0.363	0.807	0.131	0.612	0.393	1.214	0.124	0.950	0.494	0.952	0.127	0.707	0.367	0.827	0.132	0.622	0.422	0.124	1.027	0.927	0.502	0.127	0.662	0.703	0.384	0.132	0.724	0.624	0.401	0.127	1.048	0.937	0.460	0.128	0.675	0.692	0.354	0.140	0.747	0.634	0.455	0.123	0.971	0.917	0.391	0.130	0.645	0.676	0.332	0.130	0.721	0.599	0.394												
23:20:01													1.194	0.122	0.925	0.399	0.898	0.125	0.638	0.352	0.759	0.137	0.557	0.392	1.200	0.122	0.948	0.475	0.860	0.126	0.699	0.366	0.812	0.131	0.618	0.396	1.214	0.124	0.952	0.497	0.959	0.127	0.711	0.369	0.833	0.132	0.627	0.426	0.124	1.030	0.929	0.507	0.127	0.667	0.708	0.388	0.131	0.730	0.629	0.405	0.127	1.052	0.939	0.464	0.128	0.679	0.696	0.358	0.139	0.751	0.640	0.460	0.123	0.974	0.920	0.394	0.130	0.650	0.680	0.334	0.129	0.727	0.605	0.398												
23:40:01													1.196	0.122	0.929	0.402	0.906	0.125	0.640	0.353	0.768	0.137	0.562	0.397	1.204	0.122	0.950	0.479	0.872	0.125	0.701	0.369	0.817	0.131	0.623	0.401	1.217	0.124	0.954	0.502	0.967	0.127	0.715	0.371	0.840	0.132	0.631	0.432	0.124	1.034	0.932	0.512	0.127	0.671	0.712	0.390	0.131	0.735	0.634	0.409	0.127	1.056	0.941	0.466	0.128	0.685	0.699	0.362	0.139	0.760	0.644	0.465	0.123	0.977	0.923	0.397	0.130	0.654	0.683	0.336	0.131	0.731	0.611	0.400												
24:00:01													1.198	0.122	0.932	0.403	0.913	0.125	0.643	0.354	0.775	0.137	0.567	0.401	1.207	0.122	0.953	0.483	0.882	0.125	0.704	0.366	0.821	0.131	0.629	0.406	1.219	0.124	0.956	0.506	0.975	0.127	0.719	0.374	0.845	0.132	0.637	0.437	0.124	1.037	0.934	0.515	0.127	0.675	0.714	0.394	0.131	0.740	0.639	0.413	0.127	1.061	0.944	0.469	0.128	0.690	0.703	0.369	0.139	0.764	0.648	0.469	0.123	0.981	0.925	0.400	0.130	0.660	0.687	0.337	0.131	0.737	0.617	0.403												
24:20:01													1.201	0.122	0.940	0.408	0.926	0.125	0.646	0.355	0.790	0.137	0.571	0.397	1.212	0.122	0.959	0.493	0.892	0.126	0.708	0.377	0.827	0.131	0.630	0.403	1.223	0.124	0.964	0.517	0.987	0.127	0.725	0.377	0.851	0.132	0.638	0.432	0.124	1.043	0.942	0.525	0.127	0.685	0.715	0.397	0.132	0.745	0.641	0.412	0.126	1.069	0.949	0.479	0.129	0.696	0.709	0.368	0.140	0.766	0.650	0.468	0.123	0.985	0.932	0.407	0.130	0.667	0.692	0.339	0.130	0.741	0.618	0.402												
24:40:01													1.201	0.122	0.940	0.408	0.932	0.125	0.647	0.355	0.791	0.137	0.577	0.408	1.214	0.122	0.957	0.491	0.900	0.126	0.710	0.374	0.830	0.131	0.640	0.416	1.221	0.124	0.961	0.514	0.991	0.127	0.728	0.379	0.856	0.132	0.646	0.446	0.124	1.042	0.939	0.524	0.127	0.686	0.712	0.397	0.132	0.751	0.650	0.422	0.127	1.068	0.948	0.476	0.128	0.696	0.711	0.370	0.140	0.771	0.657	0.478	0.123	0.986	0.929	0.406	0.130	0.671	0.695	0.339	0.130	0.750	0.629	0.409												
25:00:01													1.204	0.122	0.946	0.412	0.944	0.125	0.652	0.358	0.803	0.137	0.580	0.407	1.218	0.122	0.963	0.499	0.913	0.126	0.716	0.378	0.837	0.131	0.641	0.414	1.225	0.124	0.965	0.521	1.002	0.127	0.733	0.382	0.861	0.132	0.647	0.442	0.124	1.048	0.945	0.532	0.127	0.694	0.716	0.400	0.132	0.756	0.651	0.421	0.127	1.073	0.952	0.484	0.129	0.704	0.716	0.375	0.140	0.778	0.661	0.478	0.123	0.990	0.935	0.408	0.130	0.677	0.700	0.340	0.130	0.753	0.629	0.409												
25:20:02													1.204	0.122	0.945	0.412	0.949	0.125	0.653	0.360	0.806	0.137	0.584	0.414	1.219	0.122	0.962	0.495	0.919	0.126	0.718	0.382	0.840	0.131	0.651	0.427	1.224	0.124	0.961	0.518	1.006	0.128	0.735	0.379	0.865	0.132	0.656	0.455	0.124	1.048	0.942	0.528	0.127	0.695	0.715	0.404	0.132	0.762	0.659	0.432	0.127	1.072	0.951	0.479	0.128	0.707	0.720	0.378	0.139	0.789	0.668	0.487	0.123	0.991	0.933	0.406	0.130	0.681	0.703	0.341	0.129	0.757	0.641	0.418												
25:40:02													1.205	0.122	0.950	0.415	0.955	0.125	0.656	0.361	0.813	0.136	0.588	0.419	1.223	0.122	0.964	0.497	0.931	0.126	0.723	0.375	0.845	0.131	0.655	0.432	1.225	0.124	0.963	0.520	1.011	0.128	0.739	0.384	0.870	0.132	0.659	0.459	0.124	1.050	0.943	0.529	0.127	0.699	0.717	0.403	0.132	0.768	0.663	0.437	0.127	1.075	0.953	0.479	0.128	0.711	0.725	0.383	0.139	0.792	0.672	0.490	0.123	0.994	0.936	0.406	0.130	0.686	0.708	0.343	0.130	0.763	0.647	0.422												
26:00:02													1.206	0.122	0.953	0.419	0.960	0.125	0.659	0.357	0.819	0.137	0.593	0.424	1.227	0.122	0.966	0.501	0.940	0.126	0.727	0.377	0.850	0.131	0.661	0.438	1.226	0.124	0.964	0.520	1.018	0.128	0.742	0.384	0.874	0.132	0.665	0.465	0.124	1.053	0.945	0.531	0.127	0.704	0.718	0.407	0.131	0.775	0.668	0.444	0.127	1.077	0.953	0.478	0.129	0.716	0.730	0.384	0.139	0.794	0.678	0.495	0.123	0.996	0.938	0.405	0.130	0.690	0.711	0.344	0.131	0.767	0.653	0.426												
26:20:02													1.208	0.122	0.957	0.422	0.966	0.125	0.663	0.360	0.825	0.136	0.597	0.428	1.230	0.122	0.968	0.504	0.952	0.126	0.731	0.380	0.855	0.131	0.665	0.442	1.228	0.124	0.964	0.521	1.023	0.128	0.746	0.384	0.878	0.132	0.669	0.469	0.124	1.056	0.946	0.533	0.127	0.710	0.721	0.408	0.132	0.779	0.672	0.449	0.127	1.079	0.954	0.479	0.129	0.718	0.734	0.387	0.139	0.800	0.682	0.498	0.123	0.999	0.941	0.405	0.130	0.696	0.716	0.345	0.130	0.774	0.658	0.431												
26:40:02													1.210	0.122	0.961	0.426	0.973	0.125	0.668	0.356	0.831	0.137	0.602	0.430	1.233	0.122	0.971	0.509	0.959	0.126	0.735	0.377	0.860	0.131	0.670	0.447	1.230	0.124	0.965	0.525	1.030	0.128	0.751	0.388	0.882	0.132	0.674	0.474	0.124	1.058	0.948	0.537	0.127	0.714	0.724	0.407	0.132	0.786	0.676	0.453	0.127	1.083	0.957	0.483	0.129	0.723	0.739	0.387	0.139	0.806	0.686	0.502	0.123	1.000	0.944	0.407	0.130	0.701	0.720	0.345	0.131	0.781	0.664	0.436												
27:00:02													1.211	0.122	0.965	0.431	0.980	0.125	0.672	0.360	0.840	0.136	0.607	0.435	1.237	0.121	0.974	0.514	0.972	0.126	0.740	0.380	0.865	0.131	0.675	0.453	1.231	0.124	0.967	0.528	1.035	0.128	0.755	0.388	0.887	0.132	0.678	0.478	0.124	1.060	0.951	0.541	0.127	0.719	0.727	0.408	0.131	0.792	0.680	0.460	0.127	1.084	0.959	0.485	0.129	0.728	0.743	0.392	0.139	0.807	0.691	0.506	0.123	1.003	0.947	0.408	0.130	0.705	0.725	0.346	0.131	0.786	0.671	0.443												
27:20:02													1.213	0.122	0.969	0.437	0.988	0.125	0.677	0.359	0.846	0.137	0.611	0.437	1.241	0.121	0.977	0.519	0.982	0.126	0.744	0.380	0.871	0.131	0.679	0.457	1.232	0.124	0.969	0.531	1.042	0.128	0.758	0.395	0.891	0.132	0.683	0.482	0.124	1.064	0.953	0.546	0.127	0.723	0.731	0.410	0.131	0.797	0.683	0.465	0.127	1.087	0.962	0.489	0.129	0.733	0.749	0.393	0.139	0.813	0.696	0.510	0.123	1.005	0.950	0.410	0.130	0.711	0.731	0.346	0.130	0.789	0.676	0.450												
27:40:02													1.215	0.122	0.972	0.442	0.994	0.125	0.683	0.359	0.851	0.136	0.617	0.441	1.245	0.122	0.979	0.523	0.990	0.126	0.749	0.384	0.876	0.131	0.684	0.464	1.233	0.124	0.969	0.534	1.047	0.128	0.763	0.394	0.894	0.132	0.688	0.487	0.124	1.066	0.955	0.549	0.127	0.729	0.735	0.412	0.131	0.803	0.688	0.470	0.127	1.090	0.963	0.491	0.129	0.736	0.753	0.390	0.139	0.819	0.700	0.514	0.123	1.007	0.954	0.412	0.130	0.715	0.735	0.347	0.130	0.778	0.682	0.459												
28:00:02													1.218	0.122	0.980	0.452	1.005	0.125	0.692	0.365	0.864	0.138	0.620	0.437	1.250	0.122	0.987	0.533	0.998	0.126	0.756	0.387	0.883	0.131	0.684	0.457	1.238	0.124	0.975	0.543	1.057	0.128	0.769	0.403	0.899	0.133	0.689	0.481	0.124	1.072	0.962	0.557	0.127	0.737	0.741	0.417	0.132	0.806	0.689	0.468	0.126	1.097	0.968	0.501	0.129	0.746	0.758	0.398	0.139	0.824	0.703	0.514	0.123	1.012	0.961	0.417	0.130	0.720	0.742	0.347	0.130	0.782	0.682	0.461												
28:20:02													1.219	0.122	0.979	0.452	1.009	0.125	0.696	0.363	0.864	0.137	0.628	0.450	1.252	0.122	0.985	0.533	1.004	0.126	0.758	0.390	0.885	0.131	0.695	0.473	1.236	0.124	0.973	0.541	1.061	0.128	0.771	0.401	0.901	0.132	0.697	0.493	0.124	1.071	0.959	0.556	0.127	0.738	0.742	0.416	0.131	0.813	0.697	0.479	0.127	1.094	0.968	0.498	0.129	0.746	0.761	0.396	0.139	0.829	0.710	0.520	0.123	1.013	0.960	0.417	0.130	0.723	0.746	0.347	0.130	0.789	0.694	0.476												
28:40:02													1.223	0.122	0.983	0.458	1.016	0.125	0.702	0.365	0.871	0.136	0.634	0.457	1.257	0.122	0.989	0.537	1.013	0.126	0.764	0.391	0.892	0.131	0.700	0.479	1.239	0.125	0.975	0.544	1.068	0.128	0.775	0.405	0.905	0.132	0.703	0.496	0.124	1.075	0.962	0.560	0.128	0.743	0.747	0.418	0.131	0.819	0.702	0.484	0.127	1.097	0.970	0.501	0.129	0.751	0.767	0.398	0.139	0.835	0.716	0.523	0.123	1.018	0.964	0.420	0.130	0.729	0.752	0.347	0.132	0.795	0.701	0.483												
29:00:02													1.226	0.122	0.986	0.463	1.024	0.125	0.708	0.370	0.876	0.138	0.639	0.464	1.261	0.122	0.991	0.542	1.021	0.126	0.769	0.395	0.897	0.132	0.704	0.485	1.240	0.125	0.977	0.548	1.076	0.128	0.779	0.409	0.908	0.132	0.708	0.499	0.124	1.077	0.965	0.565	0.127	0.748	0.751	0.419	0.132	0.824	0.706	0.487	0.127	1.099	0.973	0.505	0.129	0.757	0.771	0.399	0.139	0.839	0.721	0.526	0.123	1.021	0.968	0.423	0.130	0.733	0.758	0.347	0.131	0.800	0.706	0.487												
29:20:02													1.229	0.122	0.990	0.470	1.032	0.125	0.715	0.372	0.882	0.137	0.647	0.472	1.264	0.122	0.995	0.547	1.028	0.126	0.774	0.398	0.902	0.132	0.709	0.490	1.242	0.125	0.979	0.551	1.083	0.128	0.784	0.414	0.912	0.133	0.712	0.501	0.124	1.081	0.967	0.569	0.127	0.754	0.755	0.423	0.132	0.827	0.710	0.491	0.127	1.101	0.976	0.509	0.129	0.762	0.776	0.401	0.139	0.844	0.728	0.527	0.123	1.024	0.971	0.427	0.130	0.737	0.763	0.346	0.132	0.804	0.711	0.491												
29:40:02													1.232	0.122	0.992	0.476	1.040	0.125	0.721	0.375	0.887	0.137	0.653	0.480	1.267	0.122	0.997	0.553	1.036	0.126	0.778	0.394	0.907	0.132	0.714	0.497	1.245	0.125	0.981	0.556	1.091	0.128	0.789	0.418	0.915	0.133	0.718	0.504	0.124	1.084	0.970	0.574	0.127	0.759	0.759	0.425	0.132	0.833	0.715	0.494	0.127	1.104	0.978	0.513	0.129	0.767	0.782	0.402	0.139	0.848	0.733	0.530	0.123	1.027	0.975	0.430	0.130	0.742	0.769	0.346	0.131	0.809	0.717	0.495												
30:00:02													1.234	0.122	0.995	0.483	1.052	0.125	0.727	0.377	0.892	0.138	0.659	0.490	1.270	0.122	1.000	0.558	1.044	0.126	0.782	0.403	0.911	0.132	0.720	0.502	1.246	0.125	0.983	0.559	1.100	0.128	0.793	0.420	0.917	0.133	0.722	0.507	0.124	1.087	0.972	0.578	0.127	0.764	0.763	0.428	0.132	0.838	0.719	0.498	0.127	1.106	0.981	0.517	0.129	0.773	0.787	0.402	0.139	0.853	0.738	0.533	0.123	1.031	0.978	0.434	0.130	0.746	0.774	0.345	0.131	0.812	0.727	0.497												
30:20:02													1.237	0.122	0.998	0.490	1.063	0.125	0.733	0.382	0.898	0.138	0.667	0.500	1.273	0.122	1.003	0.564	1.050	0.126	0.787	0.406	0.916	0.132	0.724	0.508	1.249	0.125	0.985	0.563	1.107	0.128	0.797	0.425	0.921	0.133	0.727	0.509	0.124	1.090	0.974	0.582	0.127	0.768	0.768	0.432	0.132	0.843	0.724	0.502	0.127	1.108	0.983	0.522	0.129	0.776	0.792	0.407	0.139	0.858	0.743	0.535	0.123	1.034	0.981	0.439	0.130	0.750	0.779	0.345	0.131	0.816	0.735	0.499												
30:40:02													1.241	0.122	1.006	0.505	1.072	0.125	0.742	0.392	0.907	0.138	0.675	0.499	1.277	0.122	1.009	0.574	1.065	0.126	0.794	0.408	0.923	0.132	0.725	0.504	1.256	0.124	0.992	0.573	1.116	0.128	0.803	0.435	0.926	0.133	0.728	0.506	0.125	1.097	0.981	0.591	0.127	0.776	0.775	0.436	0.132	0.846	0.725	0.500	0.127	1.114	0.989	0.532	0.129	0.784	0.797	0.410	0.140	0.863	0.745	0.535	0.123	1.040	0.990	0.448	0.130	0.755	0.787	0.345	0.131	0.820	0.741	0.498												
31:00:02													1.241	0.122	1.004	0.505	1.075	0.125	0.744	0.389	0.906	0.138	0.687	0.518	1.278	0.122	1.007	0.574	1.073	0.126	0.796	0.415	0.925	0.133	0.733	0.521	1.255	0.125	0.990	0.570	1.117	0.128	0.805	0.432	0.927	0.133	0.737	0.514	0.124	1.097	0.978	0.590	0.128	0.776	0.776	0.437	0.132	0.852	0.733	0.509	0.127	1.111	0.988	0.530	0.129	0.785	0.801	0.406	0.139	0.868	0.754	0.539	0.123	1.042	0.987	0.447	0.130	0.759	0.791	0.344	0.130	0.825	0.755	0.503												
31:20:02													1.244	0.122	1.010	0.520	1.086	0.125	0.754	0.402	0.916	0.138	0.692	0.518	1.282	0.122	1.014	0.584	1.081	0.126	0.803	0.415	0.932	0.133	0.734	0.518	1.261	0.124	0.995	0.580	1.128	0.128	0.811	0.442	0.933	0.133	0.738	0.511	0.125	1.103	0.985	0.599	0.127	0.784	0.783	0.443	0.132	0.856	0.734	0.507	0.127	1.118	0.993	0.542	0.129	0.794	0.807	0.414	0.140	0.871	0.756	0.540	0.123	1.047	0.995	0.457	0.130	0.764	0.797	0.344	0.131	0.828	0.760	0.503												
31:40:02													1.245	0.122	1.010	0.520	1.090	0.125	0.757	0.398	0.916	0.136	0.707	0.531	1.283	0.122	1.013	0.585	1.083	0.126	0.806	0.419	0.934	0.132	0.743	0.533	1.261	0.125	0.994	0.578	1.129	0.128	0.814	0.439	0.935	0.133	0.746	0.519	0.124	1.104	0.983	0.598	0.127	0.784	0.784	0.442	0.132	0.862	0.743	0.517	0.127	1.116	0.994	0.540	0.129	0.795	0.811	0.414	0.139	0.876	0.765	0.544	0.123	1.048	0.993	0.457	0.130	0.767	0.801	0.344	0.131	0.834	0.775	0.508												
32:00:02													1.248	0.122	1.013	0.527	1.096	0.125	0.764	0.406	0.921	0.137	0.719	0.537	1.286	0.122	1.016	0.590	1.089	0.126	0.810	0.421	0.938	0.132	0.748	0.539	1.263	0.125	0.996	0.582	1.133	0.128	0.818	0.443	0.939	0.133	0.752	0.522	0.124	1.107	0.985	0.603	0.127	0.788	0.788	0.445	0.132	0.866	0.748	0.520	0.127	1.118	0.997	0.544	0.129	0.800	0.817	0.415	0.139	0.881	0.770	0.546	0.123	1.051	0.998	0.464	0.130	0.772	0.807	0.343	0.131	0.838	0.785	0.509												
32:20:02													1.250	0.122	1.016	0.534	1.102	0.125	0.769	0.407	0.925	0.136	0.732	0.541	1.289	0.122	1.020	0.596	1.092	0.126	0.816	0.427	0.943	0.132	0.753	0.544	1.265	0.125	0.998	0.585	1.136	0.128	0.822	0.445	0.943	0.133	0.757	0.525	0.124	1.112	0.988	0.608	0.127	0.793	0.792	0.448	0.132	0.871	0.753	0.524	0.127	1.120	1.000	0.548	0.129	0.806	0.821	0.415	0.139	0.886	0.778	0.547	0.123	1.054	1.001	0.470	0.130	0.776	0.813	0.343	0.130	0.843	0.796	0.511												
32:40:02													1.252	0.122	1.019	0.540	1.107	0.125	0.774	0.412	0.929	0.136	0.742	0.545	1.292	0.122	1.022	0.600	1.097	0.126	0.820	0.425	0.947	0.132	0.758	0.549	1.266	0.125	0.999	0.589	1.139	0.128	0.826	0.448	0.946	0.133	0.763	0.527	0.124	1.114	0.990	0.610	0.127	0.797	0.796	0.450	0.131	0.877	0.758	0.527	0.127	1.122	1.002	0.551	0.129	0.810	0.826	0.417	0.139	0.892	0.787	0.548	0.123	1.057	1.004	0.476	0.130	0.780	0.825	0.342	0.130	0.847	0.802	0.513												
33:00:02													1.257	0.122	1.027	0.553	1.117	0.126	0.785	0.423	0.938	0.138	0.746	0.551	1.298	0.122	1.030	0.608	1.104	0.126	0.827	0.433	0.954	0.132	0.760	0.548	1.273	0.125	1.006	0.597	1.146	0.128	0.833	0.458	0.953	0.133	0.765	0.527	0.125	1.122	0.998	0.618	0.128	0.805	0.804	0.453	0.132	0.881	0.759	0.525	0.127	1.129	1.009	0.562	0.129	0.817	0.831	0.425	0.140	0.894	0.796	0.549	0.123	1.062	1.014	0.488	0.130	0.785	0.837	0.343	0.132	0.852	0.802	0.514												
33:20:02													1.260	0.122	1.029	0.560	1.121	0.126	0.794	0.425	0.942	0.137	0.751	0.561	1.300	0.122	1.032	0.613	1.107	0.127	0.831	0.443	0.957	0.132	0.765	0.551	1.274	0.125	1.008	0.601	1.149	0.128	0.836	0.462	0.957	0.133	0.771	0.529	0.125	1.125	1.000	0.623	0.128	0.809	0.808	0.454	0.132	0.885	0.764	0.529	0.127	1.131	1.012	0.566	0.129	0.822	0.836	0.426	0.140	0.900	0.803	0.550	0.123	1.065	1.016	0.494	0.130	0.789	0.846	0.342	0.130	0.857	0.804	0.516												
33:40:02													1.261	0.122	1.029	0.559	1.120	0.126	0.803	0.424	0.942	0.137	0.758	0.568	1.302	0.122	1.032	0.614	1.110	0.126	0.836	0.436	0.958	0.132	0.779	0.557	1.273	0.125	1.006	0.601	1.147	0.128	0.838	0.459	0.959	0.133	0.781	0.537	0.124	1.125	0.998	0.624	0.128	0.809	0.809	0.452	0.132	0.890	0.773	0.536	0.127	1.129	1.012	0.566	0.129	0.824	0.840	0.422	0.140	0.907	0.814	0.551	0.123	1.066	1.015	0.497	0.131	0.793	0.854	0.341	0.131	0.863	0.809	0.522												
34:00:02													1.263	0.122	1.032	0.567	1.123	0.126	0.814	0.428	0.946	0.137	0.758	0.570	1.305	0.122	1.034	0.619	1.115	0.126	0.847	0.437	0.963	0.132	0.788	0.560	1.275	0.125	1.008	0.603	1.149	0.128	0.847	0.461	0.963	0.133	0.791	0.539	0.124	1.127	1.000	0.627	0.128	0.813	0.814	0.454	0.132	0.895	0.779	0.539	0.127	1.131	1.015	0.569	0.129	0.828	0.847	0.426	0.140	0.909	0.822	0.552	0.123	1.069	1.018	0.503	0.131	0.797	0.860	0.341	0.131	0.868	0.807	0.531												
34:20:02													1.266	0.122	1.036	0.571	1.125	0.126	0.822	0.434	0.950	0.137	0.756	0.574	1.308	0.122	1.038	0.623	1.119	0.126	0.856	0.441	0.967	0.133	0.795	0.562	1.276	0.125	1.011	0.607	1.151	0.128	0.856	0.463	0.967	0.133	0.800	0.542	0.124	1.130	1.003	0.631	0.128	0.818	0.819	0.455	0.132	0.901	0.787	0.542	0.127	1.133	1.018	0.573	0.129	0.833	0.856	0.427	0.139	0.915	0.830	0.554	0.123	1.072	1.022	0.510	0.131	0.802	0.865	0.341	0.131	0.873	0.806	0.536												
34:40:02													1.268	0.122	1.038	0.576	1.125	0.126	0.831	0.437	0.954	0.137	0.754	0.573	1.311	0.122	1.040	0.627	1.123	0.126	0.863	0.445	0.970	0.132	0.799	0.563	1.278	0.125	1.013	0.610	1.152	0.128	0.863	0.465	0.971	0.133	0.805	0.544	0.124	1.132	1.005	0.634	0.128	0.822	0.828	0.455	0.132	0.905	0.797	0.544	0.127	1.134	1.020	0.578	0.129	0.837	0.864	0.430	0.139	0.919	0.836	0.553	0.123	1.074	1.024	0.515	0.130	0.805	0.868	0.341	0.130	0.877	0.804	0.538												
35:00:02													1.272	0.122	1.042	0.581	1.125	0.126	0.840	0.442	0.959	0.137	0.752	0.574	1.314	0.122	1.042	0.631	1.127	0.126	0.869	0.449	0.974	0.132	0.804	0.565	1.280	0.125	1.015	0.613	1.154	0.128	0.870	0.469	0.975	0.133	0.809	0.546	0.124	1.135	1.008	0.638	0.128	0.826	0.838	0.456	0.132	0.911	0.804	0.547	0.127	1.136	1.023	0.581	0.129	0.842	0.870	0.431	0.139	0.923	0.840	0.554	0.123	1.076	1.027	0.523	0.131	0.810	0.870	0.341	0.130	0.882	0.803	0.538												
35:20:02													1.274	0.122	1.044	0.588	1.125	0.126	0.847	0.442	0.964	0.139	0.750	0.575	1.317	0.122	1.045	0.635	1.131	0.126	0.875	0.453	0.977	0.132	0.807	0.571	1.283	0.125	1.018	0.617	1.156	0.128	0.875	0.471	0.979	0.133	0.812	0.548	0.124	1.138	1.010	0.641	0.128	0.831	0.845	0.457	0.132	0.916	0.810	0.550	0.127	1.138	1.025	0.586	0.129	0.847	0.876	0.430	0.139	0.929	0.844	0.561	0.123	1.079	1.030	0.528	0.130	0.815	0.871	0.342	0.131	0.887	0.801	0.538												
35:40:02													1.277	0.122	1.048	0.595	1.125	0.126	0.851	0.445	0.970	0.139	0.748	0.574	1.321	0.122	1.049	0.640	1.135	0.126	0.879	0.457	0.981	0.132	0.811	0.573	1.285	0.125	1.020	0.620	1.157	0.128	0.880	0.473	0.982	0.133	0.814	0.549	0.124	1.140	1.012	0.643	0.127	0.835	0.851	0.458	0.131	0.921	0.814	0.553	0.127	1.140	1.028	0.590	0.129	0.851	0.882	0.436	0.139	0.933	0.848	0.560	0.123	1.081	1.033	0.535	0.130	0.819	0.872	0.343	0.131	0.891	0.799	0.537												
36:00:02													1.280	0.122	1.051	0.601	1.123	0.126	0.852	0.448	0.978	0.138	0.746	0.576	1.324	0.122	1.051	0.644	1.139	0.126	0.883	0.460	0.985	0.132	0.812	0.572	1.287	0.125	1.022	0.624	1.159	0.128	0.883	0.475	0.987	0.133	0.816	0.553	0.124	1.143	1.015	0.646	0.127	0.840	0.854	0.458	0.131	0.925	0.817	0.555	0.127	1.142	1.030	0.593	0.129	0.856	0.885	0.437	0.140	0.939	0.851	0.558	0.123	1.083	1.037	0.540	0.130	0.824	0.869	0.344	0.131	0.896	0.797	0.534												
36:20:02													1.283	0.122	1.053	0.607	1.123	0.126	0.849	0.453	0.986	0.138	0.745	0.576	1.327	0.122	1.054	0.648	1.143	0.126	0.884	0.464	0.989	0.133	0.810	0.571	1.289	0.125	1.025	0.627	1.160	0.128	0.885	0.477	0.990	0.133	0.818	0.554	0.124	1.145	1.018	0.649	0.127	0.843	0.860	0.460	0.131	0.929	0.821	0.567	0.127	1.143	1.032	0.597	0.129	0.860	0.886	0.437	0.139	0.942	0.851	0.556	0.123	1.086	1.040	0.544	0.130	0.828	0.865	0.345	0.131	0.902	0.796	0.533												
36:40:02													1.285	0.122	1.057	0.614	1.122	0.126	0.844	0.459	0.993	0.137	0.743	0.574	1.329	0.122	1.056	0.651	1.145	0.126	0.884	0.471	0.992	0.132	0.808	0.569	1.290	0.125	1.027	0.629	1.161	0.128	0.886	0.480	0.994	0.133	0.820	0.553	0.124	1.147	1.020	0.651	0.128	0.848	0.868	0.461	0.132	0.934	0.823	0.569	0.127	1.145	1.034	0.600	0.129	0.865	0.885	0.442	0.139	0.947	0.850	0.553	0.123	1.088	1.043	0.548	0.131	0.832	0.861	0.346	0.131	0.905	0.794	0.531												
37:00:02													1.288	0.122	1.060	0.620	1.121	0.126	0.839	0.460	0.998	0.137	0.741	0.572	1.332	0.122	1.059	0.654	1.146	0.126	0.882	0.480	0.995	0.132	0.806	0.566	1.292	0.125	1.029	0.632	1.162	0.128	0.887	0.485	0.998	0.133	0.821	0.551	0.124	1.149	1.022	0.654	0.127	0.852	0.871	0.462	0.132	0.938	0.825	0.569	0.127	1.147	1.036	0.603	0.129	0.870	0.884	0.441	0.139	0.952	0.846	0.549	0.123	1.090	1.046	0.553	0.130	0.837	0.859	0.348	0.131	0.910	0.793	0.529												
37:20:02													1.292	0.122	1.064	0.625	1.121	0.126	0.836	0.462	1.003	0.138	0.740	0.572	1.336	0.122	1.062	0.658	1.149	0.126	0.880	0.486	1.000	0.133	0.805	0.565	1.295	0.125	1.032	0.636	1.164	0.128	0.887	0.490	1.003	0.133	0.821	0.549	0.125	1.152	1.025	0.657	0.128	0.858	0.873	0.463	0.132	0.944	0.827	0.568	0.127	1.150	1.040	0.607	0.129	0.875	0.883	0.445	0.140	0.958	0.845	0.546	0.123	1.093	1.050	0.560	0.131	0.842	0.856	0.351	0.132	0.916	0.792	0.528												
37:40:02													1.295	0.122	1.067	0.628	1.120	0.126	0.833	0.462	1.005	0.138	0.739	0.572	1.340	0.122	1.065	0.661	1.152	0.126	0.877	0.489	1.003	0.132	0.803	0.564	1.296	0.125	1.035	0.639	1.166	0.128	0.887	0.493	1.007	0.133	0.820	0.547	0.125	1.154	1.029	0.659	0.128	0.862	0.874	0.464	0.131	0.949	0.828	0.567	0.127	1.152	1.042	0.611	0.129	0.880	0.882	0.449	0.140	0.963	0.844	0.544	0.123	1.096	1.054	0.567	0.130	0.847	0.854	0.355	0.132	0.922	0.791	0.527												
38:00:02													1.297	0.122	1.069	0.631	1.118	0.126	0.830	0.463	1.005	0.139	0.737	0.572	1.343	0.122	1.067	0.665	1.154	0.126	0.874	0.493	1.006	0.133	0.800	0.562	1.298	0.125	1.037	0.641	1.166	0.128	0.886	0.493	1.010	0.133	0.818	0.543	0.125	1.156	1.031	0.662	0.128	0.867	0.875	0.473	0.132	0.953	0.827	0.565	0.127	1.154	1.044	0.613	0.129	0.884	0.881	0.454	0.139	0.968	0.841	0.542	0.123	1.097	1.057	0.573	0.131	0.852	0.851	0.359	0.132	0.925	0.790	0.526												
38:20:02													1.300	0.122	1.071	0.634	1.116	0.126	0.827	0.463	1.004	0.139	0.735	0.572	1.345	0.122	1.069	0.668	1.155	0.126	0.871	0.494	1.009	0.132	0.798	0.560	1.298	0.125	1.038	0.642	1.167	0.128	0.884	0.493	1.013	0.133	0.816	0.541	0.125	1.157	1.033	0.663	0.128	0.871	0.875	0.477	0.132	0.959	0.825	0.562	0.127	1.155	1.045	0.616	0.129	0.888	0.880	0.460	0.139	0.971	0.839	0.539	0.123	1.099	1.060	0.581	0.130	0.857	0.849	0.364	0.130	0.929	0.789	0.524												
38:40:02													1.303	0.122	1.074	0.638	1.115	0.126	0.825	0.466	1.005	0.139	0.734	0.572	1.349	0.122	1.073	0.672	1.157	0.127	0.870	0.496	1.014	0.133	0.797	0.559	1.300	0.125	1.040	0.645	1.168	0.128	0.884	0.495	1.017	0.133	0.815	0.539	0.125	1.161	1.036	0.666	0.128	0.875	0.875	0.482	0.133	0.963	0.823	0.560	0.127	1.158	1.048	0.619	0.129	0.893	0.880	0.462	0.139	0.978	0.838	0.537	0.123	1.103	1.064	0.588	0.131	0.862	0.849	0.369	0.131	0.934	0.788	0.524												
39:00:02													1.306	0.122	1.076	0.640	1.113	0.126	0.823	0.462	1.004	0.139	0.733	0.572	1.352	0.122	1.075	0.675	1.159	0.126	0.868	0.496	1.019	0.133	0.796	0.557	1.302	0.125	1.042	0.647	1.168	0.128	0.882	0.494	1.021	0.133	0.814	0.536	0.125	1.162	1.037	0.668	0.128	0.880	0.875	0.484	0.132	0.968	0.822	0.558	0.127	1.160	1.050	0.622	0.129	0.897	0.880	0.463	0.139	0.982	0.835	0.535	0.123	1.105	1.066	0.591	0.130	0.867	0.847	0.373	0.131	0.937	0.786	0.522												
39:20:02													1.308	0.122	1.083	0.642	1.112	0.126	0.821	0.463	1.002	0.139	0.731	0.572	1.355	0.122	1.078	0.678	1.159	0.126	0.866	0.495	1.023	0.133	0.794	0.556	1.303	0.125	1.044	0.650	1.169	0.128	0.880	0.492	1.024	0.133	0.812	0.533	0.125	1.164	1.039	0.671	0.128	0.884	0.875	0.486	0.132	0.973	0.819	0.555	0.127	1.162	1.052	0.625	0.129	0.902	0.880	0.466	0.139	0.986	0.833	0.532	0.123	1.107	1.068	0.597	0.130	0.871	0.846	0.377	0.130	0.944	0.785	0.522												
39:40:02													1.311	0.122	1.085	0.645	1.110	0.126	0.819	0.463	1.001	0.139	0.730	0.571	1.357	0.122	1.081	0.680	1.159	0.127	0.865	0.495	1.027	0.133	0.793	0.555	1.305	0.125	1.047	0.653	1.171	0.128	0.878	0.491	1.028	0.133	0.811	0.531	0.125	1.166	1.041	0.674	0.128	0.888	0.875	0.486	0.132	0.977	0.818	0.553	0.127	1.164	1.055	0.628	0.129	0.906	0.880	0.467	0.139	0.991	0.831	0.530	0.123	1.110	1.071	0.600	0.131	0.876	0.844	0.380	0.131	0.948	0.785	0.521												
40:00:02													1.314	0.122	1.086	0.651	1.109	0.126	0.818	0.461	1.000	0.138	0.728	0.571	1.361	0.122	1.083	0.682	1.159	0.127	0.864	0.495	1.030	0.133	0.792	0.554	1.307	0.125	1.049	0.656	1.172	0.128	0.876	0.490	1.031	0.133	0.809	0.530	0.125	1.168	1.044	0.676	0.128	0.892	0.874	0.486	0.132	0.981	0.815	0.551	0.127	1.166	1.057	0.632	0.129	0.911	0.881	0.472	0.139	0.995	0.830	0.527	0.123	1.113	1.073	0.604	0.131	0.881	0.843	0.383	0.131	0.953	0.783	0.521												
40:20:02													1.316	0.122	1.089	0.667	1.107	0.126	0.817	0.462	0.999	0.139	0.727	0.571	1.364	0.122	1.085	0.684	1.159	0.126	0.863	0.495	1.033	0.133	0.791	0.553	1.308	0.125	1.052	0.658	1.173	0.128	0.875	0.489	1.036	0.133	0.808	0.528	0.125	1.171	1.047	0.679	0.128	0.897	0.874	0.488	0.132	0.985	0.813	0.549	0.127	1.168	1.059	0.634	0.129	0.915	0.881	0.472	0.139	1.000	0.828	0.525	0.123	1.116	1.076	0.607	0.130	0.886	0.842	0.385	0.132	0.957	0.781	0.520												
40:40:03													1.320	0.122	1.094	0.673	1.110	0.126	0.818	0.463	1.001	0.139	0.725	0.568	1.368	0.122	1.091	0.688	1.161	0.127	0.864	0.496	1.038	0.133	0.788	0.552	1.313	0.125	1.057	0.663	1.178	0.128	0.877	0.491	1.040	0.133	0.805	0.527	0.125	1.176	1.054	0.684	0.128	0.905	0.876	0.489	0.132	0.987	0.809	0.548	0.127	1.174	1.064	0.641	0.129	0.923	0.882	0.475	0.140	1.004	0.826	0.526	0.123	1.120	1.085	0.613	0.130	0.892	0.843	0.393	0.130	0.960	0.778	0.522												
41:00:03													1.322	0.122	1.092	0.670	1.103	0.126	0.814	0.463	0.996	0.139	0.724	0.570	1.369	0.122	1.089	0.687	1.157	0.127	0.862	0.494	1.037	0.133	0.789	0.553	1.312	0.125	1.055	0.663	1.173	0.128	0.873	0.487	1.041	0.133	0.805	0.526	0.125	1.174	1.052	0.684	0.128	0.905	0.874	0.487	0.132	0.993	0.810	0.547	0.127	1.172	1.064	0.640	0.129	0.923	0.881	0.469	0.140	1.008	0.825	0.523	0.124	1.121	1.086	0.612	0.131	0.897	0.840	0.391	0.132	0.966	0.779	0.521												
41:20:03													1.326	0.122	1.093	0.669	1.103	0.126	0.813	0.462	0.995	0.139	0.723	0.571	1.373	0.122	1.092	0.689	1.157	0.127	0.862	0.494	1.040	0.133	0.788	0.552	1.314	0.125	1.059	0.665	1.175	0.128	0.872	0.487	1.046	0.133	0.805	0.525	0.125	1.177	1.055	0.687	0.128	0.909	0.874	0.486	0.132	0.999	0.809	0.546	0.127	1.174	1.067	0.643	0.129	0.928	0.881	0.469	0.140	1.013	0.825	0.522	0.124	1.125	1.089	0.617	0.131	0.902	0.840	0.394	0.131	0.968	0.778	0.522												
41:40:03													1.329	0.122	1.093	0.667	1.101	0.126	0.812	0.462	0.994	0.139	0.721	0.571	1.375	0.122	1.094	0.690	1.157	0.127	0.862	0.493	1.042	0.133	0.788	0.552	1.316	0.125	1.061	0.667	1.175	0.128	0.872	0.487	1.050	0.133	0.804	0.524	0.125	1.180	1.057	0.689	0.128	0.914	0.871	0.488	0.132	1.003	0.808	0.545	0.127	1.177	1.070	0.646	0.129	0.932	0.880	0.469	0.140	1.017	0.824	0.520	0.124	1.128	1.091	0.623	0.131	0.908	0.838	0.397	0.131	0.975	0.777	0.523												
42:00:03													1.332	0.122	1.092	0.665	1.100	0.126	0.811	0.460	0.993	0.139	0.720	0.570	1.379	0.122	1.096	0.691	1.157	0.127	0.862	0.492	1.044	0.133	0.787	0.552	1.318	0.125	1.063	0.670	1.175	0.128	0.871	0.486	1.057	0.133	0.803	0.523	0.125	1.183	1.061	0.692	0.128	0.918	0.870	0.486	0.132	1.008	0.806	0.544	0.127	1.179	1.072	0.648	0.129	0.937	0.880	0.471	0.140	1.021	0.823	0.519	0.124	1.131	1.094	0.632	0.131	0.914	0.838	0.399	0.132	0.978	0.776	0.524												
42:20:03													1.335	0.122	1.091	0.663	1.098	0.126	0.809	0.462	0.992	0.139	0.719	0.570	1.382	0.122	1.098	0.692	1.156	0.127	0.861	0.491	1.046	0.133	0.786	0.552	1.320	0.125	1.066	0.672	1.174	0.128	0.870	0.485	1.062	0.133	0.803	0.523	0.125	1.185	1.063	0.693	0.128	0.922	0.870	0.487	0.132	1.011	0.805	0.543	0.127	1.181	1.075	0.650	0.129	0.942	0.879	0.467	0.140	1.024	0.822	0.518	0.124	1.133	1.095	0.638	0.131	0.919	0.836	0.400	0.131	0.980	0.774	0.524												
42:40:03													1.337	0.122	1.090	0.661	1.097	0.126	0.809	0.459	0.991	0.139	0.718	0.570	1.384	0.122	1.101	0.693	1.155	0.127	0.861	0.490	1.049	0.133	0.785	0.551	1.322	0.125	1.067	0.674	1.174	0.128	0.870	0.484	1.065	0.133	0.802	0.522	0.125	1.188	1.066	0.695	0.128	0.926	0.870	0.485	0.131	1.014	0.803	0.542	0.127	1.183	1.077	0.653	0.129	0.945	0.877	0.467	0.139	1.028	0.821	0.516	0.123	1.136	1.095	0.638	0.130	0.922	0.836	0.401	0.131	0.986	0.773	0.524												
43:00:03													1.341	0.122	1.092	0.661	1.099	0.126	0.811	0.462	0.994	0.139	0.717	0.566	1.389	0.122	1.111	0.697	1.157	0.127	0.862	0.491	1.053	0.133	0.784	0.549	1.327	0.125	1.074	0.678	1.179	0.128	0.872	0.487	1.070	0.134	0.800	0.521	0.125	1.193	1.072	0.699	0.128	0.935	0.872	0.487	0.133	1.016	0.800	0.541	0.127	1.190	1.082	0.657	0.129	0.953	0.877	0.472	0.140	1.030	0.819	0.516	0.124	1.140	1.099	0.637	0.130	0.927	0.836	0.405	0.131	0.988	0.769	0.525												
43:20:03													1.344	0.122	1.089	0.657	1.094	0.126	0.807	0.461	0.989	0.139	0.716	0.566	1.390	0.122	1.108	0.698	1.153	0.127	0.859	0.489	1.052	0.133	0.784	0.550	1.327	0.125	1.073	0.678	1.172	0.128	0.869	0.484	1.071	0.133	0.801	0.520	0.125	1.192	1.071	0.698	0.128	0.935	0.870	0.484	0.131	1.021	0.801	0.540	0.127	1.188	1.082	0.656	0.129	0.953	0.874	0.468	0.139	1.035	0.818	0.514	0.124	1.141	1.094	0.634	0.131	0.931	0.834	0.403	0.131	0.992	0.771	0.525												
43:40:03													1.347	0.122	1.088	0.655	1.092	0.126	0.806	0.459	0.989	0.139	0.714	0.565	1.394	0.122	1.111	0.703	1.153	0.127	0.859	0.488	1.053	0.133	0.782	0.549	1.329	0.125	1.076	0.679	1.171	0.128	0.868	0.484	1.074	0.133	0.801	0.519	0.125	1.195	1.073	0.700	0.128	0.939	0.870	0.483	0.132	1.025	0.800	0.539	0.127	1.190	1.084	0.658	0.129	0.958	0.873	0.468	0.140	1.039	0.817	0.513	0.124	1.144	1.094	0.632	0.131	0.936	0.833	0.404	0.131	0.994	0.770	0.525												
44:00:03													1.350	0.122	1.086	0.653	1.091	0.126	0.805	0.460	0.988	0.139	0.713	0.564	1.397	0.122	1.113	0.708	1.152	0.126	0.858	0.488	1.054	0.133	0.782	0.549	1.330	0.125	1.078	0.680	1.171	0.128	0.867	0.483	1.076	0.133	0.799	0.518	0.125	1.197	1.076	0.701	0.128	0.943	0.868	0.482	0.132	1.027	0.799	0.538	0.127	1.191	1.086	0.659	0.129	0.962	0.871	0.467	0.139	1.042	0.816	0.512	0.124	1.147	1.093	0.629	0.130	0.939	0.832	0.405	0.131	0.999	0.768	0.525												
44:20:03													1.353	0.122	1.085	0.651	1.090	0.126	0.804	0.459	0.987	0.139	0.711	0.564	1.400	0.122	1.114	0.712	1.151	0.127	0.857	0.487	1.055	0.133	0.781	0.549	1.333	0.125	1.081	0.682	1.170	0.128	0.867	0.482	1.079	0.133	0.799	0.518	0.125	1.199	1.078	0.702	0.128	0.948	0.867	0.482	0.132	1.030	0.799	0.538	0.127	1.194	1.088	0.661	0.129	0.966	0.870	0.468	0.140	1.044	0.816	0.512	0.124	1.149	1.092	0.627	0.130	0.944	0.831	0.405	0.132	1.002	0.767	0.526												
44:40:03													1.356	0.122	1.084	0.650	1.089	0.126	0.803	0.458	0.988	0.139	0.711	0.564	1.403	0.122	1.115	0.712	1.150	0.127	0.856	0.486	1.056	0.133	0.781	0.550	1.335	0.125	1.083	0.683	1.170	0.128	0.866	0.482	1.081	0.133	0.798	0.518	0.125	1.202	1.081	0.704	0.128	0.952	0.868	0.482	0.132	1.033	0.797	0.537	0.127	1.196	1.091	0.662	0.129	0.971	0.868	0.466	0.139	1.048	0.815	0.512	0.124	1.152	1.092	0.624	0.131	0.947	0.830	0.406	0.131	1.007	0.766	0.526												
45:00:03													1.359	0.122	1.083	0.648	1.088	0.126	0.802	0.458	0.986	0.139	0.710	0.563	1.407	0.122	1.116	0.711	1.149	0.127	0.855	0.486	1.057	0.133	0.780	0.550	1.337	0.125	1.086	0.684	1.168	0.128	0.865	0.482	1.083	0.133	0.798	0.517	0.125	1.204	1.088	0.706	0.128	0.955	0.867	0.484	0.132	1.036	0.796	0.537	0.127	1.198	1.093	0.664	0.129	0.974	0.867	0.466	0.140	1.051	0.815	0.511	0.124	1.154	1.091	0.622	0.131	0.951	0.829	0.406	0.132	1.001	0.765	0.527												
45:20:03													1.362	0.122	1.082	0.646	1.087	0.126	0.800	0.457	0.985	0.139	0.709	0.563	1.410	0.122	1.117	0.710	1.148	0.127	0.854	0.485	1.058	0.133	0.780	0.551	1.339	0.125	1.088	0.686	1.168	0.128	0.865	0.482	1.086	0.133	0.798	0.517	0.125	1.206	1.088	0.708	0.128	0.959	0.866	0.481	0.132	1.039	0.796	0.536	0.127	1.200	1.100	0.665	0.129	0.978	0.866	0.467	0.139	1.054	0.814	0.510	0.124	1.157	1.091	0.620	0.131	0.955	0.828	0.407	0.131	1.005	0.764	0.527												
45:40:03													1.365	0.122	1.081	0.645	1.085	0.126	0.800	0.457	0.985	0.139	0.708	0.562	1.415	0.122	1.117	0.709	1.147	0.127	0.854	0.485	1.059	0.133	0.779	0.552	1.342	0.125	1.090	0.686	1.167	0.128	0.864	0.482	1.088	0.133	0.797	0.516	0.125	1.208	1.089	0.714	0.128	0.963	0.865	0.482	0.132	1.042	0.796	0.535	0.127	1.202	1.103	0.667	0.129	0.981	0.865	0.466	0.139	1.056	0.814	0.510	0.124	1.160	1.089	0.618	0.131	0.959	0.828	0.407	0.130	1.009	0.763	0.526												
46:00:03													1.369	0.122	1.081	0.644	1.086	0.126	0.799	0.457	0.984	0.139	0.707	0.561	1.420	0.122	1.118	0.709	1.148	0.127	0.853	0.484	1.061	0.133	0.779	0.553	1.344	0.125	1.093	0.688	1.167	0.128	0.863	0.482	1.091	0.134	0.797	0.516	0.125	1.212	1.090	0.717	0.128	0.967	0.866	0.483	0.132	1.045	0.796	0.535	0.127	1.206	1.105	0.670	0.129	0.985	0.864	0.463	0.140	1.059	0.813	0.510	0.124	1.163	1.089	0.617	0.131	0.964	0.827	0.407	0.131	1.014	0.762	0.526												
46:20:03													1.373	0.122	1.080	0.643	1.084	0.126	0.797	0.457	0.984	0.139	0.707	0.561	1.424	0.122	1.118	0.708	1.147	0.127	0.853	0.484	1.062	0.133	0.778	0.554	1.347	0.125	1.095	0.689	1.167	0.128	0.863	0.482	1.092	0.134	0.797	0.516	0.125	1.214	1.091	0.724	0.128	0.971	0.865	0.481	0.132	1.048	0.796	0.535	0.127	1.208	1.106	0.675	0.129	0.989	0.863	0.464	0.140	1.062	0.813	0.510	0.124	1.166	1.089	0.616	0.131	0.968	0.826	0.407	0.131	1.017	0.762	0.527												
46:40:03													1.376	0.122	1.079	0.641	1.083	0.126	0.796	0.457	0.984	0.139	0.706	0.561	1.427	0.122	1.118	0.706	1.145	0.127	0.851	0.483	1.062	0.133	0.777	0.555	1.349	0.125	1.099	0.690	1.165	0.128	0.862	0.482	1.093	0.134	0.797	0.516	0.125	1.216	1.091	0.729	0.128	0.973	0.864	0.481	0.133	1.050	0.794	0.534	0.127	1.210	1.108	0.684	0.129	0.991	0.862	0.464	0.140	1.064	0.812	0.510	0.124	1.168	1.088	0.614	0.131	0.970	0.825	0.408	0.131	1.019	0.760	0.526												
47:00:03													1.379	0.122	1.079	0.641	1.083	0.126	0.795	0.456	0.983	0.139	0.705	0.560	1.430	0.122	1.118	0.705	1.144	0.127	0.850	0.482	1.063	0.133	0.777	0.556	1.351	0.125	1.105	0.691	1.165	0.128	0.861	0.483	1.094	0.134	0.796	0.516	0.125	1.218	1.091	0.730	0.128	0.976	0.863	0.481	0.132	1.054	0.794	0.533	0.127	1.212	1.108	0.688	0.129	0.993	0.861	0.463	0.140	1.066	0.811	0.510	0.124	1.171	1.087	0.612	0.131	0.973	0.825	0.408	0.131	1.024	0.760	0.526												
47:20:03													1.384	0.122	1.079	0.640	1.083	0.126	0.795	0.457	0.983	0.139	0.704	0.560	1.435	0.122	1.118	0.704	1.145	0.127	0.850	0.482	1.064	0.133	0.776	0.558	1.354	0.125	1.106	0.695	1.165	0.128	0.861	0.481	1.095	0.134	0.796	0.516	0.125	1.221	1.093	0.731	0.128	0.980	0.863	0.480	0.132	1.057	0.794	0.534	0.127	1.215	1.110	0.689	0.129	0.997	0.861	0.464	0.140	1.070	0.811	0.510	0.124	1.174	1.087	0.611	0.131	0.978	0.824	0.408	0.132	1.030	0.759	0.526												
47:40:03													1.387	0.122	1.076	0.638	1.082	0.126	0.793	0.456	0.982	0.139	0.703	0.559	1.437	0.122	1.117	0.703	1.143	0.127	0.848	0.482	1.064	0.133	0.776	0.560	1.355	0.125	1.106	0.699	1.163	0.128	0.859	0.481	1.095	0.134	0.796	0.515	0.125	1.223	1.093	0.730	0.128	0.983	0.862	0.480	0.132	1.059	0.793	0.533	0.127	1.217	1.110	0.688	0.129	0.999	0.859	0.462	0.140	1.072	0.810	0.510	0.124	1.176	1.086	0.609	0.131	0.983	0.823	0.409	0.131	1.039	0.758	0.525												
48:00:03													1.391	0.122	1.080	0.639	1.086	0.126	0.794	0.458	0.984	0.139	0.702	0.558	1.440	0.122	1.120	0.705	1.145	0.127	0.850	0.483	1.067	0.133	0.773	0.559	1.359	0.125	1.109	0.705	1.167	0.128	0.862	0.484	1.098	0.134	0.794	0.516	0.126	1.228	1.098	0.732	0.128	0.990	0.863	0.482	0.133	1.060	0.791	0.533	0.127	1.223	1.113	0.690	0.129	1.005	0.859	0.464	0.140	1.072	0.809	0.511	0.124	1.180	1.089	0.610	0.130	0.992	0.824	0.411	0.131	1.044	0.754	0.525												

