Field Group

Plate Comment:	
Procedure Summary
  Plate Type:              Corning 96 well for LogPhase600
  Plate Number:            2
  Discontinuous Kinetics:  Runtime 02:00:00 (D:HH:MM), Interval 00:20:00 (HH:MM:SS), 145 Reads (max)
  Read:                    600 nm
  Incubator:               On
    Temperature setpoint:  30 °C
    Temperature gradient:  Off
  Shaking:                 On
     Shaking frequency:    600 RPMs		
			
			

600

Time	A1	A2	A3	A4	A5	A6	A7	A8	A9	A10	A11	A12	B1	B2	B3	B4	B5	B6	B7	B8	B9	B10	B11	B12	C1	C2	C3	C4	C5	C6	C7	C8	C9	C10	C11	C12	D1	D2	D3	D4	D5	D6	D7	D8	D9	D10	D11	D12	E1	E2	E3	E4	E5	E6	E7	E8	E9	E10	E11	E12	F1	F2	F3	F4	F5	F6	F7	F8	F9	F10	F11	F12	G1	G2	G3	G4	G5	G6	G7	G8	G9	G10	G11	G12	H1	H2	H3	H4	H5	H6	H7	H8	H9	H10	H11	H12
0:00:00													0.131	0.121	0.120	0.119	0.137	0.133	0.135	0.131	0.133	0.131	0.133	0.132	0.122	0.121	0.121	0.119	0.140	0.144	0.133	0.133	0.132	0.134	0.134	0.132	0.123	0.124	0.121	0.121	0.133	0.131	0.134	0.131	0.136	0.132	0.136	0.131	0.123	0.124	0.121	0.121	0.132	0.133	0.133	0.136	0.139	0.138	0.139	0.131	0.134	0.119	0.120	0.121	0.135	0.131	0.136	0.154	0.137	0.133	0.132	0.132	0.121	0.120	0.119	0.119	0.132	0.131	0.135	0.133	0.135	0.131	0.138	0.134												
0:20:00													0.133	0.121	0.120	0.119	0.138	0.133	0.135	0.131	0.133	0.131	0.133	0.132	0.122	0.121	0.121	0.119	0.141	0.143	0.133	0.133	0.133	0.134	0.134	0.132	0.123	0.124	0.121	0.121	0.133	0.131	0.134	0.131	0.135	0.132	0.136	0.131	0.123	0.124	0.121	0.121	0.132	0.133	0.133	0.136	0.139	0.138	0.139	0.130	0.140	0.119	0.120	0.120	0.135	0.131	0.136	0.154	0.137	0.133	0.132	0.132	0.121	0.120	0.119	0.119	0.132	0.131	0.136	0.132	0.135	0.131	0.137	0.134												
0:40:00													0.137	0.121	0.120	0.119	0.139	0.133	0.135	0.131	0.133	0.131	0.133	0.132	0.122	0.121	0.121	0.119	0.141	0.143	0.133	0.133	0.133	0.134	0.135	0.132	0.123	0.124	0.121	0.121	0.133	0.131	0.134	0.131	0.135	0.132	0.136	0.131	0.123	0.124	0.121	0.121	0.132	0.133	0.134	0.136	0.139	0.137	0.139	0.130	0.147	0.119	0.120	0.120	0.135	0.131	0.136	0.154	0.137	0.133	0.132	0.132	0.121	0.120	0.119	0.119	0.132	0.131	0.136	0.132	0.135	0.131	0.137	0.134												
1:00:00													0.140	0.121	0.120	0.119	0.139	0.133	0.135	0.131	0.133	0.130	0.133	0.132	0.122	0.121	0.121	0.119	0.141	0.143	0.133	0.133	0.133	0.134	0.134	0.132	0.123	0.123	0.121	0.121	0.134	0.131	0.134	0.131	0.135	0.132	0.136	0.131	0.123	0.124	0.121	0.121	0.132	0.133	0.134	0.136	0.139	0.137	0.138	0.130	0.158	0.119	0.120	0.120	0.135	0.131	0.136	0.154	0.137	0.133	0.132	0.132	0.121	0.120	0.119	0.119	0.132	0.131	0.136	0.132	0.135	0.131	0.137	0.134												
1:20:00													0.145	0.121	0.120	0.119	0.140	0.133	0.135	0.131	0.133	0.130	0.133	0.132	0.123	0.121	0.121	0.119	0.142	0.144	0.133	0.133	0.133	0.134	0.135	0.132	0.123	0.123	0.121	0.121	0.134	0.130	0.134	0.132	0.135	0.132	0.136	0.130	0.123	0.124	0.121	0.121	0.132	0.133	0.134	0.136	0.139	0.137	0.139	0.130	0.166	0.119	0.120	0.120	0.135	0.131	0.136	0.154	0.137	0.133	0.132	0.131	0.121	0.120	0.119	0.119	0.132	0.131	0.137	0.132	0.135	0.131	0.137	0.134												
1:40:00													0.149	0.121	0.120	0.119	0.141	0.133	0.135	0.131	0.134	0.130	0.134	0.132	0.124	0.121	0.121	0.120	0.143	0.144	0.133	0.133	0.133	0.134	0.135	0.132	0.124	0.123	0.121	0.121	0.136	0.130	0.134	0.132	0.135	0.132	0.136	0.130	0.123	0.124	0.121	0.121	0.132	0.133	0.135	0.136	0.139	0.137	0.139	0.130	0.175	0.119	0.120	0.120	0.134	0.131	0.136	0.154	0.137	0.133	0.132	0.131	0.121	0.120	0.119	0.119	0.132	0.131	0.136	0.132	0.135	0.131	0.138	0.134												
2:00:00													0.153	0.121	0.120	0.119	0.142	0.133	0.135	0.131	0.134	0.130	0.134	0.132	0.124	0.121	0.121	0.120	0.143	0.145	0.134	0.133	0.133	0.134	0.135	0.132	0.124	0.123	0.121	0.121	0.137	0.130	0.134	0.132	0.136	0.132	0.136	0.130	0.123	0.124	0.121	0.121	0.132	0.133	0.135	0.136	0.139	0.137	0.139	0.130	0.182	0.119	0.120	0.120	0.134	0.131	0.137	0.154	0.137	0.133	0.132	0.131	0.121	0.120	0.119	0.119	0.132	0.131	0.137	0.132	0.135	0.131	0.138	0.133												
2:20:00													0.149	0.121	0.121	0.119	0.145	0.133	0.135	0.131	0.134	0.130	0.134	0.132	0.126	0.121	0.121	0.121	0.144	0.145	0.134	0.133	0.133	0.134	0.135	0.132	0.125	0.123	0.121	0.121	0.138	0.131	0.135	0.132	0.136	0.132	0.136	0.131	0.123	0.124	0.121	0.121	0.132	0.133	0.137	0.136	0.140	0.137	0.139	0.130	0.205	0.119	0.121	0.120	0.135	0.131	0.137	0.154	0.137	0.133	0.132	0.131	0.121	0.120	0.120	0.119	0.132	0.132	0.137	0.132	0.135	0.131	0.137	0.133												
2:40:00													0.161	0.121	0.121	0.119	0.145	0.133	0.136	0.131	0.134	0.130	0.135	0.132	0.127	0.121	0.121	0.121	0.146	0.147	0.134	0.133	0.133	0.134	0.136	0.132	0.126	0.123	0.122	0.121	0.138	0.130	0.135	0.132	0.136	0.132	0.136	0.131	0.123	0.124	0.121	0.121	0.132	0.134	0.138	0.136	0.140	0.137	0.139	0.130	0.194	0.120	0.122	0.120	0.134	0.131	0.138	0.154	0.137	0.133	0.133	0.131	0.121	0.120	0.120	0.119	0.132	0.132	0.138	0.132	0.135	0.131	0.138	0.133												
3:00:00													0.156	0.120	0.122	0.119	0.151	0.133	0.136	0.131	0.135	0.130	0.136	0.132	0.129	0.121	0.122	0.122	0.150	0.150	0.134	0.133	0.134	0.133	0.136	0.132	0.128	0.123	0.122	0.121	0.143	0.131	0.136	0.132	0.137	0.132	0.136	0.131	0.123	0.124	0.122	0.121	0.132	0.134	0.142	0.136	0.141	0.137	0.140	0.130	0.216	0.120	0.123	0.120	0.134	0.132	0.140	0.154	0.137	0.133	0.133	0.131	0.121	0.120	0.121	0.120	0.132	0.132	0.139	0.132	0.135	0.131	0.138	0.133												
3:20:00													0.169	0.121	0.123	0.119	0.155	0.133	0.137	0.131	0.135	0.130	0.136	0.132	0.131	0.120	0.123	0.122	0.153	0.155	0.135	0.133	0.134	0.134	0.138	0.132	0.131	0.123	0.123	0.121	0.150	0.130	0.138	0.133	0.138	0.132	0.137	0.131	0.123	0.124	0.123	0.121	0.132	0.134	0.142	0.136	0.141	0.137	0.141	0.130	0.204	0.120	0.125	0.120	0.134	0.132	0.142	0.154	0.137	0.133	0.134	0.131	0.121	0.121	0.122	0.120	0.132	0.132	0.140	0.132	0.135	0.131	0.140	0.133												
3:40:00													0.173	0.120	0.125	0.119	0.160	0.133	0.139	0.131	0.136	0.130	0.138	0.132	0.134	0.120	0.125	0.122	0.154	0.156	0.136	0.133	0.136	0.133	0.141	0.132	0.133	0.123	0.124	0.122	0.155	0.130	0.140	0.133	0.140	0.132	0.139	0.131	0.123	0.125	0.124	0.121	0.132	0.134	0.146	0.136	0.142	0.137	0.142	0.130	0.209	0.120	0.128	0.120	0.134	0.132	0.144	0.154	0.137	0.133	0.136	0.131	0.121	0.121	0.124	0.120	0.132	0.132	0.143	0.132	0.135	0.131	0.141	0.133												
4:00:00													0.179	0.120	0.128	0.119	0.173	0.133	0.142	0.131	0.138	0.130	0.140	0.132	0.137	0.120	0.128	0.123	0.162	0.163	0.138	0.134	0.137	0.133	0.139	0.132	0.137	0.123	0.127	0.122	0.166	0.130	0.143	0.133	0.142	0.132	0.140	0.131	0.123	0.125	0.127	0.121	0.132	0.135	0.152	0.136	0.144	0.137	0.144	0.130	0.215	0.121	0.131	0.121	0.134	0.132	0.147	0.154	0.137	0.134	0.137	0.131	0.121	0.121	0.127	0.120	0.132	0.133	0.147	0.132	0.135	0.132	0.143	0.133												
4:20:00													0.182	0.120	0.132	0.120	0.191	0.133	0.146	0.131	0.140	0.130	0.143	0.132	0.139	0.120	0.131	0.123	0.176	0.173	0.140	0.134	0.139	0.133	0.143	0.132	0.142	0.123	0.129	0.122	0.177	0.130	0.146	0.134	0.146	0.132	0.142	0.132	0.123	0.125	0.130	0.121	0.132	0.135	0.160	0.136	0.145	0.137	0.146	0.130	0.221	0.121	0.135	0.121	0.134	0.133	0.152	0.154	0.137	0.134	0.139	0.132	0.121	0.121	0.130	0.121	0.132	0.133	0.153	0.132	0.135	0.132	0.145	0.133												
4:40:00													0.188	0.120	0.137	0.120	0.219	0.133	0.152	0.131	0.143	0.130	0.146	0.132	0.143	0.120	0.136	0.124	0.194	0.187	0.144	0.134	0.142	0.133	0.146	0.132	0.147	0.123	0.133	0.123	0.196	0.130	0.153	0.134	0.151	0.132	0.145	0.133	0.123	0.126	0.135	0.122	0.132	0.136	0.172	0.137	0.148	0.137	0.150	0.130	0.225	0.122	0.140	0.121	0.134	0.134	0.160	0.154	0.137	0.134	0.142	0.132	0.121	0.122	0.135	0.121	0.132	0.134	0.163	0.132	0.135	0.132	0.148	0.134												
5:00:00													0.191	0.120	0.143	0.120	0.252	0.133	0.162	0.132	0.147	0.131	0.150	0.132	0.149	0.121	0.141	0.124	0.218	0.209	0.151	0.134	0.146	0.133	0.152	0.132	0.153	0.123	0.140	0.123	0.220	0.130	0.161	0.135	0.156	0.132	0.150	0.135	0.123	0.126	0.142	0.122	0.132	0.137	0.189	0.137	0.152	0.137	0.155	0.131	0.230	0.123	0.147	0.122	0.134	0.134	0.172	0.154	0.137	0.135	0.147	0.132	0.121	0.123	0.143	0.121	0.132	0.135	0.174	0.133	0.135	0.133	0.153	0.134												
5:20:00													0.198	0.120	0.149	0.121	0.291	0.134	0.173	0.132	0.153	0.131	0.155	0.132	0.156	0.121	0.148	0.125	0.245	0.228	0.161	0.134	0.151	0.133	0.160	0.132	0.161	0.123	0.148	0.124	0.247	0.130	0.173	0.135	0.163	0.132	0.156	0.137	0.123	0.127	0.149	0.122	0.132	0.139	0.210	0.138	0.156	0.137	0.161	0.131	0.234	0.124	0.151	0.122	0.134	0.135	0.184	0.154	0.137	0.135	0.153	0.132	0.121	0.124	0.150	0.122	0.132	0.136	0.191	0.133	0.135	0.134	0.159	0.134												
5:40:00													0.208	0.121	0.157	0.121	0.334	0.134	0.192	0.132	0.160	0.131	0.163	0.132	0.167	0.121	0.157	0.126	0.276	0.255	0.174	0.135	0.157	0.133	0.171	0.132	0.174	0.123	0.154	0.124	0.283	0.130	0.188	0.136	0.173	0.132	0.163	0.140	0.123	0.128	0.161	0.123	0.132	0.139	0.236	0.138	0.163	0.137	0.171	0.131	0.239	0.125	0.160	0.122	0.134	0.136	0.209	0.154	0.137	0.136	0.161	0.132	0.121	0.125	0.162	0.122	0.132	0.137	0.215	0.133	0.135	0.134	0.167	0.134												
6:00:00													0.221	0.121	0.169	0.122	0.391	0.134	0.213	0.133	0.169	0.131	0.173	0.133	0.183	0.121	0.171	0.127	0.314	0.293	0.192	0.135	0.167	0.133	0.184	0.132	0.190	0.123	0.167	0.125	0.318	0.130	0.211	0.137	0.185	0.132	0.174	0.144	0.123	0.129	0.177	0.123	0.132	0.142	0.269	0.139	0.171	0.137	0.181	0.131	0.241	0.126	0.173	0.123	0.134	0.137	0.235	0.155	0.137	0.137	0.171	0.132	0.121	0.126	0.177	0.123	0.132	0.139	0.249	0.133	0.135	0.137	0.177	0.134												
6:20:00													0.239	0.121	0.185	0.122	0.447	0.134	0.246	0.133	0.182	0.131	0.185	0.133	0.203	0.121	0.187	0.128	0.359	0.328	0.215	0.135	0.178	0.133	0.197	0.133	0.211	0.123	0.183	0.127	0.356	0.130	0.242	0.138	0.198	0.131	0.189	0.151	0.123	0.130	0.197	0.125	0.132	0.143	0.308	0.141	0.183	0.138	0.193	0.131	0.245	0.128	0.191	0.124	0.134	0.139	0.269	0.156	0.137	0.137	0.184	0.133	0.121	0.128	0.197	0.125	0.132	0.141	0.276	0.133	0.135	0.136	0.188	0.135												
6:40:00													0.265	0.121	0.205	0.123	0.488	0.134	0.277	0.134	0.194	0.131	0.200	0.133	0.228	0.121	0.207	0.129	0.406	0.378	0.245	0.136	0.191	0.133	0.211	0.133	0.238	0.123	0.203	0.128	0.415	0.130	0.276	0.140	0.208	0.131	0.202	0.161	0.123	0.132	0.217	0.126	0.132	0.146	0.352	0.142	0.194	0.139	0.200	0.132	0.247	0.130	0.210	0.125	0.134	0.141	0.305	0.156	0.137	0.139	0.194	0.133	0.121	0.130	0.218	0.125	0.132	0.143	0.312	0.133	0.135	0.139	0.195	0.135												
7:00:00													0.292	0.121	0.224	0.124	0.509	0.134	0.315	0.135	0.204	0.131	0.209	0.134	0.255	0.121	0.227	0.130	0.463	0.425	0.275	0.137	0.201	0.133	0.223	0.133	0.265	0.123	0.222	0.129	0.461	0.130	0.312	0.141	0.218	0.131	0.216	0.175	0.123	0.133	0.240	0.128	0.132	0.147	0.400	0.144	0.203	0.139	0.207	0.132	0.250	0.133	0.232	0.126	0.134	0.144	0.348	0.157	0.137	0.140	0.202	0.134	0.121	0.131	0.239	0.128	0.132	0.147	0.371	0.134	0.135	0.141	0.201	0.135												
7:20:00													0.324	0.121	0.247	0.126	0.512	0.134	0.364	0.136	0.215	0.131	0.216	0.134	0.284	0.121	0.250	0.131	0.477	0.462	0.313	0.138	0.209	0.133	0.235	0.134	0.294	0.123	0.245	0.131	0.496	0.130	0.355	0.143	0.229	0.131	0.234	0.187	0.123	0.135	0.267	0.129	0.132	0.149	0.441	0.146	0.210	0.140	0.215	0.132	0.253	0.136	0.258	0.127	0.134	0.147	0.397	0.158	0.137	0.142	0.210	0.135	0.121	0.133	0.266	0.130	0.132	0.150	0.414	0.134	0.135	0.143	0.209	0.136												
7:40:00													0.352	0.121	0.272	0.127	0.515	0.134	0.412	0.137	0.228	0.131	0.225	0.135	0.306	0.121	0.274	0.132	0.490	0.469	0.353	0.138	0.221	0.133	0.244	0.134	0.321	0.123	0.271	0.133	0.488	0.130	0.408	0.146	0.237	0.131	0.249	0.199	0.123	0.137	0.287	0.130	0.132	0.152	0.474	0.148	0.219	0.141	0.224	0.133	0.255	0.139	0.282	0.129	0.134	0.151	0.441	0.160	0.137	0.145	0.221	0.136	0.121	0.138	0.288	0.131	0.132	0.154	0.447	0.135	0.135	0.146	0.216	0.137												
8:00:00													0.383	0.121	0.292	0.129	0.524	0.134	0.439	0.139	0.238	0.131	0.231	0.136	0.334	0.121	0.298	0.134	0.495	0.474	0.392	0.138	0.232	0.133	0.252	0.135	0.350	0.123	0.294	0.135	0.498	0.130	0.441	0.150	0.243	0.131	0.263	0.215	0.123	0.142	0.318	0.133	0.132	0.157	0.475	0.150	0.229	0.142	0.234	0.134	0.258	0.144	0.307	0.131	0.134	0.156	0.467	0.162	0.137	0.148	0.230	0.137	0.121	0.143	0.315	0.133	0.132	0.158	0.453	0.136	0.135	0.150	0.225	0.138												
8:20:00													0.417	0.121	0.319	0.130	0.529	0.134	0.446	0.140	0.245	0.131	0.236	0.138	0.367	0.121	0.328	0.136	0.501	0.482	0.410	0.141	0.239	0.133	0.259	0.136	0.383	0.123	0.323	0.137	0.506	0.131	0.450	0.153	0.247	0.131	0.278	0.231	0.123	0.146	0.352	0.136	0.132	0.166	0.475	0.152	0.238	0.144	0.240	0.135	0.260	0.149	0.339	0.132	0.134	0.161	0.467	0.164	0.137	0.152	0.239	0.138	0.121	0.147	0.347	0.137	0.132	0.163	0.454	0.137	0.135	0.154	0.230	0.139												
8:40:00													0.453	0.121	0.351	0.134	0.533	0.134	0.444	0.142	0.251	0.131	0.240	0.140	0.403	0.121	0.362	0.138	0.509	0.487	0.416	0.143	0.246	0.133	0.269	0.137	0.420	0.123	0.357	0.139	0.515	0.131	0.450	0.160	0.253	0.131	0.294	0.246	0.123	0.149	0.392	0.138	0.132	0.176	0.477	0.154	0.243	0.146	0.247	0.136	0.263	0.154	0.377	0.138	0.134	0.166	0.465	0.164	0.137	0.157	0.247	0.141	0.121	0.151	0.388	0.138	0.132	0.170	0.457	0.138	0.135	0.165	0.236	0.141												
9:00:00													0.489	0.121	0.390	0.137	0.538	0.134	0.446	0.143	0.258	0.131	0.245	0.142	0.442	0.121	0.400	0.141	0.517	0.493	0.423	0.144	0.254	0.133	0.279	0.139	0.460	0.124	0.398	0.143	0.519	0.131	0.455	0.169	0.260	0.131	0.312	0.264	0.123	0.157	0.436	0.140	0.132	0.189	0.484	0.156	0.249	0.149	0.254	0.138	0.267	0.161	0.421	0.142	0.134	0.174	0.466	0.164	0.136	0.163	0.255	0.143	0.121	0.157	0.434	0.141	0.132	0.181	0.462	0.140	0.135	0.171	0.242	0.143												
9:20:00													0.518	0.121	0.430	0.139	0.538	0.134	0.450	0.147	0.266	0.131	0.251	0.145	0.479	0.121	0.440	0.148	0.523	0.500	0.432	0.147	0.261	0.133	0.290	0.141	0.495	0.124	0.442	0.146	0.522	0.131	0.463	0.173	0.267	0.131	0.326	0.282	0.123	0.163	0.481	0.144	0.132	0.208	0.494	0.160	0.256	0.151	0.263	0.140	0.269	0.168	0.465	0.145	0.134	0.187	0.476	0.167	0.136	0.173	0.264	0.147	0.121	0.164	0.479	0.145	0.132	0.198	0.469	0.141	0.135	0.180	0.250	0.146												
9:40:01													0.548	0.121	0.472	0.145	0.544	0.134	0.457	0.150	0.275	0.131	0.259	0.148	0.507	0.121	0.480	0.152	0.530	0.505	0.446	0.153	0.268	0.133	0.303	0.144	0.522	0.124	0.487	0.150	0.520	0.131	0.472	0.188	0.275	0.131	0.339	0.301	0.123	0.171	0.510	0.148	0.132	0.202	0.504	0.168	0.262	0.155	0.271	0.142	0.271	0.176	0.499	0.150	0.134	0.202	0.484	0.174	0.137	0.184	0.273	0.151	0.121	0.171	0.510	0.149	0.132	0.217	0.475	0.143	0.135	0.198	0.257	0.149												
10:00:00													0.585	0.121	0.498	0.150	0.546	0.134	0.462	0.155	0.285	0.131	0.268	0.153	0.546	0.121	0.504	0.156	0.535	0.508	0.460	0.151	0.276	0.133	0.314	0.148	0.560	0.124	0.512	0.154	0.532	0.131	0.489	0.201	0.283	0.131	0.351	0.318	0.123	0.180	0.549	0.153	0.132	0.210	0.513	0.161	0.268	0.158	0.280	0.146	0.272	0.186	0.539	0.155	0.134	0.221	0.493	0.176	0.136	0.198	0.282	0.156	0.121	0.180	0.548	0.154	0.132	0.238	0.479	0.147	0.135	0.217	0.265	0.153												
10:20:01													0.618	0.121	0.534	0.156	0.549	0.134	0.468	0.162	0.295	0.131	0.278	0.159	0.584	0.121	0.541	0.164	0.538	0.511	0.471	0.160	0.285	0.133	0.322	0.153	0.596	0.124	0.553	0.160	0.536	0.131	0.500	0.220	0.290	0.131	0.355	0.330	0.123	0.190	0.592	0.159	0.132	0.226	0.522	0.170	0.275	0.163	0.287	0.150	0.275	0.198	0.583	0.162	0.134	0.237	0.502	0.183	0.136	0.213	0.290	0.164	0.121	0.190	0.587	0.160	0.132	0.255	0.484	0.150	0.135	0.235	0.272	0.159												
10:40:01													0.646	0.121	0.572	0.164	0.552	0.134	0.476	0.169	0.305	0.131	0.288	0.167	0.612	0.121	0.576	0.172	0.543	0.516	0.482	0.168	0.292	0.134	0.330	0.158	0.632	0.124	0.595	0.167	0.540	0.131	0.515	0.239	0.297	0.131	0.357	0.338	0.123	0.202	0.637	0.166	0.132	0.239	0.532	0.179	0.280	0.171	0.293	0.157	0.278	0.212	0.620	0.170	0.134	0.255	0.510	0.185	0.136	0.230	0.295	0.173	0.121	0.203	0.619	0.168	0.132	0.266	0.489	0.156	0.135	0.251	0.278	0.167												
11:00:01													0.735	0.121	0.603	0.172	0.555	0.134	0.485	0.173	0.314	0.131	0.298	0.177	0.688	0.121	0.600	0.182	0.551	0.521	0.494	0.175	0.299	0.134	0.335	0.165	0.741	0.124	0.643	0.176	0.547	0.131	0.525	0.252	0.303	0.132	0.363	0.338	0.123	0.217	0.688	0.175	0.132	0.258	0.539	0.192	0.283	0.181	0.296	0.164	0.280	0.230	0.666	0.180	0.134	0.273	0.517	0.202	0.137	0.246	0.298	0.184	0.121	0.218	0.643	0.178	0.132	0.298	0.495	0.159	0.135	0.278	0.281	0.177												
11:20:01													0.763	0.121	0.625	0.183	0.558	0.134	0.492	0.192	0.321	0.131	0.307	0.189	0.744	0.122	0.650	0.194	0.559	0.528	0.505	0.192	0.305	0.134	0.338	0.173	0.771	0.124	0.689	0.187	0.553	0.131	0.537	0.269	0.308	0.131	0.373	0.340	0.124	0.235	0.721	0.186	0.132	0.280	0.546	0.208	0.287	0.194	0.298	0.174	0.282	0.251	0.696	0.191	0.134	0.296	0.520	0.218	0.137	0.266	0.300	0.199	0.121	0.236	0.667	0.189	0.132	0.319	0.500	0.169	0.135	0.296	0.283	0.189												
11:40:01													0.777	0.121	0.645	0.195	0.562	0.134	0.499	0.195	0.324	0.131	0.316	0.206	0.766	0.122	0.685	0.207	0.564	0.533	0.514	0.204	0.312	0.134	0.349	0.185	0.786	0.124	0.718	0.201	0.558	0.131	0.546	0.226	0.322	0.131	0.386	0.343	0.124	0.256	0.738	0.199	0.132	0.292	0.552	0.221	0.291	0.212	0.302	0.186	0.282	0.275	0.721	0.205	0.134	0.311	0.527	0.206	0.137	0.288	0.302	0.218	0.121	0.259	0.692	0.204	0.132	0.332	0.507	0.181	0.135	0.315	0.284	0.203												
12:00:01													0.783	0.121	0.658	0.211	0.564	0.134	0.503	0.215	0.327	0.131	0.320	0.223	0.779	0.122	0.708	0.225	0.569	0.537	0.523	0.228	0.318	0.133	0.366	0.199	0.795	0.124	0.735	0.217	0.564	0.131	0.555	0.238	0.349	0.131	0.401	0.345	0.124	0.280	0.746	0.215	0.132	0.302	0.558	0.234	0.299	0.212	0.310	0.202	0.284	0.301	0.733	0.224	0.134	0.324	0.533	0.222	0.137	0.303	0.304	0.235	0.121	0.283	0.707	0.222	0.132	0.338	0.513	0.191	0.135	0.322	0.286	0.221												
12:20:01													0.789	0.121	0.662	0.230	0.567	0.134	0.507	0.217	0.332	0.131	0.320	0.243	0.788	0.121	0.719	0.247	0.575	0.540	0.529	0.266	0.332	0.133	0.385	0.218	0.801	0.124	0.745	0.238	0.567	0.131	0.563	0.257	0.379	0.131	0.416	0.348	0.123	0.306	0.749	0.236	0.132	0.307	0.564	0.255	0.324	0.239	0.329	0.222	0.284	0.335	0.738	0.244	0.134	0.328	0.537	0.259	0.136	0.312	0.305	0.253	0.121	0.313	0.714	0.243	0.132	0.338	0.516	0.209	0.135	0.331	0.291	0.240												
12:40:01													0.793	0.121	0.667	0.251	0.573	0.134	0.510	0.235	0.342	0.131	0.322	0.265	0.794	0.122	0.716	0.270	0.579	0.544	0.537	0.218	0.356	0.134	0.401	0.238	0.806	0.124	0.748	0.261	0.570	0.131	0.569	0.282	0.405	0.131	0.431	0.352	0.124	0.339	0.751	0.258	0.132	0.310	0.571	0.278	0.356	0.243	0.355	0.240	0.285	0.368	0.747	0.268	0.134	0.330	0.541	0.232	0.137	0.319	0.310	0.277	0.121	0.348	0.723	0.266	0.132	0.340	0.521	0.226	0.135	0.325	0.301	0.259												
13:00:01													0.797	0.121	0.676	0.274	0.579	0.134	0.514	0.256	0.356	0.131	0.328	0.291	0.800	0.121	0.717	0.299	0.583	0.546	0.543	0.238	0.381	0.133	0.413	0.252	0.811	0.124	0.750	0.287	0.576	0.131	0.575	0.300	0.426	0.131	0.445	0.356	0.124	0.373	0.754	0.283	0.132	0.314	0.577	0.290	0.383	0.265	0.381	0.260	0.283	0.402	0.754	0.295	0.134	0.332	0.549	0.243	0.136	0.324	0.320	0.295	0.121	0.382	0.729	0.294	0.132	0.340	0.525	0.234	0.135	0.327	0.318	0.276												
13:20:01													0.801	0.121	0.686	0.303	0.586	0.134	0.516	0.279	0.372	0.131	0.334	0.302	0.804	0.122	0.724	0.334	0.585	0.549	0.550	0.254	0.402	0.133	0.424	0.276	0.815	0.124	0.754	0.320	0.579	0.131	0.582	0.307	0.443	0.131	0.458	0.360	0.124	0.408	0.758	0.313	0.132	0.317	0.583	0.297	0.402	0.292	0.401	0.283	0.282	0.428	0.761	0.328	0.134	0.333	0.559	0.259	0.136	0.324	0.334	0.305	0.121	0.418	0.733	0.328	0.132	0.342	0.530	0.255	0.135	0.336	0.337	0.296												
13:40:01													0.805	0.121	0.692	0.336	0.593	0.134	0.517	0.296	0.392	0.131	0.340	0.313	0.807	0.122	0.732	0.361	0.586	0.551	0.557	0.277	0.421	0.133	0.433	0.297	0.817	0.124	0.760	0.356	0.585	0.131	0.589	0.314	0.453	0.131	0.471	0.365	0.124	0.434	0.761	0.349	0.132	0.319	0.588	0.304	0.417	0.331	0.416	0.305	0.281	0.458	0.764	0.360	0.134	0.336	0.564	0.282	0.137	0.322	0.349	0.314	0.121	0.442	0.737	0.360	0.132	0.344	0.533	0.284	0.135	0.334	0.355	0.307												
14:00:01													0.809	0.121	0.698	0.364	0.600	0.134	0.519	0.304	0.411	0.131	0.348	0.317	0.810	0.122	0.738	0.390	0.586	0.553	0.563	0.293	0.438	0.133	0.441	0.306	0.820	0.124	0.761	0.386	0.590	0.131	0.597	0.318	0.458	0.131	0.483	0.370	0.124	0.464	0.761	0.379	0.132	0.322	0.593	0.308	0.429	0.315	0.427	0.315	0.283	0.529	0.767	0.389	0.134	0.339	0.572	0.300	0.136	0.322	0.363	0.318	0.121	0.474	0.738	0.392	0.132	0.345	0.537	0.281	0.135	0.342	0.370	0.318												
14:20:01													0.814	0.121	0.704	0.396	0.607	0.134	0.519	0.310	0.425	0.131	0.355	0.322	0.813	0.122	0.742	0.413	0.586	0.554	0.569	0.303	0.450	0.133	0.448	0.313	0.822	0.124	0.761	0.418	0.598	0.131	0.600	0.321	0.470	0.131	0.495	0.376	0.124	0.536	0.761	0.410	0.132	0.325	0.597	0.311	0.439	0.328	0.435	0.324	0.282	0.594	0.770	0.411	0.134	0.341	0.575	0.323	0.136	0.329	0.377	0.321	0.121	0.530	0.739	0.411	0.132	0.347	0.542	0.292	0.135	0.344	0.384	0.323												
14:40:01													0.818	0.121	0.709	0.414	0.615	0.134	0.519	0.313	0.437	0.132	0.364	0.325	0.815	0.122	0.744	0.437	0.587	0.555	0.575	0.308	0.460	0.134	0.456	0.318	0.825	0.124	0.762	0.437	0.607	0.131	0.602	0.327	0.478	0.131	0.507	0.382	0.124	0.607	0.762	0.431	0.132	0.328	0.601	0.315	0.448	0.317	0.443	0.330	0.283	0.626	0.774	0.432	0.134	0.344	0.581	0.347	0.137	0.331	0.389	0.325	0.121	0.578	0.740	0.441	0.132	0.347	0.546	0.299	0.135	0.343	0.395	0.331												
15:00:01													0.821	0.121	0.711	0.445	0.622	0.134	0.521	0.316	0.449	0.132	0.372	0.328	0.817	0.122	0.745	0.484	0.587	0.556	0.578	0.313	0.465	0.134	0.462	0.316	0.827	0.124	0.763	0.480	0.613	0.131	0.604	0.331	0.486	0.131	0.518	0.386	0.124	0.637	0.763	0.467	0.132	0.331	0.603	0.318	0.455	0.320	0.451	0.334	0.284	0.644	0.777	0.462	0.134	0.346	0.594	0.351	0.137	0.336	0.400	0.329	0.121	0.603	0.741	0.477	0.132	0.350	0.550	0.301	0.135	0.342	0.405	0.328												
15:20:01													0.824	0.121	0.714	0.513	0.631	0.134	0.523	0.316	0.458	0.132	0.380	0.331	0.820	0.122	0.746	0.560	0.586	0.557	0.580	0.320	0.473	0.134	0.469	0.326	0.829	0.124	0.762	0.556	0.619	0.131	0.606	0.335	0.493	0.131	0.528	0.391	0.124	0.653	0.763	0.550	0.132	0.334	0.604	0.321	0.462	0.323	0.458	0.337	0.284	0.655	0.779	0.532	0.134	0.348	0.600	0.353	0.136	0.336	0.411	0.332	0.121	0.617	0.740	0.522	0.132	0.352	0.553	0.303	0.135	0.343	0.414	0.336												
15:40:01													0.828	0.121	0.715	0.555	0.638	0.134	0.526	0.319	0.466	0.132	0.387	0.334	0.823	0.122	0.747	0.599	0.586	0.557	0.582	0.321	0.484	0.134	0.477	0.321	0.832	0.124	0.763	0.593	0.626	0.131	0.606	0.338	0.502	0.131	0.535	0.396	0.124	0.664	0.763	0.597	0.132	0.337	0.605	0.324	0.469	0.326	0.465	0.341	0.284	0.663	0.780	0.558	0.134	0.352	0.605	0.354	0.137	0.343	0.420	0.334	0.121	0.625	0.739	0.555	0.132	0.354	0.555	0.305	0.135	0.344	0.422	0.333												
16:00:01													0.832	0.121	0.716	0.580	0.647	0.134	0.529	0.322	0.477	0.132	0.395	0.337	0.826	0.122	0.745	0.619	0.586	0.559	0.586	0.324	0.495	0.133	0.485	0.323	0.835	0.124	0.764	0.614	0.632	0.131	0.607	0.341	0.511	0.131	0.543	0.402	0.124	0.673	0.763	0.618	0.132	0.340	0.605	0.327	0.473	0.328	0.471	0.344	0.284	0.670	0.782	0.575	0.134	0.354	0.612	0.355	0.136	0.350	0.429	0.337	0.122	0.631	0.740	0.574	0.132	0.356	0.558	0.307	0.135	0.345	0.431	0.335												
16:20:01													0.835	0.121	0.716	0.592	0.656	0.134	0.532	0.323	0.485	0.132	0.403	0.339	0.828	0.122	0.745	0.629	0.585	0.559	0.590	0.329	0.507	0.134	0.494	0.326	0.838	0.124	0.763	0.625	0.638	0.131	0.606	0.344	0.521	0.131	0.548	0.408	0.124	0.679	0.763	0.629	0.132	0.343	0.605	0.329	0.478	0.331	0.478	0.348	0.284	0.675	0.783	0.586	0.134	0.357	0.619	0.357	0.137	0.352	0.437	0.340	0.121	0.636	0.739	0.583	0.132	0.358	0.561	0.310	0.135	0.346	0.440	0.335												
16:40:01													0.841	0.121	0.719	0.602	0.664	0.134	0.536	0.325	0.493	0.132	0.407	0.341	0.833	0.122	0.748	0.636	0.587	0.559	0.595	0.332	0.518	0.133	0.497	0.328	0.844	0.124	0.767	0.635	0.647	0.131	0.608	0.346	0.530	0.131	0.550	0.407	0.124	0.687	0.768	0.638	0.132	0.345	0.607	0.331	0.486	0.333	0.481	0.350	0.310	0.683	0.786	0.593	0.134	0.360	0.623	0.358	0.137	0.356	0.443	0.341	0.122	0.640	0.743	0.589	0.132	0.361	0.565	0.313	0.135	0.348	0.445	0.337												
17:00:01													0.843	0.121	0.715	0.606	0.674	0.134	0.536	0.327	0.501	0.132	0.421	0.344	0.835	0.122	0.745	0.640	0.586	0.560	0.599	0.336	0.534	0.134	0.512	0.331	0.844	0.124	0.765	0.641	0.652	0.131	0.610	0.350	0.541	0.131	0.558	0.421	0.124	0.690	0.764	0.642	0.132	0.351	0.609	0.334	0.493	0.337	0.493	0.356	0.282	0.685	0.786	0.596	0.134	0.365	0.629	0.362	0.136	0.360	0.457	0.347	0.121	0.643	0.741	0.593	0.132	0.365	0.570	0.316	0.135	0.350	0.461	0.339												
17:20:01													0.847	0.121	0.716	0.611	0.682	0.134	0.539	0.329	0.513	0.132	0.430	0.346	0.837	0.122	0.746	0.643	0.586	0.562	0.605	0.339	0.545	0.134	0.522	0.334	0.848	0.124	0.766	0.646	0.661	0.131	0.613	0.353	0.553	0.131	0.562	0.428	0.124	0.694	0.765	0.646	0.132	0.355	0.611	0.336	0.501	0.339	0.501	0.359	0.282	0.690	0.788	0.599	0.134	0.369	0.633	0.365	0.136	0.364	0.466	0.351	0.122	0.648	0.741	0.596	0.132	0.368	0.575	0.319	0.135	0.352	0.470	0.340												
17:40:01													0.851	0.121	0.717	0.613	0.691	0.134	0.541	0.331	0.527	0.132	0.439	0.348	0.840	0.122	0.746	0.645	0.588	0.564	0.610	0.342	0.558	0.134	0.532	0.337	0.850	0.124	0.767	0.652	0.669	0.131	0.616	0.355	0.564	0.131	0.567	0.438	0.124	0.699	0.767	0.649	0.132	0.358	0.614	0.337	0.508	0.342	0.508	0.363	0.283	0.695	0.789	0.602	0.134	0.373	0.638	0.368	0.137	0.370	0.476	0.355	0.122	0.651	0.743	0.597	0.132	0.373	0.582	0.321	0.135	0.354	0.480	0.341												
18:00:01													0.854	0.121	0.718	0.615	0.697	0.134	0.543	0.333	0.537	0.132	0.449	0.350	0.843	0.122	0.748	0.647	0.590	0.565	0.614	0.345	0.572	0.133	0.542	0.340	0.853	0.124	0.768	0.657	0.677	0.131	0.620	0.357	0.576	0.131	0.571	0.447	0.124	0.704	0.768	0.652	0.132	0.363	0.618	0.340	0.515	0.345	0.516	0.367	0.282	0.699	0.792	0.603	0.134	0.378	0.642	0.370	0.136	0.376	0.485	0.359	0.122	0.655	0.744	0.599	0.132	0.378	0.588	0.326	0.135	0.357	0.490	0.343												
18:20:01													0.860	0.121	0.722	0.619	0.703	0.134	0.547	0.335	0.545	0.132	0.453	0.351	0.849	0.122	0.751	0.651	0.595	0.567	0.619	0.347	0.583	0.133	0.543	0.341	0.859	0.124	0.772	0.662	0.686	0.131	0.625	0.358	0.591	0.131	0.570	0.445	0.124	0.712	0.774	0.655	0.132	0.365	0.622	0.341	0.524	0.348	0.520	0.367	0.306	0.706	0.797	0.606	0.134	0.381	0.646	0.371	0.137	0.371	0.488	0.360	0.122	0.661	0.749	0.601	0.132	0.382	0.595	0.332	0.135	0.362	0.495	0.344												
18:40:01													0.862	0.121	0.720	0.617	0.710	0.134	0.547	0.337	0.555	0.132	0.467	0.353	0.849	0.122	0.750	0.651	0.596	0.570	0.624	0.350	0.595	0.133	0.557	0.344	0.858	0.124	0.770	0.663	0.691	0.131	0.629	0.360	0.606	0.131	0.579	0.461	0.124	0.713	0.771	0.656	0.132	0.370	0.626	0.343	0.533	0.352	0.532	0.374	0.281	0.708	0.796	0.605	0.134	0.386	0.651	0.376	0.136	0.377	0.501	0.368	0.122	0.663	0.747	0.601	0.132	0.388	0.603	0.336	0.135	0.367	0.507	0.347												
19:00:01													0.865	0.121	0.723	0.619	0.716	0.134	0.550	0.339	0.566	0.132	0.473	0.355	0.852	0.122	0.751	0.652	0.599	0.572	0.629	0.352	0.606	0.133	0.564	0.346	0.861	0.124	0.771	0.666	0.697	0.131	0.634	0.361	0.621	0.131	0.583	0.468	0.124	0.717	0.773	0.657	0.132	0.373	0.630	0.345	0.542	0.356	0.540	0.378	0.281	0.713	0.798	0.607	0.134	0.390	0.656	0.378	0.136	0.383	0.508	0.374	0.122	0.667	0.748	0.603	0.132	0.394	0.611	0.335	0.135	0.371	0.515	0.349												
19:20:01													0.869	0.121	0.724	0.620	0.722	0.134	0.553	0.341	0.581	0.132	0.481	0.358	0.855	0.122	0.751	0.654	0.604	0.575	0.636	0.354	0.617	0.134	0.571	0.349	0.864	0.124	0.773	0.668	0.703	0.131	0.639	0.363	0.636	0.131	0.588	0.476	0.124	0.722	0.774	0.660	0.132	0.377	0.634	0.348	0.552	0.360	0.548	0.383	0.281	0.718	0.800	0.609	0.134	0.395	0.662	0.382	0.136	0.382	0.515	0.380	0.122	0.671	0.750	0.605	0.132	0.399	0.620	0.338	0.135	0.377	0.523	0.352												
19:40:01													0.872	0.121	0.725	0.622	0.727	0.134	0.557	0.344	0.598	0.132	0.487	0.361	0.857	0.122	0.752	0.656	0.609	0.577	0.641	0.356	0.628	0.134	0.576	0.351	0.866	0.125	0.774	0.669	0.708	0.131	0.643	0.364	0.651	0.131	0.592	0.484	0.124	0.726	0.776	0.661	0.132	0.382	0.639	0.351	0.562	0.364	0.556	0.387	0.280	0.722	0.802	0.611	0.134	0.400	0.665	0.386	0.137	0.384	0.523	0.385	0.122	0.675	0.751	0.605	0.132	0.404	0.628	0.342	0.135	0.383	0.532	0.355												
20:00:01													0.875	0.122	0.726	0.623	0.733	0.134	0.561	0.347	0.616	0.132	0.495	0.364	0.860	0.122	0.753	0.657	0.614	0.579	0.646	0.358	0.639	0.134	0.581	0.354	0.870	0.125	0.775	0.671	0.712	0.131	0.648	0.366	0.666	0.131	0.597	0.490	0.124	0.729	0.778	0.662	0.132	0.386	0.643	0.354	0.570	0.368	0.563	0.392	0.280	0.728	0.804	0.611	0.134	0.405	0.668	0.390	0.137	0.387	0.532	0.391	0.122	0.679	0.752	0.606	0.132	0.411	0.636	0.346	0.135	0.389	0.539	0.358												
20:20:01													0.878	0.121	0.727	0.625	0.738	0.134	0.566	0.350	0.635	0.132	0.502	0.366	0.863	0.122	0.756	0.658	0.620	0.583	0.652	0.360	0.652	0.133	0.587	0.356	0.873	0.124	0.777	0.673	0.717	0.131	0.653	0.368	0.679	0.131	0.602	0.498	0.124	0.735	0.780	0.664	0.132	0.391	0.648	0.356	0.577	0.373	0.570	0.397	0.280	0.734	0.806	0.613	0.134	0.411	0.670	0.393	0.136	0.395	0.540	0.397	0.122	0.684	0.754	0.608	0.132	0.417	0.647	0.350	0.135	0.397	0.547	0.362												
20:40:01													0.882	0.121	0.729	0.626	0.742	0.134	0.570	0.353	0.653	0.132	0.509	0.369	0.866	0.122	0.758	0.660	0.625	0.587	0.656	0.363	0.663	0.133	0.593	0.359	0.876	0.124	0.779	0.675	0.722	0.131	0.658	0.370	0.693	0.131	0.606	0.505	0.124	0.740	0.781	0.666	0.132	0.396	0.653	0.359	0.584	0.378	0.577	0.402	0.279	0.740	0.808	0.614	0.134	0.418	0.675	0.396	0.136	0.394	0.547	0.402	0.122	0.688	0.756	0.608	0.132	0.424	0.658	0.355	0.135	0.404	0.555	0.365												
21:00:01													0.885	0.121	0.730	0.627	0.746	0.134	0.575	0.356	0.671	0.132	0.517	0.373	0.868	0.122	0.759	0.662	0.631	0.591	0.660	0.365	0.679	0.133	0.598	0.362	0.879	0.124	0.780	0.676	0.726	0.131	0.662	0.372	0.706	0.131	0.611	0.511	0.124	0.744	0.783	0.666	0.132	0.403	0.658	0.361	0.590	0.384	0.583	0.406	0.277	0.745	0.810	0.613	0.134	0.426	0.682	0.399	0.136	0.398	0.554	0.409	0.122	0.693	0.757	0.609	0.132	0.429	0.670	0.359	0.135	0.411	0.563	0.370												
21:20:01													0.888	0.121	0.731	0.628	0.750	0.134	0.580	0.359	0.687	0.132	0.524	0.376	0.871	0.122	0.760	0.663	0.637	0.596	0.665	0.368	0.694	0.133	0.604	0.365	0.883	0.124	0.781	0.677	0.729	0.131	0.667	0.374	0.717	0.131	0.614	0.517	0.124	0.749	0.784	0.667	0.132	0.409	0.664	0.364	0.594	0.389	0.590	0.411	0.277	0.750	0.811	0.614	0.134	0.434	0.686	0.403	0.137	0.403	0.560	0.416	0.122	0.697	0.758	0.610	0.132	0.435	0.679	0.364	0.135	0.418	0.571	0.378												
21:40:01													0.892	0.121	0.732	0.630	0.754	0.134	0.586	0.362	0.703	0.131	0.532	0.379	0.874	0.122	0.762	0.664	0.643	0.601	0.668	0.371	0.703	0.133	0.610	0.368	0.887	0.124	0.782	0.678	0.733	0.131	0.671	0.376	0.729	0.131	0.619	0.523	0.124	0.754	0.785	0.669	0.132	0.414	0.670	0.367	0.601	0.397	0.596	0.417	0.278	0.756	0.813	0.615	0.134	0.441	0.691	0.405	0.137	0.414	0.567	0.422	0.122	0.702	0.759	0.611	0.132	0.441	0.688	0.368	0.135	0.424	0.578	0.387												
22:00:01													0.896	0.121	0.733	0.632	0.758	0.134	0.591	0.365	0.717	0.131	0.540	0.383	0.877	0.122	0.763	0.667	0.649	0.607	0.673	0.374	0.716	0.133	0.616	0.371	0.891	0.125	0.783	0.680	0.736	0.131	0.676	0.379	0.740	0.131	0.622	0.527	0.124	0.760	0.787	0.670	0.132	0.420	0.676	0.369	0.606	0.402	0.602	0.424	0.278	0.762	0.815	0.616	0.134	0.449	0.695	0.409	0.137	0.418	0.573	0.429	0.122	0.706	0.760	0.613	0.132	0.446	0.696	0.375	0.135	0.430	0.586	0.394												
22:20:01													0.901	0.121	0.735	0.634	0.761	0.134	0.597	0.368	0.730	0.131	0.546	0.385	0.880	0.122	0.763	0.669	0.655	0.612	0.676	0.377	0.727	0.133	0.621	0.374	0.894	0.124	0.784	0.680	0.739	0.131	0.681	0.381	0.751	0.131	0.626	0.533	0.124	0.765	0.788	0.672	0.132	0.424	0.682	0.371	0.611	0.408	0.608	0.430	0.276	0.768	0.818	0.617	0.134	0.455	0.700	0.412	0.137	0.425	0.579	0.436	0.122	0.712	0.762	0.614	0.132	0.451	0.703	0.380	0.135	0.436	0.593	0.400												
22:40:01													0.905	0.121	0.735	0.636	0.765	0.134	0.603	0.371	0.743	0.131	0.553	0.389	0.883	0.122	0.765	0.670	0.661	0.617	0.680	0.380	0.738	0.133	0.627	0.377	0.898	0.124	0.785	0.681	0.742	0.131	0.686	0.385	0.762	0.131	0.630	0.539	0.125	0.771	0.790	0.673	0.132	0.430	0.688	0.374	0.616	0.413	0.614	0.435	0.276	0.773	0.819	0.618	0.134	0.461	0.704	0.415	0.137	0.435	0.584	0.443	0.122	0.717	0.764	0.617	0.132	0.457	0.710	0.385	0.135	0.442	0.599	0.406												
23:00:01													0.909	0.121	0.736	0.637	0.770	0.134	0.608	0.374	0.754	0.131	0.560	0.393	0.887	0.122	0.766	0.673	0.667	0.623	0.684	0.383	0.747	0.133	0.633	0.381	0.903	0.124	0.786	0.682	0.745	0.131	0.690	0.388	0.771	0.131	0.634	0.546	0.125	0.776	0.791	0.674	0.132	0.434	0.693	0.376	0.621	0.418	0.620	0.441	0.275	0.779	0.821	0.620	0.134	0.467	0.708	0.418	0.137	0.437	0.589	0.450	0.122	0.722	0.765	0.618	0.132	0.462	0.718	0.390	0.135	0.449	0.606	0.411												
23:20:01													0.915	0.121	0.740	0.640	0.776	0.134	0.619	0.377	0.765	0.131	0.560	0.393	0.893	0.122	0.770	0.676	0.676	0.634	0.689	0.385	0.757	0.133	0.634	0.379	0.910	0.124	0.791	0.685	0.749	0.131	0.695	0.389	0.780	0.131	0.632	0.541	0.125	0.786	0.797	0.679	0.132	0.438	0.698	0.378	0.627	0.422	0.622	0.440	0.299	0.790	0.826	0.624	0.134	0.474	0.712	0.418	0.137	0.439	0.590	0.450	0.122	0.730	0.771	0.623	0.132	0.467	0.724	0.393	0.135	0.454	0.606	0.410												
23:40:01													0.917	0.121	0.739	0.641	0.779	0.134	0.619	0.380	0.775	0.131	0.574	0.401	0.895	0.122	0.768	0.676	0.678	0.634	0.692	0.390	0.767	0.133	0.643	0.388	0.912	0.125	0.788	0.684	0.751	0.131	0.699	0.394	0.791	0.131	0.642	0.558	0.125	0.788	0.794	0.680	0.132	0.444	0.703	0.382	0.634	0.430	0.631	0.453	0.273	0.792	0.824	0.624	0.134	0.479	0.716	0.422	0.137	0.445	0.601	0.464	0.122	0.733	0.769	0.624	0.133	0.474	0.733	0.398	0.135	0.463	0.619	0.420												
24:00:01													0.921	0.121	0.741	0.642	0.783	0.134	0.624	0.383	0.785	0.131	0.579	0.405	0.898	0.122	0.769	0.678	0.684	0.641	0.695	0.393	0.776	0.133	0.648	0.392	0.916	0.125	0.789	0.685	0.753	0.131	0.703	0.398	0.799	0.131	0.646	0.564	0.125	0.794	0.795	0.682	0.132	0.447	0.708	0.383	0.640	0.435	0.636	0.458	0.272	0.799	0.828	0.626	0.134	0.486	0.720	0.425	0.137	0.451	0.606	0.471	0.122	0.739	0.771	0.626	0.133	0.480	0.740	0.402	0.136	0.470	0.625	0.425												
24:20:01													0.925	0.121	0.743	0.644	0.788	0.134	0.628	0.386	0.792	0.131	0.586	0.409	0.901	0.122	0.770	0.680	0.689	0.647	0.699	0.395	0.784	0.133	0.652	0.396	0.920	0.125	0.790	0.685	0.756	0.131	0.707	0.401	0.808	0.131	0.649	0.570	0.125	0.799	0.796	0.684	0.132	0.453	0.714	0.385	0.646	0.440	0.641	0.464	0.272	0.805	0.831	0.628	0.134	0.491	0.725	0.428	0.137	0.460	0.612	0.478	0.122	0.746	0.772	0.630	0.133	0.486	0.746	0.406	0.135	0.478	0.631	0.430												
24:40:01													0.929	0.121	0.744	0.646	0.793	0.134	0.632	0.390	0.799	0.131	0.591	0.413	0.905	0.122	0.771	0.682	0.694	0.654	0.703	0.399	0.793	0.133	0.656	0.399	0.925	0.125	0.791	0.686	0.759	0.131	0.711	0.405	0.815	0.131	0.653	0.576	0.125	0.805	0.798	0.686	0.132	0.458	0.720	0.388	0.653	0.446	0.645	0.469	0.270	0.812	0.833	0.631	0.134	0.497	0.728	0.431	0.137	0.468	0.617	0.483	0.122	0.752	0.775	0.633	0.133	0.492	0.752	0.408	0.136	0.484	0.638	0.434												
25:00:01													0.933	0.121	0.746	0.650	0.797	0.134	0.637	0.392	0.806	0.131	0.597	0.417	0.909	0.122	0.773	0.685	0.699	0.659	0.706	0.402	0.799	0.133	0.661	0.402	0.930	0.125	0.793	0.688	0.762	0.131	0.715	0.409	0.822	0.131	0.658	0.582	0.125	0.811	0.799	0.690	0.132	0.463	0.724	0.394	0.659	0.452	0.650	0.474	0.269	0.818	0.835	0.633	0.134	0.503	0.732	0.435	0.137	0.474	0.622	0.489	0.122	0.759	0.777	0.636	0.133	0.499	0.758	0.410	0.136	0.491	0.644	0.439												
25:20:02													0.938	0.121	0.749	0.653	0.802	0.134	0.641	0.396	0.813	0.131	0.603	0.422	0.914	0.122	0.774	0.687	0.703	0.665	0.709	0.406	0.806	0.133	0.666	0.406	0.935	0.125	0.795	0.690	0.765	0.131	0.719	0.413	0.828	0.131	0.662	0.589	0.125	0.818	0.801	0.693	0.132	0.467	0.729	0.399	0.665	0.456	0.655	0.479	0.269	0.825	0.837	0.637	0.134	0.509	0.736	0.439	0.137	0.479	0.626	0.495	0.122	0.766	0.779	0.641	0.133	0.506	0.763	0.413	0.135	0.499	0.648	0.443												
25:40:01													0.944	0.122	0.753	0.659	0.808	0.134	0.650	0.398	0.820	0.132	0.602	0.420	0.920	0.122	0.779	0.691	0.710	0.676	0.713	0.408	0.813	0.133	0.666	0.402	0.942	0.124	0.800	0.695	0.769	0.131	0.723	0.414	0.833	0.131	0.660	0.586	0.125	0.827	0.807	0.698	0.132	0.472	0.733	0.401	0.669	0.460	0.656	0.477	0.293	0.835	0.841	0.642	0.134	0.516	0.739	0.440	0.137	0.482	0.625	0.494	0.122	0.776	0.785	0.646	0.132	0.513	0.767	0.413	0.135	0.505	0.645	0.441												
26:00:02													0.947	0.121	0.753	0.661	0.811	0.134	0.652	0.402	0.826	0.131	0.614	0.432	0.922	0.122	0.778	0.695	0.712	0.676	0.717	0.412	0.820	0.133	0.674	0.413	0.944	0.125	0.798	0.696	0.770	0.131	0.727	0.420	0.840	0.131	0.669	0.600	0.125	0.831	0.804	0.699	0.132	0.478	0.738	0.406	0.679	0.466	0.664	0.490	0.265	0.838	0.841	0.643	0.134	0.521	0.743	0.448	0.137	0.488	0.635	0.506	0.122	0.781	0.784	0.648	0.133	0.521	0.774	0.416	0.135	0.515	0.657	0.454												
26:20:02													0.951	0.121	0.755	0.664	0.815	0.134	0.657	0.405	0.832	0.131	0.620	0.438	0.925	0.122	0.779	0.699	0.717	0.682	0.720	0.415	0.827	0.133	0.679	0.417	0.946	0.124	0.800	0.699	0.774	0.131	0.731	0.424	0.846	0.131	0.673	0.607	0.125	0.837	0.805	0.703	0.132	0.484	0.742	0.410	0.686	0.471	0.669	0.496	0.263	0.845	0.844	0.646	0.134	0.526	0.746	0.453	0.137	0.494	0.639	0.512	0.122	0.789	0.787	0.651	0.132	0.527	0.778	0.419	0.135	0.524	0.661	0.461												
26:40:02													0.955	0.121	0.757	0.667	0.820	0.134	0.662	0.408	0.841	0.132	0.625	0.447	0.928	0.122	0.780	0.702	0.721	0.689	0.724	0.418	0.834	0.133	0.683	0.423	0.949	0.124	0.801	0.702	0.776	0.131	0.734	0.428	0.853	0.131	0.676	0.614	0.125	0.843	0.808	0.707	0.132	0.489	0.747	0.413	0.691	0.475	0.674	0.503	0.263	0.852	0.846	0.649	0.134	0.532	0.750	0.466	0.137	0.499	0.645	0.519	0.122	0.797	0.790	0.654	0.133	0.533	0.783	0.421	0.136	0.531	0.667	0.470												
27:00:02													0.959	0.121	0.757	0.671	0.825	0.134	0.667	0.411	0.845	0.132	0.630	0.456	0.929	0.122	0.782	0.706	0.725	0.701	0.727	0.422	0.841	0.133	0.689	0.430	0.951	0.124	0.803	0.704	0.779	0.131	0.738	0.432	0.859	0.131	0.680	0.622	0.125	0.849	0.809	0.710	0.132	0.494	0.752	0.417	0.696	0.479	0.678	0.510	0.263	0.859	0.848	0.651	0.134	0.538	0.753	0.471	0.137	0.504	0.650	0.526	0.122	0.805	0.794	0.658	0.133	0.539	0.787	0.423	0.136	0.538	0.670	0.478												
27:20:02													0.964	0.121	0.762	0.674	0.830	0.134	0.672	0.413	0.851	0.132	0.634	0.468	0.933	0.122	0.783	0.710	0.729	0.710	0.730	0.424	0.847	0.133	0.693	0.436	0.955	0.125	0.804	0.706	0.783	0.131	0.740	0.436	0.866	0.131	0.683	0.629	0.125	0.856	0.810	0.712	0.132	0.499	0.756	0.421	0.702	0.485	0.683	0.516	0.262	0.866	0.850	0.653	0.134	0.543	0.756	0.475	0.137	0.510	0.655	0.532	0.122	0.813	0.796	0.661	0.133	0.545	0.791	0.424	0.136	0.544	0.674	0.485												
27:40:02													0.968	0.122	0.766	0.678	0.836	0.134	0.676	0.416	0.858	0.132	0.640	0.483	0.936	0.122	0.785	0.714	0.734	0.721	0.734	0.428	0.853	0.133	0.697	0.444	0.960	0.125	0.806	0.709	0.786	0.131	0.744	0.441	0.871	0.131	0.686	0.635	0.125	0.863	0.813	0.717	0.132	0.505	0.761	0.425	0.709	0.491	0.687	0.523	0.260	0.873	0.853	0.656	0.134	0.549	0.760	0.478	0.137	0.516	0.660	0.540	0.122	0.822	0.797	0.664	0.133	0.551	0.795	0.426	0.136	0.550	0.678	0.493												
28:00:02													0.973	0.122	0.769	0.681	0.842	0.134	0.679	0.419	0.864	0.132	0.644	0.502	0.940	0.122	0.787	0.717	0.745	0.731	0.736	0.433	0.858	0.133	0.699	0.451	0.964	0.125	0.809	0.712	0.790	0.131	0.746	0.445	0.876	0.131	0.690	0.639	0.125	0.869	0.815	0.720	0.132	0.511	0.765	0.427	0.714	0.493	0.690	0.530	0.260	0.879	0.855	0.659	0.134	0.554	0.762	0.482	0.137	0.522	0.665	0.547	0.122	0.829	0.800	0.666	0.133	0.557	0.798	0.427	0.136	0.558	0.682	0.499												
28:20:02													0.977	0.121	0.771	0.685	0.848	0.134	0.682	0.423	0.871	0.132	0.649	0.517	0.944	0.122	0.789	0.721	0.755	0.742	0.739	0.439	0.864	0.133	0.703	0.458	0.969	0.125	0.811	0.715	0.794	0.131	0.749	0.450	0.882	0.131	0.693	0.644	0.125	0.875	0.817	0.723	0.132	0.516	0.769	0.430	0.719	0.497	0.694	0.538	0.260	0.886	0.858	0.662	0.134	0.560	0.766	0.486	0.137	0.528	0.670	0.553	0.122	0.837	0.804	0.670	0.133	0.564	0.801	0.428	0.136	0.567	0.686	0.506												
28:40:02													0.983	0.121	0.773	0.688	0.854	0.134	0.685	0.426	0.877	0.132	0.655	0.529	0.949	0.122	0.791	0.724	0.764	0.749	0.742	0.445	0.869	0.133	0.706	0.465	0.973	0.124	0.813	0.718	0.798	0.131	0.753	0.454	0.887	0.131	0.697	0.653	0.126	0.882	0.819	0.726	0.132	0.521	0.773	0.432	0.725	0.501	0.697	0.544	0.262	0.893	0.860	0.665	0.134	0.565	0.769	0.489	0.137	0.533	0.674	0.559	0.122	0.844	0.802	0.673	0.133	0.570	0.804	0.429	0.136	0.575	0.690	0.511												
29:00:02													0.988	0.122	0.778	0.691	0.859	0.134	0.691	0.430	0.883	0.132	0.654	0.529	0.954	0.122	0.797	0.726	0.773	0.756	0.745	0.451	0.874	0.133	0.705	0.461	0.980	0.124	0.819	0.722	0.804	0.131	0.755	0.456	0.892	0.131	0.698	0.656	0.126	0.890	0.826	0.730	0.132	0.528	0.776	0.434	0.728	0.504	0.698	0.545	0.284	0.902	0.864	0.670	0.134	0.572	0.772	0.490	0.137	0.539	0.673	0.560	0.122	0.853	0.811	0.678	0.133	0.580	0.807	0.429	0.135	0.582	0.686	0.509												
29:20:02													0.992	0.121	0.778	0.693	0.865	0.134	0.691	0.433	0.891	0.132	0.665	0.546	0.956	0.122	0.796	0.727	0.779	0.754	0.748	0.455	0.880	0.133	0.712	0.478	0.982	0.125	0.818	0.723	0.806	0.131	0.759	0.462	0.899	0.131	0.712	0.664	0.126	0.894	0.824	0.730	0.132	0.533	0.779	0.437	0.735	0.511	0.705	0.557	0.261	0.905	0.864	0.670	0.134	0.576	0.775	0.497	0.137	0.544	0.683	0.568	0.122	0.859	0.812	0.681	0.133	0.586	0.811	0.432	0.136	0.588	0.697	0.522												
29:40:02													0.997	0.121	0.782	0.695	0.871	0.134	0.695	0.436	0.897	0.132	0.669	0.551	0.960	0.122	0.798	0.730	0.782	0.756	0.752	0.460	0.884	0.133	0.715	0.486	0.986	0.125	0.820	0.725	0.810	0.131	0.762	0.465	0.904	0.131	0.720	0.665	0.126	0.900	0.826	0.732	0.132	0.539	0.782	0.439	0.740	0.517	0.708	0.561	0.261	0.911	0.867	0.672	0.134	0.581	0.779	0.501	0.137	0.549	0.689	0.572	0.122	0.867	0.816	0.685	0.133	0.593	0.815	0.433	0.136	0.593	0.701	0.526												
30:00:02													1.002	0.121	0.784	0.699	0.878	0.134	0.699	0.440	0.903	0.132	0.673	0.556	0.964	0.122	0.800	0.732	0.782	0.757	0.755	0.464	0.890	0.133	0.719	0.494	0.991	0.125	0.821	0.727	0.813	0.131	0.766	0.469	0.909	0.131	0.727	0.664	0.126	0.906	0.827	0.735	0.132	0.545	0.786	0.442	0.743	0.522	0.711	0.566	0.262	0.917	0.868	0.674	0.134	0.586	0.781	0.505	0.137	0.554	0.692	0.575	0.122	0.873	0.818	0.688	0.133	0.601	0.818	0.435	0.136	0.598	0.705	0.530												
30:20:02													1.008	0.121	0.787	0.703	0.885	0.134	0.703	0.444	0.909	0.132	0.677	0.559	0.968	0.122	0.802	0.734	0.781	0.757	0.759	0.471	0.894	0.133	0.722	0.500	0.995	0.125	0.825	0.728	0.817	0.131	0.769	0.473	0.914	0.131	0.730	0.663	0.127	0.912	0.829	0.737	0.132	0.551	0.789	0.445	0.748	0.527	0.715	0.570	0.262	0.923	0.870	0.676	0.134	0.592	0.784	0.509	0.137	0.558	0.698	0.578	0.122	0.880	0.821	0.692	0.133	0.611	0.822	0.435	0.136	0.603	0.711	0.531												
30:40:02													1.014	0.121	0.789	0.708	0.892	0.134	0.708	0.449	0.915	0.132	0.680	0.564	0.972	0.122	0.806	0.738	0.778	0.757	0.763	0.472	0.899	0.133	0.725	0.507	0.999	0.125	0.829	0.730	0.820	0.131	0.772	0.478	0.919	0.131	0.730	0.661	0.127	0.918	0.831	0.740	0.132	0.557	0.793	0.448	0.753	0.531	0.718	0.574	0.262	0.929	0.872	0.679	0.134	0.597	0.786	0.515	0.137	0.564	0.703	0.581	0.122	0.889	0.823	0.696	0.133	0.619	0.826	0.435	0.136	0.606	0.714	0.532												
31:00:02													1.020	0.121	0.791	0.712	0.898	0.134	0.713	0.453	0.921	0.132	0.684	0.568	0.976	0.122	0.808	0.741	0.775	0.755	0.766	0.477	0.904	0.133	0.728	0.514	1.003	0.125	0.831	0.732	0.823	0.131	0.776	0.482	0.924	0.131	0.728	0.660	0.127	0.924	0.834	0.743	0.132	0.562	0.797	0.451	0.756	0.534	0.721	0.577	0.261	0.935	0.874	0.682	0.134	0.602	0.789	0.520	0.137	0.569	0.708	0.583	0.122	0.896	0.825	0.700	0.133	0.627	0.832	0.435	0.136	0.609	0.718	0.533												
31:20:02													1.025	0.121	0.793	0.716	0.902	0.134	0.718	0.457	0.927	0.132	0.687	0.572	0.980	0.122	0.810	0.743	0.772	0.753	0.769	0.483	0.908	0.134	0.732	0.520	1.007	0.125	0.833	0.734	0.827	0.131	0.779	0.486	0.928	0.131	0.726	0.659	0.127	0.929	0.835	0.745	0.132	0.569	0.801	0.455	0.759	0.538	0.725	0.579	0.262	0.941	0.876	0.684	0.134	0.608	0.791	0.526	0.137	0.574	0.713	0.585	0.122	0.904	0.827	0.703	0.133	0.633	0.842	0.435	0.136	0.611	0.722	0.535												
31:40:02													1.032	0.121	0.797	0.721	0.908	0.134	0.724	0.461	0.935	0.132	0.691	0.577	0.985	0.122	0.813	0.747	0.769	0.751	0.773	0.488	0.913	0.134	0.735	0.526	1.013	0.125	0.835	0.736	0.830	0.131	0.784	0.491	0.934	0.131	0.724	0.659	0.127	0.936	0.837	0.748	0.132	0.576	0.805	0.459	0.764	0.541	0.729	0.582	0.262	0.949	0.878	0.687	0.134	0.613	0.795	0.532	0.137	0.579	0.719	0.587	0.122	0.912	0.830	0.710	0.133	0.641	0.848	0.435	0.136	0.612	0.728	0.537												
32:00:02													1.037	0.121	0.799	0.724	0.913	0.134	0.729	0.465	0.941	0.132	0.695	0.581	0.988	0.122	0.815	0.750	0.766	0.748	0.776	0.492	0.917	0.134	0.738	0.532	1.016	0.125	0.836	0.737	0.834	0.131	0.791	0.496	0.938	0.131	0.721	0.658	0.127	0.941	0.839	0.751	0.132	0.582	0.810	0.462	0.768	0.544	0.732	0.584	0.261	0.955	0.880	0.689	0.134	0.618	0.797	0.537	0.137	0.583	0.723	0.589	0.122	0.919	0.832	0.714	0.133	0.647	0.852	0.435	0.136	0.613	0.733	0.541												
32:20:02													1.043	0.121	0.801	0.726	0.917	0.134	0.736	0.470	0.947	0.132	0.698	0.584	0.992	0.122	0.817	0.751	0.763	0.746	0.779	0.496	0.921	0.134	0.741	0.537	1.020	0.125	0.838	0.739	0.837	0.131	0.797	0.500	0.942	0.131	0.718	0.657	0.127	0.947	0.840	0.753	0.132	0.586	0.816	0.466	0.772	0.548	0.735	0.585	0.261	0.960	0.882	0.692	0.134	0.623	0.800	0.543	0.137	0.585	0.729	0.589	0.122	0.927	0.834	0.719	0.133	0.651	0.854	0.436	0.136	0.614	0.740	0.543												
32:40:02													1.048	0.121	0.804	0.729	0.922	0.134	0.747	0.476	0.952	0.132	0.702	0.587	0.996	0.122	0.819	0.754	0.761	0.744	0.782	0.500	0.926	0.134	0.745	0.542	1.024	0.125	0.839	0.741	0.842	0.131	0.802	0.505	0.947	0.131	0.716	0.656	0.127	0.953	0.842	0.755	0.132	0.591	0.823	0.471	0.776	0.551	0.739	0.587	0.261	0.967	0.885	0.694	0.134	0.629	0.803	0.550	0.137	0.587	0.736	0.590	0.122	0.935	0.838	0.722	0.133	0.655	0.858	0.436	0.136	0.615	0.747	0.547												
33:00:02													1.054	0.121	0.807	0.732	0.927	0.134	0.755	0.481	0.958	0.132	0.706	0.591	1.000	0.122	0.821	0.756	0.758	0.741	0.784	0.504	0.930	0.134	0.748	0.546	1.029	0.125	0.841	0.743	0.845	0.131	0.806	0.510	0.951	0.131	0.713	0.655	0.127	0.959	0.844	0.758	0.132	0.593	0.826	0.477	0.780	0.553	0.743	0.587	0.259	0.973	0.886	0.696	0.134	0.634	0.807	0.556	0.137	0.588	0.744	0.590	0.122	0.942	0.840	0.725	0.133	0.658	0.862	0.436	0.136	0.617	0.752	0.551												
33:20:02													1.060	0.121	0.810	0.734	0.932	0.134	0.764	0.487	0.965	0.132	0.710	0.593	1.004	0.122	0.823	0.758	0.756	0.740	0.787	0.509	0.934	0.134	0.751	0.550	1.032	0.125	0.843	0.745	0.848	0.131	0.809	0.514	0.955	0.131	0.712	0.654	0.127	0.965	0.846	0.760	0.132	0.596	0.830	0.483	0.784	0.556	0.746	0.587	0.260	0.980	0.889	0.699	0.134	0.640	0.815	0.563	0.137	0.590	0.750	0.590	0.122	0.949	0.842	0.727	0.133	0.661	0.866	0.437	0.136	0.619	0.759	0.554												
33:40:02													1.065	0.121	0.814	0.738	0.937	0.134	0.773	0.492	0.971	0.132	0.714	0.596	1.008	0.122	0.825	0.761	0.754	0.738	0.790	0.513	0.939	0.134	0.754	0.553	1.037	0.125	0.845	0.747	0.852	0.131	0.812	0.518	0.959	0.131	0.710	0.653	0.127	0.972	0.847	0.763	0.132	0.598	0.839	0.488	0.788	0.559	0.750	0.588	0.259	0.985	0.892	0.701	0.134	0.647	0.821	0.570	0.137	0.591	0.757	0.591	0.122	0.957	0.845	0.731	0.133	0.664	0.870	0.438	0.136	0.625	0.766	0.558												
34:00:02													1.071	0.121	0.818	0.741	0.941	0.134	0.781	0.498	0.976	0.132	0.723	0.598	1.013	0.122	0.828	0.764	0.752	0.737	0.793	0.516	0.943	0.134	0.757	0.556	1.041	0.125	0.847	0.749	0.855	0.131	0.814	0.523	0.963	0.131	0.708	0.653	0.127	0.977	0.849	0.766	0.132	0.600	0.844	0.493	0.791	0.562	0.753	0.588	0.257	0.991	0.894	0.704	0.134	0.652	0.825	0.577	0.137	0.593	0.763	0.591	0.122	0.964	0.849	0.734	0.133	0.666	0.874	0.440	0.136	0.623	0.772	0.562												
34:20:02													1.076	0.121	0.821	0.743	0.945	0.134	0.787	0.504	0.981	0.132	0.729	0.599	1.017	0.122	0.830	0.766	0.751	0.734	0.795	0.520	0.949	0.134	0.759	0.559	1.045	0.125	0.848	0.751	0.859	0.131	0.816	0.527	0.967	0.131	0.706	0.652	0.127	0.984	0.851	0.768	0.132	0.601	0.846	0.498	0.795	0.565	0.757	0.588	0.257	0.996	0.896	0.706	0.134	0.656	0.827	0.584	0.137	0.594	0.770	0.591	0.122	0.971	0.851	0.738	0.133	0.668	0.878	0.442	0.136	0.625	0.778	0.566												
34:40:02													1.082	0.121	0.825	0.746	0.949	0.134	0.795	0.510	0.986	0.132	0.737	0.600	1.021	0.122	0.832	0.769	0.750	0.734	0.798	0.523	0.953	0.134	0.762	0.561	1.049	0.125	0.850	0.753	0.862	0.131	0.819	0.532	0.972	0.131	0.705	0.652	0.127	0.990	0.853	0.770	0.132	0.603	0.850	0.503	0.799	0.568	0.760	0.588	0.257	1.002	0.898	0.709	0.134	0.660	0.828	0.589	0.137	0.595	0.776	0.591	0.122	0.978	0.854	0.741	0.133	0.670	0.879	0.444	0.136	0.629	0.785	0.569												
35:00:02													1.088	0.121	0.828	0.749	0.953	0.134	0.802	0.514	0.992	0.132	0.746	0.602	1.025	0.122	0.835	0.771	0.749	0.732	0.801	0.527	0.956	0.134	0.766	0.565	1.054	0.125	0.853	0.755	0.867	0.131	0.820	0.536	0.975	0.131	0.704	0.652	0.127	0.996	0.855	0.773	0.132	0.605	0.853	0.509	0.803	0.571	0.764	0.589	0.257	1.008	0.901	0.711	0.134	0.664	0.829	0.595	0.137	0.597	0.781	0.591	0.122	0.985	0.856	0.743	0.133	0.672	0.879	0.446	0.136	0.632	0.794	0.572												
35:20:02													1.094	0.121	0.832	0.752	0.957	0.134	0.808	0.519	0.996	0.132	0.756	0.604	1.029	0.122	0.838	0.774	0.747	0.731	0.805	0.530	0.960	0.134	0.768	0.567	1.058	0.125	0.856	0.756	0.870	0.131	0.822	0.540	0.980	0.131	0.703	0.651	0.127	1.003	0.857	0.776	0.132	0.607	0.854	0.514	0.807	0.574	0.767	0.589	0.255	1.013	0.903	0.714	0.134	0.667	0.831	0.599	0.137	0.598	0.788	0.591	0.122	0.991	0.860	0.746	0.133	0.675	0.877	0.449	0.136	0.636	0.801	0.575												
35:40:02													1.100	0.121	0.835	0.753	0.960	0.134	0.816	0.524	1.001	0.132	0.765	0.608	1.033	0.122	0.840	0.776	0.746	0.730	0.808	0.533	0.964	0.134	0.772	0.569	1.062	0.125	0.859	0.758	0.874	0.131	0.823	0.545	0.984	0.132	0.702	0.652	0.127	1.009	0.859	0.778	0.132	0.609	0.855	0.519	0.810	0.577	0.770	0.589	0.255	1.018	0.905	0.716	0.134	0.670	0.832	0.603	0.137	0.600	0.795	0.593	0.122	0.998	0.863	0.748	0.133	0.677	0.875	0.452	0.136	0.640	0.809	0.583												
36:00:02													1.107	0.121	0.844	0.758	0.965	0.134	0.824	0.533	1.006	0.132	0.771	0.614	1.039	0.122	0.845	0.779	0.747	0.732	0.813	0.539	0.967	0.134	0.773	0.568	1.070	0.124	0.864	0.762	0.881	0.131	0.824	0.550	0.987	0.132	0.701	0.650	0.127	1.017	0.865	0.782	0.132	0.612	0.856	0.525	0.814	0.579	0.771	0.588	0.277	1.028	0.910	0.721	0.134	0.675	0.833	0.608	0.137	0.602	0.797	0.598	0.122	1.006	0.869	0.752	0.133	0.681	0.874	0.459	0.136	0.643	0.808	0.586												
36:20:02													1.112	0.121	0.844	0.759	0.967	0.134	0.826	0.530	1.012	0.132	0.782	0.625	1.042	0.122	0.845	0.781	0.745	0.729	0.819	0.541	0.970	0.134	0.778	0.574	1.072	0.125	0.864	0.762	0.881	0.131	0.826	0.554	0.991	0.132	0.701	0.653	0.127	1.021	0.864	0.783	0.132	0.613	0.857	0.530	0.820	0.581	0.778	0.590	0.252	1.030	0.910	0.722	0.134	0.677	0.834	0.610	0.137	0.603	0.803	0.599	0.122	1.012	0.868	0.753	0.133	0.683	0.873	0.459	0.136	0.647	0.820	0.592												
36:40:02													1.118	0.121	0.846	0.762	0.971	0.134	0.826	0.533	1.016	0.132	0.787	0.630	1.046	0.122	0.848	0.783	0.743	0.728	0.822	0.545	0.973	0.134	0.781	0.576	1.076	0.125	0.866	0.764	0.885	0.131	0.826	0.558	0.995	0.132	0.701	0.654	0.127	1.027	0.865	0.786	0.132	0.615	0.857	0.534	0.827	0.582	0.781	0.590	0.252	1.036	0.913	0.724	0.134	0.681	0.835	0.614	0.137	0.605	0.804	0.599	0.122	1.018	0.871	0.756	0.133	0.686	0.872	0.463	0.136	0.650	0.822	0.595												
37:00:02													1.125	0.121	0.848	0.764	0.975	0.134	0.825	0.536	1.022	0.132	0.790	0.633	1.051	0.122	0.851	0.785	0.744	0.728	0.826	0.548	0.977	0.134	0.785	0.579	1.082	0.125	0.869	0.767	0.890	0.131	0.828	0.564	1.000	0.132	0.701	0.655	0.127	1.034	0.868	0.789	0.132	0.618	0.859	0.538	0.832	0.584	0.785	0.591	0.252	1.042	0.915	0.727	0.134	0.684	0.836	0.617	0.137	0.606	0.803	0.599	0.122	1.026	0.875	0.759	0.133	0.689	0.871	0.466	0.136	0.654	0.824	0.595												
37:20:02													1.132	0.121	0.854	0.767	0.978	0.134	0.824	0.538	1.028	0.132	0.790	0.635	1.056	0.122	0.853	0.789	0.742	0.728	0.829	0.552	0.981	0.134	0.788	0.580	1.087	0.125	0.871	0.769	0.893	0.131	0.829	0.569	1.003	0.132	0.700	0.656	0.127	1.040	0.870	0.791	0.132	0.621	0.859	0.542	0.837	0.585	0.788	0.592	0.251	1.048	0.918	0.730	0.134	0.688	0.837	0.619	0.137	0.608	0.801	0.598	0.122	1.032	0.878	0.762	0.133	0.692	0.869	0.470	0.136	0.658	0.825	0.596												
37:40:02													1.138	0.121	0.856	0.769	0.981	0.134	0.821	0.540	1.035	0.132	0.788	0.636	1.060	0.122	0.855	0.791	0.742	0.727	0.832	0.555	0.983	0.134	0.792	0.581	1.091	0.125	0.873	0.771	0.897	0.131	0.829	0.573	1.004	0.132	0.700	0.656	0.127	1.046	0.872	0.793	0.132	0.623	0.859	0.545	0.842	0.585	0.792	0.592	0.250	1.053	0.921	0.732	0.134	0.691	0.837	0.621	0.137	0.610	0.799	0.597	0.122	1.038	0.881	0.764	0.133	0.694	0.867	0.475	0.136	0.662	0.825	0.596												
38:00:02													1.145	0.121	0.859	0.773	0.985	0.134	0.820	0.541	1.040	0.132	0.787	0.637	1.064	0.122	0.857	0.793	0.741	0.727	0.835	0.558	0.987	0.134	0.797	0.584	1.095	0.125	0.875	0.773	0.901	0.131	0.830	0.578	1.009	0.132	0.698	0.656	0.127	1.052	0.874	0.796	0.132	0.625	0.860	0.548	0.845	0.586	0.796	0.592	0.249	1.059	0.924	0.735	0.134	0.695	0.837	0.623	0.137	0.612	0.797	0.596	0.122	1.046	0.884	0.767	0.133	0.697	0.866	0.479	0.136	0.666	0.825	0.595												
38:20:02													1.150	0.121	0.861	0.775	0.988	0.134	0.818	0.544	1.043	0.132	0.784	0.637	1.068	0.122	0.860	0.796	0.740	0.726	0.838	0.560	0.990	0.134	0.806	0.585	1.099	0.125	0.877	0.775	0.904	0.131	0.830	0.582	1.015	0.132	0.697	0.657	0.127	1.058	0.876	0.798	0.132	0.628	0.860	0.550	0.848	0.586	0.801	0.592	0.249	1.064	0.926	0.736	0.134	0.699	0.837	0.624	0.137	0.614	0.794	0.595	0.122	1.052	0.888	0.769	0.133	0.700	0.865	0.483	0.136	0.670	0.824	0.594												
38:40:02													1.157	0.121	0.863	0.777	0.991	0.134	0.816	0.546	1.046	0.132	0.782	0.637	1.073	0.122	0.861	0.798	0.740	0.726	0.839	0.564	0.994	0.134	0.812	0.586	1.105	0.125	0.879	0.777	0.908	0.131	0.830	0.585	1.017	0.132	0.697	0.657	0.128	1.063	0.878	0.800	0.132	0.630	0.860	0.552	0.851	0.587	0.810	0.593	0.247	1.070	0.929	0.739	0.134	0.703	0.838	0.626	0.137	0.616	0.792	0.593	0.122	1.058	0.891	0.771	0.133	0.703	0.864	0.487	0.136	0.674	0.824	0.593												
39:00:02													1.163	0.121	0.865	0.780	0.995	0.134	0.813	0.547	1.050	0.132	0.781	0.637	1.077	0.122	0.863	0.801	0.739	0.725	0.837	0.566	0.996	0.134	0.815	0.588	1.109	0.125	0.881	0.779	0.911	0.131	0.829	0.588	1.020	0.132	0.696	0.657	0.127	1.069	0.880	0.803	0.132	0.632	0.859	0.555	0.854	0.587	0.816	0.593	0.246	1.075	0.931	0.741	0.134	0.706	0.837	0.626	0.137	0.618	0.790	0.592	0.122	1.065	0.894	0.773	0.133	0.707	0.862	0.492	0.136	0.677	0.823	0.593												
39:20:03													1.170	0.121	0.867	0.783	0.998	0.134	0.811	0.549	1.053	0.132	0.778	0.636	1.082	0.122	0.867	0.803	0.739	0.725	0.837	0.569	1.000	0.134	0.817	0.590	1.114	0.125	0.884	0.781	0.915	0.131	0.829	0.592	1.023	0.132	0.695	0.658	0.127	1.074	0.882	0.805	0.132	0.635	0.860	0.556	0.856	0.588	0.820	0.594	0.245	1.080	0.934	0.744	0.134	0.710	0.837	0.627	0.137	0.620	0.789	0.591	0.122	1.071	0.899	0.776	0.133	0.710	0.860	0.497	0.136	0.680	0.823	0.592												
39:40:03													1.178	0.122	0.873	0.786	1.003	0.134	0.808	0.556	1.056	0.133	0.775	0.633	1.088	0.122	0.872	0.807	0.741	0.727	0.840	0.573	1.003	0.134	0.818	0.593	1.121	0.124	0.889	0.784	0.921	0.131	0.829	0.596	1.026	0.132	0.694	0.655	0.127	1.082	0.889	0.808	0.133	0.638	0.859	0.559	0.859	0.589	0.821	0.593	0.266	1.089	0.938	0.748	0.134	0.715	0.838	0.629	0.137	0.623	0.785	0.589	0.122	1.078	0.907	0.779	0.133	0.714	0.858	0.507	0.136	0.682	0.819	0.590												
40:00:03													1.183	0.121	0.873	0.787	1.005	0.134	0.805	0.554	1.058	0.132	0.775	0.635	1.091	0.122	0.871	0.808	0.738	0.724	0.843	0.574	1.006	0.134	0.820	0.597	1.122	0.125	0.888	0.784	0.922	0.131	0.829	0.597	1.029	0.132	0.695	0.659	0.127	1.085	0.886	0.809	0.132	0.640	0.859	0.559	0.859	0.590	0.827	0.595	0.245	1.091	0.938	0.748	0.134	0.718	0.837	0.628	0.137	0.624	0.786	0.588	0.122	1.084	0.907	0.781	0.133	0.716	0.856	0.508	0.136	0.686	0.821	0.590												
40:20:03													1.189	0.121	0.877	0.791	1.008	0.134	0.803	0.556	1.061	0.132	0.774	0.635	1.096	0.122	0.874	0.810	0.737	0.724	0.844	0.576	1.009	0.134	0.821	0.598	1.127	0.125	0.890	0.786	0.925	0.131	0.828	0.600	1.032	0.132	0.694	0.659	0.128	1.090	0.888	0.811	0.132	0.643	0.858	0.560	0.859	0.593	0.830	0.596	0.243	1.096	0.940	0.750	0.134	0.722	0.836	0.629	0.137	0.626	0.785	0.587	0.122	1.089	0.911	0.784	0.133	0.720	0.854	0.513	0.136	0.689	0.821	0.590												
40:40:03													1.196	0.121	0.879	0.793	1.012	0.134	0.801	0.559	1.064	0.132	0.773	0.635	1.101	0.122	0.877	0.813	0.737	0.724	0.843	0.578	1.011	0.134	0.820	0.599	1.131	0.125	0.892	0.789	0.929	0.131	0.828	0.602	1.035	0.132	0.694	0.659	0.128	1.095	0.891	0.814	0.132	0.646	0.859	0.562	0.857	0.593	0.833	0.597	0.242	1.101	0.942	0.753	0.134	0.726	0.835	0.630	0.137	0.628	0.783	0.587	0.122	1.095	0.915	0.786	0.133	0.724	0.852	0.518	0.136	0.693	0.820	0.589												
41:00:03													1.202	0.121	0.884	0.795	1.014	0.134	0.799	0.562	1.065	0.132	0.772	0.634	1.106	0.122	0.880	0.815	0.736	0.723	0.842	0.580	1.014	0.134	0.818	0.599	1.136	0.125	0.895	0.790	0.933	0.131	0.827	0.605	1.038	0.132	0.693	0.659	0.128	1.101	0.893	0.816	0.132	0.648	0.859	0.563	0.856	0.593	0.835	0.597	0.241	1.107	0.945	0.755	0.134	0.729	0.834	0.631	0.137	0.631	0.782	0.586	0.122	1.102	0.920	0.789	0.133	0.727	0.850	0.521	0.136	0.696	0.820	0.588												
41:20:03													1.209	0.121	0.888	0.799	1.018	0.134	0.797	0.567	1.067	0.133	0.771	0.634	1.111	0.122	0.884	0.818	0.737	0.724	0.844	0.582	1.018	0.134	0.816	0.600	1.142	0.125	0.897	0.793	0.937	0.131	0.827	0.607	1.041	0.132	0.693	0.660	0.128	1.106	0.896	0.819	0.132	0.651	0.860	0.564	0.855	0.593	0.838	0.604	0.241	1.113	0.947	0.758	0.134	0.734	0.834	0.631	0.137	0.633	0.781	0.585	0.122	1.109	0.925	0.792	0.133	0.731	0.849	0.524	0.136	0.700	0.819	0.587												
41:40:03													1.216	0.121	0.891	0.801	1.022	0.134	0.796	0.576	1.068	0.133	0.771	0.634	1.116	0.122	0.886	0.820	0.736	0.723	0.847	0.584	1.020	0.134	0.814	0.599	1.147	0.125	0.900	0.794	0.940	0.131	0.827	0.609	1.043	0.132	0.692	0.660	0.128	1.111	0.898	0.821	0.132	0.653	0.861	0.564	0.853	0.592	0.837	0.607	0.239	1.117	0.949	0.760	0.134	0.738	0.834	0.632	0.137	0.636	0.780	0.584	0.122	1.114	0.930	0.795	0.133	0.734	0.848	0.525	0.136	0.704	0.818	0.586												
42:00:03													1.223	0.121	0.896	0.804	1.026	0.134	0.794	0.580	1.070	0.133	0.769	0.634	1.121	0.122	0.889	0.823	0.736	0.723	0.849	0.585	1.023	0.134	0.811	0.599	1.152	0.125	0.902	0.797	0.943	0.131	0.827	0.611	1.047	0.132	0.692	0.660	0.128	1.116	0.900	0.824	0.133	0.656	0.862	0.565	0.852	0.591	0.835	0.609	0.239	1.123	0.952	0.763	0.134	0.742	0.834	0.632	0.137	0.638	0.779	0.585	0.122	1.121	0.935	0.797	0.133	0.738	0.847	0.526	0.136	0.709	0.817	0.586												
42:20:03													1.230	0.121	0.900	0.807	1.029	0.134	0.793	0.584	1.071	0.133	0.768	0.634	1.125	0.122	0.892	0.825	0.735	0.722	0.851	0.587	1.026	0.134	0.809	0.598	1.156	0.125	0.905	0.798	0.946	0.131	0.827	0.612	1.050	0.132	0.692	0.661	0.128	1.121	0.902	0.826	0.132	0.658	0.863	0.565	0.851	0.591	0.832	0.610	0.238	1.128	0.955	0.765	0.134	0.745	0.833	0.633	0.137	0.639	0.777	0.584	0.122	1.126	0.939	0.800	0.133	0.741	0.846	0.525	0.136	0.712	0.815	0.585												
42:40:03													1.237	0.121	0.905	0.809	1.032	0.134	0.792	0.587	1.072	0.133	0.767	0.633	1.130	0.122	0.895	0.827	0.735	0.722	0.852	0.589	1.029	0.134	0.808	0.597	1.161	0.125	0.907	0.800	0.950	0.131	0.827	0.615	1.053	0.132	0.691	0.660	0.128	1.126	0.905	0.828	0.132	0.661	0.863	0.565	0.850	0.590	0.829	0.610	0.237	1.133	0.957	0.767	0.134	0.750	0.833	0.634	0.137	0.642	0.776	0.584	0.122	1.132	0.943	0.802	0.133	0.745	0.845	0.525	0.136	0.717	0.814	0.584												
43:00:03													1.244	0.121	0.909	0.813	1.035	0.134	0.790	0.589	1.073	0.132	0.766	0.633	1.135	0.122	0.898	0.829	0.734	0.722	0.854	0.591	1.032	0.134	0.807	0.596	1.166	0.125	0.909	0.802	0.953	0.131	0.827	0.617	1.056	0.132	0.691	0.660	0.128	1.130	0.907	0.830	0.133	0.663	0.863	0.566	0.848	0.590	0.826	0.610	0.235	1.138	0.960	0.769	0.134	0.754	0.834	0.635	0.137	0.644	0.775	0.583	0.122	1.138	0.947	0.805	0.133	0.748	0.844	0.524	0.136	0.721	0.813	0.584												
43:20:03													1.250	0.121	0.912	0.815	1.036	0.134	0.788	0.589	1.074	0.132	0.764	0.633	1.139	0.122	0.900	0.831	0.734	0.721	0.854	0.593	1.035	0.134	0.805	0.595	1.170	0.125	0.911	0.804	0.956	0.131	0.827	0.620	1.059	0.132	0.690	0.660	0.128	1.135	0.909	0.833	0.133	0.666	0.862	0.567	0.847	0.590	0.823	0.610	0.234	1.143	0.963	0.771	0.134	0.757	0.834	0.635	0.137	0.646	0.773	0.583	0.122	1.144	0.950	0.807	0.133	0.750	0.842	0.523	0.136	0.727	0.812	0.582												
43:40:03													1.257	0.121	0.916	0.818	1.037	0.134	0.787	0.588	1.076	0.132	0.763	0.632	1.145	0.122	0.903	0.833	0.734	0.721	0.852	0.594	1.038	0.134	0.803	0.595	1.176	0.125	0.913	0.806	0.960	0.131	0.827	0.624	1.062	0.132	0.690	0.660	0.128	1.139	0.911	0.835	0.132	0.668	0.862	0.568	0.845	0.590	0.821	0.609	0.234	1.147	0.966	0.773	0.134	0.761	0.834	0.636	0.137	0.648	0.772	0.583	0.122	1.149	0.955	0.809	0.133	0.753	0.842	0.521	0.136	0.731	0.810	0.582												
44:00:03													1.264	0.121	0.920	0.819	1.038	0.134	0.785	0.586	1.077	0.132	0.762	0.632	1.149	0.122	0.905	0.836	0.734	0.720	0.850	0.596	1.041	0.134	0.802	0.594	1.181	0.125	0.915	0.808	0.963	0.131	0.828	0.626	1.066	0.132	0.690	0.660	0.128	1.143	0.913	0.837	0.132	0.671	0.861	0.568	0.844	0.590	0.819	0.609	0.233	1.152	0.968	0.774	0.134	0.764	0.834	0.637	0.137	0.651	0.771	0.583	0.122	1.155	0.959	0.812	0.133	0.756	0.842	0.520	0.136	0.736	0.809	0.581												
44:20:03													1.270	0.121	0.923	0.822	1.039	0.134	0.783	0.584	1.079	0.132	0.761	0.631	1.155	0.122	0.908	0.839	0.733	0.720	0.849	0.603	1.044	0.134	0.801	0.593	1.186	0.125	0.917	0.810	0.966	0.131	0.828	0.627	1.068	0.132	0.690	0.659	0.128	1.148	0.915	0.839	0.133	0.673	0.860	0.569	0.843	0.590	0.817	0.608	0.232	1.157	0.971	0.776	0.134	0.768	0.835	0.638	0.137	0.654	0.770	0.583	0.122	1.161	0.963	0.815	0.133	0.759	0.841	0.519	0.136	0.746	0.808	0.580												
44:40:03													1.277	0.121	0.927	0.823	1.040	0.134	0.782	0.581	1.080	0.132	0.760	0.632	1.159	0.122	0.911	0.841	0.733	0.720	0.848	0.607	1.047	0.134	0.800	0.593	1.190	0.125	0.919	0.812	0.970	0.131	0.829	0.628	1.070	0.132	0.690	0.660	0.128	1.152	0.918	0.841	0.133	0.675	0.859	0.569	0.842	0.590	0.815	0.608	0.231	1.162	0.974	0.778	0.134	0.772	0.835	0.639	0.137	0.656	0.770	0.583	0.122	1.166	0.966	0.817	0.133	0.762	0.840	0.518	0.136	0.751	0.808	0.579												
45:00:03													1.284	0.121	0.929	0.826	1.040	0.134	0.780	0.579	1.081	0.132	0.759	0.631	1.164	0.122	0.915	0.844	0.732	0.720	0.847	0.608	1.050	0.134	0.798	0.592	1.195	0.125	0.921	0.814	0.973	0.131	0.829	0.629	1.072	0.132	0.689	0.660	0.128	1.156	0.920	0.844	0.133	0.678	0.859	0.572	0.840	0.590	0.813	0.608	0.229	1.166	0.977	0.780	0.134	0.776	0.835	0.639	0.137	0.659	0.769	0.583	0.122	1.171	0.969	0.819	0.133	0.764	0.840	0.517	0.136	0.756	0.806	0.579												
45:20:03													1.290	0.121	0.932	0.829	1.040	0.134	0.779	0.577	1.081	0.132	0.758	0.631	1.169	0.122	0.918	0.846	0.732	0.719	0.846	0.610	1.053	0.134	0.797	0.592	1.200	0.125	0.924	0.817	0.977	0.131	0.829	0.630	1.074	0.132	0.689	0.661	0.128	1.160	0.923	0.846	0.133	0.680	0.859	0.576	0.839	0.590	0.811	0.608	0.229	1.171	0.980	0.782	0.134	0.779	0.835	0.640	0.137	0.661	0.768	0.584	0.122	1.177	0.973	0.821	0.133	0.767	0.839	0.516	0.136	0.759	0.806	0.578												
45:40:03													1.298	0.122	0.938	0.833	1.043	0.134	0.778	0.577	1.083	0.133	0.756	0.628	1.176	0.122	0.924	0.850	0.735	0.721	0.845	0.612	1.057	0.134	0.796	0.589	1.207	0.124	0.930	0.820	0.983	0.132	0.830	0.634	1.077	0.132	0.688	0.658	0.128	1.167	0.929	0.850	0.133	0.684	0.859	0.579	0.839	0.591	0.808	0.606	0.248	1.178	0.985	0.786	0.134	0.784	0.836	0.644	0.137	0.664	0.765	0.583	0.123	1.183	0.980	0.823	0.133	0.770	0.839	0.514	0.136	0.762	0.802	0.578												
46:00:03													1.303	0.121	0.936	0.833	1.041	0.134	0.776	0.574	1.082	0.132	0.756	0.631	1.179	0.122	0.924	0.850	0.732	0.719	0.844	0.611	1.059	0.134	0.796	0.591	1.208	0.125	0.928	0.820	0.983	0.131	0.831	0.633	1.079	0.132	0.689	0.663	0.128	1.169	0.927	0.851	0.133	0.685	0.858	0.578	0.835	0.590	0.808	0.607	0.227	1.180	0.985	0.786	0.134	0.787	0.835	0.649	0.137	0.666	0.766	0.584	0.122	1.187	0.979	0.825	0.133	0.773	0.838	0.514	0.136	0.763	0.804	0.577												
46:20:03													1.310	0.121	0.939	0.835	1.042	0.134	0.774	0.573	1.083	0.133	0.755	0.630	1.185	0.122	0.927	0.853	0.731	0.718	0.843	0.609	1.063	0.134	0.795	0.591	1.212	0.125	0.930	0.822	0.986	0.131	0.832	0.634	1.081	0.132	0.689	0.664	0.128	1.173	0.930	0.853	0.133	0.688	0.857	0.578	0.833	0.590	0.806	0.607	0.225	1.185	0.988	0.788	0.134	0.791	0.834	0.650	0.137	0.668	0.765	0.584	0.122	1.193	0.986	0.826	0.133	0.776	0.838	0.513	0.136	0.764	0.803	0.577												
46:40:03													1.316	0.121	0.942	0.838	1.045	0.134	0.773	0.572	1.083	0.133	0.753	0.630	1.190	0.122	0.930	0.855	0.731	0.718	0.843	0.607	1.067	0.134	0.794	0.590	1.217	0.125	0.933	0.823	0.989	0.131	0.834	0.640	1.083	0.132	0.689	0.665	0.128	1.177	0.933	0.855	0.133	0.690	0.856	0.578	0.831	0.590	0.804	0.606	0.224	1.189	0.991	0.789	0.134	0.794	0.833	0.650	0.137	0.670	0.764	0.584	0.122	1.198	0.990	0.828	0.133	0.780	0.837	0.512	0.136	0.766	0.802	0.576												
47:00:03													1.322	0.122	0.945	0.840	1.047	0.134	0.772	0.571	1.083	0.133	0.752	0.630	1.196	0.122	0.932	0.857	0.732	0.718	0.843	0.607	1.071	0.134	0.793	0.590	1.222	0.125	0.935	0.825	0.992	0.131	0.835	0.644	1.085	0.132	0.689	0.665	0.128	1.180	0.935	0.857	0.133	0.692	0.856	0.578	0.829	0.590	0.803	0.606	0.222	1.194	0.994	0.791	0.134	0.798	0.833	0.650	0.137	0.673	0.762	0.584	0.122	1.202	0.989	0.831	0.133	0.783	0.837	0.511	0.136	0.767	0.801	0.575												
47:20:03													1.328	0.122	0.947	0.842	1.049	0.134	0.770	0.570	1.082	0.133	0.751	0.629	1.201	0.122	0.935	0.859	0.731	0.718	0.843	0.605	1.073	0.134	0.793	0.589	1.227	0.125	0.938	0.827	0.996	0.132	0.837	0.646	1.086	0.132	0.689	0.666	0.128	1.184	0.938	0.860	0.133	0.695	0.855	0.578	0.828	0.590	0.801	0.606	0.222	1.198	0.997	0.794	0.134	0.802	0.832	0.650	0.137	0.675	0.762	0.585	0.122	1.208	0.990	0.833	0.133	0.786	0.836	0.510	0.136	0.768	0.800	0.574												

