Field Group

Plate Comment:	
Procedure Summary
  Plate Type:              Corning 96 well for LogPhase600
  Plate Number:            1
  Discontinuous Kinetics:  Runtime 02:00:00 (D:HH:MM), Interval 00:20:00 (HH:MM:SS), 145 Reads (max)
  Read:                    600 nm
  Incubator:               On
    Temperature setpoint:  30 °C
    Temperature gradient:  On
  Shaking:                 On
     Shaking frequency:    600 RPMs		
			
			

600

Time	A1	A2	A3	A4	A5	A6	A7	A8	A9	A10	A11	A12	B1	B2	B3	B4	B5	B6	B7	B8	B9	B10	B11	B12	C1	C2	C3	C4	C5	C6	C7	C8	C9	C10	C11	C12	D1	D2	D3	D4	D5	D6	D7	D8	D9	D10	D11	D12	E1	E2	E3	E4	E5	E6	E7	E8	E9	E10	E11	E12	F1	F2	F3	F4	F5	F6	F7	F8	F9	F10	F11	F12	G1	G2	G3	G4	G5	G6	G7	G8	G9	G10	G11	G12	H1	H2	H3	H4	H5	H6	H7	H8	H9	H10	H11	H12
0:00:00	0.146	0.143	0.146	0.141	0.152	0.150	0.143	0.149	0.151	0.149	0.147	0.149	0.149	0.139	0.144	0.145	0.144	0.150	0.146	0.148	0.149	0.149	0.144	0.143	0.142	0.144	0.148	0.144	0.145	0.154	0.146	0.151	0.150	0.156	0.146	0.150	0.155	0.141	0.146	0.147	0.152	0.147	0.149	0.149	0.148	0.151	0.150	0.154	0.146	0.141	0.142	0.142	0.145	0.150	0.152	0.150	0.159	0.157	0.147	0.147	0.144	0.141	0.146	0.155	0.146	0.146	0.146	0.145	0.150	0.146	0.155	0.149	0.139	0.139	0.137	0.140	0.146	0.145	0.149	0.147	0.143	0.153	0.155	0.148	0.229	0.141	0.143	0.140	0.146	0.150	0.153	0.150	0.150	0.151	0.154	0.157
0:20:00	0.145	0.142	0.145	0.140	0.149	0.146	0.142	0.148	0.151	0.149	0.145	0.149	0.147	0.138	0.143	0.144	0.142	0.148	0.144	0.147	0.148	0.148	0.143	0.143	0.142	0.143	0.148	0.143	0.144	0.152	0.147	0.149	0.150	0.154	0.146	0.149	0.153	0.141	0.146	0.144	0.150	0.147	0.149	0.149	0.147	0.151	0.149	0.152	0.145	0.141	0.141	0.142	0.144	0.149	0.150	0.150	0.158	0.157	0.146	0.145	0.143	0.141	0.145	0.153	0.145	0.146	0.145	0.144	0.149	0.147	0.152	0.149	0.138	0.139	0.137	0.140	0.146	0.144	0.149	0.147	0.143	0.152	0.153	0.147	0.227	0.140	0.141	0.139	0.144	0.152	0.152	0.148	0.146	0.149	0.151	0.155
0:40:00	0.144	0.142	0.145	0.140	0.147	0.146	0.142	0.148	0.150	0.148	0.145	0.148	0.147	0.138	0.143	0.143	0.142	0.147	0.144	0.147	0.148	0.147	0.143	0.142	0.141	0.143	0.147	0.143	0.144	0.151	0.146	0.148	0.149	0.153	0.145	0.148	0.153	0.141	0.145	0.143	0.149	0.147	0.148	0.148	0.147	0.150	0.149	0.152	0.144	0.140	0.140	0.142	0.143	0.149	0.150	0.149	0.158	0.157	0.145	0.144	0.142	0.141	0.145	0.153	0.145	0.146	0.144	0.143	0.149	0.146	0.150	0.149	0.138	0.138	0.137	0.139	0.146	0.144	0.148	0.146	0.143	0.151	0.152	0.147	0.229	0.140	0.140	0.139	0.144	0.151	0.152	0.147	0.146	0.148	0.150	0.154
1:00:00	0.143	0.141	0.145	0.138	0.147	0.146	0.142	0.147	0.148	0.148	0.145	0.148	0.146	0.138	0.142	0.142	0.142	0.146	0.145	0.146	0.148	0.147	0.143	0.142	0.141	0.144	0.146	0.142	0.143	0.151	0.146	0.146	0.148	0.151	0.144	0.148	0.152	0.140	0.145	0.142	0.149	0.147	0.147	0.148	0.146	0.150	0.149	0.152	0.144	0.140	0.140	0.142	0.143	0.149	0.149	0.149	0.157	0.156	0.145	0.144	0.141	0.140	0.144	0.152	0.144	0.146	0.144	0.143	0.148	0.146	0.149	0.147	0.137	0.138	0.137	0.139	0.145	0.144	0.147	0.146	0.143	0.152	0.150	0.147	0.206	0.139	0.139	0.139	0.144	0.150	0.152	0.147	0.146	0.148	0.149	0.153
1:20:00	0.143	0.141	0.144	0.138	0.146	0.145	0.141	0.146	0.149	0.147	0.145	0.148	0.146	0.138	0.142	0.143	0.142	0.146	0.144	0.146	0.147	0.146	0.142	0.142	0.141	0.142	0.145	0.142	0.143	0.150	0.145	0.146	0.148	0.151	0.145	0.148	0.151	0.140	0.144	0.143	0.148	0.146	0.146	0.147	0.146	0.148	0.148	0.151	0.143	0.140	0.139	0.141	0.143	0.148	0.148	0.148	0.156	0.155	0.144	0.144	0.141	0.141	0.144	0.152	0.144	0.145	0.143	0.142	0.146	0.146	0.148	0.147	0.137	0.137	0.136	0.138	0.145	0.143	0.147	0.146	0.143	0.150	0.150	0.146	0.229	0.138	0.138	0.138	0.144	0.151	0.151	0.146	0.145	0.147	0.149	0.153
1:40:00	0.143	0.140	0.144	0.138	0.146	0.144	0.141	0.146	0.148	0.147	0.145	0.147	0.146	0.137	0.142	0.142	0.142	0.145	0.144	0.146	0.147	0.146	0.141	0.142	0.141	0.142	0.145	0.141	0.143	0.149	0.145	0.145	0.147	0.150	0.144	0.147	0.151	0.140	0.143	0.142	0.147	0.145	0.146	0.147	0.146	0.148	0.147	0.151	0.142	0.139	0.139	0.140	0.143	0.148	0.148	0.147	0.156	0.155	0.144	0.143	0.141	0.140	0.143	0.152	0.144	0.145	0.143	0.141	0.146	0.146	0.148	0.147	0.137	0.137	0.136	0.138	0.145	0.143	0.146	0.146	0.143	0.150	0.150	0.146	0.229	0.138	0.138	0.138	0.144	0.150	0.151	0.146	0.144	0.147	0.148	0.152
2:00:00	0.142	0.140	0.144	0.137	0.146	0.144	0.141	0.145	0.146	0.147	0.145	0.147	0.146	0.137	0.141	0.141	0.142	0.144	0.145	0.145	0.147	0.145	0.141	0.142	0.140	0.142	0.144	0.141	0.143	0.149	0.145	0.145	0.147	0.148	0.144	0.147	0.151	0.140	0.143	0.141	0.147	0.145	0.145	0.147	0.145	0.147	0.148	0.150	0.143	0.139	0.139	0.141	0.143	0.147	0.147	0.147	0.155	0.154	0.144	0.143	0.140	0.139	0.143	0.151	0.144	0.145	0.143	0.141	0.145	0.145	0.148	0.146	0.137	0.137	0.136	0.137	0.145	0.143	0.146	0.146	0.142	0.151	0.148	0.146	0.205	0.138	0.138	0.138	0.143	0.149	0.150	0.145	0.145	0.147	0.148	0.152
2:20:00	0.142	0.140	0.144	0.137	0.146	0.144	0.141	0.145	0.146	0.146	0.145	0.147	0.146	0.136	0.141	0.141	0.142	0.145	0.145	0.145	0.146	0.145	0.141	0.141	0.140	0.143	0.144	0.141	0.143	0.149	0.144	0.144	0.147	0.148	0.143	0.146	0.152	0.139	0.142	0.141	0.145	0.145	0.144	0.146	0.145	0.146	0.147	0.150	0.142	0.138	0.138	0.140	0.142	0.147	0.146	0.146	0.155	0.153	0.144	0.143	0.140	0.138	0.143	0.151	0.144	0.145	0.143	0.141	0.144	0.145	0.147	0.145	0.136	0.137	0.136	0.137	0.144	0.143	0.146	0.145	0.141	0.150	0.148	0.146	0.204	0.137	0.138	0.137	0.144	0.148	0.151	0.145	0.146	0.147	0.148	0.151
2:40:00	0.142	0.139	0.142	0.138	0.145	0.143	0.141	0.144	0.146	0.146	0.144	0.147	0.145	0.136	0.141	0.141	0.141	0.144	0.145	0.145	0.146	0.144	0.140	0.141	0.140	0.141	0.144	0.140	0.142	0.147	0.144	0.144	0.147	0.148	0.143	0.146	0.149	0.139	0.141	0.141	0.145	0.144	0.145	0.145	0.145	0.146	0.147	0.149	0.141	0.138	0.138	0.139	0.142	0.147	0.147	0.146	0.154	0.154	0.143	0.143	0.140	0.139	0.143	0.151	0.143	0.144	0.142	0.141	0.145	0.145	0.146	0.146	0.136	0.137	0.135	0.136	0.144	0.143	0.145	0.145	0.142	0.150	0.149	0.145	0.231	0.137	0.137	0.137	0.143	0.150	0.150	0.145	0.144	0.146	0.147	0.151
3:00:00	0.141	0.139	0.142	0.137	0.145	0.143	0.141	0.144	0.146	0.147	0.144	0.147	0.145	0.136	0.140	0.141	0.141	0.143	0.146	0.145	0.146	0.144	0.141	0.141	0.140	0.141	0.143	0.140	0.142	0.147	0.144	0.144	0.146	0.148	0.143	0.146	0.150	0.138	0.141	0.140	0.145	0.144	0.144	0.145	0.144	0.145	0.147	0.149	0.142	0.138	0.138	0.140	0.142	0.146	0.146	0.146	0.154	0.153	0.143	0.142	0.139	0.138	0.142	0.150	0.143	0.144	0.142	0.140	0.144	0.145	0.146	0.145	0.136	0.136	0.135	0.136	0.144	0.143	0.145	0.145	0.142	0.150	0.147	0.145	0.209	0.137	0.137	0.137	0.143	0.150	0.149	0.145	0.145	0.146	0.147	0.151
3:20:00	0.141	0.139	0.142	0.137	0.145	0.143	0.141	0.144	0.146	0.147	0.144	0.147	0.144	0.136	0.140	0.140	0.141	0.143	0.148	0.144	0.146	0.144	0.141	0.141	0.140	0.141	0.143	0.140	0.142	0.146	0.144	0.143	0.146	0.147	0.143	0.146	0.150	0.138	0.141	0.140	0.145	0.144	0.144	0.145	0.144	0.145	0.147	0.149	0.142	0.138	0.138	0.140	0.142	0.146	0.146	0.145	0.154	0.153	0.143	0.142	0.139	0.138	0.142	0.149	0.143	0.144	0.142	0.140	0.144	0.145	0.146	0.145	0.136	0.136	0.135	0.136	0.144	0.143	0.146	0.145	0.142	0.150	0.147	0.145	0.203	0.137	0.137	0.137	0.143	0.151	0.149	0.145	0.145	0.146	0.147	0.151
3:40:00	0.141	0.139	0.142	0.137	0.145	0.144	0.141	0.144	0.145	0.146	0.145	0.147	0.144	0.136	0.140	0.140	0.141	0.144	0.151	0.145	0.146	0.144	0.141	0.141	0.139	0.142	0.142	0.140	0.142	0.147	0.143	0.144	0.146	0.147	0.142	0.146	0.151	0.138	0.141	0.140	0.144	0.143	0.143	0.145	0.145	0.144	0.146	0.149	0.141	0.137	0.138	0.139	0.142	0.146	0.146	0.145	0.154	0.152	0.143	0.142	0.139	0.138	0.142	0.150	0.143	0.144	0.143	0.140	0.144	0.145	0.146	0.144	0.135	0.136	0.135	0.136	0.144	0.143	0.146	0.145	0.141	0.150	0.147	0.145	0.207	0.136	0.137	0.137	0.144	0.150	0.150	0.145	0.147	0.147	0.147	0.150
4:00:00	0.141	0.139	0.141	0.136	0.145	0.143	0.141	0.144	0.145	0.146	0.144	0.147	0.144	0.135	0.140	0.140	0.141	0.143	0.154	0.144	0.146	0.144	0.141	0.141	0.139	0.141	0.142	0.139	0.142	0.145	0.144	0.143	0.146	0.147	0.142	0.146	0.150	0.138	0.141	0.139	0.144	0.143	0.144	0.145	0.144	0.145	0.146	0.148	0.141	0.138	0.138	0.139	0.142	0.146	0.146	0.145	0.154	0.153	0.143	0.142	0.138	0.138	0.142	0.149	0.143	0.144	0.143	0.140	0.144	0.145	0.146	0.144	0.136	0.136	0.135	0.136	0.144	0.143	0.146	0.145	0.142	0.151	0.147	0.145	0.204	0.136	0.137	0.137	0.142	0.152	0.150	0.144	0.146	0.146	0.147	0.150
4:20:00	0.141	0.138	0.141	0.137	0.145	0.144	0.141	0.144	0.145	0.146	0.144	0.146	0.144	0.136	0.140	0.141	0.141	0.143	0.159	0.144	0.146	0.143	0.141	0.140	0.139	0.141	0.142	0.139	0.142	0.146	0.143	0.143	0.146	0.147	0.143	0.146	0.150	0.138	0.140	0.139	0.144	0.143	0.143	0.145	0.144	0.144	0.146	0.148	0.140	0.137	0.137	0.138	0.142	0.146	0.146	0.144	0.153	0.153	0.143	0.142	0.138	0.138	0.142	0.149	0.143	0.143	0.144	0.139	0.144	0.145	0.145	0.144	0.135	0.136	0.134	0.136	0.144	0.144	0.146	0.144	0.141	0.150	0.149	0.144	0.234	0.136	0.137	0.136	0.144	0.152	0.151	0.144	0.146	0.146	0.147	0.151
4:40:00	0.141	0.139	0.141	0.136	0.145	0.143	0.141	0.144	0.145	0.146	0.144	0.147	0.143	0.135	0.140	0.140	0.141	0.142	0.164	0.144	0.146	0.143	0.141	0.141	0.139	0.141	0.142	0.139	0.142	0.145	0.145	0.143	0.146	0.147	0.143	0.145	0.149	0.138	0.140	0.138	0.144	0.143	0.144	0.144	0.144	0.144	0.146	0.148	0.141	0.137	0.137	0.139	0.142	0.146	0.146	0.145	0.153	0.153	0.143	0.142	0.138	0.138	0.141	0.148	0.143	0.144	0.145	0.140	0.144	0.145	0.146	0.144	0.135	0.136	0.135	0.135	0.145	0.144	0.148	0.144	0.142	0.151	0.147	0.145	0.204	0.136	0.137	0.136	0.143	0.155	0.152	0.144	0.147	0.146	0.147	0.150
5:00:00	0.140	0.138	0.141	0.136	0.145	0.143	0.142	0.144	0.144	0.145	0.145	0.147	0.143	0.135	0.139	0.140	0.141	0.143	0.170	0.144	0.146	0.143	0.141	0.141	0.139	0.141	0.141	0.139	0.142	0.146	0.145	0.143	0.146	0.147	0.142	0.145	0.150	0.138	0.140	0.139	0.144	0.143	0.144	0.144	0.144	0.144	0.146	0.148	0.140	0.137	0.137	0.138	0.142	0.146	0.146	0.144	0.153	0.152	0.143	0.142	0.138	0.138	0.141	0.148	0.144	0.144	0.147	0.140	0.144	0.145	0.146	0.144	0.135	0.136	0.135	0.135	0.145	0.145	0.151	0.145	0.141	0.152	0.147	0.145	0.206	0.136	0.137	0.136	0.144	0.155	0.155	0.145	0.148	0.147	0.148	0.150
5:20:00	0.140	0.138	0.141	0.136	0.145	0.143	0.143	0.144	0.144	0.146	0.145	0.147	0.143	0.135	0.140	0.139	0.141	0.142	0.174	0.143	0.146	0.144	0.142	0.141	0.139	0.141	0.141	0.138	0.142	0.144	0.148	0.143	0.146	0.146	0.143	0.145	0.149	0.137	0.140	0.138	0.145	0.143	0.146	0.144	0.143	0.145	0.147	0.148	0.140	0.137	0.137	0.138	0.142	0.146	0.147	0.144	0.153	0.154	0.143	0.142	0.138	0.138	0.141	0.147	0.145	0.144	0.148	0.139	0.144	0.146	0.146	0.144	0.135	0.136	0.135	0.135	0.146	0.144	0.154	0.144	0.142	0.151	0.147	0.145	0.201	0.136	0.136	0.136	0.143	0.158	0.157	0.144	0.147	0.146	0.148	0.150
5:40:00	0.140	0.138	0.140	0.136	0.145	0.143	0.144	0.144	0.144	0.146	0.145	0.147	0.143	0.135	0.140	0.140	0.141	0.143	0.178	0.143	0.146	0.145	0.142	0.141	0.139	0.140	0.141	0.138	0.142	0.145	0.150	0.144	0.146	0.147	0.143	0.145	0.148	0.138	0.139	0.138	0.145	0.142	0.148	0.144	0.144	0.145	0.147	0.148	0.139	0.137	0.137	0.137	0.142	0.146	0.149	0.144	0.153	0.153	0.143	0.142	0.138	0.138	0.141	0.147	0.145	0.144	0.152	0.139	0.145	0.144	0.147	0.145	0.135	0.136	0.134	0.135	0.147	0.146	0.160	0.144	0.142	0.153	0.149	0.145	0.224	0.136	0.136	0.136	0.144	0.162	0.163	0.144	0.147	0.146	0.150	0.151
6:00:01	0.140	0.138	0.141	0.136	0.145	0.143	0.147	0.144	0.144	0.146	0.146	0.147	0.142	0.135	0.140	0.139	0.141	0.142	0.183	0.143	0.146	0.145	0.144	0.141	0.139	0.140	0.141	0.138	0.142	0.145	0.155	0.144	0.146	0.147	0.143	0.146	0.148	0.137	0.139	0.138	0.145	0.143	0.150	0.144	0.143	0.145	0.147	0.148	0.139	0.136	0.137	0.138	0.142	0.146	0.150	0.144	0.154	0.153	0.143	0.142	0.138	0.137	0.141	0.146	0.146	0.144	0.159	0.140	0.144	0.144	0.148	0.145	0.135	0.136	0.135	0.135	0.149	0.148	0.170	0.145	0.142	0.153	0.148	0.145	0.202	0.136	0.136	0.136	0.144	0.164	0.171	0.144	0.148	0.146	0.151	0.151
6:20:01	0.140	0.139	0.140	0.136	0.146	0.143	0.150	0.144	0.144	0.146	0.147	0.147	0.142	0.135	0.140	0.139	0.142	0.143	0.193	0.143	0.145	0.146	0.146	0.141	0.139	0.140	0.141	0.138	0.142	0.145	0.162	0.145	0.147	0.147	0.144	0.146	0.148	0.137	0.139	0.138	0.146	0.143	0.154	0.144	0.143	0.145	0.148	0.148	0.139	0.136	0.137	0.138	0.142	0.145	0.153	0.144	0.154	0.155	0.144	0.142	0.138	0.138	0.141	0.145	0.146	0.145	0.167	0.140	0.145	0.145	0.149	0.145	0.135	0.136	0.134	0.135	0.150	0.150	0.180	0.145	0.143	0.155	0.149	0.145	0.202	0.136	0.137	0.137	0.146	0.173	0.182	0.145	0.147	0.147	0.153	0.151
6:40:01	0.140	0.138	0.140	0.136	0.147	0.143	0.155	0.144	0.145	0.147	0.148	0.148	0.142	0.135	0.140	0.139	0.142	0.144	0.205	0.143	0.146	0.146	0.148	0.141	0.139	0.139	0.141	0.138	0.144	0.146	0.172	0.146	0.148	0.148	0.145	0.145	0.147	0.137	0.139	0.138	0.147	0.143	0.161	0.144	0.144	0.146	0.149	0.148	0.138	0.136	0.137	0.137	0.142	0.146	0.159	0.143	0.154	0.158	0.144	0.142	0.137	0.139	0.140	0.145	0.146	0.145	0.183	0.140	0.146	0.145	0.150	0.145	0.135	0.136	0.134	0.135	0.151	0.151	0.199	0.145	0.143	0.157	0.151	0.145	0.225	0.136	0.136	0.136	0.147	0.179	0.198	0.144	0.148	0.147	0.156	0.152
7:00:01	0.140	0.138	0.140	0.136	0.148	0.144	0.164	0.145	0.146	0.148	0.149	0.148	0.142	0.135	0.140	0.139	0.143	0.144	0.226	0.143	0.147	0.146	0.151	0.141	0.138	0.139	0.140	0.138	0.144	0.146	0.177	0.149	0.147	0.148	0.146	0.146	0.147	0.137	0.139	0.138	0.147	0.143	0.170	0.144	0.144	0.146	0.151	0.148	0.138	0.136	0.137	0.137	0.145	0.148	0.167	0.143	0.154	0.158	0.145	0.142	0.137	0.138	0.140	0.145	0.147	0.146	0.198	0.140	0.145	0.149	0.152	0.146	0.135	0.136	0.134	0.135	0.152	0.154	0.223	0.146	0.144	0.160	0.152	0.145	0.226	0.136	0.136	0.136	0.147	0.186	0.222	0.145	0.149	0.147	0.160	0.152
7:20:01	0.139	0.138	0.140	0.136	0.149	0.144	0.178	0.145	0.145	0.148	0.152	0.149	0.141	0.134	0.139	0.139	0.144	0.144	0.257	0.143	0.147	0.149	0.156	0.142	0.139	0.139	0.140	0.137	0.145	0.146	0.193	0.153	0.147	0.147	0.148	0.146	0.148	0.137	0.139	0.137	0.148	0.144	0.184	0.144	0.144	0.146	0.152	0.149	0.138	0.136	0.137	0.137	0.147	0.149	0.179	0.143	0.155	0.161	0.146	0.142	0.137	0.138	0.141	0.144	0.149	0.147	0.226	0.140	0.145	0.147	0.154	0.146	0.135	0.135	0.134	0.135	0.154	0.160	0.248	0.147	0.144	0.164	0.153	0.146	0.201	0.136	0.136	0.136	0.146	0.186	0.246	0.145	0.150	0.148	0.165	0.153
7:40:01	0.139	0.138	0.140	0.135	0.147	0.145	0.193	0.146	0.146	0.147	0.155	0.149	0.141	0.134	0.139	0.138	0.146	0.144	0.282	0.143	0.147	0.147	0.163	0.142	0.138	0.139	0.140	0.137	0.147	0.146	0.217	0.158	0.149	0.148	0.149	0.146	0.148	0.137	0.139	0.137	0.151	0.144	0.205	0.144	0.145	0.146	0.154	0.149	0.139	0.136	0.136	0.137	0.148	0.151	0.194	0.143	0.156	0.163	0.148	0.143	0.137	0.138	0.140	0.144	0.148	0.146	0.248	0.140	0.146	0.152	0.156	0.146	0.135	0.135	0.134	0.134	0.156	0.162	0.276	0.148	0.144	0.169	0.156	0.146	0.203	0.136	0.136	0.136	0.154	0.196	0.273	0.145	0.151	0.151	0.174	0.155
8:00:01	0.139	0.138	0.140	0.136	0.150	0.144	0.217	0.147	0.146	0.147	0.160	0.150	0.141	0.134	0.139	0.138	0.145	0.144	0.315	0.144	0.150	0.148	0.174	0.143	0.138	0.139	0.140	0.137	0.148	0.146	0.243	0.167	0.150	0.148	0.152	0.146	0.147	0.137	0.138	0.137	0.154	0.145	0.232	0.144	0.145	0.147	0.158	0.150	0.138	0.136	0.136	0.137	0.151	0.153	0.218	0.143	0.157	0.168	0.150	0.144	0.137	0.137	0.140	0.144	0.154	0.147	0.274	0.141	0.146	0.154	0.160	0.146	0.134	0.135	0.134	0.134	0.160	0.167	0.307	0.149	0.145	0.169	0.160	0.147	0.205	0.136	0.136	0.136	0.153	0.221	0.304	0.145	0.151	0.151	0.183	0.157
8:20:01	0.139	0.137	0.139	0.136	0.150	0.147	0.249	0.148	0.148	0.148	0.165	0.151	0.141	0.134	0.139	0.138	0.145	0.144	0.348	0.145	0.151	0.150	0.188	0.143	0.138	0.138	0.140	0.137	0.150	0.146	0.281	0.181	0.149	0.149	0.155	0.147	0.147	0.136	0.138	0.136	0.159	0.145	0.257	0.144	0.144	0.147	0.163	0.150	0.138	0.136	0.136	0.136	0.154	0.156	0.239	0.143	0.157	0.171	0.153	0.145	0.137	0.137	0.140	0.144	0.150	0.148	0.301	0.141	0.148	0.151	0.164	0.147	0.134	0.135	0.134	0.134	0.165	0.170	0.342	0.151	0.145	0.171	0.165	0.148	0.208	0.135	0.136	0.136	0.165	0.241	0.340	0.145	0.155	0.154	0.194	0.161
8:40:01	0.139	0.137	0.139	0.136	0.151	0.146	0.279	0.151	0.149	0.151	0.171	0.153	0.141	0.134	0.138	0.138	0.146	0.146	0.382	0.146	0.153	0.148	0.207	0.144	0.138	0.138	0.140	0.137	0.150	0.147	0.314	0.199	0.154	0.150	0.159	0.147	0.147	0.136	0.138	0.137	0.160	0.146	0.285	0.145	0.145	0.147	0.169	0.151	0.138	0.136	0.136	0.137	0.158	0.159	0.266	0.143	0.159	0.173	0.157	0.145	0.137	0.137	0.140	0.144	0.152	0.151	0.333	0.142	0.149	0.158	0.169	0.149	0.134	0.135	0.134	0.134	0.171	0.181	0.375	0.155	0.146	0.174	0.171	0.149	0.208	0.135	0.136	0.136	0.176	0.262	0.371	0.146	0.158	0.156	0.206	0.165
9:00:01	0.138	0.137	0.139	0.136	0.152	0.147	0.313	0.154	0.151	0.149	0.176	0.154	0.141	0.134	0.138	0.138	0.150	0.146	0.402	0.148	0.154	0.153	0.233	0.144	0.138	0.138	0.140	0.137	0.159	0.148	0.346	0.232	0.155	0.151	0.163	0.148	0.146	0.136	0.138	0.137	0.161	0.148	0.312	0.146	0.147	0.150	0.176	0.153	0.138	0.136	0.136	0.136	0.157	0.162	0.292	0.143	0.159	0.177	0.161	0.148	0.136	0.137	0.139	0.144	0.156	0.154	0.352	0.143	0.151	0.161	0.173	0.150	0.134	0.135	0.133	0.134	0.178	0.203	0.388	0.160	0.148	0.178	0.179	0.151	0.229	0.135	0.136	0.136	0.179	0.285	0.390	0.147	0.161	0.157	0.221	0.171
9:20:01	0.138	0.137	0.140	0.135	0.155	0.147	0.346	0.158	0.152	0.151	0.183	0.156	0.141	0.134	0.138	0.138	0.152	0.148	0.412	0.151	0.157	0.156	0.258	0.146	0.138	0.139	0.139	0.137	0.160	0.149	0.378	0.261	0.155	0.155	0.166	0.148	0.147	0.136	0.138	0.136	0.163	0.150	0.348	0.148	0.148	0.151	0.183	0.156	0.138	0.135	0.136	0.136	0.157	0.163	0.328	0.144	0.162	0.189	0.169	0.149	0.136	0.136	0.139	0.145	0.163	0.158	0.368	0.145	0.153	0.161	0.177	0.152	0.134	0.135	0.134	0.134	0.197	0.222	0.397	0.169	0.148	0.195	0.189	0.153	0.210	0.135	0.136	0.136	0.196	0.306	0.406	0.148	0.164	0.160	0.242	0.179
9:40:01	0.138	0.137	0.139	0.135	0.159	0.154	0.370	0.163	0.151	0.154	0.186	0.160	0.140	0.134	0.138	0.138	0.152	0.150	0.416	0.153	0.158	0.164	0.281	0.147	0.138	0.138	0.139	0.136	0.161	0.151	0.389	0.296	0.157	0.157	0.170	0.149	0.146	0.136	0.137	0.136	0.167	0.152	0.365	0.150	0.150	0.157	0.192	0.160	0.138	0.135	0.136	0.136	0.160	0.163	0.347	0.144	0.166	0.208	0.176	0.152	0.136	0.136	0.139	0.143	0.181	0.159	0.383	0.147	0.156	0.163	0.181	0.157	0.134	0.135	0.134	0.134	0.230	0.229	0.413	0.180	0.150	0.214	0.197	0.158	0.203	0.135	0.136	0.136	0.225	0.334	0.419	0.150	0.165	0.165	0.262	0.191
10:00:01	0.138	0.137	0.139	0.135	0.168	0.158	0.384	0.170	0.152	0.160	0.189	0.165	0.140	0.134	0.138	0.138	0.160	0.151	0.421	0.158	0.161	0.170	0.301	0.150	0.138	0.138	0.139	0.136	0.169	0.153	0.397	0.331	0.161	0.162	0.172	0.152	0.146	0.136	0.137	0.136	0.192	0.156	0.379	0.153	0.151	0.160	0.204	0.165	0.138	0.135	0.136	0.136	0.181	0.162	0.359	0.145	0.169	0.223	0.184	0.155	0.136	0.136	0.139	0.143	0.192	0.159	0.392	0.151	0.159	0.175	0.184	0.162	0.134	0.135	0.134	0.134	0.254	0.262	0.420	0.198	0.152	0.243	0.206	0.163	0.201	0.135	0.136	0.136	0.255	0.366	0.425	0.152	0.168	0.162	0.283	0.208
10:20:01	0.138	0.137	0.139	0.135	0.182	0.165	0.395	0.180	0.155	0.165	0.191	0.170	0.140	0.134	0.138	0.138	0.165	0.153	0.431	0.164	0.164	0.182	0.315	0.153	0.138	0.138	0.139	0.136	0.189	0.157	0.402	0.364	0.165	0.167	0.175	0.155	0.146	0.136	0.137	0.136	0.213	0.158	0.387	0.157	0.153	0.160	0.217	0.172	0.137	0.135	0.136	0.136	0.194	0.164	0.370	0.146	0.170	0.252	0.192	0.159	0.136	0.136	0.139	0.143	0.218	0.165	0.397	0.155	0.158	0.195	0.187	0.169	0.134	0.135	0.134	0.134	0.274	0.279	0.430	0.221	0.154	0.252	0.218	0.171	0.206	0.135	0.136	0.136	0.281	0.399	0.438	0.155	0.171	0.164	0.305	0.229
10:40:01	0.138	0.137	0.139	0.135	0.184	0.172	0.398	0.192	0.160	0.172	0.193	0.175	0.140	0.134	0.138	0.138	0.172	0.157	0.438	0.172	0.167	0.181	0.326	0.160	0.138	0.138	0.139	0.136	0.206	0.160	0.408	0.383	0.165	0.175	0.179	0.159	0.146	0.136	0.137	0.136	0.246	0.160	0.395	0.163	0.155	0.166	0.229	0.181	0.138	0.135	0.136	0.136	0.217	0.186	0.380	0.147	0.171	0.269	0.202	0.166	0.136	0.136	0.139	0.143	0.243	0.184	0.405	0.162	0.160	0.210	0.190	0.181	0.134	0.135	0.134	0.134	0.303	0.300	0.437	0.247	0.158	0.282	0.233	0.181	0.203	0.136	0.136	0.136	0.304	0.426	0.447	0.159	0.175	0.167	0.325	0.257
11:00:01	0.138	0.136	0.139	0.135	0.196	0.187	0.408	0.208	0.160	0.188	0.196	0.182	0.140	0.134	0.137	0.138	0.180	0.161	0.446	0.184	0.169	0.189	0.332	0.167	0.137	0.138	0.139	0.136	0.241	0.162	0.415	0.393	0.167	0.176	0.182	0.163	0.147	0.136	0.137	0.136	0.264	0.160	0.404	0.173	0.158	0.175	0.242	0.193	0.137	0.134	0.135	0.136	0.239	0.209	0.390	0.149	0.173	0.279	0.215	0.177	0.136	0.136	0.138	0.144	0.258	0.204	0.410	0.172	0.163	0.236	0.192	0.192	0.134	0.135	0.133	0.134	0.330	0.317	0.444	0.274	0.161	0.300	0.248	0.193	0.208	0.135	0.136	0.136	0.327	0.456	0.456	0.164	0.179	0.177	0.340	0.286
11:20:01	0.138	0.136	0.139	0.135	0.220	0.186	0.413	0.226	0.162	0.186	0.197	0.190	0.141	0.134	0.138	0.138	0.202	0.167	0.455	0.196	0.172	0.214	0.329	0.173	0.137	0.139	0.139	0.136	0.261	0.168	0.426	0.400	0.170	0.193	0.188	0.172	0.146	0.136	0.137	0.136	0.279	0.163	0.411	0.187	0.158	0.194	0.263	0.207	0.136	0.134	0.135	0.135	0.254	0.233	0.399	0.151	0.176	0.308	0.225	0.185	0.136	0.137	0.138	0.143	0.283	0.227	0.417	0.184	0.166	0.255	0.196	0.209	0.134	0.134	0.133	0.134	0.360	0.344	0.453	0.299	0.162	0.322	0.258	0.208	0.230	0.135	0.136	0.136	0.357	0.485	0.467	0.171	0.186	0.194	0.355	0.314
11:40:01	0.138	0.136	0.138	0.135	0.236	0.209	0.418	0.246	0.165	0.207	0.198	0.203	0.140	0.134	0.137	0.137	0.213	0.181	0.460	0.208	0.177	0.244	0.336	0.183	0.137	0.138	0.139	0.136	0.283	0.178	0.437	0.404	0.173	0.218	0.193	0.182	0.146	0.136	0.137	0.135	0.308	0.189	0.420	0.205	0.156	0.219	0.281	0.226	0.137	0.134	0.135	0.136	0.278	0.248	0.406	0.156	0.179	0.328	0.238	0.202	0.136	0.136	0.139	0.142	0.313	0.246	0.422	0.202	0.168	0.266	0.201	0.233	0.134	0.134	0.134	0.134	0.399	0.371	0.462	0.341	0.165	0.349	0.279	0.231	0.202	0.135	0.136	0.136	0.396	0.520	0.473	0.183	0.203	0.220	0.368	0.353
12:00:01	0.138	0.136	0.138	0.135	0.255	0.230	0.426	0.265	0.172	0.232	0.199	0.214	0.140	0.134	0.137	0.138	0.235	0.182	0.467	0.227	0.181	0.252	0.331	0.199	0.137	0.138	0.139	0.136	0.312	0.190	0.449	0.413	0.180	0.241	0.200	0.194	0.145	0.136	0.137	0.136	0.338	0.209	0.427	0.227	0.157	0.238	0.301	0.243	0.137	0.135	0.135	0.136	0.302	0.267	0.415	0.162	0.184	0.357	0.243	0.221	0.136	0.136	0.138	0.142	0.346	0.265	0.428	0.218	0.172	0.288	0.204	0.253	0.134	0.134	0.133	0.134	0.439	0.400	0.468	0.363	0.169	0.382	0.294	0.251	0.223	0.135	0.136	0.136	0.439	0.543	0.482	0.197	0.221	0.242	0.374	0.379
12:20:01	0.138	0.136	0.138	0.134	0.286	0.253	0.436	0.282	0.180	0.253	0.204	0.232	0.140	0.133	0.137	0.137	0.257	0.191	0.474	0.246	0.191	0.280	0.326	0.214	0.137	0.138	0.138	0.136	0.346	0.217	0.455	0.419	0.197	0.258	0.207	0.212	0.146	0.136	0.137	0.135	0.373	0.220	0.434	0.257	0.160	0.259	0.315	0.265	0.137	0.134	0.135	0.136	0.336	0.285	0.422	0.171	0.194	0.388	0.260	0.244	0.135	0.136	0.138	0.142	0.384	0.289	0.434	0.243	0.181	0.308	0.211	0.274	0.134	0.134	0.134	0.133	0.486	0.430	0.474	0.380	0.173	0.412	0.315	0.274	0.198	0.135	0.136	0.136	0.493	0.565	0.490	0.217	0.238	0.257	0.382	0.413
12:40:01	0.137	0.136	0.138	0.135	0.310	0.254	0.442	0.299	0.183	0.261	0.207	0.243	0.140	0.133	0.137	0.137	0.284	0.215	0.482	0.266	0.206	0.312	0.321	0.230	0.137	0.138	0.138	0.135	0.378	0.243	0.462	0.423	0.212	0.275	0.215	0.232	0.145	0.136	0.137	0.135	0.409	0.248	0.441	0.280	0.164	0.269	0.327	0.278	0.136	0.134	0.134	0.135	0.364	0.308	0.431	0.186	0.209	0.420	0.264	0.264	0.135	0.136	0.138	0.142	0.423	0.312	0.439	0.268	0.196	0.339	0.216	0.291	0.134	0.134	0.133	0.133	0.524	0.465	0.479	0.364	0.177	0.446	0.328	0.292	0.224	0.135	0.135	0.136	0.531	0.613	0.497	0.237	0.255	0.274	0.390	0.418
13:00:01	0.137	0.136	0.138	0.134	0.342	0.282	0.451	0.321	0.193	0.286	0.215	0.264	0.140	0.133	0.137	0.137	0.317	0.243	0.491	0.292	0.217	0.331	0.324	0.250	0.137	0.138	0.138	0.136	0.417	0.257	0.468	0.433	0.223	0.293	0.223	0.252	0.146	0.136	0.137	0.135	0.449	0.253	0.451	0.324	0.168	0.284	0.334	0.297	0.136	0.134	0.135	0.135	0.402	0.337	0.439	0.208	0.221	0.453	0.283	0.282	0.135	0.135	0.138	0.143	0.464	0.339	0.445	0.288	0.206	0.369	0.222	0.305	0.134	0.134	0.133	0.134	0.547	0.486	0.484	0.376	0.189	0.479	0.340	0.307	0.202	0.135	0.135	0.136	0.578	0.685	0.503	0.262	0.276	0.295	0.398	0.430
13:20:01	0.137	0.136	0.138	0.134	0.374	0.300	0.454	0.329	0.208	0.304	0.220	0.277	0.139	0.133	0.137	0.137	0.349	0.242	0.498	0.312	0.227	0.345	0.327	0.262	0.137	0.137	0.138	0.135	0.448	0.266	0.477	0.439	0.239	0.318	0.235	0.273	0.145	0.135	0.136	0.135	0.509	0.272	0.457	0.355	0.171	0.298	0.349	0.313	0.136	0.134	0.134	0.135	0.438	0.367	0.445	0.235	0.235	0.489	0.296	0.309	0.135	0.135	0.138	0.141	0.511	0.365	0.450	0.305	0.218	0.398	0.233	0.324	0.134	0.134	0.133	0.133	0.591	0.522	0.491	0.388	0.207	0.507	0.351	0.332	0.200	0.135	0.135	0.136	0.629	0.746	0.510	0.294	0.299	0.316	0.413	0.432
13:40:01	0.137	0.136	0.137	0.134	0.415	0.320	0.456	0.339	0.214	0.317	0.225	0.288	0.139	0.133	0.137	0.137	0.384	0.271	0.504	0.327	0.241	0.368	0.327	0.272	0.137	0.137	0.138	0.135	0.520	0.288	0.483	0.447	0.260	0.348	0.250	0.285	0.145	0.135	0.136	0.135	0.528	0.293	0.466	0.348	0.180	0.321	0.361	0.323	0.135	0.134	0.134	0.135	0.493	0.400	0.453	0.256	0.253	0.519	0.301	0.330	0.135	0.135	0.138	0.141	0.541	0.385	0.455	0.318	0.232	0.430	0.240	0.336	0.134	0.134	0.133	0.133	0.640	0.561	0.496	0.400	0.218	0.541	0.355	0.348	0.225	0.135	0.135	0.135	0.692	0.783	0.516	0.321	0.326	0.342	0.428	0.441
14:00:01	0.137	0.136	0.138	0.134	0.475	0.351	0.462	0.342	0.224	0.343	0.234	0.310	0.139	0.133	0.137	0.137	0.424	0.295	0.512	0.338	0.262	0.404	0.337	0.286	0.137	0.137	0.138	0.135	0.547	0.310	0.489	0.454	0.284	0.376	0.269	0.302	0.145	0.135	0.136	0.134	0.567	0.319	0.472	0.357	0.195	0.348	0.374	0.337	0.136	0.134	0.134	0.135	0.526	0.433	0.460	0.276	0.274	0.530	0.311	0.350	0.135	0.135	0.137	0.141	0.589	0.413	0.461	0.340	0.249	0.468	0.253	0.351	0.134	0.133	0.133	0.133	0.691	0.620	0.503	0.401	0.233	0.573	0.360	0.367	0.198	0.135	0.135	0.136	0.763	0.768	0.522	0.341	0.357	0.374	0.443	0.445
14:20:01	0.137	0.135	0.137	0.134	0.536	0.380	0.464	0.345	0.238	0.374	0.241	0.326	0.139	0.133	0.136	0.137	0.478	0.304	0.517	0.342	0.286	0.438	0.341	0.298	0.137	0.137	0.138	0.135	0.587	0.338	0.496	0.458	0.312	0.403	0.286	0.313	0.144	0.135	0.136	0.135	0.600	0.346	0.480	0.362	0.205	0.380	0.388	0.349	0.135	0.134	0.134	0.135	0.568	0.467	0.467	0.290	0.297	0.572	0.312	0.365	0.135	0.135	0.137	0.141	0.639	0.693	0.465	0.354	0.269	0.506	0.259	0.363	0.134	0.133	0.133	0.133	0.737	0.682	0.509	0.404	0.250	0.634	0.365	0.384	0.219	0.135	0.135	0.135	0.792	0.778	0.527	0.356	0.385	0.404	0.458	0.442
14:40:01	0.137	0.136	0.138	0.134	0.563	0.416	0.470	0.347	0.254	0.409	0.255	0.342	0.138	0.133	0.136	0.136	0.532	0.332	0.524	0.348	0.317	0.479	0.353	0.313	0.137	0.137	0.138	0.135	0.623	0.366	0.503	0.464	0.343	0.423	0.302	0.330	0.145	0.135	0.136	0.134	0.647	0.377	0.485	0.371	0.220	0.412	0.401	0.365	0.135	0.134	0.134	0.135	0.616	0.509	0.474	0.304	0.322	0.623	0.320	0.379	0.134	0.135	0.137	0.141	0.680	0.652	0.470	0.362	0.292	0.525	0.272	0.376	0.134	0.133	0.133	0.133	0.764	0.728	0.514	0.404	0.270	0.694	0.373	0.401	0.203	0.135	0.135	0.135	0.781	0.777	0.533	0.386	0.417	0.438	0.472	0.442
15:00:01	0.137	0.135	0.137	0.134	0.597	0.453	0.471	0.350	0.276	0.447	0.270	0.350	0.138	0.133	0.136	0.136	0.568	0.361	0.528	0.349	0.343	0.530	0.359	0.323	0.137	0.137	0.138	0.135	0.669	0.398	0.508	0.470	0.371	0.446	0.310	0.340	0.144	0.135	0.136	0.135	0.691	0.406	0.492	0.373	0.237	0.447	0.413	0.370	0.135	0.134	0.134	0.135	0.662	0.534	0.481	0.317	0.347	0.684	0.330	0.383	0.134	0.135	0.137	0.141	0.729	0.571	0.475	0.367	0.315	0.573	0.282	0.382	0.133	0.134	0.133	0.133	0.785	0.776	0.518	0.408	0.294	0.767	0.383	0.404	0.223	0.135	0.135	0.135	0.778	0.783	0.537	0.398	0.444	0.471	0.485	0.439
15:20:01	0.136	0.135	0.137	0.134	0.636	0.497	0.477	0.352	0.301	0.496	0.290	0.359	0.138	0.132	0.136	0.136	0.598	0.393	0.532	0.355	0.374	0.540	0.371	0.335	0.137	0.137	0.137	0.135	0.706	0.429	0.514	0.475	0.401	0.462	0.322	0.351	0.145	0.135	0.136	0.134	0.730	0.440	0.498	0.376	0.256	0.482	0.424	0.376	0.135	0.134	0.134	0.135	0.707	0.552	0.487	0.327	0.372	0.737	0.346	0.388	0.134	0.134	0.137	0.140	0.753	0.567	0.478	0.371	0.340	0.624	0.304	0.388	0.134	0.133	0.133	0.133	0.758	0.771	0.522	0.411	0.320	0.805	0.394	0.411	0.200	0.135	0.135	0.135	0.790	0.802	0.540	0.408	0.476	0.507	0.495	0.436
15:40:01	0.136	0.135	0.137	0.134	0.679	0.541	0.478	0.355	0.326	0.522	0.308	0.356	0.138	0.132	0.136	0.136	0.632	0.424	0.534	0.355	0.401	0.569	0.377	0.339	0.136	0.137	0.137	0.135	0.745	0.471	0.519	0.481	0.425	0.514	0.324	0.354	0.144	0.134	0.136	0.134	0.756	0.479	0.504	0.378	0.277	0.514	0.433	0.377	0.135	0.134	0.134	0.135	0.737	0.589	0.494	0.337	0.395	0.789	0.360	0.390	0.134	0.135	0.137	0.140	0.765	0.574	0.483	0.371	0.363	0.693	0.330	0.389	0.133	0.134	0.133	0.133	0.759	0.758	0.525	0.412	0.346	0.770	0.409	0.413	0.220	0.135	0.135	0.135	0.795	0.804	0.544	0.412	0.507	0.558	0.503	0.443
16:00:01	0.136	0.135	0.137	0.134	0.723	0.573	0.484	0.356	0.352	0.565	0.336	0.358	0.138	0.132	0.136	0.136	0.674	0.456	0.537	0.359	0.429	0.599	0.389	0.344	0.136	0.137	0.137	0.135	0.779	0.511	0.523	0.487	0.452	0.585	0.330	0.359	0.145	0.134	0.136	0.134	0.764	0.510	0.510	0.381	0.300	0.557	0.442	0.383	0.135	0.134	0.134	0.135	0.757	0.635	0.499	0.347	0.425	0.785	0.372	0.396	0.134	0.134	0.137	0.140	0.756	0.580	0.486	0.375	0.391	0.743	0.356	0.398	0.133	0.133	0.133	0.133	0.768	0.762	0.527	0.417	0.372	0.779	0.422	0.419	0.199	0.135	0.135	0.135	0.792	0.815	0.547	0.416	0.547	0.641	0.510	0.445
16:20:01	0.136	0.135	0.137	0.134	0.762	0.594	0.485	0.356	0.374	0.606	0.339	0.355	0.138	0.132	0.135	0.136	0.722	0.511	0.537	0.359	0.452	0.640	0.393	0.342	0.136	0.137	0.137	0.135	0.775	0.555	0.528	0.492	0.500	0.621	0.336	0.358	0.144	0.134	0.135	0.134	0.756	0.557	0.513	0.383	0.321	0.600	0.450	0.386	0.135	0.134	0.134	0.134	0.748	0.694	0.505	0.353	0.479	0.767	0.381	0.399	0.134	0.135	0.137	0.140	0.753	0.585	0.491	0.378	0.442	0.762	0.363	0.404	0.133	0.133	0.133	0.133	0.778	0.762	0.529	0.417	0.399	0.773	0.436	0.424	0.220	0.135	0.135	0.135	0.819	0.799	0.549	0.421	0.606	0.737	0.519	0.445
16:40:01	0.136	0.135	0.137	0.134	0.786	0.641	0.490	0.358	0.415	0.670	0.347	0.357	0.138	0.132	0.136	0.136	0.756	0.520	0.541	0.364	0.501	0.699	0.403	0.346	0.137	0.137	0.137	0.135	0.767	0.579	0.531	0.498	0.516	0.893	0.346	0.363	0.145	0.135	0.136	0.134	0.760	0.593	0.517	0.386	0.346	0.649	0.456	0.393	0.135	0.134	0.134	0.135	0.753	0.748	0.509	0.357	0.507	0.777	0.391	0.408	0.134	0.134	0.137	0.140	0.752	0.590	0.494	0.384	0.468	0.761	0.378	0.411	0.133	0.133	0.133	0.133	0.781	0.776	0.531	0.422	0.431	0.772	0.448	0.430	0.198	0.135	0.135	0.135	0.779	0.780	0.551	0.423	0.679	0.806	0.526	0.452
17:00:01	0.136	0.135	0.137	0.134	0.772	0.703	0.492	0.360	0.452	0.746	0.352	0.357	0.138	0.132	0.135	0.136	0.778	0.561	0.542	0.365	0.543	0.754	0.409	0.348	0.136	0.137	0.137	0.135	0.769	0.619	0.534	0.504	0.546	0.826	0.356	0.366	0.145	0.135	0.136	0.134	0.762	0.638	0.519	0.389	0.368	0.705	0.463	0.401	0.135	0.134	0.134	0.135	0.747	0.776	0.512	0.362	0.545	0.789	0.399	0.413	0.134	0.134	0.137	0.140	0.752	0.596	0.496	0.387	0.514	0.759	0.386	0.416	0.133	0.133	0.133	0.133	0.783	0.774	0.533	0.426	0.469	0.785	0.457	0.435	0.199	0.135	0.135	0.135	0.743	0.765	0.552	0.426	0.684	0.844	0.533	0.456
17:20:01	0.136	0.135	0.137	0.134	0.790	0.754	0.492	0.359	0.497	0.804	0.355	0.355	0.138	0.132	0.135	0.136	0.777	0.602	0.542	0.366	0.580	0.751	0.413	0.347	0.136	0.136	0.137	0.134	0.779	0.664	0.538	0.509	0.583	0.712	0.364	0.369	0.144	0.134	0.135	0.134	0.772	0.692	0.523	0.390	0.402	0.744	0.468	0.403	0.135	0.134	0.134	0.134	0.750	0.759	0.517	0.364	0.597	0.798	0.406	0.415	0.134	0.134	0.136	0.140	0.769	0.605	0.499	0.392	0.566	0.760	0.391	0.420	0.133	0.133	0.133	0.133	0.789	0.785	0.536	0.429	0.500	0.803	0.465	0.438	0.223	0.134	0.135	0.135	0.747	0.760	0.554	0.429	0.727	0.815	0.540	0.459
17:40:01	0.136	0.135	0.137	0.134	0.803	0.780	0.495	0.362	0.551	0.791	0.361	0.356	0.138	0.132	0.135	0.136	0.782	0.641	0.542	0.369	0.616	0.766	0.418	0.348	0.136	0.136	0.137	0.134	0.788	0.716	0.540	0.513	0.629	0.710	0.374	0.374	0.143	0.134	0.135	0.134	0.784	0.744	0.526	0.393	0.455	0.773	0.474	0.408	0.135	0.134	0.134	0.134	0.769	0.754	0.520	0.368	0.657	0.791	0.411	0.420	0.134	0.134	0.137	0.140	0.769	0.613	0.500	0.394	0.630	0.777	0.398	0.425	0.133	0.133	0.133	0.133	0.798	0.791	0.537	0.430	0.552	0.795	0.472	0.441	0.217	0.134	0.135	0.135	0.744	0.759	0.555	0.434	0.748	0.802	0.547	0.462
18:00:01	0.136	0.135	0.136	0.134	0.799	0.758	0.497	0.362	0.605	0.809	0.367	0.357	0.138	0.132	0.135	0.135	0.792	0.698	0.543	0.372	0.656	0.800	0.424	0.350	0.136	0.136	0.137	0.134	0.795	0.761	0.542	0.517	0.664	0.716	0.384	0.379	0.143	0.134	0.135	0.134	0.782	0.778	0.527	0.395	0.489	0.788	0.480	0.412	0.135	0.134	0.134	0.134	0.770	0.758	0.522	0.372	0.699	0.784	0.417	0.423	0.134	0.134	0.136	0.140	0.760	0.622	0.502	0.395	0.689	0.762	0.403	0.428	0.133	0.133	0.133	0.133	0.798	0.802	0.538	0.432	0.617	0.809	0.482	0.444	0.222	0.134	0.135	0.135	0.750	0.758	0.556	0.436	0.724	0.844	0.552	0.466
18:20:01	0.136	0.135	0.136	0.134	0.795	0.793	0.500	0.363	0.659	0.819	0.375	0.358	0.137	0.132	0.135	0.135	0.803	0.754	0.544	0.373	0.700	0.800	0.431	0.352	0.136	0.136	0.137	0.134	0.790	0.764	0.543	0.521	0.716	0.720	0.394	0.386	0.143	0.134	0.135	0.134	0.779	0.754	0.530	0.397	0.521	0.756	0.486	0.417	0.135	0.134	0.134	0.134	0.760	0.760	0.523	0.374	0.700	0.799	0.422	0.427	0.134	0.134	0.136	0.139	0.768	0.629	0.504	0.396	0.693	0.766	0.409	0.433	0.133	0.133	0.133	0.133	0.803	0.825	0.539	0.432	0.701	0.838	0.490	0.447	0.221	0.134	0.135	0.135	0.764	0.759	0.557	0.440	0.733	0.868	0.558	0.469
18:40:01	0.136	0.134	0.136	0.134	0.797	0.810	0.500	0.364	0.690	0.819	0.383	0.359	0.137	0.132	0.134	0.135	0.807	0.760	0.545	0.375	0.705	0.795	0.438	0.354	0.136	0.136	0.136	0.134	0.785	0.774	0.545	0.526	0.721	0.725	0.404	0.391	0.143	0.134	0.135	0.134	0.775	0.762	0.532	0.398	0.569	0.764	0.492	0.423	0.135	0.134	0.133	0.134	0.758	0.764	0.524	0.376	0.710	0.810	0.426	0.431	0.133	0.134	0.136	0.139	0.778	0.636	0.505	0.398	0.696	0.784	0.415	0.438	0.133	0.133	0.133	0.133	0.797	0.840	0.539	0.435	0.696	0.849	0.497	0.449	0.216	0.134	0.135	0.135	0.774	0.760	0.559	0.443	0.739	0.823	0.563	0.471
19:00:01	0.136	0.135	0.136	0.134	0.815	0.807	0.502	0.366	0.700	0.827	0.395	0.362	0.137	0.132	0.135	0.135	0.806	0.769	0.546	0.375	0.730	0.798	0.444	0.356	0.136	0.136	0.136	0.134	0.786	0.798	0.547	0.529	0.728	0.735	0.412	0.397	0.143	0.134	0.135	0.134	0.767	0.789	0.534	0.399	0.619	0.776	0.498	0.427	0.135	0.134	0.133	0.134	0.751	0.763	0.526	0.378	0.724	0.830	0.431	0.434	0.133	0.134	0.136	0.139	0.789	0.643	0.506	0.399	0.710	0.792	0.422	0.442	0.133	0.133	0.133	0.133	0.801	0.843	0.541	0.435	0.709	0.855	0.505	0.453	0.217	0.134	0.135	0.135	0.776	0.759	0.560	0.444	0.743	0.781	0.567	0.475
19:20:01	0.136	0.134	0.136	0.134	0.827	0.810	0.505	0.368	0.729	0.840	0.407	0.364	0.137	0.132	0.134	0.135	0.798	0.794	0.547	0.377	0.739	0.793	0.451	0.359	0.136	0.136	0.136	0.134	0.793	0.795	0.547	0.533	0.744	0.739	0.419	0.402	0.143	0.134	0.135	0.134	0.783	0.771	0.537	0.400	0.657	0.776	0.504	0.430	0.135	0.134	0.134	0.134	0.753	0.767	0.527	0.380	0.729	0.851	0.435	0.438	0.133	0.134	0.136	0.139	0.796	0.648	0.508	0.400	0.725	0.814	0.427	0.445	0.133	0.133	0.133	0.133	0.806	0.840	0.541	0.436	0.725	0.848	0.512	0.456	0.216	0.134	0.135	0.135	0.776	0.760	0.561	0.446	0.747	0.780	0.571	0.478
19:40:01	0.136	0.134	0.136	0.134	0.818	0.801	0.506	0.369	0.731	0.847	0.420	0.366	0.137	0.132	0.134	0.135	0.807	0.794	0.549	0.380	0.747	0.808	0.457	0.362	0.136	0.135	0.136	0.134	0.814	0.791	0.547	0.535	0.745	0.748	0.426	0.407	0.143	0.134	0.135	0.133	0.789	0.778	0.538	0.400	0.690	0.789	0.509	0.434	0.135	0.134	0.134	0.134	0.767	0.777	0.528	0.383	0.734	0.860	0.440	0.442	0.133	0.134	0.136	0.139	0.800	0.654	0.510	0.400	0.728	0.841	0.433	0.449	0.133	0.133	0.133	0.133	0.803	0.798	0.543	0.438	0.745	0.790	0.519	0.460	0.216	0.134	0.135	0.135	0.775	0.760	0.562	0.449	0.750	0.783	0.575	0.482
20:00:01	0.136	0.135	0.136	0.134	0.785	0.824	0.512	0.372	0.746	0.825	0.436	0.373	0.137	0.132	0.134	0.135	0.817	0.792	0.552	0.384	0.755	0.822	0.464	0.369	0.136	0.135	0.136	0.134	0.815	0.795	0.549	0.538	0.750	0.755	0.433	0.415	0.143	0.134	0.135	0.133	0.795	0.785	0.539	0.401	0.695	0.782	0.512	0.440	0.135	0.134	0.134	0.134	0.774	0.797	0.528	0.384	0.743	0.864	0.443	0.446	0.133	0.134	0.136	0.139	0.805	0.659	0.509	0.401	0.755	0.850	0.439	0.452	0.133	0.133	0.133	0.133	0.814	0.751	0.545	0.438	0.756	0.757	0.524	0.463	0.196	0.134	0.135	0.135	0.772	0.757	0.561	0.448	0.753	0.786	0.578	0.485
20:20:01	0.135	0.134	0.136	0.134	0.740	0.814	0.508	0.372	0.752	0.773	0.443	0.373	0.137	0.131	0.134	0.135	0.825	0.784	0.551	0.383	0.763	0.823	0.466	0.368	0.135	0.135	0.136	0.134	0.823	0.798	0.550	0.540	0.746	0.762	0.441	0.416	0.143	0.134	0.135	0.133	0.820	0.780	0.539	0.402	0.714	0.788	0.516	0.441	0.135	0.133	0.134	0.134	0.786	0.826	0.529	0.386	0.762	0.871	0.448	0.448	0.133	0.134	0.136	0.139	0.812	0.664	0.511	0.398	0.762	0.851	0.444	0.455	0.133	0.133	0.133	0.133	0.817	0.744	0.547	0.442	0.741	0.755	0.533	0.465	0.216	0.134	0.135	0.135	0.772	0.759	0.564	0.452	0.757	0.789	0.581	0.488
20:40:01	0.135	0.134	0.136	0.133	0.732	0.763	0.514	0.374	0.731	0.771	0.457	0.379	0.137	0.132	0.134	0.135	0.829	0.793	0.554	0.386	0.776	0.781	0.473	0.375	0.135	0.135	0.136	0.134	0.825	0.794	0.549	0.542	0.764	0.765	0.446	0.425	0.144	0.134	0.135	0.133	0.827	0.785	0.540	0.402	0.727	0.784	0.520	0.447	0.135	0.134	0.133	0.134	0.791	0.837	0.531	0.386	0.774	0.843	0.452	0.452	0.133	0.134	0.135	0.139	0.822	0.668	0.511	0.399	0.765	0.854	0.450	0.458	0.133	0.133	0.133	0.133	0.775	0.743	0.547	0.443	0.723	0.755	0.537	0.469	0.196	0.134	0.135	0.135	0.769	0.756	0.565	0.452	0.758	0.789	0.585	0.491
21:00:01	0.135	0.134	0.136	0.134	0.753	0.735	0.512	0.374	0.741	0.770	0.465	0.380	0.137	0.131	0.134	0.135	0.824	0.795	0.554	0.387	0.767	0.759	0.475	0.375	0.135	0.135	0.136	0.134	0.828	0.822	0.553	0.543	0.777	0.769	0.451	0.425	0.143	0.134	0.134	0.133	0.842	0.797	0.543	0.401	0.729	0.783	0.523	0.450	0.134	0.133	0.134	0.134	0.798	0.847	0.533	0.386	0.776	0.766	0.456	0.455	0.133	0.134	0.135	0.139	0.830	0.673	0.512	0.400	0.773	0.770	0.456	0.461	0.133	0.133	0.133	0.132	0.747	0.743	0.550	0.445	0.728	0.755	0.544	0.472	0.216	0.134	0.135	0.135	0.769	0.757	0.568	0.455	0.761	0.790	0.588	0.495
21:20:01	0.135	0.134	0.135	0.134	0.760	0.744	0.513	0.376	0.741	0.769	0.476	0.383	0.137	0.131	0.134	0.135	0.812	0.813	0.555	0.387	0.742	0.766	0.479	0.377	0.135	0.135	0.136	0.134	0.843	0.829	0.552	0.544	0.782	0.771	0.457	0.429	0.142	0.134	0.134	0.133	0.862	0.818	0.544	0.402	0.730	0.780	0.527	0.453	0.134	0.133	0.133	0.134	0.819	0.857	0.535	0.387	0.779	0.749	0.459	0.458	0.133	0.134	0.135	0.139	0.803	0.677	0.512	0.399	0.742	0.745	0.462	0.464	0.133	0.133	0.133	0.132	0.739	0.743	0.552	0.447	0.731	0.755	0.549	0.474	0.218	0.134	0.135	0.135	0.767	0.756	0.570	0.457	0.762	0.789	0.591	0.498
21:40:01	0.135	0.134	0.136	0.133	0.770	0.751	0.520	0.379	0.741	0.768	0.489	0.388	0.137	0.132	0.134	0.135	0.812	0.823	0.558	0.391	0.748	0.767	0.483	0.381	0.135	0.136	0.136	0.134	0.862	0.841	0.554	0.547	0.785	0.777	0.461	0.432	0.143	0.134	0.134	0.133	0.872	0.835	0.544	0.404	0.728	0.793	0.529	0.456	0.134	0.133	0.133	0.134	0.836	0.865	0.536	0.386	0.767	0.748	0.462	0.459	0.133	0.134	0.135	0.139	0.764	0.682	0.513	0.401	0.710	0.743	0.466	0.464	0.133	0.133	0.133	0.133	0.738	0.743	0.553	0.447	0.732	0.756	0.554	0.476	0.228	0.134	0.135	0.135	0.766	0.752	0.573	0.459	0.764	0.789	0.594	0.502
22:00:01	0.135	0.134	0.136	0.134	0.774	0.757	0.520	0.379	0.744	0.768	0.499	0.390	0.137	0.132	0.134	0.135	0.794	0.805	0.558	0.393	0.752	0.768	0.487	0.383	0.135	0.135	0.136	0.134	0.849	0.847	0.556	0.549	0.791	0.778	0.468	0.436	0.143	0.134	0.135	0.133	0.864	0.843	0.548	0.404	0.745	0.808	0.534	0.461	0.134	0.133	0.133	0.134	0.849	0.836	0.538	0.388	0.742	0.749	0.466	0.464	0.133	0.134	0.135	0.139	0.734	0.687	0.513	0.402	0.708	0.745	0.474	0.469	0.133	0.133	0.133	0.133	0.738	0.743	0.556	0.445	0.734	0.756	0.559	0.481	0.215	0.134	0.135	0.135	0.764	0.753	0.574	0.461	0.764	0.789	0.597	0.505
22:20:01	0.135	0.134	0.136	0.133	0.780	0.761	0.524	0.380	0.745	0.767	0.510	0.393	0.137	0.132	0.134	0.135	0.778	0.780	0.559	0.395	0.752	0.767	0.491	0.385	0.135	0.135	0.136	0.134	0.814	0.842	0.558	0.551	0.794	0.781	0.474	0.441	0.143	0.134	0.135	0.133	0.826	0.851	0.548	0.404	0.758	0.830	0.538	0.464	0.134	0.133	0.133	0.134	0.854	0.765	0.540	0.390	0.720	0.750	0.470	0.466	0.133	0.134	0.135	0.139	0.729	0.691	0.513	0.401	0.707	0.746	0.481	0.472	0.133	0.132	0.133	0.133	0.739	0.742	0.557	0.447	0.734	0.757	0.564	0.483	0.214	0.134	0.135	0.135	0.763	0.750	0.576	0.461	0.764	0.789	0.599	0.508
22:40:01	0.135	0.134	0.135	0.133	0.781	0.761	0.527	0.381	0.745	0.767	0.521	0.397	0.137	0.132	0.134	0.135	0.761	0.776	0.560	0.397	0.751	0.766	0.495	0.387	0.135	0.135	0.136	0.134	0.774	0.801	0.557	0.552	0.799	0.781	0.479	0.444	0.143	0.134	0.134	0.133	0.775	0.856	0.549	0.406	0.770	0.837	0.541	0.467	0.134	0.133	0.133	0.134	0.846	0.743	0.542	0.392	0.714	0.752	0.474	0.470	0.133	0.134	0.135	0.139	0.730	0.697	0.514	0.403	0.710	0.748	0.487	0.474	0.133	0.132	0.133	0.132	0.740	0.742	0.561	0.447	0.735	0.758	0.569	0.486	0.214	0.134	0.135	0.135	0.761	0.748	0.579	0.464	0.763	0.788	0.601	0.511
23:00:01	0.135	0.134	0.136	0.133	0.781	0.761	0.538	0.385	0.745	0.767	0.535	0.406	0.136	0.132	0.134	0.135	0.757	0.768	0.567	0.403	0.756	0.763	0.502	0.396	0.135	0.136	0.136	0.134	0.757	0.766	0.561	0.555	0.801	0.783	0.484	0.447	0.144	0.134	0.135	0.133	0.749	0.842	0.552	0.409	0.776	0.840	0.542	0.470	0.134	0.133	0.133	0.134	0.816	0.741	0.544	0.391	0.713	0.753	0.476	0.472	0.133	0.133	0.135	0.139	0.730	0.699	0.514	0.404	0.711	0.749	0.491	0.474	0.133	0.132	0.133	0.133	0.740	0.742	0.561	0.449	0.736	0.758	0.571	0.486	0.197	0.134	0.135	0.135	0.759	0.740	0.580	0.465	0.762	0.785	0.602	0.515
23:20:01	0.135	0.134	0.135	0.134	0.780	0.758	0.532	0.382	0.745	0.768	0.539	0.403	0.136	0.131	0.134	0.135	0.757	0.757	0.563	0.400	0.753	0.763	0.503	0.392	0.135	0.135	0.135	0.133	0.750	0.753	0.559	0.555	0.787	0.781	0.489	0.450	0.142	0.134	0.134	0.133	0.739	0.778	0.552	0.409	0.778	0.846	0.546	0.471	0.134	0.133	0.133	0.134	0.768	0.741	0.546	0.392	0.716	0.755	0.480	0.474	0.133	0.133	0.135	0.138	0.731	0.702	0.515	0.405	0.714	0.750	0.500	0.479	0.133	0.133	0.133	0.132	0.739	0.741	0.565	0.450	0.738	0.759	0.577	0.490	0.219	0.134	0.135	0.135	0.757	0.742	0.583	0.467	0.760	0.784	0.604	0.517
23:40:01	0.135	0.134	0.135	0.133	0.778	0.758	0.538	0.385	0.744	0.767	0.548	0.405	0.136	0.131	0.134	0.134	0.761	0.757	0.564	0.403	0.748	0.761	0.506	0.394	0.135	0.135	0.135	0.133	0.750	0.752	0.564	0.558	0.729	0.788	0.493	0.452	0.142	0.134	0.134	0.133	0.739	0.748	0.555	0.413	0.782	0.848	0.549	0.474	0.134	0.133	0.133	0.133	0.733	0.742	0.548	0.395	0.720	0.755	0.482	0.477	0.133	0.133	0.135	0.138	0.731	0.703	0.515	0.407	0.715	0.751	0.506	0.481	0.133	0.132	0.133	0.132	0.740	0.740	0.566	0.452	0.739	0.759	0.579	0.492	0.218	0.134	0.135	0.135	0.754	0.739	0.586	0.467	0.759	0.781	0.606	0.521
24:00:01	0.135	0.134	0.135	0.133	0.775	0.756	0.540	0.385	0.744	0.767	0.556	0.409	0.136	0.131	0.133	0.134	0.763	0.756	0.565	0.405	0.746	0.759	0.509	0.396	0.134	0.135	0.135	0.133	0.751	0.751	0.562	0.560	0.715	0.775	0.496	0.454	0.142	0.134	0.134	0.133	0.740	0.741	0.555	0.412	0.785	0.850	0.551	0.475	0.134	0.133	0.133	0.133	0.726	0.743	0.549	0.395	0.723	0.755	0.484	0.479	0.133	0.133	0.135	0.139	0.730	0.706	0.515	0.406	0.717	0.750	0.511	0.483	0.133	0.132	0.133	0.132	0.738	0.738	0.570	0.452	0.740	0.758	0.581	0.494	0.219	0.134	0.134	0.135	0.752	0.737	0.588	0.470	0.760	0.778	0.607	0.524
24:20:02	0.135	0.134	0.135	0.133	0.773	0.756	0.545	0.387	0.744	0.767	0.565	0.412	0.136	0.131	0.134	0.135	0.764	0.755	0.567	0.408	0.746	0.759	0.512	0.398	0.135	0.135	0.135	0.133	0.753	0.752	0.566	0.562	0.716	0.774	0.500	0.456	0.142	0.134	0.134	0.133	0.743	0.742	0.558	0.414	0.788	0.852	0.554	0.480	0.134	0.133	0.133	0.133	0.726	0.744	0.552	0.398	0.726	0.755	0.487	0.482	0.133	0.133	0.134	0.139	0.730	0.709	0.516	0.411	0.719	0.751	0.516	0.485	0.133	0.133	0.133	0.132	0.739	0.737	0.573	0.454	0.741	0.757	0.585	0.496	0.214	0.134	0.135	0.135	0.751	0.735	0.591	0.471	0.762	0.777	0.609	0.528
24:40:02	0.135	0.134	0.135	0.133	0.771	0.755	0.549	0.389	0.742	0.766	0.573	0.416	0.136	0.131	0.133	0.135	0.764	0.754	0.568	0.410	0.745	0.757	0.515	0.400	0.134	0.135	0.135	0.133	0.754	0.751	0.566	0.564	0.719	0.764	0.503	0.460	0.142	0.134	0.134	0.133	0.744	0.742	0.559	0.418	0.789	0.855	0.556	0.479	0.134	0.133	0.133	0.133	0.728	0.745	0.552	0.400	0.728	0.754	0.489	0.483	0.133	0.133	0.134	0.139	0.731	0.710	0.517	0.409	0.719	0.751	0.520	0.487	0.133	0.132	0.133	0.132	0.737	0.735	0.574	0.454	0.741	0.756	0.587	0.498	0.217	0.134	0.134	0.135	0.749	0.732	0.593	0.472	0.760	0.774	0.611	0.531
25:00:02	0.134	0.133	0.135	0.133	0.769	0.754	0.558	0.393	0.742	0.766	0.581	0.423	0.136	0.131	0.134	0.135	0.764	0.753	0.573	0.415	0.745	0.754	0.517	0.404	0.134	0.135	0.135	0.133	0.754	0.751	0.569	0.566	0.721	0.771	0.505	0.459	0.143	0.133	0.134	0.133	0.742	0.743	0.562	0.420	0.773	0.857	0.556	0.484	0.134	0.132	0.133	0.133	0.729	0.746	0.555	0.401	0.729	0.753	0.491	0.485	0.133	0.133	0.134	0.140	0.731	0.708	0.518	0.412	0.719	0.750	0.522	0.487	0.132	0.132	0.132	0.132	0.735	0.734	0.578	0.455	0.741	0.753	0.589	0.499	0.223	0.134	0.134	0.135	0.748	0.727	0.598	0.475	0.760	0.772	0.611	0.536
25:20:02	0.135	0.133	0.135	0.133	0.766	0.752	0.557	0.393	0.740	0.764	0.587	0.425	0.136	0.131	0.133	0.134	0.761	0.751	0.572	0.415	0.743	0.751	0.519	0.404	0.134	0.135	0.135	0.133	0.754	0.751	0.568	0.567	0.725	0.768	0.510	0.460	0.142	0.133	0.134	0.133	0.744	0.743	0.563	0.421	0.714	0.861	0.560	0.485	0.134	0.133	0.133	0.133	0.730	0.745	0.556	0.402	0.730	0.750	0.494	0.490	0.132	0.133	0.134	0.139	0.729	0.711	0.517	0.411	0.719	0.750	0.528	0.490	0.132	0.132	0.133	0.132	0.735	0.732	0.581	0.456	0.741	0.752	0.592	0.502	0.221	0.134	0.134	0.134	0.745	0.726	0.600	0.475	0.760	0.770	0.613	0.540
25:40:02	0.134	0.133	0.135	0.133	0.764	0.750	0.562	0.395	0.739	0.761	0.594	0.430	0.136	0.131	0.133	0.134	0.760	0.749	0.572	0.417	0.741	0.749	0.521	0.407	0.134	0.135	0.135	0.133	0.753	0.750	0.572	0.569	0.725	0.767	0.513	0.466	0.142	0.133	0.134	0.133	0.742	0.743	0.564	0.424	0.703	0.864	0.562	0.486	0.134	0.132	0.133	0.133	0.729	0.745	0.557	0.402	0.729	0.749	0.496	0.488	0.132	0.133	0.134	0.139	0.729	0.722	0.517	0.414	0.719	0.747	0.533	0.492	0.132	0.132	0.133	0.132	0.732	0.729	0.583	0.458	0.740	0.749	0.594	0.505	0.218	0.134	0.134	0.135	0.742	0.724	0.602	0.477	0.757	0.767	0.614	0.544
26:00:02	0.134	0.134	0.135	0.133	0.761	0.749	0.570	0.400	0.737	0.760	0.601	0.438	0.135	0.131	0.133	0.134	0.758	0.748	0.576	0.422	0.740	0.747	0.526	0.413	0.134	0.135	0.135	0.133	0.752	0.749	0.572	0.571	0.726	0.766	0.517	0.468	0.143	0.134	0.134	0.132	0.743	0.743	0.566	0.425	0.702	0.868	0.564	0.494	0.134	0.132	0.133	0.133	0.729	0.744	0.558	0.404	0.729	0.746	0.497	0.492	0.132	0.133	0.134	0.139	0.727	0.724	0.517	0.413	0.717	0.744	0.537	0.494	0.133	0.132	0.133	0.132	0.731	0.726	0.584	0.458	0.737	0.745	0.595	0.506	0.193	0.134	0.135	0.135	0.739	0.718	0.603	0.478	0.756	0.765	0.616	0.548
26:20:02	0.134	0.133	0.135	0.133	0.760	0.747	0.575	0.401	0.736	0.757	0.605	0.441	0.136	0.131	0.134	0.135	0.756	0.747	0.582	0.424	0.738	0.743	0.526	0.413	0.134	0.135	0.135	0.133	0.751	0.747	0.574	0.574	0.725	0.778	0.518	0.468	0.143	0.133	0.134	0.133	0.741	0.743	0.568	0.429	0.705	0.871	0.565	0.493	0.134	0.132	0.133	0.133	0.729	0.744	0.561	0.405	0.728	0.743	0.499	0.494	0.133	0.133	0.134	0.140	0.726	0.729	0.520	0.417	0.717	0.742	0.540	0.495	0.132	0.132	0.132	0.132	0.729	0.725	0.591	0.461	0.736	0.743	0.597	0.509	0.220	0.134	0.134	0.135	0.738	0.715	0.608	0.480	0.758	0.762	0.617	0.553
26:40:02	0.134	0.133	0.135	0.133	0.756	0.744	0.577	0.404	0.734	0.754	0.611	0.447	0.135	0.131	0.133	0.134	0.755	0.745	0.588	0.427	0.736	0.739	0.530	0.419	0.134	0.135	0.135	0.133	0.749	0.744	0.575	0.575	0.725	0.780	0.524	0.476	0.143	0.133	0.134	0.132	0.739	0.743	0.569	0.430	0.707	0.871	0.568	0.496	0.134	0.132	0.133	0.133	0.727	0.741	0.562	0.408	0.727	0.740	0.501	0.496	0.132	0.133	0.134	0.139	0.725	0.730	0.518	0.416	0.714	0.739	0.546	0.499	0.133	0.132	0.133	0.132	0.726	0.720	0.597	0.461	0.734	0.739	0.599	0.510	0.194	0.134	0.135	0.135	0.734	0.712	0.612	0.480	0.755	0.760	0.618	0.556
27:00:02	0.134	0.133	0.135	0.133	0.754	0.742	0.581	0.406	0.734	0.751	0.617	0.451	0.135	0.131	0.133	0.134	0.753	0.742	0.593	0.430	0.734	0.736	0.532	0.423	0.134	0.134	0.135	0.133	0.748	0.742	0.578	0.576	0.725	0.789	0.528	0.476	0.143	0.133	0.134	0.132	0.738	0.742	0.571	0.431	0.708	0.855	0.570	0.500	0.134	0.132	0.133	0.133	0.727	0.739	0.563	0.410	0.725	0.737	0.504	0.499	0.132	0.133	0.134	0.139	0.722	0.733	0.519	0.418	0.712	0.736	0.551	0.500	0.132	0.132	0.133	0.132	0.724	0.718	0.603	0.462	0.731	0.737	0.601	0.512	0.194	0.134	0.134	0.135	0.732	0.709	0.620	0.482	0.754	0.757	0.619	0.560
27:20:02	0.135	0.133	0.135	0.133	0.752	0.739	0.585	0.406	0.732	0.748	0.620	0.453	0.136	0.131	0.133	0.134	0.750	0.739	0.592	0.429	0.732	0.733	0.532	0.421	0.134	0.135	0.135	0.133	0.746	0.740	0.581	0.578	0.724	0.796	0.529	0.475	0.142	0.134	0.134	0.133	0.736	0.740	0.573	0.434	0.709	0.799	0.572	0.502	0.134	0.132	0.133	0.133	0.724	0.737	0.567	0.412	0.724	0.735	0.507	0.502	0.133	0.133	0.134	0.139	0.721	0.736	0.520	0.419	0.711	0.734	0.556	0.503	0.132	0.132	0.133	0.132	0.724	0.715	0.605	0.465	0.729	0.734	0.605	0.515	0.218	0.134	0.134	0.135	0.730	0.706	0.628	0.485	0.755	0.756	0.621	0.565
27:40:02	0.134	0.133	0.135	0.133	0.750	0.736	0.601	0.412	0.731	0.744	0.625	0.460	0.136	0.131	0.134	0.135	0.747	0.738	0.595	0.433	0.730	0.728	0.534	0.426	0.134	0.135	0.135	0.133	0.744	0.737	0.589	0.581	0.723	0.802	0.530	0.481	0.143	0.133	0.134	0.133	0.735	0.739	0.576	0.437	0.710	0.742	0.572	0.502	0.134	0.132	0.133	0.133	0.723	0.735	0.570	0.414	0.724	0.731	0.508	0.501	0.133	0.133	0.134	0.140	0.719	0.740	0.522	0.421	0.709	0.731	0.557	0.504	0.132	0.132	0.133	0.132	0.723	0.711	0.603	0.466	0.727	0.731	0.605	0.517	0.223	0.134	0.135	0.135	0.729	0.701	0.631	0.486	0.757	0.753	0.623	0.573
28:00:02	0.134	0.133	0.134	0.133	0.748	0.733	0.602	0.413	0.732	0.740	0.629	0.462	0.136	0.131	0.133	0.134	0.746	0.735	0.592	0.434	0.727	0.725	0.535	0.429	0.134	0.134	0.135	0.133	0.742	0.734	0.591	0.581	0.721	0.812	0.534	0.483	0.142	0.133	0.133	0.133	0.734	0.736	0.579	0.438	0.711	0.725	0.575	0.508	0.134	0.132	0.133	0.133	0.721	0.733	0.575	0.416	0.721	0.729	0.511	0.506	0.132	0.133	0.134	0.139	0.719	0.743	0.521	0.421	0.707	0.728	0.562	0.508	0.132	0.132	0.133	0.132	0.719	0.708	0.604	0.468	0.725	0.728	0.608	0.520	0.218	0.134	0.134	0.134	0.727	0.700	0.630	0.487	0.756	0.751	0.624	0.576
28:20:02	0.134	0.133	0.135	0.133	0.745	0.729	0.608	0.420	0.731	0.737	0.634	0.471	0.135	0.131	0.133	0.134	0.743	0.731	0.594	0.441	0.726	0.721	0.540	0.435	0.134	0.134	0.134	0.133	0.740	0.730	0.591	0.583	0.719	0.817	0.537	0.486	0.143	0.133	0.134	0.132	0.731	0.734	0.583	0.440	0.711	0.721	0.577	0.515	0.134	0.132	0.133	0.133	0.720	0.731	0.576	0.417	0.719	0.725	0.512	0.511	0.132	0.133	0.134	0.139	0.715	0.743	0.522	0.421	0.703	0.725	0.564	0.512	0.132	0.132	0.133	0.132	0.717	0.704	0.601	0.471	0.723	0.724	0.608	0.524	0.194	0.134	0.135	0.135	0.723	0.697	0.629	0.488	0.756	0.751	0.624	0.577
28:40:02	0.134	0.133	0.135	0.133	0.742	0.727	0.609	0.421	0.731	0.732	0.638	0.479	0.135	0.131	0.133	0.134	0.740	0.727	0.594	0.445	0.724	0.717	0.542	0.441	0.134	0.134	0.134	0.133	0.738	0.726	0.590	0.586	0.719	0.821	0.539	0.490	0.143	0.133	0.134	0.132	0.730	0.731	0.588	0.442	0.710	0.723	0.579	0.515	0.134	0.132	0.133	0.133	0.718	0.728	0.574	0.419	0.718	0.723	0.513	0.513	0.132	0.133	0.134	0.139	0.714	0.744	0.523	0.422	0.702	0.722	0.565	0.513	0.132	0.132	0.133	0.132	0.714	0.701	0.600	0.472	0.720	0.721	0.610	0.526	0.197	0.134	0.134	0.135	0.721	0.693	0.627	0.489	0.752	0.749	0.625	0.579
29:00:02	0.134	0.133	0.134	0.133	0.741	0.723	0.612	0.425	0.731	0.729	0.641	0.484	0.135	0.131	0.133	0.134	0.738	0.724	0.593	0.447	0.723	0.713	0.544	0.446	0.134	0.134	0.134	0.133	0.736	0.724	0.590	0.589	0.717	0.825	0.540	0.497	0.143	0.133	0.133	0.132	0.728	0.728	0.587	0.445	0.708	0.724	0.581	0.518	0.134	0.132	0.133	0.133	0.716	0.724	0.572	0.421	0.717	0.720	0.514	0.515	0.132	0.132	0.134	0.139	0.713	0.743	0.524	0.424	0.700	0.719	0.568	0.515	0.132	0.132	0.133	0.132	0.713	0.697	0.597	0.473	0.718	0.718	0.611	0.527	0.194	0.134	0.134	0.135	0.720	0.691	0.625	0.490	0.752	0.749	0.627	0.580
29:20:02	0.134	0.133	0.134	0.133	0.738	0.720	0.614	0.428	0.731	0.725	0.644	0.490	0.135	0.131	0.133	0.134	0.736	0.722	0.592	0.449	0.721	0.709	0.547	0.450	0.134	0.134	0.134	0.132	0.734	0.719	0.590	0.591	0.716	0.830	0.542	0.498	0.143	0.133	0.133	0.132	0.726	0.727	0.586	0.447	0.708	0.727	0.583	0.520	0.134	0.132	0.132	0.133	0.713	0.721	0.570	0.424	0.715	0.717	0.515	0.516	0.132	0.132	0.133	0.139	0.710	0.750	0.524	0.426	0.697	0.715	0.571	0.517	0.132	0.132	0.133	0.132	0.710	0.694	0.595	0.474	0.716	0.715	0.613	0.528	0.194	0.134	0.134	0.134	0.718	0.688	0.623	0.492	0.750	0.749	0.628	0.581
29:40:02	0.134	0.133	0.134	0.132	0.736	0.716	0.615	0.431	0.731	0.721	0.647	0.495	0.135	0.131	0.133	0.134	0.733	0.718	0.590	0.450	0.720	0.705	0.549	0.454	0.133	0.134	0.134	0.132	0.732	0.716	0.589	0.598	0.714	0.837	0.544	0.501	0.143	0.133	0.133	0.132	0.724	0.723	0.585	0.449	0.708	0.726	0.586	0.522	0.134	0.132	0.132	0.133	0.712	0.717	0.567	0.426	0.713	0.714	0.515	0.517	0.132	0.132	0.134	0.139	0.709	0.732	0.524	0.427	0.694	0.711	0.574	0.519	0.132	0.132	0.133	0.132	0.709	0.690	0.592	0.475	0.714	0.712	0.614	0.528	0.193	0.134	0.134	0.135	0.715	0.686	0.621	0.496	0.750	0.749	0.629	0.582
30:00:02	0.134	0.133	0.134	0.133	0.737	0.713	0.614	0.430	0.732	0.717	0.650	0.497	0.135	0.131	0.133	0.134	0.732	0.714	0.587	0.448	0.718	0.702	0.549	0.452	0.133	0.134	0.134	0.132	0.730	0.712	0.587	0.600	0.712	0.843	0.544	0.503	0.142	0.133	0.133	0.132	0.723	0.721	0.584	0.450	0.707	0.728	0.589	0.523	0.133	0.132	0.132	0.133	0.711	0.716	0.567	0.428	0.712	0.712	0.517	0.519	0.132	0.133	0.133	0.139	0.708	0.739	0.526	0.428	0.693	0.710	0.578	0.521	0.132	0.132	0.132	0.132	0.707	0.688	0.592	0.477	0.715	0.710	0.617	0.531	0.214	0.134	0.134	0.134	0.716	0.683	0.620	0.500	0.750	0.749	0.635	0.584
30:20:02	0.134	0.133	0.134	0.133	0.733	0.710	0.615	0.437	0.732	0.714	0.654	0.504	0.135	0.131	0.133	0.134	0.729	0.711	0.587	0.454	0.717	0.697	0.554	0.460	0.133	0.134	0.134	0.133	0.728	0.708	0.587	0.600	0.710	0.850	0.547	0.507	0.143	0.133	0.133	0.132	0.723	0.718	0.582	0.455	0.705	0.726	0.590	0.525	0.134	0.132	0.132	0.133	0.709	0.713	0.564	0.431	0.710	0.708	0.517	0.521	0.132	0.132	0.134	0.139	0.707	0.727	0.526	0.429	0.691	0.706	0.579	0.521	0.132	0.132	0.133	0.132	0.705	0.684	0.589	0.477	0.713	0.706	0.617	0.531	0.194	0.134	0.134	0.135	0.713	0.681	0.617	0.499	0.746	0.748	0.639	0.584
30:40:02	0.134	0.133	0.135	0.133	0.732	0.707	0.618	0.444	0.732	0.710	0.657	0.510	0.135	0.131	0.133	0.134	0.728	0.707	0.588	0.458	0.715	0.693	0.556	0.465	0.133	0.135	0.134	0.133	0.727	0.705	0.585	0.601	0.710	0.855	0.548	0.508	0.143	0.133	0.133	0.132	0.721	0.715	0.582	0.460	0.707	0.725	0.591	0.525	0.134	0.131	0.132	0.133	0.707	0.711	0.563	0.434	0.709	0.705	0.517	0.521	0.132	0.132	0.133	0.139	0.705	0.725	0.528	0.430	0.688	0.703	0.580	0.520	0.132	0.132	0.133	0.132	0.704	0.680	0.586	0.477	0.712	0.703	0.621	0.531	0.196	0.133	0.134	0.135	0.713	0.677	0.616	0.500	0.748	0.747	0.643	0.585
31:00:02	0.134	0.133	0.134	0.133	0.732	0.703	0.613	0.441	0.731	0.706	0.659	0.509	0.135	0.131	0.133	0.134	0.725	0.703	0.583	0.454	0.712	0.689	0.555	0.462	0.133	0.134	0.134	0.132	0.724	0.701	0.582	0.599	0.707	0.859	0.550	0.509	0.142	0.133	0.133	0.132	0.719	0.711	0.579	0.460	0.702	0.724	0.596	0.527	0.133	0.132	0.132	0.133	0.705	0.708	0.561	0.436	0.706	0.702	0.519	0.522	0.132	0.132	0.133	0.139	0.704	0.726	0.527	0.432	0.686	0.698	0.585	0.522	0.132	0.131	0.132	0.132	0.702	0.677	0.585	0.477	0.710	0.700	0.628	0.532	0.213	0.133	0.134	0.134	0.711	0.675	0.614	0.501	0.747	0.747	0.641	0.587
31:20:02	0.134	0.133	0.134	0.132	0.730	0.699	0.613	0.448	0.730	0.703	0.663	0.513	0.135	0.131	0.133	0.134	0.721	0.699	0.582	0.459	0.710	0.686	0.560	0.468	0.133	0.134	0.134	0.132	0.722	0.697	0.581	0.599	0.706	0.864	0.553	0.513	0.143	0.132	0.133	0.132	0.717	0.708	0.577	0.463	0.702	0.721	0.601	0.528	0.134	0.131	0.132	0.133	0.703	0.704	0.558	0.439	0.704	0.699	0.519	0.522	0.132	0.132	0.133	0.139	0.700	0.725	0.527	0.433	0.683	0.696	0.587	0.522	0.132	0.131	0.133	0.132	0.698	0.673	0.582	0.476	0.708	0.697	0.629	0.532	0.193	0.133	0.134	0.134	0.709	0.673	0.610	0.501	0.744	0.743	0.635	0.587
31:40:02	0.134	0.132	0.134	0.133	0.730	0.695	0.610	0.447	0.729	0.698	0.665	0.514	0.135	0.130	0.132	0.134	0.720	0.696	0.579	0.458	0.709	0.681	0.559	0.467	0.133	0.134	0.133	0.132	0.721	0.693	0.579	0.597	0.704	0.867	0.554	0.513	0.142	0.132	0.133	0.132	0.716	0.705	0.576	0.463	0.701	0.720	0.607	0.528	0.133	0.132	0.132	0.132	0.701	0.701	0.557	0.443	0.702	0.696	0.521	0.523	0.132	0.132	0.133	0.139	0.700	0.726	0.528	0.436	0.681	0.691	0.590	0.523	0.132	0.131	0.132	0.132	0.697	0.669	0.582	0.476	0.708	0.694	0.628	0.533	0.213	0.133	0.134	0.134	0.708	0.669	0.610	0.502	0.743	0.739	0.631	0.590
32:00:02	0.133	0.133	0.134	0.132	0.728	0.693	0.611	0.453	0.727	0.696	0.672	0.517	0.134	0.130	0.132	0.134	0.718	0.692	0.579	0.463	0.708	0.677	0.566	0.472	0.133	0.134	0.133	0.132	0.719	0.689	0.578	0.596	0.702	0.871	0.557	0.516	0.143	0.132	0.133	0.131	0.715	0.702	0.574	0.466	0.699	0.718	0.608	0.529	0.134	0.131	0.132	0.133	0.700	0.698	0.555	0.445	0.700	0.693	0.521	0.524	0.132	0.132	0.133	0.139	0.697	0.729	0.528	0.436	0.678	0.687	0.593	0.523	0.132	0.131	0.133	0.132	0.694	0.665	0.579	0.475	0.706	0.691	0.622	0.532	0.191	0.133	0.134	0.134	0.706	0.668	0.607	0.501	0.741	0.735	0.626	0.590
32:20:02	0.134	0.133	0.134	0.133	0.728	0.689	0.608	0.453	0.726	0.692	0.681	0.517	0.135	0.131	0.132	0.134	0.716	0.688	0.576	0.461	0.708	0.673	0.570	0.471	0.133	0.134	0.133	0.132	0.717	0.685	0.576	0.594	0.701	0.874	0.557	0.516	0.142	0.132	0.133	0.132	0.713	0.699	0.573	0.467	0.697	0.715	0.607	0.529	0.133	0.132	0.132	0.133	0.699	0.694	0.554	0.446	0.698	0.690	0.522	0.525	0.132	0.132	0.133	0.139	0.697	0.724	0.529	0.438	0.676	0.682	0.595	0.524	0.132	0.132	0.132	0.132	0.693	0.662	0.578	0.475	0.706	0.689	0.619	0.533	0.214	0.133	0.134	0.134	0.706	0.664	0.606	0.502	0.744	0.731	0.624	0.594
32:40:02	0.134	0.133	0.134	0.133	0.727	0.687	0.608	0.459	0.725	0.689	0.683	0.518	0.134	0.130	0.132	0.134	0.714	0.684	0.575	0.466	0.706	0.670	0.580	0.476	0.133	0.134	0.133	0.132	0.715	0.681	0.575	0.593	0.698	0.877	0.560	0.519	0.143	0.132	0.133	0.132	0.712	0.696	0.571	0.468	0.696	0.713	0.607	0.530	0.134	0.131	0.132	0.133	0.697	0.691	0.552	0.448	0.697	0.687	0.522	0.525	0.132	0.132	0.133	0.139	0.694	0.730	0.529	0.437	0.673	0.680	0.599	0.523	0.132	0.132	0.133	0.132	0.689	0.658	0.576	0.475	0.704	0.685	0.612	0.532	0.192	0.133	0.134	0.134	0.704	0.663	0.603	0.501	0.733	0.726	0.620	0.594
33:00:02	0.134	0.132	0.134	0.133	0.727	0.683	0.605	0.458	0.725	0.685	0.678	0.517	0.135	0.130	0.132	0.134	0.712	0.680	0.573	0.464	0.706	0.666	0.579	0.476	0.133	0.134	0.133	0.132	0.713	0.677	0.573	0.591	0.696	0.876	0.561	0.519	0.142	0.132	0.132	0.132	0.710	0.692	0.570	0.470	0.694	0.710	0.607	0.529	0.133	0.132	0.132	0.133	0.695	0.688	0.552	0.450	0.695	0.683	0.524	0.526	0.132	0.132	0.133	0.139	0.693	0.730	0.530	0.440	0.672	0.676	0.602	0.525	0.132	0.131	0.132	0.132	0.689	0.655	0.576	0.475	0.703	0.682	0.611	0.532	0.212	0.133	0.134	0.134	0.705	0.660	0.602	0.501	0.736	0.719	0.619	0.598
33:20:02	0.133	0.133	0.134	0.132	0.725	0.680	0.606	0.464	0.723	0.684	0.676	0.518	0.134	0.130	0.132	0.134	0.710	0.676	0.573	0.467	0.705	0.662	0.581	0.480	0.133	0.134	0.133	0.132	0.711	0.673	0.572	0.590	0.694	0.875	0.564	0.522	0.143	0.132	0.133	0.132	0.709	0.689	0.568	0.472	0.692	0.707	0.606	0.530	0.134	0.131	0.132	0.133	0.693	0.684	0.549	0.452	0.691	0.680	0.524	0.526	0.132	0.132	0.133	0.139	0.689	0.736	0.529	0.438	0.668	0.672	0.605	0.525	0.132	0.131	0.132	0.132	0.685	0.651	0.573	0.474	0.701	0.679	0.605	0.530	0.192	0.133	0.134	0.134	0.703	0.657	0.599	0.500	0.733	0.713	0.615	0.599
33:40:02	0.133	0.133	0.134	0.132	0.724	0.676	0.604	0.467	0.722	0.681	0.673	0.517	0.134	0.130	0.133	0.134	0.708	0.672	0.571	0.468	0.703	0.659	0.581	0.481	0.133	0.134	0.133	0.132	0.710	0.669	0.570	0.588	0.692	0.865	0.566	0.522	0.143	0.132	0.133	0.131	0.707	0.686	0.566	0.473	0.689	0.704	0.603	0.530	0.133	0.131	0.132	0.133	0.691	0.680	0.548	0.452	0.689	0.677	0.525	0.527	0.132	0.132	0.133	0.138	0.688	0.737	0.529	0.439	0.666	0.668	0.608	0.525	0.132	0.131	0.132	0.132	0.684	0.648	0.572	0.474	0.700	0.676	0.602	0.530	0.191	0.133	0.134	0.134	0.702	0.655	0.596	0.499	0.731	0.708	0.613	0.601
34:00:02	0.133	0.132	0.134	0.132	0.723	0.673	0.605	0.472	0.721	0.678	0.671	0.518	0.134	0.130	0.132	0.134	0.706	0.669	0.571	0.472	0.703	0.654	0.580	0.485	0.132	0.134	0.133	0.132	0.709	0.665	0.569	0.587	0.691	0.848	0.568	0.522	0.143	0.132	0.132	0.132	0.706	0.683	0.566	0.476	0.690	0.703	0.599	0.529	0.133	0.131	0.132	0.132	0.691	0.677	0.548	0.453	0.689	0.672	0.525	0.526	0.132	0.132	0.133	0.139	0.686	0.738	0.531	0.440	0.665	0.665	0.609	0.523	0.131	0.131	0.132	0.132	0.682	0.644	0.571	0.473	0.700	0.673	0.599	0.529	0.194	0.133	0.134	0.134	0.703	0.653	0.596	0.499	0.736	0.701	0.611	0.603
34:20:02	0.133	0.132	0.134	0.132	0.722	0.670	0.603	0.474	0.718	0.676	0.669	0.517	0.134	0.130	0.132	0.134	0.704	0.665	0.570	0.474	0.701	0.650	0.579	0.486	0.132	0.134	0.133	0.132	0.707	0.661	0.567	0.586	0.689	0.819	0.569	0.522	0.143	0.132	0.132	0.132	0.705	0.679	0.565	0.476	0.689	0.700	0.596	0.529	0.133	0.131	0.132	0.132	0.689	0.674	0.546	0.453	0.687	0.670	0.526	0.527	0.132	0.132	0.133	0.139	0.686	0.746	0.532	0.440	0.663	0.662	0.611	0.524	0.131	0.131	0.132	0.132	0.680	0.641	0.568	0.473	0.699	0.671	0.597	0.528	0.195	0.133	0.134	0.134	0.702	0.651	0.593	0.498	0.734	0.696	0.609	0.605
34:40:02	0.133	0.132	0.134	0.132	0.722	0.667	0.600	0.473	0.718	0.674	0.667	0.516	0.134	0.130	0.132	0.134	0.702	0.661	0.566	0.473	0.700	0.647	0.578	0.485	0.133	0.134	0.133	0.132	0.704	0.656	0.565	0.584	0.686	0.778	0.572	0.523	0.142	0.132	0.132	0.131	0.703	0.675	0.563	0.476	0.685	0.697	0.593	0.528	0.133	0.131	0.132	0.132	0.686	0.670	0.544	0.453	0.684	0.668	0.528	0.528	0.132	0.132	0.133	0.139	0.682	0.749	0.531	0.440	0.659	0.659	0.616	0.525	0.131	0.131	0.132	0.132	0.676	0.637	0.567	0.472	0.697	0.668	0.594	0.527	0.191	0.133	0.134	0.134	0.701	0.647	0.590	0.497	0.734	0.692	0.608	0.607
35:00:02	0.133	0.132	0.134	0.132	0.721	0.664	0.600	0.478	0.715	0.672	0.666	0.517	0.134	0.130	0.132	0.134	0.700	0.658	0.567	0.477	0.699	0.644	0.576	0.488	0.132	0.134	0.133	0.132	0.704	0.654	0.564	0.583	0.686	0.754	0.574	0.523	0.143	0.132	0.132	0.131	0.702	0.672	0.563	0.479	0.686	0.695	0.589	0.527	0.133	0.131	0.132	0.132	0.686	0.666	0.544	0.454	0.685	0.665	0.528	0.528	0.132	0.132	0.133	0.139	0.683	0.754	0.534	0.440	0.658	0.655	0.616	0.524	0.131	0.131	0.132	0.132	0.677	0.635	0.566	0.472	0.697	0.666	0.592	0.526	0.195	0.133	0.134	0.134	0.702	0.646	0.590	0.496	0.735	0.688	0.607	0.610
35:20:02	0.133	0.132	0.134	0.133	0.721	0.660	0.598	0.477	0.714	0.670	0.664	0.516	0.134	0.130	0.132	0.134	0.699	0.654	0.565	0.474	0.699	0.639	0.573	0.488	0.132	0.134	0.133	0.132	0.702	0.650	0.562	0.581	0.684	0.735	0.574	0.522	0.143	0.132	0.132	0.132	0.700	0.667	0.561	0.479	0.684	0.692	0.587	0.527	0.133	0.131	0.132	0.132	0.684	0.663	0.543	0.454	0.684	0.663	0.530	0.528	0.132	0.132	0.133	0.139	0.680	0.757	0.534	0.441	0.657	0.652	0.620	0.524	0.131	0.131	0.132	0.132	0.674	0.632	0.565	0.473	0.697	0.664	0.593	0.527	0.221	0.134	0.134	0.134	0.702	0.642	0.590	0.496	0.737	0.684	0.607	0.615
35:40:02	0.133	0.132	0.134	0.132	0.719	0.659	0.596	0.479	0.713	0.669	0.665	0.517	0.134	0.130	0.132	0.134	0.695	0.650	0.563	0.476	0.698	0.638	0.570	0.488	0.133	0.134	0.133	0.132	0.698	0.645	0.560	0.579	0.680	0.729	0.578	0.523	0.142	0.132	0.132	0.131	0.697	0.664	0.559	0.478	0.680	0.689	0.584	0.526	0.133	0.131	0.132	0.132	0.681	0.659	0.540	0.453	0.680	0.660	0.531	0.528	0.132	0.132	0.133	0.138	0.677	0.759	0.534	0.441	0.653	0.650	0.626	0.526	0.131	0.131	0.132	0.132	0.671	0.629	0.563	0.472	0.692	0.661	0.589	0.524	0.191	0.133	0.134	0.134	0.700	0.641	0.584	0.494	0.733	0.682	0.604	0.616
36:00:02	0.133	0.132	0.134	0.132	0.718	0.656	0.595	0.480	0.710	0.667	0.664	0.517	0.134	0.130	0.132	0.134	0.693	0.647	0.562	0.477	0.696	0.635	0.567	0.489	0.133	0.134	0.133	0.132	0.696	0.642	0.559	0.577	0.679	0.727	0.580	0.522	0.142	0.132	0.132	0.131	0.695	0.661	0.557	0.479	0.678	0.685	0.582	0.526	0.133	0.131	0.132	0.132	0.680	0.656	0.539	0.453	0.678	0.657	0.532	0.528	0.132	0.132	0.133	0.138	0.675	0.760	0.534	0.440	0.651	0.646	0.631	0.525	0.131	0.131	0.132	0.132	0.669	0.626	0.561	0.471	0.691	0.659	0.587	0.523	0.191	0.133	0.134	0.134	0.699	0.639	0.582	0.493	0.733	0.678	0.603	0.619
36:20:02	0.133	0.132	0.134	0.132	0.716	0.653	0.593	0.482	0.709	0.665	0.664	0.517	0.134	0.130	0.132	0.134	0.691	0.642	0.560	0.478	0.696	0.632	0.564	0.489	0.133	0.134	0.133	0.132	0.694	0.638	0.557	0.575	0.676	0.728	0.582	0.522	0.142	0.132	0.132	0.131	0.694	0.657	0.556	0.479	0.676	0.682	0.580	0.524	0.133	0.131	0.132	0.132	0.677	0.653	0.538	0.452	0.676	0.654	0.533	0.528	0.131	0.132	0.133	0.138	0.674	0.761	0.534	0.440	0.649	0.643	0.637	0.526	0.131	0.131	0.132	0.132	0.668	0.623	0.559	0.470	0.689	0.656	0.585	0.522	0.193	0.133	0.134	0.134	0.699	0.637	0.580	0.492	0.732	0.676	0.601	0.622
36:40:02	0.133	0.132	0.134	0.132	0.715	0.650	0.592	0.482	0.708	0.664	0.663	0.517	0.134	0.130	0.132	0.134	0.689	0.639	0.559	0.479	0.694	0.629	0.561	0.489	0.132	0.134	0.133	0.132	0.692	0.635	0.556	0.574	0.674	0.728	0.587	0.521	0.142	0.132	0.132	0.131	0.692	0.653	0.554	0.479	0.673	0.679	0.577	0.523	0.133	0.131	0.132	0.132	0.676	0.649	0.536	0.452	0.674	0.651	0.534	0.528	0.131	0.132	0.133	0.138	0.672	0.762	0.532	0.440	0.648	0.641	0.638	0.525	0.131	0.131	0.132	0.132	0.666	0.621	0.557	0.470	0.688	0.654	0.584	0.520	0.191	0.133	0.134	0.134	0.699	0.635	0.579	0.491	0.734	0.675	0.600	0.624
37:00:02	0.133	0.132	0.134	0.132	0.714	0.648	0.590	0.483	0.707	0.662	0.663	0.517	0.134	0.130	0.132	0.134	0.687	0.635	0.558	0.479	0.691	0.626	0.558	0.489	0.132	0.134	0.133	0.132	0.690	0.631	0.554	0.572	0.672	0.730	0.587	0.520	0.142	0.132	0.132	0.131	0.689	0.650	0.552	0.479	0.671	0.675	0.576	0.522	0.133	0.131	0.132	0.132	0.673	0.645	0.535	0.452	0.672	0.648	0.535	0.528	0.131	0.132	0.133	0.138	0.670	0.763	0.530	0.439	0.646	0.637	0.636	0.525	0.131	0.131	0.132	0.132	0.664	0.617	0.556	0.469	0.685	0.651	0.582	0.518	0.192	0.133	0.134	0.134	0.698	0.632	0.577	0.490	0.731	0.674	0.599	0.626
37:20:02	0.133	0.132	0.134	0.132	0.713	0.646	0.589	0.484	0.705	0.660	0.662	0.518	0.134	0.130	0.132	0.134	0.686	0.633	0.557	0.479	0.691	0.624	0.556	0.489	0.132	0.134	0.133	0.132	0.687	0.628	0.553	0.570	0.671	0.732	0.586	0.519	0.142	0.132	0.132	0.131	0.687	0.647	0.551	0.478	0.670	0.671	0.574	0.521	0.133	0.131	0.132	0.132	0.671	0.643	0.534	0.452	0.671	0.645	0.536	0.527	0.131	0.132	0.133	0.138	0.668	0.763	0.527	0.439	0.644	0.635	0.634	0.524	0.131	0.131	0.132	0.132	0.663	0.615	0.554	0.469	0.683	0.649	0.580	0.517	0.191	0.133	0.134	0.134	0.698	0.630	0.576	0.489	0.733	0.673	0.597	0.628
37:40:02	0.133	0.132	0.134	0.132	0.712	0.644	0.588	0.485	0.702	0.659	0.662	0.519	0.134	0.130	0.132	0.134	0.684	0.630	0.556	0.480	0.690	0.621	0.554	0.488	0.133	0.134	0.133	0.132	0.685	0.624	0.552	0.568	0.669	0.733	0.585	0.519	0.142	0.132	0.132	0.131	0.686	0.643	0.550	0.479	0.668	0.668	0.573	0.520	0.133	0.131	0.132	0.133	0.669	0.639	0.533	0.452	0.670	0.644	0.537	0.527	0.132	0.132	0.133	0.138	0.666	0.764	0.525	0.440	0.644	0.633	0.632	0.524	0.131	0.131	0.132	0.132	0.661	0.613	0.553	0.469	0.682	0.647	0.579	0.516	0.191	0.133	0.134	0.134	0.698	0.629	0.574	0.488	0.735	0.673	0.597	0.630
38:00:02	0.133	0.132	0.134	0.132	0.711	0.642	0.586	0.486	0.700	0.657	0.662	0.519	0.134	0.130	0.132	0.134	0.682	0.627	0.555	0.481	0.689	0.618	0.552	0.488	0.132	0.134	0.133	0.132	0.683	0.621	0.550	0.567	0.667	0.734	0.584	0.518	0.142	0.132	0.132	0.131	0.683	0.640	0.548	0.479	0.668	0.665	0.571	0.520	0.133	0.131	0.132	0.133	0.667	0.636	0.532	0.452	0.668	0.641	0.538	0.526	0.132	0.132	0.133	0.138	0.665	0.764	0.524	0.439	0.642	0.630	0.629	0.523	0.131	0.131	0.132	0.132	0.660	0.611	0.552	0.468	0.680	0.645	0.577	0.515	0.193	0.134	0.134	0.134	0.698	0.627	0.573	0.487	0.735	0.675	0.596	0.632
38:20:02	0.133	0.132	0.134	0.132	0.710	0.640	0.585	0.487	0.699	0.655	0.662	0.519	0.134	0.130	0.132	0.134	0.680	0.624	0.554	0.481	0.689	0.616	0.550	0.488	0.132	0.134	0.133	0.132	0.680	0.618	0.549	0.565	0.666	0.735	0.583	0.517	0.142	0.132	0.132	0.131	0.682	0.636	0.547	0.478	0.666	0.661	0.569	0.518	0.133	0.131	0.132	0.132	0.665	0.633	0.530	0.452	0.667	0.638	0.539	0.525	0.131	0.132	0.132	0.138	0.662	0.762	0.522	0.438	0.640	0.627	0.625	0.523	0.131	0.131	0.132	0.132	0.658	0.608	0.551	0.468	0.678	0.643	0.576	0.514	0.191	0.133	0.134	0.134	0.697	0.625	0.572	0.487	0.729	0.678	0.595	0.634
38:40:02	0.133	0.132	0.134	0.132	0.709	0.637	0.584	0.487	0.697	0.653	0.662	0.520	0.134	0.130	0.132	0.134	0.678	0.622	0.553	0.482	0.688	0.614	0.549	0.487	0.132	0.134	0.133	0.132	0.678	0.615	0.548	0.564	0.665	0.736	0.581	0.517	0.142	0.132	0.132	0.131	0.680	0.634	0.545	0.478	0.663	0.657	0.568	0.518	0.133	0.131	0.132	0.132	0.663	0.630	0.529	0.452	0.666	0.635	0.540	0.525	0.131	0.132	0.133	0.138	0.662	0.755	0.520	0.439	0.638	0.625	0.622	0.522	0.131	0.131	0.132	0.132	0.658	0.605	0.549	0.467	0.677	0.641	0.574	0.513	0.194	0.133	0.134	0.134	0.697	0.623	0.570	0.485	0.729	0.688	0.594	0.636
39:00:02	0.133	0.132	0.134	0.132	0.708	0.635	0.584	0.489	0.696	0.652	0.663	0.522	0.134	0.130	0.132	0.134	0.676	0.619	0.553	0.484	0.687	0.611	0.547	0.488	0.132	0.134	0.133	0.132	0.677	0.613	0.547	0.563	0.664	0.737	0.578	0.516	0.143	0.132	0.132	0.131	0.679	0.630	0.545	0.479	0.664	0.653	0.566	0.516	0.133	0.131	0.132	0.132	0.662	0.627	0.529	0.453	0.666	0.632	0.540	0.524	0.131	0.132	0.133	0.139	0.660	0.749	0.520	0.438	0.639	0.622	0.618	0.521	0.131	0.131	0.132	0.132	0.658	0.603	0.548	0.467	0.677	0.638	0.573	0.511	0.195	0.133	0.134	0.134	0.698	0.622	0.571	0.485	0.733	0.690	0.592	0.639
39:20:02	0.133	0.132	0.134	0.132	0.707	0.634	0.581	0.488	0.693	0.650	0.663	0.521	0.134	0.130	0.132	0.134	0.675	0.616	0.551	0.482	0.685	0.609	0.546	0.486	0.132	0.134	0.133	0.132	0.674	0.609	0.546	0.561	0.661	0.738	0.577	0.515	0.142	0.132	0.132	0.131	0.676	0.627	0.543	0.478	0.661	0.649	0.564	0.516	0.133	0.131	0.132	0.132	0.659	0.624	0.527	0.451	0.662	0.630	0.541	0.523	0.131	0.132	0.133	0.138	0.659	0.730	0.516	0.437	0.636	0.620	0.615	0.521	0.131	0.131	0.132	0.132	0.655	0.601	0.547	0.465	0.673	0.637	0.572	0.511	0.192	0.133	0.134	0.134	0.696	0.620	0.568	0.483	0.729	0.694	0.592	0.641
39:40:02	0.133	0.132	0.134	0.132	0.706	0.632	0.579	0.489	0.691	0.649	0.663	0.521	0.134	0.130	0.132	0.133	0.673	0.613	0.550	0.482	0.684	0.606	0.545	0.486	0.132	0.133	0.132	0.131	0.672	0.606	0.545	0.559	0.660	0.738	0.574	0.514	0.142	0.132	0.132	0.131	0.674	0.625	0.542	0.478	0.658	0.645	0.563	0.514	0.133	0.131	0.132	0.132	0.657	0.622	0.526	0.451	0.661	0.628	0.542	0.522	0.131	0.132	0.132	0.138	0.657	0.717	0.515	0.437	0.635	0.618	0.612	0.520	0.131	0.131	0.132	0.131	0.654	0.598	0.545	0.464	0.672	0.634	0.570	0.509	0.192	0.133	0.134	0.134	0.695	0.618	0.566	0.482	0.740	0.698	0.591	0.643
40:00:02	0.133	0.132	0.133	0.132	0.705	0.630	0.578	0.489	0.691	0.647	0.664	0.522	0.134	0.130	0.132	0.133	0.672	0.610	0.549	0.482	0.681	0.603	0.544	0.486	0.132	0.133	0.132	0.131	0.670	0.603	0.543	0.558	0.659	0.738	0.571	0.513	0.142	0.131	0.131	0.131	0.672	0.622	0.541	0.477	0.656	0.642	0.561	0.514	0.133	0.131	0.132	0.132	0.654	0.619	0.525	0.451	0.660	0.626	0.543	0.522	0.131	0.132	0.132	0.138	0.656	0.707	0.514	0.437	0.634	0.615	0.609	0.519	0.131	0.131	0.132	0.131	0.652	0.596	0.544	0.464	0.671	0.633	0.568	0.508	0.192	0.133	0.134	0.134	0.695	0.616	0.565	0.481	0.736	0.700	0.590	0.646
40:20:02	0.133	0.132	0.134	0.132	0.705	0.628	0.578	0.489	0.690	0.646	0.665	0.523	0.134	0.130	0.132	0.134	0.671	0.608	0.548	0.482	0.681	0.601	0.543	0.486	0.132	0.133	0.132	0.131	0.668	0.601	0.542	0.557	0.658	0.738	0.570	0.513	0.142	0.132	0.131	0.131	0.671	0.619	0.539	0.477	0.654	0.638	0.560	0.514	0.133	0.131	0.132	0.132	0.653	0.616	0.524	0.451	0.659	0.624	0.544	0.521	0.131	0.132	0.132	0.138	0.655	0.700	0.513	0.437	0.633	0.614	0.607	0.518	0.131	0.131	0.132	0.132	0.652	0.595	0.543	0.463	0.670	0.631	0.567	0.508	0.191	0.133	0.134	0.134	0.695	0.615	0.564	0.480	0.741	0.696	0.590	0.648
40:40:02	0.133	0.132	0.134	0.132	0.704	0.627	0.576	0.489	0.687	0.645	0.666	0.524	0.134	0.130	0.132	0.134	0.669	0.605	0.547	0.482	0.680	0.599	0.543	0.485	0.132	0.133	0.132	0.131	0.667	0.598	0.541	0.556	0.657	0.738	0.568	0.512	0.142	0.132	0.131	0.131	0.669	0.616	0.538	0.477	0.653	0.635	0.558	0.513	0.133	0.131	0.132	0.132	0.651	0.614	0.523	0.451	0.659	0.623	0.544	0.520	0.131	0.132	0.133	0.138	0.653	0.697	0.512	0.436	0.632	0.612	0.605	0.517	0.131	0.131	0.132	0.131	0.650	0.593	0.542	0.462	0.668	0.629	0.566	0.506	0.193	0.133	0.134	0.134	0.695	0.614	0.563	0.480	0.738	0.699	0.589	0.651
41:00:02	0.133	0.132	0.134	0.132	0.702	0.624	0.575	0.490	0.685	0.642	0.665	0.526	0.134	0.130	0.132	0.134	0.669	0.603	0.547	0.482	0.680	0.595	0.541	0.485	0.132	0.134	0.132	0.131	0.666	0.596	0.541	0.555	0.658	0.738	0.565	0.511	0.142	0.131	0.131	0.131	0.668	0.613	0.539	0.478	0.653	0.632	0.557	0.512	0.133	0.131	0.132	0.132	0.650	0.611	0.524	0.452	0.660	0.620	0.545	0.520	0.131	0.131	0.132	0.139	0.653	0.699	0.513	0.438	0.633	0.609	0.604	0.516	0.131	0.131	0.131	0.131	0.651	0.591	0.542	0.463	0.670	0.627	0.567	0.507	0.220	0.133	0.134	0.134	0.697	0.612	0.566	0.481	0.743	0.695	0.590	0.655
41:20:02	0.133	0.132	0.133	0.132	0.702	0.622	0.574	0.490	0.686	0.642	0.666	0.526	0.134	0.130	0.132	0.133	0.667	0.600	0.545	0.483	0.678	0.594	0.540	0.485	0.132	0.133	0.132	0.131	0.663	0.593	0.539	0.553	0.655	0.737	0.565	0.511	0.142	0.132	0.131	0.131	0.665	0.611	0.536	0.476	0.650	0.628	0.556	0.512	0.133	0.131	0.132	0.132	0.647	0.608	0.521	0.451	0.655	0.618	0.545	0.519	0.131	0.132	0.133	0.138	0.650	0.696	0.510	0.436	0.630	0.607	0.601	0.515	0.131	0.131	0.132	0.131	0.648	0.589	0.540	0.461	0.666	0.626	0.563	0.504	0.192	0.133	0.134	0.134	0.694	0.611	0.560	0.478	0.743	0.704	0.588	0.657
41:40:02	0.133	0.132	0.134	0.132	0.701	0.620	0.574	0.491	0.683	0.640	0.667	0.528	0.134	0.130	0.132	0.134	0.666	0.598	0.546	0.484	0.677	0.591	0.540	0.485	0.132	0.134	0.132	0.132	0.662	0.591	0.539	0.553	0.656	0.737	0.563	0.511	0.143	0.131	0.131	0.131	0.665	0.608	0.536	0.477	0.650	0.625	0.554	0.510	0.133	0.131	0.132	0.132	0.646	0.606	0.521	0.451	0.657	0.615	0.545	0.517	0.131	0.131	0.132	0.139	0.651	0.693	0.511	0.436	0.631	0.605	0.599	0.513	0.131	0.131	0.132	0.131	0.648	0.587	0.539	0.462	0.666	0.624	0.562	0.503	0.196	0.133	0.134	0.134	0.695	0.610	0.562	0.478	0.743	0.711	0.587	0.660
42:00:03	0.133	0.132	0.133	0.132	0.701	0.618	0.572	0.490	0.681	0.640	0.668	0.528	0.133	0.130	0.132	0.133	0.665	0.595	0.543	0.482	0.675	0.590	0.539	0.484	0.132	0.133	0.132	0.131	0.660	0.588	0.537	0.550	0.652	0.735	0.563	0.510	0.142	0.132	0.131	0.131	0.662	0.606	0.534	0.475	0.647	0.622	0.553	0.511	0.133	0.131	0.132	0.132	0.643	0.604	0.519	0.450	0.654	0.614	0.546	0.517	0.131	0.132	0.132	0.138	0.648	0.689	0.508	0.435	0.627	0.604	0.598	0.513	0.131	0.131	0.132	0.131	0.646	0.585	0.538	0.461	0.663	0.623	0.560	0.503	0.193	0.133	0.134	0.134	0.693	0.608	0.558	0.477	0.746	0.717	0.587	0.663
42:20:03	0.133	0.132	0.134	0.132	0.700	0.616	0.571	0.490	0.680	0.638	0.669	0.529	0.134	0.130	0.132	0.134	0.663	0.592	0.542	0.482	0.673	0.587	0.538	0.484	0.132	0.133	0.133	0.131	0.658	0.585	0.536	0.549	0.651	0.734	0.561	0.510	0.142	0.132	0.131	0.131	0.660	0.603	0.533	0.474	0.646	0.618	0.552	0.510	0.133	0.131	0.132	0.132	0.641	0.601	0.518	0.450	0.652	0.613	0.547	0.516	0.131	0.132	0.133	0.138	0.646	0.686	0.506	0.435	0.626	0.602	0.597	0.512	0.131	0.131	0.132	0.132	0.644	0.583	0.537	0.460	0.662	0.621	0.559	0.502	0.194	0.133	0.134	0.134	0.693	0.607	0.557	0.476	0.750	0.725	0.587	0.666
42:40:03	0.133	0.132	0.133	0.132	0.699	0.614	0.570	0.491	0.679	0.637	0.670	0.530	0.133	0.130	0.132	0.133	0.661	0.590	0.541	0.481	0.672	0.584	0.538	0.484	0.132	0.133	0.132	0.131	0.656	0.583	0.535	0.548	0.650	0.733	0.559	0.510	0.142	0.132	0.131	0.131	0.658	0.601	0.532	0.474	0.644	0.615	0.551	0.509	0.133	0.131	0.132	0.132	0.640	0.599	0.518	0.450	0.651	0.610	0.547	0.515	0.131	0.132	0.133	0.138	0.646	0.684	0.506	0.434	0.625	0.600	0.595	0.511	0.131	0.131	0.132	0.131	0.644	0.581	0.536	0.459	0.661	0.619	0.557	0.501	0.193	0.133	0.134	0.134	0.693	0.605	0.556	0.475	0.748	0.736	0.586	0.670
43:00:03	0.133	0.132	0.134	0.132	0.698	0.614	0.569	0.491	0.678	0.636	0.671	0.532	0.134	0.130	0.132	0.134	0.661	0.588	0.541	0.481	0.670	0.583	0.537	0.484	0.132	0.133	0.133	0.131	0.655	0.581	0.535	0.547	0.649	0.731	0.559	0.509	0.142	0.132	0.131	0.131	0.657	0.599	0.530	0.473	0.644	0.613	0.550	0.509	0.133	0.131	0.132	0.132	0.638	0.597	0.517	0.449	0.650	0.609	0.550	0.514	0.131	0.132	0.133	0.138	0.644	0.683	0.505	0.434	0.624	0.598	0.594	0.510	0.131	0.131	0.132	0.132	0.643	0.580	0.535	0.459	0.661	0.618	0.556	0.500	0.194	0.133	0.134	0.134	0.693	0.605	0.555	0.474	0.748	0.746	0.586	0.674
43:20:03	0.133	0.132	0.134	0.132	0.697	0.611	0.568	0.491	0.676	0.635	0.672	0.533	0.134	0.130	0.132	0.134	0.660	0.586	0.540	0.481	0.669	0.580	0.536	0.484	0.132	0.133	0.133	0.131	0.654	0.578	0.533	0.546	0.648	0.729	0.558	0.509	0.142	0.132	0.131	0.131	0.655	0.596	0.530	0.473	0.641	0.609	0.549	0.508	0.133	0.131	0.132	0.132	0.636	0.594	0.516	0.449	0.650	0.607	0.551	0.512	0.131	0.132	0.133	0.138	0.644	0.681	0.504	0.434	0.623	0.597	0.592	0.509	0.131	0.131	0.132	0.132	0.641	0.578	0.534	0.458	0.660	0.616	0.554	0.499	0.194	0.133	0.134	0.134	0.693	0.603	0.555	0.474	0.749	0.757	0.586	0.678
43:40:03	0.133	0.132	0.133	0.132	0.696	0.610	0.568	0.491	0.674	0.634	0.673	0.535	0.133	0.130	0.132	0.133	0.659	0.583	0.539	0.481	0.668	0.578	0.536	0.484	0.132	0.133	0.132	0.131	0.652	0.576	0.533	0.545	0.647	0.728	0.557	0.509	0.142	0.132	0.131	0.131	0.654	0.594	0.529	0.473	0.641	0.607	0.548	0.508	0.133	0.131	0.132	0.132	0.635	0.593	0.515	0.449	0.648	0.605	0.552	0.512	0.131	0.132	0.133	0.138	0.642	0.681	0.503	0.434	0.622	0.595	0.591	0.508	0.131	0.131	0.132	0.131	0.641	0.576	0.533	0.458	0.660	0.615	0.554	0.499	0.193	0.133	0.134	0.134	0.694	0.602	0.554	0.473	0.751	0.767	0.585	0.681
44:00:03	0.133	0.132	0.133	0.132	0.695	0.609	0.567	0.491	0.673	0.633	0.674	0.536	0.133	0.130	0.132	0.134	0.658	0.581	0.538	0.480	0.668	0.575	0.535	0.484	0.132	0.133	0.132	0.131	0.651	0.574	0.532	0.544	0.646	0.725	0.556	0.508	0.142	0.131	0.131	0.131	0.652	0.592	0.528	0.472	0.638	0.604	0.547	0.507	0.133	0.131	0.132	0.132	0.633	0.590	0.514	0.449	0.647	0.604	0.553	0.510	0.131	0.132	0.133	0.138	0.641	0.679	0.502	0.434	0.620	0.594	0.590	0.507	0.131	0.131	0.132	0.131	0.640	0.575	0.532	0.457	0.659	0.613	0.552	0.498	0.194	0.133	0.134	0.134	0.694	0.601	0.553	0.473	0.751	0.781	0.585	0.686
44:20:03	0.133	0.132	0.133	0.132	0.694	0.606	0.566	0.491	0.671	0.632	0.676	0.538	0.133	0.130	0.132	0.133	0.658	0.579	0.537	0.480	0.665	0.573	0.534	0.484	0.132	0.133	0.132	0.131	0.650	0.572	0.531	0.542	0.644	0.723	0.555	0.508	0.142	0.131	0.131	0.131	0.651	0.590	0.527	0.472	0.637	0.601	0.546	0.508	0.133	0.131	0.132	0.132	0.632	0.588	0.514	0.449	0.646	0.602	0.554	0.510	0.131	0.132	0.132	0.138	0.640	0.679	0.502	0.434	0.620	0.592	0.589	0.506	0.131	0.131	0.132	0.131	0.639	0.573	0.531	0.457	0.659	0.612	0.551	0.497	0.192	0.133	0.134	0.134	0.695	0.600	0.552	0.472	0.751	0.795	0.585	0.690
44:40:03	0.133	0.132	0.133	0.132	0.693	0.605	0.565	0.490	0.670	0.631	0.677	0.539	0.133	0.129	0.132	0.133	0.657	0.577	0.537	0.480	0.664	0.571	0.533	0.484	0.132	0.133	0.132	0.131	0.648	0.570	0.530	0.542	0.643	0.721	0.555	0.508	0.142	0.131	0.131	0.131	0.650	0.588	0.526	0.471	0.636	0.598	0.545	0.507	0.133	0.131	0.132	0.132	0.630	0.586	0.513	0.448	0.645	0.601	0.554	0.509	0.131	0.132	0.132	0.138	0.638	0.677	0.501	0.434	0.618	0.591	0.588	0.505	0.131	0.131	0.132	0.131	0.638	0.572	0.530	0.457	0.659	0.611	0.550	0.497	0.194	0.133	0.134	0.134	0.695	0.599	0.552	0.472	0.756	0.810	0.584	0.694
45:00:03	0.133	0.132	0.133	0.132	0.692	0.604	0.564	0.490	0.669	0.631	0.679	0.541	0.133	0.130	0.132	0.133	0.657	0.576	0.536	0.480	0.663	0.569	0.533	0.484	0.132	0.133	0.132	0.131	0.647	0.568	0.529	0.541	0.642	0.719	0.554	0.507	0.142	0.131	0.131	0.131	0.648	0.586	0.525	0.471	0.634	0.596	0.544	0.507	0.133	0.131	0.132	0.132	0.629	0.584	0.512	0.448	0.645	0.600	0.554	0.508	0.131	0.131	0.132	0.138	0.638	0.677	0.500	0.433	0.617	0.589	0.587	0.504	0.131	0.131	0.132	0.131	0.637	0.570	0.530	0.456	0.658	0.609	0.549	0.496	0.194	0.133	0.134	0.134	0.695	0.597	0.551	0.471	0.754	0.827	0.584	0.699
45:20:03	0.132	0.132	0.133	0.132	0.691	0.602	0.563	0.490	0.667	0.630	0.680	0.542	0.133	0.130	0.132	0.133	0.657	0.574	0.535	0.479	0.660	0.568	0.532	0.484	0.132	0.133	0.132	0.131	0.646	0.567	0.529	0.540	0.641	0.717	0.554	0.507	0.142	0.131	0.131	0.131	0.647	0.584	0.525	0.470	0.634	0.593	0.543	0.506	0.133	0.131	0.131	0.132	0.628	0.583	0.511	0.448	0.644	0.599	0.554	0.507	0.131	0.131	0.132	0.137	0.636	0.676	0.500	0.433	0.616	0.588	0.586	0.503	0.131	0.131	0.132	0.131	0.636	0.569	0.529	0.456	0.658	0.608	0.548	0.496	0.193	0.133	0.134	0.134	0.696	0.596	0.551	0.470	0.760	0.845	0.584	0.702
45:40:03	0.133	0.132	0.133	0.132	0.691	0.602	0.562	0.490	0.667	0.630	0.683	0.544	0.133	0.130	0.131	0.133	0.656	0.572	0.534	0.479	0.660	0.566	0.531	0.485	0.132	0.133	0.132	0.131	0.645	0.565	0.528	0.539	0.640	0.715	0.553	0.507	0.142	0.131	0.131	0.131	0.646	0.583	0.524	0.470	0.633	0.591	0.542	0.506	0.133	0.131	0.132	0.132	0.627	0.581	0.511	0.448	0.642	0.597	0.552	0.507	0.131	0.132	0.132	0.138	0.636	0.676	0.499	0.433	0.615	0.587	0.585	0.502	0.131	0.131	0.132	0.131	0.635	0.567	0.529	0.455	0.657	0.607	0.546	0.495	0.193	0.133	0.134	0.134	0.696	0.596	0.549	0.470	0.760	0.862	0.584	0.707
46:00:03	0.132	0.132	0.133	0.132	0.689	0.600	0.563	0.490	0.666	0.628	0.685	0.547	0.133	0.129	0.131	0.133	0.654	0.571	0.535	0.480	0.660	0.564	0.530	0.486	0.131	0.133	0.132	0.131	0.645	0.564	0.528	0.539	0.641	0.713	0.552	0.507	0.142	0.131	0.131	0.131	0.646	0.580	0.524	0.471	0.635	0.589	0.541	0.505	0.133	0.130	0.131	0.132	0.625	0.578	0.511	0.449	0.645	0.595	0.549	0.506	0.131	0.131	0.132	0.138	0.635	0.677	0.501	0.434	0.616	0.585	0.584	0.501	0.131	0.131	0.132	0.131	0.635	0.565	0.528	0.456	0.658	0.605	0.546	0.494	0.197	0.132	0.134	0.134	0.698	0.595	0.553	0.471	0.761	0.876	0.584	0.713
46:20:03	0.132	0.132	0.133	0.132	0.688	0.599	0.561	0.490	0.663	0.628	0.686	0.547	0.133	0.130	0.132	0.133	0.654	0.569	0.533	0.478	0.658	0.563	0.530	0.484	0.132	0.133	0.132	0.131	0.643	0.561	0.526	0.537	0.638	0.709	0.552	0.507	0.142	0.132	0.131	0.131	0.643	0.579	0.522	0.469	0.631	0.587	0.540	0.507	0.133	0.131	0.131	0.132	0.623	0.577	0.509	0.447	0.641	0.594	0.546	0.506	0.131	0.132	0.133	0.137	0.633	0.675	0.496	0.432	0.613	0.585	0.583	0.501	0.131	0.131	0.132	0.131	0.633	0.564	0.527	0.454	0.656	0.604	0.544	0.494	0.192	0.133	0.134	0.134	0.698	0.594	0.547	0.469	0.758	0.895	0.585	0.713
46:40:03	0.132	0.132	0.133	0.132	0.686	0.597	0.560	0.489	0.663	0.627	0.687	0.548	0.133	0.130	0.132	0.133	0.654	0.567	0.532	0.478	0.657	0.560	0.529	0.484	0.132	0.133	0.132	0.131	0.642	0.560	0.525	0.536	0.638	0.706	0.551	0.506	0.142	0.132	0.131	0.131	0.642	0.578	0.521	0.469	0.630	0.584	0.539	0.507	0.133	0.131	0.131	0.132	0.622	0.575	0.509	0.447	0.640	0.593	0.543	0.504	0.131	0.131	0.133	0.137	0.632	0.674	0.495	0.432	0.612	0.583	0.582	0.500	0.131	0.131	0.132	0.131	0.632	0.562	0.526	0.454	0.655	0.603	0.543	0.494	0.192	0.133	0.134	0.134	0.698	0.593	0.546	0.468	0.758	0.907	0.584	0.716
47:00:03	0.133	0.132	0.133	0.132	0.685	0.597	0.559	0.489	0.661	0.626	0.688	0.550	0.133	0.130	0.132	0.133	0.653	0.565	0.532	0.478	0.655	0.558	0.528	0.485	0.132	0.133	0.132	0.131	0.641	0.558	0.525	0.535	0.636	0.704	0.551	0.506	0.142	0.131	0.131	0.131	0.641	0.576	0.520	0.469	0.629	0.582	0.538	0.506	0.133	0.131	0.131	0.132	0.621	0.573	0.508	0.446	0.639	0.592	0.540	0.503	0.131	0.131	0.132	0.137	0.631	0.674	0.496	0.432	0.611	0.582	0.581	0.499	0.131	0.131	0.132	0.131	0.631	0.561	0.525	0.453	0.655	0.602	0.542	0.492	0.195	0.133	0.134	0.134	0.698	0.593	0.547	0.468	0.764	0.923	0.584	0.720
47:20:03	0.132	0.132	0.133	0.132	0.684	0.595	0.558	0.488	0.660	0.625	0.690	0.552	0.133	0.130	0.132	0.133	0.652	0.563	0.531	0.477	0.655	0.556	0.527	0.485	0.131	0.133	0.132	0.131	0.640	0.557	0.524	0.534	0.635	0.701	0.551	0.506	0.142	0.131	0.131	0.131	0.640	0.574	0.519	0.469	0.627	0.580	0.538	0.506	0.133	0.131	0.131	0.132	0.619	0.572	0.507	0.446	0.639	0.591	0.536	0.503	0.131	0.131	0.132	0.137	0.631	0.674	0.495	0.432	0.610	0.581	0.580	0.498	0.131	0.131	0.132	0.131	0.630	0.559	0.525	0.453	0.654	0.600	0.542	0.492	0.191	0.133	0.134	0.134	0.699	0.592	0.546	0.467	0.761	0.939	0.584	0.722
47:40:03	0.132	0.132	0.133	0.132	0.682	0.594	0.560	0.488	0.661	0.624	0.691	0.554	0.133	0.130	0.132	0.133	0.652	0.562	0.531	0.477	0.655	0.555	0.526	0.487	0.131	0.133	0.132	0.131	0.640	0.556	0.524	0.534	0.636	0.699	0.550	0.506	0.143	0.131	0.131	0.131	0.639	0.572	0.520	0.469	0.628	0.578	0.537	0.506	0.133	0.130	0.131	0.132	0.619	0.570	0.508	0.446	0.641	0.589	0.534	0.502	0.131	0.131	0.132	0.138	0.630	0.675	0.496	0.432	0.611	0.580	0.580	0.498	0.131	0.131	0.132	0.131	0.630	0.557	0.525	0.454	0.653	0.598	0.541	0.492	0.195	0.133	0.134	0.134	0.700	0.592	0.548	0.468	0.761	0.954	0.584	0.725
48:00:03	0.132	0.132	0.133	0.132	0.682	0.592	0.557	0.488	0.659	0.623	0.692	0.554	0.133	0.130	0.132	0.133	0.651	0.560	0.529	0.476	0.652	0.553	0.527	0.485	0.131	0.133	0.132	0.131	0.638	0.554	0.522	0.533	0.634	0.696	0.550	0.506	0.142	0.132	0.131	0.131	0.638	0.572	0.518	0.468	0.625	0.576	0.536	0.507	0.133	0.130	0.131	0.132	0.617	0.569	0.506	0.445	0.637	0.588	0.531	0.502	0.131	0.131	0.133	0.137	0.628	0.673	0.493	0.432	0.608	0.580	0.579	0.498	0.131	0.131	0.132	0.131	0.627	0.556	0.523	0.452	0.652	0.598	0.540	0.492	0.192	0.133	0.134	0.134	0.699	0.590	0.544	0.467	0.767	0.970	0.585	0.725

