Field Group

Plate Comment:	
Procedure Summary
  Plate Type:              Corning 96 well for LogPhase600
  Plate Number:            1
  Discontinuous Kinetics:  Runtime 02:00:00 (D:HH:MM), Interval 00:20:00 (HH:MM:SS), 145 Reads (max)
  Read:                    600 nm
  Incubator:               On
    Temperature setpoint:  30 °C
    Temperature gradient:  On
  Shaking:                 On
     Shaking frequency:    600 RPMs		
			
			

600

Time	A1	A2	A3	A4	A5	A6	A7	A8	A9	A10	A11	A12	B1	B2	B3	B4	B5	B6	B7	B8	B9	B10	B11	B12	C1	C2	C3	C4	C5	C6	C7	C8	C9	C10	C11	C12	D1	D2	D3	D4	D5	D6	D7	D8	D9	D10	D11	D12	E1	E2	E3	E4	E5	E6	E7	E8	E9	E10	E11	E12	F1	F2	F3	F4	F5	F6	F7	F8	F9	F10	F11	F12	G1	G2	G3	G4	G5	G6	G7	G8	G9	G10	G11	G12	H1	H2	H3	H4	H5	H6	H7	H8	H9	H10	H11	H12
0:00:00	0.142	0.143	0.148	0.140	0.141	0.147	0.146	0.151	0.147	0.155	0.150	0.151	0.141	0.147	0.146	0.144	0.147	0.150	0.150	0.152	0.148	0.155	0.159	0.155	0.148	0.147	0.146	0.145	0.161	0.151	0.156	0.159	0.154	0.154	0.156	0.152	0.144	0.145	0.149	0.151	0.149	0.153	0.147	0.161	0.148	0.153	0.151	0.151	0.141	0.146	0.148	0.150	0.148	0.152	0.158	0.155	0.161	0.159	0.166	0.149	0.143	0.144	0.148	0.145	0.148	0.151	0.156	0.148	0.148	0.149	0.157	0.150	0.143	0.138	0.146	0.145	0.153	0.162	0.152	0.155	0.156	0.159	0.152	0.158	0.139	0.148	0.139	0.141	0.148	0.148	0.144	0.147	0.152	0.154	0.151	0.151
0:20:00	0.141	0.142	0.148	0.140	0.141	0.146	0.146	0.150	0.147	0.155	0.150	0.150	0.141	0.147	0.144	0.143	0.146	0.149	0.149	0.151	0.148	0.155	0.158	0.154	0.147	0.146	0.146	0.145	0.160	0.151	0.156	0.156	0.153	0.153	0.155	0.151	0.144	0.144	0.148	0.150	0.147	0.152	0.146	0.159	0.147	0.153	0.150	0.150	0.140	0.145	0.147	0.149	0.147	0.151	0.157	0.155	0.160	0.158	0.165	0.149	0.143	0.143	0.147	0.145	0.148	0.150	0.155	0.148	0.147	0.149	0.155	0.149	0.143	0.138	0.146	0.145	0.152	0.160	0.151	0.154	0.155	0.157	0.152	0.157	0.138	0.147	0.139	0.141	0.148	0.147	0.144	0.146	0.151	0.152	0.150	0.151
0:40:00	0.141	0.142	0.147	0.140	0.141	0.146	0.145	0.149	0.147	0.154	0.149	0.150	0.141	0.146	0.143	0.143	0.146	0.149	0.149	0.151	0.147	0.154	0.158	0.153	0.146	0.146	0.146	0.144	0.159	0.150	0.155	0.155	0.153	0.152	0.154	0.151	0.143	0.144	0.148	0.149	0.145	0.151	0.145	0.158	0.147	0.152	0.149	0.150	0.140	0.144	0.146	0.148	0.147	0.150	0.156	0.154	0.158	0.157	0.164	0.148	0.142	0.142	0.146	0.144	0.147	0.149	0.154	0.147	0.147	0.148	0.154	0.148	0.142	0.138	0.145	0.145	0.151	0.160	0.149	0.153	0.155	0.157	0.152	0.157	0.137	0.147	0.138	0.141	0.147	0.146	0.144	0.146	0.150	0.152	0.150	0.151
1:00:00	0.141	0.141	0.146	0.139	0.141	0.146	0.145	0.149	0.146	0.154	0.149	0.149	0.140	0.145	0.143	0.142	0.146	0.148	0.148	0.151	0.147	0.153	0.157	0.152	0.145	0.145	0.145	0.144	0.159	0.150	0.154	0.154	0.152	0.151	0.153	0.150	0.142	0.143	0.147	0.149	0.143	0.151	0.145	0.157	0.146	0.151	0.149	0.149	0.139	0.144	0.145	0.147	0.147	0.150	0.155	0.153	0.158	0.156	0.164	0.148	0.141	0.142	0.145	0.143	0.147	0.148	0.153	0.146	0.146	0.148	0.154	0.148	0.141	0.137	0.145	0.144	0.151	0.159	0.149	0.152	0.154	0.156	0.151	0.157	0.137	0.146	0.138	0.140	0.147	0.146	0.144	0.145	0.150	0.151	0.149	0.151
1:20:00	0.140	0.141	0.146	0.138	0.140	0.146	0.145	0.148	0.146	0.153	0.149	0.148	0.140	0.146	0.142	0.142	0.145	0.148	0.147	0.151	0.147	0.153	0.157	0.152	0.145	0.145	0.145	0.143	0.157	0.149	0.153	0.153	0.151	0.151	0.152	0.150	0.142	0.143	0.146	0.148	0.141	0.150	0.145	0.155	0.146	0.151	0.148	0.149	0.139	0.143	0.145	0.147	0.147	0.150	0.155	0.153	0.157	0.154	0.165	0.148	0.141	0.142	0.144	0.143	0.147	0.148	0.152	0.146	0.146	0.147	0.154	0.147	0.141	0.137	0.144	0.144	0.149	0.159	0.148	0.151	0.154	0.155	0.151	0.156	0.137	0.146	0.138	0.140	0.147	0.146	0.143	0.145	0.149	0.151	0.149	0.149
1:40:00	0.140	0.140	0.145	0.139	0.140	0.146	0.145	0.148	0.146	0.153	0.148	0.148	0.140	0.144	0.142	0.142	0.145	0.148	0.147	0.150	0.146	0.152	0.157	0.152	0.144	0.145	0.145	0.143	0.158	0.149	0.153	0.152	0.151	0.150	0.152	0.150	0.141	0.142	0.145	0.148	0.141	0.150	0.144	0.155	0.145	0.150	0.147	0.149	0.138	0.143	0.144	0.146	0.146	0.149	0.154	0.153	0.156	0.154	0.162	0.147	0.140	0.141	0.144	0.142	0.146	0.147	0.152	0.145	0.146	0.147	0.152	0.147	0.141	0.137	0.144	0.143	0.150	0.157	0.148	0.151	0.153	0.155	0.151	0.155	0.137	0.145	0.138	0.140	0.146	0.145	0.143	0.145	0.149	0.151	0.149	0.150
2:00:00	0.139	0.140	0.145	0.138	0.140	0.146	0.144	0.147	0.146	0.153	0.148	0.148	0.139	0.143	0.142	0.141	0.145	0.147	0.146	0.149	0.146	0.151	0.156	0.151	0.144	0.144	0.144	0.142	0.157	0.149	0.153	0.152	0.151	0.149	0.151	0.149	0.141	0.142	0.145	0.147	0.140	0.149	0.144	0.155	0.145	0.150	0.147	0.148	0.138	0.142	0.144	0.146	0.146	0.149	0.153	0.152	0.155	0.154	0.162	0.147	0.140	0.140	0.143	0.141	0.145	0.146	0.151	0.145	0.145	0.146	0.152	0.146	0.140	0.136	0.144	0.143	0.149	0.156	0.146	0.150	0.153	0.155	0.150	0.155	0.137	0.145	0.137	0.140	0.146	0.145	0.143	0.144	0.149	0.151	0.149	0.150
2:20:00	0.139	0.140	0.145	0.138	0.139	0.146	0.144	0.147	0.146	0.153	0.148	0.148	0.139	0.143	0.141	0.141	0.144	0.148	0.145	0.149	0.145	0.151	0.156	0.151	0.143	0.144	0.144	0.142	0.157	0.148	0.153	0.151	0.151	0.149	0.151	0.149	0.141	0.141	0.145	0.147	0.140	0.149	0.143	0.154	0.145	0.149	0.147	0.148	0.138	0.142	0.143	0.145	0.145	0.149	0.152	0.151	0.155	0.153	0.161	0.146	0.139	0.140	0.143	0.141	0.145	0.146	0.151	0.145	0.145	0.146	0.151	0.146	0.140	0.136	0.143	0.142	0.149	0.156	0.146	0.150	0.153	0.154	0.150	0.155	0.136	0.144	0.137	0.139	0.146	0.145	0.143	0.144	0.149	0.150	0.148	0.150
2:40:00	0.139	0.139	0.144	0.138	0.139	0.146	0.144	0.147	0.146	0.153	0.148	0.148	0.138	0.143	0.141	0.141	0.145	0.148	0.145	0.149	0.145	0.150	0.156	0.151	0.143	0.144	0.144	0.142	0.157	0.148	0.152	0.151	0.150	0.149	0.151	0.149	0.140	0.141	0.144	0.147	0.140	0.149	0.143	0.154	0.145	0.149	0.147	0.148	0.137	0.142	0.143	0.145	0.145	0.148	0.152	0.151	0.154	0.153	0.161	0.146	0.139	0.140	0.142	0.140	0.145	0.146	0.151	0.144	0.145	0.146	0.151	0.146	0.140	0.136	0.143	0.142	0.149	0.155	0.146	0.150	0.152	0.154	0.150	0.155	0.136	0.144	0.137	0.139	0.146	0.145	0.143	0.144	0.148	0.151	0.148	0.150
3:00:00	0.139	0.139	0.144	0.137	0.139	0.146	0.144	0.147	0.145	0.152	0.148	0.148	0.138	0.142	0.141	0.140	0.145	0.148	0.144	0.149	0.145	0.150	0.156	0.151	0.142	0.144	0.144	0.142	0.156	0.148	0.152	0.151	0.150	0.148	0.150	0.149	0.140	0.141	0.144	0.146	0.139	0.148	0.143	0.153	0.145	0.149	0.147	0.147	0.137	0.141	0.143	0.144	0.145	0.148	0.152	0.151	0.154	0.152	0.161	0.146	0.139	0.140	0.142	0.140	0.145	0.145	0.151	0.144	0.145	0.146	0.151	0.145	0.139	0.136	0.143	0.142	0.148	0.155	0.146	0.149	0.152	0.154	0.150	0.155	0.136	0.144	0.137	0.139	0.146	0.145	0.143	0.144	0.148	0.151	0.148	0.150
3:20:00	0.139	0.139	0.144	0.137	0.140	0.146	0.144	0.146	0.145	0.153	0.148	0.148	0.138	0.142	0.141	0.140	0.145	0.149	0.144	0.149	0.145	0.150	0.156	0.151	0.142	0.144	0.144	0.141	0.156	0.147	0.151	0.150	0.150	0.148	0.150	0.148	0.140	0.140	0.144	0.146	0.139	0.148	0.143	0.153	0.144	0.149	0.147	0.147	0.137	0.141	0.143	0.144	0.145	0.148	0.152	0.151	0.154	0.152	0.161	0.145	0.138	0.139	0.142	0.140	0.145	0.145	0.151	0.144	0.144	0.146	0.151	0.145	0.139	0.136	0.142	0.142	0.148	0.155	0.145	0.149	0.152	0.154	0.150	0.155	0.136	0.144	0.137	0.139	0.146	0.145	0.143	0.144	0.148	0.151	0.148	0.150
3:40:00	0.139	0.139	0.144	0.137	0.140	0.147	0.144	0.146	0.145	0.152	0.148	0.148	0.138	0.142	0.140	0.140	0.145	0.149	0.144	0.148	0.144	0.150	0.155	0.150	0.142	0.144	0.144	0.141	0.156	0.147	0.151	0.150	0.150	0.148	0.150	0.148	0.139	0.140	0.143	0.146	0.139	0.148	0.143	0.153	0.144	0.148	0.146	0.147	0.136	0.141	0.143	0.143	0.145	0.148	0.151	0.150	0.154	0.152	0.161	0.145	0.138	0.139	0.142	0.139	0.145	0.145	0.151	0.144	0.144	0.146	0.151	0.145	0.139	0.136	0.142	0.141	0.148	0.155	0.145	0.149	0.152	0.154	0.150	0.154	0.136	0.144	0.137	0.139	0.146	0.144	0.143	0.144	0.148	0.152	0.148	0.150
4:00:00	0.139	0.138	0.144	0.137	0.140	0.148	0.144	0.146	0.145	0.152	0.148	0.148	0.138	0.141	0.140	0.140	0.145	0.150	0.144	0.148	0.144	0.150	0.156	0.150	0.141	0.143	0.144	0.140	0.156	0.147	0.151	0.150	0.150	0.148	0.150	0.148	0.139	0.140	0.143	0.146	0.139	0.148	0.143	0.153	0.144	0.148	0.147	0.147	0.136	0.141	0.142	0.143	0.145	0.148	0.152	0.150	0.154	0.152	0.161	0.144	0.138	0.139	0.142	0.139	0.146	0.144	0.152	0.144	0.144	0.146	0.151	0.145	0.138	0.136	0.142	0.141	0.149	0.155	0.146	0.148	0.152	0.154	0.150	0.154	0.136	0.144	0.137	0.139	0.146	0.144	0.144	0.144	0.148	0.153	0.149	0.150
4:20:00	0.139	0.138	0.143	0.136	0.141	0.148	0.144	0.146	0.146	0.153	0.148	0.147	0.138	0.141	0.139	0.140	0.145	0.152	0.144	0.149	0.144	0.150	0.157	0.150	0.141	0.143	0.143	0.140	0.156	0.147	0.151	0.149	0.150	0.147	0.149	0.148	0.139	0.140	0.143	0.146	0.137	0.147	0.144	0.152	0.144	0.148	0.149	0.146	0.136	0.141	0.143	0.143	0.146	0.148	0.152	0.150	0.154	0.152	0.163	0.144	0.138	0.139	0.141	0.140	0.146	0.144	0.153	0.144	0.144	0.146	0.151	0.145	0.138	0.136	0.142	0.141	0.149	0.156	0.146	0.148	0.153	0.154	0.150	0.154	0.135	0.143	0.136	0.139	0.146	0.144	0.144	0.144	0.149	0.154	0.149	0.150
4:40:00	0.139	0.138	0.143	0.136	0.141	0.150	0.145	0.146	0.146	0.153	0.148	0.148	0.138	0.141	0.140	0.139	0.145	0.155	0.144	0.148	0.144	0.149	0.157	0.150	0.141	0.143	0.143	0.140	0.156	0.147	0.152	0.149	0.150	0.148	0.150	0.147	0.139	0.139	0.142	0.145	0.139	0.147	0.144	0.153	0.144	0.148	0.149	0.146	0.136	0.140	0.142	0.142	0.146	0.148	0.153	0.149	0.154	0.151	0.161	0.144	0.138	0.139	0.141	0.139	0.147	0.144	0.156	0.143	0.144	0.146	0.151	0.145	0.138	0.135	0.141	0.141	0.150	0.155	0.147	0.148	0.153	0.155	0.151	0.154	0.136	0.144	0.137	0.138	0.147	0.145	0.145	0.144	0.148	0.155	0.149	0.150
5:00:00	0.139	0.138	0.143	0.136	0.141	0.151	0.146	0.146	0.146	0.153	0.149	0.148	0.138	0.140	0.139	0.139	0.146	0.159	0.146	0.148	0.144	0.149	0.159	0.150	0.141	0.143	0.143	0.139	0.156	0.147	0.153	0.148	0.150	0.147	0.150	0.147	0.138	0.139	0.142	0.145	0.137	0.147	0.147	0.152	0.143	0.149	0.152	0.146	0.136	0.140	0.142	0.142	0.147	0.149	0.154	0.149	0.154	0.152	0.164	0.144	0.138	0.138	0.141	0.139	0.146	0.144	0.159	0.143	0.144	0.146	0.151	0.145	0.138	0.135	0.142	0.141	0.148	0.156	0.149	0.148	0.154	0.154	0.151	0.154	0.135	0.143	0.136	0.139	0.148	0.145	0.146	0.144	0.149	0.157	0.150	0.151
5:20:00	0.139	0.138	0.143	0.136	0.143	0.154	0.148	0.146	0.146	0.153	0.151	0.148	0.138	0.140	0.140	0.139	0.148	0.166	0.147	0.148	0.144	0.150	0.162	0.150	0.141	0.143	0.143	0.139	0.157	0.148	0.155	0.149	0.151	0.148	0.153	0.147	0.138	0.139	0.142	0.145	0.139	0.148	0.148	0.153	0.144	0.149	0.154	0.146	0.136	0.140	0.142	0.142	0.148	0.148	0.155	0.149	0.154	0.152	0.163	0.144	0.137	0.138	0.141	0.139	0.148	0.144	0.165	0.143	0.144	0.147	0.152	0.145	0.138	0.135	0.141	0.141	0.151	0.156	0.151	0.149	0.156	0.154	0.153	0.155	0.135	0.143	0.137	0.139	0.149	0.145	0.148	0.144	0.149	0.156	0.152	0.151
5:40:00	0.139	0.138	0.143	0.136	0.144	0.158	0.151	0.146	0.147	0.154	0.153	0.148	0.138	0.140	0.139	0.139	0.146	0.171	0.149	0.148	0.145	0.150	0.166	0.150	0.140	0.143	0.143	0.139	0.157	0.147	0.158	0.149	0.151	0.148	0.155	0.147	0.138	0.139	0.142	0.145	0.138	0.147	0.151	0.153	0.144	0.149	0.159	0.146	0.135	0.140	0.142	0.142	0.148	0.149	0.158	0.149	0.155	0.152	0.165	0.144	0.137	0.138	0.141	0.139	0.149	0.143	0.173	0.143	0.144	0.147	0.153	0.145	0.138	0.135	0.141	0.140	0.151	0.157	0.155	0.149	0.157	0.155	0.155	0.155	0.135	0.143	0.137	0.138	0.150	0.146	0.150	0.144	0.149	0.161	0.153	0.152
6:00:00	0.139	0.138	0.143	0.136	0.145	0.163	0.155	0.146	0.147	0.154	0.156	0.148	0.137	0.140	0.139	0.139	0.147	0.177	0.154	0.148	0.145	0.149	0.172	0.150	0.140	0.142	0.143	0.139	0.157	0.146	0.164	0.148	0.151	0.149	0.160	0.147	0.138	0.139	0.142	0.145	0.139	0.148	0.157	0.153	0.144	0.149	0.166	0.146	0.135	0.140	0.141	0.142	0.148	0.149	0.163	0.149	0.154	0.154	0.167	0.144	0.137	0.138	0.141	0.138	0.151	0.143	0.184	0.144	0.144	0.148	0.155	0.145	0.138	0.135	0.141	0.140	0.151	0.156	0.162	0.150	0.160	0.154	0.158	0.155	0.135	0.143	0.137	0.138	0.151	0.147	0.155	0.145	0.150	0.165	0.156	0.152
6:20:00	0.139	0.138	0.143	0.135	0.145	0.168	0.158	0.146	0.147	0.154	0.160	0.148	0.137	0.139	0.139	0.139	0.152	0.183	0.161	0.149	0.145	0.149	0.180	0.150	0.140	0.142	0.143	0.139	0.159	0.147	0.173	0.148	0.152	0.149	0.164	0.147	0.138	0.138	0.142	0.145	0.136	0.147	0.168	0.152	0.144	0.150	0.176	0.146	0.135	0.140	0.142	0.141	0.151	0.149	0.171	0.149	0.155	0.155	0.174	0.143	0.137	0.138	0.141	0.139	0.151	0.143	0.200	0.144	0.144	0.150	0.158	0.145	0.138	0.135	0.141	0.140	0.157	0.156	0.172	0.150	0.166	0.157	0.161	0.155	0.135	0.143	0.136	0.138	0.152	0.147	0.162	0.145	0.151	0.169	0.161	0.154
6:40:00	0.139	0.138	0.143	0.135	0.146	0.172	0.167	0.146	0.148	0.155	0.168	0.148	0.137	0.139	0.139	0.139	0.151	0.191	0.170	0.149	0.144	0.149	0.191	0.150	0.140	0.142	0.143	0.139	0.160	0.148	0.187	0.148	0.153	0.149	0.174	0.147	0.138	0.139	0.142	0.145	0.142	0.147	0.180	0.153	0.144	0.150	0.189	0.146	0.135	0.139	0.141	0.141	0.152	0.150	0.182	0.149	0.158	0.157	0.176	0.143	0.137	0.138	0.141	0.138	0.158	0.143	0.219	0.144	0.144	0.150	0.164	0.145	0.138	0.134	0.141	0.140	0.153	0.158	0.187	0.152	0.170	0.157	0.167	0.155	0.135	0.143	0.137	0.138	0.155	0.150	0.174	0.145	0.152	0.173	0.167	0.155
7:00:00	0.138	0.137	0.143	0.135	0.146	0.180	0.177	0.147	0.149	0.157	0.179	0.149	0.137	0.139	0.138	0.139	0.159	0.202	0.181	0.150	0.145	0.150	0.203	0.150	0.140	0.142	0.142	0.138	0.162	0.148	0.203	0.148	0.154	0.149	0.184	0.147	0.137	0.138	0.142	0.144	0.140	0.147	0.200	0.153	0.145	0.151	0.202	0.147	0.135	0.139	0.142	0.141	0.154	0.152	0.199	0.149	0.158	0.157	0.186	0.143	0.137	0.138	0.141	0.138	0.161	0.143	0.247	0.144	0.145	0.153	0.170	0.145	0.137	0.134	0.141	0.139	0.158	0.159	0.206	0.153	0.170	0.157	0.175	0.155	0.135	0.143	0.137	0.138	0.163	0.149	0.190	0.146	0.155	0.173	0.177	0.157
7:20:00	0.138	0.138	0.143	0.135	0.149	0.193	0.189	0.147	0.150	0.157	0.194	0.149	0.137	0.139	0.139	0.138	0.163	0.227	0.199	0.151	0.144	0.152	0.212	0.150	0.139	0.142	0.143	0.138	0.162	0.151	0.233	0.149	0.153	0.151	0.199	0.147	0.137	0.138	0.142	0.144	0.139	0.150	0.233	0.156	0.147	0.147	0.216	0.147	0.135	0.139	0.142	0.141	0.160	0.154	0.237	0.150	0.158	0.159	0.192	0.144	0.136	0.137	0.141	0.138	0.164	0.143	0.274	0.145	0.148	0.156	0.179	0.146	0.137	0.134	0.141	0.139	0.163	0.162	0.242	0.155	0.169	0.159	0.186	0.156	0.135	0.143	0.137	0.138	0.168	0.151	0.216	0.146	0.157	0.178	0.188	0.160
7:40:00	0.138	0.138	0.143	0.134	0.150	0.197	0.208	0.148	0.152	0.158	0.209	0.150	0.137	0.139	0.138	0.138	0.174	0.238	0.225	0.153	0.146	0.153	0.223	0.151	0.139	0.142	0.143	0.138	0.163	0.149	0.262	0.149	0.153	0.151	0.207	0.147	0.137	0.138	0.143	0.144	0.144	0.150	0.272	0.157	0.146	0.150	0.225	0.147	0.135	0.139	0.142	0.141	0.161	0.156	0.263	0.150	0.162	0.160	0.203	0.144	0.136	0.138	0.141	0.138	0.185	0.144	0.307	0.145	0.146	0.160	0.188	0.146	0.137	0.134	0.141	0.139	0.167	0.166	0.269	0.159	0.167	0.161	0.195	0.157	0.135	0.143	0.137	0.139	0.177	0.154	0.256	0.148	0.158	0.190	0.198	0.163
8:00:00	0.139	0.138	0.144	0.134	0.157	0.219	0.229	0.149	0.152	0.159	0.219	0.151	0.137	0.139	0.138	0.138	0.183	0.251	0.255	0.155	0.149	0.154	0.229	0.151	0.139	0.142	0.143	0.138	0.162	0.147	0.291	0.149	0.154	0.153	0.225	0.148	0.137	0.138	0.142	0.144	0.147	0.152	0.303	0.161	0.146	0.150	0.236	0.148	0.135	0.139	0.143	0.141	0.163	0.156	0.292	0.151	0.166	0.157	0.207	0.144	0.136	0.137	0.141	0.138	0.208	0.144	0.345	0.147	0.149	0.164	0.194	0.147	0.137	0.134	0.141	0.139	0.178	0.171	0.305	0.163	0.171	0.163	0.201	0.158	0.135	0.143	0.138	0.138	0.186	0.162	0.297	0.149	0.162	0.209	0.205	0.168
8:20:00	0.138	0.137	0.144	0.135	0.166	0.237	0.251	0.150	0.152	0.160	0.229	0.153	0.136	0.138	0.139	0.138	0.199	0.275	0.289	0.159	0.149	0.154	0.236	0.152	0.139	0.141	0.144	0.138	0.173	0.152	0.315	0.151	0.158	0.154	0.245	0.148	0.137	0.138	0.142	0.144	0.150	0.153	0.333	0.166	0.148	0.152	0.250	0.149	0.135	0.139	0.143	0.140	0.179	0.164	0.313	0.152	0.169	0.165	0.211	0.144	0.136	0.137	0.142	0.137	0.230	0.143	0.376	0.148	0.152	0.165	0.199	0.148	0.137	0.134	0.141	0.139	0.195	0.173	0.345	0.169	0.174	0.166	0.209	0.160	0.135	0.143	0.139	0.138	0.212	0.164	0.332	0.151	0.166	0.228	0.214	0.177
8:40:00	0.138	0.137	0.144	0.135	0.175	0.261	0.274	0.152	0.157	0.162	0.241	0.155	0.136	0.138	0.139	0.138	0.219	0.292	0.323	0.164	0.150	0.153	0.241	0.154	0.139	0.141	0.144	0.138	0.175	0.153	0.345	0.152	0.155	0.160	0.264	0.149	0.137	0.138	0.143	0.144	0.154	0.154	0.366	0.173	0.150	0.153	0.258	0.150	0.135	0.138	0.144	0.140	0.210	0.165	0.342	0.154	0.169	0.169	0.218	0.145	0.136	0.137	0.143	0.137	0.247	0.143	0.387	0.150	0.153	0.169	0.204	0.150	0.137	0.134	0.141	0.139	0.226	0.174	0.382	0.176	0.178	0.173	0.216	0.162	0.135	0.142	0.140	0.138	0.237	0.167	0.364	0.154	0.169	0.249	0.224	0.186
9:00:00	0.138	0.137	0.145	0.135	0.185	0.274	0.307	0.154	0.156	0.163	0.250	0.159	0.136	0.138	0.139	0.138	0.223	0.315	0.354	0.170	0.152	0.155	0.246	0.156	0.139	0.141	0.145	0.138	0.176	0.154	0.369	0.154	0.159	0.166	0.281	0.151	0.137	0.137	0.144	0.144	0.155	0.154	0.385	0.185	0.151	0.153	0.265	0.152	0.134	0.138	0.146	0.140	0.232	0.165	0.367	0.155	0.173	0.170	0.225	0.146	0.135	0.136	0.144	0.137	0.271	0.144	0.400	0.153	0.153	0.183	0.209	0.151	0.137	0.134	0.142	0.139	0.241	0.177	0.403	0.187	0.191	0.175	0.223	0.166	0.135	0.143	0.141	0.138	0.259	0.175	0.394	0.158	0.166	0.273	0.232	0.200
9:20:00	0.138	0.137	0.146	0.135	0.206	0.314	0.336	0.157	0.163	0.165	0.259	0.162	0.136	0.138	0.139	0.137	0.238	0.343	0.376	0.179	0.151	0.157	0.253	0.158	0.138	0.141	0.146	0.138	0.191	0.155	0.384	0.158	0.161	0.171	0.296	0.152	0.138	0.137	0.144	0.143	0.157	0.155	0.393	0.203	0.153	0.153	0.271	0.154	0.134	0.138	0.147	0.140	0.246	0.167	0.386	0.159	0.176	0.171	0.231	0.147	0.135	0.136	0.145	0.137	0.290	0.144	0.405	0.157	0.152	0.202	0.213	0.154	0.137	0.134	0.143	0.139	0.262	0.189	0.420	0.200	0.208	0.178	0.229	0.171	0.135	0.142	0.143	0.138	0.278	0.181	0.413	0.163	0.168	0.296	0.237	0.217
9:40:00	0.138	0.137	0.147	0.135	0.227	0.334	0.367	0.161	0.168	0.171	0.265	0.168	0.136	0.137	0.140	0.137	0.255	0.373	0.385	0.189	0.151	0.155	0.261	0.162	0.138	0.141	0.147	0.138	0.216	0.155	0.392	0.163	0.162	0.178	0.308	0.155	0.137	0.137	0.146	0.143	0.188	0.156	0.397	0.228	0.155	0.155	0.275	0.159	0.134	0.138	0.150	0.140	0.267	0.185	0.402	0.163	0.179	0.184	0.239	0.149	0.135	0.136	0.148	0.137	0.312	0.145	0.408	0.163	0.161	0.223	0.218	0.158	0.137	0.134	0.143	0.139	0.278	0.203	0.430	0.217	0.222	0.178	0.234	0.177	0.135	0.143	0.145	0.138	0.295	0.190	0.428	0.170	0.172	0.322	0.242	0.240
10:00:00	0.138	0.137	0.148	0.135	0.249	0.361	0.381	0.166	0.174	0.177	0.268	0.174	0.136	0.138	0.141	0.138	0.278	0.407	0.392	0.197	0.160	0.158	0.285	0.165	0.138	0.141	0.149	0.138	0.236	0.159	0.400	0.171	0.165	0.182	0.317	0.158	0.137	0.137	0.147	0.144	0.206	0.158	0.402	0.259	0.159	0.158	0.284	0.164	0.134	0.138	0.153	0.140	0.284	0.210	0.408	0.169	0.195	0.206	0.247	0.152	0.135	0.136	0.151	0.137	0.341	0.146	0.414	0.170	0.162	0.248	0.222	0.163	0.137	0.134	0.145	0.139	0.294	0.223	0.436	0.237	0.238	0.196	0.236	0.187	0.135	0.143	0.148	0.138	0.318	0.218	0.439	0.180	0.176	0.345	0.244	0.268
10:20:00	0.138	0.137	0.150	0.134	0.276	0.388	0.396	0.173	0.183	0.185	0.269	0.181	0.136	0.138	0.142	0.138	0.304	0.442	0.395	0.208	0.164	0.160	0.322	0.172	0.138	0.141	0.151	0.137	0.268	0.164	0.411	0.183	0.169	0.200	0.330	0.162	0.137	0.137	0.149	0.144	0.232	0.159	0.409	0.289	0.161	0.163	0.285	0.172	0.134	0.138	0.156	0.140	0.309	0.223	0.415	0.177	0.228	0.226	0.254	0.155	0.135	0.136	0.154	0.137	0.370	0.144	0.421	0.181	0.164	0.262	0.223	0.170	0.137	0.134	0.146	0.138	0.320	0.254	0.443	0.258	0.255	0.216	0.237	0.199	0.135	0.143	0.152	0.138	0.350	0.242	0.450	0.193	0.191	0.373	0.247	0.296
10:40:00	0.138	0.137	0.153	0.135	0.305	0.424	0.405	0.182	0.190	0.194	0.272	0.191	0.136	0.138	0.143	0.138	0.333	0.489	0.400	0.220	0.169	0.163	0.360	0.181	0.138	0.141	0.154	0.138	0.284	0.167	0.419	0.200	0.172	0.231	0.336	0.169	0.137	0.137	0.152	0.144	0.251	0.163	0.414	0.310	0.163	0.166	0.285	0.181	0.135	0.138	0.161	0.140	0.339	0.249	0.422	0.188	0.234	0.256	0.261	0.160	0.135	0.136	0.158	0.137	0.408	0.145	0.428	0.196	0.167	0.273	0.225	0.179	0.137	0.134	0.148	0.139	0.349	0.275	0.448	0.278	0.276	0.248	0.239	0.213	0.135	0.143	0.157	0.138	0.385	0.249	0.456	0.209	0.213	0.400	0.251	0.325
11:00:00	0.138	0.137	0.155	0.134	0.341	0.459	0.412	0.195	0.213	0.218	0.278	0.205	0.137	0.138	0.145	0.138	0.366	0.524	0.409	0.238	0.178	0.168	0.391	0.190	0.138	0.141	0.156	0.137	0.308	0.170	0.427	0.222	0.173	0.252	0.340	0.178	0.137	0.137	0.155	0.144	0.274	0.165	0.422	0.328	0.167	0.170	0.288	0.196	0.135	0.138	0.166	0.140	0.370	0.275	0.430	0.202	0.249	0.270	0.273	0.167	0.136	0.136	0.162	0.137	0.439	0.146	0.436	0.216	0.173	0.295	0.227	0.191	0.137	0.134	0.151	0.138	0.382	0.304	0.453	0.298	0.301	0.261	0.242	0.231	0.135	0.142	0.163	0.138	0.431	0.281	0.462	0.228	0.229	0.429	0.258	0.358
11:20:00	0.138	0.137	0.159	0.134	0.375	0.505	0.416	0.206	0.238	0.246	0.277	0.214	0.136	0.137	0.147	0.138	0.434	0.536	0.416	0.249	0.189	0.174	0.401	0.195	0.138	0.140	0.161	0.137	0.336	0.177	0.436	0.254	0.177	0.265	0.331	0.189	0.137	0.137	0.159	0.144	0.303	0.166	0.427	0.336	0.174	0.178	0.282	0.210	0.135	0.138	0.170	0.139	0.407	0.292	0.438	0.215	0.267	0.293	0.278	0.177	0.135	0.136	0.168	0.137	0.494	0.146	0.444	0.238	0.200	0.317	0.228	0.201	0.137	0.134	0.154	0.138	0.414	0.324	0.458	0.315	0.333	0.287	0.243	0.243	0.136	0.142	0.169	0.138	0.473	0.304	0.469	0.251	0.242	0.460	0.260	0.369
11:40:00	0.138	0.137	0.163	0.134	0.414	0.546	0.422	0.222	0.255	0.268	0.279	0.229	0.136	0.137	0.149	0.138	0.491	0.575	0.424	0.260	0.203	0.197	0.403	0.205	0.138	0.140	0.165	0.137	0.367	0.192	0.445	0.281	0.192	0.282	0.322	0.203	0.137	0.137	0.164	0.143	0.335	0.171	0.437	0.345	0.201	0.204	0.279	0.226	0.135	0.137	0.176	0.139	0.444	0.316	0.444	0.232	0.292	0.314	0.285	0.191	0.136	0.136	0.174	0.137	0.546	0.149	0.450	0.259	0.213	0.345	0.230	0.210	0.137	0.134	0.158	0.138	0.474	0.349	0.461	0.335	0.367	0.311	0.245	0.257	0.136	0.142	0.176	0.138	0.522	0.334	0.474	0.275	0.258	0.494	0.269	0.386
12:00:00	0.138	0.137	0.167	0.134	0.462	0.563	0.428	0.240	0.263	0.288	0.284	0.246	0.136	0.137	0.152	0.137	0.536	0.606	0.434	0.274	0.225	0.196	0.393	0.216	0.138	0.140	0.171	0.137	0.404	0.217	0.453	0.305	0.216	0.300	0.309	0.220	0.138	0.137	0.170	0.143	0.367	0.196	0.444	0.353	0.221	0.242	0.273	0.237	0.136	0.137	0.182	0.139	0.510	0.344	0.452	0.250	0.322	0.339	0.290	0.206	0.137	0.136	0.181	0.137	0.589	0.150	0.455	0.284	0.231	0.374	0.230	0.220	0.137	0.134	0.164	0.138	0.533	0.381	0.464	0.347	0.401	0.337	0.245	0.265	0.136	0.143	0.183	0.138	0.580	0.362	0.480	0.296	0.278	0.533	0.277	0.388
12:20:00	0.138	0.137	0.172	0.134	0.522	0.573	0.430	0.257	0.285	0.311	0.285	0.262	0.136	0.137	0.157	0.137	0.586	0.656	0.439	0.283	0.240	0.205	0.382	0.231	0.138	0.140	0.176	0.137	0.452	0.245	0.458	0.327	0.229	0.320	0.305	0.234	0.138	0.137	0.175	0.143	0.406	0.220	0.449	0.350	0.231	0.264	0.276	0.256	0.136	0.137	0.185	0.139	0.548	0.372	0.457	0.268	0.354	0.368	0.296	0.225	0.139	0.136	0.186	0.137	0.641	0.152	0.460	0.302	0.252	0.404	0.237	0.238	0.137	0.133	0.169	0.138	0.582	0.408	0.467	0.353	0.438	0.366	0.255	0.282	0.137	0.142	0.187	0.138	0.651	0.392	0.484	0.319	0.300	0.573	0.303	0.394
12:40:00	0.138	0.137	0.176	0.134	0.552	0.593	0.435	0.273	0.310	0.331	0.285	0.276	0.136	0.137	0.162	0.137	0.635	0.714	0.445	0.295	0.260	0.237	0.370	0.248	0.138	0.140	0.181	0.137	0.508	0.245	0.464	0.338	0.246	0.350	0.298	0.242	0.138	0.137	0.180	0.143	0.446	0.228	0.455	0.350	0.252	0.280	0.281	0.271	0.138	0.137	0.190	0.139	0.598	0.402	0.462	0.289	0.385	0.403	0.301	0.241	0.137	0.136	0.191	0.137	0.691	0.155	0.465	0.318	0.276	0.438	0.243	0.254	0.138	0.133	0.175	0.138	0.634	0.438	0.469	0.360	0.479	0.400	0.264	0.294	0.138	0.142	0.189	0.138	0.704	0.420	0.489	0.337	0.329	0.629	0.323	0.398
13:00:00	0.138	0.137	0.181	0.134	0.590	0.654	0.441	0.292	0.341	0.356	0.288	0.295	0.136	0.137	0.167	0.137	0.690	0.769	0.450	0.308	0.284	0.260	0.363	0.265	0.138	0.140	0.185	0.137	0.544	0.269	0.469	0.345	0.272	0.384	0.293	0.252	0.139	0.137	0.185	0.143	0.514	0.250	0.459	0.358	0.278	0.297	0.295	0.280	0.138	0.137	0.194	0.139	0.642	0.432	0.466	0.308	0.418	0.439	0.306	0.259	0.138	0.136	0.195	0.137	0.726	0.159	0.470	0.333	0.306	0.476	0.252	0.269	0.138	0.133	0.181	0.138	0.682	0.469	0.473	0.366	0.516	0.434	0.274	0.309	0.140	0.142	0.192	0.138	0.774	0.451	0.493	0.354	0.359	0.700	0.360	0.412
13:20:00	0.138	0.137	0.184	0.134	0.644	0.722	0.445	0.306	0.375	0.389	0.294	0.315	0.136	0.137	0.172	0.137	0.733	0.787	0.455	0.321	0.314	0.273	0.362	0.276	0.138	0.140	0.190	0.137	0.579	0.292	0.474	0.354	0.301	0.419	0.293	0.261	0.140	0.137	0.190	0.143	0.540	0.265	0.465	0.362	0.305	0.320	0.320	0.290	0.139	0.137	0.197	0.139	0.684	0.465	0.471	0.320	0.448	0.479	0.317	0.276	0.139	0.136	0.201	0.137	0.759	0.162	0.475	0.345	0.336	0.514	0.263	0.286	0.138	0.133	0.185	0.138	0.730	0.502	0.477	0.370	0.542	0.467	0.287	0.328	0.141	0.142	0.195	0.138	0.791	0.488	0.497	0.372	0.397	0.768	0.394	0.428
13:40:00	0.138	0.137	0.187	0.134	0.689	0.783	0.450	0.320	0.411	0.428	0.303	0.331	0.137	0.137	0.177	0.137	0.760	0.774	0.459	0.326	0.345	0.300	0.360	0.299	0.138	0.140	0.194	0.137	0.615	0.318	0.480	0.362	0.333	0.455	0.300	0.272	0.140	0.136	0.193	0.143	0.583	0.289	0.471	0.365	0.331	0.346	0.343	0.300	0.140	0.137	0.200	0.139	0.725	0.502	0.477	0.330	0.482	0.516	0.333	0.291	0.140	0.136	0.204	0.136	0.783	0.162	0.480	0.354	0.366	0.544	0.283	0.305	0.142	0.134	0.189	0.138	0.754	0.533	0.481	0.375	0.592	0.504	0.305	0.348	0.147	0.142	0.198	0.138	0.783	0.521	0.502	0.380	0.445	0.812	0.416	0.430
14:00:00	0.138	0.137	0.189	0.134	0.737	0.799	0.455	0.330	0.449	0.467	0.316	0.341	0.140	0.137	0.183	0.137	0.783	0.784	0.463	0.329	0.377	0.310	0.359	0.315	0.138	0.140	0.197	0.136	0.655	0.344	0.484	0.368	0.362	0.497	0.312	0.283	0.144	0.136	0.196	0.143	0.627	0.313	0.476	0.367	0.358	0.380	0.359	0.314	0.142	0.137	0.203	0.139	0.758	0.535	0.482	0.340	0.524	0.534	0.360	0.307	0.140	0.136	0.208	0.136	0.769	0.164	0.486	0.361	0.397	0.582	0.316	0.318	0.140	0.134	0.193	0.138	0.779	0.547	0.485	0.378	0.641	0.538	0.334	0.368	0.146	0.142	0.201	0.138	0.775	0.533	0.507	0.388	0.471	0.786	0.428	0.430
14:20:00	0.138	0.137	0.191	0.134	0.760	0.795	0.459	0.335	0.492	0.509	0.329	0.347	0.138	0.137	0.187	0.137	0.767	0.814	0.467	0.333	0.410	0.329	0.360	0.328	0.138	0.139	0.200	0.136	0.702	0.374	0.489	0.371	0.392	0.519	0.327	0.300	0.146	0.136	0.199	0.143	0.671	0.335	0.481	0.368	0.384	0.416	0.371	0.328	0.143	0.137	0.205	0.138	0.782	0.544	0.487	0.345	0.555	0.560	0.380	0.321	0.143	0.136	0.213	0.136	0.765	0.185	0.490	0.367	0.429	0.632	0.353	0.333	0.143	0.134	0.194	0.138	0.772	0.576	0.489	0.383	0.687	0.564	0.361	0.384	0.149	0.142	0.204	0.138	0.779	0.569	0.511	0.395	0.517	0.794	0.437	0.429
14:40:00	0.139	0.138	0.192	0.134	0.758	0.807	0.465	0.340	0.523	0.545	0.345	0.352	0.140	0.138	0.190	0.137	0.770	0.809	0.473	0.337	0.470	0.357	0.363	0.336	0.139	0.140	0.202	0.136	0.737	0.416	0.495	0.375	0.421	0.540	0.340	0.315	0.146	0.136	0.201	0.143	0.710	0.364	0.486	0.373	0.429	0.466	0.379	0.343	0.146	0.137	0.207	0.138	0.768	0.582	0.491	0.350	0.597	0.606	0.392	0.335	0.145	0.136	0.217	0.136	0.764	0.212	0.495	0.370	0.482	0.693	0.370	0.343	0.147	0.134	0.195	0.138	0.760	0.623	0.493	0.386	0.733	0.582	0.374	0.391	0.148	0.142	0.206	0.138	0.790	0.613	0.517	0.397	0.583	0.799	0.444	0.426
15:00:00	0.139	0.138	0.194	0.134	0.780	0.826	0.466	0.341	0.558	0.570	0.359	0.348	0.136	0.139	0.193	0.137	0.790	0.803	0.475	0.336	0.507	0.394	0.366	0.339	0.139	0.140	0.204	0.136	0.760	0.460	0.499	0.374	0.466	0.587	0.356	0.327	0.149	0.137	0.203	0.143	0.744	0.393	0.490	0.373	0.488	0.506	0.388	0.353	0.149	0.137	0.208	0.138	0.754	0.631	0.496	0.354	0.635	0.659	0.402	0.349	0.148	0.137	0.218	0.136	0.774	0.226	0.499	0.378	0.525	0.747	0.387	0.354	0.150	0.134	0.195	0.138	0.756	0.681	0.496	0.391	0.763	0.623	0.396	0.396	0.149	0.142	0.209	0.138	0.802	0.684	0.520	0.402	0.660	0.798	0.452	0.424
15:20:00	0.139	0.138	0.197	0.134	0.785	0.824	0.470	0.342	0.614	0.591	0.374	0.347	0.140	0.137	0.196	0.137	0.798	0.804	0.479	0.339	0.542	0.437	0.374	0.341	0.139	0.140	0.207	0.136	0.777	0.500	0.503	0.378	0.517	0.640	0.367	0.337	0.152	0.137	0.205	0.143	0.767	0.426	0.495	0.374	0.527	0.526	0.396	0.361	0.151	0.140	0.210	0.138	0.765	0.691	0.499	0.355	0.681	0.715	0.409	0.363	0.150	0.136	0.220	0.136	0.794	0.239	0.502	0.380	0.566	0.787	0.395	0.361	0.152	0.135	0.197	0.138	0.764	0.740	0.499	0.394	0.741	0.683	0.407	0.398	0.152	0.142	0.211	0.138	0.801	0.746	0.524	0.404	0.726	0.805	0.458	0.430
15:40:00	0.139	0.138	0.199	0.134	0.789	0.810	0.473	0.344	0.674	0.643	0.388	0.346	0.140	0.139	0.198	0.137	0.797	0.807	0.483	0.343	0.579	0.483	0.380	0.343	0.143	0.140	0.209	0.136	0.767	0.525	0.508	0.382	0.546	0.695	0.376	0.342	0.153	0.137	0.207	0.143	0.773	0.466	0.499	0.373	0.571	0.570	0.403	0.366	0.153	0.140	0.213	0.138	0.776	0.729	0.503	0.361	0.716	0.749	0.414	0.370	0.152	0.138	0.222	0.136	0.788	0.261	0.505	0.385	0.611	0.784	0.401	0.370	0.153	0.136	0.199	0.138	0.787	0.765	0.502	0.397	0.749	0.746	0.416	0.403	0.154	0.142	0.214	0.138	0.810	0.752	0.528	0.408	0.757	0.826	0.464	0.437
16:00:00	0.140	0.138	0.201	0.134	0.793	0.837	0.479	0.347	0.725	0.711	0.405	0.350	0.142	0.138	0.200	0.137	0.791	0.813	0.488	0.343	0.623	0.505	0.386	0.346	0.141	0.140	0.212	0.136	0.761	0.537	0.513	0.388	0.586	0.742	0.383	0.347	0.155	0.137	0.210	0.143	0.761	0.506	0.505	0.382	0.610	0.623	0.411	0.371	0.154	0.137	0.216	0.138	0.795	0.770	0.507	0.366	0.737	0.781	0.421	0.376	0.154	0.136	0.224	0.136	0.779	0.294	0.508	0.391	0.661	0.781	0.406	0.375	0.155	0.138	0.202	0.138	0.783	0.792	0.505	0.399	0.768	0.792	0.422	0.411	0.156	0.143	0.217	0.139	0.820	0.781	0.534	0.412	0.743	0.851	0.471	0.438
16:20:00	0.141	0.139	0.203	0.134	0.802	0.835	0.479	0.349	0.727	0.778	0.414	0.350	0.142	0.139	0.203	0.137	0.803	0.822	0.488	0.346	0.663	0.553	0.391	0.346	0.145	0.142	0.215	0.136	0.776	0.581	0.516	0.393	0.620	0.783	0.390	0.349	0.156	0.139	0.213	0.143	0.753	0.537	0.508	0.382	0.650	0.690	0.417	0.376	0.155	0.138	0.219	0.138	0.788	0.793	0.509	0.368	0.757	0.771	0.428	0.380	0.155	0.136	0.228	0.136	0.775	0.315	0.511	0.393	0.704	0.773	0.413	0.385	0.157	0.136	0.204	0.138	0.768	0.786	0.508	0.403	0.771	0.815	0.435	0.419	0.156	0.142	0.221	0.139	0.819	0.773	0.536	0.417	0.754	0.873	0.476	0.441
16:40:00	0.142	0.139	0.206	0.134	0.804	0.821	0.482	0.352	0.750	0.799	0.425	0.352	0.143	0.140	0.205	0.137	0.818	0.838	0.491	0.350	0.699	0.602	0.397	0.347	0.147	0.141	0.218	0.136	0.790	0.633	0.520	0.397	0.658	0.773	0.396	0.353	0.157	0.140	0.217	0.143	0.768	0.575	0.512	0.385	0.688	0.716	0.422	0.382	0.157	0.141	0.223	0.138	0.782	0.784	0.511	0.370	0.754	0.762	0.436	0.383	0.156	0.139	0.230	0.136	0.771	0.339	0.513	0.395	0.731	0.786	0.420	0.393	0.159	0.137	0.207	0.138	0.767	0.776	0.510	0.405	0.767	0.800	0.444	0.426	0.159	0.144	0.225	0.139	0.795	0.765	0.539	0.420	0.764	0.873	0.482	0.442
17:00:00	0.143	0.139	0.210	0.134	0.780	0.760	0.484	0.354	0.767	0.798	0.435	0.353	0.144	0.141	0.207	0.138	0.821	0.822	0.493	0.351	0.738	0.656	0.403	0.348	0.149	0.141	0.222	0.136	0.800	0.681	0.523	0.400	0.693	0.772	0.401	0.357	0.158	0.140	0.221	0.142	0.781	0.621	0.515	0.387	0.720	0.745	0.425	0.389	0.162	0.139	0.227	0.138	0.775	0.774	0.513	0.374	0.760	0.774	0.443	0.388	0.160	0.139	0.232	0.136	0.778	0.366	0.515	0.398	0.758	0.789	0.427	0.401	0.163	0.139	0.210	0.137	0.764	0.771	0.512	0.405	0.757	0.789	0.451	0.432	0.164	0.144	0.229	0.139	0.790	0.770	0.541	0.421	0.768	0.774	0.488	0.445
17:20:00	0.145	0.140	0.214	0.134	0.746	0.757	0.487	0.356	0.776	0.820	0.445	0.355	0.147	0.141	0.213	0.142	0.826	0.796	0.494	0.354	0.726	0.690	0.409	0.350	0.150	0.143	0.226	0.136	0.793	0.720	0.526	0.403	0.718	0.777	0.406	0.361	0.162	0.141	0.225	0.142	0.784	0.669	0.517	0.388	0.745	0.759	0.429	0.395	0.168	0.140	0.232	0.138	0.789	0.763	0.515	0.375	0.774	0.783	0.449	0.393	0.165	0.138	0.235	0.136	0.778	0.394	0.515	0.399	0.748	0.793	0.433	0.407	0.169	0.139	0.214	0.137	0.772	0.771	0.513	0.408	0.755	0.784	0.458	0.438	0.170	0.144	0.235	0.139	0.792	0.778	0.543	0.423	0.793	0.762	0.495	0.448
17:40:00	0.144	0.142	0.219	0.134	0.735	0.766	0.489	0.358	0.787	0.854	0.456	0.358	0.149	0.142	0.222	0.137	0.814	0.805	0.496	0.356	0.736	0.727	0.415	0.351	0.152	0.142	0.230	0.136	0.795	0.756	0.529	0.407	0.742	0.804	0.410	0.367	0.168	0.141	0.228	0.142	0.779	0.715	0.520	0.389	0.744	0.750	0.434	0.400	0.173	0.140	0.241	0.138	0.773	0.773	0.517	0.377	0.768	0.800	0.455	0.399	0.172	0.140	0.240	0.136	0.790	0.420	0.517	0.400	0.740	0.781	0.438	0.413	0.170	0.141	0.217	0.137	0.779	0.774	0.515	0.409	0.759	0.792	0.466	0.442	0.171	0.144	0.240	0.139	0.786	0.777	0.543	0.426	0.814	0.764	0.501	0.451
18:00:00	0.147	0.143	0.224	0.133	0.730	0.770	0.494	0.360	0.795	0.856	0.468	0.364	0.151	0.142	0.236	0.137	0.813	0.817	0.501	0.360	0.748	0.767	0.426	0.355	0.153	0.143	0.236	0.136	0.802	0.764	0.533	0.410	0.734	0.802	0.416	0.374	0.175	0.142	0.231	0.142	0.787	0.753	0.524	0.390	0.735	0.752	0.439	0.405	0.176	0.141	0.251	0.138	0.776	0.787	0.519	0.378	0.765	0.790	0.463	0.407	0.176	0.139	0.244	0.136	0.812	0.457	0.517	0.399	0.762	0.780	0.443	0.420	0.174	0.143	0.220	0.137	0.792	0.779	0.515	0.410	0.774	0.787	0.473	0.446	0.175	0.143	0.242	0.139	0.789	0.793	0.543	0.426	0.821	0.765	0.507	0.454
18:20:00	0.150	0.146	0.232	0.133	0.720	0.772	0.497	0.362	0.777	0.883	0.479	0.367	0.152	0.143	0.246	0.137	0.798	0.814	0.501	0.362	0.756	0.753	0.429	0.356	0.155	0.145	0.245	0.136	0.807	0.760	0.536	0.413	0.740	0.804	0.420	0.377	0.176	0.144	0.236	0.142	0.775	0.790	0.526	0.392	0.758	0.768	0.443	0.409	0.177	0.143	0.259	0.138	0.777	0.789	0.522	0.378	0.759	0.800	0.467	0.410	0.178	0.142	0.250	0.136	0.824	0.495	0.520	0.399	0.765	0.785	0.450	0.423	0.177	0.145	0.225	0.137	0.808	0.778	0.519	0.412	0.794	0.790	0.480	0.447	0.178	0.145	0.247	0.140	0.806	0.811	0.548	0.428	0.820	0.768	0.515	0.457
18:40:00	0.153	0.146	0.242	0.134	0.728	0.772	0.496	0.362	0.739	0.839	0.488	0.369	0.154	0.145	0.258	0.139	0.768	0.801	0.498	0.362	0.768	0.750	0.435	0.356	0.155	0.147	0.254	0.136	0.807	0.764	0.536	0.414	0.758	0.805	0.424	0.381	0.178	0.147	0.240	0.142	0.788	0.799	0.528	0.392	0.764	0.787	0.449	0.411	0.180	0.146	0.266	0.138	0.790	0.781	0.523	0.380	0.767	0.805	0.473	0.416	0.180	0.143	0.256	0.136	0.836	0.535	0.520	0.398	0.763	0.786	0.456	0.430	0.180	0.148	0.229	0.137	0.822	0.790	0.520	0.415	0.799	0.789	0.488	0.452	0.182	0.146	0.254	0.140	0.789	0.819	0.548	0.431	0.813	0.770	0.521	0.460
19:00:00	0.155	0.148	0.253	0.134	0.744	0.771	0.499	0.364	0.761	0.784	0.498	0.373	0.157	0.147	0.260	0.142	0.756	0.788	0.499	0.364	0.765	0.758	0.442	0.359	0.156	0.148	0.261	0.136	0.813	0.785	0.539	0.417	0.768	0.797	0.429	0.387	0.181	0.150	0.245	0.142	0.777	0.766	0.529	0.393	0.768	0.792	0.454	0.415	0.182	0.149	0.272	0.138	0.816	0.796	0.524	0.381	0.769	0.803	0.479	0.421	0.182	0.145	0.262	0.136	0.839	0.577	0.521	0.398	0.756	0.810	0.461	0.434	0.183	0.150	0.234	0.137	0.831	0.795	0.522	0.417	0.809	0.794	0.495	0.455	0.185	0.147	0.259	0.140	0.771	0.828	0.550	0.433	0.793	0.771	0.527	0.463
19:20:01	0.156	0.150	0.264	0.134	0.765	0.770	0.502	0.365	0.769	0.777	0.507	0.377	0.160	0.149	0.257	0.142	0.761	0.775	0.499	0.365	0.777	0.790	0.449	0.361	0.158	0.150	0.265	0.136	0.821	0.779	0.541	0.420	0.768	0.811	0.435	0.392	0.184	0.153	0.251	0.142	0.784	0.772	0.531	0.394	0.771	0.791	0.459	0.419	0.185	0.151	0.277	0.138	0.829	0.790	0.525	0.384	0.771	0.804	0.485	0.426	0.184	0.148	0.267	0.136	0.843	0.630	0.521	0.398	0.755	0.831	0.466	0.437	0.186	0.152	0.239	0.137	0.836	0.787	0.524	0.418	0.818	0.791	0.502	0.458	0.189	0.149	0.262	0.140	0.763	0.826	0.551	0.435	0.754	0.773	0.533	0.465
19:40:01	0.156	0.151	0.274	0.133	0.778	0.770	0.509	0.368	0.775	0.790	0.519	0.385	0.166	0.152	0.259	0.143	0.761	0.769	0.503	0.370	0.790	0.792	0.461	0.366	0.162	0.153	0.269	0.136	0.833	0.799	0.543	0.424	0.773	0.822	0.441	0.399	0.188	0.155	0.257	0.142	0.803	0.783	0.534	0.395	0.779	0.784	0.465	0.423	0.189	0.153	0.282	0.138	0.838	0.797	0.526	0.386	0.771	0.819	0.492	0.431	0.188	0.150	0.271	0.136	0.845	0.680	0.521	0.400	0.748	0.844	0.470	0.442	0.190	0.153	0.245	0.137	0.839	0.800	0.524	0.418	0.831	0.808	0.508	0.461	0.193	0.152	0.265	0.140	0.764	0.837	0.551	0.435	0.752	0.774	0.539	0.469
20:00:01	0.157	0.153	0.285	0.133	0.779	0.770	0.513	0.371	0.781	0.785	0.528	0.388	0.172	0.152	0.269	0.144	0.761	0.766	0.503	0.370	0.789	0.797	0.464	0.366	0.168	0.153	0.275	0.136	0.839	0.791	0.544	0.427	0.771	0.827	0.445	0.401	0.191	0.156	0.264	0.142	0.813	0.770	0.535	0.397	0.774	0.792	0.470	0.425	0.192	0.153	0.288	0.138	0.842	0.807	0.527	0.387	0.776	0.828	0.496	0.431	0.191	0.152	0.277	0.136	0.851	0.717	0.522	0.402	0.755	0.852	0.476	0.443	0.193	0.154	0.252	0.137	0.846	0.814	0.527	0.421	0.839	0.837	0.514	0.462	0.196	0.156	0.271	0.141	0.764	0.842	0.556	0.439	0.756	0.775	0.545	0.470
20:20:01	0.159	0.155	0.300	0.134	0.779	0.769	0.514	0.371	0.784	0.784	0.534	0.390	0.178	0.153	0.278	0.145	0.766	0.765	0.500	0.369	0.784	0.786	0.469	0.367	0.175	0.155	0.282	0.136	0.845	0.800	0.544	0.430	0.768	0.838	0.450	0.405	0.195	0.159	0.271	0.142	0.823	0.799	0.535	0.398	0.774	0.795	0.476	0.428	0.196	0.154	0.293	0.137	0.846	0.814	0.528	0.387	0.800	0.838	0.502	0.435	0.194	0.154	0.283	0.136	0.854	0.750	0.523	0.403	0.765	0.855	0.483	0.448	0.196	0.157	0.258	0.137	0.852	0.823	0.527	0.423	0.846	0.854	0.521	0.466	0.199	0.157	0.275	0.141	0.764	0.819	0.556	0.441	0.760	0.776	0.548	0.473
20:40:01	0.164	0.156	0.312	0.134	0.777	0.768	0.519	0.373	0.784	0.784	0.542	0.394	0.180	0.153	0.290	0.145	0.771	0.763	0.500	0.370	0.755	0.793	0.475	0.369	0.178	0.157	0.293	0.136	0.848	0.796	0.545	0.434	0.782	0.847	0.455	0.407	0.198	0.165	0.277	0.142	0.827	0.792	0.536	0.400	0.775	0.801	0.481	0.430	0.199	0.157	0.298	0.137	0.850	0.828	0.529	0.387	0.810	0.851	0.508	0.438	0.197	0.155	0.289	0.136	0.857	0.766	0.523	0.401	0.779	0.858	0.488	0.451	0.200	0.164	0.264	0.137	0.854	0.834	0.528	0.425	0.846	0.858	0.526	0.468	0.201	0.158	0.281	0.141	0.764	0.781	0.557	0.443	0.765	0.777	0.553	0.475
21:00:01	0.170	0.156	0.308	0.134	0.775	0.767	0.525	0.375	0.785	0.785	0.549	0.398	0.182	0.153	0.305	0.145	0.774	0.760	0.502	0.372	0.721	0.800	0.481	0.371	0.181	0.156	0.306	0.136	0.850	0.808	0.547	0.438	0.791	0.851	0.461	0.411	0.202	0.172	0.285	0.142	0.835	0.799	0.537	0.402	0.777	0.818	0.485	0.432	0.203	0.161	0.305	0.138	0.855	0.833	0.530	0.390	0.826	0.858	0.515	0.441	0.201	0.157	0.296	0.136	0.857	0.748	0.525	0.402	0.786	0.863	0.494	0.454	0.204	0.174	0.271	0.137	0.843	0.838	0.529	0.428	0.817	0.866	0.532	0.471	0.204	0.159	0.288	0.142	0.764	0.760	0.559	0.445	0.769	0.778	0.558	0.477
21:20:01	0.177	0.157	0.305	0.134	0.774	0.766	0.530	0.376	0.784	0.786	0.555	0.403	0.185	0.155	0.308	0.147	0.774	0.758	0.503	0.373	0.718	0.816	0.486	0.374	0.183	0.156	0.316	0.136	0.855	0.811	0.548	0.442	0.796	0.854	0.466	0.413	0.204	0.174	0.291	0.142	0.837	0.796	0.538	0.402	0.793	0.826	0.489	0.436	0.208	0.167	0.311	0.138	0.858	0.849	0.530	0.393	0.831	0.862	0.519	0.443	0.204	0.162	0.302	0.136	0.844	0.742	0.526	0.404	0.797	0.869	0.499	0.456	0.208	0.177	0.277	0.137	0.812	0.845	0.531	0.431	0.762	0.866	0.536	0.473	0.207	0.161	0.294	0.142	0.763	0.758	0.560	0.447	0.770	0.777	0.563	0.479
21:40:01	0.183	0.159	0.314	0.133	0.773	0.765	0.541	0.381	0.784	0.787	0.563	0.412	0.189	0.158	0.309	0.150	0.772	0.756	0.509	0.377	0.739	0.818	0.493	0.377	0.185	0.158	0.323	0.136	0.861	0.822	0.551	0.447	0.805	0.859	0.470	0.416	0.208	0.177	0.299	0.142	0.839	0.792	0.540	0.404	0.809	0.836	0.493	0.440	0.212	0.174	0.319	0.138	0.863	0.850	0.533	0.393	0.835	0.860	0.523	0.444	0.209	0.172	0.310	0.136	0.827	0.735	0.527	0.408	0.816	0.876	0.504	0.458	0.212	0.180	0.284	0.137	0.781	0.856	0.533	0.431	0.735	0.873	0.540	0.475	0.212	0.165	0.301	0.143	0.762	0.760	0.564	0.449	0.773	0.777	0.569	0.481
22:00:01	0.187	0.164	0.323	0.134	0.773	0.764	0.545	0.383	0.784	0.789	0.569	0.416	0.195	0.164	0.317	0.154	0.771	0.753	0.510	0.380	0.745	0.807	0.502	0.381	0.188	0.162	0.326	0.136	0.864	0.834	0.552	0.450	0.810	0.867	0.476	0.423	0.212	0.181	0.304	0.142	0.842	0.797	0.542	0.406	0.820	0.841	0.496	0.441	0.219	0.178	0.329	0.137	0.866	0.853	0.534	0.395	0.840	0.863	0.529	0.449	0.214	0.175	0.317	0.136	0.786	0.752	0.527	0.405	0.825	0.881	0.508	0.462	0.215	0.185	0.290	0.137	0.745	0.859	0.533	0.431	0.731	0.874	0.544	0.479	0.218	0.170	0.308	0.143	0.761	0.762	0.562	0.449	0.772	0.774	0.574	0.484
22:20:01	0.190	0.171	0.323	0.134	0.771	0.760	0.548	0.384	0.783	0.790	0.575	0.416	0.202	0.170	0.320	0.157	0.770	0.751	0.508	0.378	0.745	0.760	0.504	0.379	0.191	0.169	0.330	0.136	0.855	0.851	0.552	0.452	0.817	0.862	0.479	0.421	0.214	0.181	0.312	0.142	0.848	0.810	0.541	0.407	0.823	0.843	0.500	0.444	0.229	0.182	0.336	0.137	0.868	0.854	0.534	0.395	0.844	0.866	0.531	0.451	0.221	0.176	0.333	0.136	0.766	0.749	0.529	0.408	0.830	0.882	0.513	0.465	0.224	0.186	0.297	0.137	0.734	0.867	0.537	0.436	0.732	0.882	0.549	0.481	0.225	0.178	0.314	0.144	0.759	0.762	0.565	0.454	0.772	0.773	0.579	0.486
22:40:01	0.192	0.178	0.328	0.134	0.770	0.758	0.554	0.386	0.782	0.793	0.581	0.420	0.209	0.175	0.324	0.159	0.767	0.749	0.509	0.379	0.750	0.731	0.510	0.381	0.195	0.172	0.337	0.135	0.837	0.852	0.553	0.455	0.826	0.847	0.484	0.420	0.220	0.184	0.321	0.142	0.850	0.817	0.542	0.409	0.828	0.851	0.504	0.448	0.237	0.184	0.345	0.137	0.864	0.857	0.536	0.398	0.850	0.871	0.534	0.453	0.229	0.179	0.348	0.136	0.738	0.757	0.530	0.409	0.836	0.872	0.517	0.467	0.233	0.188	0.305	0.137	0.728	0.875	0.537	0.437	0.732	0.887	0.553	0.484	0.235	0.192	0.321	0.144	0.758	0.763	0.568	0.455	0.771	0.771	0.583	0.488
23:00:01	0.196	0.181	0.335	0.134	0.769	0.755	0.561	0.388	0.781	0.795	0.586	0.425	0.215	0.177	0.328	0.163	0.765	0.746	0.512	0.381	0.755	0.738	0.516	0.383	0.199	0.175	0.338	0.135	0.811	0.852	0.556	0.459	0.833	0.818	0.488	0.426	0.228	0.187	0.323	0.142	0.853	0.827	0.545	0.412	0.834	0.846	0.507	0.449	0.248	0.189	0.359	0.137	0.850	0.863	0.537	0.400	0.853	0.870	0.539	0.456	0.241	0.182	0.363	0.136	0.724	0.755	0.532	0.411	0.843	0.836	0.521	0.469	0.246	0.191	0.314	0.137	0.727	0.887	0.539	0.436	0.734	0.869	0.557	0.485	0.248	0.195	0.328	0.145	0.755	0.763	0.570	0.457	0.770	0.768	0.587	0.490
23:20:01	0.196	0.185	0.341	0.134	0.768	0.752	0.567	0.390	0.781	0.798	0.590	0.429	0.220	0.180	0.333	0.168	0.763	0.742	0.514	0.382	0.759	0.746	0.522	0.385	0.202	0.179	0.342	0.136	0.783	0.852	0.557	0.462	0.835	0.786	0.492	0.430	0.237	0.190	0.329	0.142	0.853	0.828	0.544	0.412	0.839	0.849	0.511	0.450	0.259	0.188	0.375	0.137	0.821	0.875	0.538	0.402	0.855	0.836	0.543	0.457	0.253	0.184	0.379	0.136	0.722	0.759	0.533	0.411	0.846	0.757	0.525	0.471	0.260	0.194	0.317	0.137	0.728	0.892	0.541	0.439	0.736	0.779	0.562	0.487	0.261	0.197	0.342	0.146	0.754	0.763	0.573	0.458	0.769	0.765	0.590	0.492
23:40:01	0.201	0.189	0.352	0.134	0.770	0.751	0.575	0.394	0.780	0.800	0.594	0.436	0.222	0.185	0.338	0.172	0.761	0.740	0.521	0.387	0.762	0.755	0.532	0.391	0.206	0.184	0.350	0.135	0.763	0.857	0.561	0.467	0.829	0.765	0.499	0.434	0.246	0.195	0.340	0.142	0.850	0.835	0.549	0.416	0.844	0.860	0.516	0.457	0.267	0.192	0.387	0.137	0.781	0.886	0.541	0.405	0.853	0.786	0.548	0.462	0.263	0.189	0.387	0.136	0.725	0.762	0.534	0.412	0.840	0.728	0.528	0.472	0.270	0.200	0.321	0.137	0.730	0.868	0.542	0.440	0.738	0.750	0.565	0.488	0.272	0.201	0.356	0.146	0.752	0.763	0.574	0.458	0.767	0.762	0.594	0.495
24:00:01	0.208	0.191	0.353	0.134	0.768	0.748	0.579	0.394	0.780	0.802	0.597	0.438	0.231	0.187	0.342	0.174	0.759	0.737	0.520	0.385	0.762	0.757	0.532	0.390	0.210	0.185	0.361	0.135	0.751	0.854	0.562	0.468	0.796	0.751	0.502	0.435	0.259	0.196	0.355	0.142	0.838	0.845	0.548	0.418	0.848	0.845	0.518	0.457	0.285	0.193	0.400	0.137	0.747	0.891	0.541	0.406	0.839	0.745	0.551	0.463	0.279	0.190	0.402	0.136	0.726	0.771	0.536	0.414	0.820	0.727	0.533	0.474	0.283	0.202	0.335	0.137	0.730	0.828	0.546	0.441	0.739	0.749	0.570	0.490	0.287	0.202	0.382	0.147	0.751	0.762	0.578	0.462	0.766	0.760	0.598	0.497
24:20:01	0.214	0.194	0.362	0.134	0.767	0.745	0.585	0.397	0.779	0.803	0.600	0.443	0.243	0.190	0.343	0.172	0.756	0.733	0.522	0.387	0.762	0.761	0.536	0.392	0.214	0.188	0.374	0.135	0.751	0.856	0.563	0.470	0.763	0.748	0.506	0.439	0.271	0.199	0.369	0.142	0.819	0.845	0.549	0.418	0.850	0.806	0.522	0.457	0.293	0.195	0.409	0.137	0.725	0.889	0.543	0.408	0.805	0.740	0.555	0.465	0.292	0.193	0.411	0.136	0.726	0.766	0.537	0.414	0.771	0.729	0.537	0.475	0.297	0.205	0.352	0.137	0.730	0.780	0.547	0.444	0.739	0.751	0.573	0.491	0.297	0.205	0.402	0.148	0.748	0.760	0.581	0.463	0.764	0.757	0.601	0.499
24:40:01	0.219	0.196	0.366	0.134	0.766	0.742	0.590	0.400	0.778	0.804	0.603	0.447	0.254	0.192	0.342	0.190	0.755	0.729	0.525	0.389	0.760	0.766	0.540	0.395	0.222	0.190	0.388	0.135	0.754	0.848	0.565	0.473	0.743	0.749	0.511	0.440	0.287	0.202	0.381	0.142	0.789	0.855	0.551	0.422	0.847	0.765	0.524	0.462	0.309	0.198	0.415	0.137	0.721	0.864	0.544	0.410	0.761	0.741	0.558	0.467	0.299	0.196	0.417	0.136	0.727	0.790	0.538	0.416	0.721	0.732	0.541	0.476	0.312	0.209	0.365	0.137	0.731	0.751	0.549	0.444	0.740	0.753	0.576	0.492	0.308	0.208	0.413	0.148	0.746	0.758	0.584	0.464	0.762	0.754	0.604	0.501
25:00:01	0.225	0.198	0.372	0.134	0.765	0.738	0.595	0.403	0.778	0.804	0.605	0.452	0.263	0.195	0.340	0.189	0.752	0.725	0.528	0.390	0.758	0.768	0.544	0.398	0.231	0.192	0.398	0.135	0.755	0.805	0.566	0.476	0.735	0.749	0.515	0.439	0.292	0.205	0.390	0.142	0.760	0.862	0.552	0.422	0.833	0.745	0.526	0.463	0.320	0.201	0.420	0.137	0.723	0.817	0.546	0.411	0.726	0.743	0.561	0.469	0.318	0.200	0.421	0.136	0.726	0.808	0.539	0.418	0.710	0.733	0.545	0.478	0.321	0.211	0.376	0.137	0.730	0.745	0.551	0.446	0.739	0.754	0.578	0.494	0.317	0.212	0.423	0.149	0.744	0.756	0.586	0.465	0.760	0.751	0.607	0.503
25:20:01	0.236	0.201	0.383	0.133	0.766	0.736	0.601	0.408	0.779	0.805	0.610	0.459	0.276	0.199	0.344	0.191	0.749	0.722	0.536	0.397	0.757	0.768	0.552	0.403	0.242	0.196	0.409	0.135	0.756	0.772	0.570	0.481	0.736	0.749	0.521	0.447	0.305	0.209	0.397	0.142	0.740	0.870	0.555	0.425	0.811	0.741	0.528	0.463	0.327	0.205	0.423	0.137	0.726	0.767	0.548	0.413	0.718	0.744	0.566	0.471	0.328	0.206	0.425	0.136	0.726	0.821	0.540	0.418	0.710	0.734	0.547	0.479	0.330	0.216	0.384	0.137	0.730	0.746	0.551	0.446	0.739	0.756	0.580	0.495	0.322	0.217	0.428	0.150	0.742	0.753	0.587	0.463	0.757	0.747	0.610	0.506
25:40:01	0.246	0.202	0.389	0.134	0.765	0.731	0.604	0.409	0.778	0.805	0.613	0.461	0.284	0.199	0.346	0.195	0.747	0.716	0.534	0.395	0.755	0.767	0.552	0.404	0.255	0.197	0.416	0.135	0.754	0.758	0.570	0.481	0.737	0.748	0.521	0.447	0.315	0.211	0.404	0.142	0.731	0.878	0.554	0.428	0.774	0.742	0.530	0.467	0.333	0.207	0.425	0.137	0.726	0.741	0.549	0.416	0.722	0.745	0.566	0.472	0.338	0.208	0.429	0.137	0.726	0.828	0.542	0.420	0.711	0.735	0.551	0.481	0.337	0.217	0.395	0.137	0.729	0.747	0.554	0.448	0.739	0.757	0.584	0.497	0.330	0.218	0.437	0.151	0.741	0.751	0.590	0.468	0.756	0.744	0.614	0.508
26:00:01	0.254	0.204	0.404	0.133	0.765	0.729	0.609	0.414	0.777	0.806	0.617	0.468	0.300	0.202	0.354	0.198	0.746	0.714	0.542	0.402	0.754	0.766	0.559	0.410	0.263	0.201	0.423	0.135	0.754	0.755	0.573	0.486	0.739	0.747	0.527	0.451	0.325	0.217	0.424	0.142	0.729	0.885	0.559	0.428	0.748	0.742	0.531	0.469	0.342	0.211	0.428	0.137	0.727	0.739	0.551	0.417	0.725	0.745	0.570	0.475	0.344	0.213	0.430	0.137	0.725	0.831	0.542	0.420	0.714	0.734	0.552	0.482	0.346	0.222	0.400	0.137	0.728	0.749	0.555	0.449	0.738	0.757	0.585	0.499	0.338	0.218	0.439	0.152	0.738	0.748	0.591	0.466	0.753	0.742	0.617	0.511
26:20:01	0.266	0.205	0.418	0.134	0.763	0.725	0.612	0.415	0.778	0.806	0.621	0.470	0.314	0.201	0.357	0.201	0.744	0.709	0.541	0.400	0.752	0.765	0.559	0.409	0.278	0.201	0.427	0.135	0.754	0.756	0.574	0.487	0.741	0.746	0.527	0.452	0.332	0.217	0.423	0.142	0.731	0.881	0.557	0.431	0.731	0.744	0.533	0.469	0.348	0.213	0.430	0.137	0.728	0.740	0.552	0.419	0.729	0.745	0.569	0.476	0.353	0.213	0.433	0.137	0.725	0.835	0.545	0.422	0.715	0.733	0.556	0.484	0.354	0.221	0.408	0.137	0.727	0.750	0.559	0.450	0.737	0.757	0.589	0.501	0.346	0.218	0.447	0.153	0.738	0.745	0.595	0.470	0.752	0.738	0.622	0.514
26:40:01	0.279	0.208	0.426	0.134	0.762	0.721	0.616	0.419	0.777	0.805	0.625	0.475	0.300	0.212	0.365	0.202	0.742	0.705	0.544	0.403	0.751	0.763	0.564	0.411	0.285	0.204	0.431	0.135	0.753	0.756	0.576	0.489	0.741	0.745	0.530	0.455	0.342	0.218	0.428	0.142	0.733	0.858	0.561	0.433	0.727	0.743	0.535	0.472	0.355	0.216	0.430	0.137	0.728	0.741	0.554	0.421	0.732	0.744	0.570	0.478	0.359	0.216	0.434	0.137	0.723	0.838	0.546	0.424	0.715	0.732	0.558	0.485	0.366	0.224	0.412	0.137	0.726	0.749	0.561	0.453	0.736	0.757	0.592	0.502	0.354	0.220	0.451	0.154	0.736	0.742	0.596	0.470	0.750	0.735	0.625	0.516
27:00:01	0.294	0.211	0.435	0.134	0.761	0.718	0.624	0.421	0.776	0.805	0.629	0.479	0.323	0.226	0.371	0.203	0.740	0.701	0.549	0.407	0.750	0.762	0.569	0.417	0.299	0.206	0.434	0.135	0.751	0.757	0.578	0.491	0.741	0.742	0.532	0.457	0.348	0.224	0.431	0.142	0.734	0.827	0.560	0.436	0.728	0.743	0.537	0.476	0.360	0.220	0.432	0.137	0.728	0.742	0.555	0.423	0.734	0.743	0.571	0.481	0.363	0.222	0.436	0.137	0.723	0.843	0.548	0.424	0.717	0.730	0.560	0.487	0.365	0.226	0.416	0.137	0.726	0.749	0.563	0.454	0.734	0.755	0.595	0.504	0.363	0.221	0.453	0.155	0.735	0.739	0.599	0.472	0.749	0.732	0.629	0.519
27:20:01	0.314	0.214	0.441	0.134	0.761	0.715	0.635	0.424	0.777	0.805	0.633	0.483	0.329	0.234	0.380	0.214	0.738	0.696	0.552	0.410	0.750	0.761	0.572	0.420	0.307	0.209	0.435	0.135	0.750	0.758	0.578	0.492	0.740	0.740	0.534	0.460	0.355	0.229	0.434	0.142	0.734	0.788	0.563	0.438	0.731	0.742	0.539	0.475	0.367	0.224	0.432	0.137	0.727	0.742	0.556	0.424	0.734	0.742	0.573	0.480	0.370	0.223	0.436	0.137	0.722	0.846	0.549	0.427	0.716	0.729	0.562	0.488	0.372	0.227	0.419	0.138	0.725	0.748	0.565	0.457	0.733	0.754	0.597	0.505	0.370	0.222	0.456	0.157	0.735	0.736	0.600	0.473	0.747	0.729	0.632	0.521
27:40:01	0.328	0.222	0.446	0.134	0.760	0.712	0.636	0.426	0.776	0.805	0.637	0.488	0.332	0.235	0.380	0.215	0.736	0.692	0.556	0.412	0.749	0.759	0.576	0.423	0.317	0.212	0.437	0.136	0.748	0.757	0.581	0.494	0.740	0.738	0.537	0.464	0.360	0.235	0.422	0.142	0.734	0.763	0.563	0.440	0.733	0.741	0.541	0.478	0.371	0.228	0.433	0.137	0.726	0.741	0.558	0.426	0.734	0.740	0.574	0.485	0.374	0.227	0.436	0.137	0.721	0.849	0.551	0.427	0.716	0.726	0.565	0.488	0.376	0.230	0.421	0.138	0.724	0.746	0.566	0.457	0.732	0.752	0.600	0.507	0.377	0.223	0.458	0.158	0.733	0.732	0.601	0.475	0.744	0.727	0.636	0.524
28:00:01	0.320	0.227	0.451	0.134	0.759	0.709	0.636	0.429	0.776	0.804	0.640	0.493	0.348	0.228	0.390	0.216	0.735	0.689	0.559	0.415	0.747	0.758	0.579	0.425	0.317	0.217	0.438	0.135	0.748	0.757	0.583	0.496	0.738	0.736	0.540	0.466	0.366	0.242	0.435	0.142	0.734	0.755	0.565	0.442	0.734	0.739	0.543	0.481	0.373	0.232	0.433	0.137	0.726	0.740	0.559	0.428	0.734	0.738	0.576	0.485	0.380	0.229	0.436	0.137	0.719	0.850	0.556	0.429	0.717	0.724	0.567	0.490	0.382	0.234	0.423	0.138	0.723	0.745	0.568	0.458	0.731	0.750	0.602	0.510	0.383	0.225	0.460	0.159	0.732	0.728	0.601	0.475	0.743	0.724	0.640	0.526
28:20:01	0.328	0.233	0.463	0.134	0.758	0.706	0.634	0.437	0.775	0.804	0.645	0.499	0.354	0.227	0.392	0.224	0.734	0.685	0.569	0.422	0.747	0.756	0.583	0.432	0.327	0.223	0.441	0.135	0.746	0.756	0.585	0.501	0.738	0.733	0.542	0.467	0.371	0.248	0.441	0.143	0.733	0.750	0.567	0.445	0.734	0.738	0.544	0.482	0.377	0.236	0.435	0.137	0.726	0.740	0.561	0.430	0.735	0.736	0.578	0.484	0.385	0.233	0.438	0.137	0.719	0.853	0.558	0.431	0.718	0.720	0.569	0.491	0.386	0.238	0.425	0.138	0.723	0.744	0.570	0.462	0.729	0.749	0.604	0.510	0.391	0.229	0.463	0.161	0.732	0.726	0.604	0.477	0.742	0.721	0.644	0.528
28:40:01	0.336	0.236	0.468	0.134	0.757	0.703	0.631	0.441	0.773	0.805	0.649	0.504	0.360	0.234	0.395	0.227	0.732	0.681	0.578	0.424	0.746	0.754	0.587	0.436	0.339	0.229	0.442	0.135	0.745	0.754	0.587	0.503	0.737	0.729	0.545	0.469	0.371	0.256	0.445	0.143	0.732	0.750	0.568	0.448	0.736	0.735	0.547	0.483	0.382	0.241	0.435	0.137	0.725	0.738	0.563	0.433	0.735	0.733	0.580	0.487	0.383	0.236	0.438	0.137	0.718	0.839	0.563	0.432	0.716	0.718	0.571	0.492	0.389	0.246	0.427	0.138	0.722	0.741	0.572	0.463	0.727	0.746	0.607	0.512	0.392	0.232	0.464	0.162	0.731	0.722	0.605	0.478	0.740	0.718	0.647	0.531
29:00:01	0.344	0.240	0.461	0.134	0.757	0.701	0.628	0.441	0.773	0.804	0.653	0.505	0.366	0.243	0.393	0.230	0.732	0.677	0.583	0.423	0.745	0.753	0.589	0.436	0.347	0.234	0.440	0.135	0.744	0.753	0.588	0.504	0.735	0.726	0.548	0.474	0.375	0.265	0.440	0.142	0.732	0.751	0.568	0.449	0.734	0.734	0.550	0.489	0.388	0.248	0.432	0.137	0.724	0.736	0.564	0.433	0.734	0.733	0.582	0.493	0.386	0.241	0.436	0.137	0.717	0.780	0.567	0.434	0.715	0.716	0.575	0.494	0.393	0.256	0.426	0.138	0.720	0.740	0.577	0.467	0.727	0.744	0.610	0.517	0.403	0.232	0.465	0.164	0.729	0.718	0.609	0.479	0.737	0.716	0.650	0.537
29:20:01	0.352	0.243	0.463	0.134	0.756	0.698	0.625	0.444	0.771	0.804	0.657	0.510	0.370	0.245	0.395	0.230	0.730	0.673	0.586	0.426	0.744	0.750	0.592	0.440	0.354	0.239	0.440	0.135	0.744	0.752	0.591	0.506	0.735	0.723	0.550	0.476	0.379	0.275	0.440	0.143	0.731	0.752	0.570	0.451	0.735	0.732	0.552	0.489	0.392	0.257	0.433	0.137	0.723	0.733	0.565	0.436	0.734	0.731	0.584	0.493	0.398	0.246	0.436	0.138	0.716	0.734	0.568	0.435	0.714	0.713	0.577	0.496	0.411	0.264	0.427	0.138	0.719	0.737	0.584	0.466	0.725	0.742	0.613	0.519	0.399	0.240	0.467	0.165	0.728	0.714	0.617	0.482	0.736	0.715	0.653	0.540
29:40:01	0.360	0.247	0.466	0.134	0.755	0.695	0.623	0.448	0.771	0.803	0.661	0.516	0.376	0.254	0.399	0.234	0.729	0.669	0.588	0.431	0.743	0.749	0.595	0.444	0.360	0.246	0.440	0.135	0.743	0.750	0.594	0.509	0.733	0.720	0.553	0.478	0.384	0.284	0.445	0.143	0.730	0.751	0.574	0.454	0.734	0.729	0.554	0.490	0.396	0.267	0.433	0.137	0.723	0.731	0.568	0.436	0.734	0.728	0.586	0.495	0.407	0.253	0.435	0.138	0.715	0.723	0.567	0.437	0.713	0.711	0.580	0.500	0.412	0.275	0.427	0.139	0.718	0.735	0.587	0.468	0.722	0.739	0.615	0.522	0.374	0.255	0.468	0.167	0.727	0.710	0.616	0.482	0.735	0.713	0.659	0.542
30:00:01	0.375	0.252	0.468	0.135	0.754	0.692	0.621	0.452	0.770	0.802	0.668	0.521	0.382	0.262	0.397	0.235	0.727	0.666	0.591	0.435	0.742	0.747	0.598	0.449	0.365	0.252	0.440	0.135	0.742	0.748	0.602	0.511	0.732	0.717	0.555	0.479	0.392	0.293	0.441	0.143	0.730	0.751	0.576	0.458	0.735	0.728	0.557	0.494	0.366	0.281	0.431	0.137	0.721	0.731	0.571	0.439	0.733	0.726	0.589	0.499	0.395	0.260	0.435	0.138	0.713	0.722	0.566	0.438	0.711	0.708	0.582	0.504	0.382	0.284	0.427	0.139	0.717	0.732	0.588	0.468	0.721	0.737	0.617	0.526	0.374	0.272	0.469	0.169	0.726	0.706	0.614	0.484	0.734	0.711	0.667	0.543
30:20:01	0.380	0.255	0.471	0.135	0.753	0.689	0.619	0.459	0.767	0.801	0.678	0.523	0.387	0.264	0.401	0.238	0.726	0.662	0.592	0.438	0.742	0.745	0.601	0.455	0.372	0.260	0.440	0.136	0.741	0.746	0.606	0.514	0.731	0.713	0.558	0.482	0.397	0.302	0.442	0.143	0.729	0.750	0.582	0.461	0.734	0.725	0.559	0.498	0.387	0.294	0.431	0.137	0.720	0.727	0.573	0.439	0.732	0.722	0.591	0.498	0.375	0.271	0.435	0.138	0.712	0.722	0.565	0.442	0.710	0.706	0.584	0.504	0.378	0.295	0.428	0.139	0.716	0.730	0.587	0.469	0.719	0.733	0.620	0.528	0.385	0.288	0.471	0.171	0.725	0.702	0.611	0.488	0.732	0.709	0.676	0.544
30:40:01	0.389	0.260	0.473	0.135	0.752	0.687	0.618	0.461	0.767	0.800	0.680	0.525	0.390	0.271	0.401	0.240	0.725	0.658	0.593	0.440	0.742	0.743	0.604	0.458	0.378	0.269	0.440	0.136	0.739	0.743	0.607	0.517	0.729	0.710	0.560	0.488	0.379	0.310	0.441	0.143	0.729	0.748	0.584	0.463	0.733	0.724	0.562	0.500	0.404	0.306	0.431	0.137	0.719	0.725	0.579	0.444	0.731	0.720	0.593	0.500	0.395	0.281	0.435	0.139	0.712	0.723	0.563	0.444	0.709	0.703	0.587	0.505	0.402	0.305	0.428	0.139	0.715	0.728	0.586	0.469	0.718	0.731	0.622	0.530	0.405	0.297	0.472	0.173	0.723	0.699	0.607	0.491	0.730	0.707	0.673	0.545
31:00:01	0.392	0.267	0.479	0.135	0.751	0.685	0.616	0.469	0.764	0.797	0.676	0.526	0.393	0.280	0.403	0.238	0.724	0.655	0.597	0.447	0.740	0.740	0.609	0.465	0.382	0.278	0.440	0.136	0.739	0.741	0.607	0.522	0.728	0.706	0.566	0.492	0.361	0.315	0.443	0.143	0.727	0.747	0.585	0.465	0.731	0.721	0.564	0.502	0.409	0.318	0.430	0.137	0.718	0.722	0.582	0.446	0.730	0.716	0.598	0.503	0.405	0.292	0.433	0.139	0.709	0.724	0.560	0.445	0.707	0.700	0.588	0.506	0.414	0.316	0.426	0.140	0.713	0.727	0.582	0.469	0.716	0.727	0.623	0.531	0.415	0.302	0.470	0.175	0.722	0.694	0.605	0.489	0.727	0.707	0.667	0.546
31:20:01	0.406	0.272	0.481	0.135	0.750	0.682	0.616	0.472	0.763	0.795	0.672	0.528	0.399	0.291	0.408	0.247	0.723	0.651	0.599	0.448	0.740	0.737	0.610	0.469	0.385	0.288	0.442	0.136	0.738	0.738	0.607	0.524	0.728	0.702	0.566	0.492	0.395	0.323	0.445	0.144	0.728	0.743	0.584	0.467	0.732	0.719	0.566	0.502	0.422	0.325	0.432	0.138	0.719	0.721	0.583	0.450	0.730	0.713	0.598	0.506	0.420	0.304	0.435	0.139	0.710	0.724	0.561	0.446	0.706	0.696	0.591	0.505	0.428	0.323	0.430	0.140	0.713	0.723	0.582	0.469	0.716	0.725	0.625	0.531	0.445	0.314	0.474	0.178	0.723	0.692	0.606	0.493	0.728	0.705	0.664	0.547
31:40:01	0.411	0.281	0.478	0.135	0.750	0.681	0.614	0.474	0.761	0.790	0.669	0.529	0.415	0.299	0.404	0.240	0.723	0.649	0.599	0.453	0.740	0.735	0.614	0.472	0.390	0.301	0.440	0.136	0.737	0.736	0.608	0.527	0.726	0.699	0.571	0.496	0.400	0.324	0.446	0.144	0.725	0.743	0.584	0.469	0.730	0.716	0.569	0.504	0.419	0.334	0.430	0.138	0.717	0.717	0.583	0.450	0.728	0.711	0.603	0.509	0.423	0.315	0.432	0.140	0.708	0.724	0.557	0.446	0.704	0.694	0.593	0.507	0.429	0.329	0.427	0.140	0.711	0.722	0.577	0.469	0.714	0.723	0.627	0.533	0.493	0.317	0.471	0.181	0.720	0.687	0.601	0.492	0.724	0.705	0.660	0.547
32:00:01	0.423	0.291	0.480	0.135	0.748	0.679	0.612	0.474	0.759	0.784	0.667	0.529	0.434	0.305	0.407	0.243	0.721	0.644	0.597	0.450	0.740	0.733	0.616	0.471	0.411	0.311	0.438	0.136	0.736	0.733	0.606	0.527	0.725	0.695	0.571	0.495	0.412	0.327	0.442	0.144	0.726	0.740	0.583	0.469	0.730	0.713	0.571	0.503	0.432	0.339	0.430	0.138	0.716	0.714	0.581	0.452	0.727	0.708	0.603	0.510	0.430	0.323	0.433	0.140	0.707	0.724	0.557	0.447	0.703	0.691	0.596	0.507	0.446	0.331	0.429	0.140	0.710	0.719	0.575	0.471	0.713	0.720	0.630	0.535	0.467	0.326	0.474	0.183	0.721	0.684	0.601	0.495	0.724	0.704	0.659	0.548
32:20:01	0.437	0.305	0.478	0.135	0.748	0.677	0.611	0.482	0.757	0.772	0.667	0.530	0.440	0.315	0.405	0.244	0.720	0.642	0.599	0.457	0.739	0.730	0.625	0.477	0.412	0.322	0.439	0.136	0.735	0.730	0.606	0.532	0.723	0.692	0.576	0.499	0.414	0.321	0.444	0.144	0.724	0.738	0.583	0.472	0.728	0.711	0.574	0.504	0.480	0.345	0.430	0.138	0.715	0.712	0.581	0.453	0.725	0.705	0.608	0.511	0.464	0.328	0.431	0.140	0.705	0.723	0.554	0.447	0.701	0.689	0.597	0.508	0.472	0.333	0.426	0.141	0.709	0.717	0.571	0.470	0.711	0.717	0.630	0.536	0.438	0.330	0.471	0.186	0.719	0.680	0.598	0.494	0.720	0.703	0.658	0.547
32:40:01	0.461	0.314	0.483	0.136	0.746	0.674	0.610	0.482	0.756	0.765	0.667	0.530	0.439	0.326	0.410	0.248	0.719	0.637	0.597	0.456	0.739	0.728	0.631	0.477	0.408	0.328	0.437	0.136	0.733	0.728	0.604	0.533	0.722	0.688	0.576	0.498	0.427	0.323	0.446	0.145	0.724	0.736	0.580	0.472	0.728	0.708	0.575	0.504	0.495	0.347	0.430	0.138	0.714	0.710	0.578	0.454	0.725	0.702	0.608	0.512	0.501	0.329	0.433	0.141	0.705	0.722	0.553	0.448	0.700	0.685	0.601	0.509	0.491	0.331	0.429	0.141	0.708	0.714	0.571	0.472	0.709	0.714	0.637	0.537	0.447	0.323	0.474	0.188	0.719	0.677	0.597	0.497	0.721	0.702	0.658	0.548
33:00:01	0.451	0.327	0.485	0.135	0.745	0.673	0.610	0.488	0.755	0.758	0.668	0.530	0.451	0.333	0.409	0.252	0.719	0.635	0.600	0.462	0.739	0.725	0.631	0.483	0.421	0.335	0.441	0.136	0.733	0.725	0.604	0.537	0.721	0.684	0.579	0.500	0.438	0.322	0.445	0.145	0.724	0.734	0.580	0.475	0.728	0.705	0.577	0.505	0.461	0.348	0.433	0.138	0.714	0.709	0.579	0.456	0.726	0.699	0.610	0.510	0.481	0.330	0.434	0.141	0.705	0.721	0.552	0.449	0.699	0.682	0.602	0.508	0.447	0.331	0.430	0.141	0.708	0.711	0.570	0.472	0.711	0.712	0.641	0.536	0.450	0.327	0.474	0.191	0.721	0.675	0.598	0.498	0.721	0.701	0.659	0.548
33:20:01	0.469	0.338	0.485	0.135	0.744	0.671	0.609	0.491	0.753	0.751	0.669	0.531	0.450	0.334	0.410	0.253	0.718	0.631	0.600	0.465	0.739	0.722	0.629	0.486	0.430	0.341	0.440	0.136	0.732	0.723	0.602	0.540	0.721	0.680	0.581	0.501	0.474	0.320	0.446	0.145	0.723	0.731	0.579	0.477	0.728	0.703	0.579	0.504	0.471	0.351	0.432	0.138	0.714	0.706	0.577	0.456	0.723	0.696	0.612	0.510	0.454	0.328	0.434	0.141	0.704	0.719	0.551	0.449	0.697	0.678	0.604	0.508	0.439	0.322	0.430	0.142	0.707	0.709	0.568	0.472	0.709	0.709	0.647	0.536	0.457	0.315	0.473	0.194	0.720	0.672	0.597	0.500	0.719	0.700	0.659	0.549
33:40:01	0.471	0.345	0.479	0.136	0.743	0.669	0.606	0.490	0.752	0.741	0.668	0.530	0.456	0.341	0.406	0.257	0.718	0.628	0.596	0.464	0.739	0.720	0.625	0.486	0.432	0.346	0.437	0.136	0.730	0.720	0.599	0.539	0.717	0.676	0.583	0.501	0.492	0.313	0.446	0.145	0.722	0.729	0.576	0.476	0.725	0.700	0.581	0.505	0.458	0.352	0.430	0.138	0.711	0.703	0.574	0.456	0.721	0.693	0.615	0.514	0.459	0.322	0.432	0.142	0.702	0.717	0.548	0.449	0.694	0.676	0.606	0.510	0.444	0.319	0.429	0.142	0.704	0.707	0.566	0.472	0.707	0.705	0.647	0.538	0.455	0.307	0.472	0.198	0.717	0.667	0.593	0.500	0.717	0.698	0.660	0.549
34:00:01	0.476	0.352	0.477	0.136	0.742	0.668	0.606	0.493	0.750	0.731	0.670	0.530	0.462	0.346	0.412	0.265	0.717	0.626	0.595	0.466	0.739	0.717	0.622	0.488	0.438	0.352	0.437	0.136	0.729	0.718	0.598	0.540	0.717	0.673	0.586	0.502	0.499	0.309	0.447	0.146	0.721	0.727	0.575	0.478	0.723	0.698	0.583	0.506	0.458	0.353	0.430	0.138	0.710	0.701	0.572	0.457	0.721	0.691	0.617	0.515	0.464	0.316	0.431	0.142	0.701	0.716	0.547	0.449	0.693	0.673	0.608	0.510	0.451	0.315	0.429	0.142	0.704	0.705	0.564	0.472	0.705	0.703	0.644	0.538	0.465	0.304	0.471	0.201	0.717	0.664	0.592	0.501	0.716	0.697	0.661	0.549
34:20:01	0.488	0.358	0.478	0.136	0.742	0.666	0.605	0.497	0.748	0.721	0.671	0.531	0.521	0.351	0.413	0.296	0.717	0.623	0.593	0.468	0.738	0.715	0.618	0.490	0.440	0.356	0.438	0.136	0.728	0.715	0.597	0.543	0.716	0.670	0.592	0.503	0.464	0.306	0.445	0.146	0.721	0.725	0.573	0.478	0.722	0.695	0.588	0.507	0.468	0.352	0.430	0.138	0.709	0.698	0.571	0.457	0.719	0.687	0.620	0.515	0.462	0.310	0.431	0.142	0.700	0.714	0.545	0.449	0.691	0.670	0.611	0.511	0.467	0.314	0.429	0.143	0.702	0.702	0.563	0.472	0.704	0.700	0.640	0.539	0.464	0.302	0.470	0.204	0.715	0.661	0.590	0.502	0.716	0.694	0.661	0.550
34:40:01	0.559	0.368	0.482	0.136	0.742	0.666	0.606	0.504	0.747	0.712	0.674	0.532	0.516	0.361	0.421	0.274	0.716	0.622	0.597	0.476	0.738	0.712	0.616	0.497	0.457	0.361	0.440	0.136	0.728	0.712	0.596	0.548	0.715	0.666	0.600	0.506	0.464	0.327	0.447	0.147	0.719	0.723	0.574	0.481	0.722	0.692	0.592	0.507	0.470	0.345	0.432	0.138	0.710	0.698	0.571	0.458	0.720	0.683	0.627	0.513	0.472	0.306	0.430	0.143	0.699	0.712	0.544	0.449	0.690	0.667	0.611	0.510	0.478	0.315	0.428	0.144	0.702	0.702	0.561	0.472	0.705	0.698	0.635	0.537	0.479	0.306	0.469	0.207	0.715	0.659	0.590	0.502	0.714	0.694	0.661	0.550
35:00:01	0.533	0.372	0.481	0.137	0.741	0.664	0.604	0.501	0.743	0.705	0.673	0.531	0.506	0.360	0.414	0.288	0.715	0.617	0.591	0.472	0.739	0.710	0.612	0.495	0.506	0.362	0.437	0.136	0.725	0.708	0.593	0.545	0.711	0.662	0.606	0.504	0.477	0.342	0.443	0.147	0.718	0.720	0.568	0.479	0.720	0.689	0.598	0.507	0.480	0.338	0.430	0.138	0.707	0.694	0.568	0.457	0.717	0.681	0.630	0.516	0.479	0.302	0.430	0.144	0.696	0.710	0.542	0.448	0.687	0.665	0.617	0.512	0.478	0.332	0.429	0.144	0.700	0.698	0.560	0.473	0.701	0.694	0.632	0.539	0.493	0.334	0.470	0.211	0.714	0.656	0.588	0.502	0.714	0.692	0.663	0.551
35:20:01	0.547	0.383	0.477	0.137	0.740	0.663	0.603	0.504	0.741	0.698	0.674	0.531	0.504	0.371	0.412	0.297	0.715	0.614	0.588	0.472	0.737	0.708	0.609	0.497	0.506	0.360	0.437	0.136	0.724	0.705	0.591	0.546	0.710	0.658	0.611	0.504	0.481	0.348	0.441	0.147	0.718	0.718	0.569	0.479	0.720	0.685	0.601	0.507	0.485	0.325	0.429	0.138	0.706	0.691	0.566	0.458	0.715	0.677	0.635	0.516	0.487	0.303	0.431	0.144	0.696	0.708	0.540	0.448	0.686	0.661	0.623	0.512	0.493	0.345	0.429	0.145	0.699	0.695	0.559	0.473	0.700	0.692	0.629	0.538	0.483	0.369	0.470	0.213	0.714	0.654	0.587	0.502	0.714	0.690	0.664	0.552
35:40:01	0.549	0.395	0.479	0.137	0.740	0.661	0.602	0.508	0.738	0.693	0.675	0.532	0.511	0.380	0.418	0.308	0.714	0.613	0.590	0.481	0.736	0.704	0.609	0.501	0.458	0.354	0.437	0.136	0.722	0.702	0.591	0.550	0.708	0.655	0.613	0.507	0.486	0.365	0.443	0.148	0.714	0.716	0.569	0.481	0.718	0.683	0.601	0.507	0.483	0.318	0.429	0.138	0.703	0.689	0.565	0.458	0.714	0.674	0.639	0.516	0.485	0.308	0.429	0.145	0.694	0.705	0.538	0.447	0.685	0.659	0.625	0.512	0.491	0.365	0.426	0.145	0.697	0.693	0.556	0.471	0.698	0.689	0.624	0.536	0.510	0.354	0.468	0.217	0.711	0.650	0.583	0.501	0.710	0.688	0.664	0.552
36:00:01	0.545	0.395	0.476	0.137	0.739	0.660	0.601	0.508	0.739	0.687	0.676	0.531	0.504	0.392	0.410	0.314	0.713	0.609	0.587	0.480	0.736	0.701	0.606	0.502	0.477	0.349	0.437	0.137	0.720	0.699	0.587	0.549	0.707	0.651	0.611	0.505	0.498	0.368	0.441	0.148	0.715	0.713	0.564	0.478	0.716	0.679	0.601	0.508	0.491	0.331	0.430	0.139	0.703	0.685	0.563	0.458	0.712	0.670	0.635	0.517	0.497	0.323	0.430	0.146	0.692	0.703	0.536	0.447	0.682	0.657	0.627	0.514	0.509	0.387	0.428	0.146	0.696	0.690	0.556	0.472	0.697	0.686	0.622	0.538	0.509	0.389	0.470	0.220	0.711	0.648	0.582	0.501	0.711	0.686	0.667	0.554
36:20:01	0.543	0.383	0.476	0.138	0.737	0.658	0.601	0.509	0.736	0.682	0.677	0.532	0.528	0.419	0.412	0.325	0.711	0.606	0.586	0.481	0.734	0.698	0.605	0.503	0.483	0.342	0.436	0.137	0.719	0.696	0.586	0.549	0.704	0.647	0.611	0.506	0.511	0.390	0.441	0.149	0.714	0.710	0.563	0.478	0.714	0.676	0.599	0.508	0.499	0.345	0.430	0.139	0.702	0.682	0.561	0.458	0.711	0.667	0.634	0.517	0.507	0.341	0.430	0.147	0.690	0.700	0.535	0.447	0.681	0.654	0.625	0.514	0.513	0.416	0.428	0.147	0.695	0.687	0.555	0.472	0.695	0.683	0.619	0.537	0.502	0.401	0.469	0.223	0.710	0.646	0.582	0.500	0.711	0.684	0.668	0.555
36:40:01	0.537	0.400	0.481	0.138	0.737	0.656	0.601	0.512	0.735	0.676	0.679	0.532	0.533	0.450	0.413	0.341	0.710	0.604	0.585	0.482	0.735	0.696	0.603	0.505	0.490	0.339	0.440	0.137	0.719	0.692	0.585	0.553	0.706	0.644	0.610	0.506	0.505	0.423	0.443	0.150	0.714	0.709	0.563	0.480	0.713	0.672	0.595	0.508	0.504	0.369	0.432	0.139	0.703	0.682	0.561	0.459	0.712	0.663	0.633	0.515	0.510	0.349	0.432	0.147	0.690	0.698	0.535	0.447	0.679	0.650	0.621	0.512	0.516	0.427	0.430	0.147	0.695	0.685	0.555	0.472	0.697	0.680	0.616	0.534	0.512	0.440	0.470	0.226	0.711	0.645	0.583	0.500	0.710	0.682	0.668	0.556
37:00:01	0.539	0.415	0.478	0.139	0.737	0.655	0.599	0.512	0.733	0.674	0.679	0.532	0.534	0.452	0.416	0.363	0.710	0.601	0.582	0.481	0.734	0.694	0.602	0.504	0.490	0.358	0.437	0.137	0.716	0.689	0.583	0.553	0.702	0.641	0.608	0.506	0.509	0.426	0.442	0.150	0.711	0.706	0.560	0.479	0.712	0.670	0.592	0.508	0.512	0.367	0.430	0.139	0.700	0.678	0.558	0.459	0.709	0.661	0.629	0.518	0.506	0.360	0.430	0.149	0.688	0.695	0.533	0.446	0.677	0.648	0.616	0.514	0.529	0.440	0.428	0.148	0.692	0.682	0.553	0.472	0.694	0.678	0.614	0.535	0.523	0.458	0.469	0.231	0.710	0.642	0.579	0.499	0.710	0.681	0.671	0.557
37:20:01	0.540	0.424	0.476	0.139	0.735	0.654	0.599	0.513	0.730	0.671	0.680	0.533	0.530	0.446	0.415	0.381	0.709	0.600	0.583	0.487	0.732	0.690	0.601	0.506	0.493	0.374	0.437	0.137	0.715	0.686	0.582	0.553	0.700	0.638	0.605	0.506	0.527	0.443	0.442	0.150	0.710	0.704	0.561	0.481	0.711	0.666	0.588	0.508	0.520	0.394	0.429	0.140	0.698	0.675	0.557	0.458	0.708	0.658	0.625	0.518	0.522	0.371	0.431	0.149	0.687	0.692	0.531	0.447	0.676	0.646	0.611	0.512	0.511	0.446	0.429	0.149	0.691	0.680	0.551	0.472	0.692	0.675	0.611	0.533	0.533	0.541	0.467	0.236	0.709	0.640	0.578	0.498	0.710	0.679	0.672	0.557
37:40:01	0.547	0.449	0.481	0.139	0.735	0.652	0.598	0.514	0.729	0.668	0.681	0.534	0.538	0.454	0.415	0.396	0.708	0.597	0.583	0.488	0.731	0.687	0.601	0.506	0.503	0.391	0.437	0.138	0.714	0.682	0.581	0.556	0.698	0.635	0.602	0.506	0.522	0.454	0.440	0.151	0.709	0.701	0.557	0.479	0.709	0.663	0.586	0.508	0.510	0.401	0.429	0.140	0.697	0.672	0.555	0.458	0.706	0.655	0.622	0.519	0.533	0.385	0.430	0.150	0.685	0.691	0.529	0.446	0.673	0.643	0.607	0.514	0.501	0.479	0.429	0.150	0.690	0.678	0.550	0.472	0.691	0.672	0.610	0.534	0.542	0.547	0.466	0.239	0.710	0.637	0.577	0.497	0.710	0.678	0.673	0.559
38:00:01	0.544	0.523	0.475	0.140	0.735	0.651	0.598	0.516	0.727	0.667	0.683	0.534	0.542	0.464	0.413	0.413	0.707	0.594	0.580	0.486	0.730	0.686	0.599	0.506	0.499	0.408	0.437	0.138	0.712	0.679	0.580	0.558	0.697	0.632	0.599	0.505	0.527	0.467	0.440	0.152	0.708	0.699	0.556	0.479	0.707	0.661	0.583	0.508	0.503	0.424	0.428	0.140	0.696	0.669	0.554	0.459	0.704	0.652	0.619	0.519	0.505	0.408	0.429	0.151	0.684	0.688	0.528	0.446	0.671	0.641	0.603	0.514	0.515	0.536	0.429	0.151	0.689	0.674	0.549	0.472	0.690	0.669	0.608	0.533	0.549	0.502	0.465	0.247	0.709	0.636	0.575	0.497	0.710	0.676	0.674	0.560
38:20:01	0.545	0.514	0.483	0.140	0.735	0.649	0.599	0.518	0.727	0.666	0.685	0.535	0.545	0.465	0.425	0.424	0.706	0.592	0.581	0.490	0.729	0.682	0.599	0.508	0.512	0.440	0.440	0.138	0.711	0.676	0.579	0.559	0.698	0.629	0.596	0.506	0.540	0.501	0.443	0.153	0.707	0.697	0.556	0.481	0.708	0.657	0.580	0.508	0.517	0.433	0.431	0.140	0.697	0.668	0.553	0.459	0.706	0.649	0.617	0.517	0.513	0.423	0.431	0.152	0.684	0.687	0.529	0.446	0.670	0.638	0.600	0.512	0.524	0.523	0.429	0.152	0.689	0.673	0.548	0.472	0.692	0.667	0.606	0.530	0.555	0.501	0.466	0.250	0.712	0.635	0.578	0.498	0.708	0.675	0.673	0.562
38:40:01	0.545	0.508	0.481	0.140	0.734	0.648	0.598	0.518	0.725	0.664	0.686	0.536	0.552	0.490	0.425	0.435	0.705	0.590	0.580	0.491	0.727	0.679	0.598	0.508	0.515	0.448	0.439	0.138	0.710	0.672	0.577	0.561	0.696	0.626	0.593	0.506	0.552	0.539	0.443	0.153	0.705	0.694	0.554	0.481	0.706	0.654	0.577	0.508	0.524	0.448	0.431	0.140	0.696	0.666	0.552	0.459	0.704	0.646	0.614	0.517	0.520	0.442	0.431	0.153	0.682	0.685	0.527	0.446	0.668	0.636	0.596	0.512	0.531	0.551	0.430	0.153	0.687	0.671	0.547	0.472	0.691	0.664	0.604	0.529	0.560	0.500	0.465	0.258	0.710	0.633	0.576	0.496	0.708	0.675	0.675	0.564
39:00:01	0.555	0.506	0.481	0.141	0.733	0.647	0.598	0.519	0.723	0.665	0.687	0.537	0.557	0.547	0.424	0.446	0.703	0.587	0.579	0.492	0.726	0.676	0.596	0.507	0.521	0.459	0.439	0.138	0.708	0.668	0.576	0.563	0.694	0.624	0.591	0.505	0.523	0.512	0.446	0.154	0.704	0.692	0.552	0.480	0.705	0.650	0.575	0.507	0.532	0.470	0.431	0.141	0.694	0.662	0.550	0.459	0.703	0.643	0.611	0.517	0.528	0.457	0.431	0.154	0.681	0.682	0.526	0.445	0.667	0.633	0.594	0.511	0.538	0.532	0.430	0.154	0.686	0.669	0.545	0.472	0.690	0.662	0.603	0.528	0.566	0.509	0.463	0.291	0.709	0.631	0.575	0.495	0.708	0.674	0.676	0.565
39:20:01	0.560	0.507	0.483	0.141	0.732	0.646	0.597	0.518	0.722	0.669	0.688	0.537	0.557	0.552	0.421	0.452	0.704	0.585	0.576	0.491	0.725	0.675	0.595	0.506	0.520	0.476	0.436	0.139	0.707	0.666	0.575	0.563	0.691	0.622	0.588	0.505	0.535	0.483	0.443	0.154	0.702	0.689	0.549	0.480	0.702	0.648	0.573	0.508	0.538	0.515	0.429	0.141	0.691	0.658	0.548	0.458	0.700	0.641	0.608	0.520	0.533	0.490	0.429	0.157	0.678	0.679	0.524	0.444	0.665	0.632	0.592	0.513	0.544	0.544	0.428	0.156	0.684	0.666	0.543	0.471	0.687	0.660	0.602	0.528	0.568	0.515	0.464	0.309	0.709	0.629	0.571	0.493	0.708	0.674	0.676	0.566
39:40:02	0.575	0.515	0.484	0.142	0.732	0.645	0.597	0.519	0.721	0.673	0.689	0.537	0.579	0.482	0.426	0.460	0.702	0.583	0.577	0.495	0.723	0.671	0.594	0.506	0.524	0.537	0.436	0.139	0.705	0.663	0.574	0.572	0.690	0.619	0.586	0.505	0.547	0.495	0.441	0.155	0.700	0.686	0.548	0.479	0.701	0.644	0.570	0.508	0.544	0.517	0.428	0.141	0.690	0.655	0.546	0.458	0.698	0.639	0.606	0.520	0.539	0.520	0.428	0.158	0.677	0.677	0.522	0.444	0.664	0.630	0.589	0.512	0.549	0.548	0.428	0.157	0.682	0.663	0.542	0.470	0.687	0.658	0.600	0.527	0.570	0.519	0.463	0.322	0.709	0.627	0.570	0.492	0.708	0.673	0.680	0.568
40:00:02	0.598	0.527	0.485	0.142	0.731	0.644	0.597	0.519	0.719	0.678	0.690	0.538	0.588	0.493	0.417	0.465	0.701	0.580	0.574	0.493	0.722	0.670	0.593	0.505	0.536	0.522	0.436	0.139	0.704	0.659	0.573	0.576	0.688	0.616	0.584	0.504	0.555	0.493	0.440	0.156	0.699	0.683	0.549	0.481	0.701	0.640	0.568	0.508	0.550	0.519	0.428	0.141	0.688	0.652	0.545	0.458	0.697	0.637	0.604	0.520	0.546	0.510	0.428	0.158	0.677	0.674	0.523	0.445	0.663	0.627	0.587	0.509	0.552	0.555	0.428	0.159	0.681	0.661	0.540	0.470	0.685	0.656	0.599	0.525	0.572	0.511	0.462	0.331	0.710	0.625	0.570	0.492	0.708	0.673	0.680	0.570
40:20:02	0.560	0.519	0.481	0.143	0.731	0.643	0.597	0.519	0.717	0.686	0.691	0.539	0.551	0.498	0.423	0.470	0.700	0.577	0.574	0.494	0.721	0.668	0.592	0.505	0.538	0.504	0.436	0.140	0.702	0.656	0.572	0.578	0.687	0.614	0.582	0.504	0.561	0.493	0.439	0.157	0.698	0.681	0.545	0.479	0.699	0.638	0.567	0.507	0.554	0.543	0.428	0.142	0.686	0.650	0.543	0.458	0.696	0.635	0.603	0.520	0.551	0.505	0.428	0.161	0.674	0.672	0.520	0.444	0.660	0.626	0.585	0.511	0.557	0.550	0.428	0.160	0.681	0.659	0.540	0.470	0.685	0.654	0.598	0.526	0.576	0.521	0.462	0.340	0.710	0.624	0.569	0.491	0.707	0.673	0.684	0.572
40:40:02	0.568	0.531	0.487	0.144	0.731	0.642	0.597	0.520	0.716	0.694	0.693	0.540	0.554	0.506	0.427	0.473	0.699	0.575	0.575	0.498	0.718	0.664	0.592	0.504	0.545	0.506	0.436	0.140	0.700	0.654	0.571	0.578	0.685	0.611	0.581	0.504	0.568	0.494	0.439	0.158	0.696	0.677	0.544	0.479	0.697	0.635	0.565	0.507	0.559	0.529	0.429	0.142	0.685	0.646	0.542	0.458	0.694	0.632	0.600	0.520	0.555	0.492	0.426	0.162	0.672	0.669	0.519	0.443	0.658	0.624	0.583	0.511	0.561	0.539	0.428	0.162	0.679	0.657	0.539	0.469	0.684	0.651	0.596	0.525	0.578	0.516	0.460	0.349	0.709	0.622	0.568	0.490	0.707	0.673	0.686	0.574
41:00:02	0.577	0.526	0.490	0.144	0.731	0.641	0.597	0.520	0.716	0.702	0.696	0.542	0.560	0.517	0.427	0.475	0.697	0.573	0.574	0.497	0.717	0.662	0.590	0.504	0.560	0.508	0.439	0.140	0.700	0.650	0.570	0.580	0.686	0.609	0.579	0.503	0.574	0.495	0.443	0.160	0.695	0.675	0.544	0.481	0.697	0.632	0.562	0.506	0.564	0.534	0.431	0.143	0.685	0.646	0.542	0.459	0.696	0.629	0.599	0.518	0.560	0.503	0.430	0.163	0.672	0.667	0.520	0.444	0.657	0.622	0.581	0.508	0.566	0.509	0.430	0.164	0.679	0.656	0.538	0.470	0.686	0.649	0.594	0.523	0.580	0.523	0.462	0.353	0.711	0.622	0.570	0.490	0.707	0.673	0.686	0.577
41:20:02	0.583	0.529	0.482	0.145	0.729	0.640	0.596	0.519	0.714	0.714	0.695	0.542	0.565	0.507	0.425	0.482	0.696	0.571	0.573	0.498	0.715	0.659	0.588	0.503	0.532	0.495	0.436	0.141	0.698	0.647	0.569	0.578	0.682	0.607	0.577	0.502	0.577	0.497	0.440	0.160	0.693	0.672	0.541	0.479	0.693	0.629	0.561	0.505	0.567	0.535	0.429	0.143	0.681	0.642	0.539	0.457	0.691	0.627	0.597	0.520	0.563	0.510	0.428	0.166	0.670	0.663	0.517	0.443	0.655	0.620	0.580	0.509	0.568	0.537	0.428	0.166	0.677	0.652	0.536	0.468	0.683	0.647	0.593	0.524	0.582	0.516	0.459	0.360	0.708	0.619	0.566	0.487	0.707	0.672	0.686	0.579
41:40:02	0.590	0.525	0.481	0.146	0.728	0.640	0.596	0.519	0.713	0.723	0.697	0.543	0.571	0.515	0.427	0.518	0.695	0.568	0.572	0.499	0.713	0.657	0.588	0.503	0.534	0.522	0.436	0.141	0.697	0.645	0.567	0.577	0.680	0.605	0.576	0.501	0.581	0.510	0.440	0.162	0.691	0.669	0.540	0.479	0.692	0.626	0.559	0.504	0.570	0.539	0.429	0.143	0.679	0.639	0.538	0.457	0.690	0.625	0.595	0.519	0.566	0.520	0.428	0.168	0.668	0.659	0.516	0.442	0.653	0.617	0.578	0.509	0.570	0.543	0.428	0.168	0.676	0.650	0.535	0.468	0.682	0.646	0.591	0.523	0.584	0.535	0.460	0.365	0.709	0.617	0.566	0.487	0.704	0.672	0.689	0.580
42:00:02	0.596	0.531	0.487	0.147	0.728	0.639	0.597	0.519	0.713	0.729	0.698	0.544	0.576	0.528	0.425	0.522	0.694	0.566	0.571	0.499	0.712	0.655	0.586	0.503	0.539	0.514	0.436	0.142	0.696	0.642	0.566	0.576	0.679	0.603	0.574	0.501	0.585	0.501	0.439	0.163	0.690	0.666	0.540	0.482	0.691	0.624	0.557	0.504	0.574	0.552	0.430	0.144	0.678	0.636	0.537	0.458	0.689	0.623	0.594	0.519	0.569	0.514	0.427	0.171	0.667	0.657	0.515	0.442	0.653	0.616	0.577	0.508	0.574	0.541	0.427	0.170	0.675	0.648	0.534	0.467	0.681	0.644	0.590	0.523	0.587	0.519	0.458	0.368	0.709	0.616	0.566	0.486	0.707	0.673	0.691	0.583
42:20:02	0.601	0.548	0.491	0.147	0.728	0.639	0.597	0.519	0.712	0.731	0.700	0.546	0.581	0.527	0.430	0.550	0.693	0.564	0.570	0.500	0.710	0.652	0.585	0.502	0.545	0.513	0.436	0.142	0.694	0.640	0.566	0.574	0.678	0.601	0.573	0.500	0.589	0.503	0.440	0.164	0.688	0.663	0.540	0.481	0.693	0.621	0.556	0.503	0.577	0.554	0.430	0.144	0.676	0.634	0.535	0.457	0.689	0.620	0.592	0.518	0.573	0.514	0.427	0.174	0.666	0.654	0.514	0.442	0.651	0.614	0.575	0.508	0.576	0.550	0.427	0.172	0.675	0.646	0.532	0.466	0.680	0.642	0.588	0.522	0.590	0.535	0.458	0.372	0.708	0.614	0.564	0.485	0.706	0.676	0.695	0.584
42:40:02	0.605	0.553	0.483	0.148	0.728	0.638	0.597	0.518	0.711	0.739	0.703	0.547	0.586	0.518	0.431	0.494	0.692	0.562	0.569	0.500	0.708	0.650	0.583	0.501	0.551	0.527	0.436	0.143	0.693	0.637	0.564	0.571	0.677	0.598	0.572	0.500	0.592	0.517	0.440	0.165	0.686	0.661	0.537	0.479	0.688	0.619	0.555	0.502	0.580	0.547	0.429	0.145	0.675	0.631	0.534	0.457	0.687	0.618	0.590	0.517	0.576	0.523	0.427	0.177	0.664	0.650	0.513	0.441	0.649	0.611	0.574	0.507	0.578	0.526	0.427	0.173	0.673	0.644	0.531	0.465	0.680	0.640	0.586	0.522	0.591	0.533	0.459	0.373	0.708	0.613	0.563	0.484	0.707	0.676	0.696	0.586
43:00:02	0.609	0.558	0.483	0.149	0.727	0.638	0.597	0.518	0.710	0.745	0.705	0.547	0.591	0.540	0.431	0.503	0.690	0.560	0.569	0.500	0.707	0.648	0.582	0.501	0.557	0.548	0.437	0.143	0.692	0.635	0.563	0.569	0.675	0.596	0.570	0.499	0.595	0.514	0.441	0.167	0.685	0.658	0.538	0.481	0.689	0.615	0.553	0.501	0.583	0.551	0.430	0.145	0.673	0.629	0.533	0.457	0.685	0.617	0.589	0.516	0.579	0.524	0.426	0.178	0.665	0.647	0.514	0.442	0.649	0.608	0.572	0.506	0.581	0.528	0.427	0.175	0.672	0.642	0.530	0.465	0.679	0.638	0.585	0.522	0.594	0.554	0.458	0.370	0.709	0.612	0.562	0.484	0.706	0.676	0.696	0.588
43:20:02	0.613	0.546	0.483	0.150	0.726	0.637	0.598	0.518	0.709	0.759	0.708	0.549	0.595	0.538	0.430	0.509	0.689	0.558	0.568	0.500	0.706	0.646	0.582	0.501	0.564	0.551	0.436	0.144	0.690	0.633	0.562	0.566	0.674	0.594	0.569	0.499	0.598	0.521	0.442	0.169	0.684	0.655	0.537	0.481	0.687	0.613	0.552	0.500	0.585	0.534	0.430	0.146	0.672	0.626	0.532	0.457	0.684	0.614	0.588	0.516	0.580	0.542	0.425	0.181	0.662	0.644	0.511	0.441	0.646	0.608	0.572	0.505	0.584	0.539	0.427	0.177	0.671	0.640	0.529	0.464	0.678	0.636	0.584	0.522	0.596	0.552	0.459	0.372	0.708	0.610	0.562	0.482	0.706	0.678	0.699	0.590
43:40:02	0.617	0.558	0.488	0.151	0.726	0.636	0.598	0.518	0.708	0.771	0.709	0.549	0.596	0.544	0.429	0.514	0.688	0.556	0.567	0.500	0.704	0.645	0.580	0.501	0.569	0.542	0.437	0.144	0.689	0.630	0.561	0.564	0.673	0.592	0.568	0.498	0.601	0.521	0.440	0.170	0.682	0.652	0.535	0.481	0.685	0.611	0.550	0.499	0.589	0.558	0.429	0.146	0.670	0.624	0.531	0.456	0.683	0.613	0.587	0.515	0.583	0.546	0.424	0.183	0.662	0.641	0.512	0.442	0.646	0.605	0.570	0.502	0.585	0.548	0.428	0.180	0.670	0.638	0.528	0.464	0.677	0.634	0.582	0.520	0.597	0.554	0.460	0.369	0.708	0.609	0.563	0.483	0.704	0.679	0.698	0.593
44:00:02	0.620	0.559	0.484	0.152	0.726	0.637	0.598	0.518	0.706	0.785	0.711	0.550	0.599	0.555	0.430	0.519	0.687	0.554	0.566	0.500	0.702	0.642	0.579	0.500	0.574	0.562	0.436	0.145	0.688	0.628	0.560	0.562	0.671	0.591	0.567	0.497	0.606	0.519	0.441	0.172	0.680	0.649	0.535	0.481	0.684	0.608	0.549	0.498	0.591	0.546	0.430	0.147	0.668	0.622	0.530	0.457	0.682	0.611	0.585	0.515	0.585	0.547	0.426	0.186	0.661	0.638	0.511	0.442	0.644	0.603	0.569	0.501	0.588	0.559	0.427	0.182	0.669	0.637	0.527	0.463	0.677	0.633	0.581	0.519	0.599	0.554	0.459	0.369	0.708	0.607	0.563	0.482	0.704	0.681	0.699	0.594
44:20:02	0.623	0.566	0.482	0.153	0.726	0.636	0.598	0.518	0.703	0.802	0.713	0.552	0.601	0.517	0.432	0.524	0.685	0.552	0.565	0.500	0.701	0.640	0.578	0.500	0.577	0.558	0.436	0.145	0.687	0.626	0.559	0.560	0.670	0.588	0.566	0.497	0.608	0.525	0.440	0.174	0.679	0.646	0.534	0.481	0.683	0.606	0.548	0.498	0.593	0.548	0.431	0.148	0.667	0.619	0.529	0.457	0.680	0.609	0.584	0.513	0.587	0.551	0.425	0.187	0.658	0.636	0.509	0.440	0.642	0.602	0.568	0.502	0.590	0.560	0.427	0.185	0.668	0.635	0.526	0.463	0.675	0.631	0.579	0.521	0.602	0.539	0.457	0.365	0.706	0.606	0.559	0.480	0.705	0.683	0.702	0.597
44:40:02	0.627	0.571	0.488	0.159	0.726	0.636	0.599	0.518	0.704	0.817	0.716	0.554	0.603	0.539	0.431	0.528	0.685	0.550	0.565	0.501	0.700	0.638	0.577	0.500	0.582	0.566	0.437	0.146	0.686	0.624	0.558	0.558	0.669	0.587	0.565	0.496	0.610	0.526	0.443	0.177	0.678	0.644	0.533	0.481	0.683	0.604	0.547	0.496	0.596	0.542	0.431	0.148	0.666	0.617	0.528	0.457	0.680	0.608	0.583	0.513	0.591	0.535	0.425	0.190	0.657	0.633	0.508	0.440	0.642	0.601	0.567	0.502	0.593	0.570	0.427	0.189	0.667	0.633	0.526	0.462	0.675	0.629	0.578	0.522	0.604	0.550	0.456	0.363	0.706	0.604	0.559	0.480	0.704	0.686	0.704	0.599
45:00:02	0.630	0.570	0.482	0.157	0.727	0.636	0.600	0.517	0.702	0.836	0.718	0.555	0.605	0.558	0.433	0.532	0.683	0.548	0.563	0.501	0.698	0.636	0.576	0.500	0.585	0.575	0.436	0.147	0.685	0.622	0.557	0.556	0.668	0.586	0.564	0.496	0.613	0.532	0.441	0.180	0.678	0.641	0.532	0.480	0.680	0.602	0.545	0.495	0.597	0.547	0.432	0.149	0.664	0.615	0.527	0.457	0.679	0.606	0.582	0.512	0.591	0.548	0.425	0.193	0.657	0.630	0.509	0.441	0.641	0.598	0.566	0.499	0.594	0.544	0.428	0.192	0.667	0.632	0.525	0.462	0.674	0.628	0.577	0.520	0.606	0.556	0.457	0.361	0.706	0.604	0.561	0.480	0.703	0.687	0.703	0.601
45:20:02	0.635	0.572	0.487	0.158	0.729	0.637	0.601	0.517	0.702	0.850	0.721	0.557	0.608	0.559	0.435	0.537	0.682	0.548	0.563	0.502	0.696	0.633	0.574	0.500	0.590	0.582	0.439	0.148	0.685	0.620	0.556	0.556	0.669	0.584	0.563	0.495	0.616	0.534	0.445	0.185	0.677	0.639	0.533	0.480	0.681	0.600	0.544	0.494	0.600	0.570	0.432	0.150	0.664	0.614	0.527	0.458	0.680	0.604	0.581	0.508	0.595	0.544	0.428	0.199	0.658	0.627	0.510	0.441	0.641	0.596	0.564	0.495	0.597	0.556	0.429	0.197	0.667	0.631	0.525	0.462	0.675	0.626	0.575	0.518	0.608	0.564	0.458	0.360	0.708	0.604	0.563	0.481	0.703	0.689	0.704	0.603
45:40:02	0.636	0.573	0.483	0.160	0.728	0.635	0.601	0.517	0.700	0.862	0.722	0.558	0.607	0.558	0.433	0.539	0.681	0.545	0.561	0.500	0.695	0.632	0.575	0.500	0.591	0.582	0.436	0.149	0.683	0.618	0.555	0.553	0.665	0.582	0.561	0.494	0.617	0.529	0.442	0.187	0.674	0.636	0.530	0.479	0.678	0.598	0.542	0.493	0.600	0.569	0.433	0.151	0.662	0.610	0.525	0.456	0.676	0.602	0.579	0.509	0.595	0.550	0.425	0.202	0.655	0.624	0.505	0.440	0.637	0.594	0.562	0.495	0.597	0.546	0.425	0.201	0.664	0.628	0.523	0.461	0.672	0.625	0.574	0.519	0.609	0.573	0.456	0.358	0.705	0.601	0.560	0.479	0.701	0.691	0.706	0.604
46:00:02	0.639	0.572	0.484	0.162	0.728	0.636	0.602	0.517	0.700	0.880	0.723	0.558	0.609	0.549	0.433	0.543	0.680	0.543	0.560	0.500	0.693	0.629	0.573	0.499	0.593	0.575	0.437	0.150	0.681	0.616	0.554	0.551	0.664	0.580	0.560	0.494	0.620	0.533	0.441	0.189	0.673	0.633	0.528	0.479	0.676	0.596	0.541	0.492	0.602	0.570	0.433	0.152	0.660	0.608	0.524	0.456	0.675	0.600	0.578	0.508	0.597	0.542	0.425	0.206	0.653	0.621	0.505	0.439	0.635	0.594	0.561	0.494	0.598	0.564	0.427	0.205	0.663	0.627	0.522	0.460	0.671	0.623	0.573	0.519	0.610	0.584	0.456	0.358	0.703	0.599	0.556	0.478	0.702	0.694	0.711	0.606
46:20:02	0.641	0.575	0.487	0.164	0.728	0.637	0.603	0.516	0.699	0.891	0.725	0.561	0.611	0.572	0.433	0.545	0.679	0.541	0.559	0.500	0.692	0.627	0.572	0.499	0.596	0.576	0.437	0.151	0.680	0.614	0.552	0.549	0.662	0.579	0.559	0.493	0.624	0.534	0.443	0.193	0.671	0.630	0.526	0.478	0.675	0.594	0.540	0.491	0.603	0.577	0.430	0.152	0.658	0.606	0.523	0.456	0.674	0.598	0.576	0.506	0.598	0.549	0.425	0.211	0.652	0.619	0.503	0.439	0.635	0.591	0.559	0.492	0.599	0.552	0.428	0.210	0.662	0.625	0.521	0.459	0.670	0.622	0.571	0.519	0.612	0.600	0.455	0.365	0.703	0.599	0.558	0.478	0.699	0.697	0.711	0.608

