Field Group

Plate Comment:	
Procedure Summary
  Plate Type:              Corning 96 well for LogPhase600
  Plate Number:            2
  Discontinuous Kinetics:  Runtime 02:00:00 (D:HH:MM), Interval 00:20:00 (HH:MM:SS), 145 Reads (max)
  Read:                    600 nm
  Incubator:               On
    Temperature setpoint:  30 °C
    Temperature gradient:  On
  Shaking:                 On
     Shaking frequency:    600 RPMs		
			
			

600

Time	A1	A2	A3	A4	A5	A6	A7	A8	A9	A10	A11	A12	B1	B2	B3	B4	B5	B6	B7	B8	B9	B10	B11	B12	C1	C2	C3	C4	C5	C6	C7	C8	C9	C10	C11	C12	D1	D2	D3	D4	D5	D6	D7	D8	D9	D10	D11	D12	E1	E2	E3	E4	E5	E6	E7	E8	E9	E10	E11	E12	F1	F2	F3	F4	F5	F6	F7	F8	F9	F10	F11	F12	G1	G2	G3	G4	G5	G6	G7	G8	G9	G10	G11	G12	H1	H2	H3	H4	H5	H6	H7	H8	H9	H10	H11	H12
0:00:00	0.123	0.259	0.136	0.134	0.138	0.139	0.143	0.146	0.147	0.144	0.142	0.138	0.142	0.146	0.136	0.132	0.147	0.141	0.141	0.140	0.138	0.140	0.148	0.142	0.144	0.144	0.153	0.141	0.117	0.152	0.148	0.144	0.141	0.142	0.145	0.142	0.142	0.143	0.135	0.145	0.155	0.168	0.145	0.152	0.154	0.161	0.151	0.143	0.138	0.144	0.135	0.149	0.142	0.144	0.138	0.142	0.143	0.143	0.140	0.139	0.139	0.135	0.141	0.136	0.146	0.140	0.139	0.143	0.143	0.145	0.145	0.137	0.143	0.142	0.132	0.134	0.145	0.149	0.139	0.139	0.139	0.146	0.142	0.145	0.133	0.141	0.135	0.132	0.145	0.163	0.139	0.138	0.148	0.140	0.140	0.141
0:20:00	0.123	0.252	0.136	0.135	0.137	0.139	0.143	0.146	0.147	0.144	0.141	0.138	0.142	0.146	0.135	0.133	0.147	0.141	0.141	0.140	0.138	0.140	0.147	0.141	0.143	0.144	0.152	0.142	0.118	0.152	0.148	0.143	0.142	0.142	0.145	0.142	0.142	0.143	0.135	0.145	0.155	0.168	0.149	0.151	0.154	0.161	0.151	0.143	0.138	0.144	0.135	0.148	0.142	0.144	0.138	0.141	0.144	0.144	0.140	0.138	0.139	0.135	0.139	0.135	0.145	0.140	0.139	0.143	0.143	0.146	0.145	0.136	0.143	0.142	0.131	0.134	0.144	0.150	0.139	0.139	0.140	0.146	0.141	0.145	0.134	0.141	0.135	0.132	0.145	0.164	0.139	0.137	0.148	0.140	0.140	0.141
0:40:00	0.123	0.250	0.135	0.135	0.137	0.139	0.143	0.146	0.147	0.144	0.141	0.138	0.142	0.145	0.135	0.133	0.147	0.141	0.141	0.140	0.139	0.140	0.147	0.141	0.143	0.144	0.152	0.142	0.118	0.152	0.147	0.143	0.142	0.142	0.145	0.142	0.142	0.143	0.135	0.145	0.155	0.169	0.149	0.152	0.154	0.161	0.151	0.143	0.138	0.144	0.135	0.148	0.142	0.144	0.137	0.141	0.144	0.144	0.140	0.138	0.139	0.135	0.139	0.135	0.145	0.141	0.139	0.143	0.144	0.146	0.145	0.136	0.142	0.142	0.131	0.134	0.144	0.151	0.139	0.139	0.140	0.147	0.141	0.145	0.134	0.141	0.135	0.132	0.146	0.164	0.139	0.138	0.148	0.140	0.140	0.141
1:00:00	0.123	0.248	0.135	0.134	0.137	0.139	0.143	0.146	0.147	0.144	0.141	0.138	0.142	0.145	0.135	0.132	0.146	0.141	0.142	0.140	0.139	0.140	0.148	0.141	0.143	0.144	0.152	0.142	0.118	0.152	0.147	0.143	0.143	0.143	0.145	0.142	0.142	0.143	0.135	0.145	0.155	0.170	0.149	0.152	0.155	0.160	0.151	0.143	0.138	0.143	0.135	0.148	0.142	0.145	0.137	0.141	0.145	0.144	0.140	0.138	0.139	0.135	0.139	0.135	0.146	0.141	0.140	0.143	0.144	0.146	0.145	0.136	0.142	0.141	0.131	0.133	0.145	0.152	0.140	0.140	0.141	0.147	0.142	0.145	0.134	0.140	0.135	0.132	0.147	0.166	0.139	0.138	0.149	0.140	0.141	0.141
1:20:00	0.122	0.245	0.135	0.135	0.138	0.140	0.144	0.146	0.148	0.145	0.141	0.137	0.143	0.146	0.134	0.132	0.146	0.141	0.143	0.141	0.140	0.140	0.149	0.141	0.143	0.144	0.152	0.142	0.119	0.153	0.147	0.144	0.144	0.143	0.145	0.142	0.142	0.142	0.135	0.146	0.157	0.176	0.148	0.152	0.157	0.160	0.152	0.144	0.138	0.143	0.134	0.147	0.143	0.145	0.138	0.142	0.146	0.146	0.141	0.139	0.139	0.135	0.139	0.134	0.147	0.141	0.140	0.143	0.146	0.148	0.145	0.137	0.142	0.141	0.131	0.134	0.147	0.154	0.140	0.139	0.143	0.150	0.142	0.145	0.134	0.140	0.135	0.132	0.147	0.170	0.141	0.138	0.150	0.141	0.142	0.141
1:40:00	0.123	0.247	0.135	0.134	0.138	0.140	0.145	0.146	0.150	0.145	0.143	0.138	0.142	0.145	0.134	0.132	0.147	0.141	0.145	0.141	0.140	0.141	0.150	0.141	0.143	0.143	0.151	0.142	0.120	0.152	0.148	0.144	0.146	0.144	0.147	0.142	0.142	0.143	0.135	0.145	0.158	0.173	0.150	0.152	0.157	0.160	0.153	0.144	0.138	0.142	0.134	0.147	0.144	0.146	0.138	0.142	0.146	0.146	0.141	0.139	0.138	0.135	0.139	0.135	0.149	0.142	0.141	0.144	0.147	0.149	0.146	0.137	0.141	0.141	0.131	0.133	0.148	0.157	0.141	0.140	0.143	0.151	0.143	0.146	0.134	0.140	0.135	0.132	0.149	0.173	0.141	0.138	0.152	0.141	0.144	0.141
2:00:00	0.123	0.244	0.135	0.134	0.139	0.140	0.147	0.146	0.150	0.145	0.145	0.138	0.142	0.144	0.134	0.132	0.147	0.141	0.146	0.141	0.141	0.141	0.152	0.141	0.143	0.143	0.151	0.142	0.121	0.152	0.149	0.145	0.147	0.144	0.148	0.142	0.142	0.142	0.135	0.144	0.159	0.173	0.151	0.152	0.160	0.161	0.155	0.144	0.138	0.143	0.134	0.147	0.145	0.146	0.139	0.142	0.148	0.148	0.143	0.140	0.138	0.134	0.139	0.134	0.152	0.143	0.143	0.144	0.149	0.151	0.148	0.137	0.142	0.140	0.131	0.133	0.149	0.161	0.143	0.141	0.145	0.154	0.145	0.146	0.134	0.140	0.135	0.132	0.148	0.179	0.143	0.139	0.154	0.142	0.147	0.142
2:20:00	0.122	0.245	0.135	0.134	0.139	0.141	0.149	0.146	0.151	0.146	0.148	0.138	0.142	0.144	0.134	0.132	0.147	0.142	0.150	0.141	0.142	0.142	0.157	0.141	0.142	0.143	0.151	0.142	0.122	0.152	0.151	0.146	0.150	0.145	0.151	0.142	0.142	0.143	0.135	0.144	0.160	0.174	0.153	0.152	0.162	0.161	0.157	0.144	0.138	0.142	0.134	0.146	0.146	0.146	0.141	0.142	0.149	0.151	0.144	0.140	0.138	0.134	0.138	0.134	0.153	0.144	0.146	0.144	0.151	0.154	0.150	0.138	0.141	0.140	0.131	0.133	0.152	0.165	0.146	0.142	0.148	0.158	0.148	0.146	0.134	0.140	0.134	0.132	0.152	0.183	0.146	0.139	0.157	0.143	0.151	0.142
2:40:00	0.122	0.244	0.135	0.134	0.140	0.142	0.152	0.147	0.153	0.147	0.153	0.139	0.142	0.145	0.133	0.132	0.147	0.142	0.154	0.142	0.145	0.143	0.163	0.142	0.142	0.143	0.151	0.141	0.123	0.154	0.153	0.148	0.152	0.146	0.154	0.143	0.142	0.142	0.135	0.145	0.162	0.180	0.154	0.153	0.164	0.163	0.162	0.146	0.138	0.142	0.134	0.146	0.147	0.148	0.143	0.143	0.153	0.154	0.148	0.141	0.138	0.134	0.138	0.134	0.153	0.146	0.150	0.145	0.153	0.158	0.154	0.138	0.141	0.140	0.131	0.133	0.155	0.173	0.150	0.142	0.150	0.165	0.152	0.147	0.134	0.140	0.134	0.132	0.154	0.189	0.151	0.140	0.161	0.145	0.158	0.143
3:00:00	0.122	0.243	0.135	0.135	0.141	0.144	0.160	0.148	0.156	0.149	0.159	0.139	0.142	0.145	0.134	0.132	0.148	0.143	0.153	0.143	0.148	0.145	0.173	0.143	0.142	0.143	0.151	0.141	0.123	0.156	0.158	0.151	0.154	0.147	0.160	0.143	0.142	0.142	0.135	0.145	0.164	0.180	0.159	0.154	0.166	0.164	0.168	0.147	0.138	0.142	0.134	0.146	0.149	0.150	0.148	0.144	0.157	0.159	0.152	0.143	0.138	0.135	0.138	0.134	0.156	0.149	0.158	0.146	0.156	0.163	0.159	0.139	0.141	0.140	0.131	0.133	0.156	0.179	0.158	0.143	0.152	0.172	0.158	0.148	0.134	0.140	0.134	0.132	0.158	0.193	0.160	0.141	0.165	0.148	0.168	0.145
3:20:00	0.121	0.243	0.135	0.134	0.143	0.146	0.166	0.149	0.155	0.150	0.166	0.140	0.142	0.145	0.134	0.132	0.149	0.145	0.157	0.144	0.150	0.147	0.183	0.144	0.142	0.143	0.151	0.141	0.125	0.156	0.165	0.156	0.159	0.148	0.167	0.144	0.141	0.142	0.135	0.145	0.164	0.181	0.167	0.155	0.168	0.167	0.175	0.147	0.138	0.142	0.134	0.146	0.152	0.151	0.155	0.144	0.162	0.167	0.158	0.144	0.138	0.135	0.139	0.134	0.159	0.152	0.170	0.146	0.159	0.170	0.165	0.141	0.141	0.140	0.131	0.133	0.161	0.183	0.169	0.145	0.158	0.180	0.164	0.150	0.134	0.140	0.134	0.133	0.162	0.203	0.171	0.143	0.171	0.151	0.176	0.146
3:40:00	0.121	0.243	0.135	0.134	0.144	0.148	0.180	0.150	0.161	0.153	0.172	0.141	0.142	0.145	0.134	0.132	0.151	0.146	0.172	0.145	0.153	0.150	0.195	0.145	0.142	0.143	0.151	0.141	0.128	0.157	0.175	0.163	0.162	0.151	0.174	0.145	0.141	0.142	0.135	0.145	0.168	0.181	0.178	0.156	0.168	0.170	0.184	0.149	0.137	0.141	0.134	0.146	0.154	0.155	0.166	0.145	0.166	0.171	0.164	0.147	0.138	0.135	0.138	0.134	0.160	0.155	0.181	0.148	0.164	0.174	0.171	0.142	0.141	0.140	0.131	0.133	0.166	0.192	0.181	0.147	0.165	0.189	0.170	0.152	0.133	0.139	0.135	0.133	0.170	0.209	0.184	0.145	0.175	0.156	0.183	0.149
4:00:00	0.121	0.244	0.134	0.134	0.146	0.152	0.190	0.152	0.162	0.156	0.177	0.143	0.142	0.145	0.133	0.132	0.152	0.146	0.186	0.146	0.158	0.153	0.204	0.146	0.142	0.143	0.151	0.141	0.131	0.159	0.187	0.174	0.167	0.153	0.180	0.147	0.141	0.142	0.135	0.144	0.168	0.182	0.191	0.158	0.174	0.174	0.191	0.151	0.137	0.141	0.133	0.146	0.158	0.159	0.179	0.146	0.168	0.174	0.171	0.149	0.138	0.135	0.138	0.134	0.167	0.162	0.200	0.150	0.168	0.179	0.175	0.144	0.140	0.140	0.131	0.133	0.172	0.203	0.203	0.150	0.168	0.198	0.176	0.154	0.133	0.139	0.134	0.133	0.177	0.222	0.207	0.147	0.179	0.160	0.190	0.152
4:20:00	0.121	0.242	0.134	0.134	0.149	0.155	0.208	0.154	0.165	0.160	0.180	0.145	0.142	0.144	0.133	0.132	0.154	0.148	0.204	0.149	0.165	0.156	0.211	0.148	0.142	0.143	0.151	0.141	0.131	0.161	0.205	0.186	0.171	0.157	0.183	0.149	0.141	0.141	0.135	0.144	0.169	0.183	0.214	0.160	0.176	0.180	0.197	0.154	0.137	0.141	0.133	0.146	0.163	0.165	0.202	0.148	0.174	0.179	0.175	0.153	0.138	0.134	0.138	0.134	0.171	0.167	0.227	0.152	0.171	0.195	0.178	0.148	0.140	0.140	0.131	0.133	0.178	0.218	0.229	0.153	0.170	0.211	0.180	0.158	0.134	0.140	0.134	0.133	0.183	0.232	0.232	0.150	0.187	0.168	0.201	0.155
4:40:01	0.121	0.244	0.134	0.134	0.150	0.160	0.238	0.158	0.171	0.164	0.180	0.148	0.142	0.144	0.133	0.132	0.155	0.151	0.225	0.151	0.169	0.164	0.217	0.150	0.142	0.143	0.150	0.141	0.140	0.163	0.231	0.207	0.176	0.164	0.186	0.151	0.141	0.141	0.135	0.144	0.174	0.183	0.240	0.164	0.181	0.184	0.204	0.157	0.137	0.141	0.133	0.145	0.165	0.168	0.233	0.151	0.181	0.202	0.179	0.159	0.138	0.134	0.138	0.134	0.178	0.169	0.252	0.156	0.174	0.207	0.180	0.152	0.141	0.140	0.131	0.133	0.197	0.226	0.253	0.158	0.173	0.230	0.184	0.163	0.134	0.139	0.134	0.133	0.201	0.254	0.258	0.155	0.197	0.174	0.213	0.161
5:00:00	0.124	0.208	0.134	0.133	0.151	0.165	0.263	0.162	0.177	0.173	0.181	0.152	0.142	0.144	0.133	0.132	0.152	0.152	0.254	0.154	0.173	0.171	0.222	0.153	0.142	0.143	0.150	0.142	0.145	0.166	0.253	0.232	0.186	0.169	0.187	0.154	0.141	0.142	0.134	0.143	0.176	0.182	0.268	0.168	0.182	0.186	0.211	0.162	0.138	0.141	0.133	0.145	0.169	0.168	0.254	0.154	0.187	0.208	0.182	0.167	0.138	0.134	0.138	0.134	0.198	0.183	0.281	0.162	0.188	0.221	0.182	0.159	0.140	0.140	0.131	0.133	0.216	0.256	0.282	0.166	0.183	0.243	0.189	0.170	0.134	0.140	0.134	0.133	0.218	0.273	0.286	0.162	0.209	0.178	0.227	0.168
5:20:01	0.121	0.239	0.134	0.134	0.155	0.173	0.291	0.169	0.182	0.183	0.181	0.157	0.142	0.144	0.134	0.132	0.157	0.156	0.281	0.159	0.183	0.178	0.233	0.159	0.142	0.143	0.150	0.141	0.155	0.173	0.283	0.257	0.198	0.171	0.189	0.158	0.141	0.141	0.134	0.144	0.193	0.184	0.295	0.175	0.186	0.201	0.223	0.170	0.137	0.141	0.133	0.145	0.196	0.174	0.279	0.158	0.207	0.222	0.185	0.177	0.138	0.134	0.138	0.134	0.213	0.198	0.316	0.167	0.202	0.238	0.181	0.167	0.139	0.140	0.130	0.133	0.233	0.278	0.313	0.173	0.197	0.265	0.193	0.180	0.133	0.139	0.134	0.132	0.242	0.295	0.323	0.170	0.224	0.185	0.240	0.178
5:40:01	0.123	0.235	0.134	0.133	0.168	0.184	0.320	0.177	0.187	0.186	0.181	0.165	0.142	0.143	0.135	0.131	0.165	0.160	0.312	0.165	0.196	0.187	0.238	0.166	0.142	0.143	0.149	0.141	0.180	0.178	0.315	0.287	0.213	0.183	0.191	0.165	0.141	0.142	0.134	0.143	0.209	0.187	0.332	0.185	0.191	0.212	0.236	0.181	0.137	0.141	0.134	0.145	0.204	0.192	0.304	0.163	0.229	0.243	0.190	0.191	0.138	0.134	0.138	0.134	0.238	0.212	0.350	0.177	0.211	0.258	0.183	0.180	0.140	0.140	0.131	0.133	0.259	0.303	0.346	0.185	0.212	0.295	0.202	0.194	0.134	0.139	0.134	0.133	0.264	0.321	0.354	0.180	0.239	0.199	0.259	0.190
6:00:01	0.121	0.240	0.134	0.134	0.177	0.186	0.350	0.188	0.199	0.198	0.181	0.175	0.142	0.144	0.134	0.131	0.179	0.171	0.344	0.175	0.212	0.202	0.249	0.175	0.142	0.143	0.150	0.141	0.186	0.189	0.345	0.323	0.226	0.200	0.193	0.174	0.141	0.141	0.134	0.144	0.219	0.188	0.361	0.197	0.199	0.226	0.252	0.195	0.137	0.141	0.133	0.145	0.229	0.204	0.331	0.171	0.243	0.261	0.196	0.212	0.138	0.134	0.138	0.134	0.260	0.226	0.367	0.187	0.230	0.276	0.183	0.194	0.140	0.140	0.131	0.133	0.286	0.320	0.365	0.198	0.228	0.311	0.210	0.210	0.133	0.139	0.134	0.133	0.289	0.348	0.375	0.193	0.255	0.214	0.274	0.208
6:20:01	0.121	0.250	0.135	0.134	0.191	0.198	0.369	0.202	0.213	0.211	0.181	0.187	0.142	0.143	0.136	0.132	0.186	0.175	0.367	0.186	0.226	0.218	0.256	0.187	0.142	0.143	0.149	0.141	0.217	0.192	0.373	0.351	0.243	0.212	0.195	0.187	0.141	0.142	0.134	0.143	0.246	0.206	0.373	0.212	0.221	0.238	0.270	0.215	0.137	0.141	0.134	0.145	0.254	0.218	0.346	0.184	0.255	0.287	0.204	0.241	0.137	0.135	0.138	0.134	0.284	0.247	0.381	0.203	0.246	0.297	0.184	0.216	0.140	0.140	0.131	0.133	0.314	0.353	0.376	0.216	0.245	0.331	0.222	0.235	0.133	0.139	0.134	0.132	0.318	0.373	0.388	0.212	0.276	0.231	0.293	0.231
6:40:01	0.121	0.250	0.134	0.134	0.210	0.213	0.377	0.220	0.229	0.224	0.180	0.204	0.141	0.143	0.135	0.131	0.204	0.194	0.378	0.201	0.242	0.231	0.264	0.202	0.142	0.143	0.150	0.141	0.241	0.208	0.384	0.368	0.252	0.222	0.198	0.203	0.141	0.141	0.134	0.143	0.256	0.213	0.383	0.233	0.234	0.259	0.284	0.241	0.137	0.141	0.134	0.145	0.273	0.235	0.357	0.201	0.269	0.309	0.215	0.274	0.138	0.135	0.138	0.134	0.306	0.268	0.391	0.222	0.262	0.318	0.185	0.242	0.140	0.139	0.131	0.133	0.333	0.379	0.388	0.239	0.261	0.357	0.234	0.262	0.134	0.139	0.134	0.133	0.349	0.398	0.400	0.231	0.300	0.249	0.311	0.255
7:00:01	0.121	0.245	0.134	0.134	0.230	0.226	0.384	0.240	0.243	0.242	0.180	0.221	0.141	0.143	0.135	0.131	0.220	0.191	0.385	0.221	0.257	0.248	0.277	0.221	0.142	0.143	0.149	0.141	0.267	0.220	0.395	0.375	0.264	0.245	0.202	0.225	0.140	0.141	0.134	0.143	0.270	0.232	0.392	0.252	0.250	0.279	0.304	0.268	0.137	0.141	0.134	0.145	0.298	0.258	0.367	0.227	0.289	0.328	0.226	0.310	0.137	0.135	0.138	0.134	0.324	0.291	0.398	0.245	0.278	0.338	0.187	0.271	0.140	0.139	0.131	0.133	0.358	0.407	0.397	0.257	0.277	0.383	0.247	0.287	0.134	0.138	0.134	0.133	0.382	0.426	0.412	0.251	0.323	0.270	0.340	0.279
7:20:01	0.121	0.251	0.134	0.134	0.253	0.245	0.392	0.260	0.260	0.261	0.180	0.242	0.141	0.143	0.135	0.131	0.238	0.199	0.393	0.245	0.272	0.270	0.292	0.243	0.142	0.143	0.149	0.141	0.289	0.239	0.405	0.383	0.284	0.265	0.207	0.248	0.140	0.141	0.134	0.143	0.289	0.236	0.397	0.271	0.260	0.293	0.324	0.291	0.137	0.141	0.133	0.145	0.324	0.274	0.379	0.256	0.316	0.357	0.238	0.338	0.137	0.135	0.138	0.134	0.353	0.313	0.405	0.269	0.294	0.361	0.188	0.299	0.140	0.139	0.131	0.133	0.385	0.432	0.406	0.282	0.295	0.411	0.261	0.313	0.134	0.139	0.134	0.133	0.415	0.455	0.423	0.274	0.351	0.295	0.354	0.309
7:40:01	0.121	0.256	0.134	0.134	0.278	0.262	0.400	0.281	0.280	0.283	0.181	0.260	0.141	0.143	0.135	0.131	0.257	0.220	0.401	0.266	0.286	0.293	0.308	0.264	0.142	0.143	0.148	0.141	0.309	0.249	0.416	0.391	0.309	0.280	0.215	0.272	0.140	0.141	0.134	0.143	0.313	0.269	0.405	0.291	0.280	0.318	0.342	0.310	0.137	0.141	0.133	0.145	0.352	0.297	0.387	0.285	0.347	0.385	0.253	0.357	0.137	0.135	0.138	0.134	0.386	0.331	0.411	0.298	0.316	0.386	0.191	0.324	0.139	0.139	0.131	0.133	0.697	0.456	0.411	0.310	0.317	0.440	0.282	0.336	0.133	0.138	0.134	0.133	0.457	0.486	0.434	0.301	0.375	0.320	0.359	0.334
8:00:01	0.121	0.256	0.134	0.134	0.309	0.285	0.407	0.307	0.301	0.310	0.183	0.279	0.141	0.142	0.135	0.131	0.282	0.236	0.408	0.286	0.302	0.319	0.320	0.282	0.142	0.143	0.148	0.141	0.338	0.272	0.425	0.398	0.340	0.311	0.222	0.291	0.140	0.141	0.133	0.141	0.337	0.283	0.413	0.316	0.302	0.343	0.353	0.329	0.137	0.141	0.134	0.144	0.380	0.319	0.394	0.332	0.371	0.414	0.270	0.366	0.137	0.134	0.137	0.134	0.438	0.353	0.415	0.325	0.344	0.416	0.195	0.348	0.140	0.139	0.131	0.133	0.678	0.494	0.425	0.329	0.345	0.470	0.312	0.357	0.134	0.138	0.134	0.133	0.478	0.519	0.449	0.318	0.405	0.344	0.366	0.353
8:20:01	0.121	0.258	0.134	0.134	0.341	0.314	0.417	0.321	0.319	0.338	0.186	0.304	0.141	0.143	0.135	0.131	0.305	0.257	0.417	0.315	0.328	0.347	0.336	0.308	0.142	0.143	0.148	0.141	0.366	0.299	0.433	0.406	0.368	0.338	0.232	0.315	0.140	0.141	0.134	0.143	0.365	0.303	0.418	0.333	0.329	0.365	0.365	0.343	0.137	0.141	0.133	0.144	0.418	0.345	0.400	0.354	0.604	0.443	0.287	0.378	0.137	0.134	0.137	0.134	0.739	0.376	0.421	0.340	0.372	0.614	0.200	0.365	0.139	0.139	0.131	0.133	0.609	0.526	0.431	0.341	0.377	0.509	0.339	0.375	0.134	0.138	0.134	0.133	0.517	0.564	0.456	0.330	0.573	0.370	0.367	0.369
8:40:01	0.121	0.259	0.134	0.134	0.375	0.341	0.424	0.335	0.342	0.369	0.191	0.317	0.141	0.143	0.134	0.131	0.329	0.281	0.426	0.331	0.353	0.371	0.345	0.325	0.142	0.143	0.148	0.141	0.408	0.313	0.441	0.415	0.393	0.368	0.243	0.331	0.140	0.141	0.134	0.143	0.399	0.326	0.425	0.346	0.357	0.394	0.370	0.361	0.137	0.141	0.133	0.144	0.436	0.372	0.406	0.360	0.566	0.470	0.304	0.383	0.137	0.134	0.137	0.134	0.697	0.404	0.427	0.353	0.393	0.648	0.208	0.378	0.139	0.139	0.131	0.133	0.579	0.572	0.440	0.345	0.401	0.552	0.351	0.383	0.134	0.138	0.134	0.133	0.563	0.635	0.463	0.341	0.554	0.402	0.373	0.376
9:00:01	0.121	0.257	0.134	0.134	0.408	0.373	0.432	0.340	0.368	0.402	0.197	0.335	0.141	0.143	0.135	0.131	0.354	0.309	0.436	0.344	0.382	0.401	0.350	0.341	0.142	0.143	0.147	0.141	0.444	0.339	0.450	0.423	0.416	0.395	0.257	0.345	0.140	0.141	0.134	0.142	0.428	0.351	0.432	0.356	0.385	0.421	0.377	0.370	0.137	0.141	0.133	0.144	0.518	0.398	0.414	0.364	0.546	0.503	0.317	0.386	0.137	0.134	0.137	0.134	0.638	0.446	0.432	0.359	0.594	0.601	0.217	0.388	0.139	0.139	0.131	0.133	0.579	0.627	0.445	0.354	0.427	0.587	0.360	0.390	0.134	0.138	0.134	0.133	0.637	0.696	0.470	0.349	0.561	0.432	0.380	0.387
9:20:01	0.121	0.258	0.134	0.134	0.448	0.407	0.438	0.343	0.397	0.434	0.204	0.341	0.141	0.142	0.135	0.131	0.377	0.338	0.445	0.350	0.410	0.430	0.355	0.348	0.142	0.143	0.147	0.141	0.487	0.365	0.459	0.433	0.448	0.423	0.275	0.355	0.140	0.141	0.134	0.142	0.500	0.375	0.442	0.365	0.413	0.450	0.387	0.378	0.137	0.141	0.133	0.144	0.562	0.426	0.420	0.369	0.533	0.536	0.330	0.391	0.137	0.134	0.137	0.134	0.611	0.669	0.437	0.366	0.553	0.590	0.228	0.392	0.139	0.139	0.131	0.133	0.585	0.698	0.452	0.357	0.465	0.651	0.365	0.393	0.133	0.139	0.134	0.133	0.709	0.755	0.474	0.354	0.554	0.461	0.390	0.393
9:40:01	0.121	0.257	0.133	0.134	0.492	0.440	0.442	0.346	0.426	0.465	0.210	0.345	0.141	0.142	0.134	0.131	0.424	0.365	0.450	0.352	0.440	0.462	0.359	0.355	0.142	0.143	0.147	0.141	0.519	0.396	0.465	0.439	0.482	0.450	0.298	0.361	0.140	0.141	0.134	0.142	0.560	0.402	0.450	0.372	0.436	0.478	0.399	0.384	0.137	0.141	0.133	0.144	0.589	0.457	0.424	0.370	0.533	0.583	0.338	0.396	0.137	0.134	0.137	0.134	0.613	0.632	0.445	0.370	0.536	0.594	0.241	0.399	0.139	0.139	0.131	0.133	0.590	0.744	0.456	0.369	0.482	0.728	0.367	0.400	0.133	0.138	0.134	0.133	0.753	0.792	0.478	0.358	0.560	0.495	0.400	0.399
10:00:01	0.121	0.256	0.133	0.134	0.508	0.472	0.445	0.351	0.457	0.496	0.219	0.350	0.141	0.142	0.135	0.131	0.460	0.397	0.455	0.357	0.477	0.493	0.369	0.358	0.142	0.143	0.147	0.141	0.577	0.427	0.471	0.439	0.513	0.476	0.317	0.366	0.140	0.141	0.134	0.142	0.601	0.428	0.456	0.376	0.459	0.501	0.412	0.390	0.137	0.141	0.133	0.144	0.655	0.484	0.428	0.373	0.535	0.626	0.344	0.400	0.137	0.134	0.137	0.134	0.618	0.597	0.449	0.375	0.529	0.602	0.260	0.404	0.139	0.139	0.131	0.133	0.596	0.769	0.459	0.370	0.519	0.759	0.370	0.405	0.133	0.138	0.134	0.133	0.784	0.784	0.481	0.365	0.565	0.527	0.411	0.404
10:20:01	0.121	0.256	0.133	0.134	0.542	0.508	0.448	0.351	0.490	0.525	0.231	0.353	0.141	0.142	0.135	0.131	0.504	0.432	0.459	0.360	0.503	0.516	0.377	0.364	0.142	0.143	0.147	0.141	0.621	0.459	0.477	0.449	0.543	0.508	0.334	0.370	0.140	0.141	0.134	0.142	0.658	0.458	0.462	0.380	0.490	0.538	0.422	0.395	0.137	0.141	0.133	0.144	0.691	0.508	0.432	0.376	0.543	0.695	0.351	0.403	0.137	0.134	0.137	0.134	0.623	0.589	0.454	0.379	0.537	0.607	0.285	0.409	0.139	0.138	0.131	0.133	0.605	0.753	0.464	0.375	0.557	0.773	0.375	0.409	0.133	0.138	0.134	0.133	0.763	0.781	0.487	0.369	0.574	0.557	0.421	0.405
10:40:01	0.121	0.252	0.133	0.134	0.576	0.533	0.452	0.354	0.504	0.542	0.245	0.357	0.141	0.141	0.135	0.131	0.538	0.466	0.464	0.366	0.539	0.539	0.387	0.366	0.141	0.143	0.147	0.141	0.670	0.497	0.483	0.454	0.590	0.533	0.347	0.374	0.140	0.141	0.134	0.142	0.695	0.491	0.468	0.383	0.528	0.589	0.430	0.399	0.137	0.141	0.133	0.143	0.734	0.571	0.436	0.379	0.547	0.717	0.359	0.407	0.137	0.134	0.137	0.134	0.631	0.596	0.459	0.380	0.544	0.614	0.308	0.413	0.139	0.138	0.131	0.133	0.611	0.757	0.467	0.377	0.610	0.762	0.382	0.411	0.133	0.138	0.134	0.133	0.774	0.790	0.492	0.366	0.585	0.616	0.432	0.409
11:00:01	0.119	0.252	0.133	0.134	0.641	0.549	0.455	0.355	0.530	0.573	0.262	0.356	0.141	0.141	0.135	0.131	0.583	0.497	0.468	0.367	0.583	0.574	0.397	0.368	0.141	0.143	0.147	0.141	0.715	0.522	0.488	0.459	0.650	0.564	0.352	0.379	0.140	0.141	0.134	0.142	0.738	0.524	0.472	0.389	0.566	0.634	0.436	0.404	0.137	0.140	0.133	0.143	0.742	0.574	0.441	0.383	0.554	0.764	0.366	0.413	0.137	0.134	0.137	0.134	0.638	0.599	0.463	0.385	0.553	0.621	0.328	0.415	0.138	0.138	0.131	0.133	0.618	0.773	0.470	0.378	0.666	0.761	0.389	0.414	0.133	0.138	0.134	0.133	0.781	0.785	0.498	0.364	0.592	0.689	0.441	0.413
11:20:01	0.119	0.241	0.133	0.134	0.686	0.580	0.459	0.358	0.569	0.618	0.279	0.359	0.141	0.141	0.135	0.131	0.637	0.527	0.472	0.372	0.640	0.622	0.406	0.373	0.141	0.143	0.147	0.141	0.733	0.539	0.494	0.467	0.700	0.617	0.357	0.383	0.140	0.141	0.134	0.142	0.769	0.544	0.479	0.394	0.613	0.688	0.443	0.407	0.136	0.141	0.133	0.143	0.758	0.594	0.446	0.387	0.561	0.774	0.375	0.416	0.137	0.135	0.137	0.134	0.644	0.607	0.466	0.388	0.559	0.630	0.339	0.421	0.139	0.138	0.131	0.133	0.625	0.786	0.474	0.381	0.696	0.776	0.397	0.418	0.134	0.138	0.134	0.133	0.774	0.802	0.503	0.373	0.599	0.755	0.449	0.415
11:40:01	0.119	0.247	0.133	0.134	0.728	0.630	0.461	0.357	0.639	0.694	0.298	0.360	0.141	0.141	0.135	0.130	0.696	0.558	0.475	0.376	0.695	0.684	0.415	0.374	0.141	0.143	0.147	0.141	0.762	0.570	0.500	0.473	0.707	0.668	0.362	0.387	0.140	0.140	0.134	0.142	0.775	0.575	0.483	0.397	0.673	0.737	0.448	0.411	0.137	0.140	0.133	0.143	0.734	0.629	0.451	0.387	0.565	0.771	0.382	0.419	0.137	0.134	0.137	0.134	0.651	0.614	0.469	0.391	0.563	0.637	0.348	0.424	0.138	0.138	0.131	0.133	0.629	0.780	0.478	0.381	0.700	0.774	0.407	0.421	0.133	0.138	0.134	0.133	0.782	0.820	0.508	0.372	0.606	0.796	0.457	0.420
12:00:01	0.119	0.248	0.133	0.134	0.756	0.700	0.465	0.359	0.693	0.756	0.312	0.361	0.141	0.141	0.135	0.131	0.730	0.572	0.478	0.373	0.690	0.726	0.423	0.376	0.141	0.143	0.147	0.141	0.763	0.608	0.506	0.477	0.715	0.730	0.367	0.390	0.140	0.141	0.134	0.142	0.765	0.626	0.487	0.400	0.721	0.784	0.455	0.416	0.136	0.140	0.133	0.143	0.750	0.662	0.455	0.392	0.575	0.760	0.388	0.422	0.137	0.135	0.137	0.134	0.657	0.621	0.472	0.393	0.570	0.643	0.357	0.427	0.138	0.138	0.131	0.133	0.634	0.775	0.481	0.383	0.722	0.786	0.416	0.424	0.133	0.138	0.134	0.133	0.760	0.812	0.513	0.373	0.614	0.792	0.464	0.424
12:20:01	0.120	0.248	0.132	0.133	0.746	0.753	0.465	0.358	0.693	0.786	0.322	0.361	0.141	0.141	0.135	0.130	0.755	0.591	0.479	0.377	0.729	0.759	0.428	0.376	0.142	0.143	0.146	0.141	0.750	0.673	0.512	0.481	0.721	0.774	0.371	0.392	0.140	0.140	0.133	0.141	0.765	0.684	0.494	0.403	0.722	0.785	0.462	0.419	0.136	0.140	0.133	0.142	0.743	0.693	0.459	0.394	0.582	0.759	0.393	0.423	0.137	0.134	0.137	0.134	0.661	0.629	0.474	0.395	0.579	0.650	0.365	0.429	0.138	0.138	0.130	0.133	0.639	0.809	0.486	0.384	0.735	0.795	0.426	0.428	0.133	0.138	0.134	0.133	0.736	0.777	0.520	0.375	0.626	0.784	0.475	0.431
12:40:01	0.120	0.242	0.132	0.133	0.762	0.764	0.467	0.359	0.717	0.766	0.331	0.362	0.140	0.140	0.135	0.131	0.761	0.625	0.481	0.380	0.738	0.759	0.435	0.380	0.142	0.143	0.146	0.141	0.769	0.715	0.517	0.485	0.729	0.764	0.377	0.395	0.140	0.141	0.133	0.141	0.766	0.735	0.499	0.403	0.732	0.774	0.469	0.423	0.136	0.140	0.133	0.142	0.753	0.718	0.463	0.394	0.587	0.749	0.398	0.425	0.137	0.134	0.137	0.135	0.665	0.636	0.476	0.395	0.587	0.656	0.372	0.433	0.138	0.138	0.131	0.133	0.644	0.804	0.488	0.386	0.745	0.811	0.433	0.430	0.133	0.138	0.134	0.133	0.733	0.761	0.523	0.376	0.638	0.775	0.481	0.437
13:00:01	0.120	0.248	0.132	0.133	0.782	0.766	0.469	0.359	0.755	0.777	0.339	0.363	0.140	0.140	0.135	0.130	0.749	0.673	0.483	0.382	0.741	0.762	0.442	0.382	0.142	0.143	0.146	0.141	0.774	0.758	0.522	0.488	0.739	0.747	0.383	0.399	0.140	0.140	0.133	0.141	0.772	0.774	0.503	0.407	0.749	0.768	0.475	0.427	0.136	0.140	0.133	0.142	0.769	0.723	0.468	0.395	0.594	0.752	0.403	0.428	0.137	0.134	0.137	0.134	0.669	0.644	0.479	0.394	0.594	0.662	0.380	0.434	0.138	0.138	0.131	0.133	0.651	0.790	0.490	0.388	0.764	0.836	0.441	0.433	0.133	0.137	0.134	0.133	0.733	0.769	0.527	0.377	0.651	0.784	0.487	0.441
13:20:01	0.120	0.250	0.132	0.133	0.774	0.762	0.470	0.361	0.767	0.772	0.346	0.365	0.140	0.140	0.134	0.130	0.767	0.728	0.485	0.385	0.759	0.761	0.448	0.383	0.142	0.143	0.146	0.141	0.777	0.765	0.527	0.492	0.762	0.763	0.390	0.402	0.139	0.140	0.133	0.141	0.789	0.779	0.506	0.402	0.745	0.797	0.482	0.431	0.137	0.140	0.133	0.142	0.769	0.734	0.471	0.398	0.604	0.753	0.408	0.430	0.137	0.134	0.137	0.134	0.672	0.651	0.481	0.398	0.601	0.666	0.388	0.437	0.138	0.137	0.130	0.133	0.657	0.799	0.493	0.390	0.765	0.847	0.447	0.435	0.133	0.138	0.134	0.133	0.745	0.770	0.529	0.376	0.667	0.796	0.494	0.446
13:40:01	0.120	0.251	0.132	0.134	0.795	0.803	0.475	0.363	0.719	0.777	0.357	0.369	0.140	0.141	0.134	0.131	0.782	0.760	0.489	0.388	0.752	0.789	0.457	0.389	0.141	0.143	0.146	0.141	0.784	0.761	0.531	0.497	0.774	0.759	0.397	0.407	0.139	0.140	0.134	0.142	0.790	0.766	0.506	0.405	0.748	0.781	0.488	0.436	0.136	0.140	0.133	0.142	0.768	0.749	0.475	0.399	0.612	0.757	0.414	0.435	0.137	0.135	0.137	0.134	0.675	0.657	0.483	0.398	0.606	0.671	0.395	0.438	0.138	0.138	0.131	0.133	0.666	0.779	0.494	0.387	0.758	0.835	0.452	0.436	0.133	0.138	0.133	0.133	0.750	0.770	0.529	0.374	0.677	0.817	0.498	0.449
14:00:01	0.120	0.249	0.132	0.133	0.759	0.801	0.472	0.363	0.729	0.784	0.364	0.368	0.140	0.140	0.134	0.130	0.788	0.779	0.488	0.384	0.728	0.779	0.462	0.389	0.141	0.143	0.146	0.141	0.776	0.765	0.533	0.501	0.781	0.777	0.402	0.408	0.140	0.140	0.133	0.141	0.777	0.775	0.512	0.406	0.768	0.789	0.495	0.439	0.137	0.140	0.132	0.142	0.770	0.761	0.478	0.397	0.620	0.757	0.419	0.437	0.137	0.134	0.137	0.134	0.677	0.664	0.484	0.398	0.613	0.679	0.405	0.441	0.138	0.137	0.130	0.132	0.676	0.757	0.497	0.390	0.742	0.779	0.460	0.440	0.133	0.137	0.133	0.133	0.751	0.771	0.534	0.378	0.687	0.823	0.505	0.454
14:20:01	0.120	0.252	0.132	0.134	0.727	0.813	0.475	0.365	0.733	0.810	0.377	0.373	0.141	0.141	0.133	0.131	0.790	0.764	0.492	0.389	0.731	0.798	0.470	0.395	0.141	0.143	0.146	0.141	0.779	0.773	0.537	0.502	0.787	0.776	0.408	0.413	0.140	0.140	0.134	0.142	0.785	0.766	0.511	0.408	0.781	0.787	0.501	0.444	0.136	0.140	0.132	0.142	0.779	0.767	0.481	0.398	0.626	0.767	0.425	0.442	0.137	0.135	0.136	0.134	0.679	0.670	0.486	0.398	0.618	0.682	0.411	0.443	0.138	0.137	0.131	0.133	0.686	0.745	0.497	0.388	0.719	0.746	0.465	0.440	0.133	0.137	0.133	0.133	0.751	0.769	0.532	0.374	0.698	0.805	0.509	0.456
14:40:01	0.122	0.220	0.132	0.133	0.731	0.820	0.475	0.366	0.733	0.836	0.386	0.372	0.141	0.140	0.133	0.130	0.786	0.792	0.492	0.392	0.739	0.794	0.473	0.394	0.142	0.143	0.146	0.142	0.799	0.800	0.539	0.506	0.780	0.773	0.413	0.415	0.140	0.141	0.134	0.141	0.783	0.779	0.517	0.410	0.788	0.789	0.508	0.446	0.137	0.140	0.133	0.142	0.791	0.771	0.483	0.400	0.634	0.774	0.430	0.443	0.137	0.134	0.137	0.135	0.681	0.675	0.486	0.399	0.625	0.688	0.419	0.445	0.138	0.138	0.131	0.132	0.693	0.743	0.501	0.393	0.716	0.744	0.471	0.444	0.133	0.137	0.134	0.134	0.752	0.770	0.537	0.379	0.709	0.767	0.517	0.460
15:00:01	0.121	0.255	0.132	0.133	0.739	0.764	0.472	0.367	0.735	0.842	0.394	0.374	0.140	0.140	0.134	0.130	0.792	0.803	0.490	0.393	0.738	0.808	0.481	0.397	0.141	0.143	0.146	0.141	0.807	0.801	0.541	0.510	0.744	0.784	0.419	0.419	0.139	0.140	0.133	0.141	0.793	0.790	0.517	0.414	0.789	0.808	0.513	0.449	0.136	0.140	0.132	0.142	0.808	0.781	0.484	0.399	0.637	0.801	0.436	0.446	0.137	0.134	0.137	0.134	0.681	0.679	0.487	0.399	0.632	0.692	0.426	0.447	0.138	0.137	0.130	0.132	0.701	0.743	0.501	0.393	0.716	0.744	0.478	0.447	0.133	0.137	0.133	0.133	0.750	0.770	0.539	0.382	0.715	0.752	0.520	0.465
15:20:01	0.120	0.250	0.132	0.134	0.748	0.735	0.477	0.370	0.736	0.769	0.410	0.381	0.140	0.141	0.133	0.130	0.811	0.802	0.493	0.394	0.738	0.819	0.488	0.403	0.141	0.143	0.146	0.141	0.814	0.796	0.544	0.511	0.715	0.804	0.424	0.424	0.139	0.140	0.134	0.142	0.809	0.796	0.519	0.414	0.787	0.835	0.517	0.453	0.136	0.140	0.132	0.142	0.797	0.782	0.485	0.398	0.640	0.817	0.440	0.451	0.137	0.135	0.136	0.134	0.685	0.684	0.488	0.399	0.638	0.696	0.432	0.449	0.137	0.137	0.130	0.133	0.706	0.743	0.499	0.391	0.717	0.744	0.481	0.448	0.133	0.137	0.133	0.133	0.748	0.769	0.537	0.379	0.722	0.753	0.522	0.467
15:40:01	0.121	0.248	0.132	0.133	0.752	0.744	0.473	0.369	0.736	0.757	0.417	0.380	0.140	0.140	0.135	0.130	0.801	0.789	0.490	0.400	0.739	0.804	0.490	0.402	0.141	0.143	0.145	0.141	0.811	0.804	0.546	0.514	0.712	0.831	0.430	0.426	0.140	0.140	0.133	0.141	0.822	0.794	0.521	0.415	0.785	0.851	0.521	0.456	0.136	0.140	0.132	0.142	0.804	0.787	0.485	0.400	0.643	0.830	0.445	0.453	0.137	0.134	0.136	0.134	0.692	0.688	0.489	0.402	0.641	0.701	0.439	0.451	0.137	0.137	0.130	0.132	0.708	0.742	0.502	0.396	0.719	0.745	0.487	0.452	0.133	0.137	0.133	0.133	0.749	0.770	0.541	0.386	0.730	0.752	0.528	0.472
16:00:01	0.122	0.217	0.132	0.133	0.758	0.758	0.478	0.371	0.738	0.755	0.429	0.383	0.141	0.140	0.133	0.130	0.790	0.792	0.493	0.399	0.740	0.790	0.494	0.404	0.141	0.143	0.145	0.142	0.814	0.814	0.547	0.517	0.714	0.843	0.435	0.429	0.139	0.141	0.134	0.141	0.840	0.795	0.523	0.418	0.782	0.856	0.525	0.458	0.136	0.140	0.132	0.141	0.812	0.788	0.488	0.401	0.646	0.842	0.450	0.454	0.137	0.134	0.136	0.134	0.702	0.691	0.489	0.404	0.646	0.706	0.445	0.453	0.137	0.138	0.130	0.132	0.710	0.742	0.504	0.398	0.722	0.747	0.490	0.454	0.133	0.137	0.133	0.134	0.748	0.770	0.543	0.389	0.736	0.751	0.532	0.474
16:20:01	0.121	0.250	0.132	0.134	0.764	0.757	0.475	0.372	0.739	0.754	0.437	0.386	0.141	0.140	0.134	0.130	0.763	0.806	0.491	0.400	0.741	0.787	0.498	0.407	0.141	0.143	0.146	0.141	0.808	0.825	0.549	0.518	0.719	0.848	0.442	0.434	0.139	0.140	0.133	0.141	0.849	0.803	0.526	0.421	0.777	0.859	0.530	0.462	0.137	0.140	0.132	0.142	0.826	0.791	0.487	0.401	0.648	0.846	0.456	0.459	0.137	0.134	0.136	0.134	0.707	0.694	0.490	0.405	0.650	0.706	0.452	0.456	0.138	0.137	0.131	0.132	0.714	0.741	0.504	0.401	0.722	0.747	0.496	0.458	0.133	0.137	0.133	0.133	0.747	0.770	0.544	0.392	0.741	0.750	0.535	0.478
16:40:01	0.121	0.216	0.132	0.134	0.770	0.756	0.486	0.375	0.743	0.755	0.453	0.392	0.141	0.141	0.133	0.131	0.755	0.812	0.499	0.406	0.741	0.784	0.503	0.413	0.141	0.143	0.146	0.141	0.817	0.828	0.550	0.523	0.722	0.854	0.448	0.438	0.139	0.140	0.134	0.142	0.857	0.820	0.526	0.425	0.749	0.860	0.533	0.464	0.136	0.139	0.132	0.141	0.836	0.792	0.490	0.402	0.650	0.849	0.460	0.460	0.137	0.134	0.136	0.134	0.712	0.700	0.490	0.407	0.659	0.708	0.458	0.457	0.137	0.137	0.130	0.133	0.713	0.741	0.504	0.398	0.724	0.748	0.497	0.457	0.132	0.137	0.133	0.133	0.745	0.769	0.543	0.389	0.749	0.749	0.537	0.478
17:00:01	0.120	0.251	0.132	0.134	0.767	0.754	0.479	0.374	0.746	0.755	0.459	0.389	0.140	0.140	0.134	0.130	0.715	0.761	0.494	0.401	0.740	0.756	0.506	0.411	0.141	0.143	0.145	0.141	0.804	0.776	0.552	0.524	0.726	0.843	0.453	0.441	0.139	0.140	0.133	0.141	0.864	0.837	0.528	0.425	0.720	0.826	0.538	0.467	0.137	0.140	0.132	0.142	0.834	0.792	0.490	0.404	0.654	0.852	0.467	0.464	0.137	0.134	0.136	0.134	0.724	0.705	0.491	0.409	0.664	0.710	0.466	0.460	0.138	0.137	0.130	0.132	0.716	0.741	0.506	0.405	0.725	0.749	0.504	0.462	0.133	0.137	0.133	0.133	0.745	0.770	0.547	0.398	0.763	0.750	0.543	0.483
17:20:01	0.122	0.219	0.132	0.134	0.770	0.754	0.490	0.378	0.752	0.756	0.474	0.397	0.141	0.141	0.132	0.130	0.727	0.726	0.503	0.411	0.741	0.747	0.512	0.417	0.141	0.143	0.146	0.141	0.785	0.760	0.554	0.527	0.727	0.753	0.459	0.444	0.139	0.139	0.134	0.142	0.866	0.844	0.529	0.428	0.719	0.770	0.541	0.469	0.136	0.139	0.132	0.141	0.806	0.791	0.492	0.406	0.658	0.853	0.471	0.465	0.137	0.134	0.136	0.134	0.740	0.706	0.492	0.410	0.672	0.711	0.472	0.461	0.137	0.137	0.130	0.133	0.715	0.741	0.505	0.402	0.725	0.749	0.505	0.461	0.133	0.137	0.133	0.133	0.742	0.768	0.546	0.395	0.769	0.749	0.545	0.483
17:40:01	0.121	0.253	0.132	0.133	0.766	0.751	0.484	0.376	0.757	0.754	0.478	0.393	0.140	0.140	0.133	0.130	0.740	0.727	0.498	0.403	0.739	0.746	0.514	0.416	0.141	0.143	0.145	0.141	0.749	0.765	0.554	0.527	0.728	0.734	0.464	0.447	0.139	0.140	0.133	0.141	0.834	0.851	0.533	0.429	0.722	0.744	0.547	0.470	0.136	0.140	0.132	0.141	0.768	0.784	0.491	0.407	0.661	0.857	0.476	0.471	0.137	0.134	0.136	0.134	0.732	0.707	0.493	0.412	0.674	0.711	0.480	0.464	0.138	0.137	0.130	0.133	0.726	0.739	0.507	0.408	0.727	0.748	0.511	0.466	0.133	0.136	0.133	0.133	0.742	0.768	0.550	0.404	0.768	0.751	0.550	0.486
18:00:01	0.122	0.249	0.132	0.133	0.766	0.751	0.488	0.377	0.762	0.754	0.488	0.396	0.140	0.140	0.133	0.130	0.752	0.737	0.500	0.405	0.736	0.746	0.518	0.417	0.141	0.143	0.145	0.141	0.740	0.773	0.555	0.529	0.729	0.732	0.470	0.450	0.139	0.139	0.133	0.141	0.785	0.856	0.533	0.432	0.726	0.743	0.550	0.476	0.136	0.140	0.132	0.141	0.731	0.776	0.491	0.408	0.665	0.861	0.480	0.469	0.136	0.134	0.136	0.134	0.740	0.708	0.493	0.413	0.678	0.713	0.487	0.465	0.138	0.137	0.130	0.132	0.738	0.739	0.506	0.409	0.726	0.748	0.514	0.468	0.133	0.137	0.133	0.133	0.741	0.768	0.552	0.406	0.771	0.751	0.553	0.487
18:20:01	0.121	0.256	0.132	0.134	0.767	0.751	0.495	0.379	0.767	0.755	0.501	0.403	0.140	0.140	0.133	0.130	0.760	0.747	0.506	0.407	0.735	0.746	0.524	0.424	0.141	0.143	0.145	0.141	0.738	0.772	0.556	0.534	0.728	0.732	0.476	0.454	0.139	0.139	0.134	0.142	0.753	0.855	0.532	0.436	0.729	0.745	0.553	0.476	0.136	0.140	0.132	0.141	0.720	0.771	0.491	0.412	0.668	0.867	0.484	0.476	0.136	0.134	0.135	0.134	0.735	0.710	0.494	0.411	0.680	0.718	0.492	0.467	0.137	0.137	0.130	0.132	0.738	0.737	0.505	0.409	0.725	0.746	0.517	0.468	0.132	0.137	0.133	0.133	0.738	0.763	0.551	0.403	0.767	0.750	0.554	0.487
18:40:01	0.122	0.247	0.132	0.133	0.766	0.750	0.495	0.379	0.766	0.755	0.507	0.401	0.140	0.139	0.134	0.130	0.764	0.754	0.504	0.406	0.733	0.746	0.525	0.423	0.141	0.143	0.145	0.141	0.738	0.771	0.557	0.537	0.728	0.733	0.480	0.456	0.139	0.139	0.133	0.140	0.745	0.827	0.535	0.439	0.730	0.746	0.557	0.480	0.136	0.140	0.132	0.141	0.720	0.770	0.492	0.412	0.675	0.872	0.488	0.474	0.136	0.134	0.136	0.134	0.734	0.711	0.496	0.417	0.685	0.727	0.499	0.469	0.138	0.137	0.130	0.133	0.740	0.735	0.508	0.414	0.724	0.745	0.522	0.472	0.133	0.136	0.133	0.133	0.738	0.763	0.557	0.413	0.765	0.751	0.559	0.489
19:00:01	0.122	0.247	0.132	0.133	0.768	0.750	0.499	0.380	0.769	0.756	0.514	0.404	0.140	0.140	0.134	0.130	0.765	0.756	0.508	0.406	0.732	0.745	0.527	0.422	0.141	0.143	0.145	0.141	0.740	0.770	0.559	0.540	0.728	0.734	0.484	0.458	0.139	0.139	0.133	0.141	0.746	0.784	0.537	0.439	0.733	0.748	0.559	0.482	0.136	0.140	0.132	0.141	0.723	0.768	0.493	0.414	0.683	0.875	0.491	0.479	0.137	0.134	0.136	0.134	0.734	0.715	0.494	0.417	0.694	0.730	0.506	0.471	0.137	0.137	0.130	0.133	0.741	0.735	0.508	0.416	0.723	0.744	0.525	0.473	0.133	0.136	0.133	0.133	0.737	0.762	0.560	0.416	0.763	0.751	0.562	0.491
19:20:01	0.124	0.219	0.132	0.133	0.770	0.750	0.508	0.382	0.769	0.756	0.524	0.409	0.141	0.140	0.133	0.130	0.762	0.756	0.514	0.413	0.730	0.744	0.528	0.429	0.141	0.143	0.145	0.141	0.739	0.767	0.560	0.542	0.727	0.735	0.488	0.461	0.139	0.140	0.134	0.141	0.746	0.759	0.540	0.442	0.734	0.749	0.561	0.482	0.136	0.139	0.132	0.140	0.724	0.763	0.496	0.415	0.691	0.874	0.494	0.479	0.137	0.134	0.135	0.134	0.739	0.716	0.494	0.418	0.702	0.737	0.512	0.472	0.137	0.137	0.130	0.133	0.742	0.733	0.510	0.419	0.722	0.742	0.528	0.475	0.133	0.137	0.133	0.134	0.736	0.760	0.563	0.420	0.755	0.750	0.565	0.491
19:40:01	0.122	0.221	0.132	0.133	0.770	0.749	0.514	0.384	0.769	0.755	0.532	0.412	0.140	0.140	0.133	0.130	0.761	0.754	0.516	0.410	0.729	0.743	0.530	0.433	0.141	0.143	0.146	0.141	0.738	0.766	0.561	0.545	0.726	0.736	0.492	0.463	0.139	0.140	0.134	0.141	0.747	0.751	0.543	0.444	0.734	0.750	0.564	0.487	0.136	0.139	0.132	0.140	0.726	0.763	0.495	0.416	0.693	0.869	0.497	0.484	0.137	0.134	0.136	0.134	0.739	0.728	0.496	0.421	0.701	0.739	0.517	0.474	0.137	0.137	0.130	0.133	0.742	0.731	0.509	0.421	0.720	0.740	0.529	0.475	0.133	0.136	0.133	0.133	0.735	0.759	0.566	0.424	0.754	0.749	0.567	0.492
20:00:01	0.120	0.256	0.132	0.134	0.773	0.748	0.517	0.386	0.773	0.753	0.542	0.417	0.140	0.140	0.133	0.130	0.759	0.753	0.521	0.413	0.726	0.742	0.535	0.438	0.141	0.143	0.147	0.141	0.739	0.766	0.563	0.547	0.724	0.736	0.497	0.467	0.139	0.139	0.134	0.141	0.749	0.751	0.545	0.446	0.734	0.750	0.566	0.489	0.136	0.140	0.132	0.140	0.728	0.768	0.495	0.418	0.701	0.850	0.500	0.486	0.136	0.134	0.135	0.134	0.734	0.733	0.497	0.422	0.710	0.741	0.522	0.473	0.137	0.136	0.130	0.133	0.736	0.728	0.506	0.421	0.718	0.737	0.533	0.476	0.132	0.136	0.133	0.133	0.732	0.755	0.565	0.421	0.751	0.746	0.566	0.492
20:20:01	0.121	0.248	0.132	0.133	0.773	0.746	0.517	0.386	0.772	0.752	0.546	0.417	0.140	0.140	0.134	0.130	0.757	0.750	0.520	0.412	0.724	0.739	0.534	0.440	0.141	0.143	0.146	0.141	0.738	0.763	0.564	0.548	0.722	0.736	0.501	0.469	0.139	0.139	0.133	0.140	0.748	0.751	0.547	0.449	0.732	0.749	0.569	0.492	0.136	0.140	0.132	0.140	0.727	0.776	0.495	0.419	0.702	0.822	0.503	0.488	0.136	0.134	0.135	0.134	0.737	0.736	0.497	0.421	0.704	0.742	0.528	0.476	0.137	0.137	0.130	0.133	0.739	0.727	0.509	0.424	0.716	0.735	0.537	0.478	0.133	0.136	0.133	0.133	0.733	0.755	0.571	0.431	0.763	0.745	0.569	0.494
20:40:01	0.120	0.242	0.132	0.134	0.776	0.745	0.529	0.391	0.774	0.751	0.557	0.426	0.140	0.140	0.133	0.130	0.755	0.749	0.526	0.413	0.723	0.737	0.538	0.442	0.141	0.143	0.147	0.141	0.737	0.763	0.566	0.552	0.720	0.735	0.505	0.470	0.139	0.139	0.134	0.141	0.749	0.752	0.548	0.452	0.731	0.749	0.571	0.495	0.136	0.139	0.132	0.140	0.726	0.780	0.496	0.420	0.701	0.766	0.505	0.492	0.136	0.134	0.135	0.134	0.732	0.738	0.496	0.421	0.700	0.745	0.533	0.477	0.136	0.136	0.130	0.132	0.732	0.723	0.507	0.422	0.713	0.732	0.538	0.478	0.132	0.136	0.133	0.133	0.731	0.751	0.572	0.428	0.753	0.742	0.569	0.495
21:00:01	0.120	0.253	0.132	0.133	0.776	0.743	0.527	0.390	0.773	0.749	0.561	0.425	0.140	0.140	0.133	0.130	0.753	0.746	0.527	0.416	0.721	0.734	0.537	0.443	0.141	0.143	0.146	0.141	0.736	0.760	0.566	0.553	0.719	0.734	0.508	0.477	0.139	0.139	0.133	0.141	0.748	0.750	0.550	0.454	0.730	0.746	0.574	0.495	0.136	0.140	0.132	0.140	0.725	0.786	0.496	0.420	0.701	0.721	0.509	0.492	0.137	0.134	0.135	0.134	0.738	0.743	0.496	0.426	0.706	0.746	0.539	0.478	0.137	0.136	0.130	0.133	0.731	0.720	0.510	0.427	0.711	0.728	0.540	0.480	0.132	0.136	0.133	0.133	0.732	0.751	0.577	0.438	0.752	0.742	0.571	0.497
21:20:01	0.119	0.235	0.131	0.133	0.778	0.741	0.535	0.393	0.773	0.746	0.569	0.430	0.140	0.139	0.133	0.130	0.751	0.744	0.530	0.418	0.720	0.731	0.539	0.448	0.141	0.143	0.146	0.140	0.734	0.759	0.568	0.554	0.717	0.733	0.511	0.473	0.139	0.139	0.133	0.140	0.747	0.751	0.552	0.458	0.730	0.744	0.577	0.500	0.136	0.139	0.131	0.140	0.724	0.793	0.497	0.421	0.704	0.712	0.511	0.497	0.136	0.134	0.135	0.134	0.737	0.746	0.497	0.424	0.706	0.747	0.544	0.481	0.137	0.136	0.130	0.133	0.735	0.718	0.510	0.429	0.710	0.724	0.544	0.481	0.132	0.136	0.133	0.133	0.731	0.749	0.581	0.441	0.741	0.739	0.573	0.498
21:40:01	0.119	0.259	0.132	0.133	0.781	0.740	0.535	0.393	0.773	0.744	0.573	0.429	0.140	0.139	0.133	0.130	0.750	0.743	0.535	0.418	0.718	0.729	0.541	0.447	0.141	0.143	0.146	0.141	0.733	0.756	0.569	0.556	0.715	0.732	0.514	0.481	0.138	0.139	0.133	0.141	0.746	0.750	0.553	0.458	0.729	0.742	0.580	0.500	0.136	0.140	0.132	0.140	0.724	0.800	0.497	0.423	0.705	0.712	0.514	0.496	0.136	0.134	0.135	0.134	0.736	0.751	0.498	0.428	0.707	0.747	0.549	0.480	0.137	0.136	0.130	0.133	0.737	0.715	0.511	0.432	0.708	0.721	0.547	0.482	0.132	0.136	0.133	0.133	0.731	0.745	0.583	0.443	0.757	0.738	0.574	0.499
22:00:01	0.119	0.253	0.132	0.133	0.782	0.738	0.542	0.398	0.772	0.741	0.581	0.437	0.140	0.140	0.134	0.130	0.748	0.740	0.537	0.418	0.717	0.726	0.543	0.453	0.141	0.143	0.146	0.141	0.731	0.754	0.571	0.558	0.712	0.729	0.517	0.481	0.139	0.139	0.133	0.140	0.745	0.750	0.554	0.460	0.727	0.739	0.583	0.506	0.136	0.140	0.132	0.140	0.722	0.805	0.499	0.424	0.705	0.713	0.516	0.501	0.136	0.134	0.136	0.134	0.732	0.754	0.500	0.429	0.708	0.749	0.555	0.483	0.137	0.137	0.130	0.133	0.735	0.712	0.511	0.433	0.706	0.718	0.547	0.484	0.132	0.136	0.133	0.133	0.731	0.742	0.586	0.447	0.766	0.735	0.575	0.500
22:20:01	0.120	0.245	0.131	0.133	0.784	0.736	0.548	0.401	0.771	0.738	0.586	0.440	0.140	0.140	0.134	0.130	0.746	0.739	0.541	0.422	0.717	0.723	0.545	0.457	0.141	0.143	0.146	0.141	0.730	0.751	0.573	0.559	0.711	0.726	0.519	0.484	0.139	0.139	0.133	0.140	0.745	0.749	0.556	0.465	0.726	0.737	0.587	0.507	0.136	0.139	0.132	0.139	0.722	0.807	0.500	0.426	0.710	0.715	0.519	0.503	0.136	0.134	0.136	0.134	0.728	0.753	0.501	0.427	0.709	0.753	0.559	0.484	0.136	0.136	0.130	0.133	0.734	0.709	0.512	0.434	0.704	0.714	0.549	0.485	0.132	0.136	0.133	0.133	0.731	0.740	0.589	0.450	0.771	0.732	0.576	0.501
22:40:01	0.119	0.245	0.131	0.133	0.784	0.734	0.553	0.405	0.768	0.734	0.593	0.444	0.140	0.140	0.134	0.130	0.743	0.736	0.544	0.425	0.715	0.719	0.547	0.455	0.141	0.143	0.146	0.141	0.728	0.747	0.574	0.560	0.708	0.724	0.521	0.486	0.139	0.139	0.133	0.140	0.744	0.746	0.557	0.464	0.724	0.734	0.590	0.510	0.136	0.139	0.132	0.139	0.719	0.809	0.500	0.427	0.715	0.716	0.520	0.507	0.136	0.134	0.135	0.134	0.729	0.753	0.501	0.430	0.713	0.740	0.564	0.484	0.137	0.136	0.130	0.133	0.727	0.706	0.512	0.438	0.702	0.711	0.550	0.486	0.132	0.136	0.133	0.133	0.731	0.737	0.593	0.454	0.775	0.729	0.577	0.501
23:00:01	0.119	0.256	0.131	0.133	0.786	0.731	0.556	0.407	0.767	0.730	0.597	0.449	0.140	0.140	0.133	0.130	0.742	0.734	0.550	0.427	0.715	0.716	0.549	0.465	0.141	0.143	0.145	0.141	0.725	0.744	0.574	0.560	0.707	0.723	0.523	0.488	0.139	0.139	0.133	0.140	0.742	0.744	0.559	0.466	0.722	0.732	0.592	0.514	0.136	0.139	0.132	0.139	0.718	0.811	0.501	0.427	0.711	0.718	0.522	0.509	0.136	0.134	0.135	0.134	0.732	0.755	0.501	0.430	0.710	0.736	0.568	0.486	0.137	0.136	0.130	0.133	0.723	0.703	0.513	0.438	0.701	0.708	0.551	0.488	0.132	0.135	0.132	0.133	0.730	0.733	0.596	0.459	0.779	0.726	0.578	0.501
23:20:01	0.118	0.254	0.131	0.133	0.787	0.729	0.564	0.410	0.765	0.727	0.603	0.456	0.140	0.140	0.134	0.130	0.739	0.730	0.553	0.428	0.714	0.712	0.550	0.469	0.141	0.142	0.146	0.141	0.723	0.741	0.576	0.562	0.704	0.719	0.525	0.491	0.139	0.139	0.133	0.140	0.741	0.741	0.561	0.470	0.720	0.729	0.595	0.514	0.136	0.139	0.132	0.139	0.716	0.811	0.503	0.428	0.706	0.718	0.523	0.510	0.136	0.134	0.135	0.134	0.730	0.754	0.502	0.433	0.706	0.729	0.573	0.488	0.137	0.136	0.130	0.133	0.735	0.699	0.514	0.440	0.698	0.703	0.553	0.488	0.132	0.136	0.132	0.133	0.731	0.731	0.599	0.463	0.780	0.724	0.579	0.502
23:40:02	0.118	0.253	0.131	0.133	0.788	0.726	0.579	0.417	0.764	0.723	0.608	0.460	0.140	0.140	0.134	0.130	0.739	0.728	0.561	0.431	0.713	0.708	0.552	0.470	0.141	0.142	0.146	0.141	0.722	0.738	0.578	0.564	0.701	0.716	0.527	0.495	0.138	0.139	0.133	0.140	0.739	0.739	0.562	0.470	0.719	0.728	0.598	0.516	0.136	0.139	0.132	0.139	0.715	0.811	0.503	0.430	0.704	0.719	0.524	0.511	0.136	0.134	0.135	0.134	0.728	0.753	0.502	0.434	0.704	0.724	0.576	0.489	0.137	0.136	0.130	0.133	0.751	0.697	0.515	0.441	0.697	0.699	0.554	0.489	0.133	0.136	0.132	0.133	0.730	0.728	0.605	0.468	0.782	0.721	0.580	0.503
24:00:02	0.118	0.253	0.131	0.134	0.790	0.725	0.588	0.426	0.763	0.720	0.616	0.469	0.140	0.140	0.133	0.130	0.736	0.725	0.577	0.440	0.712	0.703	0.557	0.478	0.141	0.143	0.147	0.141	0.720	0.734	0.579	0.566	0.700	0.712	0.529	0.500	0.138	0.139	0.134	0.141	0.737	0.736	0.563	0.476	0.717	0.726	0.599	0.518	0.136	0.139	0.132	0.139	0.712	0.815	0.503	0.430	0.706	0.717	0.525	0.512	0.136	0.134	0.135	0.133	0.726	0.736	0.501	0.435	0.696	0.728	0.578	0.488	0.136	0.136	0.130	0.132	0.754	0.692	0.513	0.439	0.694	0.695	0.554	0.489	0.132	0.136	0.132	0.133	0.728	0.724	0.616	0.464	0.782	0.717	0.580	0.502
24:20:02	0.118	0.253	0.131	0.133	0.790	0.723	0.589	0.426	0.760	0.717	0.618	0.470	0.140	0.140	0.133	0.130	0.736	0.722	0.581	0.440	0.712	0.699	0.556	0.478	0.141	0.142	0.146	0.141	0.719	0.731	0.581	0.567	0.699	0.710	0.531	0.499	0.138	0.139	0.133	0.140	0.736	0.734	0.567	0.478	0.716	0.724	0.603	0.518	0.136	0.139	0.132	0.139	0.712	0.821	0.505	0.431	0.707	0.717	0.527	0.513	0.136	0.133	0.135	0.134	0.740	0.733	0.504	0.437	0.698	0.727	0.582	0.492	0.136	0.136	0.130	0.133	0.752	0.691	0.517	0.445	0.694	0.693	0.558	0.492	0.132	0.136	0.132	0.133	0.730	0.723	0.623	0.474	0.794	0.715	0.582	0.504
24:40:02	0.118	0.248	0.131	0.134	0.791	0.721	0.595	0.435	0.759	0.713	0.624	0.476	0.140	0.140	0.133	0.130	0.735	0.719	0.587	0.445	0.712	0.695	0.561	0.484	0.140	0.142	0.147	0.140	0.717	0.728	0.583	0.570	0.697	0.706	0.534	0.502	0.139	0.139	0.134	0.141	0.735	0.732	0.567	0.481	0.714	0.719	0.604	0.521	0.136	0.139	0.131	0.138	0.709	0.824	0.503	0.433	0.711	0.714	0.528	0.514	0.136	0.134	0.135	0.133	0.752	0.728	0.503	0.434	0.703	0.730	0.584	0.491	0.136	0.136	0.130	0.133	0.754	0.686	0.516	0.443	0.693	0.688	0.557	0.492	0.132	0.136	0.132	0.133	0.728	0.719	0.623	0.471	0.776	0.713	0.582	0.503
25:00:02	0.118	0.253	0.131	0.133	0.790	0.718	0.595	0.434	0.755	0.710	0.625	0.476	0.140	0.140	0.133	0.130	0.734	0.716	0.589	0.444	0.712	0.691	0.560	0.483	0.141	0.142	0.145	0.140	0.716	0.723	0.588	0.571	0.695	0.704	0.535	0.501	0.138	0.138	0.133	0.140	0.734	0.730	0.572	0.482	0.713	0.716	0.607	0.519	0.136	0.139	0.132	0.138	0.708	0.828	0.504	0.434	0.704	0.713	0.530	0.515	0.136	0.133	0.135	0.133	0.759	0.725	0.506	0.440	0.708	0.731	0.589	0.492	0.136	0.136	0.130	0.133	0.759	0.684	0.519	0.449	0.692	0.686	0.561	0.494	0.132	0.136	0.132	0.133	0.732	0.717	0.625	0.479	0.765	0.710	0.585	0.505
25:20:02	0.117	0.249	0.131	0.134	0.791	0.717	0.600	0.444	0.754	0.706	0.630	0.484	0.140	0.140	0.133	0.130	0.732	0.713	0.592	0.448	0.711	0.688	0.565	0.489	0.140	0.143	0.147	0.140	0.713	0.721	0.597	0.578	0.692	0.700	0.537	0.503	0.139	0.139	0.134	0.141	0.732	0.728	0.575	0.483	0.711	0.712	0.608	0.521	0.136	0.139	0.131	0.138	0.705	0.833	0.504	0.435	0.709	0.710	0.530	0.515	0.136	0.134	0.135	0.133	0.764	0.728	0.505	0.437	0.713	0.730	0.590	0.493	0.136	0.136	0.130	0.133	0.758	0.680	0.518	0.445	0.690	0.682	0.560	0.493	0.132	0.136	0.132	0.133	0.728	0.713	0.621	0.477	0.735	0.708	0.584	0.503
25:40:02	0.118	0.247	0.131	0.133	0.789	0.715	0.599	0.444	0.750	0.702	0.631	0.484	0.140	0.140	0.133	0.130	0.731	0.708	0.592	0.447	0.709	0.683	0.564	0.488	0.141	0.142	0.146	0.141	0.711	0.717	0.599	0.586	0.690	0.696	0.539	0.502	0.138	0.138	0.133	0.140	0.730	0.725	0.584	0.484	0.708	0.709	0.611	0.521	0.136	0.139	0.131	0.138	0.703	0.838	0.506	0.435	0.704	0.709	0.532	0.515	0.136	0.134	0.135	0.133	0.767	0.733	0.507	0.443	0.716	0.741	0.595	0.496	0.136	0.136	0.130	0.133	0.761	0.677	0.521	0.451	0.690	0.677	0.563	0.495	0.132	0.135	0.132	0.133	0.730	0.712	0.619	0.484	0.729	0.705	0.586	0.504
26:00:02	0.118	0.249	0.131	0.133	0.789	0.714	0.601	0.448	0.748	0.699	0.634	0.487	0.140	0.140	0.133	0.130	0.730	0.705	0.594	0.449	0.709	0.678	0.565	0.491	0.140	0.142	0.146	0.141	0.710	0.713	0.600	0.588	0.687	0.693	0.541	0.504	0.138	0.138	0.133	0.140	0.729	0.722	0.585	0.484	0.706	0.706	0.612	0.521	0.136	0.139	0.131	0.138	0.702	0.843	0.506	0.436	0.701	0.706	0.533	0.516	0.136	0.133	0.135	0.133	0.771	0.736	0.508	0.439	0.717	0.746	0.597	0.496	0.136	0.136	0.130	0.133	0.767	0.675	0.523	0.452	0.688	0.674	0.564	0.495	0.132	0.135	0.132	0.133	0.730	0.709	0.617	0.486	0.723	0.703	0.586	0.505
26:20:02	0.118	0.250	0.131	0.133	0.788	0.712	0.601	0.452	0.746	0.695	0.637	0.491	0.140	0.140	0.133	0.129	0.729	0.701	0.596	0.450	0.708	0.674	0.567	0.495	0.141	0.142	0.145	0.140	0.708	0.709	0.599	0.588	0.685	0.689	0.543	0.505	0.138	0.138	0.133	0.140	0.727	0.719	0.586	0.485	0.705	0.704	0.614	0.521	0.136	0.139	0.131	0.138	0.701	0.845	0.505	0.438	0.708	0.706	0.534	0.515	0.136	0.133	0.135	0.133	0.777	0.744	0.509	0.443	0.719	0.754	0.600	0.497	0.136	0.136	0.130	0.133	0.776	0.671	0.524	0.454	0.685	0.671	0.564	0.496	0.132	0.135	0.132	0.133	0.729	0.707	0.615	0.488	0.722	0.700	0.587	0.505
26:40:02	0.119	0.216	0.131	0.133	0.787	0.710	0.606	0.465	0.746	0.692	0.643	0.498	0.140	0.140	0.132	0.130	0.728	0.699	0.602	0.460	0.708	0.672	0.572	0.501	0.140	0.143	0.147	0.141	0.706	0.706	0.600	0.589	0.684	0.685	0.546	0.506	0.139	0.138	0.134	0.142	0.726	0.716	0.587	0.488	0.704	0.701	0.618	0.522	0.136	0.138	0.131	0.137	0.701	0.849	0.509	0.440	0.726	0.702	0.534	0.515	0.137	0.133	0.135	0.133	0.785	0.737	0.509	0.441	0.726	0.764	0.601	0.495	0.136	0.136	0.130	0.133	0.783	0.668	0.525	0.453	0.686	0.667	0.563	0.495	0.132	0.135	0.132	0.133	0.727	0.700	0.614	0.487	0.724	0.696	0.587	0.504
27:00:02	0.120	0.216	0.131	0.133	0.786	0.708	0.605	0.466	0.742	0.689	0.644	0.499	0.140	0.140	0.132	0.130	0.727	0.695	0.601	0.459	0.706	0.667	0.575	0.501	0.141	0.143	0.146	0.141	0.704	0.701	0.599	0.589	0.682	0.681	0.548	0.507	0.139	0.139	0.134	0.141	0.725	0.713	0.588	0.488	0.703	0.698	0.624	0.521	0.136	0.139	0.132	0.138	0.699	0.850	0.509	0.441	0.737	0.700	0.536	0.516	0.137	0.133	0.135	0.133	0.789	0.744	0.511	0.447	0.739	0.767	0.605	0.498	0.136	0.136	0.130	0.133	0.791	0.666	0.529	0.458	0.686	0.665	0.566	0.498	0.133	0.135	0.132	0.134	0.729	0.696	0.613	0.492	0.727	0.695	0.589	0.506
27:20:02	0.118	0.249	0.131	0.134	0.787	0.707	0.604	0.470	0.741	0.686	0.648	0.501	0.140	0.140	0.133	0.130	0.727	0.693	0.600	0.459	0.705	0.664	0.588	0.503	0.141	0.143	0.146	0.140	0.702	0.699	0.599	0.589	0.679	0.678	0.551	0.508	0.139	0.139	0.134	0.141	0.723	0.710	0.587	0.488	0.700	0.693	0.628	0.523	0.136	0.139	0.131	0.138	0.696	0.847	0.507	0.440	0.744	0.696	0.537	0.516	0.136	0.134	0.135	0.133	0.791	0.747	0.511	0.442	0.747	0.768	0.606	0.499	0.136	0.136	0.130	0.133	0.793	0.661	0.526	0.456	0.682	0.661	0.566	0.496	0.132	0.135	0.132	0.133	0.727	0.682	0.607	0.489	0.723	0.693	0.587	0.505
27:40:02	0.118	0.249	0.131	0.134	0.786	0.705	0.604	0.474	0.739	0.683	0.651	0.503	0.140	0.140	0.132	0.130	0.727	0.691	0.601	0.461	0.703	0.660	0.591	0.505	0.141	0.143	0.146	0.140	0.701	0.695	0.599	0.588	0.677	0.675	0.553	0.509	0.139	0.139	0.133	0.141	0.722	0.707	0.588	0.488	0.698	0.690	0.628	0.525	0.136	0.139	0.131	0.138	0.694	0.842	0.507	0.441	0.754	0.693	0.538	0.516	0.136	0.134	0.135	0.133	0.794	0.755	0.511	0.446	0.753	0.772	0.609	0.501	0.136	0.136	0.130	0.133	0.786	0.658	0.528	0.458	0.681	0.658	0.567	0.496	0.132	0.135	0.132	0.133	0.725	0.672	0.605	0.490	0.722	0.691	0.588	0.505
28:00:02	0.118	0.253	0.131	0.134	0.784	0.703	0.602	0.477	0.736	0.680	0.655	0.505	0.140	0.140	0.132	0.130	0.727	0.687	0.601	0.463	0.702	0.657	0.592	0.506	0.141	0.143	0.146	0.140	0.697	0.691	0.598	0.586	0.675	0.671	0.555	0.508	0.139	0.138	0.133	0.141	0.719	0.704	0.588	0.488	0.695	0.686	0.626	0.524	0.135	0.139	0.131	0.138	0.691	0.831	0.508	0.441	0.760	0.691	0.539	0.517	0.136	0.133	0.134	0.133	0.795	0.760	0.513	0.443	0.757	0.776	0.610	0.501	0.136	0.136	0.130	0.133	0.772	0.654	0.527	0.459	0.679	0.654	0.568	0.496	0.132	0.134	0.132	0.133	0.724	0.665	0.603	0.491	0.722	0.690	0.588	0.505
28:20:02	0.118	0.247	0.131	0.134	0.783	0.701	0.601	0.481	0.734	0.677	0.666	0.506	0.140	0.140	0.132	0.130	0.726	0.683	0.600	0.465	0.700	0.652	0.593	0.508	0.140	0.143	0.146	0.140	0.696	0.688	0.598	0.585	0.674	0.667	0.558	0.510	0.138	0.138	0.133	0.141	0.718	0.701	0.587	0.489	0.694	0.683	0.624	0.524	0.135	0.138	0.131	0.138	0.689	0.815	0.509	0.442	0.766	0.688	0.540	0.516	0.136	0.134	0.134	0.133	0.791	0.764	0.514	0.447	0.755	0.778	0.611	0.503	0.136	0.136	0.130	0.133	0.750	0.651	0.529	0.460	0.679	0.652	0.568	0.496	0.132	0.134	0.132	0.133	0.722	0.661	0.601	0.492	0.724	0.688	0.588	0.504
28:40:02	0.119	0.255	0.131	0.133	0.781	0.699	0.597	0.481	0.731	0.675	0.664	0.506	0.140	0.140	0.132	0.129	0.727	0.681	0.598	0.464	0.698	0.648	0.590	0.507	0.141	0.142	0.145	0.141	0.695	0.682	0.596	0.583	0.672	0.664	0.559	0.508	0.138	0.138	0.133	0.140	0.716	0.698	0.587	0.489	0.693	0.681	0.621	0.524	0.136	0.139	0.131	0.138	0.687	0.802	0.510	0.444	0.770	0.687	0.542	0.516	0.136	0.133	0.134	0.133	0.787	0.767	0.516	0.446	0.754	0.781	0.615	0.504	0.136	0.136	0.130	0.133	0.741	0.649	0.532	0.464	0.678	0.648	0.570	0.498	0.132	0.134	0.132	0.133	0.724	0.657	0.600	0.495	0.727	0.687	0.591	0.506
29:00:02	0.119	0.247	0.131	0.133	0.781	0.697	0.598	0.487	0.728	0.673	0.665	0.508	0.140	0.140	0.132	0.129	0.726	0.677	0.599	0.469	0.697	0.646	0.594	0.510	0.140	0.143	0.146	0.140	0.693	0.681	0.596	0.583	0.670	0.661	0.563	0.510	0.138	0.138	0.133	0.141	0.715	0.695	0.585	0.489	0.691	0.678	0.617	0.525	0.135	0.138	0.131	0.137	0.685	0.774	0.510	0.444	0.773	0.682	0.541	0.517	0.136	0.134	0.134	0.133	0.767	0.771	0.515	0.449	0.739	0.784	0.615	0.503	0.136	0.136	0.130	0.133	0.716	0.646	0.531	0.463	0.675	0.646	0.569	0.496	0.132	0.134	0.132	0.133	0.720	0.651	0.597	0.492	0.726	0.684	0.589	0.504
29:20:02	0.119	0.242	0.131	0.133	0.779	0.695	0.595	0.488	0.726	0.670	0.660	0.507	0.140	0.140	0.133	0.129	0.727	0.674	0.596	0.467	0.695	0.641	0.591	0.509	0.141	0.142	0.145	0.140	0.692	0.675	0.593	0.581	0.669	0.658	0.565	0.509	0.138	0.138	0.133	0.140	0.713	0.693	0.585	0.489	0.690	0.675	0.615	0.525	0.135	0.138	0.131	0.137	0.684	0.756	0.512	0.446	0.775	0.680	0.543	0.516	0.136	0.133	0.134	0.133	0.754	0.774	0.517	0.449	0.731	0.787	0.618	0.505	0.136	0.135	0.129	0.133	0.713	0.644	0.534	0.467	0.675	0.643	0.571	0.499	0.132	0.134	0.132	0.133	0.726	0.647	0.597	0.495	0.728	0.684	0.592	0.506
29:40:02	0.120	0.209	0.131	0.133	0.779	0.692	0.596	0.497	0.724	0.670	0.661	0.510	0.140	0.140	0.132	0.130	0.727	0.672	0.598	0.476	0.694	0.639	0.594	0.513	0.140	0.143	0.146	0.141	0.691	0.674	0.594	0.582	0.669	0.654	0.572	0.510	0.139	0.138	0.134	0.142	0.713	0.690	0.584	0.491	0.689	0.671	0.611	0.525	0.136	0.138	0.131	0.137	0.684	0.734	0.514	0.449	0.774	0.675	0.543	0.516	0.136	0.133	0.135	0.133	0.734	0.777	0.518	0.452	0.711	0.790	0.618	0.504	0.136	0.136	0.130	0.133	0.705	0.641	0.537	0.467	0.674	0.641	0.571	0.497	0.132	0.135	0.131	0.133	0.727	0.642	0.597	0.494	0.727	0.682	0.592	0.504
30:00:02	0.119	0.243	0.131	0.133	0.777	0.692	0.592	0.493	0.720	0.667	0.656	0.508	0.140	0.140	0.133	0.129	0.727	0.670	0.594	0.470	0.692	0.634	0.589	0.510	0.141	0.142	0.145	0.140	0.689	0.668	0.591	0.578	0.665	0.650	0.574	0.510	0.139	0.138	0.133	0.140	0.711	0.687	0.583	0.489	0.687	0.667	0.610	0.524	0.135	0.138	0.131	0.137	0.681	0.718	0.513	0.449	0.765	0.673	0.545	0.515	0.136	0.133	0.134	0.133	0.716	0.778	0.520	0.452	0.703	0.791	0.621	0.506	0.136	0.135	0.129	0.133	0.706	0.638	0.537	0.470	0.671	0.638	0.573	0.498	0.131	0.134	0.131	0.133	0.735	0.640	0.594	0.495	0.729	0.681	0.593	0.505
30:20:02	0.118	0.239	0.131	0.133	0.777	0.691	0.592	0.497	0.719	0.665	0.656	0.509	0.140	0.140	0.132	0.129	0.727	0.666	0.594	0.474	0.690	0.632	0.590	0.512	0.140	0.143	0.146	0.140	0.687	0.666	0.591	0.579	0.664	0.647	0.575	0.510	0.139	0.138	0.133	0.141	0.709	0.684	0.580	0.490	0.685	0.663	0.606	0.524	0.135	0.138	0.131	0.137	0.678	0.710	0.513	0.449	0.750	0.668	0.545	0.515	0.136	0.133	0.134	0.133	0.699	0.779	0.519	0.451	0.689	0.792	0.621	0.505	0.135	0.136	0.130	0.133	0.707	0.636	0.536	0.469	0.668	0.635	0.572	0.496	0.131	0.134	0.131	0.133	0.734	0.636	0.592	0.492	0.726	0.678	0.591	0.504
30:40:02	0.118	0.239	0.131	0.133	0.776	0.688	0.589	0.497	0.714	0.663	0.652	0.509	0.140	0.140	0.132	0.129	0.728	0.664	0.592	0.474	0.687	0.629	0.585	0.511	0.141	0.142	0.145	0.140	0.686	0.661	0.589	0.577	0.663	0.645	0.575	0.509	0.138	0.138	0.133	0.140	0.707	0.681	0.581	0.489	0.684	0.660	0.605	0.523	0.135	0.138	0.131	0.137	0.677	0.705	0.514	0.451	0.738	0.665	0.547	0.515	0.136	0.133	0.134	0.133	0.696	0.781	0.521	0.455	0.689	0.794	0.625	0.506	0.135	0.135	0.129	0.133	0.714	0.633	0.539	0.473	0.667	0.634	0.573	0.497	0.131	0.134	0.131	0.133	0.738	0.634	0.591	0.494	0.727	0.678	0.594	0.506
31:00:02	0.118	0.238	0.130	0.133	0.775	0.687	0.589	0.500	0.713	0.661	0.653	0.509	0.139	0.140	0.132	0.129	0.726	0.661	0.592	0.479	0.686	0.626	0.585	0.512	0.140	0.143	0.146	0.140	0.683	0.659	0.589	0.576	0.661	0.641	0.576	0.509	0.138	0.138	0.133	0.141	0.706	0.677	0.578	0.490	0.681	0.658	0.601	0.524	0.135	0.138	0.131	0.137	0.674	0.704	0.515	0.451	0.711	0.661	0.546	0.515	0.136	0.133	0.134	0.133	0.692	0.781	0.521	0.451	0.684	0.790	0.627	0.505	0.135	0.135	0.129	0.133	0.719	0.630	0.539	0.471	0.664	0.631	0.572	0.494	0.131	0.134	0.131	0.133	0.737	0.630	0.589	0.492	0.723	0.676	0.592	0.504
31:20:02	0.118	0.238	0.130	0.133	0.774	0.685	0.587	0.501	0.712	0.659	0.652	0.509	0.140	0.140	0.132	0.129	0.726	0.658	0.591	0.480	0.684	0.624	0.582	0.513	0.140	0.143	0.146	0.140	0.682	0.655	0.587	0.575	0.660	0.638	0.576	0.509	0.138	0.138	0.133	0.141	0.703	0.674	0.577	0.489	0.681	0.655	0.599	0.523	0.135	0.138	0.131	0.137	0.673	0.702	0.515	0.452	0.694	0.658	0.546	0.514	0.136	0.133	0.134	0.132	0.694	0.782	0.522	0.455	0.685	0.781	0.630	0.505	0.135	0.136	0.129	0.133	0.723	0.627	0.539	0.472	0.662	0.629	0.572	0.494	0.131	0.134	0.131	0.133	0.739	0.626	0.587	0.492	0.723	0.674	0.593	0.503
31:40:02	0.118	0.237	0.130	0.133	0.773	0.683	0.585	0.502	0.708	0.658	0.650	0.508	0.140	0.140	0.132	0.129	0.725	0.655	0.589	0.482	0.682	0.620	0.580	0.513	0.140	0.143	0.146	0.140	0.680	0.652	0.586	0.573	0.658	0.635	0.574	0.509	0.138	0.137	0.133	0.141	0.701	0.670	0.575	0.489	0.678	0.652	0.597	0.522	0.135	0.138	0.131	0.136	0.671	0.700	0.516	0.452	0.686	0.654	0.547	0.513	0.136	0.133	0.134	0.132	0.699	0.780	0.522	0.451	0.682	0.763	0.631	0.506	0.135	0.136	0.129	0.133	0.722	0.625	0.541	0.473	0.660	0.626	0.573	0.494	0.131	0.135	0.131	0.133	0.739	0.623	0.586	0.491	0.721	0.672	0.594	0.503
32:00:02	0.118	0.240	0.130	0.133	0.771	0.681	0.582	0.501	0.703	0.655	0.648	0.508	0.140	0.140	0.132	0.129	0.725	0.650	0.587	0.480	0.679	0.617	0.575	0.512	0.141	0.143	0.145	0.140	0.679	0.647	0.583	0.571	0.657	0.632	0.572	0.508	0.138	0.138	0.133	0.140	0.700	0.667	0.575	0.488	0.678	0.648	0.596	0.521	0.135	0.138	0.131	0.137	0.670	0.697	0.517	0.453	0.687	0.651	0.549	0.513	0.136	0.133	0.134	0.133	0.704	0.781	0.524	0.457	0.680	0.749	0.633	0.506	0.135	0.135	0.129	0.133	0.719	0.624	0.543	0.476	0.659	0.624	0.575	0.495	0.132	0.134	0.131	0.133	0.745	0.620	0.585	0.493	0.723	0.671	0.600	0.505
32:20:02	0.117	0.239	0.130	0.133	0.772	0.680	0.582	0.503	0.703	0.654	0.650	0.509	0.140	0.140	0.132	0.129	0.725	0.650	0.587	0.484	0.679	0.616	0.575	0.512	0.140	0.143	0.146	0.140	0.677	0.646	0.583	0.571	0.655	0.629	0.571	0.508	0.138	0.138	0.133	0.141	0.699	0.664	0.573	0.489	0.676	0.645	0.593	0.521	0.135	0.138	0.131	0.136	0.667	0.698	0.516	0.453	0.688	0.646	0.548	0.512	0.136	0.133	0.134	0.132	0.707	0.773	0.524	0.454	0.681	0.716	0.628	0.506	0.135	0.136	0.129	0.133	0.718	0.621	0.542	0.475	0.656	0.622	0.573	0.494	0.132	0.135	0.131	0.133	0.745	0.617	0.583	0.491	0.720	0.668	0.600	0.503
32:40:02	0.119	0.209	0.130	0.133	0.770	0.676	0.580	0.503	0.699	0.652	0.647	0.509	0.140	0.139	0.132	0.129	0.723	0.645	0.586	0.487	0.676	0.612	0.570	0.512	0.141	0.142	0.145	0.141	0.677	0.641	0.581	0.569	0.655	0.627	0.570	0.508	0.138	0.138	0.133	0.140	0.698	0.661	0.573	0.488	0.676	0.643	0.592	0.520	0.136	0.138	0.131	0.136	0.666	0.696	0.519	0.455	0.686	0.644	0.550	0.512	0.137	0.132	0.134	0.133	0.707	0.764	0.526	0.455	0.682	0.705	0.626	0.506	0.135	0.136	0.129	0.132	0.720	0.620	0.548	0.479	0.658	0.621	0.575	0.495	0.132	0.134	0.131	0.134	0.752	0.615	0.586	0.494	0.720	0.667	0.605	0.505
33:00:02	0.118	0.241	0.130	0.133	0.769	0.675	0.578	0.502	0.693	0.650	0.646	0.509	0.140	0.140	0.132	0.129	0.724	0.644	0.584	0.484	0.674	0.611	0.570	0.511	0.141	0.142	0.144	0.140	0.674	0.638	0.579	0.567	0.653	0.624	0.569	0.507	0.138	0.138	0.133	0.140	0.695	0.657	0.571	0.488	0.673	0.639	0.590	0.520	0.135	0.138	0.131	0.136	0.663	0.693	0.517	0.454	0.685	0.641	0.551	0.512	0.137	0.133	0.134	0.132	0.705	0.737	0.526	0.458	0.681	0.690	0.621	0.506	0.135	0.135	0.129	0.132	0.717	0.618	0.545	0.479	0.655	0.618	0.576	0.494	0.132	0.134	0.131	0.133	0.755	0.613	0.582	0.493	0.721	0.665	0.605	0.504
33:20:02	0.119	0.207	0.130	0.133	0.769	0.673	0.578	0.505	0.689	0.649	0.648	0.509	0.140	0.139	0.131	0.129	0.722	0.642	0.584	0.490	0.673	0.609	0.570	0.512	0.140	0.143	0.145	0.141	0.674	0.636	0.579	0.568	0.653	0.622	0.568	0.507	0.139	0.137	0.133	0.141	0.694	0.654	0.570	0.488	0.673	0.636	0.587	0.519	0.136	0.137	0.131	0.136	0.662	0.695	0.520	0.456	0.685	0.637	0.550	0.510	0.136	0.132	0.134	0.132	0.705	0.710	0.529	0.454	0.679	0.682	0.615	0.504	0.135	0.135	0.129	0.133	0.719	0.615	0.549	0.478	0.654	0.616	0.574	0.493	0.132	0.134	0.131	0.133	0.757	0.610	0.582	0.491	0.717	0.663	0.604	0.502
33:40:02	0.118	0.240	0.130	0.133	0.767	0.671	0.575	0.503	0.685	0.647	0.645	0.508	0.140	0.140	0.132	0.129	0.721	0.639	0.581	0.485	0.670	0.606	0.567	0.510	0.141	0.142	0.144	0.140	0.671	0.631	0.576	0.564	0.651	0.619	0.568	0.507	0.138	0.138	0.132	0.140	0.691	0.651	0.568	0.486	0.670	0.633	0.587	0.519	0.135	0.138	0.131	0.136	0.658	0.689	0.518	0.455	0.684	0.636	0.552	0.509	0.136	0.133	0.134	0.132	0.703	0.697	0.532	0.456	0.679	0.681	0.614	0.506	0.135	0.135	0.129	0.132	0.716	0.614	0.549	0.480	0.652	0.614	0.575	0.493	0.132	0.134	0.131	0.133	0.763	0.608	0.579	0.491	0.718	0.662	0.605	0.503
34:00:02	0.118	0.238	0.130	0.133	0.767	0.670	0.575	0.504	0.682	0.645	0.646	0.507	0.139	0.140	0.132	0.129	0.720	0.637	0.581	0.488	0.670	0.605	0.568	0.509	0.140	0.143	0.145	0.140	0.669	0.631	0.576	0.564	0.649	0.616	0.567	0.506	0.138	0.137	0.133	0.141	0.689	0.647	0.565	0.487	0.669	0.630	0.584	0.519	0.135	0.137	0.131	0.136	0.656	0.691	0.519	0.455	0.684	0.630	0.551	0.508	0.136	0.133	0.133	0.132	0.702	0.686	0.534	0.456	0.678	0.683	0.609	0.503	0.135	0.136	0.129	0.132	0.716	0.610	0.553	0.480	0.649	0.612	0.574	0.491	0.131	0.134	0.131	0.133	0.760	0.605	0.577	0.489	0.716	0.659	0.600	0.501
34:20:02	0.117	0.239	0.130	0.133	0.767	0.669	0.573	0.504	0.678	0.643	0.645	0.507	0.139	0.139	0.131	0.129	0.718	0.635	0.580	0.489	0.668	0.603	0.566	0.508	0.140	0.143	0.145	0.140	0.668	0.628	0.574	0.563	0.649	0.613	0.567	0.505	0.138	0.137	0.133	0.141	0.688	0.644	0.564	0.486	0.668	0.629	0.582	0.518	0.135	0.137	0.131	0.136	0.654	0.688	0.520	0.454	0.683	0.627	0.551	0.507	0.136	0.133	0.133	0.132	0.702	0.686	0.536	0.453	0.677	0.685	0.605	0.503	0.135	0.136	0.129	0.132	0.716	0.608	0.557	0.480	0.647	0.609	0.574	0.489	0.131	0.134	0.131	0.133	0.760	0.602	0.576	0.489	0.715	0.657	0.599	0.501
34:40:02	0.118	0.240	0.130	0.133	0.766	0.666	0.570	0.503	0.674	0.641	0.642	0.506	0.139	0.140	0.132	0.128	0.717	0.631	0.577	0.487	0.666	0.599	0.563	0.507	0.141	0.142	0.144	0.140	0.667	0.623	0.572	0.560	0.647	0.611	0.566	0.505	0.138	0.138	0.133	0.140	0.686	0.641	0.563	0.485	0.667	0.627	0.582	0.516	0.135	0.137	0.131	0.136	0.652	0.683	0.524	0.456	0.683	0.625	0.553	0.507	0.136	0.133	0.134	0.132	0.701	0.691	0.538	0.456	0.678	0.686	0.604	0.503	0.135	0.135	0.129	0.132	0.715	0.607	0.560	0.482	0.648	0.608	0.576	0.490	0.132	0.134	0.131	0.133	0.761	0.602	0.576	0.490	0.718	0.657	0.599	0.502
35:00:02	0.118	0.240	0.130	0.133	0.766	0.665	0.571	0.504	0.674	0.640	0.644	0.506	0.139	0.140	0.132	0.129	0.716	0.630	0.577	0.491	0.666	0.598	0.564	0.507	0.140	0.143	0.145	0.140	0.665	0.623	0.572	0.561	0.647	0.609	0.566	0.505	0.138	0.138	0.133	0.141	0.685	0.639	0.561	0.485	0.666	0.625	0.579	0.516	0.135	0.137	0.131	0.136	0.651	0.685	0.525	0.456	0.683	0.621	0.552	0.506	0.136	0.133	0.133	0.132	0.701	0.689	0.536	0.457	0.676	0.690	0.601	0.502	0.135	0.136	0.129	0.132	0.714	0.604	0.558	0.482	0.646	0.606	0.577	0.489	0.131	0.134	0.131	0.133	0.760	0.601	0.575	0.488	0.715	0.654	0.595	0.501
35:20:02	0.118	0.239	0.130	0.133	0.766	0.664	0.570	0.503	0.673	0.638	0.645	0.506	0.139	0.140	0.132	0.129	0.715	0.630	0.576	0.491	0.664	0.596	0.563	0.506	0.140	0.143	0.145	0.140	0.665	0.621	0.571	0.560	0.646	0.606	0.566	0.504	0.138	0.138	0.133	0.141	0.682	0.636	0.560	0.485	0.666	0.621	0.577	0.516	0.135	0.137	0.131	0.136	0.649	0.683	0.527	0.456	0.683	0.618	0.553	0.506	0.136	0.134	0.134	0.132	0.701	0.688	0.536	0.453	0.675	0.693	0.599	0.502	0.135	0.136	0.129	0.132	0.714	0.602	0.558	0.482	0.645	0.604	0.579	0.489	0.131	0.134	0.131	0.133	0.762	0.599	0.574	0.488	0.716	0.653	0.592	0.501
35:40:02	0.118	0.238	0.130	0.133	0.765	0.662	0.568	0.504	0.672	0.636	0.644	0.505	0.139	0.139	0.132	0.129	0.713	0.626	0.574	0.491	0.662	0.594	0.562	0.505	0.140	0.143	0.145	0.140	0.663	0.619	0.570	0.558	0.645	0.604	0.565	0.504	0.138	0.138	0.133	0.141	0.680	0.633	0.558	0.484	0.665	0.618	0.576	0.516	0.135	0.137	0.131	0.136	0.648	0.681	0.528	0.456	0.683	0.615	0.554	0.505	0.136	0.133	0.133	0.132	0.701	0.686	0.535	0.454	0.674	0.694	0.597	0.501	0.135	0.135	0.129	0.132	0.713	0.600	0.558	0.482	0.644	0.601	0.581	0.487	0.131	0.134	0.131	0.133	0.764	0.597	0.574	0.487	0.715	0.651	0.590	0.500
36:00:02	0.118	0.239	0.130	0.133	0.765	0.660	0.567	0.503	0.672	0.634	0.644	0.504	0.139	0.139	0.132	0.129	0.711	0.623	0.573	0.492	0.661	0.592	0.561	0.504	0.140	0.142	0.145	0.140	0.663	0.616	0.569	0.558	0.643	0.601	0.565	0.503	0.139	0.138	0.132	0.141	0.678	0.630	0.557	0.483	0.663	0.615	0.574	0.515	0.135	0.137	0.131	0.136	0.647	0.679	0.528	0.456	0.683	0.612	0.557	0.504	0.136	0.133	0.133	0.132	0.701	0.685	0.533	0.456	0.673	0.696	0.595	0.500	0.135	0.135	0.129	0.132	0.713	0.598	0.556	0.483	0.643	0.599	0.581	0.486	0.131	0.134	0.130	0.133	0.767	0.596	0.573	0.487	0.714	0.650	0.588	0.499
36:20:02	0.118	0.239	0.130	0.133	0.764	0.658	0.566	0.503	0.670	0.633	0.643	0.503	0.139	0.139	0.132	0.128	0.709	0.621	0.571	0.492	0.659	0.590	0.560	0.503	0.140	0.143	0.145	0.140	0.660	0.614	0.568	0.556	0.643	0.599	0.564	0.502	0.138	0.138	0.132	0.141	0.676	0.627	0.556	0.483	0.662	0.613	0.572	0.514	0.135	0.137	0.131	0.136	0.645	0.677	0.528	0.457	0.682	0.609	0.558	0.503	0.136	0.133	0.133	0.132	0.700	0.685	0.531	0.454	0.672	0.698	0.593	0.499	0.135	0.135	0.129	0.132	0.712	0.596	0.554	0.483	0.641	0.597	0.582	0.487	0.131	0.134	0.130	0.133	0.767	0.595	0.572	0.487	0.713	0.648	0.586	0.499
36:40:02	0.118	0.239	0.130	0.133	0.763	0.656	0.565	0.503	0.669	0.631	0.642	0.503	0.139	0.139	0.132	0.128	0.708	0.618	0.570	0.492	0.658	0.588	0.559	0.503	0.140	0.142	0.145	0.140	0.659	0.612	0.566	0.555	0.642	0.597	0.564	0.501	0.138	0.138	0.132	0.141	0.675	0.625	0.555	0.482	0.660	0.611	0.570	0.513	0.135	0.137	0.131	0.136	0.644	0.676	0.527	0.456	0.682	0.607	0.559	0.503	0.136	0.133	0.133	0.132	0.699	0.684	0.529	0.454	0.670	0.698	0.591	0.499	0.135	0.135	0.129	0.132	0.711	0.594	0.553	0.484	0.641	0.595	0.581	0.487	0.131	0.134	0.131	0.133	0.770	0.594	0.571	0.486	0.714	0.647	0.585	0.499
37:00:02	0.120	0.240	0.130	0.133	0.762	0.654	0.562	0.503	0.666	0.629	0.640	0.502	0.139	0.139	0.132	0.128	0.706	0.615	0.567	0.490	0.656	0.584	0.556	0.502	0.140	0.142	0.144	0.140	0.657	0.608	0.565	0.553	0.641	0.594	0.564	0.500	0.138	0.138	0.132	0.140	0.673	0.623	0.554	0.481	0.659	0.608	0.570	0.512	0.135	0.137	0.131	0.136	0.641	0.669	0.527	0.457	0.681	0.606	0.561	0.502	0.136	0.133	0.134	0.132	0.699	0.686	0.529	0.456	0.670	0.701	0.591	0.498	0.135	0.135	0.129	0.132	0.711	0.593	0.551	0.484	0.641	0.593	0.582	0.487	0.131	0.133	0.131	0.133	0.776	0.592	0.571	0.487	0.716	0.648	0.586	0.500
37:20:03	0.120	0.240	0.130	0.133	0.763	0.653	0.563	0.503	0.667	0.628	0.642	0.502	0.139	0.139	0.131	0.128	0.704	0.614	0.567	0.492	0.655	0.583	0.557	0.501	0.140	0.143	0.145	0.140	0.656	0.608	0.564	0.553	0.640	0.592	0.563	0.500	0.138	0.138	0.132	0.141	0.672	0.620	0.553	0.482	0.658	0.607	0.568	0.512	0.135	0.137	0.131	0.136	0.640	0.672	0.526	0.455	0.680	0.602	0.559	0.501	0.136	0.133	0.133	0.132	0.698	0.685	0.526	0.453	0.667	0.700	0.588	0.496	0.135	0.135	0.129	0.132	0.710	0.590	0.548	0.483	0.639	0.591	0.577	0.485	0.131	0.134	0.131	0.133	0.777	0.591	0.570	0.486	0.713	0.645	0.582	0.498
37:40:02	0.120	0.239	0.130	0.133	0.763	0.652	0.562	0.503	0.666	0.627	0.642	0.502	0.140	0.139	0.132	0.129	0.703	0.612	0.566	0.493	0.654	0.581	0.557	0.501	0.140	0.143	0.145	0.140	0.655	0.607	0.564	0.553	0.639	0.590	0.563	0.499	0.138	0.138	0.133	0.141	0.670	0.617	0.551	0.481	0.657	0.604	0.566	0.512	0.135	0.137	0.131	0.136	0.638	0.669	0.525	0.455	0.679	0.599	0.559	0.501	0.136	0.134	0.134	0.132	0.697	0.685	0.524	0.453	0.665	0.702	0.587	0.495	0.135	0.136	0.129	0.132	0.708	0.588	0.547	0.483	0.639	0.589	0.575	0.484	0.131	0.134	0.131	0.133	0.780	0.591	0.569	0.486	0.713	0.643	0.581	0.498
38:00:02	0.119	0.240	0.130	0.133	0.763	0.650	0.561	0.503	0.666	0.625	0.641	0.501	0.139	0.139	0.132	0.129	0.702	0.610	0.564	0.493	0.653	0.579	0.556	0.501	0.140	0.143	0.145	0.140	0.654	0.605	0.562	0.551	0.638	0.588	0.563	0.498	0.138	0.138	0.133	0.141	0.668	0.615	0.550	0.481	0.656	0.603	0.565	0.512	0.135	0.137	0.131	0.136	0.637	0.668	0.524	0.455	0.679	0.597	0.558	0.500	0.136	0.133	0.133	0.132	0.698	0.685	0.522	0.454	0.664	0.702	0.585	0.495	0.135	0.136	0.129	0.132	0.708	0.586	0.544	0.483	0.638	0.587	0.572	0.483	0.131	0.133	0.130	0.133	0.784	0.590	0.569	0.486	0.713	0.643	0.580	0.498
38:20:02	0.119	0.238	0.130	0.133	0.763	0.648	0.560	0.503	0.666	0.624	0.641	0.501	0.139	0.139	0.131	0.129	0.700	0.607	0.563	0.493	0.651	0.577	0.555	0.500	0.139	0.143	0.145	0.140	0.653	0.603	0.562	0.551	0.637	0.586	0.563	0.498	0.138	0.137	0.133	0.141	0.667	0.612	0.549	0.481	0.656	0.601	0.564	0.511	0.135	0.137	0.131	0.135	0.636	0.667	0.524	0.455	0.678	0.594	0.557	0.499	0.136	0.133	0.133	0.132	0.696	0.684	0.520	0.453	0.663	0.702	0.584	0.494	0.135	0.135	0.129	0.132	0.706	0.584	0.542	0.483	0.637	0.586	0.569	0.483	0.131	0.134	0.131	0.133	0.786	0.589	0.568	0.485	0.713	0.642	0.579	0.497
38:40:03	0.119	0.237	0.130	0.133	0.763	0.647	0.559	0.503	0.666	0.623	0.641	0.501	0.139	0.139	0.132	0.129	0.699	0.605	0.562	0.493	0.651	0.575	0.554	0.499	0.139	0.143	0.145	0.140	0.651	0.601	0.560	0.550	0.637	0.584	0.562	0.497	0.138	0.138	0.132	0.141	0.665	0.610	0.548	0.480	0.654	0.599	0.562	0.510	0.135	0.137	0.131	0.135	0.634	0.665	0.523	0.455	0.677	0.592	0.555	0.498	0.136	0.133	0.133	0.132	0.696	0.684	0.518	0.452	0.661	0.702	0.582	0.492	0.135	0.135	0.129	0.132	0.705	0.582	0.541	0.483	0.636	0.583	0.566	0.482	0.131	0.134	0.130	0.133	0.788	0.588	0.567	0.485	0.712	0.641	0.578	0.497
39:00:02	0.119	0.238	0.130	0.133	0.764	0.646	0.558	0.503	0.665	0.622	0.641	0.500	0.139	0.139	0.132	0.129	0.697	0.604	0.561	0.493	0.649	0.573	0.553	0.498	0.139	0.143	0.145	0.140	0.651	0.599	0.559	0.549	0.635	0.582	0.561	0.497	0.138	0.137	0.132	0.141	0.664	0.608	0.547	0.479	0.653	0.595	0.561	0.510	0.135	0.137	0.131	0.135	0.633	0.662	0.522	0.455	0.676	0.589	0.552	0.497	0.136	0.133	0.133	0.132	0.695	0.684	0.517	0.452	0.659	0.702	0.581	0.493	0.135	0.135	0.129	0.132	0.704	0.580	0.538	0.483	0.635	0.581	0.564	0.482	0.131	0.134	0.130	0.133	0.790	0.587	0.567	0.484	0.714	0.640	0.577	0.497
39:20:03	0.119	0.237	0.129	0.133	0.764	0.644	0.557	0.502	0.665	0.621	0.641	0.500	0.139	0.139	0.131	0.129	0.696	0.601	0.560	0.494	0.648	0.571	0.552	0.498	0.139	0.143	0.145	0.140	0.649	0.597	0.559	0.548	0.635	0.580	0.561	0.496	0.138	0.138	0.132	0.141	0.663	0.606	0.546	0.480	0.653	0.593	0.559	0.509	0.135	0.137	0.131	0.135	0.631	0.660	0.521	0.455	0.675	0.587	0.550	0.497	0.136	0.133	0.133	0.132	0.695	0.684	0.515	0.452	0.658	0.702	0.580	0.491	0.135	0.135	0.129	0.132	0.703	0.578	0.537	0.483	0.635	0.579	0.561	0.481	0.131	0.134	0.130	0.133	0.792	0.587	0.566	0.484	0.714	0.640	0.576	0.497
39:40:03	0.118	0.239	0.129	0.133	0.765	0.643	0.556	0.502	0.665	0.620	0.641	0.499	0.139	0.138	0.131	0.129	0.694	0.599	0.559	0.493	0.647	0.569	0.551	0.497	0.139	0.143	0.145	0.140	0.648	0.596	0.557	0.547	0.634	0.579	0.560	0.495	0.138	0.138	0.132	0.141	0.661	0.603	0.545	0.479	0.652	0.591	0.558	0.508	0.135	0.137	0.131	0.135	0.630	0.657	0.520	0.455	0.674	0.585	0.548	0.496	0.136	0.133	0.133	0.132	0.694	0.684	0.514	0.452	0.656	0.702	0.578	0.490	0.134	0.135	0.129	0.132	0.702	0.576	0.535	0.483	0.634	0.577	0.559	0.481	0.131	0.134	0.130	0.133	0.794	0.587	0.566	0.484	0.714	0.639	0.576	0.497
40:00:03	0.118	0.238	0.130	0.133	0.766	0.641	0.555	0.502	0.666	0.619	0.642	0.500	0.139	0.138	0.131	0.129	0.693	0.597	0.558	0.494	0.646	0.568	0.550	0.498	0.139	0.143	0.145	0.140	0.647	0.595	0.557	0.547	0.633	0.577	0.560	0.495	0.138	0.138	0.132	0.141	0.660	0.602	0.544	0.479	0.651	0.589	0.557	0.509	0.135	0.137	0.131	0.135	0.629	0.655	0.520	0.455	0.674	0.584	0.546	0.496	0.136	0.133	0.133	0.132	0.695	0.685	0.513	0.451	0.655	0.703	0.577	0.490	0.134	0.135	0.129	0.132	0.701	0.574	0.535	0.483	0.634	0.576	0.557	0.481	0.132	0.134	0.130	0.133	0.798	0.588	0.565	0.484	0.714	0.639	0.576	0.497
40:20:02	0.118	0.240	0.129	0.133	0.767	0.640	0.554	0.502	0.666	0.618	0.642	0.499	0.139	0.138	0.131	0.129	0.692	0.596	0.557	0.494	0.644	0.566	0.549	0.497	0.139	0.143	0.145	0.140	0.645	0.593	0.556	0.545	0.632	0.575	0.560	0.494	0.138	0.137	0.132	0.140	0.658	0.600	0.544	0.479	0.651	0.587	0.556	0.508	0.135	0.137	0.131	0.135	0.627	0.652	0.518	0.454	0.672	0.581	0.544	0.495	0.136	0.133	0.133	0.132	0.693	0.685	0.512	0.451	0.653	0.703	0.576	0.489	0.134	0.135	0.129	0.132	0.700	0.573	0.533	0.483	0.632	0.574	0.555	0.481	0.131	0.134	0.130	0.133	0.799	0.588	0.565	0.484	0.714	0.639	0.575	0.497
40:40:03	0.118	0.240	0.129	0.133	0.769	0.639	0.554	0.502	0.667	0.617	0.642	0.499	0.139	0.139	0.131	0.128	0.690	0.593	0.556	0.494	0.643	0.564	0.548	0.497	0.139	0.143	0.145	0.140	0.645	0.591	0.555	0.545	0.632	0.574	0.559	0.493	0.138	0.138	0.132	0.140	0.657	0.598	0.543	0.478	0.649	0.587	0.555	0.507	0.135	0.137	0.131	0.135	0.626	0.652	0.518	0.455	0.670	0.579	0.542	0.495	0.136	0.133	0.133	0.132	0.693	0.684	0.512	0.451	0.651	0.703	0.574	0.489	0.135	0.135	0.129	0.132	0.699	0.571	0.531	0.483	0.631	0.572	0.553	0.480	0.131	0.134	0.130	0.133	0.801	0.589	0.565	0.484	0.712	0.639	0.575	0.497
41:00:03	0.117	0.238	0.129	0.133	0.770	0.637	0.553	0.502	0.668	0.617	0.643	0.499	0.139	0.138	0.131	0.129	0.689	0.592	0.555	0.494	0.642	0.563	0.547	0.496	0.139	0.143	0.145	0.140	0.643	0.590	0.554	0.543	0.631	0.572	0.559	0.492	0.138	0.138	0.132	0.140	0.656	0.596	0.542	0.479	0.649	0.585	0.554	0.507	0.135	0.137	0.131	0.135	0.626	0.650	0.517	0.454	0.669	0.578	0.540	0.495	0.136	0.133	0.133	0.132	0.692	0.685	0.511	0.451	0.650	0.702	0.573	0.488	0.134	0.135	0.129	0.132	0.699	0.569	0.530	0.482	0.631	0.571	0.551	0.480	0.131	0.134	0.130	0.133	0.806	0.593	0.564	0.484	0.713	0.640	0.575	0.497
41:20:03	0.117	0.237	0.129	0.133	0.771	0.637	0.552	0.502	0.667	0.615	0.643	0.499	0.139	0.138	0.131	0.129	0.688	0.590	0.554	0.494	0.640	0.561	0.546	0.496	0.139	0.143	0.145	0.140	0.642	0.588	0.553	0.543	0.630	0.571	0.558	0.492	0.138	0.137	0.132	0.140	0.655	0.594	0.541	0.478	0.649	0.583	0.553	0.506	0.135	0.137	0.131	0.135	0.625	0.647	0.516	0.454	0.668	0.575	0.538	0.493	0.136	0.133	0.133	0.132	0.691	0.685	0.509	0.450	0.648	0.701	0.572	0.487	0.135	0.135	0.129	0.132	0.698	0.567	0.530	0.482	0.631	0.570	0.549	0.479	0.131	0.134	0.130	0.133	0.808	0.593	0.563	0.483	0.712	0.639	0.574	0.496
41:40:03	0.117	0.238	0.129	0.133	0.772	0.635	0.551	0.502	0.670	0.614	0.643	0.498	0.140	0.138	0.131	0.129	0.685	0.588	0.553	0.493	0.639	0.559	0.544	0.495	0.139	0.143	0.145	0.140	0.641	0.587	0.552	0.541	0.629	0.569	0.557	0.491	0.138	0.138	0.132	0.140	0.654	0.591	0.540	0.477	0.647	0.581	0.553	0.507	0.135	0.136	0.131	0.135	0.623	0.644	0.514	0.454	0.666	0.573	0.536	0.493	0.136	0.133	0.133	0.132	0.690	0.684	0.508	0.449	0.647	0.700	0.570	0.487	0.135	0.135	0.129	0.131	0.697	0.565	0.529	0.481	0.630	0.567	0.547	0.479	0.131	0.133	0.130	0.133	0.816	0.592	0.563	0.483	0.711	0.639	0.574	0.496
42:00:03	0.117	0.240	0.129	0.133	0.774	0.634	0.550	0.502	0.668	0.614	0.643	0.498	0.140	0.138	0.131	0.129	0.685	0.586	0.553	0.493	0.638	0.558	0.544	0.495	0.139	0.143	0.144	0.140	0.639	0.585	0.551	0.541	0.628	0.568	0.557	0.490	0.138	0.138	0.132	0.140	0.652	0.589	0.539	0.477	0.647	0.579	0.552	0.506	0.135	0.137	0.131	0.135	0.621	0.641	0.513	0.454	0.665	0.571	0.534	0.493	0.136	0.133	0.133	0.132	0.690	0.684	0.507	0.449	0.646	0.700	0.569	0.487	0.135	0.135	0.129	0.132	0.695	0.564	0.527	0.481	0.629	0.565	0.546	0.479	0.131	0.133	0.130	0.133	0.819	0.591	0.563	0.483	0.710	0.639	0.574	0.496
42:20:03	0.117	0.207	0.129	0.133	0.778	0.633	0.550	0.502	0.667	0.613	0.644	0.499	0.140	0.139	0.131	0.129	0.683	0.584	0.552	0.493	0.637	0.557	0.541	0.495	0.139	0.143	0.145	0.140	0.639	0.583	0.550	0.539	0.628	0.566	0.556	0.489	0.138	0.137	0.133	0.141	0.653	0.589	0.540	0.478	0.648	0.576	0.550	0.505	0.135	0.136	0.131	0.135	0.621	0.641	0.515	0.455	0.665	0.570	0.532	0.491	0.136	0.132	0.133	0.132	0.691	0.686	0.508	0.450	0.646	0.700	0.568	0.484	0.135	0.135	0.129	0.132	0.698	0.562	0.529	0.482	0.629	0.563	0.544	0.478	0.131	0.133	0.130	0.133	0.827	0.592	0.565	0.484	0.710	0.640	0.574	0.497
42:40:03	0.117	0.240	0.129	0.133	0.777	0.632	0.549	0.501	0.666	0.612	0.644	0.498	0.139	0.138	0.131	0.128	0.682	0.582	0.550	0.492	0.636	0.555	0.541	0.494	0.139	0.143	0.144	0.140	0.637	0.581	0.549	0.538	0.626	0.564	0.555	0.488	0.138	0.138	0.132	0.140	0.650	0.585	0.538	0.476	0.645	0.575	0.549	0.504	0.134	0.137	0.131	0.135	0.619	0.636	0.511	0.453	0.662	0.568	0.531	0.491	0.136	0.132	0.133	0.132	0.688	0.683	0.505	0.449	0.642	0.699	0.566	0.486	0.135	0.135	0.129	0.132	0.694	0.560	0.524	0.481	0.627	0.562	0.542	0.478	0.131	0.133	0.130	0.133	0.826	0.593	0.561	0.483	0.708	0.639	0.573	0.496
43:00:03	0.117	0.241	0.130	0.133	0.780	0.632	0.548	0.502	0.664	0.611	0.645	0.498	0.139	0.138	0.131	0.129	0.681	0.579	0.550	0.492	0.635	0.554	0.540	0.494	0.139	0.143	0.144	0.140	0.636	0.580	0.548	0.536	0.625	0.563	0.555	0.488	0.138	0.138	0.132	0.140	0.649	0.584	0.537	0.476	0.644	0.574	0.549	0.506	0.135	0.137	0.131	0.135	0.618	0.633	0.510	0.454	0.661	0.566	0.529	0.491	0.136	0.133	0.133	0.132	0.686	0.684	0.505	0.449	0.641	0.699	0.565	0.486	0.135	0.135	0.129	0.132	0.694	0.558	0.524	0.480	0.626	0.560	0.541	0.477	0.131	0.133	0.130	0.133	0.826	0.594	0.561	0.483	0.709	0.639	0.573	0.496
43:20:03	0.118	0.208	0.129	0.133	0.784	0.631	0.548	0.502	0.661	0.610	0.645	0.499	0.139	0.139	0.131	0.129	0.680	0.578	0.550	0.492	0.634	0.553	0.538	0.495	0.139	0.144	0.145	0.140	0.635	0.579	0.547	0.537	0.625	0.561	0.554	0.487	0.138	0.137	0.133	0.141	0.649	0.582	0.538	0.477	0.644	0.572	0.546	0.504	0.135	0.136	0.131	0.135	0.618	0.633	0.512	0.456	0.661	0.564	0.527	0.490	0.136	0.132	0.133	0.132	0.688	0.685	0.506	0.450	0.641	0.699	0.564	0.483	0.135	0.135	0.129	0.132	0.696	0.557	0.527	0.482	0.626	0.559	0.539	0.477	0.131	0.133	0.130	0.133	0.842	0.596	0.564	0.483	0.708	0.640	0.574	0.496
43:40:03	0.117	0.241	0.129	0.133	0.784	0.630	0.547	0.501	0.659	0.610	0.646	0.497	0.139	0.138	0.131	0.129	0.679	0.576	0.548	0.491	0.632	0.552	0.538	0.494	0.139	0.143	0.144	0.140	0.634	0.578	0.546	0.534	0.623	0.560	0.554	0.487	0.138	0.138	0.132	0.140	0.647	0.580	0.536	0.476	0.642	0.572	0.547	0.505	0.134	0.137	0.131	0.135	0.616	0.628	0.508	0.453	0.657	0.562	0.527	0.490	0.136	0.133	0.133	0.132	0.684	0.683	0.503	0.447	0.638	0.697	0.562	0.485	0.135	0.135	0.129	0.132	0.692	0.555	0.523	0.480	0.623	0.558	0.538	0.477	0.131	0.133	0.130	0.133	0.847	0.597	0.560	0.482	0.706	0.639	0.573	0.496
44:00:03	0.117	0.240	0.129	0.133	0.786	0.630	0.546	0.501	0.658	0.610	0.646	0.497	0.140	0.138	0.131	0.128	0.678	0.574	0.546	0.491	0.631	0.550	0.537	0.493	0.139	0.143	0.144	0.140	0.632	0.577	0.545	0.533	0.622	0.559	0.553	0.486	0.138	0.138	0.132	0.140	0.646	0.578	0.535	0.475	0.642	0.570	0.545	0.504	0.134	0.136	0.131	0.135	0.615	0.625	0.506	0.453	0.655	0.560	0.525	0.489	0.136	0.133	0.133	0.132	0.683	0.683	0.502	0.447	0.636	0.696	0.561	0.483	0.135	0.135	0.129	0.132	0.691	0.554	0.521	0.479	0.622	0.556	0.536	0.476	0.131	0.133	0.130	0.133	0.851	0.598	0.559	0.481	0.705	0.639	0.573	0.496
44:20:03	0.117	0.240	0.129	0.133	0.788	0.628	0.545	0.501	0.657	0.609	0.646	0.497	0.139	0.138	0.131	0.128	0.677	0.573	0.546	0.490	0.629	0.549	0.536	0.493	0.139	0.143	0.144	0.140	0.631	0.575	0.544	0.532	0.621	0.558	0.552	0.485	0.138	0.138	0.132	0.140	0.645	0.576	0.534	0.475	0.641	0.568	0.544	0.504	0.134	0.136	0.131	0.135	0.614	0.622	0.505	0.453	0.654	0.559	0.524	0.489	0.136	0.133	0.133	0.132	0.682	0.682	0.502	0.447	0.634	0.695	0.560	0.484	0.135	0.135	0.129	0.132	0.690	0.552	0.520	0.479	0.622	0.554	0.535	0.477	0.131	0.133	0.130	0.132	0.856	0.604	0.559	0.482	0.704	0.640	0.574	0.497
44:40:03	0.117	0.240	0.129	0.133	0.790	0.628	0.545	0.501	0.658	0.609	0.647	0.498	0.139	0.138	0.131	0.128	0.676	0.571	0.545	0.490	0.629	0.547	0.535	0.492	0.139	0.143	0.144	0.140	0.630	0.573	0.543	0.531	0.620	0.556	0.551	0.485	0.137	0.137	0.132	0.140	0.643	0.575	0.533	0.474	0.640	0.567	0.544	0.504	0.134	0.136	0.131	0.135	0.612	0.620	0.504	0.452	0.652	0.557	0.524	0.489	0.136	0.132	0.133	0.132	0.681	0.683	0.501	0.446	0.632	0.694	0.558	0.484	0.135	0.135	0.129	0.132	0.690	0.550	0.519	0.478	0.620	0.553	0.534	0.476	0.131	0.133	0.130	0.132	0.864	0.604	0.558	0.481	0.703	0.640	0.574	0.497
45:00:03	0.117	0.241	0.129	0.133	0.793	0.627	0.544	0.501	0.659	0.609	0.648	0.497	0.139	0.137	0.131	0.128	0.675	0.569	0.544	0.490	0.628	0.547	0.535	0.492	0.139	0.143	0.144	0.140	0.629	0.572	0.542	0.530	0.619	0.556	0.551	0.484	0.137	0.137	0.132	0.140	0.643	0.574	0.533	0.474	0.639	0.566	0.543	0.504	0.134	0.136	0.131	0.135	0.611	0.617	0.503	0.452	0.650	0.556	0.522	0.488	0.136	0.133	0.133	0.132	0.680	0.682	0.500	0.446	0.631	0.693	0.557	0.483	0.135	0.135	0.129	0.132	0.689	0.549	0.518	0.478	0.620	0.551	0.532	0.476	0.131	0.133	0.130	0.132	0.866	0.609	0.557	0.481	0.703	0.640	0.574	0.498
45:20:03	0.117	0.240	0.129	0.133	0.795	0.627	0.543	0.501	0.658	0.610	0.649	0.497	0.139	0.138	0.131	0.129	0.674	0.568	0.543	0.490	0.626	0.546	0.534	0.491	0.139	0.143	0.144	0.140	0.628	0.571	0.542	0.529	0.619	0.555	0.551	0.484	0.137	0.137	0.133	0.140	0.642	0.572	0.532	0.474	0.639	0.564	0.542	0.504	0.134	0.136	0.131	0.135	0.611	0.616	0.503	0.452	0.649	0.554	0.522	0.488	0.136	0.133	0.133	0.132	0.679	0.681	0.500	0.447	0.630	0.693	0.556	0.484	0.134	0.135	0.129	0.131	0.688	0.548	0.517	0.478	0.619	0.550	0.531	0.476	0.131	0.133	0.130	0.133	0.872	0.610	0.557	0.481	0.701	0.641	0.574	0.499
45:40:03	0.118	0.241	0.129	0.133	0.798	0.626	0.543	0.501	0.660	0.609	0.649	0.497	0.140	0.137	0.131	0.129	0.673	0.568	0.542	0.489	0.626	0.544	0.533	0.491	0.139	0.143	0.144	0.140	0.627	0.570	0.541	0.528	0.618	0.553	0.550	0.483	0.137	0.137	0.132	0.140	0.641	0.571	0.531	0.474	0.638	0.563	0.540	0.505	0.134	0.136	0.131	0.135	0.610	0.613	0.502	0.451	0.648	0.553	0.520	0.488	0.136	0.133	0.133	0.132	0.679	0.680	0.500	0.445	0.629	0.691	0.555	0.484	0.134	0.135	0.129	0.132	0.687	0.546	0.517	0.477	0.618	0.549	0.530	0.476	0.131	0.133	0.130	0.133	0.878	0.613	0.557	0.481	0.701	0.642	0.575	0.499
46:00:03	0.118	0.239	0.129	0.133	0.800	0.626	0.542	0.500	0.659	0.609	0.650	0.497	0.139	0.137	0.131	0.128	0.672	0.565	0.542	0.489	0.624	0.544	0.532	0.491	0.139	0.143	0.144	0.140	0.627	0.569	0.540	0.527	0.618	0.552	0.550	0.483	0.137	0.137	0.132	0.140	0.640	0.569	0.531	0.474	0.638	0.562	0.540	0.504	0.134	0.136	0.131	0.135	0.609	0.611	0.501	0.451	0.647	0.551	0.520	0.487	0.136	0.132	0.133	0.132	0.678	0.681	0.499	0.445	0.627	0.691	0.553	0.483	0.134	0.135	0.129	0.131	0.686	0.544	0.516	0.477	0.617	0.547	0.528	0.476	0.131	0.133	0.130	0.132	0.882	0.615	0.556	0.481	0.697	0.643	0.575	0.500
46:20:03	0.118	0.239	0.129	0.133	0.803	0.625	0.541	0.500	0.658	0.609	0.651	0.497	0.139	0.138	0.131	0.128	0.671	0.565	0.541	0.489	0.623	0.543	0.532	0.489	0.139	0.143	0.144	0.140	0.625	0.569	0.539	0.526	0.617	0.551	0.549	0.483	0.137	0.137	0.133	0.140	0.639	0.567	0.530	0.474	0.636	0.561	0.539	0.504	0.134	0.136	0.131	0.134	0.608	0.608	0.500	0.451	0.646	0.550	0.518	0.487	0.136	0.133	0.134	0.132	0.675	0.679	0.497	0.444	0.625	0.688	0.552	0.484	0.134	0.135	0.129	0.132	0.686	0.542	0.515	0.477	0.616	0.546	0.526	0.475	0.131	0.133	0.130	0.132	0.884	0.611	0.554	0.480	0.689	0.643	0.574	0.500
46:40:03	0.118	0.234	0.129	0.133	0.806	0.625	0.541	0.500	0.658	0.610	0.651	0.497	0.139	0.137	0.131	0.129	0.670	0.564	0.540	0.488	0.622	0.542	0.531	0.488	0.139	0.143	0.144	0.140	0.624	0.567	0.538	0.525	0.616	0.550	0.548	0.483	0.137	0.137	0.133	0.140	0.638	0.566	0.529	0.473	0.635	0.560	0.537	0.504	0.134	0.136	0.131	0.134	0.607	0.607	0.499	0.451	0.645	0.548	0.517	0.487	0.136	0.133	0.133	0.132	0.674	0.677	0.496	0.444	0.624	0.687	0.550	0.484	0.134	0.135	0.129	0.132	0.685	0.541	0.515	0.477	0.615	0.545	0.525	0.475	0.131	0.133	0.130	0.132	0.887	0.618	0.554	0.481	0.693	0.644	0.574	0.500
47:00:03	0.118	0.241	0.129	0.133	0.809	0.625	0.540	0.500	0.657	0.609	0.652	0.497	0.139	0.137	0.131	0.128	0.669	0.563	0.540	0.488	0.621	0.541	0.530	0.489	0.139	0.143	0.144	0.140	0.623	0.566	0.537	0.523	0.615	0.549	0.548	0.482	0.137	0.136	0.133	0.141	0.637	0.565	0.528	0.474	0.633	0.558	0.537	0.505	0.134	0.136	0.131	0.134	0.605	0.605	0.498	0.451	0.643	0.546	0.516	0.487	0.136	0.133	0.133	0.132	0.673	0.677	0.496	0.443	0.622	0.685	0.549	0.483	0.134	0.135	0.129	0.131	0.684	0.540	0.514	0.476	0.614	0.543	0.523	0.475	0.131	0.133	0.130	0.132	0.891	0.620	0.554	0.481	0.692	0.643	0.575	0.501
47:20:03	0.119	0.240	0.129	0.133	0.811	0.625	0.539	0.500	0.657	0.611	0.653	0.497	0.139	0.137	0.131	0.128	0.668	0.562	0.539	0.488	0.620	0.539	0.529	0.488	0.139	0.143	0.144	0.140	0.622	0.564	0.536	0.523	0.614	0.547	0.547	0.482	0.137	0.137	0.133	0.141	0.636	0.563	0.528	0.473	0.634	0.557	0.536	0.504	0.134	0.136	0.131	0.134	0.605	0.602	0.497	0.450	0.641	0.545	0.515	0.486	0.136	0.133	0.133	0.132	0.672	0.677	0.495	0.443	0.621	0.683	0.548	0.483	0.134	0.135	0.129	0.131	0.683	0.538	0.513	0.476	0.612	0.542	0.522	0.475	0.131	0.133	0.130	0.132	0.897	0.624	0.553	0.481	0.690	0.645	0.575	0.502
47:40:03	0.119	0.232	0.129	0.133	0.815	0.625	0.539	0.500	0.658	0.609	0.653	0.497	0.140	0.137	0.131	0.128	0.667	0.561	0.538	0.488	0.619	0.539	0.529	0.488	0.139	0.144	0.144	0.140	0.621	0.563	0.536	0.522	0.614	0.546	0.547	0.482	0.137	0.137	0.133	0.140	0.635	0.562	0.527	0.473	0.632	0.556	0.535	0.504	0.134	0.136	0.130	0.134	0.604	0.601	0.497	0.450	0.639	0.543	0.513	0.486	0.136	0.133	0.133	0.132	0.670	0.675	0.493	0.443	0.619	0.682	0.547	0.483	0.134	0.135	0.129	0.131	0.682	0.537	0.512	0.476	0.611	0.541	0.520	0.475	0.131	0.133	0.130	0.132	0.891	0.624	0.552	0.480	0.685	0.645	0.576	0.503
48:00:03	0.119	0.232	0.129	0.133	0.820	0.626	0.539	0.500	0.658	0.610	0.655	0.497	0.140	0.137	0.131	0.129	0.667	0.559	0.538	0.487	0.618	0.538	0.528	0.488	0.139	0.144	0.144	0.140	0.620	0.562	0.535	0.521	0.613	0.545	0.546	0.482	0.137	0.137	0.133	0.140	0.634	0.561	0.527	0.473	0.632	0.554	0.534	0.504	0.134	0.136	0.131	0.134	0.602	0.597	0.496	0.450	0.637	0.542	0.512	0.486	0.136	0.133	0.133	0.132	0.669	0.675	0.493	0.443	0.617	0.681	0.546	0.483	0.134	0.135	0.129	0.132	0.681	0.535	0.511	0.475	0.610	0.541	0.519	0.475	0.131	0.133	0.130	0.133	0.891	0.632	0.552	0.481	0.677	0.647	0.576	0.504

