Field Group

Plate Comment:	
Procedure Summary
  Plate Type:              Corning 96 well for LogPhase600
  Plate Number:            1
  Discontinuous Kinetics:  Runtime 02:00:00 (D:HH:MM), Interval 00:20:00 (HH:MM:SS), 145 Reads (max)
  Read:                    600 nm
  Incubator:               On
    Temperature setpoint:  30 °C
    Temperature gradient:  Off
  Shaking:                 On
     Shaking frequency:    600 RPMs		
			
			

600

Time	A1	A2	A3	A4	A5	A6	A7	A8	A9	A10	A11	A12	B1	B2	B3	B4	B5	B6	B7	B8	B9	B10	B11	B12	C1	C2	C3	C4	C5	C6	C7	C8	C9	C10	C11	C12	D1	D2	D3	D4	D5	D6	D7	D8	D9	D10	D11	D12	E1	E2	E3	E4	E5	E6	E7	E8	E9	E10	E11	E12	F1	F2	F3	F4	F5	F6	F7	F8	F9	F10	F11	F12	G1	G2	G3	G4	G5	G6	G7	G8	G9	G10	G11	G12	H1	H2	H3	H4	H5	H6	H7	H8	H9	H10	H11	H12
0:00:00	0.115	0.115	0.116	0.115	0.118	0.113	0.116	0.116	0.117	0.116	0.117	0.118	0.115	0.114	0.115	0.117	0.116	0.116	0.114	0.116	0.117	0.119	0.115	0.118	0.117	0.116	0.117	0.116	0.117	0.115	0.115	0.116	0.115	0.115	0.120	0.116	0.117	0.083	0.109	0.117	0.102	0.113	0.118	0.120	0.117	0.083	0.084	0.120	0.115	0.083	0.102	0.105	0.099	0.086	0.110	0.085	0.119	0.085	0.084	0.121	0.116	0.114	0.117	0.097	0.115	0.112	0.119	0.115	0.117	0.089	0.117	0.117	0.115	0.116	0.103	0.102	0.089	0.118	0.119	0.121	0.085	0.120	0.118	0.116	0.117	0.116	0.116	0.118	0.115	0.115	0.116	0.117	0.121	0.119	0.121	0.118
0:20:00	0.115	0.115	0.117	0.115	0.118	0.113	0.116	0.116	0.117	0.116	0.118	0.119	0.114	0.114	0.116	0.117	0.116	0.116	0.114	0.116	0.116	0.119	0.116	0.118	0.117	0.116	0.117	0.116	0.117	0.114	0.114	0.116	0.116	0.115	0.120	0.116	0.116	0.084	0.107	0.117	0.103	0.113	0.118	0.120	0.117	0.084	0.085	0.121	0.115	0.083	0.102	0.105	0.099	0.086	0.111	0.084	0.119	0.118	0.085	0.121	0.115	0.114	0.117	0.086	0.115	0.114	0.119	0.115	0.117	0.091	0.118	0.117	0.115	0.116	0.103	0.103	0.089	0.119	0.116	0.121	0.085	0.120	0.118	0.117	0.116	0.116	0.117	0.118	0.115	0.115	0.116	0.117	0.122	0.119	0.122	0.119
0:40:00	0.115	0.115	0.117	0.116	0.118	0.113	0.116	0.116	0.117	0.116	0.118	0.119	0.114	0.115	0.116	0.117	0.116	0.115	0.114	0.116	0.116	0.120	0.117	0.118	0.117	0.117	0.118	0.116	0.117	0.113	0.114	0.115	0.117	0.116	0.120	0.117	0.117	0.084	0.105	0.118	0.103	0.113	0.116	0.120	0.117	0.084	0.085	0.122	0.115	0.084	0.102	0.106	0.099	0.086	0.112	0.084	0.119	0.119	0.085	0.122	0.116	0.115	0.116	0.085	0.115	0.114	0.119	0.115	0.117	0.091	0.118	0.118	0.116	0.117	0.103	0.103	0.088	0.118	0.116	0.121	0.085	0.120	0.119	0.118	0.116	0.116	0.117	0.119	0.115	0.115	0.116	0.117	0.121	0.119	0.122	0.119
1:00:00	0.116	0.115	0.118	0.116	0.118	0.113	0.116	0.116	0.117	0.116	0.119	0.119	0.114	0.115	0.117	0.118	0.116	0.116	0.114	0.116	0.117	0.120	0.117	0.119	0.118	0.117	0.118	0.116	0.117	0.113	0.114	0.115	0.117	0.116	0.121	0.117	0.117	0.084	0.104	0.119	0.103	0.113	0.116	0.120	0.117	0.084	0.086	0.122	0.115	0.084	0.102	0.107	0.099	0.086	0.112	0.084	0.119	0.118	0.086	0.122	0.116	0.115	0.116	0.085	0.115	0.115	0.119	0.115	0.117	0.091	0.119	0.119	0.116	0.117	0.104	0.103	0.087	0.118	0.116	0.121	0.085	0.120	0.119	0.118	0.116	0.117	0.119	0.119	0.115	0.115	0.116	0.117	0.122	0.119	0.123	0.120
1:20:00	0.116	0.116	0.118	0.117	0.118	0.113	0.116	0.116	0.118	0.116	0.119	0.120	0.115	0.115	0.117	0.119	0.117	0.116	0.114	0.116	0.117	0.120	0.118	0.120	0.118	0.117	0.119	0.117	0.117	0.113	0.114	0.115	0.117	0.116	0.122	0.118	0.117	0.084	0.106	0.119	0.103	0.114	0.116	0.120	0.118	0.084	0.087	0.123	0.115	0.084	0.103	0.107	0.099	0.086	0.112	0.084	0.119	0.118	0.087	0.123	0.116	0.115	0.118	0.087	0.115	0.115	0.119	0.115	0.118	0.092	0.119	0.119	0.116	0.117	0.103	0.103	0.087	0.119	0.116	0.122	0.086	0.120	0.120	0.119	0.116	0.116	0.121	0.120	0.115	0.115	0.116	0.117	0.122	0.119	0.124	0.121
1:40:00	0.117	0.116	0.119	0.118	0.118	0.113	0.116	0.116	0.118	0.116	0.120	0.120	0.115	0.116	0.118	0.119	0.117	0.115	0.114	0.116	0.117	0.121	0.119	0.121	0.118	0.117	0.120	0.117	0.117	0.113	0.114	0.115	0.117	0.116	0.122	0.119	0.117	0.084	0.105	0.120	0.103	0.113	0.116	0.120	0.118	0.084	0.088	0.124	0.116	0.084	0.103	0.108	0.099	0.086	0.112	0.084	0.120	0.118	0.088	0.124	0.117	0.115	0.118	0.086	0.115	0.115	0.119	0.115	0.117	0.092	0.121	0.121	0.117	0.117	0.106	0.105	0.086	0.119	0.116	0.121	0.086	0.121	0.121	0.120	0.117	0.117	0.122	0.121	0.115	0.116	0.116	0.117	0.122	0.119	0.125	0.122
2:00:00	0.117	0.117	0.122	0.120	0.118	0.113	0.116	0.116	0.118	0.117	0.123	0.121	0.116	0.116	0.119	0.121	0.116	0.115	0.114	0.116	0.117	0.121	0.120	0.122	0.119	0.118	0.121	0.118	0.117	0.113	0.115	0.115	0.117	0.116	0.123	0.120	0.118	0.085	0.105	0.120	0.104	0.113	0.116	0.120	0.118	0.084	0.090	0.126	0.117	0.084	0.104	0.109	0.098	0.086	0.112	0.084	0.120	0.118	0.089	0.126	0.117	0.115	0.119	0.086	0.115	0.115	0.119	0.115	0.118	0.092	0.122	0.123	0.117	0.117	0.110	0.107	0.086	0.118	0.116	0.121	0.086	0.121	0.123	0.122	0.117	0.117	0.126	0.123	0.115	0.116	0.116	0.117	0.123	0.119	0.128	0.124
2:20:00	0.118	0.117	0.126	0.121	0.118	0.113	0.116	0.116	0.119	0.117	0.126	0.123	0.117	0.116	0.122	0.123	0.116	0.115	0.114	0.116	0.118	0.121	0.123	0.124	0.119	0.118	0.124	0.119	0.117	0.114	0.115	0.115	0.117	0.117	0.125	0.122	0.119	0.085	0.107	0.122	0.103	0.114	0.117	0.120	0.118	0.084	0.092	0.128	0.117	0.085	0.106	0.110	0.098	0.086	0.112	0.084	0.120	0.118	0.092	0.128	0.118	0.116	0.120	0.088	0.115	0.115	0.119	0.115	0.118	0.092	0.125	0.125	0.118	0.117	0.113	0.109	0.086	0.119	0.116	0.121	0.086	0.121	0.126	0.124	0.118	0.117	0.130	0.125	0.115	0.115	0.116	0.117	0.123	0.119	0.131	0.126
2:40:00	0.118	0.117	0.129	0.123	0.118	0.113	0.116	0.116	0.119	0.117	0.128	0.126	0.117	0.117	0.127	0.126	0.117	0.115	0.114	0.115	0.118	0.121	0.126	0.126	0.120	0.119	0.129	0.121	0.117	0.114	0.115	0.115	0.118	0.117	0.128	0.125	0.119	0.085	0.112	0.124	0.104	0.114	0.117	0.121	0.119	0.085	0.095	0.130	0.118	0.085	0.110	0.112	0.099	0.086	0.112	0.085	0.121	0.119	0.095	0.130	0.119	0.116	0.124	0.090	0.115	0.115	0.119	0.115	0.118	0.093	0.128	0.127	0.118	0.118	0.117	0.110	0.086	0.119	0.115	0.121	0.087	0.121	0.129	0.126	0.119	0.117	0.135	0.127	0.114	0.115	0.115	0.117	0.123	0.119	0.133	0.129
3:00:00	0.119	0.117	0.133	0.125	0.118	0.113	0.116	0.116	0.120	0.117	0.131	0.129	0.118	0.117	0.133	0.128	0.116	0.115	0.114	0.115	0.119	0.122	0.129	0.128	0.121	0.119	0.135	0.124	0.118	0.115	0.116	0.116	0.119	0.117	0.132	0.127	0.120	0.085	0.117	0.126	0.105	0.115	0.118	0.122	0.120	0.085	0.098	0.132	0.119	0.085	0.114	0.115	0.099	0.087	0.113	0.086	0.122	0.119	0.097	0.132	0.120	0.116	0.129	0.093	0.115	0.115	0.119	0.115	0.119	0.094	0.131	0.130	0.120	0.118	0.122	0.113	0.086	0.119	0.116	0.121	0.088	0.121	0.131	0.129	0.120	0.117	0.141	0.129	0.114	0.116	0.116	0.117	0.124	0.120	0.137	0.131
3:20:00	0.120	0.118	0.139	0.127	0.118	0.113	0.116	0.116	0.121	0.118	0.134	0.131	0.119	0.117	0.139	0.131	0.116	0.115	0.114	0.115	0.120	0.122	0.132	0.131	0.122	0.119	0.141	0.127	0.118	0.115	0.117	0.117	0.120	0.117	0.135	0.129	0.122	0.087	0.124	0.129	0.105	0.116	0.118	0.122	0.121	0.085	0.101	0.134	0.120	0.085	0.120	0.118	0.100	0.088	0.115	0.086	0.123	0.119	0.101	0.134	0.121	0.117	0.135	0.095	0.115	0.116	0.119	0.115	0.120	0.095	0.134	0.132	0.121	0.119	0.128	0.115	0.086	0.119	0.115	0.121	0.089	0.122	0.135	0.131	0.121	0.118	0.148	0.132	0.114	0.116	0.116	0.117	0.125	0.120	0.140	0.135
3:40:00	0.122	0.119	0.146	0.129	0.118	0.113	0.116	0.116	0.123	0.118	0.137	0.133	0.120	0.118	0.147	0.133	0.116	0.115	0.114	0.115	0.121	0.122	0.137	0.134	0.124	0.118	0.149	0.129	0.118	0.115	0.116	0.116	0.122	0.118	0.139	0.132	0.123	0.087	0.133	0.132	0.105	0.116	0.118	0.121	0.121	0.085	0.106	0.137	0.121	0.085	0.128	0.121	0.100	0.088	0.115	0.086	0.124	0.119	0.104	0.137	0.123	0.117	0.144	0.097	0.115	0.115	0.119	0.115	0.121	0.095	0.139	0.135	0.123	0.118	0.135	0.116	0.087	0.119	0.115	0.121	0.090	0.122	0.139	0.135	0.123	0.118	0.156	0.135	0.114	0.115	0.116	0.116	0.126	0.120	0.144	0.138
4:00:00	0.123	0.121	0.155	0.132	0.118	0.113	0.116	0.116	0.124	0.118	0.142	0.136	0.123	0.118	0.157	0.136	0.116	0.116	0.114	0.115	0.123	0.123	0.141	0.138	0.127	0.119	0.159	0.133	0.118	0.115	0.116	0.116	0.122	0.119	0.145	0.136	0.126	0.088	0.141	0.135	0.104	0.116	0.118	0.121	0.123	0.086	0.111	0.140	0.123	0.085	0.138	0.124	0.100	0.088	0.118	0.086	0.124	0.120	0.109	0.140	0.124	0.118	0.154	0.100	0.115	0.116	0.119	0.115	0.122	0.096	0.144	0.139	0.123	0.120	0.145	0.119	0.087	0.119	0.115	0.121	0.092	0.122	0.143	0.139	0.126	0.119	0.167	0.138	0.114	0.115	0.116	0.117	0.127	0.121	0.150	0.142
4:20:00	0.123	0.120	0.168	0.135	0.118	0.113	0.116	0.116	0.125	0.119	0.148	0.140	0.122	0.119	0.168	0.139	0.116	0.115	0.114	0.115	0.124	0.124	0.147	0.142	0.129	0.120	0.171	0.136	0.118	0.115	0.117	0.117	0.124	0.119	0.151	0.140	0.127	0.088	0.150	0.138	0.105	0.115	0.118	0.122	0.125	0.087	0.117	0.143	0.125	0.087	0.146	0.128	0.099	0.088	0.118	0.086	0.126	0.120	0.115	0.143	0.128	0.119	0.162	0.103	0.115	0.116	0.119	0.115	0.123	0.097	0.151	0.143	0.127	0.120	0.157	0.124	0.086	0.119	0.115	0.121	0.093	0.123	0.150	0.143	0.127	0.119	0.179	0.142	0.114	0.115	0.115	0.116	0.128	0.121	0.156	0.145
4:40:00	0.128	0.122	0.177	0.139	0.118	0.113	0.116	0.116	0.126	0.120	0.156	0.144	0.124	0.120	0.177	0.143	0.116	0.115	0.114	0.115	0.126	0.124	0.154	0.146	0.130	0.121	0.179	0.140	0.118	0.115	0.117	0.117	0.126	0.119	0.158	0.145	0.130	0.090	0.159	0.142	0.105	0.116	0.118	0.122	0.127	0.087	0.125	0.147	0.127	0.088	0.155	0.133	0.100	0.088	0.119	0.086	0.128	0.121	0.122	0.147	0.130	0.120	0.159	0.107	0.115	0.116	0.119	0.115	0.126	0.098	0.158	0.147	0.128	0.120	0.166	0.128	0.086	0.119	0.115	0.121	0.094	0.124	0.157	0.147	0.129	0.119	0.186	0.145	0.114	0.115	0.115	0.116	0.130	0.122	0.165	0.150
5:00:00	0.129	0.122	0.188	0.143	0.118	0.113	0.116	0.116	0.128	0.121	0.165	0.148	0.127	0.121	0.187	0.146	0.116	0.115	0.114	0.115	0.127	0.124	0.163	0.150	0.131	0.120	0.187	0.143	0.118	0.115	0.117	0.117	0.128	0.120	0.168	0.148	0.131	0.091	0.167	0.146	0.106	0.116	0.118	0.123	0.129	0.088	0.134	0.152	0.131	0.087	0.163	0.138	0.100	0.088	0.119	0.086	0.129	0.122	0.131	0.151	0.130	0.120	0.166	0.111	0.115	0.117	0.119	0.115	0.127	0.097	0.168	0.151	0.131	0.122	0.177	0.131	0.086	0.119	0.115	0.121	0.096	0.125	0.166	0.151	0.133	0.120	0.194	0.149	0.114	0.116	0.115	0.117	0.131	0.123	0.175	0.154
5:20:00	0.132	0.123	0.195	0.146	0.118	0.113	0.115	0.116	0.130	0.122	0.175	0.153	0.132	0.122	0.194	0.150	0.116	0.116	0.114	0.115	0.130	0.126	0.173	0.154	0.138	0.124	0.195	0.148	0.119	0.116	0.118	0.117	0.130	0.121	0.177	0.153	0.134	0.091	0.175	0.150	0.106	0.117	0.119	0.124	0.130	0.089	0.143	0.156	0.133	0.088	0.170	0.143	0.100	0.089	0.119	0.087	0.133	0.122	0.141	0.155	0.134	0.120	0.174	0.115	0.116	0.117	0.119	0.115	0.128	0.099	0.177	0.155	0.137	0.124	0.185	0.136	0.085	0.119	0.115	0.121	0.097	0.124	0.175	0.156	0.139	0.121	0.202	0.153	0.114	0.116	0.116	0.116	0.134	0.124	0.182	0.159
5:40:00	0.132	0.123	0.204	0.150	0.118	0.113	0.116	0.116	0.133	0.121	0.185	0.158	0.134	0.124	0.203	0.155	0.116	0.115	0.114	0.115	0.131	0.126	0.182	0.160	0.137	0.126	0.203	0.152	0.119	0.117	0.118	0.118	0.135	0.123	0.186	0.158	0.139	0.092	0.182	0.155	0.107	0.117	0.120	0.124	0.133	0.089	0.152	0.162	0.139	0.092	0.179	0.149	0.101	0.090	0.120	0.088	0.134	0.124	0.151	0.159	0.139	0.122	0.182	0.119	0.116	0.117	0.119	0.115	0.130	0.100	0.186	0.160	0.141	0.125	0.194	0.139	0.086	0.119	0.115	0.121	0.100	0.125	0.184	0.161	0.141	0.121	0.212	0.158	0.114	0.116	0.115	0.116	0.136	0.123	0.192	0.164
6:00:00	0.136	0.124	0.213	0.155	0.118	0.113	0.116	0.116	0.134	0.121	0.192	0.162	0.142	0.124	0.212	0.159	0.116	0.116	0.114	0.115	0.134	0.127	0.189	0.163	0.144	0.126	0.211	0.157	0.119	0.117	0.118	0.118	0.138	0.125	0.194	0.162	0.145	0.091	0.192	0.159	0.106	0.118	0.119	0.124	0.135	0.090	0.159	0.166	0.145	0.090	0.188	0.153	0.102	0.091	0.120	0.088	0.137	0.124	0.158	0.164	0.145	0.123	0.193	0.124	0.116	0.117	0.119	0.115	0.133	0.101	0.193	0.162	0.146	0.122	0.201	0.141	0.086	0.119	0.115	0.121	0.102	0.127	0.191	0.164	0.148	0.124	0.220	0.162	0.114	0.115	0.115	0.116	0.137	0.125	0.199	0.169
6:20:00	0.140	0.126	0.221	0.158	0.118	0.113	0.116	0.116	0.136	0.122	0.201	0.166	0.146	0.125	0.220	0.163	0.117	0.116	0.114	0.115	0.137	0.128	0.198	0.168	0.147	0.127	0.220	0.161	0.119	0.117	0.119	0.119	0.140	0.127	0.202	0.166	0.149	0.091	0.199	0.163	0.107	0.118	0.120	0.125	0.139	0.092	0.167	0.171	0.147	0.093	0.197	0.157	0.102	0.091	0.121	0.089	0.140	0.126	0.166	0.168	0.148	0.121	0.201	0.128	0.116	0.117	0.119	0.116	0.136	0.099	0.202	0.168	0.147	0.127	0.211	0.147	0.086	0.119	0.116	0.121	0.106	0.127	0.200	0.169	0.150	0.124	0.228	0.165	0.114	0.116	0.116	0.116	0.139	0.126	0.208	0.174
6:40:00	0.143	0.127	0.227	0.162	0.118	0.113	0.116	0.116	0.138	0.126	0.210	0.169	0.146	0.124	0.226	0.167	0.116	0.116	0.114	0.115	0.138	0.132	0.207	0.171	0.151	0.128	0.226	0.164	0.120	0.118	0.119	0.119	0.141	0.126	0.211	0.171	0.152	0.095	0.206	0.168	0.108	0.119	0.121	0.125	0.140	0.094	0.176	0.175	0.150	0.092	0.203	0.162	0.102	0.092	0.121	0.089	0.142	0.127	0.175	0.172	0.151	0.122	0.207	0.132	0.116	0.117	0.119	0.116	0.138	0.104	0.211	0.172	0.151	0.125	0.219	0.152	0.086	0.119	0.116	0.121	0.105	0.131	0.209	0.173	0.154	0.127	0.236	0.170	0.114	0.116	0.116	0.116	0.142	0.127	0.217	0.178
7:00:00	0.145	0.128	0.234	0.165	0.118	0.113	0.116	0.116	0.139	0.127	0.219	0.174	0.147	0.128	0.233	0.170	0.117	0.116	0.114	0.115	0.140	0.131	0.215	0.175	0.154	0.130	0.233	0.168	0.120	0.118	0.120	0.119	0.142	0.129	0.220	0.175	0.155	0.098	0.213	0.172	0.108	0.119	0.121	0.125	0.142	0.100	0.184	0.180	0.150	0.096	0.209	0.168	0.102	0.092	0.121	0.090	0.144	0.129	0.184	0.177	0.151	0.130	0.213	0.137	0.116	0.117	0.119	0.116	0.140	0.103	0.219	0.175	0.151	0.128	0.225	0.155	0.085	0.119	0.116	0.121	0.106	0.132	0.218	0.178	0.153	0.128	0.242	0.175	0.114	0.116	0.116	0.116	0.141	0.133	0.225	0.182
7:20:00	0.148	0.130	0.241	0.169	0.118	0.113	0.116	0.116	0.139	0.131	0.226	0.179	0.146	0.131	0.239	0.175	0.117	0.116	0.114	0.115	0.140	0.135	0.222	0.179	0.157	0.131	0.241	0.173	0.120	0.118	0.120	0.120	0.143	0.134	0.228	0.180	0.160	0.101	0.221	0.177	0.109	0.120	0.121	0.126	0.144	0.101	0.191	0.184	0.148	0.099	0.215	0.172	0.103	0.093	0.122	0.090	0.145	0.133	0.191	0.182	0.151	0.131	0.219	0.143	0.116	0.117	0.119	0.116	0.141	0.106	0.226	0.179	0.152	0.131	0.231	0.161	0.085	0.119	0.116	0.121	0.107	0.135	0.225	0.181	0.155	0.130	0.249	0.179	0.114	0.116	0.116	0.116	0.142	0.132	0.232	0.188
7:40:01	0.154	0.132	0.248	0.173	0.118	0.113	0.116	0.116	0.140	0.134	0.233	0.184	0.146	0.132	0.247	0.179	0.116	0.116	0.114	0.115	0.140	0.137	0.229	0.184	0.159	0.133	0.249	0.178	0.120	0.118	0.120	0.120	0.145	0.134	0.234	0.185	0.166	0.102	0.233	0.182	0.108	0.120	0.121	0.125	0.148	0.101	0.198	0.188	0.150	0.101	0.221	0.177	0.103	0.092	0.122	0.090	0.147	0.134	0.197	0.187	0.154	0.132	0.225	0.147	0.116	0.117	0.119	0.116	0.145	0.108	0.233	0.184	0.158	0.132	0.239	0.167	0.085	0.119	0.116	0.121	0.109	0.136	0.232	0.188	0.161	0.132	0.257	0.184	0.114	0.116	0.116	0.116	0.143	0.134	0.238	0.194
8:00:01	0.153	0.133	0.256	0.179	0.118	0.113	0.116	0.116	0.141	0.135	0.240	0.190	0.149	0.134	0.254	0.184	0.116	0.116	0.115	0.115	0.141	0.140	0.236	0.190	0.170	0.136	0.259	0.183	0.120	0.119	0.121	0.120	0.147	0.137	0.241	0.190	0.174	0.104	0.249	0.185	0.109	0.121	0.122	0.126	0.151	0.103	0.204	0.196	0.156	0.103	0.228	0.180	0.103	0.094	0.122	0.091	0.150	0.135	0.204	0.192	0.161	0.135	0.233	0.155	0.117	0.117	0.119	0.116	0.148	0.111	0.240	0.190	0.167	0.135	0.245	0.170	0.085	0.119	0.116	0.121	0.110	0.137	0.239	0.192	0.169	0.136	0.263	0.190	0.114	0.116	0.116	0.116	0.144	0.135	0.245	0.199
8:20:01	0.165	0.134	0.260	0.184	0.118	0.113	0.115	0.116	0.140	0.135	0.246	0.196	0.156	0.135	0.261	0.189	0.117	0.116	0.115	0.115	0.142	0.140	0.242	0.194	0.167	0.136	0.268	0.187	0.120	0.119	0.121	0.121	0.151	0.137	0.248	0.195	0.167	0.105	0.262	0.191	0.110	0.121	0.122	0.127	0.156	0.103	0.211	0.200	0.160	0.103	0.233	0.185	0.104	0.094	0.122	0.091	0.154	0.136	0.211	0.197	0.165	0.136	0.240	0.159	0.117	0.117	0.119	0.116	0.152	0.112	0.246	0.194	0.170	0.136	0.252	0.176	0.085	0.119	0.116	0.121	0.111	0.138	0.245	0.197	0.176	0.138	0.270	0.197	0.114	0.116	0.115	0.116	0.146	0.136	0.252	0.205
8:40:01	0.157	0.134	0.269	0.190	0.118	0.113	0.115	0.116	0.140	0.136	0.253	0.200	0.152	0.135	0.267	0.193	0.116	0.116	0.114	0.115	0.142	0.140	0.247	0.199	0.165	0.136	0.276	0.193	0.121	0.119	0.121	0.121	0.156	0.137	0.254	0.199	0.172	0.106	0.273	0.196	0.110	0.121	0.122	0.127	0.164	0.103	0.218	0.206	0.167	0.104	0.239	0.190	0.104	0.094	0.123	0.092	0.161	0.136	0.218	0.199	0.170	0.137	0.247	0.164	0.117	0.117	0.119	0.116	0.158	0.111	0.253	0.199	0.176	0.136	0.258	0.181	0.084	0.119	0.116	0.121	0.114	0.138	0.252	0.202	0.177	0.139	0.277	0.202	0.114	0.116	0.116	0.116	0.146	0.136	0.259	0.210
9:00:01	0.161	0.137	0.274	0.196	0.118	0.113	0.115	0.116	0.140	0.137	0.261	0.206	0.164	0.138	0.275	0.200	0.116	0.116	0.115	0.114	0.141	0.141	0.253	0.203	0.177	0.139	0.282	0.198	0.121	0.120	0.122	0.121	0.159	0.139	0.262	0.205	0.181	0.108	0.275	0.200	0.111	0.121	0.123	0.127	0.167	0.104	0.225	0.212	0.179	0.106	0.246	0.196	0.104	0.095	0.123	0.092	0.169	0.137	0.225	0.207	0.182	0.141	0.251	0.171	0.117	0.117	0.119	0.116	0.165	0.112	0.260	0.203	0.184	0.139	0.265	0.188	0.084	0.119	0.116	0.121	0.117	0.139	0.260	0.208	0.184	0.143	0.284	0.208	0.114	0.116	0.115	0.116	0.145	0.137	0.267	0.215
9:20:01	0.174	0.141	0.282	0.202	0.118	0.113	0.115	0.116	0.141	0.142	0.268	0.213	0.172	0.143	0.283	0.204	0.117	0.116	0.114	0.114	0.140	0.143	0.262	0.205	0.194	0.145	0.295	0.203	0.121	0.120	0.122	0.121	0.159	0.141	0.268	0.211	0.200	0.114	0.278	0.207	0.110	0.121	0.122	0.127	0.171	0.107	0.232	0.218	0.191	0.112	0.253	0.203	0.104	0.095	0.123	0.092	0.175	0.140	0.232	0.215	0.194	0.154	0.258	0.180	0.117	0.117	0.119	0.116	0.171	0.115	0.267	0.210	0.195	0.143	0.271	0.194	0.084	0.119	0.116	0.121	0.119	0.141	0.267	0.213	0.197	0.159	0.291	0.216	0.114	0.116	0.115	0.116	0.144	0.138	0.274	0.222
9:40:01	0.195	0.152	0.291	0.208	0.118	0.113	0.115	0.116	0.141	0.147	0.273	0.220	0.196	0.155	0.289	0.210	0.116	0.116	0.115	0.114	0.141	0.147	0.267	0.213	0.208	0.160	0.310	0.209	0.121	0.121	0.122	0.122	0.163	0.146	0.275	0.217	0.210	0.126	0.282	0.216	0.111	0.123	0.123	0.128	0.175	0.114	0.238	0.225	0.205	0.114	0.262	0.210	0.105	0.096	0.124	0.093	0.183	0.147	0.239	0.221	0.207	0.163	0.263	0.187	0.117	0.117	0.120	0.116	0.178	0.122	0.274	0.216	0.206	0.147	0.278	0.201	0.084	0.119	0.116	0.121	0.120	0.149	0.274	0.219	0.206	0.166	0.297	0.223	0.114	0.116	0.115	0.116	0.145	0.145	0.281	0.229
10:00:01	0.207	0.153	0.299	0.215	0.118	0.113	0.115	0.116	0.142	0.149	0.282	0.226	0.208	0.149	0.296	0.216	0.117	0.116	0.115	0.114	0.142	0.147	0.273	0.218	0.213	0.153	0.319	0.215	0.121	0.120	0.122	0.122	0.166	0.148	0.282	0.225	0.215	0.122	0.288	0.223	0.112	0.122	0.123	0.128	0.176	0.116	0.244	0.232	0.211	0.120	0.267	0.219	0.105	0.096	0.124	0.093	0.189	0.147	0.245	0.228	0.211	0.153	0.272	0.194	0.117	0.117	0.120	0.117	0.184	0.121	0.280	0.223	0.210	0.156	0.284	0.206	0.084	0.119	0.116	0.121	0.123	0.147	0.280	0.226	0.209	0.164	0.304	0.230	0.114	0.116	0.115	0.116	0.147	0.144	0.287	0.236
10:20:01	0.213	0.149	0.307	0.220	0.118	0.113	0.115	0.116	0.143	0.161	0.290	0.233	0.214	0.154	0.304	0.222	0.117	0.116	0.115	0.114	0.144	0.156	0.280	0.226	0.215	0.157	0.321	0.222	0.122	0.121	0.123	0.122	0.169	0.153	0.289	0.231	0.217	0.133	0.297	0.231	0.112	0.123	0.124	0.129	0.178	0.121	0.251	0.239	0.212	0.130	0.274	0.226	0.105	0.097	0.124	0.093	0.197	0.157	0.252	0.235	0.213	0.163	0.279	0.201	0.117	0.117	0.120	0.117	0.189	0.129	0.286	0.229	0.211	0.164	0.290	0.212	0.084	0.119	0.116	0.121	0.126	0.154	0.287	0.233	0.209	0.163	0.312	0.237	0.114	0.116	0.115	0.116	0.149	0.148	0.294	0.245
10:40:01	0.216	0.161	0.315	0.226	0.118	0.113	0.115	0.116	0.144	0.178	0.298	0.240	0.216	0.174	0.312	0.230	0.116	0.116	0.115	0.114	0.144	0.177	0.287	0.232	0.216	0.183	0.324	0.229	0.122	0.121	0.123	0.122	0.171	0.173	0.295	0.238	0.217	0.154	0.301	0.239	0.112	0.123	0.123	0.128	0.179	0.140	0.258	0.246	0.213	0.151	0.282	0.233	0.105	0.097	0.124	0.093	0.202	0.176	0.260	0.242	0.213	0.183	0.287	0.208	0.117	0.117	0.120	0.117	0.193	0.150	0.294	0.236	0.212	0.183	0.296	0.219	0.083	0.119	0.116	0.121	0.127	0.172	0.294	0.240	0.210	0.179	0.319	0.244	0.114	0.116	0.116	0.116	0.151	0.167	0.301	0.252
11:00:01	0.217	0.179	0.323	0.234	0.118	0.113	0.115	0.117	0.144	0.190	0.306	0.248	0.217	0.189	0.320	0.237	0.116	0.117	0.115	0.115	0.145	0.191	0.295	0.238	0.217	0.194	0.330	0.234	0.122	0.122	0.124	0.123	0.178	0.192	0.302	0.246	0.217	0.164	0.303	0.247	0.112	0.125	0.125	0.129	0.185	0.150	0.265	0.253	0.214	0.162	0.289	0.241	0.107	0.099	0.125	0.094	0.209	0.186	0.266	0.250	0.214	0.193	0.294	0.215	0.118	0.117	0.120	0.117	0.200	0.164	0.301	0.244	0.212	0.191	0.304	0.226	0.083	0.118	0.115	0.121	0.127	0.183	0.302	0.248	0.210	0.190	0.326	0.252	0.114	0.116	0.115	0.116	0.151	0.180	0.307	0.258
11:20:01	0.219	0.190	0.331	0.241	0.118	0.113	0.115	0.117	0.148	0.195	0.315	0.255	0.219	0.198	0.328	0.244	0.116	0.117	0.115	0.115	0.147	0.197	0.302	0.244	0.218	0.201	0.338	0.242	0.123	0.123	0.125	0.124	0.181	0.198	0.309	0.252	0.217	0.169	0.313	0.256	0.113	0.127	0.126	0.130	0.189	0.156	0.273	0.260	0.215	0.167	0.297	0.248	0.109	0.100	0.126	0.096	0.216	0.191	0.273	0.257	0.214	0.198	0.302	0.221	0.118	0.118	0.120	0.117	0.210	0.170	0.308	0.250	0.213	0.196	0.312	0.233	0.083	0.118	0.116	0.121	0.128	0.188	0.308	0.255	0.210	0.195	0.332	0.258	0.114	0.116	0.115	0.116	0.152	0.185	0.314	0.263
11:40:01	0.220	0.198	0.339	0.247	0.118	0.113	0.115	0.117	0.159	0.203	0.323	0.261	0.220	0.203	0.335	0.251	0.117	0.117	0.115	0.114	0.157	0.203	0.310	0.252	0.218	0.204	0.341	0.249	0.123	0.123	0.125	0.124	0.187	0.202	0.316	0.258	0.218	0.172	0.317	0.262	0.114	0.127	0.126	0.130	0.200	0.165	0.278	0.266	0.216	0.170	0.303	0.254	0.109	0.100	0.126	0.095	0.224	0.199	0.281	0.260	0.215	0.201	0.309	0.227	0.118	0.118	0.120	0.117	0.217	0.178	0.314	0.256	0.214	0.199	0.319	0.238	0.083	0.118	0.116	0.121	0.132	0.196	0.315	0.261	0.211	0.197	0.339	0.263	0.114	0.116	0.115	0.116	0.156	0.190	0.320	0.268
12:00:01	0.222	0.203	0.346	0.253	0.118	0.113	0.115	0.117	0.166	0.205	0.330	0.267	0.222	0.208	0.344	0.257	0.117	0.117	0.115	0.115	0.167	0.208	0.318	0.256	0.220	0.209	0.346	0.255	0.123	0.123	0.125	0.124	0.193	0.207	0.323	0.264	0.218	0.176	0.321	0.267	0.113	0.126	0.125	0.130	0.207	0.169	0.285	0.272	0.217	0.174	0.310	0.259	0.108	0.100	0.126	0.095	0.233	0.203	0.287	0.268	0.217	0.204	0.319	0.232	0.118	0.118	0.120	0.117	0.225	0.182	0.321	0.262	0.216	0.203	0.326	0.244	0.083	0.118	0.115	0.121	0.142	0.200	0.322	0.266	0.212	0.199	0.345	0.268	0.114	0.116	0.115	0.116	0.166	0.197	0.327	0.275
12:20:01	0.225	0.208	0.354	0.259	0.118	0.113	0.115	0.116	0.171	0.206	0.337	0.273	0.225	0.209	0.352	0.262	0.117	0.117	0.115	0.115	0.174	0.209	0.324	0.263	0.222	0.210	0.352	0.261	0.123	0.123	0.124	0.123	0.195	0.208	0.328	0.269	0.219	0.177	0.329	0.269	0.114	0.125	0.125	0.130	0.210	0.171	0.290	0.278	0.220	0.174	0.318	0.262	0.107	0.099	0.126	0.095	0.234	0.203	0.290	0.275	0.220	0.204	0.328	0.236	0.118	0.118	0.120	0.117	0.229	0.180	0.326	0.267	0.219	0.203	0.334	0.247	0.083	0.119	0.116	0.121	0.152	0.202	0.328	0.272	0.214	0.201	0.353	0.273	0.114	0.116	0.115	0.116	0.179	0.199	0.336	0.282
12:40:01	0.228	0.210	0.362	0.265	0.118	0.113	0.115	0.116	0.175	0.206	0.343	0.279	0.226	0.208	0.360	0.267	0.117	0.117	0.115	0.114	0.178	0.209	0.331	0.270	0.223	0.209	0.355	0.264	0.123	0.123	0.124	0.123	0.199	0.208	0.335	0.275	0.220	0.176	0.334	0.275	0.115	0.125	0.125	0.130	0.215	0.172	0.295	0.285	0.222	0.174	0.325	0.265	0.107	0.099	0.126	0.095	0.239	0.204	0.297	0.281	0.222	0.203	0.334	0.241	0.118	0.118	0.120	0.117	0.232	0.181	0.335	0.273	0.221	0.203	0.341	0.252	0.083	0.119	0.116	0.121	0.159	0.203	0.336	0.278	0.216	0.201	0.359	0.278	0.114	0.116	0.116	0.116	0.187	0.201	0.345	0.290
13:00:01	0.230	0.210	0.368	0.272	0.118	0.113	0.115	0.116	0.178	0.205	0.349	0.285	0.228	0.207	0.366	0.275	0.117	0.117	0.116	0.114	0.182	0.209	0.337	0.275	0.224	0.208	0.363	0.270	0.123	0.124	0.125	0.124	0.205	0.208	0.344	0.281	0.221	0.175	0.341	0.275	0.116	0.126	0.126	0.131	0.222	0.174	0.303	0.291	0.224	0.173	0.332	0.275	0.108	0.100	0.127	0.097	0.244	0.204	0.305	0.287	0.224	0.203	0.339	0.245	0.119	0.118	0.120	0.117	0.237	0.181	0.339	0.279	0.222	0.203	0.348	0.257	0.083	0.119	0.116	0.121	0.164	0.203	0.342	0.283	0.218	0.200	0.365	0.284	0.114	0.116	0.116	0.116	0.194	0.202	0.353	0.296
13:20:01	0.233	0.210	0.374	0.279	0.118	0.113	0.115	0.116	0.181	0.205	0.354	0.292	0.229	0.207	0.372	0.280	0.117	0.117	0.115	0.114	0.187	0.209	0.346	0.281	0.225	0.208	0.369	0.276	0.123	0.123	0.125	0.124	0.210	0.209	0.350	0.288	0.223	0.175	0.346	0.283	0.116	0.126	0.126	0.131	0.227	0.175	0.309	0.298	0.225	0.173	0.338	0.280	0.108	0.100	0.127	0.096	0.248	0.205	0.312	0.293	0.225	0.203	0.348	0.252	0.119	0.118	0.120	0.117	0.242	0.181	0.347	0.285	0.224	0.202	0.354	0.264	0.083	0.119	0.116	0.121	0.170	0.205	0.347	0.290	0.220	0.199	0.374	0.292	0.114	0.116	0.115	0.116	0.199	0.203	0.359	0.304
13:40:01	0.236	0.211	0.380	0.286	0.118	0.113	0.115	0.117	0.185	0.205	0.360	0.298	0.230	0.207	0.378	0.289	0.117	0.117	0.115	0.115	0.194	0.208	0.353	0.287	0.226	0.208	0.372	0.279	0.123	0.123	0.125	0.124	0.220	0.210	0.357	0.295	0.224	0.174	0.350	0.288	0.113	0.126	0.126	0.130	0.233	0.177	0.317	0.305	0.225	0.173	0.345	0.287	0.108	0.100	0.126	0.095	0.254	0.206	0.319	0.301	0.226	0.204	0.352	0.257	0.119	0.118	0.120	0.117	0.245	0.184	0.356	0.292	0.225	0.202	0.362	0.274	0.082	0.118	0.115	0.121	0.175	0.206	0.355	0.298	0.221	0.199	0.384	0.297	0.114	0.116	0.115	0.116	0.203	0.205	0.364	0.310
14:00:01	0.239	0.211	0.385	0.297	0.118	0.113	0.115	0.116	0.188	0.205	0.366	0.305	0.232	0.207	0.385	0.294	0.117	0.117	0.116	0.114	0.197	0.209	0.358	0.291	0.228	0.208	0.379	0.288	0.123	0.123	0.125	0.124	0.222	0.212	0.363	0.302	0.226	0.175	0.358	0.297	0.115	0.125	0.126	0.130	0.236	0.179	0.324	0.313	0.227	0.174	0.352	0.289	0.107	0.099	0.126	0.095	0.256	0.207	0.326	0.308	0.228	0.205	0.360	0.265	0.119	0.118	0.120	0.117	0.249	0.183	0.361	0.298	0.227	0.203	0.369	0.280	0.082	0.119	0.115	0.121	0.182	0.207	0.362	0.310	0.225	0.200	0.391	0.304	0.114	0.116	0.115	0.116	0.211	0.207	0.370	0.318
14:20:01	0.241	0.212	0.391	0.305	0.117	0.113	0.115	0.117	0.192	0.205	0.370	0.312	0.233	0.207	0.390	0.301	0.117	0.117	0.116	0.115	0.204	0.209	0.364	0.297	0.228	0.208	0.386	0.292	0.124	0.124	0.126	0.124	0.234	0.214	0.371	0.308	0.227	0.175	0.364	0.302	0.114	0.127	0.126	0.131	0.242	0.181	0.330	0.320	0.227	0.175	0.358	0.298	0.109	0.101	0.127	0.096	0.262	0.210	0.331	0.317	0.229	0.206	0.365	0.271	0.119	0.118	0.120	0.117	0.251	0.187	0.366	0.304	0.228	0.203	0.376	0.287	0.082	0.118	0.115	0.121	0.185	0.209	0.369	0.318	0.225	0.200	0.397	0.311	0.114	0.116	0.115	0.116	0.214	0.208	0.376	0.324
14:40:01	0.245	0.213	0.399	0.315	0.117	0.113	0.115	0.116	0.195	0.205	0.377	0.319	0.236	0.208	0.396	0.307	0.117	0.117	0.116	0.114	0.211	0.210	0.370	0.302	0.232	0.210	0.393	0.299	0.124	0.124	0.126	0.125	0.238	0.215	0.376	0.315	0.231	0.177	0.373	0.308	0.117	0.128	0.127	0.131	0.249	0.182	0.335	0.333	0.230	0.176	0.365	0.303	0.110	0.102	0.128	0.097	0.263	0.210	0.336	0.325	0.233	0.208	0.372	0.279	0.119	0.118	0.121	0.118	0.255	0.185	0.372	0.311	0.232	0.205	0.380	0.290	0.083	0.119	0.115	0.121	0.191	0.210	0.373	0.323	0.230	0.202	0.402	0.316	0.114	0.116	0.115	0.116	0.222	0.209	0.381	0.331
15:00:01	0.247	0.214	0.405	0.319	0.117	0.113	0.115	0.117	0.199	0.206	0.383	0.326	0.236	0.208	0.402	0.313	0.117	0.117	0.115	0.114	0.218	0.211	0.377	0.308	0.230	0.210	0.398	0.303	0.124	0.124	0.126	0.125	0.246	0.217	0.383	0.321	0.229	0.176	0.377	0.313	0.115	0.128	0.127	0.131	0.252	0.184	0.341	0.339	0.228	0.177	0.369	0.311	0.110	0.102	0.127	0.096	0.267	0.213	0.343	0.332	0.230	0.208	0.374	0.285	0.119	0.118	0.121	0.118	0.258	0.188	0.378	0.317	0.230	0.205	0.388	0.301	0.082	0.118	0.115	0.121	0.196	0.212	0.380	0.328	0.228	0.202	0.406	0.323	0.114	0.116	0.115	0.116	0.225	0.211	0.387	0.338
15:20:01	0.251	0.215	0.411	0.327	0.117	0.113	0.115	0.117	0.203	0.207	0.389	0.333	0.237	0.209	0.408	0.319	0.117	0.117	0.116	0.115	0.224	0.212	0.383	0.313	0.231	0.212	0.404	0.309	0.124	0.124	0.126	0.125	0.250	0.219	0.390	0.329	0.232	0.177	0.381	0.321	0.115	0.128	0.127	0.131	0.256	0.186	0.347	0.348	0.228	0.177	0.375	0.316	0.110	0.102	0.128	0.096	0.269	0.215	0.349	0.340	0.232	0.209	0.381	0.291	0.119	0.118	0.121	0.118	0.261	0.190	0.385	0.323	0.231	0.206	0.392	0.305	0.082	0.118	0.115	0.121	0.201	0.214	0.386	0.334	0.230	0.203	0.410	0.329	0.114	0.116	0.115	0.116	0.230	0.212	0.393	0.344
15:40:01	0.255	0.216	0.415	0.330	0.117	0.113	0.115	0.117	0.207	0.209	0.395	0.340	0.237	0.210	0.413	0.322	0.117	0.117	0.116	0.114	0.229	0.214	0.390	0.318	0.232	0.213	0.409	0.314	0.124	0.124	0.126	0.125	0.255	0.220	0.396	0.334	0.233	0.178	0.387	0.326	0.115	0.128	0.127	0.131	0.259	0.188	0.353	0.356	0.227	0.179	0.380	0.321	0.110	0.102	0.128	0.096	0.272	0.217	0.355	0.353	0.232	0.210	0.388	0.297	0.119	0.118	0.121	0.118	0.263	0.192	0.391	0.329	0.232	0.208	0.397	0.311	0.082	0.118	0.115	0.121	0.205	0.216	0.393	0.340	0.231	0.204	0.415	0.335	0.114	0.116	0.115	0.116	0.234	0.213	0.400	0.350
16:00:01	0.258	0.217	0.420	0.338	0.117	0.113	0.115	0.117	0.213	0.210	0.402	0.348	0.236	0.211	0.418	0.328	0.117	0.117	0.116	0.114	0.234	0.216	0.395	0.324	0.233	0.214	0.415	0.320	0.125	0.125	0.127	0.125	0.259	0.222	0.402	0.341	0.235	0.179	0.393	0.331	0.116	0.129	0.127	0.132	0.262	0.190	0.359	0.358	0.227	0.179	0.385	0.328	0.111	0.103	0.128	0.097	0.276	0.219	0.361	0.357	0.233	0.210	0.391	0.304	0.120	0.119	0.121	0.118	0.265	0.194	0.396	0.334	0.232	0.209	0.402	0.317	0.082	0.118	0.115	0.121	0.210	0.218	0.399	0.345	0.232	0.205	0.420	0.341	0.114	0.116	0.115	0.116	0.238	0.215	0.406	0.355
16:20:01	0.259	0.218	0.426	0.341	0.117	0.113	0.115	0.117	0.216	0.212	0.408	0.354	0.236	0.211	0.423	0.332	0.116	0.117	0.115	0.114	0.239	0.217	0.401	0.329	0.233	0.214	0.420	0.325	0.124	0.124	0.126	0.125	0.263	0.223	0.409	0.345	0.235	0.180	0.398	0.337	0.115	0.128	0.127	0.131	0.266	0.192	0.365	0.363	0.227	0.180	0.390	0.332	0.110	0.102	0.128	0.096	0.276	0.221	0.367	0.362	0.233	0.211	0.396	0.308	0.120	0.118	0.121	0.118	0.267	0.195	0.403	0.341	0.231	0.210	0.407	0.322	0.082	0.118	0.115	0.121	0.214	0.220	0.406	0.351	0.233	0.206	0.426	0.346	0.114	0.116	0.115	0.116	0.242	0.216	0.413	0.360
16:40:01	0.260	0.219	0.432	0.350	0.117	0.113	0.115	0.117	0.220	0.213	0.414	0.360	0.235	0.212	0.429	0.336	0.117	0.117	0.115	0.114	0.243	0.219	0.408	0.335	0.233	0.215	0.425	0.330	0.124	0.124	0.126	0.125	0.265	0.224	0.416	0.352	0.235	0.181	0.403	0.340	0.115	0.128	0.127	0.131	0.268	0.194	0.371	0.368	0.227	0.181	0.394	0.336	0.110	0.102	0.128	0.096	0.278	0.223	0.374	0.366	0.234	0.212	0.401	0.313	0.120	0.118	0.121	0.118	0.269	0.196	0.410	0.345	0.231	0.211	0.413	0.327	0.082	0.118	0.115	0.121	0.218	0.221	0.413	0.354	0.233	0.208	0.432	0.350	0.114	0.116	0.115	0.116	0.245	0.218	0.420	0.365
17:00:01	0.262	0.221	0.440	0.353	0.117	0.113	0.115	0.117	0.225	0.215	0.422	0.364	0.236	0.214	0.435	0.341	0.117	0.117	0.115	0.114	0.248	0.221	0.415	0.339	0.233	0.216	0.430	0.334	0.124	0.124	0.125	0.124	0.268	0.225	0.422	0.357	0.235	0.182	0.407	0.345	0.114	0.127	0.126	0.131	0.272	0.196	0.378	0.373	0.227	0.183	0.400	0.340	0.109	0.101	0.127	0.095	0.280	0.224	0.380	0.370	0.233	0.213	0.406	0.318	0.119	0.118	0.120	0.117	0.270	0.199	0.417	0.348	0.230	0.213	0.419	0.331	0.081	0.118	0.115	0.121	0.221	0.223	0.419	0.360	0.233	0.209	0.438	0.355	0.114	0.116	0.115	0.116	0.248	0.219	0.428	0.370
17:20:01	0.262	0.222	0.448	0.355	0.117	0.113	0.115	0.117	0.229	0.217	0.428	0.368	0.236	0.214	0.442	0.346	0.117	0.117	0.115	0.114	0.252	0.224	0.422	0.343	0.233	0.217	0.435	0.338	0.124	0.123	0.125	0.124	0.271	0.226	0.429	0.361	0.237	0.184	0.413	0.350	0.114	0.127	0.126	0.131	0.274	0.198	0.385	0.377	0.226	0.184	0.405	0.345	0.108	0.100	0.127	0.095	0.282	0.226	0.387	0.376	0.233	0.213	0.410	0.322	0.119	0.118	0.120	0.117	0.269	0.200	0.424	0.352	0.230	0.214	0.424	0.335	0.081	0.118	0.115	0.121	0.224	0.224	0.426	0.365	0.233	0.210	0.443	0.360	0.114	0.116	0.115	0.115	0.251	0.221	0.435	0.376
17:40:01	0.264	0.222	0.456	0.358	0.117	0.113	0.115	0.117	0.233	0.219	0.435	0.374	0.235	0.215	0.450	0.349	0.117	0.117	0.116	0.114	0.255	0.225	0.428	0.347	0.232	0.218	0.440	0.343	0.123	0.123	0.125	0.124	0.273	0.228	0.436	0.366	0.238	0.184	0.417	0.354	0.113	0.126	0.126	0.130	0.276	0.200	0.391	0.382	0.225	0.184	0.410	0.348	0.108	0.100	0.126	0.094	0.284	0.228	0.394	0.383	0.232	0.214	0.414	0.326	0.119	0.118	0.120	0.117	0.270	0.203	0.431	0.357	0.229	0.215	0.429	0.339	0.082	0.118	0.116	0.121	0.228	0.226	0.433	0.370	0.233	0.210	0.449	0.363	0.114	0.116	0.115	0.116	0.253	0.222	0.442	0.381
18:00:01	0.266	0.223	0.463	0.361	0.118	0.113	0.115	0.116	0.234	0.221	0.443	0.379	0.236	0.216	0.456	0.353	0.117	0.117	0.115	0.114	0.257	0.227	0.435	0.353	0.233	0.220	0.446	0.349	0.123	0.123	0.124	0.123	0.273	0.229	0.443	0.372	0.241	0.187	0.423	0.358	0.114	0.124	0.125	0.129	0.279	0.203	0.399	0.387	0.226	0.185	0.417	0.351	0.106	0.098	0.126	0.094	0.286	0.229	0.401	0.387	0.233	0.214	0.420	0.329	0.118	0.118	0.120	0.117	0.272	0.203	0.438	0.362	0.232	0.217	0.435	0.343	0.082	0.119	0.116	0.121	0.233	0.228	0.440	0.374	0.237	0.213	0.456	0.367	0.114	0.116	0.115	0.116	0.257	0.224	0.449	0.387
18:20:01	0.267	0.225	0.469	0.363	0.117	0.113	0.115	0.117	0.242	0.225	0.449	0.384	0.235	0.217	0.463	0.358	0.117	0.117	0.115	0.115	0.261	0.230	0.442	0.356	0.232	0.221	0.450	0.352	0.123	0.123	0.125	0.124	0.277	0.232	0.451	0.378	0.240	0.188	0.426	0.362	0.113	0.126	0.126	0.130	0.280	0.205	0.406	0.393	0.225	0.186	0.422	0.357	0.108	0.100	0.127	0.094	0.287	0.232	0.407	0.391	0.231	0.215	0.425	0.333	0.119	0.118	0.120	0.117	0.273	0.206	0.445	0.366	0.229	0.218	0.441	0.348	0.081	0.118	0.116	0.121	0.234	0.230	0.447	0.379	0.235	0.213	0.461	0.372	0.114	0.116	0.115	0.116	0.257	0.225	0.455	0.392
18:40:01	0.268	0.226	0.473	0.366	0.117	0.113	0.115	0.117	0.244	0.227	0.456	0.388	0.235	0.219	0.467	0.362	0.117	0.117	0.116	0.114	0.264	0.232	0.448	0.359	0.233	0.222	0.454	0.356	0.123	0.123	0.125	0.124	0.279	0.233	0.458	0.383	0.241	0.189	0.430	0.368	0.113	0.126	0.126	0.130	0.282	0.207	0.412	0.398	0.224	0.187	0.427	0.360	0.108	0.100	0.127	0.094	0.289	0.234	0.413	0.396	0.231	0.216	0.430	0.337	0.119	0.118	0.120	0.118	0.274	0.208	0.452	0.370	0.228	0.220	0.447	0.352	0.081	0.118	0.116	0.121	0.237	0.231	0.454	0.384	0.236	0.214	0.520	0.376	0.114	0.116	0.115	0.116	0.260	0.227	0.461	0.397
19:00:01	0.271	0.228	0.495	0.369	0.117	0.113	0.115	0.117	0.246	0.229	0.463	0.393	0.235	0.221	0.488	0.367	0.117	0.117	0.116	0.114	0.266	0.236	0.454	0.364	0.232	0.223	0.501	0.359	0.124	0.123	0.125	0.124	0.281	0.235	0.465	0.388	0.242	0.189	0.469	0.371	0.114	0.127	0.126	0.130	0.283	0.209	0.418	0.404	0.223	0.189	0.472	0.365	0.108	0.100	0.127	0.095	0.290	0.236	0.419	0.401	0.231	0.216	0.469	0.341	0.119	0.118	0.121	0.118	0.275	0.210	0.458	0.374	0.227	0.221	0.504	0.356	0.081	0.118	0.116	0.121	0.239	0.233	0.461	0.389	0.237	0.214	0.541	0.380	0.114	0.116	0.115	0.116	0.263	0.229	0.468	0.402
19:20:01	0.272	0.229	0.517	0.372	0.117	0.113	0.115	0.116	0.246	0.231	0.469	0.397	0.235	0.222	0.505	0.370	0.117	0.117	0.115	0.114	0.267	0.237	0.460	0.368	0.233	0.223	0.523	0.365	0.123	0.122	0.124	0.123	0.280	0.235	0.470	0.394	0.244	0.191	0.492	0.373	0.114	0.124	0.125	0.129	0.286	0.210	0.424	0.408	0.223	0.191	0.487	0.368	0.106	0.098	0.126	0.094	0.291	0.238	0.425	0.405	0.233	0.217	0.487	0.345	0.118	0.118	0.120	0.117	0.275	0.209	0.464	0.378	0.229	0.221	0.524	0.360	0.081	0.119	0.116	0.121	0.243	0.235	0.466	0.393	0.241	0.216	0.553	0.384	0.114	0.116	0.115	0.116	0.266	0.230	0.477	0.406
19:40:01	0.274	0.231	0.529	0.376	0.117	0.113	0.115	0.117	0.248	0.234	0.480	0.402	0.236	0.223	0.514	0.374	0.117	0.117	0.115	0.114	0.270	0.240	0.466	0.373	0.233	0.224	0.530	0.367	0.123	0.123	0.125	0.124	0.282	0.238	0.477	0.397	0.245	0.190	0.499	0.378	0.113	0.126	0.125	0.130	0.286	0.211	0.430	0.413	0.222	0.191	0.494	0.373	0.107	0.099	0.126	0.094	0.292	0.242	0.432	0.410	0.231	0.218	0.499	0.349	0.119	0.118	0.120	0.117	0.275	0.213	0.472	0.382	0.228	0.222	0.533	0.365	0.081	0.118	0.116	0.121	0.243	0.236	0.473	0.398	0.241	0.216	0.556	0.388	0.114	0.116	0.115	0.115	0.269	0.233	0.530	0.411
20:00:01	0.277	0.232	0.537	0.379	0.117	0.113	0.115	0.116	0.248	0.235	0.547	0.407	0.237	0.223	0.521	0.379	0.117	0.117	0.116	0.114	0.270	0.241	0.475	0.377	0.234	0.225	0.534	0.374	0.124	0.124	0.126	0.124	0.281	0.239	0.522	0.401	0.247	0.192	0.504	0.383	0.116	0.126	0.126	0.131	0.288	0.214	0.456	0.417	0.223	0.192	0.502	0.378	0.107	0.100	0.128	0.096	0.294	0.245	0.464	0.414	0.233	0.219	0.506	0.353	0.119	0.118	0.121	0.118	0.277	0.213	0.527	0.386	0.230	0.224	0.539	0.369	0.081	0.119	0.116	0.121	0.247	0.238	0.523	0.403	0.245	0.217	0.556	0.393	0.114	0.116	0.115	0.115	0.270	0.235	0.555	0.416
20:20:01	0.280	0.232	0.542	0.382	0.117	0.113	0.115	0.116	0.253	0.237	0.568	0.412	0.237	0.224	0.525	0.382	0.117	0.117	0.115	0.114	0.272	0.243	0.522	0.382	0.233	0.227	0.535	0.377	0.123	0.123	0.125	0.123	0.281	0.239	0.545	0.406	0.248	0.192	0.508	0.386	0.114	0.125	0.125	0.130	0.290	0.217	0.502	0.421	0.223	0.193	0.504	0.381	0.106	0.099	0.127	0.095	0.295	0.247	0.520	0.419	0.234	0.220	0.509	0.357	0.119	0.118	0.120	0.117	0.277	0.216	0.549	0.390	0.230	0.225	0.540	0.374	0.081	0.119	0.116	0.121	0.249	0.240	0.545	0.407	0.247	0.218	0.556	0.397	0.114	0.116	0.115	0.115	0.270	0.236	0.567	0.420
20:40:01	0.281	0.234	0.545	0.386	0.117	0.113	0.115	0.117	0.258	0.240	0.577	0.416	0.237	0.225	0.528	0.386	0.116	0.117	0.116	0.114	0.275	0.245	0.539	0.385	0.233	0.228	0.534	0.380	0.124	0.124	0.125	0.124	0.284	0.243	0.555	0.410	0.249	0.192	0.504	0.392	0.114	0.127	0.126	0.130	0.291	0.220	0.516	0.426	0.222	0.194	0.504	0.387	0.108	0.101	0.127	0.095	0.296	0.249	0.535	0.427	0.233	0.221	0.508	0.361	0.119	0.118	0.121	0.118	0.276	0.218	0.560	0.393	0.229	0.225	0.539	0.379	0.081	0.118	0.116	0.121	0.247	0.241	0.557	0.413	0.246	0.217	0.554	0.401	0.114	0.116	0.115	0.116	0.272	0.235	0.574	0.423
21:00:01	0.283	0.235	0.547	0.390	0.117	0.113	0.115	0.116	0.259	0.241	0.582	0.421	0.237	0.224	0.530	0.390	0.117	0.117	0.116	0.114	0.275	0.246	0.549	0.390	0.234	0.228	0.534	0.385	0.124	0.124	0.125	0.124	0.282	0.244	0.561	0.415	0.252	0.195	0.506	0.394	0.116	0.126	0.126	0.130	0.293	0.222	0.525	0.431	0.223	0.196	0.506	0.390	0.108	0.100	0.128	0.095	0.297	0.250	0.541	0.430	0.235	0.222	0.510	0.364	0.119	0.118	0.121	0.118	0.278	0.219	0.566	0.397	0.233	0.227	0.538	0.382	0.081	0.119	0.116	0.121	0.251	0.244	0.564	0.417	0.250	0.219	0.552	0.404	0.114	0.116	0.115	0.115	0.275	0.237	0.581	0.426
21:20:01	0.284	0.238	0.548	0.393	0.117	0.113	0.115	0.116	0.261	0.243	0.585	0.426	0.237	0.225	0.531	0.393	0.116	0.117	0.115	0.114	0.276	0.248	0.554	0.392	0.234	0.230	0.534	0.389	0.123	0.123	0.124	0.123	0.282	0.246	0.565	0.420	0.253	0.195	0.505	0.397	0.114	0.124	0.125	0.129	0.293	0.224	0.530	0.435	0.224	0.196	0.506	0.392	0.106	0.099	0.126	0.094	0.297	0.250	0.544	0.435	0.236	0.223	0.509	0.369	0.118	0.118	0.120	0.117	0.278	0.221	0.570	0.401	0.234	0.227	0.539	0.385	0.081	0.119	0.116	0.121	0.252	0.246	0.568	0.421	0.252	0.220	0.552	0.409	0.114	0.116	0.115	0.115	0.276	0.239	0.585	0.435
21:40:01	0.286	0.241	0.551	0.396	0.118	0.113	0.115	0.116	0.263	0.246	0.587	0.430	0.238	0.226	0.532	0.397	0.117	0.117	0.116	0.114	0.277	0.253	0.559	0.397	0.236	0.232	0.534	0.392	0.122	0.122	0.124	0.123	0.283	0.247	0.568	0.424	0.255	0.196	0.506	0.402	0.113	0.123	0.124	0.129	0.293	0.225	0.534	0.440	0.225	0.196	0.506	0.396	0.104	0.097	0.126	0.093	0.298	0.252	0.546	0.439	0.238	0.224	0.510	0.372	0.118	0.118	0.120	0.117	0.278	0.223	0.573	0.406	0.235	0.228	0.539	0.389	0.081	0.119	0.116	0.121	0.254	0.247	0.571	0.427	0.253	0.221	0.551	0.413	0.114	0.116	0.115	0.116	0.279	0.242	0.588	0.445
22:00:01	0.289	0.244	0.551	0.400	0.117	0.113	0.115	0.116	0.264	0.249	0.589	0.433	0.239	0.226	0.534	0.400	0.117	0.117	0.115	0.114	0.277	0.256	0.562	0.401	0.237	0.233	0.534	0.397	0.122	0.122	0.124	0.123	0.282	0.249	0.571	0.426	0.256	0.197	0.506	0.408	0.113	0.123	0.125	0.129	0.294	0.227	0.536	0.443	0.227	0.197	0.506	0.400	0.105	0.097	0.126	0.093	0.299	0.253	0.547	0.441	0.239	0.224	0.510	0.375	0.118	0.118	0.120	0.117	0.278	0.225	0.575	0.410	0.236	0.228	0.538	0.391	0.081	0.119	0.116	0.121	0.255	0.247	0.573	0.430	0.254	0.221	0.550	0.415	0.114	0.116	0.115	0.116	0.279	0.245	0.590	0.504
22:20:01	0.291	0.245	0.553	0.403	0.117	0.113	0.115	0.116	0.265	0.252	0.590	0.437	0.240	0.227	0.536	0.404	0.117	0.117	0.116	0.114	0.278	0.258	0.565	0.404	0.239	0.235	0.534	0.400	0.123	0.123	0.124	0.123	0.283	0.252	0.573	0.433	0.258	0.197	0.506	0.408	0.114	0.124	0.125	0.129	0.296	0.230	0.538	0.482	0.228	0.198	0.507	0.402	0.105	0.098	0.126	0.094	0.300	0.254	0.548	0.480	0.240	0.224	0.510	0.379	0.119	0.118	0.120	0.117	0.279	0.226	0.576	0.418	0.237	0.228	0.538	0.395	0.081	0.119	0.116	0.121	0.256	0.247	0.575	0.459	0.254	0.222	0.550	0.418	0.114	0.116	0.115	0.116	0.281	0.247	0.593	0.524
22:40:01	0.292	0.246	0.554	0.407	0.117	0.113	0.115	0.116	0.265	0.255	0.591	0.452	0.240	0.228	0.537	0.408	0.117	0.117	0.116	0.114	0.278	0.260	0.568	0.425	0.240	0.236	0.535	0.403	0.123	0.123	0.124	0.123	0.284	0.255	0.575	0.471	0.258	0.197	0.506	0.415	0.114	0.124	0.125	0.130	0.297	0.231	0.540	0.512	0.229	0.199	0.506	0.406	0.105	0.099	0.127	0.094	0.301	0.255	0.549	0.510	0.241	0.224	0.510	0.382	0.118	0.118	0.120	0.117	0.281	0.229	0.577	0.459	0.238	0.228	0.538	0.398	0.081	0.119	0.116	0.121	0.257	0.248	0.577	0.489	0.256	0.223	0.553	0.448	0.114	0.116	0.115	0.116	0.281	0.248	0.595	0.535
23:00:01	0.293	0.247	0.555	0.414	0.117	0.113	0.115	0.116	0.265	0.257	0.593	0.489	0.242	0.229	0.538	0.412	0.116	0.117	0.115	0.114	0.277	0.261	0.570	0.453	0.242	0.236	0.536	0.407	0.123	0.122	0.124	0.123	0.283	0.256	0.577	0.491	0.260	0.199	0.507	0.419	0.114	0.124	0.125	0.129	0.299	0.233	0.541	0.520	0.231	0.201	0.508	0.437	0.105	0.098	0.126	0.093	0.301	0.256	0.549	0.527	0.242	0.224	0.510	0.402	0.118	0.118	0.120	0.117	0.282	0.230	0.578	0.475	0.239	0.229	0.538	0.422	0.081	0.119	0.116	0.121	0.257	0.250	0.579	0.505	0.257	0.224	0.552	0.477	0.114	0.116	0.115	0.116	0.286	0.250	0.597	0.542
23:20:01	0.294	0.247	0.556	0.439	0.117	0.113	0.115	0.116	0.266	0.260	0.594	0.508	0.243	0.229	0.539	0.434	0.117	0.117	0.116	0.114	0.279	0.262	0.572	0.467	0.243	0.237	0.536	0.433	0.123	0.123	0.125	0.123	0.285	0.259	0.578	0.505	0.261	0.199	0.507	0.449	0.115	0.125	0.126	0.130	0.301	0.235	0.542	0.531	0.231	0.202	0.508	0.454	0.106	0.099	0.127	0.095	0.303	0.257	0.550	0.536	0.243	0.224	0.510	0.427	0.119	0.118	0.120	0.118	0.285	0.232	0.579	0.488	0.240	0.229	0.538	0.448	0.081	0.119	0.116	0.121	0.259	0.252	0.579	0.517	0.259	0.225	0.552	0.493	0.114	0.116	0.115	0.116	0.286	0.253	0.598	0.545
23:40:01	0.295	0.249	0.558	0.469	0.117	0.113	0.115	0.116	0.268	0.262	0.595	0.520	0.244	0.231	0.541	0.459	0.117	0.117	0.116	0.114	0.279	0.264	0.573	0.477	0.244	0.237	0.536	0.452	0.123	0.123	0.125	0.124	0.285	0.261	0.579	0.518	0.261	0.200	0.508	0.463	0.115	0.126	0.126	0.130	0.302	0.235	0.543	0.541	0.232	0.202	0.508	0.463	0.106	0.100	0.127	0.095	0.304	0.260	0.550	0.544	0.243	0.225	0.510	0.440	0.119	0.118	0.121	0.118	0.286	0.234	0.579	0.497	0.241	0.230	0.537	0.462	0.081	0.118	0.116	0.121	0.260	0.254	0.580	0.524	0.260	0.226	0.551	0.503	0.114	0.116	0.115	0.116	0.291	0.255	0.600	0.547
24:00:01	0.297	0.251	0.560	0.486	0.117	0.113	0.115	0.117	0.268	0.264	0.596	0.529	0.245	0.231	0.543	0.475	0.117	0.117	0.116	0.114	0.278	0.265	0.575	0.486	0.244	0.237	0.537	0.465	0.123	0.123	0.125	0.123	0.287	0.262	0.581	0.523	0.261	0.200	0.509	0.474	0.114	0.125	0.126	0.130	0.303	0.237	0.543	0.543	0.231	0.202	0.509	0.473	0.106	0.099	0.127	0.094	0.304	0.263	0.550	0.550	0.243	0.225	0.510	0.449	0.118	0.118	0.120	0.117	0.287	0.235	0.580	0.505	0.242	0.231	0.537	0.472	0.081	0.119	0.116	0.121	0.261	0.256	0.581	0.529	0.260	0.227	0.553	0.509	0.114	0.116	0.115	0.116	0.292	0.256	0.601	0.548
24:20:01	0.299	0.254	0.563	0.497	0.117	0.113	0.115	0.117	0.276	0.265	0.598	0.534	0.249	0.234	0.545	0.487	0.116	0.117	0.116	0.114	0.282	0.267	0.577	0.491	0.247	0.239	0.539	0.473	0.123	0.123	0.124	0.123	0.289	0.266	0.583	0.527	0.264	0.202	0.512	0.483	0.112	0.126	0.125	0.129	0.303	0.239	0.544	0.549	0.234	0.204	0.512	0.479	0.106	0.099	0.127	0.093	0.305	0.265	0.550	0.553	0.245	0.226	0.513	0.456	0.119	0.118	0.120	0.117	0.288	0.238	0.581	0.509	0.244	0.234	0.538	0.479	0.082	0.118	0.116	0.121	0.261	0.257	0.582	0.533	0.262	0.228	0.554	0.513	0.114	0.116	0.115	0.116	0.294	0.258	0.602	0.549
24:40:01	0.299	0.256	0.563	0.503	0.117	0.113	0.115	0.117	0.271	0.266	0.598	0.538	0.245	0.233	0.545	0.494	0.116	0.117	0.115	0.114	0.281	0.268	0.578	0.493	0.245	0.238	0.537	0.479	0.122	0.122	0.124	0.122	0.287	0.267	0.583	0.529	0.262	0.200	0.509	0.488	0.111	0.124	0.124	0.128	0.302	0.241	0.544	0.549	0.232	0.203	0.510	0.483	0.105	0.097	0.126	0.091	0.305	0.268	0.550	0.555	0.242	0.226	0.511	0.460	0.118	0.118	0.120	0.117	0.288	0.242	0.582	0.513	0.241	0.232	0.539	0.484	0.081	0.118	0.116	0.121	0.261	0.260	0.582	0.535	0.260	0.227	0.552	0.515	0.114	0.116	0.115	0.115	0.295	0.260	0.602	0.548
25:00:01	0.300	0.257	0.564	0.508	0.117	0.113	0.115	0.117	0.273	0.269	0.598	0.540	0.246	0.234	0.545	0.500	0.117	0.117	0.115	0.114	0.282	0.270	0.579	0.495	0.245	0.239	0.538	0.484	0.122	0.122	0.124	0.122	0.289	0.268	0.584	0.531	0.263	0.201	0.511	0.491	0.111	0.124	0.124	0.129	0.303	0.243	0.545	0.556	0.233	0.204	0.511	0.486	0.104	0.097	0.126	0.092	0.306	0.270	0.551	0.555	0.242	0.226	0.511	0.464	0.118	0.117	0.120	0.117	0.290	0.244	0.582	0.513	0.242	0.233	0.538	0.487	0.081	0.118	0.116	0.121	0.262	0.262	0.582	0.537	0.261	0.228	0.552	0.516	0.114	0.116	0.115	0.115	0.299	0.261	0.603	0.549
25:20:01	0.302	0.256	0.565	0.510	0.117	0.113	0.115	0.117	0.271	0.270	0.600	0.542	0.247	0.233	0.547	0.504	0.117	0.117	0.115	0.114	0.280	0.271	0.579	0.497	0.247	0.239	0.539	0.490	0.122	0.122	0.123	0.122	0.290	0.270	0.585	0.533	0.265	0.201	0.511	0.494	0.112	0.123	0.124	0.128	0.305	0.245	0.545	0.549	0.235	0.204	0.511	0.489	0.103	0.096	0.126	0.092	0.308	0.272	0.551	0.557	0.245	0.226	0.513	0.466	0.118	0.118	0.120	0.117	0.292	0.245	0.582	0.515	0.245	0.234	0.540	0.489	0.081	0.119	0.116	0.121	0.265	0.266	0.583	0.537	0.263	0.230	0.553	0.516	0.114	0.116	0.115	0.115	0.305	0.264	0.604	0.550
25:40:01	0.303	0.258	0.565	0.511	0.117	0.113	0.115	0.117	0.273	0.272	0.600	0.543	0.248	0.234	0.547	0.504	0.117	0.117	0.116	0.114	0.281	0.273	0.580	0.498	0.248	0.240	0.539	0.492	0.123	0.123	0.125	0.123	0.292	0.273	0.585	0.532	0.265	0.202	0.511	0.497	0.115	0.125	0.126	0.130	0.307	0.248	0.545	0.552	0.236	0.205	0.510	0.489	0.106	0.099	0.128	0.095	0.309	0.273	0.551	0.559	0.245	0.227	0.512	0.467	0.119	0.118	0.121	0.118	0.294	0.246	0.582	0.515	0.245	0.235	0.537	0.490	0.081	0.118	0.116	0.121	0.267	0.268	0.583	0.537	0.264	0.230	0.552	0.516	0.114	0.116	0.115	0.115	0.307	0.267	0.605	0.549
26:00:01	0.304	0.261	0.566	0.513	0.117	0.113	0.115	0.117	0.276	0.274	0.600	0.543	0.249	0.237	0.547	0.507	0.117	0.117	0.116	0.114	0.284	0.275	0.585	0.499	0.248	0.242	0.540	0.492	0.123	0.123	0.125	0.123	0.292	0.275	0.585	0.531	0.264	0.201	0.511	0.497	0.112	0.125	0.125	0.129	0.307	0.248	0.545	0.549	0.235	0.206	0.511	0.491	0.106	0.099	0.127	0.093	0.309	0.274	0.550	0.558	0.244	0.227	0.513	0.467	0.119	0.118	0.120	0.117	0.293	0.250	0.580	0.516	0.245	0.235	0.537	0.491	0.081	0.118	0.116	0.121	0.265	0.269	0.582	0.537	0.264	0.230	0.551	0.516	0.114	0.116	0.115	0.116	0.310	0.268	0.605	0.548
26:20:01	0.306	0.262	0.567	0.513	0.117	0.113	0.115	0.117	0.277	0.277	0.601	0.543	0.250	0.239	0.548	0.507	0.117	0.117	0.116	0.114	0.284	0.276	0.585	0.499	0.249	0.242	0.541	0.493	0.123	0.123	0.125	0.123	0.293	0.276	0.585	0.531	0.265	0.201	0.511	0.498	0.113	0.126	0.126	0.130	0.308	0.248	0.545	0.551	0.236	0.207	0.513	0.491	0.106	0.100	0.127	0.094	0.309	0.275	0.550	0.558	0.245	0.227	0.510	0.468	0.119	0.118	0.121	0.118	0.295	0.253	0.581	0.514	0.246	0.236	0.535	0.492	0.081	0.118	0.115	0.121	0.267	0.271	0.583	0.536	0.265	0.231	0.551	0.516	0.114	0.116	0.115	0.115	0.313	0.270	0.606	0.548
26:40:02	0.307	0.263	0.567	0.514	0.117	0.113	0.115	0.117	0.279	0.280	0.602	0.543	0.251	0.239	0.549	0.509	0.116	0.117	0.116	0.114	0.285	0.278	0.586	0.498	0.250	0.243	0.540	0.493	0.124	0.124	0.126	0.124	0.295	0.277	0.585	0.532	0.265	0.202	0.512	0.498	0.114	0.127	0.126	0.131	0.308	0.249	0.545	0.556	0.237	0.208	0.512	0.491	0.107	0.101	0.128	0.095	0.310	0.278	0.550	0.557	0.246	0.229	0.512	0.468	0.119	0.118	0.121	0.118	0.295	0.254	0.581	0.514	0.247	0.238	0.536	0.491	0.081	0.118	0.115	0.121	0.268	0.273	0.582	0.536	0.265	0.233	0.551	0.516	0.114	0.116	0.115	0.115	0.315	0.272	0.607	0.548
27:00:01	0.309	0.263	0.567	0.512	0.117	0.113	0.115	0.117	0.280	0.281	0.603	0.543	0.252	0.241	0.550	0.507	0.117	0.117	0.116	0.114	0.286	0.280	0.587	0.498	0.252	0.243	0.542	0.494	0.124	0.124	0.126	0.124	0.296	0.279	0.586	0.532	0.266	0.203	0.515	0.498	0.116	0.126	0.126	0.131	0.310	0.250	0.546	0.551	0.239	0.209	0.511	0.492	0.106	0.100	0.128	0.095	0.312	0.280	0.551	0.557	0.248	0.229	0.515	0.468	0.119	0.118	0.121	0.118	0.297	0.256	0.582	0.514	0.249	0.239	0.537	0.492	0.081	0.118	0.116	0.121	0.272	0.277	0.584	0.537	0.267	0.235	0.552	0.515	0.114	0.116	0.115	0.116	0.319	0.276	0.608	0.548
27:20:02	0.312	0.265	0.569	0.514	0.117	0.112	0.115	0.117	0.285	0.283	0.605	0.544	0.256	0.243	0.551	0.510	0.117	0.117	0.116	0.114	0.288	0.281	0.588	0.500	0.255	0.244	0.543	0.496	0.124	0.125	0.126	0.124	0.298	0.281	0.587	0.530	0.269	0.207	0.517	0.501	0.117	0.128	0.127	0.131	0.312	0.252	0.546	0.550	0.242	0.210	0.517	0.496	0.108	0.102	0.129	0.096	0.314	0.282	0.552	0.559	0.250	0.232	0.514	0.470	0.120	0.118	0.121	0.118	0.299	0.257	0.582	0.514	0.252	0.242	0.538	0.491	0.081	0.119	0.116	0.121	0.273	0.278	0.584	0.537	0.270	0.238	0.555	0.516	0.114	0.116	0.115	0.116	0.321	0.279	0.609	0.549
27:40:02	0.311	0.266	0.568	0.514	0.117	0.113	0.115	0.117	0.285	0.284	0.604	0.543	0.254	0.242	0.551	0.508	0.117	0.117	0.116	0.114	0.289	0.282	0.588	0.498	0.251	0.244	0.543	0.494	0.124	0.124	0.126	0.124	0.298	0.281	0.587	0.528	0.267	0.205	0.515	0.499	0.114	0.128	0.127	0.131	0.312	0.252	0.546	0.549	0.238	0.209	0.512	0.493	0.108	0.101	0.128	0.095	0.313	0.284	0.551	0.557	0.247	0.231	0.510	0.468	0.119	0.118	0.121	0.118	0.298	0.261	0.581	0.513	0.248	0.240	0.536	0.491	0.081	0.118	0.115	0.121	0.271	0.279	0.583	0.536	0.268	0.237	0.553	0.514	0.114	0.116	0.115	0.116	0.322	0.279	0.608	0.548
28:00:02	0.313	0.267	0.568	0.513	0.117	0.113	0.115	0.117	0.288	0.285	0.604	0.543	0.254	0.243	0.552	0.508	0.117	0.117	0.116	0.114	0.290	0.284	0.588	0.497	0.251	0.245	0.543	0.494	0.124	0.124	0.126	0.124	0.299	0.282	0.587	0.529	0.268	0.207	0.514	0.498	0.115	0.128	0.127	0.131	0.313	0.253	0.546	0.548	0.239	0.209	0.513	0.495	0.108	0.101	0.128	0.095	0.313	0.286	0.550	0.557	0.246	0.231	0.512	0.468	0.119	0.118	0.121	0.118	0.298	0.262	0.581	0.512	0.248	0.241	0.538	0.491	0.081	0.118	0.115	0.121	0.271	0.283	0.583	0.537	0.268	0.238	0.552	0.512	0.114	0.116	0.115	0.115	0.324	0.280	0.609	0.548
28:20:02	0.314	0.268	0.567	0.512	0.117	0.113	0.115	0.117	0.289	0.287	0.605	0.542	0.255	0.242	0.552	0.507	0.117	0.117	0.116	0.114	0.292	0.285	0.588	0.497	0.252	0.245	0.545	0.494	0.124	0.124	0.126	0.124	0.300	0.284	0.587	0.525	0.269	0.208	0.516	0.498	0.115	0.128	0.127	0.131	0.314	0.254	0.546	0.546	0.239	0.210	0.513	0.493	0.108	0.101	0.128	0.095	0.314	0.287	0.550	0.556	0.246	0.232	0.510	0.468	0.119	0.119	0.121	0.118	0.299	0.264	0.580	0.511	0.248	0.241	0.537	0.490	0.081	0.118	0.115	0.121	0.273	0.285	0.583	0.537	0.269	0.238	0.551	0.512	0.114	0.116	0.115	0.115	0.325	0.282	0.609	0.548
28:40:02	0.316	0.269	0.567	0.511	0.117	0.113	0.115	0.116	0.291	0.289	0.606	0.544	0.256	0.243	0.552	0.506	0.117	0.117	0.116	0.114	0.291	0.287	0.587	0.497	0.254	0.245	0.544	0.495	0.124	0.124	0.126	0.124	0.301	0.284	0.587	0.527	0.270	0.209	0.516	0.497	0.116	0.127	0.127	0.131	0.315	0.257	0.547	0.549	0.241	0.211	0.513	0.494	0.107	0.101	0.129	0.096	0.316	0.289	0.551	0.557	0.248	0.233	0.513	0.469	0.119	0.119	0.121	0.118	0.300	0.265	0.581	0.512	0.250	0.243	0.538	0.490	0.081	0.119	0.116	0.121	0.276	0.289	0.584	0.537	0.270	0.240	0.552	0.514	0.114	0.116	0.115	0.115	0.328	0.286	0.611	0.549
29:00:02	0.318	0.270	0.567	0.511	0.117	0.113	0.115	0.116	0.293	0.290	0.607	0.545	0.256	0.243	0.552	0.506	0.117	0.117	0.116	0.114	0.292	0.287	0.587	0.497	0.254	0.246	0.544	0.495	0.125	0.126	0.128	0.125	0.302	0.286	0.587	0.528	0.271	0.208	0.517	0.499	0.119	0.129	0.128	0.133	0.316	0.259	0.546	0.546	0.242	0.212	0.513	0.496	0.110	0.104	0.131	0.098	0.317	0.291	0.551	0.559	0.248	0.234	0.512	0.468	0.120	0.119	0.121	0.119	0.301	0.267	0.581	0.512	0.250	0.243	0.538	0.490	0.081	0.119	0.116	0.121	0.277	0.291	0.584	0.538	0.270	0.241	0.551	0.511	0.114	0.116	0.115	0.115	0.330	0.287	0.612	0.549
29:20:02	0.319	0.271	0.566	0.510	0.117	0.113	0.115	0.117	0.295	0.291	0.609	0.544	0.258	0.243	0.552	0.506	0.117	0.118	0.116	0.114	0.293	0.289	0.587	0.497	0.255	0.248	0.544	0.496	0.126	0.127	0.129	0.126	0.303	0.287	0.587	0.528	0.271	0.210	0.515	0.498	0.120	0.131	0.129	0.134	0.318	0.260	0.546	0.551	0.243	0.213	0.514	0.494	0.111	0.106	0.132	0.100	0.318	0.292	0.551	0.557	0.249	0.234	0.513	0.468	0.121	0.120	0.122	0.119	0.302	0.268	0.581	0.512	0.251	0.243	0.539	0.488	0.081	0.119	0.116	0.121	0.278	0.292	0.584	0.538	0.271	0.243	0.553	0.512	0.114	0.116	0.115	0.116	0.330	0.290	0.613	0.550
29:40:02	0.320	0.272	0.566	0.510	0.117	0.113	0.115	0.117	0.298	0.293	0.610	0.544	0.258	0.245	0.553	0.505	0.117	0.118	0.116	0.114	0.295	0.290	0.587	0.496	0.254	0.248	0.544	0.495	0.126	0.127	0.129	0.127	0.303	0.288	0.587	0.527	0.272	0.210	0.514	0.497	0.119	0.132	0.130	0.134	0.318	0.261	0.546	0.545	0.243	0.213	0.513	0.495	0.112	0.106	0.132	0.099	0.318	0.293	0.550	0.558	0.248	0.233	0.513	0.467	0.121	0.120	0.122	0.119	0.303	0.270	0.581	0.511	0.250	0.244	0.538	0.491	0.081	0.118	0.116	0.121	0.277	0.293	0.584	0.537	0.271	0.243	0.551	0.513	0.114	0.116	0.115	0.115	0.330	0.290	0.615	0.549
30:00:02	0.322	0.272	0.566	0.508	0.117	0.113	0.115	0.117	0.299	0.294	0.612	0.545	0.259	0.245	0.552	0.504	0.117	0.118	0.116	0.114	0.295	0.293	0.586	0.496	0.256	0.248	0.543	0.494	0.126	0.128	0.129	0.127	0.304	0.289	0.588	0.525	0.273	0.212	0.517	0.498	0.121	0.132	0.130	0.134	0.320	0.263	0.547	0.546	0.244	0.214	0.514	0.495	0.112	0.106	0.132	0.101	0.320	0.296	0.551	0.555	0.249	0.233	0.512	0.468	0.122	0.120	0.122	0.120	0.304	0.272	0.581	0.511	0.252	0.245	0.538	0.487	0.081	0.119	0.116	0.121	0.280	0.295	0.585	0.538	0.272	0.245	0.553	0.514	0.114	0.116	0.115	0.115	0.332	0.292	0.617	0.550
30:20:02	0.323	0.274	0.566	0.507	0.117	0.113	0.115	0.117	0.301	0.295	0.613	0.544	0.260	0.246	0.553	0.504	0.117	0.118	0.117	0.115	0.297	0.294	0.586	0.496	0.256	0.250	0.544	0.495	0.126	0.127	0.129	0.127	0.304	0.290	0.589	0.523	0.273	0.211	0.514	0.497	0.119	0.132	0.130	0.134	0.320	0.264	0.546	0.549	0.243	0.214	0.514	0.495	0.112	0.106	0.132	0.099	0.320	0.296	0.550	0.557	0.248	0.234	0.513	0.467	0.121	0.120	0.122	0.119	0.304	0.274	0.581	0.511	0.251	0.245	0.539	0.487	0.081	0.118	0.116	0.121	0.279	0.295	0.585	0.538	0.272	0.245	0.553	0.512	0.114	0.116	0.115	0.115	0.331	0.292	0.618	0.550
30:40:02	0.324	0.275	0.566	0.506	0.117	0.113	0.115	0.117	0.303	0.297	0.615	0.543	0.260	0.247	0.553	0.503	0.117	0.118	0.117	0.115	0.297	0.295	0.586	0.494	0.256	0.251	0.543	0.494	0.127	0.128	0.130	0.128	0.305	0.291	0.589	0.523	0.274	0.211	0.515	0.498	0.120	0.134	0.131	0.135	0.321	0.265	0.547	0.554	0.244	0.214	0.513	0.497	0.114	0.108	0.133	0.101	0.321	0.298	0.550	0.560	0.248	0.233	0.512	0.467	0.122	0.120	0.122	0.120	0.305	0.275	0.582	0.510	0.251	0.246	0.538	0.489	0.081	0.118	0.116	0.121	0.280	0.296	0.585	0.538	0.273	0.245	0.552	0.512	0.114	0.116	0.115	0.115	0.331	0.294	0.619	0.550
31:00:02	0.328	0.278	0.568	0.507	0.117	0.113	0.115	0.117	0.307	0.299	0.618	0.544	0.263	0.249	0.554	0.505	0.117	0.118	0.117	0.115	0.299	0.298	0.587	0.495	0.260	0.252	0.545	0.496	0.128	0.129	0.131	0.128	0.307	0.293	0.591	0.524	0.277	0.214	0.517	0.502	0.124	0.135	0.132	0.136	0.324	0.267	0.549	0.555	0.249	0.217	0.517	0.498	0.116	0.110	0.135	0.104	0.324	0.300	0.552	0.561	0.253	0.235	0.513	0.469	0.123	0.121	0.123	0.120	0.308	0.275	0.584	0.511	0.255	0.249	0.541	0.490	0.081	0.119	0.116	0.121	0.283	0.299	0.589	0.540	0.276	0.250	0.555	0.513	0.114	0.116	0.115	0.115	0.334	0.298	0.622	0.552
31:20:02	0.328	0.279	0.567	0.504	0.117	0.113	0.115	0.117	0.306	0.299	0.619	0.543	0.261	0.247	0.554	0.504	0.117	0.118	0.117	0.115	0.298	0.298	0.587	0.494	0.257	0.252	0.544	0.494	0.128	0.129	0.131	0.128	0.306	0.293	0.591	0.522	0.276	0.211	0.513	0.499	0.122	0.135	0.131	0.136	0.322	0.266	0.548	0.549	0.245	0.215	0.515	0.495	0.115	0.110	0.134	0.102	0.322	0.300	0.551	0.563	0.250	0.234	0.513	0.466	0.123	0.121	0.122	0.120	0.307	0.277	0.583	0.510	0.252	0.248	0.539	0.489	0.081	0.118	0.116	0.121	0.281	0.299	0.588	0.539	0.274	0.248	0.554	0.509	0.114	0.116	0.115	0.115	0.333	0.297	0.623	0.552
31:40:02	0.331	0.282	0.569	0.504	0.117	0.113	0.115	0.117	0.310	0.301	0.621	0.544	0.264	0.252	0.555	0.505	0.117	0.119	0.117	0.115	0.300	0.299	0.588	0.494	0.260	0.253	0.546	0.496	0.128	0.129	0.131	0.128	0.308	0.294	0.592	0.522	0.279	0.214	0.518	0.501	0.122	0.136	0.132	0.136	0.324	0.268	0.549	0.549	0.249	0.218	0.519	0.495	0.116	0.111	0.134	0.103	0.324	0.301	0.552	0.561	0.252	0.236	0.516	0.468	0.123	0.121	0.123	0.120	0.309	0.278	0.584	0.510	0.255	0.250	0.541	0.486	0.081	0.118	0.115	0.121	0.282	0.300	0.590	0.540	0.277	0.249	0.556	0.511	0.114	0.116	0.115	0.115	0.334	0.299	0.626	0.553
32:00:02	0.331	0.282	0.568	0.503	0.117	0.113	0.115	0.117	0.310	0.300	0.622	0.544	0.263	0.249	0.553	0.501	0.117	0.118	0.117	0.115	0.299	0.299	0.588	0.494	0.258	0.252	0.544	0.495	0.128	0.129	0.131	0.129	0.307	0.294	0.592	0.523	0.279	0.213	0.514	0.498	0.124	0.135	0.132	0.136	0.325	0.269	0.550	0.545	0.247	0.217	0.515	0.494	0.115	0.110	0.135	0.104	0.323	0.303	0.553	0.565	0.251	0.234	0.513	0.466	0.123	0.121	0.123	0.120	0.310	0.277	0.585	0.511	0.254	0.249	0.540	0.484	0.081	0.119	0.116	0.121	0.284	0.303	0.591	0.540	0.276	0.251	0.554	0.510	0.114	0.116	0.115	0.115	0.336	0.301	0.627	0.554
32:20:02	0.332	0.285	0.569	0.502	0.117	0.113	0.115	0.117	0.311	0.301	0.625	0.544	0.263	0.250	0.554	0.501	0.117	0.119	0.117	0.115	0.300	0.300	0.589	0.495	0.259	0.253	0.545	0.494	0.129	0.131	0.132	0.130	0.309	0.295	0.594	0.523	0.280	0.213	0.514	0.497	0.126	0.137	0.133	0.137	0.325	0.270	0.551	0.545	0.248	0.217	0.515	0.495	0.117	0.112	0.136	0.106	0.324	0.304	0.554	0.565	0.252	0.233	0.513	0.466	0.124	0.121	0.123	0.121	0.311	0.278	0.586	0.512	0.254	0.250	0.542	0.485	0.081	0.118	0.116	0.121	0.285	0.305	0.592	0.541	0.277	0.251	0.556	0.510	0.114	0.116	0.115	0.115	0.337	0.302	0.629	0.554
32:40:02	0.333	0.286	0.569	0.501	0.117	0.113	0.115	0.117	0.314	0.302	0.626	0.544	0.264	0.251	0.554	0.500	0.117	0.119	0.117	0.115	0.300	0.300	0.589	0.494	0.258	0.254	0.545	0.492	0.129	0.131	0.133	0.130	0.309	0.295	0.595	0.522	0.280	0.213	0.515	0.499	0.125	0.138	0.134	0.138	0.325	0.270	0.551	0.546	0.247	0.216	0.516	0.500	0.119	0.114	0.137	0.106	0.324	0.305	0.553	0.564	0.251	0.234	0.513	0.465	0.125	0.122	0.124	0.121	0.311	0.280	0.586	0.511	0.253	0.249	0.541	0.485	0.081	0.118	0.116	0.121	0.283	0.304	0.592	0.540	0.277	0.251	0.556	0.508	0.114	0.116	0.115	0.115	0.338	0.302	0.631	0.555
33:00:02	0.335	0.287	0.570	0.501	0.117	0.113	0.115	0.116	0.315	0.303	0.629	0.543	0.265	0.251	0.554	0.500	0.117	0.119	0.117	0.115	0.301	0.301	0.590	0.495	0.260	0.253	0.546	0.493	0.129	0.131	0.132	0.130	0.309	0.295	0.596	0.524	0.282	0.215	0.515	0.498	0.127	0.137	0.133	0.138	0.326	0.271	0.553	0.546	0.248	0.217	0.518	0.499	0.118	0.113	0.137	0.107	0.325	0.306	0.555	0.564	0.253	0.234	0.515	0.465	0.124	0.122	0.123	0.121	0.312	0.280	0.588	0.512	0.255	0.251	0.543	0.486	0.081	0.118	0.116	0.121	0.285	0.307	0.594	0.541	0.279	0.254	0.557	0.509	0.114	0.116	0.115	0.115	0.340	0.304	0.633	0.556
33:20:02	0.336	0.288	0.570	0.499	0.117	0.113	0.115	0.116	0.316	0.303	0.631	0.544	0.265	0.251	0.554	0.500	0.117	0.118	0.117	0.115	0.301	0.301	0.591	0.495	0.260	0.253	0.546	0.493	0.129	0.130	0.132	0.130	0.309	0.296	0.596	0.523	0.283	0.216	0.516	0.498	0.126	0.137	0.133	0.137	0.326	0.271	0.554	0.547	0.249	0.217	0.518	0.498	0.117	0.112	0.136	0.106	0.325	0.307	0.556	0.564	0.253	0.235	0.515	0.465	0.124	0.121	0.123	0.121	0.312	0.281	0.589	0.511	0.255	0.252	0.543	0.486	0.081	0.118	0.116	0.121	0.286	0.309	0.596	0.541	0.280	0.254	0.558	0.509	0.114	0.116	0.115	0.115	0.342	0.304	0.635	0.557
33:40:02	0.337	0.289	0.570	0.499	0.117	0.113	0.115	0.117	0.318	0.302	0.632	0.543	0.266	0.252	0.554	0.500	0.117	0.119	0.117	0.115	0.302	0.302	0.592	0.495	0.260	0.254	0.546	0.492	0.129	0.131	0.132	0.130	0.309	0.296	0.597	0.522	0.283	0.214	0.517	0.499	0.125	0.138	0.134	0.138	0.325	0.271	0.554	0.546	0.249	0.217	0.517	0.500	0.119	0.114	0.137	0.106	0.325	0.307	0.556	0.563	0.252	0.234	0.514	0.464	0.124	0.122	0.124	0.121	0.313	0.282	0.589	0.511	0.255	0.252	0.545	0.486	0.081	0.118	0.116	0.121	0.284	0.308	0.595	0.541	0.280	0.254	0.558	0.504	0.114	0.116	0.115	0.115	0.342	0.304	0.637	0.557
34:00:02	0.341	0.292	0.573	0.499	0.117	0.113	0.115	0.116	0.322	0.304	0.635	0.544	0.269	0.254	0.557	0.502	0.117	0.119	0.118	0.115	0.303	0.303	0.593	0.495	0.264	0.256	0.549	0.496	0.131	0.133	0.134	0.132	0.311	0.298	0.600	0.524	0.288	0.218	0.521	0.503	0.129	0.141	0.135	0.139	0.329	0.274	0.557	0.549	0.253	0.220	0.521	0.503	0.121	0.117	0.139	0.110	0.327	0.309	0.559	0.564	0.255	0.237	0.518	0.467	0.126	0.123	0.125	0.122	0.315	0.282	0.592	0.511	0.258	0.254	0.547	0.488	0.081	0.119	0.116	0.121	0.287	0.310	0.599	0.541	0.282	0.258	0.562	0.502	0.114	0.116	0.115	0.115	0.345	0.308	0.640	0.560
34:20:02	0.340	0.291	0.573	0.492	0.117	0.113	0.115	0.117	0.321	0.304	0.636	0.542	0.267	0.252	0.556	0.500	0.117	0.119	0.117	0.115	0.303	0.303	0.594	0.495	0.261	0.255	0.547	0.493	0.130	0.132	0.134	0.131	0.310	0.297	0.600	0.522	0.286	0.215	0.516	0.500	0.127	0.140	0.135	0.139	0.326	0.272	0.556	0.551	0.249	0.217	0.519	0.502	0.121	0.116	0.138	0.108	0.325	0.308	0.557	0.562	0.253	0.235	0.516	0.465	0.126	0.123	0.124	0.122	0.314	0.284	0.591	0.511	0.256	0.252	0.545	0.487	0.081	0.118	0.116	0.121	0.285	0.309	0.598	0.541	0.281	0.256	0.559	0.494	0.114	0.116	0.115	0.115	0.345	0.307	0.641	0.559
34:40:02	0.343	0.293	0.573	0.490	0.117	0.113	0.115	0.116	0.323	0.305	0.639	0.542	0.268	0.253	0.557	0.500	0.117	0.119	0.118	0.115	0.303	0.303	0.595	0.495	0.262	0.255	0.548	0.493	0.130	0.132	0.133	0.131	0.310	0.298	0.601	0.522	0.288	0.216	0.518	0.500	0.129	0.140	0.135	0.139	0.328	0.274	0.558	0.549	0.251	0.218	0.521	0.501	0.121	0.116	0.138	0.109	0.326	0.310	0.560	0.562	0.253	0.236	0.518	0.466	0.126	0.123	0.124	0.122	0.314	0.284	0.593	0.512	0.257	0.253	0.548	0.486	0.081	0.118	0.116	0.121	0.287	0.312	0.601	0.541	0.283	0.256	0.560	0.495	0.114	0.116	0.115	0.115	0.346	0.310	0.643	0.561
35:00:02	0.344	0.293	0.574	0.485	0.117	0.113	0.115	0.117	0.324	0.306	0.641	0.541	0.268	0.254	0.557	0.501	0.117	0.119	0.118	0.115	0.303	0.303	0.596	0.495	0.262	0.256	0.549	0.491	0.130	0.132	0.134	0.131	0.310	0.299	0.602	0.522	0.288	0.216	0.519	0.500	0.127	0.140	0.135	0.139	0.327	0.273	0.558	0.549	0.250	0.218	0.521	0.502	0.121	0.116	0.138	0.108	0.325	0.310	0.560	0.558	0.253	0.236	0.518	0.465	0.126	0.123	0.124	0.122	0.314	0.286	0.594	0.511	0.256	0.254	0.547	0.486	0.081	0.118	0.116	0.121	0.285	0.312	0.602	0.541	0.283	0.257	0.561	0.495	0.114	0.116	0.115	0.116	0.347	0.310	0.646	0.562
35:20:02	0.347	0.296	0.577	0.488	0.117	0.113	0.115	0.117	0.328	0.307	0.644	0.542	0.271	0.256	0.559	0.502	0.117	0.119	0.117	0.115	0.304	0.305	0.598	0.496	0.265	0.257	0.552	0.495	0.129	0.131	0.133	0.131	0.310	0.299	0.605	0.524	0.292	0.219	0.522	0.502	0.127	0.139	0.134	0.138	0.328	0.275	0.561	0.549	0.254	0.221	0.524	0.502	0.119	0.115	0.137	0.107	0.326	0.310	0.563	0.555	0.256	0.238	0.519	0.468	0.125	0.122	0.124	0.122	0.315	0.285	0.597	0.512	0.260	0.257	0.550	0.480	0.081	0.119	0.116	0.121	0.289	0.314	0.606	0.542	0.286	0.259	0.565	0.496	0.114	0.116	0.115	0.115	0.351	0.313	0.649	0.564
35:40:02	0.347	0.295	0.576	0.489	0.117	0.113	0.115	0.117	0.327	0.306	0.645	0.540	0.269	0.255	0.558	0.500	0.117	0.119	0.117	0.115	0.303	0.304	0.598	0.495	0.263	0.257	0.550	0.492	0.128	0.130	0.131	0.129	0.308	0.298	0.605	0.523	0.290	0.216	0.519	0.498	0.123	0.136	0.132	0.137	0.325	0.273	0.561	0.550	0.250	0.219	0.521	0.499	0.116	0.111	0.135	0.103	0.323	0.310	0.563	0.549	0.253	0.236	0.518	0.466	0.123	0.121	0.123	0.120	0.313	0.287	0.597	0.511	0.257	0.255	0.550	0.471	0.081	0.118	0.116	0.121	0.286	0.314	0.605	0.542	0.284	0.256	0.563	0.492	0.114	0.116	0.115	0.115	0.351	0.312	0.650	0.564
36:00:02	0.349	0.297	0.577	0.488	0.117	0.113	0.115	0.117	0.328	0.307	0.647	0.540	0.270	0.255	0.559	0.499	0.117	0.118	0.117	0.115	0.304	0.305	0.600	0.495	0.264	0.257	0.551	0.492	0.128	0.129	0.131	0.129	0.309	0.299	0.607	0.523	0.293	0.218	0.520	0.497	0.123	0.134	0.132	0.136	0.326	0.274	0.563	0.553	0.251	0.220	0.522	0.498	0.115	0.110	0.135	0.103	0.324	0.311	0.565	0.547	0.255	0.237	0.520	0.466	0.123	0.121	0.123	0.120	0.313	0.287	0.599	0.512	0.259	0.256	0.551	0.473	0.081	0.119	0.116	0.121	0.288	0.316	0.607	0.542	0.286	0.259	0.565	0.496	0.114	0.116	0.115	0.115	0.354	0.314	0.653	0.565
36:20:02	0.349	0.297	0.577	0.487	0.117	0.113	0.115	0.117	0.328	0.308	0.649	0.540	0.270	0.257	0.560	0.496	0.117	0.119	0.117	0.115	0.304	0.304	0.601	0.495	0.265	0.258	0.551	0.492	0.128	0.129	0.130	0.129	0.308	0.299	0.608	0.522	0.293	0.216	0.521	0.498	0.122	0.135	0.132	0.136	0.325	0.273	0.564	0.551	0.251	0.220	0.523	0.499	0.115	0.110	0.134	0.102	0.322	0.311	0.566	0.548	0.254	0.236	0.522	0.464	0.123	0.121	0.123	0.120	0.312	0.288	0.599	0.511	0.258	0.256	0.551	0.471	0.081	0.118	0.116	0.121	0.286	0.316	0.608	0.542	0.286	0.257	0.566	0.502	0.114	0.116	0.115	0.115	0.354	0.314	0.655	0.564
36:40:02	0.352	0.299	0.578	0.491	0.117	0.113	0.115	0.116	0.330	0.308	0.651	0.541	0.271	0.257	0.561	0.496	0.117	0.119	0.117	0.115	0.304	0.305	0.602	0.495	0.265	0.258	0.552	0.493	0.128	0.130	0.131	0.129	0.308	0.300	0.610	0.523	0.295	0.218	0.522	0.499	0.124	0.135	0.132	0.137	0.327	0.275	0.566	0.551	0.253	0.221	0.524	0.499	0.115	0.111	0.135	0.104	0.324	0.313	0.568	0.551	0.255	0.238	0.523	0.465	0.123	0.121	0.123	0.121	0.313	0.289	0.602	0.512	0.259	0.257	0.552	0.475	0.081	0.119	0.116	0.121	0.288	0.318	0.610	0.543	0.288	0.260	0.568	0.498	0.114	0.116	0.115	0.115	0.356	0.316	0.657	0.566
37:00:02	0.353	0.300	0.579	0.490	0.117	0.113	0.115	0.117	0.332	0.309	0.653	0.541	0.272	0.257	0.561	0.495	0.117	0.119	0.117	0.115	0.305	0.306	0.604	0.495	0.266	0.259	0.553	0.493	0.128	0.129	0.131	0.129	0.308	0.300	0.611	0.523	0.296	0.218	0.522	0.499	0.124	0.134	0.132	0.136	0.326	0.276	0.568	0.546	0.253	0.221	0.525	0.499	0.115	0.110	0.135	0.103	0.324	0.313	0.570	0.553	0.255	0.239	0.522	0.464	0.123	0.121	0.123	0.121	0.313	0.289	0.603	0.512	0.260	0.258	0.554	0.473	0.081	0.119	0.116	0.121	0.288	0.319	0.612	0.544	0.288	0.261	0.569	0.497	0.114	0.116	0.115	0.115	0.358	0.318	0.659	0.567
37:20:02	0.354	0.301	0.579	0.491	0.117	0.113	0.115	0.117	0.332	0.309	0.654	0.541	0.272	0.257	0.562	0.492	0.117	0.119	0.117	0.115	0.305	0.306	0.605	0.495	0.266	0.259	0.554	0.492	0.128	0.129	0.131	0.129	0.308	0.300	0.612	0.522	0.296	0.217	0.523	0.499	0.122	0.135	0.132	0.136	0.325	0.275	0.568	0.546	0.252	0.221	0.525	0.499	0.116	0.110	0.134	0.102	0.323	0.313	0.570	0.553	0.255	0.238	0.522	0.464	0.123	0.121	0.123	0.121	0.313	0.291	0.604	0.511	0.259	0.257	0.555	0.477	0.081	0.118	0.116	0.121	0.286	0.318	0.613	0.544	0.288	0.259	0.570	0.497	0.114	0.116	0.115	0.115	0.358	0.317	0.660	0.567
37:40:02	0.355	0.302	0.580	0.492	0.117	0.113	0.115	0.117	0.333	0.310	0.656	0.542	0.273	0.258	0.564	0.492	0.117	0.118	0.117	0.115	0.305	0.307	0.607	0.494	0.267	0.260	0.555	0.492	0.128	0.129	0.130	0.128	0.308	0.301	0.613	0.523	0.298	0.220	0.525	0.498	0.123	0.133	0.131	0.135	0.326	0.276	0.570	0.547	0.254	0.222	0.527	0.498	0.114	0.109	0.134	0.102	0.323	0.314	0.572	0.555	0.256	0.239	0.524	0.464	0.123	0.121	0.123	0.120	0.313	0.291	0.605	0.512	0.260	0.259	0.557	0.478	0.081	0.119	0.116	0.121	0.288	0.321	0.615	0.543	0.290	0.262	0.571	0.500	0.114	0.116	0.115	0.115	0.361	0.320	0.662	0.570
38:00:02	0.357	0.303	0.581	0.494	0.117	0.113	0.115	0.117	0.334	0.310	0.657	0.542	0.274	0.259	0.564	0.495	0.117	0.119	0.117	0.115	0.305	0.307	0.608	0.495	0.267	0.260	0.555	0.492	0.128	0.129	0.130	0.129	0.308	0.301	0.614	0.524	0.299	0.219	0.526	0.498	0.123	0.134	0.132	0.136	0.327	0.277	0.571	0.547	0.254	0.222	0.528	0.498	0.114	0.109	0.134	0.102	0.324	0.314	0.574	0.556	0.256	0.239	0.526	0.460	0.123	0.121	0.123	0.121	0.313	0.291	0.607	0.512	0.260	0.259	0.558	0.477	0.081	0.119	0.116	0.121	0.288	0.321	0.617	0.542	0.291	0.263	0.573	0.497	0.114	0.116	0.115	0.115	0.362	0.321	0.663	0.571
38:20:02	0.359	0.305	0.583	0.493	0.117	0.113	0.115	0.117	0.337	0.312	0.660	0.544	0.276	0.262	0.567	0.493	0.117	0.118	0.117	0.115	0.306	0.309	0.611	0.495	0.270	0.262	0.558	0.494	0.127	0.128	0.130	0.128	0.308	0.302	0.617	0.526	0.301	0.223	0.529	0.501	0.122	0.134	0.131	0.135	0.327	0.278	0.574	0.550	0.257	0.224	0.532	0.500	0.114	0.109	0.134	0.102	0.324	0.315	0.576	0.558	0.259	0.242	0.529	0.461	0.122	0.121	0.123	0.120	0.313	0.292	0.609	0.512	0.263	0.262	0.560	0.477	0.081	0.119	0.116	0.121	0.289	0.323	0.620	0.542	0.293	0.265	0.577	0.503	0.114	0.116	0.115	0.115	0.364	0.322	0.665	0.572
38:40:02	0.359	0.305	0.582	0.493	0.117	0.113	0.115	0.117	0.336	0.312	0.660	0.543	0.274	0.260	0.566	0.493	0.117	0.118	0.117	0.115	0.306	0.308	0.611	0.496	0.268	0.260	0.557	0.492	0.128	0.129	0.130	0.128	0.308	0.302	0.617	0.524	0.300	0.221	0.527	0.499	0.122	0.133	0.131	0.135	0.326	0.277	0.574	0.551	0.255	0.223	0.530	0.498	0.114	0.108	0.134	0.102	0.323	0.315	0.577	0.557	0.257	0.240	0.526	0.463	0.123	0.121	0.123	0.120	0.312	0.292	0.610	0.513	0.261	0.261	0.559	0.476	0.081	0.119	0.116	0.121	0.288	0.323	0.621	0.538	0.292	0.264	0.576	0.500	0.114	0.116	0.115	0.115	0.364	0.323	0.666	0.573
39:00:02	0.360	0.306	0.583	0.495	0.117	0.113	0.115	0.117	0.338	0.312	0.661	0.543	0.275	0.260	0.567	0.493	0.117	0.118	0.117	0.115	0.306	0.308	0.613	0.495	0.268	0.261	0.558	0.492	0.127	0.128	0.129	0.128	0.307	0.302	0.618	0.524	0.301	0.220	0.527	0.498	0.121	0.132	0.131	0.135	0.326	0.277	0.575	0.554	0.255	0.223	0.530	0.497	0.112	0.107	0.133	0.101	0.322	0.314	0.578	0.557	0.257	0.240	0.526	0.464	0.122	0.120	0.122	0.120	0.311	0.292	0.611	0.513	0.261	0.261	0.561	0.477	0.081	0.118	0.116	0.121	0.288	0.324	0.622	0.538	0.293	0.264	0.576	0.498	0.114	0.116	0.115	0.115	0.365	0.324	0.668	0.574
39:20:02	0.362	0.307	0.584	0.496	0.117	0.113	0.115	0.117	0.339	0.313	0.662	0.543	0.276	0.261	0.568	0.493	0.117	0.118	0.117	0.115	0.306	0.309	0.614	0.495	0.269	0.261	0.559	0.492	0.127	0.128	0.129	0.128	0.307	0.302	0.620	0.524	0.303	0.220	0.528	0.499	0.121	0.132	0.130	0.134	0.326	0.278	0.577	0.553	0.255	0.224	0.531	0.498	0.112	0.106	0.133	0.100	0.322	0.315	0.579	0.558	0.258	0.240	0.527	0.463	0.122	0.120	0.122	0.120	0.312	0.293	0.612	0.513	0.262	0.262	0.563	0.475	0.081	0.118	0.116	0.121	0.288	0.324	0.623	0.541	0.294	0.265	0.577	0.501	0.114	0.116	0.115	0.115	0.366	0.325	0.669	0.573
39:40:02	0.363	0.307	0.585	0.497	0.117	0.113	0.115	0.117	0.340	0.314	0.663	0.542	0.276	0.262	0.569	0.491	0.117	0.119	0.117	0.115	0.306	0.309	0.615	0.495	0.269	0.262	0.559	0.489	0.127	0.128	0.130	0.128	0.307	0.302	0.620	0.523	0.302	0.220	0.528	0.499	0.120	0.134	0.131	0.135	0.325	0.278	0.577	0.553	0.254	0.224	0.532	0.499	0.113	0.108	0.134	0.101	0.322	0.315	0.580	0.558	0.257	0.240	0.529	0.463	0.122	0.121	0.123	0.120	0.311	0.294	0.612	0.513	0.261	0.262	0.564	0.477	0.081	0.118	0.116	0.121	0.287	0.324	0.623	0.543	0.294	0.264	0.577	0.498	0.114	0.116	0.115	0.115	0.366	0.325	0.671	0.576
40:00:02	0.366	0.310	0.587	0.497	0.117	0.113	0.115	0.117	0.343	0.316	0.666	0.546	0.279	0.264	0.571	0.496	0.117	0.118	0.117	0.115	0.308	0.311	0.618	0.497	0.272	0.264	0.563	0.491	0.127	0.128	0.129	0.128	0.307	0.302	0.622	0.525	0.306	0.224	0.533	0.501	0.121	0.133	0.130	0.135	0.326	0.279	0.580	0.558	0.258	0.227	0.536	0.500	0.113	0.107	0.133	0.101	0.322	0.316	0.583	0.563	0.260	0.241	0.532	0.464	0.122	0.120	0.122	0.120	0.312	0.293	0.616	0.513	0.264	0.265	0.567	0.478	0.081	0.119	0.116	0.121	0.290	0.327	0.627	0.547	0.298	0.267	0.582	0.501	0.114	0.116	0.115	0.115	0.369	0.327	0.673	0.578
40:20:02	0.366	0.310	0.587	0.498	0.117	0.113	0.115	0.117	0.343	0.315	0.666	0.544	0.277	0.262	0.571	0.491	0.117	0.118	0.117	0.115	0.307	0.310	0.618	0.497	0.270	0.263	0.562	0.490	0.127	0.128	0.130	0.128	0.307	0.302	0.622	0.526	0.306	0.222	0.530	0.499	0.122	0.133	0.131	0.135	0.326	0.280	0.580	0.562	0.255	0.225	0.533	0.499	0.113	0.108	0.134	0.102	0.322	0.316	0.583	0.563	0.259	0.240	0.531	0.462	0.123	0.121	0.123	0.120	0.312	0.294	0.615	0.514	0.263	0.264	0.566	0.476	0.081	0.119	0.116	0.121	0.289	0.328	0.627	0.548	0.297	0.267	0.580	0.501	0.114	0.116	0.115	0.115	0.368	0.328	0.675	0.578
40:40:02	0.367	0.312	0.587	0.495	0.117	0.113	0.115	0.117	0.344	0.316	0.667	0.543	0.278	0.262	0.571	0.494	0.117	0.118	0.117	0.115	0.307	0.310	0.619	0.496	0.271	0.264	0.563	0.491	0.126	0.127	0.129	0.127	0.306	0.302	0.623	0.525	0.307	0.223	0.532	0.499	0.120	0.131	0.130	0.134	0.325	0.280	0.581	0.560	0.256	0.225	0.534	0.498	0.111	0.106	0.132	0.099	0.321	0.316	0.584	0.564	0.259	0.241	0.531	0.462	0.122	0.120	0.122	0.120	0.311	0.294	0.616	0.514	0.263	0.264	0.567	0.477	0.081	0.119	0.116	0.121	0.289	0.329	0.628	0.548	0.298	0.266	0.582	0.501	0.114	0.116	0.115	0.115	0.369	0.329	0.676	0.581
41:00:02	0.368	0.311	0.588	0.498	0.117	0.113	0.115	0.117	0.344	0.317	0.668	0.543	0.278	0.263	0.572	0.492	0.117	0.119	0.117	0.115	0.307	0.309	0.620	0.496	0.270	0.264	0.564	0.489	0.127	0.128	0.130	0.128	0.306	0.302	0.623	0.525	0.307	0.223	0.532	0.500	0.120	0.133	0.131	0.135	0.325	0.279	0.581	0.565	0.255	0.225	0.535	0.499	0.113	0.107	0.133	0.100	0.321	0.316	0.584	0.563	0.258	0.240	0.532	0.461	0.122	0.121	0.123	0.120	0.311	0.295	0.616	0.514	0.262	0.264	0.568	0.476	0.081	0.118	0.116	0.121	0.287	0.328	0.627	0.548	0.298	0.266	0.582	0.502	0.114	0.116	0.115	0.115	0.368	0.329	0.678	0.579
41:20:02	0.369	0.312	0.588	0.499	0.117	0.113	0.115	0.117	0.345	0.317	0.669	0.544	0.278	0.264	0.572	0.498	0.117	0.118	0.117	0.115	0.307	0.310	0.621	0.496	0.270	0.264	0.565	0.489	0.126	0.127	0.129	0.127	0.305	0.301	0.623	0.524	0.308	0.223	0.532	0.500	0.118	0.132	0.130	0.134	0.324	0.279	0.582	0.567	0.256	0.226	0.536	0.498	0.111	0.106	0.132	0.098	0.320	0.316	0.585	0.568	0.259	0.241	0.533	0.462	0.122	0.120	0.122	0.120	0.310	0.296	0.617	0.514	0.262	0.264	0.569	0.478	0.081	0.118	0.116	0.121	0.287	0.328	0.628	0.548	0.299	0.267	0.583	0.502	0.114	0.116	0.115	0.115	0.368	0.330	0.680	0.566
41:40:02	0.371	0.314	0.589	0.497	0.117	0.113	0.115	0.117	0.347	0.318	0.672	0.544	0.279	0.264	0.574	0.491	0.117	0.118	0.117	0.115	0.308	0.311	0.622	0.497	0.272	0.265	0.566	0.488	0.127	0.128	0.129	0.128	0.306	0.302	0.625	0.525	0.310	0.226	0.535	0.499	0.121	0.131	0.130	0.134	0.326	0.281	0.583	0.563	0.257	0.227	0.537	0.499	0.112	0.106	0.133	0.100	0.321	0.317	0.587	0.565	0.261	0.241	0.534	0.464	0.122	0.121	0.122	0.120	0.311	0.295	0.618	0.514	0.264	0.265	0.571	0.478	0.081	0.118	0.116	0.121	0.289	0.330	0.630	0.550	0.301	0.269	0.585	0.503	0.114	0.116	0.115	0.115	0.369	0.332	0.684	0.568
42:00:02	0.372	0.314	0.590	0.500	0.117	0.113	0.115	0.117	0.348	0.319	0.673	0.542	0.280	0.264	0.575	0.494	0.117	0.118	0.117	0.114	0.308	0.310	0.623	0.497	0.272	0.266	0.567	0.487	0.126	0.126	0.128	0.127	0.305	0.301	0.625	0.525	0.311	0.225	0.535	0.499	0.119	0.130	0.129	0.133	0.325	0.280	0.584	0.566	0.257	0.227	0.538	0.498	0.109	0.104	0.131	0.098	0.320	0.317	0.587	0.565	0.261	0.241	0.535	0.462	0.121	0.120	0.122	0.119	0.310	0.296	0.619	0.515	0.265	0.266	0.572	0.475	0.081	0.118	0.116	0.121	0.290	0.331	0.631	0.549	0.302	0.269	0.585	0.505	0.114	0.116	0.115	0.115	0.369	0.333	0.687	0.574
42:20:02	0.373	0.315	0.590	0.501	0.117	0.113	0.115	0.117	0.349	0.319	0.674	0.540	0.280	0.265	0.576	0.492	0.117	0.118	0.117	0.115	0.308	0.310	0.623	0.496	0.272	0.266	0.567	0.487	0.126	0.127	0.129	0.127	0.305	0.301	0.625	0.525	0.312	0.225	0.535	0.499	0.118	0.131	0.129	0.134	0.324	0.280	0.584	0.566	0.257	0.227	0.538	0.499	0.111	0.105	0.132	0.098	0.319	0.318	0.587	0.563	0.260	0.241	0.535	0.461	0.122	0.120	0.122	0.120	0.310	0.297	0.619	0.514	0.264	0.265	0.571	0.482	0.081	0.118	0.116	0.121	0.288	0.330	0.630	0.547	0.302	0.268	0.586	0.504	0.114	0.116	0.115	0.115	0.368	0.333	0.689	0.577
42:40:02	0.375	0.316	0.592	0.499	0.117	0.113	0.115	0.117	0.350	0.320	0.676	0.539	0.281	0.266	0.577	0.500	0.117	0.118	0.117	0.114	0.308	0.311	0.624	0.497	0.273	0.267	0.568	0.491	0.126	0.127	0.128	0.126	0.305	0.301	0.626	0.527	0.314	0.226	0.537	0.499	0.119	0.130	0.129	0.133	0.325	0.281	0.585	0.564	0.258	0.228	0.540	0.498	0.110	0.104	0.131	0.098	0.320	0.318	0.588	0.564	0.262	0.242	0.537	0.462	0.121	0.120	0.122	0.119	0.309	0.297	0.620	0.515	0.265	0.267	0.573	0.480	0.081	0.118	0.116	0.121	0.290	0.332	0.633	0.548	0.305	0.270	0.588	0.502	0.114	0.116	0.115	0.115	0.369	0.335	0.691	0.581
43:00:02	0.376	0.318	0.592	0.502	0.117	0.113	0.115	0.117	0.352	0.322	0.680	0.541	0.281	0.266	0.578	0.495	0.117	0.118	0.117	0.114	0.308	0.311	0.625	0.498	0.274	0.267	0.569	0.493	0.126	0.126	0.128	0.126	0.305	0.301	0.627	0.526	0.316	0.227	0.537	0.500	0.119	0.129	0.129	0.133	0.325	0.281	0.586	0.563	0.259	0.228	0.540	0.498	0.109	0.104	0.131	0.098	0.319	0.319	0.590	0.564	0.262	0.243	0.538	0.464	0.121	0.120	0.122	0.119	0.309	0.296	0.620	0.515	0.266	0.268	0.574	0.484	0.081	0.118	0.116	0.121	0.290	0.333	0.633	0.549	0.306	0.271	0.588	0.506	0.114	0.116	0.115	0.115	0.369	0.336	0.692	0.579
43:20:02	0.378	0.318	0.593	0.500	0.117	0.113	0.114	0.117	0.353	0.322	0.682	0.540	0.282	0.267	0.578	0.497	0.116	0.118	0.117	0.114	0.309	0.312	0.626	0.498	0.274	0.268	0.570	0.487	0.126	0.126	0.128	0.126	0.305	0.301	0.628	0.525	0.318	0.228	0.539	0.499	0.119	0.129	0.129	0.133	0.325	0.282	0.587	0.563	0.259	0.229	0.541	0.499	0.109	0.104	0.131	0.099	0.319	0.319	0.590	0.564	0.262	0.243	0.538	0.463	0.121	0.120	0.122	0.119	0.309	0.297	0.621	0.516	0.266	0.268	0.576	0.481	0.081	0.118	0.116	0.121	0.290	0.333	0.634	0.549	0.307	0.273	0.589	0.504	0.114	0.116	0.115	0.115	0.369	0.337	0.693	0.582
43:40:02	0.379	0.318	0.593	0.499	0.117	0.113	0.114	0.117	0.353	0.323	0.684	0.542	0.282	0.268	0.579	0.498	0.117	0.118	0.117	0.114	0.308	0.312	0.626	0.497	0.274	0.268	0.571	0.490	0.126	0.127	0.129	0.127	0.304	0.301	0.628	0.524	0.318	0.226	0.539	0.501	0.118	0.131	0.130	0.134	0.324	0.281	0.587	0.561	0.259	0.228	0.542	0.499	0.111	0.106	0.132	0.099	0.319	0.319	0.589	0.564	0.262	0.243	0.538	0.461	0.121	0.120	0.122	0.120	0.309	0.299	0.621	0.516	0.266	0.268	0.576	0.482	0.081	0.118	0.116	0.121	0.288	0.333	0.634	0.550	0.308	0.272	0.589	0.508	0.114	0.116	0.115	0.115	0.369	0.337	0.694	0.581
44:00:02	0.381	0.320	0.595	0.503	0.116	0.113	0.115	0.117	0.356	0.324	0.686	0.544	0.285	0.271	0.581	0.503	0.117	0.118	0.117	0.115	0.309	0.313	0.628	0.498	0.277	0.270	0.574	0.493	0.126	0.127	0.129	0.127	0.305	0.301	0.630	0.525	0.321	0.230	0.542	0.503	0.118	0.132	0.130	0.134	0.325	0.282	0.588	0.562	0.261	0.231	0.545	0.502	0.112	0.106	0.132	0.099	0.320	0.320	0.591	0.566	0.264	0.245	0.543	0.465	0.122	0.120	0.122	0.120	0.310	0.299	0.623	0.517	0.268	0.271	0.578	0.483	0.081	0.118	0.116	0.121	0.290	0.334	0.636	0.551	0.310	0.275	0.591	0.510	0.113	0.116	0.115	0.115	0.369	0.338	0.695	0.584
44:20:02	0.383	0.322	0.596	0.505	0.117	0.113	0.115	0.116	0.358	0.325	0.687	0.545	0.286	0.272	0.582	0.502	0.117	0.118	0.117	0.114	0.310	0.314	0.629	0.500	0.278	0.271	0.575	0.493	0.126	0.127	0.129	0.127	0.305	0.302	0.631	0.526	0.323	0.232	0.544	0.503	0.120	0.132	0.130	0.134	0.326	0.283	0.590	0.563	0.263	0.232	0.547	0.502	0.112	0.107	0.133	0.100	0.320	0.321	0.593	0.567	0.266	0.246	0.543	0.467	0.121	0.120	0.122	0.120	0.310	0.299	0.624	0.517	0.270	0.272	0.579	0.484	0.081	0.119	0.116	0.121	0.292	0.336	0.638	0.552	0.312	0.278	0.593	0.509	0.114	0.116	0.115	0.115	0.370	0.340	0.696	0.587
44:40:02	0.383	0.322	0.594	0.506	0.117	0.113	0.115	0.117	0.358	0.325	0.687	0.544	0.285	0.270	0.581	0.500	0.117	0.118	0.117	0.114	0.309	0.314	0.628	0.499	0.277	0.270	0.573	0.490	0.126	0.127	0.129	0.127	0.304	0.301	0.630	0.526	0.323	0.230	0.542	0.500	0.120	0.131	0.130	0.134	0.325	0.283	0.589	0.564	0.261	0.230	0.544	0.499	0.110	0.106	0.132	0.100	0.319	0.320	0.592	0.564	0.264	0.245	0.541	0.463	0.121	0.120	0.122	0.120	0.309	0.299	0.624	0.517	0.268	0.271	0.578	0.486	0.081	0.118	0.116	0.121	0.291	0.336	0.638	0.550	0.312	0.276	0.592	0.510	0.114	0.116	0.115	0.115	0.368	0.341	0.697	0.584
45:00:03	0.385	0.322	0.595	0.504	0.117	0.113	0.115	0.117	0.359	0.325	0.688	0.544	0.285	0.271	0.580	0.502	0.116	0.118	0.117	0.114	0.309	0.314	0.628	0.500	0.277	0.270	0.574	0.491	0.126	0.127	0.129	0.127	0.304	0.301	0.631	0.526	0.325	0.230	0.543	0.501	0.120	0.131	0.130	0.134	0.325	0.283	0.590	0.562	0.262	0.231	0.545	0.500	0.111	0.106	0.133	0.100	0.319	0.321	0.593	0.565	0.265	0.244	0.541	0.465	0.122	0.120	0.122	0.120	0.309	0.299	0.625	0.517	0.269	0.271	0.580	0.489	0.081	0.118	0.116	0.121	0.291	0.336	0.639	0.551	0.313	0.277	0.592	0.510	0.114	0.116	0.115	0.115	0.368	0.342	0.697	0.584
45:20:03	0.386	0.324	0.595	0.506	0.117	0.113	0.115	0.117	0.360	0.326	0.688	0.543	0.287	0.272	0.581	0.501	0.117	0.118	0.117	0.115	0.309	0.315	0.629	0.499	0.278	0.271	0.574	0.490	0.127	0.128	0.130	0.128	0.304	0.302	0.632	0.524	0.325	0.230	0.544	0.500	0.121	0.132	0.131	0.135	0.325	0.284	0.591	0.563	0.263	0.231	0.546	0.500	0.111	0.107	0.133	0.101	0.320	0.322	0.593	0.567	0.265	0.244	0.543	0.465	0.122	0.120	0.123	0.120	0.310	0.300	0.625	0.517	0.269	0.272	0.580	0.490	0.081	0.118	0.116	0.121	0.291	0.338	0.642	0.552	0.314	0.278	0.592	0.510	0.114	0.116	0.115	0.115	0.368	0.343	0.698	0.586
45:40:03	0.387	0.325	0.595	0.510	0.117	0.113	0.115	0.117	0.361	0.327	0.689	0.545	0.287	0.272	0.582	0.504	0.117	0.118	0.117	0.115	0.309	0.315	0.629	0.499	0.279	0.272	0.575	0.493	0.127	0.128	0.130	0.128	0.304	0.302	0.635	0.522	0.327	0.231	0.544	0.501	0.121	0.132	0.131	0.135	0.326	0.284	0.593	0.563	0.263	0.232	0.547	0.500	0.112	0.107	0.134	0.101	0.320	0.322	0.594	0.568	0.266	0.245	0.542	0.466	0.122	0.121	0.123	0.120	0.310	0.300	0.626	0.517	0.270	0.273	0.580	0.493	0.081	0.118	0.116	0.121	0.292	0.338	0.643	0.551	0.315	0.280	0.593	0.510	0.114	0.116	0.115	0.115	0.368	0.343	0.699	0.587
46:00:03	0.388	0.325	0.595	0.506	0.117	0.113	0.115	0.117	0.363	0.327	0.689	0.545	0.288	0.272	0.582	0.505	0.117	0.119	0.118	0.115	0.309	0.315	0.630	0.499	0.279	0.272	0.576	0.495	0.129	0.131	0.132	0.130	0.305	0.303	0.636	0.522	0.329	0.232	0.544	0.502	0.125	0.136	0.133	0.137	0.327	0.286	0.596	0.562	0.264	0.233	0.548	0.502	0.116	0.111	0.137	0.105	0.322	0.324	0.595	0.565	0.266	0.246	0.543	0.467	0.125	0.123	0.124	0.122	0.311	0.301	0.627	0.518	0.271	0.273	0.581	0.491	0.080	0.118	0.116	0.121	0.292	0.339	0.643	0.552	0.317	0.281	0.594	0.509	0.114	0.116	0.115	0.115	0.368	0.345	0.700	0.587
46:20:03	0.389	0.326	0.595	0.513	0.117	0.113	0.115	0.117	0.363	0.327	0.689	0.544	0.288	0.273	0.583	0.505	0.117	0.120	0.118	0.115	0.309	0.315	0.629	0.499	0.279	0.272	0.577	0.493	0.130	0.131	0.133	0.130	0.305	0.302	0.636	0.522	0.329	0.231	0.544	0.504	0.124	0.138	0.134	0.138	0.327	0.285	0.596	0.562	0.264	0.233	0.549	0.503	0.117	0.113	0.137	0.105	0.322	0.324	0.594	0.565	0.266	0.246	0.544	0.464	0.125	0.123	0.124	0.122	0.311	0.302	0.629	0.517	0.270	0.273	0.581	0.491	0.081	0.118	0.116	0.121	0.290	0.339	0.642	0.552	0.317	0.279	0.593	0.511	0.114	0.116	0.115	0.115	0.366	0.344	0.701	0.589
46:40:03	0.391	0.327	0.597	0.512	0.117	0.113	0.115	0.117	0.366	0.328	0.690	0.544	0.289	0.273	0.583	0.505	0.117	0.120	0.118	0.115	0.310	0.315	0.630	0.501	0.280	0.273	0.577	0.493	0.131	0.134	0.135	0.132	0.306	0.304	0.637	0.525	0.330	0.231	0.544	0.504	0.128	0.141	0.136	0.140	0.328	0.287	0.596	0.563	0.265	0.233	0.550	0.505	0.121	0.117	0.140	0.110	0.324	0.324	0.595	0.571	0.267	0.247	0.545	0.465	0.127	0.124	0.126	0.123	0.312	0.303	0.631	0.518	0.271	0.273	0.582	0.488	0.081	0.118	0.116	0.121	0.291	0.339	0.642	0.552	0.318	0.281	0.595	0.509	0.114	0.116	0.115	0.115	0.366	0.345	0.702	0.587
47:00:03	0.393	0.330	0.599	0.512	0.117	0.112	0.115	0.117	0.368	0.330	0.692	0.547	0.292	0.277	0.585	0.511	0.117	0.120	0.118	0.115	0.311	0.317	0.633	0.501	0.282	0.276	0.581	0.496	0.131	0.133	0.134	0.132	0.307	0.303	0.638	0.526	0.333	0.234	0.548	0.506	0.127	0.141	0.135	0.139	0.328	0.287	0.597	0.565	0.267	0.236	0.554	0.506	0.121	0.117	0.139	0.108	0.323	0.325	0.599	0.568	0.269	0.249	0.547	0.465	0.127	0.123	0.125	0.123	0.312	0.304	0.633	0.520	0.273	0.276	0.584	0.491	0.081	0.118	0.116	0.121	0.292	0.340	0.643	0.554	0.320	0.283	0.599	0.512	0.114	0.116	0.115	0.115	0.368	0.346	0.703	0.591
47:20:03	0.393	0.330	0.597	0.514	0.117	0.113	0.114	0.117	0.368	0.331	0.692	0.545	0.291	0.275	0.584	0.506	0.117	0.120	0.118	0.115	0.310	0.317	0.634	0.501	0.282	0.275	0.579	0.491	0.131	0.133	0.134	0.132	0.306	0.303	0.637	0.524	0.333	0.232	0.546	0.503	0.127	0.140	0.135	0.140	0.328	0.287	0.596	0.564	0.265	0.235	0.551	0.505	0.120	0.117	0.139	0.108	0.323	0.325	0.599	0.566	0.268	0.248	0.546	0.463	0.126	0.123	0.125	0.123	0.311	0.304	0.631	0.518	0.273	0.275	0.582	0.488	0.081	0.117	0.116	0.121	0.291	0.340	0.641	0.552	0.320	0.283	0.600	0.510	0.114	0.116	0.115	0.115	0.365	0.346	0.703	0.590
47:40:03	0.394	0.331	0.598	0.508	0.117	0.113	0.114	0.117	0.370	0.332	0.692	0.545	0.292	0.276	0.584	0.506	0.117	0.120	0.118	0.115	0.311	0.317	0.635	0.502	0.282	0.275	0.579	0.493	0.130	0.132	0.134	0.132	0.306	0.303	0.636	0.524	0.334	0.233	0.547	0.503	0.126	0.140	0.135	0.139	0.328	0.287	0.596	0.563	0.266	0.235	0.552	0.503	0.119	0.116	0.138	0.108	0.323	0.326	0.601	0.567	0.269	0.249	0.547	0.464	0.126	0.123	0.125	0.122	0.311	0.304	0.631	0.519	0.273	0.276	0.583	0.490	0.081	0.117	0.116	0.121	0.292	0.341	0.641	0.553	0.321	0.284	0.601	0.510	0.114	0.116	0.115	0.115	0.366	0.347	0.704	0.592
48:00:03	0.395	0.332	0.598	0.512	0.117	0.113	0.114	0.117	0.371	0.333	0.693	0.545	0.293	0.277	0.584	0.506	0.117	0.120	0.118	0.115	0.312	0.319	0.637	0.503	0.283	0.276	0.580	0.496	0.131	0.133	0.135	0.132	0.307	0.305	0.636	0.526	0.337	0.236	0.548	0.504	0.129	0.140	0.136	0.140	0.329	0.289	0.596	0.564	0.267	0.237	0.553	0.505	0.120	0.117	0.140	0.110	0.324	0.327	0.602	0.569	0.270	0.249	0.548	0.465	0.127	0.124	0.126	0.123	0.312	0.304	0.632	0.520	0.274	0.277	0.585	0.490	0.080	0.118	0.116	0.121	0.293	0.342	0.642	0.553	0.322	0.286	0.602	0.509	0.114	0.116	0.115	0.115	0.367	0.348	0.705	0.595

