Field Group

Plate Comment:	
Procedure Summary
  Plate Type:              Corning 96 well for LogPhase600
  Plate Number:            1
  Discontinuous Kinetics:  Runtime 02:00:00 (D:HH:MM), Interval 00:20:00 (HH:MM:SS), 145 Reads (max)
  Read:                    600 nm
  Incubator:               On
    Temperature setpoint:  30 °C
    Temperature gradient:  On
  Shaking:                 On
     Shaking frequency:    600 RPMs		
			
			

600

Time	A1	A2	A3	A4	A5	A6	A7	A8	A9	A10	A11	A12	B1	B2	B3	B4	B5	B6	B7	B8	B9	B10	B11	B12	C1	C2	C3	C4	C5	C6	C7	C8	C9	C10	C11	C12	D1	D2	D3	D4	D5	D6	D7	D8	D9	D10	D11	D12	E1	E2	E3	E4	E5	E6	E7	E8	E9	E10	E11	E12	F1	F2	F3	F4	F5	F6	F7	F8	F9	F10	F11	F12	G1	G2	G3	G4	G5	G6	G7	G8	G9	G10	G11	G12	H1	H2	H3	H4	H5	H6	H7	H8	H9	H10	H11	H12
0:00:00	0.116	0.118	0.117	0.122	0.122	0.119	0.119	0.119	0.115	0.118	0.122	0.117	0.115	0.115	0.116	0.117	0.117	0.124	0.121	0.123	0.122	0.119	0.115	0.116	0.116	0.119	0.116	0.122	0.123	0.116	0.119	0.118	0.117	0.117	0.117	0.116	0.121	0.118	0.117	0.116	0.118	0.116	0.117	0.121	0.118	0.115	0.116	0.122	0.116	0.116	0.120	0.118	0.118	0.122	0.120	0.119	0.117	0.116	0.118	0.096	0.123	0.116	0.118	0.118	0.120	0.122	0.109	0.117	0.116	0.116	0.121	0.119	0.116	0.116	0.116	0.118	0.118	0.119	0.122	0.116	0.110	0.113	0.116	0.116	0.116	0.121	0.118	0.116	0.118	0.116	0.118	0.120	0.092	0.121	0.121	0.116
0:20:00	0.116	0.118	0.116	0.122	0.122	0.119	0.119	0.120	0.115	0.118	0.122	0.116	0.115	0.115	0.116	0.117	0.117	0.124	0.122	0.123	0.121	0.119	0.115	0.116	0.116	0.118	0.115	0.122	0.122	0.116	0.119	0.118	0.115	0.116	0.117	0.116	0.120	0.117	0.116	0.117	0.116	0.115	0.117	0.121	0.117	0.115	0.116	0.121	0.117	0.116	0.119	0.119	0.116	0.120	0.120	0.119	0.115	0.116	0.118	0.102	0.123	0.116	0.118	0.118	0.120	0.123	0.109	0.117	0.116	0.116	0.122	0.119	0.116	0.116	0.116	0.119	0.118	0.119	0.122	0.116	0.111	0.113	0.116	0.117	0.116	0.121	0.118	0.116	0.117	0.116	0.117	0.119	0.095	0.121	0.121	0.116
0:40:00	0.116	0.118	0.117	0.122	0.122	0.119	0.119	0.120	0.115	0.118	0.122	0.116	0.115	0.115	0.116	0.117	0.117	0.124	0.122	0.123	0.121	0.119	0.115	0.116	0.116	0.118	0.116	0.122	0.122	0.116	0.119	0.118	0.115	0.116	0.117	0.117	0.120	0.117	0.116	0.116	0.115	0.115	0.116	0.121	0.117	0.115	0.117	0.122	0.117	0.115	0.119	0.117	0.116	0.120	0.120	0.119	0.115	0.116	0.118	0.102	0.123	0.116	0.118	0.119	0.120	0.123	0.109	0.117	0.116	0.115	0.122	0.119	0.116	0.115	0.116	0.119	0.118	0.119	0.122	0.116	0.111	0.112	0.116	0.116	0.116	0.121	0.118	0.117	0.117	0.116	0.118	0.120	0.096	0.121	0.121	0.116
1:00:00	0.116	0.118	0.117	0.122	0.122	0.119	0.119	0.120	0.115	0.118	0.122	0.117	0.115	0.115	0.116	0.117	0.117	0.124	0.122	0.123	0.121	0.119	0.116	0.117	0.116	0.118	0.116	0.122	0.122	0.116	0.120	0.118	0.115	0.116	0.117	0.117	0.120	0.117	0.116	0.115	0.115	0.115	0.117	0.121	0.117	0.115	0.117	0.122	0.117	0.115	0.120	0.117	0.116	0.120	0.120	0.119	0.115	0.116	0.119	0.102	0.123	0.116	0.118	0.119	0.119	0.123	0.109	0.117	0.116	0.115	0.122	0.119	0.116	0.115	0.117	0.119	0.118	0.119	0.122	0.117	0.111	0.112	0.117	0.117	0.116	0.121	0.119	0.117	0.117	0.116	0.118	0.120	0.096	0.121	0.121	0.116
1:20:00	0.117	0.118	0.118	0.123	0.122	0.119	0.120	0.121	0.116	0.118	0.123	0.117	0.115	0.115	0.117	0.118	0.118	0.125	0.123	0.123	0.122	0.119	0.117	0.117	0.117	0.118	0.117	0.123	0.122	0.117	0.120	0.118	0.116	0.116	0.118	0.118	0.121	0.118	0.117	0.116	0.115	0.115	0.117	0.121	0.118	0.116	0.118	0.122	0.117	0.115	0.121	0.117	0.116	0.120	0.121	0.120	0.116	0.116	0.120	0.102	0.123	0.116	0.118	0.119	0.119	0.123	0.110	0.118	0.117	0.116	0.123	0.120	0.116	0.116	0.117	0.120	0.118	0.119	0.122	0.117	0.112	0.112	0.117	0.117	0.116	0.121	0.119	0.117	0.118	0.116	0.118	0.121	0.097	0.121	0.121	0.117
1:40:00	0.117	0.118	0.120	0.125	0.122	0.119	0.121	0.122	0.116	0.118	0.125	0.118	0.116	0.115	0.118	0.118	0.118	0.125	0.124	0.123	0.122	0.119	0.117	0.118	0.117	0.118	0.117	0.123	0.122	0.117	0.120	0.118	0.116	0.117	0.119	0.118	0.121	0.118	0.117	0.116	0.115	0.115	0.118	0.122	0.118	0.116	0.119	0.123	0.117	0.115	0.122	0.117	0.116	0.121	0.121	0.120	0.116	0.117	0.122	0.104	0.123	0.116	0.119	0.119	0.119	0.123	0.110	0.118	0.117	0.116	0.124	0.121	0.116	0.116	0.118	0.120	0.118	0.119	0.123	0.117	0.112	0.112	0.119	0.119	0.116	0.122	0.120	0.117	0.118	0.116	0.118	0.121	0.097	0.122	0.122	0.118
2:00:00	0.118	0.118	0.122	0.126	0.123	0.119	0.123	0.123	0.116	0.118	0.128	0.120	0.116	0.115	0.120	0.120	0.118	0.125	0.125	0.125	0.122	0.119	0.119	0.119	0.117	0.119	0.119	0.124	0.122	0.117	0.122	0.119	0.116	0.117	0.121	0.120	0.121	0.118	0.118	0.117	0.115	0.115	0.118	0.122	0.118	0.116	0.121	0.125	0.118	0.115	0.123	0.117	0.116	0.121	0.122	0.120	0.116	0.117	0.125	0.105	0.124	0.116	0.120	0.120	0.119	0.123	0.110	0.118	0.117	0.116	0.127	0.123	0.117	0.116	0.119	0.121	0.118	0.119	0.123	0.118	0.112	0.112	0.121	0.120	0.117	0.122	0.122	0.119	0.118	0.116	0.119	0.121	0.098	0.122	0.124	0.119
2:20:00	0.118	0.118	0.124	0.127	0.123	0.119	0.124	0.124	0.117	0.119	0.131	0.121	0.117	0.115	0.122	0.121	0.118	0.125	0.127	0.125	0.123	0.119	0.123	0.121	0.118	0.119	0.121	0.126	0.122	0.117	0.123	0.120	0.117	0.117	0.125	0.121	0.122	0.119	0.120	0.117	0.115	0.115	0.120	0.123	0.119	0.116	0.124	0.126	0.118	0.115	0.126	0.118	0.117	0.121	0.122	0.121	0.117	0.117	0.128	0.107	0.124	0.117	0.122	0.121	0.119	0.123	0.112	0.118	0.117	0.116	0.130	0.124	0.117	0.116	0.121	0.122	0.118	0.120	0.125	0.118	0.113	0.113	0.124	0.122	0.117	0.122	0.124	0.120	0.118	0.116	0.121	0.122	0.098	0.122	0.127	0.121
2:40:00	0.119	0.119	0.127	0.128	0.123	0.119	0.126	0.125	0.117	0.119	0.135	0.122	0.117	0.116	0.124	0.122	0.118	0.125	0.129	0.126	0.124	0.119	0.127	0.122	0.119	0.119	0.124	0.127	0.122	0.117	0.126	0.121	0.118	0.117	0.129	0.123	0.122	0.119	0.123	0.119	0.115	0.115	0.121	0.123	0.120	0.116	0.129	0.128	0.119	0.116	0.128	0.119	0.117	0.121	0.124	0.121	0.117	0.117	0.132	0.108	0.125	0.117	0.125	0.122	0.119	0.123	0.113	0.119	0.118	0.117	0.134	0.126	0.117	0.117	0.124	0.124	0.119	0.120	0.127	0.119	0.114	0.113	0.128	0.123	0.118	0.122	0.126	0.121	0.118	0.116	0.123	0.123	0.098	0.122	0.131	0.122
3:00:00	0.120	0.119	0.130	0.130	0.123	0.119	0.129	0.126	0.119	0.119	0.141	0.124	0.118	0.116	0.128	0.123	0.118	0.125	0.131	0.127	0.125	0.120	0.133	0.124	0.120	0.119	0.128	0.128	0.123	0.117	0.128	0.122	0.119	0.118	0.136	0.125	0.123	0.120	0.126	0.120	0.116	0.115	0.124	0.124	0.121	0.117	0.135	0.129	0.120	0.116	0.132	0.121	0.117	0.121	0.126	0.122	0.119	0.118	0.138	0.110	0.126	0.117	0.128	0.123	0.119	0.123	0.115	0.120	0.119	0.117	0.141	0.127	0.118	0.117	0.128	0.125	0.119	0.120	0.129	0.120	0.115	0.113	0.134	0.125	0.118	0.122	0.129	0.122	0.118	0.116	0.126	0.124	0.099	0.122	0.137	0.124
3:20:00	0.121	0.119	0.134	0.131	0.123	0.119	0.132	0.127	0.120	0.120	0.150	0.126	0.119	0.117	0.132	0.124	0.119	0.125	0.134	0.128	0.126	0.120	0.141	0.127	0.121	0.120	0.132	0.129	0.123	0.117	0.131	0.123	0.120	0.118	0.144	0.127	0.124	0.121	0.131	0.122	0.116	0.116	0.127	0.125	0.122	0.117	0.144	0.131	0.121	0.117	0.137	0.122	0.117	0.121	0.128	0.123	0.120	0.119	0.146	0.112	0.127	0.118	0.132	0.125	0.120	0.123	0.118	0.121	0.120	0.118	0.150	0.129	0.120	0.118	0.132	0.126	0.119	0.120	0.132	0.122	0.116	0.114	0.142	0.127	0.119	0.123	0.133	0.123	0.119	0.116	0.129	0.125	0.101	0.123	0.146	0.127
3:40:00	0.123	0.120	0.139	0.132	0.123	0.119	0.135	0.128	0.121	0.120	0.161	0.128	0.121	0.117	0.137	0.125	0.119	0.125	0.137	0.129	0.127	0.120	0.152	0.128	0.123	0.121	0.138	0.130	0.123	0.117	0.134	0.124	0.122	0.119	0.157	0.129	0.126	0.121	0.136	0.123	0.116	0.116	0.130	0.126	0.123	0.118	0.156	0.133	0.123	0.117	0.143	0.124	0.117	0.121	0.131	0.124	0.121	0.119	0.158	0.114	0.129	0.118	0.137	0.126	0.120	0.123	0.121	0.123	0.121	0.118	0.162	0.131	0.121	0.118	0.137	0.128	0.119	0.120	0.137	0.123	0.117	0.114	0.154	0.129	0.121	0.123	0.137	0.124	0.119	0.116	0.134	0.127	0.102	0.123	0.158	0.129
4:00:00	0.125	0.121	0.144	0.133	0.123	0.119	0.140	0.129	0.123	0.121	0.176	0.130	0.123	0.118	0.143	0.126	0.119	0.126	0.141	0.130	0.129	0.121	0.168	0.130	0.125	0.121	0.144	0.132	0.123	0.117	0.139	0.125	0.123	0.120	0.172	0.131	0.128	0.122	0.143	0.125	0.116	0.116	0.135	0.127	0.125	0.119	0.171	0.136	0.124	0.118	0.151	0.127	0.118	0.122	0.136	0.125	0.123	0.120	0.173	0.115	0.131	0.119	0.143	0.128	0.120	0.122	0.128	0.124	0.123	0.119	0.176	0.133	0.123	0.119	0.144	0.130	0.119	0.120	0.142	0.124	0.119	0.115	0.168	0.131	0.122	0.124	0.142	0.125	0.119	0.116	0.138	0.128	0.102	0.124	0.171	0.131
4:20:00	0.127	0.121	0.150	0.133	0.124	0.119	0.144	0.130	0.125	0.122	0.190	0.132	0.125	0.119	0.151	0.127	0.119	0.125	0.146	0.131	0.131	0.122	0.183	0.133	0.127	0.122	0.153	0.132	0.123	0.117	0.144	0.126	0.127	0.121	0.185	0.134	0.130	0.122	0.151	0.127	0.117	0.116	0.140	0.128	0.128	0.120	0.183	0.138	0.126	0.119	0.160	0.129	0.118	0.121	0.141	0.126	0.126	0.121	0.188	0.118	0.133	0.120	0.149	0.129	0.120	0.123	0.135	0.126	0.126	0.120	0.190	0.135	0.125	0.120	0.152	0.131	0.120	0.119	0.148	0.126	0.120	0.116	0.182	0.133	0.125	0.124	0.148	0.126	0.119	0.116	0.144	0.129	0.104	0.125	0.186	0.133
4:40:00	0.131	0.122	0.157	0.134	0.124	0.120	0.150	0.131	0.128	0.122	0.204	0.134	0.128	0.120	0.161	0.128	0.119	0.126	0.152	0.132	0.134	0.122	0.196	0.134	0.130	0.123	0.163	0.133	0.124	0.117	0.150	0.127	0.129	0.122	0.197	0.136	0.132	0.123	0.161	0.130	0.117	0.116	0.145	0.129	0.129	0.121	0.198	0.141	0.131	0.120	0.168	0.131	0.118	0.121	0.149	0.127	0.126	0.121	0.202	0.121	0.135	0.120	0.156	0.130	0.120	0.122	0.145	0.128	0.128	0.120	0.204	0.138	0.128	0.121	0.163	0.133	0.120	0.120	0.155	0.127	0.123	0.116	0.196	0.135	0.127	0.125	0.155	0.127	0.118	0.116	0.151	0.130	0.107	0.126	0.197	0.136
5:00:00	0.134	0.122	0.163	0.134	0.125	0.120	0.157	0.131	0.133	0.124	0.218	0.136	0.132	0.121	0.167	0.129	0.120	0.126	0.158	0.133	0.138	0.124	0.209	0.137	0.132	0.124	0.169	0.134	0.124	0.117	0.156	0.128	0.135	0.123	0.210	0.138	0.137	0.124	0.168	0.132	0.118	0.117	0.150	0.130	0.133	0.122	0.212	0.144	0.133	0.121	0.175	0.134	0.119	0.122	0.158	0.129	0.134	0.123	0.216	0.123	0.142	0.122	0.162	0.131	0.121	0.123	0.157	0.131	0.134	0.122	0.220	0.140	0.135	0.121	0.170	0.134	0.120	0.120	0.163	0.128	0.126	0.117	0.209	0.137	0.132	0.126	0.162	0.128	0.119	0.116	0.158	0.132	0.109	0.127	0.211	0.139
5:20:00	0.138	0.123	0.169	0.135	0.124	0.120	0.164	0.133	0.137	0.125	0.234	0.140	0.137	0.123	0.175	0.129	0.120	0.126	0.164	0.133	0.140	0.123	0.224	0.140	0.137	0.125	0.177	0.135	0.124	0.118	0.163	0.129	0.137	0.123	0.225	0.142	0.141	0.125	0.175	0.134	0.118	0.116	0.155	0.132	0.135	0.121	0.225	0.147	0.136	0.123	0.181	0.137	0.119	0.122	0.166	0.130	0.137	0.123	0.230	0.126	0.144	0.122	0.168	0.133	0.121	0.123	0.168	0.133	0.135	0.124	0.233	0.143	0.135	0.124	0.178	0.136	0.120	0.120	0.171	0.129	0.130	0.118	0.225	0.141	0.137	0.127	0.169	0.128	0.120	0.116	0.166	0.133	0.112	0.126	0.228	0.142
5:40:00	0.146	0.126	0.174	0.135	0.125	0.120	0.171	0.134	0.141	0.127	0.245	0.142	0.141	0.124	0.180	0.130	0.120	0.126	0.171	0.135	0.144	0.126	0.236	0.144	0.142	0.128	0.183	0.135	0.125	0.118	0.170	0.131	0.139	0.125	0.238	0.145	0.148	0.126	0.181	0.136	0.119	0.117	0.160	0.133	0.140	0.123	0.239	0.150	0.142	0.125	0.188	0.140	0.120	0.122	0.174	0.132	0.139	0.127	0.244	0.130	0.151	0.125	0.173	0.134	0.122	0.124	0.177	0.136	0.139	0.124	0.248	0.146	0.142	0.123	0.185	0.137	0.121	0.120	0.177	0.131	0.132	0.119	0.238	0.144	0.142	0.130	0.174	0.129	0.120	0.117	0.173	0.135	0.116	0.128	0.245	0.146
6:00:00	0.148	0.130	0.179	0.136	0.126	0.120	0.177	0.134	0.147	0.129	0.258	0.147	0.144	0.129	0.186	0.130	0.120	0.126	0.178	0.136	0.143	0.127	0.247	0.147	0.146	0.131	0.190	0.136	0.125	0.118	0.177	0.131	0.139	0.128	0.249	0.149	0.151	0.130	0.186	0.138	0.119	0.117	0.166	0.133	0.143	0.128	0.252	0.154	0.145	0.129	0.195	0.143	0.120	0.122	0.181	0.134	0.141	0.132	0.256	0.133	0.154	0.128	0.179	0.135	0.122	0.124	0.185	0.139	0.141	0.128	0.259	0.149	0.145	0.128	0.192	0.139	0.121	0.120	0.183	0.133	0.134	0.119	0.250	0.147	0.147	0.132	0.179	0.130	0.121	0.117	0.178	0.136	0.119	0.128	0.254	0.150
6:20:00	0.152	0.133	0.183	0.137	0.126	0.120	0.183	0.135	0.146	0.132	0.275	0.150	0.149	0.132	0.192	0.130	0.121	0.126	0.184	0.137	0.143	0.130	0.261	0.152	0.150	0.134	0.198	0.136	0.125	0.118	0.183	0.133	0.141	0.132	0.264	0.153	0.156	0.133	0.192	0.140	0.120	0.117	0.171	0.135	0.146	0.132	0.268	0.158	0.150	0.133	0.202	0.145	0.120	0.122	0.187	0.135	0.143	0.133	0.271	0.137	0.158	0.131	0.184	0.136	0.123	0.124	0.188	0.141	0.144	0.131	0.273	0.153	0.147	0.132	0.199	0.140	0.121	0.120	0.190	0.134	0.136	0.123	0.266	0.152	0.150	0.135	0.184	0.130	0.121	0.117	0.184	0.137	0.121	0.132	0.269	0.154
6:40:00	0.162	0.139	0.188	0.136	0.126	0.120	0.190	0.136	0.146	0.135	0.291	0.155	0.160	0.140	0.197	0.130	0.122	0.126	0.189	0.137	0.146	0.134	0.277	0.155	0.160	0.139	0.202	0.137	0.126	0.118	0.189	0.133	0.145	0.134	0.280	0.158	0.160	0.140	0.197	0.140	0.121	0.117	0.177	0.135	0.149	0.133	0.284	0.163	0.163	0.141	0.208	0.147	0.121	0.123	0.191	0.137	0.147	0.135	0.287	0.141	0.163	0.137	0.189	0.137	0.123	0.123	0.201	0.143	0.150	0.132	0.290	0.158	0.154	0.138	0.204	0.141	0.122	0.120	0.195	0.134	0.139	0.124	0.282	0.155	0.155	0.140	0.190	0.130	0.121	0.117	0.191	0.137	0.123	0.134	0.286	0.158
7:00:00	0.177	0.146	0.194	0.137	0.127	0.120	0.196	0.136	0.152	0.138	0.309	0.161	0.178	0.145	0.201	0.131	0.122	0.126	0.194	0.137	0.149	0.140	0.294	0.162	0.178	0.144	0.206	0.137	0.126	0.119	0.194	0.133	0.148	0.135	0.296	0.161	0.169	0.148	0.202	0.141	0.121	0.117	0.182	0.136	0.152	0.134	0.302	0.168	0.181	0.146	0.214	0.149	0.122	0.123	0.200	0.140	0.151	0.135	0.303	0.146	0.177	0.144	0.195	0.139	0.123	0.123	0.207	0.146	0.155	0.131	0.307	0.161	0.171	0.145	0.209	0.142	0.122	0.120	0.202	0.135	0.144	0.128	0.300	0.160	0.170	0.147	0.195	0.130	0.121	0.117	0.196	0.138	0.125	0.137	0.303	0.163
7:20:00	0.197	0.151	0.198	0.137	0.128	0.120	0.202	0.137	0.163	0.137	0.326	0.167	0.197	0.147	0.205	0.131	0.122	0.126	0.201	0.138	0.155	0.144	0.313	0.167	0.198	0.146	0.211	0.137	0.127	0.119	0.200	0.134	0.162	0.136	0.313	0.166	0.186	0.152	0.205	0.142	0.122	0.117	0.186	0.136	0.167	0.135	0.320	0.173	0.200	0.147	0.220	0.151	0.123	0.123	0.204	0.140	0.164	0.135	0.321	0.151	0.195	0.149	0.200	0.139	0.124	0.123	0.217	0.147	0.162	0.131	0.324	0.165	0.191	0.148	0.214	0.143	0.123	0.120	0.208	0.135	0.149	0.131	0.318	0.168	0.185	0.155	0.200	0.131	0.123	0.117	0.202	0.139	0.129	0.139	0.322	0.169
7:40:00	0.214	0.150	0.202	0.137	0.128	0.121	0.209	0.138	0.175	0.138	0.345	0.174	0.218	0.149	0.209	0.131	0.123	0.127	0.206	0.138	0.160	0.142	0.332	0.171	0.218	0.149	0.215	0.137	0.127	0.119	0.207	0.133	0.181	0.137	0.330	0.172	0.205	0.156	0.211	0.143	0.123	0.118	0.191	0.137	0.185	0.137	0.336	0.177	0.220	0.151	0.227	0.153	0.124	0.123	0.212	0.142	0.179	0.137	0.339	0.155	0.213	0.153	0.206	0.140	0.124	0.124	0.219	0.148	0.169	0.132	0.341	0.172	0.209	0.151	0.220	0.144	0.123	0.120	0.212	0.136	0.156	0.132	0.336	0.173	0.201	0.155	0.204	0.131	0.122	0.117	0.211	0.139	0.136	0.141	0.342	0.175
8:00:00	0.232	0.154	0.205	0.138	0.129	0.121	0.214	0.137	0.193	0.140	0.361	0.180	0.238	0.156	0.213	0.132	0.123	0.127	0.210	0.140	0.171	0.144	0.347	0.178	0.235	0.154	0.220	0.138	0.128	0.119	0.214	0.135	0.191	0.140	0.347	0.179	0.222	0.160	0.214	0.144	0.124	0.118	0.196	0.139	0.195	0.140	0.352	0.185	0.239	0.159	0.233	0.154	0.124	0.123	0.217	0.142	0.190	0.140	0.352	0.162	0.231	0.156	0.211	0.141	0.125	0.124	0.225	0.149	0.183	0.133	0.354	0.176	0.229	0.160	0.225	0.145	0.124	0.120	0.220	0.137	0.165	0.134	0.351	0.175	0.217	0.157	0.208	0.131	0.123	0.117	0.216	0.140	0.143	0.143	0.358	0.183
8:20:01	0.248	0.160	0.209	0.138	0.129	0.121	0.217	0.137	0.197	0.144	0.365	0.186	0.256	0.168	0.216	0.131	0.123	0.127	0.216	0.138	0.182	0.148	0.357	0.182	0.252	0.161	0.222	0.138	0.128	0.119	0.217	0.135	0.203	0.147	0.362	0.184	0.236	0.164	0.219	0.145	0.125	0.118	0.207	0.138	0.202	0.145	0.359	0.190	0.258	0.172	0.238	0.155	0.125	0.123	0.221	0.143	0.202	0.146	0.357	0.171	0.248	0.162	0.218	0.143	0.125	0.124	0.230	0.150	0.198	0.138	0.358	0.185	0.248	0.176	0.231	0.147	0.123	0.121	0.224	0.137	0.177	0.139	0.360	0.187	0.232	0.162	0.212	0.131	0.123	0.117	0.222	0.139	0.150	0.146	0.370	0.190
8:40:01	0.267	0.167	0.213	0.138	0.129	0.121	0.224	0.136	0.202	0.148	0.371	0.196	0.280	0.185	0.221	0.131	0.126	0.127	0.222	0.138	0.192	0.151	0.360	0.194	0.271	0.172	0.228	0.138	0.128	0.119	0.223	0.136	0.212	0.160	0.371	0.193	0.255	0.171	0.222	0.146	0.126	0.118	0.206	0.138	0.209	0.157	0.371	0.200	0.283	0.189	0.241	0.156	0.126	0.123	0.226	0.144	0.219	0.158	0.367	0.178	0.273	0.171	0.223	0.143	0.125	0.124	0.230	0.152	0.218	0.144	0.368	0.192	0.277	0.193	0.236	0.147	0.125	0.120	0.230	0.137	0.197	0.140	0.375	0.192	0.262	0.173	0.218	0.131	0.124	0.117	0.227	0.139	0.162	0.149	0.384	0.199
9:00:01	0.267	0.177	0.217	0.138	0.129	0.121	0.227	0.137	0.214	0.155	0.373	0.203	0.287	0.198	0.225	0.131	0.125	0.127	0.225	0.138	0.203	0.156	0.362	0.201	0.267	0.185	0.230	0.138	0.129	0.119	0.225	0.135	0.224	0.163	0.381	0.200	0.265	0.179	0.226	0.147	0.127	0.119	0.206	0.137	0.219	0.163	0.378	0.206	0.285	0.203	0.246	0.158	0.127	0.123	0.228	0.144	0.231	0.166	0.373	0.184	0.286	0.182	0.230	0.145	0.125	0.124	0.233	0.152	0.222	0.150	0.371	0.201	0.292	0.208	0.241	0.149	0.124	0.121	0.234	0.136	0.211	0.145	0.384	0.204	0.276	0.188	0.223	0.131	0.124	0.117	0.229	0.139	0.166	0.152	0.395	0.208
9:20:01	0.292	0.189	0.221	0.138	0.130	0.122	0.231	0.137	0.226	0.162	0.375	0.211	0.290	0.214	0.229	0.131	0.127	0.128	0.227	0.138	0.214	0.164	0.365	0.210	0.295	0.199	0.235	0.138	0.129	0.120	0.230	0.135	0.240	0.171	0.389	0.209	0.279	0.190	0.229	0.147	0.128	0.119	0.208	0.138	0.231	0.168	0.385	0.216	0.296	0.222	0.250	0.159	0.127	0.124	0.231	0.147	0.241	0.173	0.380	0.195	0.319	0.194	0.235	0.145	0.126	0.125	0.234	0.153	0.232	0.153	0.376	0.209	0.344	0.225	0.248	0.149	0.125	0.121	0.238	0.138	0.225	0.150	0.393	0.213	0.317	0.200	0.228	0.132	0.125	0.118	0.232	0.139	0.177	0.156	0.404	0.218
9:40:01	0.319	0.202	0.225	0.138	0.132	0.122	0.233	0.135	0.245	0.166	0.377	0.223	0.310	0.231	0.234	0.132	0.125	0.128	0.231	0.140	0.227	0.168	0.367	0.223	0.352	0.211	0.238	0.139	0.129	0.120	0.233	0.135	0.256	0.173	0.395	0.217	0.333	0.202	0.234	0.148	0.129	0.119	0.209	0.139	0.246	0.172	0.394	0.225	0.323	0.237	0.253	0.160	0.128	0.125	0.235	0.147	0.255	0.179	0.391	0.204	0.379	0.205	0.240	0.145	0.126	0.125	0.234	0.157	0.243	0.162	0.386	0.219	0.399	0.241	0.252	0.149	0.126	0.121	0.240	0.137	0.238	0.152	0.404	0.225	0.386	0.210	0.232	0.132	0.125	0.118	0.234	0.139	0.195	0.160	0.412	0.230
10:00:01	0.349	0.212	0.229	0.138	0.132	0.123	0.237	0.135	0.263	0.177	0.377	0.235	0.339	0.243	0.237	0.131	0.126	0.129	0.234	0.139	0.240	0.173	0.367	0.234	0.381	0.223	0.242	0.139	0.130	0.120	0.234	0.137	0.273	0.198	0.400	0.231	0.384	0.210	0.238	0.149	0.129	0.120	0.211	0.139	0.262	0.191	0.399	0.236	0.351	0.251	0.257	0.160	0.129	0.124	0.236	0.146	0.269	0.195	0.397	0.216	0.410	0.217	0.246	0.147	0.126	0.125	0.239	0.156	0.255	0.195	0.389	0.232	0.419	0.255	0.258	0.152	0.125	0.122	0.242	0.138	0.247	0.159	0.410	0.234	0.402	0.219	0.237	0.132	0.126	0.118	0.237	0.140	0.213	0.166	0.418	0.238
10:20:01	0.372	0.226	0.233	0.138	0.132	0.123	0.241	0.137	0.279	0.198	0.379	0.243	0.365	0.263	0.242	0.133	0.126	0.129	0.237	0.139	0.253	0.183	0.368	0.245	0.392	0.235	0.247	0.139	0.130	0.121	0.237	0.136	0.296	0.213	0.404	0.240	0.394	0.221	0.243	0.150	0.130	0.122	0.213	0.141	0.285	0.204	0.407	0.246	0.377	0.271	0.261	0.161	0.129	0.126	0.242	0.150	0.286	0.209	0.407	0.224	0.420	0.235	0.250	0.146	0.127	0.126	0.239	0.160	0.270	0.210	0.399	0.240	0.426	0.273	0.261	0.151	0.126	0.122	0.247	0.138	0.258	0.163	0.419	0.243	0.409	0.233	0.241	0.132	0.126	0.119	0.243	0.141	0.234	0.170	0.424	0.250
10:40:01	0.392	0.253	0.236	0.139	0.132	0.124	0.240	0.135	0.295	0.216	0.379	0.253	0.385	0.282	0.245	0.131	0.127	0.130	0.241	0.140	0.263	0.197	0.368	0.253	0.393	0.262	0.250	0.139	0.131	0.121	0.241	0.136	0.318	0.242	0.407	0.246	0.407	0.235	0.247	0.152	0.130	0.123	0.216	0.139	0.311	0.238	0.409	0.251	0.390	0.293	0.267	0.163	0.129	0.127	0.249	0.153	0.310	0.242	0.409	0.229	0.426	0.256	0.256	0.148	0.127	0.125	0.240	0.157	0.284	0.226	0.400	0.246	0.430	0.295	0.267	0.152	0.126	0.123	0.246	0.140	0.267	0.173	0.421	0.252	0.419	0.246	0.245	0.133	0.126	0.119	0.245	0.141	0.247	0.179	0.429	0.259
11:00:01	0.399	0.261	0.239	0.139	0.132	0.124	0.241	0.135	0.346	0.227	0.376	0.259	0.395	0.280	0.247	0.132	0.127	0.130	0.240	0.138	0.273	0.212	0.367	0.258	0.402	0.290	0.253	0.139	0.131	0.122	0.241	0.136	0.368	0.261	0.409	0.251	0.418	0.259	0.250	0.153	0.130	0.124	0.217	0.138	0.342	0.259	0.413	0.256	0.399	0.296	0.269	0.163	0.130	0.128	0.253	0.149	0.331	0.259	0.417	0.234	0.432	0.281	0.260	0.149	0.127	0.126	0.239	0.158	0.302	0.243	0.407	0.250	0.434	0.299	0.271	0.153	0.126	0.123	0.246	0.139	0.280	0.181	0.427	0.255	0.428	0.268	0.250	0.134	0.126	0.119	0.246	0.141	0.263	0.193	0.434	0.265
11:20:01	0.401	0.281	0.242	0.139	0.133	0.125	0.240	0.135	0.408	0.241	0.375	0.263	0.400	0.299	0.249	0.131	0.127	0.131	0.238	0.137	0.283	0.228	0.367	0.264	0.411	0.346	0.256	0.139	0.131	0.123	0.239	0.138	0.415	0.272	0.411	0.255	0.424	0.295	0.253	0.154	0.130	0.125	0.217	0.139	0.420	0.272	0.416	0.259	0.388	0.304	0.272	0.164	0.130	0.128	0.252	0.149	0.415	0.279	0.421	0.237	0.438	0.326	0.264	0.150	0.127	0.127	0.238	0.161	0.327	0.257	0.410	0.252	0.439	0.303	0.274	0.153	0.127	0.124	0.246	0.139	0.293	0.194	0.430	0.260	0.435	0.313	0.254	0.134	0.127	0.120	0.247	0.142	0.276	0.211	0.436	0.273
11:40:01	0.412	0.373	0.246	0.138	0.133	0.126	0.239	0.136	0.423	0.262	0.374	0.268	0.391	0.331	0.252	0.132	0.128	0.132	0.237	0.137	0.307	0.243	0.367	0.270	0.415	0.417	0.259	0.140	0.132	0.123	0.239	0.138	0.424	0.289	0.414	0.260	0.429	0.320	0.256	0.153	0.130	0.126	0.216	0.139	0.433	0.286	0.419	0.262	0.399	0.331	0.276	0.164	0.130	0.129	0.249	0.151	0.428	0.294	0.424	0.239	0.441	0.398	0.267	0.150	0.128	0.128	0.235	0.160	0.352	0.279	0.415	0.254	0.443	0.330	0.277	0.154	0.127	0.124	0.245	0.141	0.316	0.214	0.433	0.265	0.440	0.374	0.257	0.133	0.127	0.121	0.244	0.143	0.293	0.228	0.439	0.281
12:00:01	0.420	0.429	0.248	0.138	0.133	0.127	0.239	0.137	0.438	0.266	0.375	0.271	0.380	0.362	0.255	0.132	0.128	0.133	0.238	0.139	0.345	0.260	0.369	0.276	0.421	0.419	0.263	0.140	0.132	0.124	0.240	0.136	0.435	0.308	0.417	0.265	0.433	0.398	0.259	0.153	0.130	0.127	0.220	0.140	0.445	0.304	0.424	0.265	0.413	0.361	0.278	0.165	0.130	0.130	0.252	0.151	0.444	0.306	0.430	0.238	0.443	0.418	0.267	0.149	0.129	0.128	0.235	0.162	0.357	0.295	0.424	0.256	0.447	0.360	0.278	0.153	0.128	0.125	0.245	0.141	0.333	0.238	0.438	0.272	0.444	0.423	0.259	0.133	0.128	0.122	0.243	0.143	0.317	0.242	0.441	0.289
12:20:01	0.420	0.432	0.251	0.140	0.133	0.127	0.239	0.135	0.436	0.284	0.372	0.273	0.406	0.392	0.256	0.132	0.129	0.134	0.238	0.137	0.343	0.251	0.366	0.280	0.426	0.421	0.265	0.140	0.132	0.125	0.239	0.136	0.439	0.324	0.416	0.267	0.438	0.419	0.262	0.153	0.130	0.127	0.220	0.139	0.448	0.320	0.424	0.266	0.415	0.391	0.280	0.166	0.130	0.130	0.252	0.151	0.442	0.322	0.431	0.239	0.444	0.422	0.270	0.150	0.129	0.129	0.238	0.162	0.389	0.302	0.424	0.255	0.448	0.391	0.281	0.155	0.128	0.126	0.245	0.141	0.346	0.251	0.439	0.275	0.447	0.426	0.262	0.134	0.128	0.123	0.244	0.143	0.337	0.255	0.443	0.293
12:40:01	0.428	0.426	0.253	0.139	0.134	0.128	0.241	0.136	0.438	0.315	0.373	0.275	0.421	0.405	0.259	0.132	0.129	0.134	0.239	0.140	0.384	0.271	0.365	0.285	0.432	0.421	0.268	0.140	0.133	0.126	0.240	0.137	0.445	0.331	0.417	0.271	0.441	0.432	0.265	0.155	0.130	0.128	0.226	0.140	0.452	0.331	0.426	0.268	0.422	0.405	0.283	0.168	0.130	0.130	0.249	0.153	0.447	0.340	0.431	0.238	0.447	0.421	0.275	0.152	0.130	0.129	0.240	0.163	0.447	0.329	0.426	0.256	0.451	0.409	0.284	0.156	0.128	0.126	0.248	0.139	0.383	0.270	0.441	0.283	0.451	0.424	0.265	0.136	0.128	0.123	0.245	0.146	0.366	0.275	0.445	0.298
13:00:01	0.433	0.418	0.256	0.139	0.134	0.129	0.242	0.135	0.438	0.327	0.372	0.276	0.428	0.402	0.259	0.132	0.129	0.135	0.239	0.139	0.433	0.300	0.363	0.290	0.435	0.417	0.268	0.141	0.133	0.126	0.241	0.136	0.448	0.336	0.417	0.276	0.443	0.427	0.265	0.153	0.130	0.128	0.213	0.140	0.452	0.333	0.429	0.271	0.433	0.402	0.284	0.168	0.131	0.131	0.251	0.153	0.451	0.349	0.436	0.241	0.448	0.416	0.277	0.151	0.130	0.130	0.243	0.164	0.503	0.362	0.432	0.256	0.453	0.409	0.285	0.157	0.128	0.127	0.249	0.142	0.428	0.289	0.444	0.287	0.456	0.424	0.268	0.135	0.128	0.124	0.247	0.146	0.399	0.297	0.446	0.301
13:20:01	0.436	0.419	0.259	0.139	0.134	0.130	0.247	0.135	0.445	0.343	0.374	0.279	0.435	0.402	0.260	0.133	0.130	0.136	0.242	0.138	0.461	0.312	0.363	0.295	0.439	0.419	0.272	0.140	0.133	0.127	0.243	0.138	0.458	0.349	0.418	0.280	0.448	0.423	0.268	0.157	0.130	0.129	0.219	0.140	0.457	0.344	0.430	0.272	0.442	0.418	0.288	0.169	0.131	0.132	0.257	0.156	0.459	0.356	0.436	0.240	0.452	0.417	0.280	0.152	0.130	0.130	0.247	0.167	0.548	0.378	0.432	0.257	0.456	0.422	0.288	0.158	0.128	0.128	0.252	0.142	0.461	0.309	0.445	0.295	0.460	0.426	0.272	0.135	0.129	0.124	0.247	0.146	0.440	0.316	0.447	0.305
13:40:01	0.440	0.420	0.261	0.141	0.135	0.131	0.249	0.135	0.448	0.377	0.372	0.279	0.441	0.404	0.261	0.133	0.130	0.137	0.246	0.139	0.526	0.334	0.362	0.299	0.440	0.419	0.272	0.141	0.134	0.128	0.246	0.140	0.465	0.362	0.417	0.285	0.449	0.421	0.269	0.154	0.130	0.129	0.216	0.141	0.458	0.360	0.431	0.276	0.442	0.398	0.289	0.168	0.131	0.132	0.258	0.154	0.465	0.375	0.440	0.244	0.453	0.418	0.283	0.152	0.130	0.131	0.253	0.170	0.517	0.392	0.435	0.259	0.456	0.399	0.290	0.157	0.129	0.128	0.253	0.142	0.539	0.331	0.447	0.300	0.462	0.428	0.275	0.135	0.129	0.125	0.250	0.144	0.500	0.341	0.448	0.307
14:00:01	0.446	0.421	0.263	0.140	0.135	0.132	0.252	0.136	0.456	0.410	0.374	0.280	0.445	0.415	0.262	0.133	0.131	0.138	0.249	0.143	0.516	0.368	0.362	0.303	0.442	0.420	0.274	0.140	0.134	0.129	0.248	0.137	0.472	0.419	0.418	0.289	0.451	0.422	0.272	0.155	0.130	0.129	0.220	0.141	0.465	0.406	0.431	0.279	0.443	0.407	0.291	0.169	0.131	0.133	0.256	0.155	0.473	0.425	0.443	0.247	0.455	0.419	0.286	0.153	0.131	0.131	0.257	0.167	0.521	0.414	0.438	0.260	0.458	0.411	0.292	0.157	0.129	0.129	0.259	0.143	0.526	0.353	0.448	0.306	0.464	0.429	0.278	0.136	0.129	0.126	0.253	0.146	0.523	0.365	0.449	0.310
14:20:01	0.448	0.423	0.265	0.139	0.135	0.132	0.253	0.136	0.465	0.435	0.374	0.281	0.446	0.427	0.263	0.133	0.131	0.138	0.251	0.144	0.514	0.391	0.362	0.306	0.445	0.422	0.276	0.140	0.134	0.130	0.252	0.140	0.481	0.451	0.418	0.293	0.452	0.424	0.274	0.155	0.130	0.130	0.226	0.142	0.470	0.446	0.433	0.283	0.444	0.426	0.293	0.171	0.131	0.133	0.267	0.156	0.480	0.446	0.444	0.252	0.456	0.422	0.290	0.152	0.131	0.132	0.261	0.168	0.539	0.432	0.440	0.263	0.459	0.435	0.294	0.158	0.129	0.130	0.263	0.144	0.497	0.380	0.450	0.310	0.465	0.431	0.282	0.136	0.129	0.127	0.256	0.144	0.492	0.390	0.450	0.313
14:40:01	0.449	0.425	0.270	0.139	0.135	0.133	0.256	0.135	0.471	0.452	0.374	0.282	0.447	0.428	0.265	0.132	0.131	0.139	0.253	0.141	0.529	0.424	0.363	0.309	0.447	0.425	0.278	0.141	0.134	0.130	0.255	0.141	0.488	0.464	0.419	0.297	0.452	0.426	0.276	0.155	0.131	0.130	0.223	0.143	0.476	0.461	0.434	0.287	0.443	0.429	0.295	0.171	0.131	0.134	0.269	0.160	0.488	0.457	0.445	0.255	0.457	0.425	0.293	0.153	0.131	0.133	0.264	0.168	0.549	0.450	0.442	0.265	0.459	0.434	0.296	0.158	0.130	0.130	0.265	0.143	0.525	0.418	0.452	0.314	0.466	0.434	0.286	0.136	0.130	0.128	0.261	0.144	0.519	0.418	0.451	0.315
15:00:01	0.449	0.428	0.272	0.138	0.136	0.133	0.257	0.135	0.479	0.479	0.377	0.284	0.447	0.432	0.266	0.132	0.131	0.139	0.254	0.139	0.539	0.467	0.368	0.311	0.449	0.428	0.279	0.141	0.134	0.131	0.256	0.137	0.496	0.470	0.422	0.302	0.452	0.427	0.277	0.155	0.131	0.130	0.228	0.143	0.483	0.468	0.436	0.293	0.443	0.424	0.296	0.172	0.131	0.134	0.279	0.162	0.493	0.464	0.448	0.261	0.458	0.427	0.294	0.153	0.131	0.133	0.267	0.170	0.556	0.472	0.446	0.271	0.459	0.425	0.296	0.157	0.130	0.131	0.269	0.143	0.537	0.457	0.454	0.319	0.466	0.435	0.288	0.136	0.130	0.128	0.265	0.145	0.529	0.459	0.452	0.317
15:20:01	0.451	0.432	0.271	0.139	0.136	0.134	0.258	0.135	0.487	0.504	0.377	0.284	0.449	0.440	0.267	0.134	0.131	0.140	0.253	0.138	0.542	0.508	0.366	0.314	0.452	0.432	0.282	0.142	0.135	0.131	0.260	0.137	0.503	0.471	0.420	0.302	0.454	0.429	0.280	0.157	0.131	0.130	0.230	0.142	0.489	0.471	0.435	0.291	0.445	0.432	0.299	0.174	0.132	0.134	0.283	0.162	0.501	0.469	0.445	0.258	0.460	0.431	0.298	0.155	0.131	0.133	0.274	0.170	0.562	0.505	0.445	0.269	0.461	0.432	0.301	0.159	0.130	0.132	0.273	0.140	0.542	0.497	0.454	0.320	0.467	0.439	0.290	0.137	0.130	0.128	0.268	0.149	0.531	0.522	0.452	0.319
15:40:01	0.450	0.433	0.270	0.138	0.136	0.134	0.257	0.137	0.493	0.534	0.377	0.285	0.448	0.437	0.268	0.132	0.132	0.140	0.255	0.143	0.549	0.524	0.369	0.315	0.450	0.432	0.282	0.142	0.135	0.132	0.263	0.137	0.510	0.474	0.422	0.306	0.450	0.430	0.280	0.155	0.131	0.130	0.228	0.143	0.494	0.473	0.437	0.298	0.445	0.436	0.299	0.173	0.132	0.134	0.287	0.162	0.505	0.473	0.450	0.266	0.459	0.432	0.296	0.154	0.131	0.134	0.273	0.172	0.565	0.546	0.451	0.276	0.458	0.437	0.300	0.158	0.131	0.132	0.276	0.146	0.551	0.557	0.458	0.324	0.464	0.440	0.287	0.137	0.130	0.129	0.272	0.145	0.539	0.563	0.454	0.320
16:00:01	0.451	0.435	0.269	0.139	0.137	0.134	0.254	0.136	0.500	0.574	0.373	0.281	0.449	0.435	0.269	0.133	0.132	0.140	0.257	0.140	0.550	0.543	0.366	0.316	0.451	0.435	0.283	0.142	0.136	0.132	0.263	0.137	0.514	0.474	0.420	0.306	0.450	0.432	0.282	0.155	0.132	0.130	0.228	0.142	0.499	0.475	0.435	0.299	0.447	0.436	0.301	0.174	0.132	0.134	0.285	0.161	0.510	0.475	0.449	0.267	0.459	0.435	0.299	0.155	0.131	0.134	0.280	0.171	0.571	0.597	0.450	0.274	0.457	0.437	0.303	0.160	0.131	0.132	0.282	0.140	0.553	0.588	0.458	0.325	0.463	0.442	0.289	0.138	0.131	0.129	0.277	0.145	0.541	0.604	0.455	0.320
16:20:01	0.454	0.438	0.269	0.138	0.137	0.134	0.258	0.137	0.509	0.619	0.377	0.283	0.450	0.436	0.270	0.135	0.133	0.140	0.256	0.139	0.556	0.595	0.367	0.318	0.452	0.438	0.287	0.143	0.136	0.132	0.265	0.138	0.521	0.479	0.421	0.306	0.450	0.435	0.284	0.155	0.132	0.131	0.232	0.143	0.506	0.478	0.436	0.301	0.450	0.437	0.304	0.174	0.132	0.134	0.285	0.162	0.516	0.480	0.449	0.266	0.459	0.438	0.300	0.155	0.132	0.134	0.288	0.172	0.574	0.603	0.450	0.274	0.458	0.436	0.307	0.161	0.131	0.132	0.285	0.141	0.557	0.582	0.459	0.327	0.462	0.444	0.289	0.140	0.132	0.130	0.283	0.145	0.542	0.589	0.457	0.320
16:40:01	0.455	0.440	0.269	0.139	0.137	0.134	0.252	0.136	0.517	0.611	0.374	0.280	0.451	0.434	0.270	0.134	0.134	0.141	0.257	0.140	0.558	0.591	0.366	0.319	0.450	0.438	0.286	0.141	0.137	0.132	0.263	0.138	0.526	0.481	0.420	0.308	0.448	0.436	0.283	0.153	0.133	0.131	0.232	0.143	0.507	0.482	0.437	0.307	0.451	0.436	0.304	0.173	0.133	0.135	0.290	0.162	0.519	0.487	0.451	0.272	0.458	0.438	0.301	0.156	0.132	0.135	0.291	0.173	0.574	0.600	0.453	0.278	0.456	0.436	0.307	0.160	0.132	0.132	0.290	0.143	0.560	0.575	0.461	0.328	0.460	0.444	0.291	0.140	0.132	0.130	0.287	0.144	0.545	0.559	0.458	0.319
17:00:01	0.458	0.442	0.269	0.140	0.138	0.134	0.259	0.137	0.523	0.610	0.375	0.277	0.452	0.434	0.271	0.132	0.135	0.141	0.249	0.143	0.561	0.595	0.366	0.320	0.450	0.439	0.287	0.142	0.137	0.132	0.262	0.141	0.530	0.486	0.420	0.309	0.447	0.438	0.284	0.154	0.133	0.131	0.232	0.142	0.513	0.487	0.436	0.310	0.453	0.436	0.305	0.174	0.133	0.135	0.301	0.161	0.524	0.493	0.451	0.273	0.457	0.439	0.302	0.158	0.133	0.134	0.296	0.174	0.576	0.569	0.453	0.279	0.455	0.437	0.309	0.161	0.133	0.132	0.294	0.143	0.563	0.578	0.461	0.330	0.459	0.446	0.292	0.140	0.133	0.130	0.294	0.145	0.547	0.566	0.459	0.319
17:20:01	0.460	0.444	0.270	0.140	0.139	0.134	0.261	0.137	0.528	0.586	0.377	0.275	0.452	0.435	0.272	0.133	0.136	0.141	0.251	0.141	0.564	0.569	0.367	0.321	0.450	0.440	0.288	0.142	0.138	0.132	0.262	0.137	0.533	0.490	0.420	0.310	0.446	0.439	0.286	0.155	0.133	0.132	0.233	0.143	0.517	0.490	0.437	0.313	0.452	0.437	0.307	0.175	0.133	0.136	0.289	0.166	0.528	0.499	0.451	0.274	0.457	0.440	0.304	0.156	0.134	0.134	0.297	0.175	0.578	0.571	0.452	0.281	0.454	0.438	0.310	0.162	0.134	0.132	0.297	0.145	0.565	0.555	0.463	0.330	0.457	0.447	0.294	0.141	0.133	0.130	0.301	0.145	0.550	0.568	0.460	0.318
17:40:01	0.462	0.445	0.270	0.139	0.139	0.135	0.263	0.140	0.532	0.583	0.378	0.273	0.453	0.437	0.273	0.134	0.137	0.142	0.258	0.144	0.567	0.573	0.368	0.321	0.448	0.441	0.290	0.142	0.139	0.132	0.264	0.138	0.537	0.493	0.421	0.310	0.445	0.440	0.288	0.155	0.134	0.133	0.235	0.143	0.522	0.495	0.437	0.315	0.454	0.438	0.308	0.175	0.136	0.136	0.306	0.164	0.532	0.503	0.450	0.276	0.456	0.442	0.306	0.157	0.135	0.134	0.302	0.175	0.579	0.571	0.453	0.283	0.453	0.439	0.312	0.162	0.135	0.132	0.299	0.140	0.567	0.559	0.463	0.331	0.456	0.448	0.296	0.143	0.134	0.130	0.306	0.146	0.552	0.570	0.463	0.317
18:00:01	0.465	0.447	0.271	0.139	0.140	0.135	0.264	0.138	0.535	0.582	0.379	0.273	0.453	0.438	0.274	0.133	0.138	0.143	0.260	0.140	0.569	0.573	0.369	0.321	0.448	0.442	0.291	0.143	0.140	0.133	0.265	0.137	0.541	0.499	0.421	0.311	0.444	0.441	0.288	0.153	0.135	0.133	0.234	0.142	0.526	0.499	0.438	0.320	0.454	0.439	0.310	0.176	0.136	0.137	0.296	0.165	0.538	0.506	0.451	0.281	0.455	0.441	0.307	0.157	0.135	0.134	0.301	0.175	0.580	0.572	0.453	0.284	0.451	0.440	0.314	0.163	0.136	0.132	0.300	0.139	0.569	0.569	0.464	0.331	0.455	0.449	0.297	0.143	0.135	0.130	0.302	0.147	0.555	0.574	0.465	0.316
18:20:01	0.467	0.448	0.272	0.139	0.141	0.136	0.261	0.138	0.540	0.583	0.381	0.274	0.454	0.440	0.276	0.133	0.140	0.143	0.253	0.142	0.571	0.573	0.370	0.321	0.447	0.443	0.292	0.141	0.141	0.133	0.265	0.138	0.545	0.502	0.421	0.313	0.443	0.442	0.290	0.155	0.137	0.134	0.237	0.146	0.531	0.502	0.438	0.323	0.454	0.441	0.310	0.176	0.138	0.137	0.297	0.164	0.543	0.509	0.452	0.287	0.454	0.443	0.308	0.158	0.136	0.135	0.304	0.177	0.581	0.572	0.454	0.288	0.450	0.442	0.315	0.165	0.138	0.133	0.303	0.141	0.570	0.573	0.466	0.332	0.455	0.449	0.300	0.143	0.137	0.131	0.312	0.153	0.556	0.577	0.466	0.316
18:40:01	0.469	0.449	0.272	0.140	0.142	0.136	0.262	0.137	0.542	0.583	0.382	0.274	0.455	0.441	0.276	0.133	0.147	0.144	0.257	0.143	0.572	0.575	0.371	0.322	0.446	0.443	0.291	0.142	0.143	0.133	0.265	0.141	0.549	0.505	0.423	0.316	0.442	0.443	0.291	0.155	0.138	0.135	0.230	0.143	0.535	0.505	0.439	0.326	0.454	0.443	0.310	0.176	0.139	0.138	0.297	0.167	0.551	0.515	0.451	0.292	0.453	0.443	0.310	0.159	0.137	0.135	0.302	0.177	0.582	0.573	0.453	0.290	0.448	0.444	0.315	0.165	0.139	0.133	0.303	0.141	0.571	0.575	0.467	0.331	0.454	0.450	0.302	0.144	0.139	0.131	0.324	0.150	0.557	0.580	0.468	0.315
19:00:01	0.472	0.450	0.273	0.139	0.143	0.137	0.267	0.138	0.543	0.585	0.382	0.276	0.455	0.443	0.275	0.133	0.144	0.145	0.259	0.140	0.573	0.578	0.374	0.322	0.444	0.442	0.290	0.141	0.145	0.134	0.265	0.139	0.556	0.509	0.422	0.317	0.440	0.443	0.292	0.155	0.141	0.136	0.226	0.143	0.544	0.509	0.439	0.329	0.454	0.445	0.310	0.178	0.140	0.139	0.301	0.170	0.556	0.518	0.452	0.299	0.451	0.443	0.312	0.159	0.139	0.136	0.305	0.180	0.582	0.574	0.453	0.293	0.447	0.446	0.315	0.165	0.141	0.134	0.303	0.140	0.573	0.579	0.468	0.334	0.453	0.450	0.303	0.144	0.139	0.132	0.327	0.157	0.559	0.584	0.470	0.316
19:20:01	0.475	0.450	0.274	0.139	0.144	0.138	0.265	0.141	0.544	0.588	0.381	0.277	0.455	0.445	0.274	0.133	0.147	0.145	0.260	0.137	0.574	0.580	0.375	0.321	0.443	0.442	0.289	0.142	0.146	0.135	0.268	0.140	0.563	0.514	0.424	0.320	0.440	0.443	0.290	0.155	0.142	0.137	0.228	0.143	0.550	0.512	0.439	0.331	0.454	0.446	0.310	0.178	0.143	0.139	0.302	0.167	0.564	0.522	0.452	0.300	0.450	0.443	0.313	0.159	0.141	0.136	0.312	0.178	0.582	0.576	0.453	0.296	0.446	0.447	0.314	0.166	0.142	0.134	0.305	0.142	0.574	0.583	0.469	0.333	0.452	0.449	0.305	0.144	0.141	0.132	0.321	0.150	0.559	0.587	0.472	0.320
19:40:01	0.478	0.452	0.275	0.139	0.147	0.139	0.269	0.142	0.556	0.593	0.386	0.280	0.456	0.447	0.273	0.132	0.154	0.146	0.262	0.140	0.576	0.584	0.379	0.321	0.444	0.442	0.290	0.142	0.150	0.135	0.266	0.139	0.567	0.519	0.424	0.321	0.441	0.444	0.291	0.156	0.145	0.137	0.226	0.145	0.558	0.518	0.440	0.332	0.456	0.448	0.311	0.179	0.146	0.140	0.305	0.168	0.574	0.528	0.451	0.304	0.451	0.443	0.315	0.161	0.143	0.136	0.313	0.179	0.583	0.578	0.452	0.300	0.447	0.450	0.315	0.167	0.144	0.135	0.308	0.140	0.574	0.586	0.470	0.336	0.454	0.450	0.307	0.143	0.142	0.133	0.332	0.150	0.559	0.591	0.475	0.326
20:00:01	0.479	0.451	0.277	0.139	0.149	0.139	0.270	0.140	0.559	0.596	0.382	0.282	0.457	0.447	0.272	0.133	0.154	0.147	0.261	0.143	0.575	0.587	0.378	0.321	0.441	0.441	0.287	0.143	0.151	0.136	0.269	0.143	0.572	0.523	0.424	0.321	0.438	0.443	0.287	0.155	0.148	0.138	0.226	0.144	0.559	0.520	0.441	0.337	0.455	0.449	0.309	0.178	0.149	0.141	0.307	0.172	0.580	0.530	0.451	0.314	0.448	0.442	0.315	0.161	0.145	0.137	0.311	0.182	0.582	0.581	0.454	0.309	0.445	0.451	0.313	0.168	0.145	0.135	0.309	0.141	0.573	0.590	0.472	0.338	0.452	0.449	0.311	0.143	0.144	0.134	0.326	0.160	0.561	0.596	0.477	0.331
20:20:01	0.481	0.452	0.278	0.139	0.150	0.140	0.274	0.142	0.565	0.599	0.383	0.285	0.457	0.448	0.271	0.133	0.152	0.148	0.267	0.141	0.575	0.589	0.380	0.321	0.439	0.440	0.286	0.142	0.154	0.137	0.270	0.141	0.579	0.524	0.425	0.322	0.436	0.443	0.286	0.155	0.147	0.139	0.225	0.143	0.567	0.524	0.442	0.339	0.456	0.450	0.309	0.178	0.151	0.142	0.311	0.168	0.586	0.531	0.455	0.317	0.448	0.441	0.318	0.162	0.147	0.138	0.313	0.180	0.581	0.583	0.455	0.314	0.444	0.453	0.312	0.170	0.148	0.136	0.312	0.141	0.573	0.593	0.473	0.341	0.452	0.449	0.317	0.144	0.146	0.134	0.322	0.156	0.561	0.599	0.479	0.329
20:40:01	0.482	0.453	0.277	0.140	0.152	0.141	0.274	0.139	0.563	0.604	0.387	0.288	0.458	0.450	0.270	0.134	0.157	0.148	0.261	0.138	0.574	0.593	0.382	0.321	0.438	0.439	0.285	0.141	0.157	0.137	0.266	0.144	0.585	0.525	0.425	0.327	0.436	0.443	0.284	0.155	0.149	0.140	0.236	0.146	0.573	0.526	0.443	0.340	0.456	0.451	0.309	0.178	0.152	0.144	0.313	0.173	0.585	0.533	0.457	0.319	0.446	0.440	0.320	0.163	0.150	0.138	0.317	0.181	0.580	0.586	0.454	0.318	0.442	0.454	0.311	0.169	0.152	0.136	0.311	0.144	0.572	0.596	0.475	0.343	0.453	0.449	0.321	0.145	0.149	0.135	0.334	0.155	0.562	0.603	0.482	0.329
21:00:01	0.482	0.453	0.276	0.140	0.154	0.141	0.278	0.142	0.557	0.607	0.389	0.291	0.458	0.451	0.270	0.134	0.157	0.149	0.264	0.140	0.574	0.595	0.383	0.322	0.436	0.437	0.285	0.141	0.155	0.138	0.267	0.144	0.586	0.525	0.423	0.329	0.434	0.443	0.284	0.153	0.150	0.141	0.235	0.145	0.571	0.529	0.444	0.340	0.456	0.452	0.309	0.178	0.153	0.144	0.320	0.175	0.585	0.534	0.459	0.321	0.444	0.440	0.320	0.163	0.152	0.138	0.320	0.181	0.579	0.588	0.456	0.322	0.441	0.455	0.311	0.169	0.153	0.137	0.316	0.141	0.571	0.601	0.480	0.342	0.453	0.450	0.323	0.143	0.155	0.135	0.348	0.155	0.561	0.606	0.489	0.332
21:20:01	0.482	0.453	0.274	0.139	0.156	0.142	0.272	0.139	0.560	0.611	0.391	0.294	0.459	0.451	0.269	0.132	0.159	0.149	0.268	0.138	0.574	0.597	0.386	0.323	0.434	0.436	0.285	0.142	0.155	0.139	0.275	0.144	0.583	0.526	0.425	0.329	0.432	0.442	0.282	0.155	0.151	0.143	0.238	0.146	0.569	0.535	0.446	0.342	0.456	0.452	0.309	0.179	0.152	0.145	0.315	0.172	0.586	0.539	0.459	0.323	0.444	0.439	0.319	0.163	0.154	0.139	0.320	0.181	0.578	0.591	0.459	0.325	0.439	0.455	0.310	0.170	0.155	0.138	0.323	0.142	0.570	0.604	0.487	0.344	0.453	0.448	0.323	0.144	0.155	0.136	0.347	0.160	0.560	0.609	0.491	0.332
21:40:01	0.483	0.453	0.273	0.139	0.159	0.143	0.280	0.139	0.557	0.614	0.397	0.299	0.460	0.452	0.270	0.132	0.160	0.149	0.266	0.144	0.575	0.600	0.389	0.324	0.434	0.436	0.287	0.142	0.155	0.140	0.268	0.145	0.586	0.529	0.427	0.331	0.433	0.443	0.284	0.156	0.151	0.143	0.239	0.145	0.573	0.539	0.452	0.343	0.456	0.453	0.311	0.180	0.153	0.147	0.320	0.175	0.587	0.542	0.460	0.323	0.444	0.438	0.319	0.166	0.157	0.140	0.321	0.183	0.578	0.593	0.463	0.326	0.440	0.456	0.311	0.172	0.156	0.139	0.322	0.142	0.570	0.607	0.487	0.346	0.455	0.449	0.324	0.143	0.157	0.136	0.349	0.158	0.560	0.611	0.492	0.332
22:00:01	0.481	0.453	0.271	0.139	0.161	0.144	0.271	0.144	0.558	0.616	0.392	0.299	0.460	0.451	0.269	0.133	0.161	0.150	0.264	0.141	0.573	0.601	0.390	0.322	0.430	0.433	0.284	0.141	0.157	0.141	0.275	0.144	0.591	0.532	0.428	0.332	0.430	0.441	0.282	0.155	0.152	0.144	0.238	0.144	0.575	0.540	0.455	0.344	0.455	0.452	0.310	0.180	0.153	0.147	0.318	0.176	0.582	0.543	0.465	0.327	0.440	0.437	0.318	0.166	0.160	0.141	0.318	0.183	0.577	0.596	0.469	0.330	0.437	0.456	0.309	0.171	0.160	0.140	0.320	0.144	0.570	0.611	0.488	0.344	0.454	0.447	0.323	0.144	0.160	0.137	0.351	0.159	0.560	0.614	0.495	0.336
22:20:02	0.482	0.454	0.271	0.139	0.163	0.145	0.275	0.144	0.556	0.619	0.397	0.305	0.460	0.453	0.270	0.133	0.160	0.151	0.269	0.138	0.574	0.604	0.394	0.322	0.431	0.433	0.288	0.143	0.164	0.143	0.279	0.141	0.588	0.535	0.429	0.333	0.431	0.441	0.284	0.157	0.153	0.144	0.237	0.148	0.576	0.546	0.458	0.344	0.455	0.454	0.312	0.180	0.153	0.147	0.319	0.175	0.568	0.548	0.470	0.326	0.441	0.436	0.318	0.167	0.164	0.143	0.321	0.186	0.576	0.598	0.470	0.331	0.438	0.457	0.310	0.171	0.161	0.142	0.322	0.142	0.569	0.613	0.487	0.346	0.456	0.447	0.323	0.145	0.161	0.138	0.356	0.157	0.560	0.615	0.496	0.340
22:40:02	0.478	0.453	0.269	0.139	0.166	0.147	0.280	0.142	0.546	0.620	0.391	0.305	0.460	0.452	0.268	0.133	0.165	0.152	0.275	0.139	0.571	0.605	0.396	0.325	0.427	0.430	0.285	0.141	0.168	0.144	0.276	0.144	0.581	0.537	0.430	0.333	0.427	0.440	0.281	0.155	0.155	0.146	0.236	0.146	0.567	0.549	0.458	0.344	0.453	0.453	0.310	0.180	0.155	0.147	0.319	0.179	0.571	0.552	0.479	0.330	0.437	0.434	0.315	0.164	0.167	0.145	0.321	0.184	0.574	0.599	0.475	0.336	0.434	0.457	0.308	0.171	0.163	0.143	0.322	0.143	0.569	0.615	0.489	0.345	0.457	0.446	0.322	0.145	0.163	0.139	0.358	0.162	0.561	0.617	0.497	0.338
23:00:02	0.477	0.452	0.268	0.139	0.168	0.148	0.283	0.143	0.556	0.621	0.391	0.307	0.459	0.453	0.268	0.132	0.166	0.153	0.269	0.139	0.570	0.607	0.400	0.326	0.425	0.429	0.285	0.142	0.164	0.145	0.274	0.144	0.585	0.544	0.431	0.333	0.426	0.439	0.280	0.155	0.156	0.147	0.236	0.144	0.566	0.552	0.461	0.345	0.452	0.453	0.310	0.180	0.156	0.149	0.326	0.179	0.591	0.559	0.479	0.332	0.435	0.433	0.315	0.166	0.170	0.146	0.324	0.186	0.574	0.600	0.476	0.337	0.432	0.457	0.308	0.172	0.172	0.145	0.325	0.144	0.568	0.618	0.489	0.343	0.458	0.445	0.320	0.145	0.165	0.140	0.360	0.162	0.560	0.619	0.498	0.337
23:20:02	0.478	0.452	0.267	0.139	0.172	0.149	0.287	0.141	0.563	0.624	0.397	0.312	0.460	0.453	0.269	0.133	0.168	0.154	0.264	0.144	0.570	0.609	0.405	0.325	0.426	0.428	0.289	0.141	0.167	0.147	0.274	0.142	0.575	0.556	0.432	0.333	0.427	0.438	0.282	0.156	0.157	0.147	0.238	0.145	0.571	0.565	0.458	0.347	0.452	0.454	0.312	0.182	0.158	0.150	0.322	0.180	0.600	0.574	0.477	0.330	0.435	0.432	0.315	0.168	0.172	0.145	0.327	0.190	0.573	0.601	0.474	0.336	0.433	0.458	0.309	0.175	0.173	0.146	0.327	0.144	0.566	0.620	0.487	0.343	0.460	0.446	0.319	0.146	0.166	0.141	0.364	0.161	0.558	0.620	0.497	0.338
23:40:02	0.475	0.452	0.266	0.139	0.175	0.152	0.288	0.142	0.592	0.625	0.399	0.315	0.460	0.453	0.269	0.133	0.168	0.155	0.266	0.138	0.568	0.610	0.407	0.326	0.425	0.426	0.289	0.142	0.173	0.149	0.276	0.144	0.603	0.566	0.433	0.334	0.426	0.438	0.282	0.157	0.158	0.148	0.237	0.145	0.586	0.580	0.461	0.348	0.451	0.453	0.313	0.182	0.159	0.150	0.324	0.179	0.607	0.589	0.479	0.329	0.434	0.431	0.314	0.169	0.176	0.147	0.327	0.189	0.572	0.601	0.476	0.339	0.432	0.458	0.309	0.175	0.176	0.148	0.331	0.144	0.566	0.621	0.486	0.344	0.461	0.445	0.318	0.147	0.168	0.142	0.366	0.167	0.559	0.622	0.499	0.339
24:00:02	0.472	0.451	0.264	0.140	0.179	0.150	0.288	0.143	0.613	0.625	0.393	0.315	0.458	0.453	0.268	0.133	0.171	0.157	0.268	0.140	0.567	0.610	0.406	0.328	0.420	0.425	0.286	0.143	0.174	0.150	0.277	0.144	0.616	0.581	0.433	0.336	0.423	0.436	0.278	0.155	0.163	0.149	0.235	0.145	0.599	0.589	0.463	0.347	0.447	0.453	0.310	0.181	0.160	0.152	0.325	0.180	0.655	0.602	0.482	0.333	0.430	0.430	0.311	0.168	0.178	0.148	0.326	0.190	0.570	0.602	0.481	0.341	0.428	0.458	0.307	0.175	0.177	0.150	0.333	0.146	0.565	0.622	0.488	0.343	0.462	0.443	0.316	0.148	0.170	0.144	0.367	0.167	0.560	0.623	0.499	0.337
24:20:02	0.469	0.451	0.263	0.139	0.183	0.150	0.289	0.144	0.604	0.625	0.395	0.316	0.457	0.452	0.269	0.133	0.174	0.158	0.271	0.143	0.566	0.612	0.408	0.329	0.418	0.424	0.287	0.143	0.177	0.149	0.279	0.145	0.630	0.584	0.436	0.335	0.422	0.436	0.278	0.155	0.163	0.149	0.235	0.145	0.613	0.593	0.464	0.347	0.445	0.454	0.312	0.181	0.162	0.152	0.334	0.180	0.658	0.612	0.483	0.335	0.429	0.429	0.310	0.168	0.181	0.149	0.329	0.193	0.569	0.602	0.482	0.343	0.427	0.458	0.307	0.176	0.173	0.149	0.336	0.148	0.564	0.622	0.488	0.343	0.463	0.442	0.314	0.148	0.170	0.145	0.369	0.170	0.560	0.624	0.497	0.335
24:40:02	0.468	0.451	0.262	0.141	0.182	0.153	0.290	0.144	0.581	0.625	0.396	0.319	0.456	0.449	0.269	0.133	0.173	0.159	0.274	0.139	0.565	0.613	0.408	0.328	0.417	0.423	0.291	0.142	0.174	0.150	0.281	0.144	0.651	0.586	0.437	0.336	0.421	0.435	0.277	0.155	0.164	0.151	0.235	0.149	0.643	0.593	0.465	0.349	0.443	0.452	0.315	0.181	0.166	0.153	0.328	0.182	0.647	0.616	0.484	0.335	0.427	0.428	0.309	0.168	0.183	0.150	0.329	0.193	0.567	0.601	0.484	0.344	0.426	0.456	0.309	0.176	0.181	0.149	0.336	0.148	0.563	0.623	0.487	0.343	0.465	0.441	0.312	0.150	0.174	0.146	0.370	0.171	0.560	0.625	0.498	0.336
25:00:02	0.467	0.451	0.263	0.140	0.189	0.152	0.290	0.144	0.568	0.626	0.402	0.323	0.456	0.447	0.272	0.133	0.174	0.160	0.278	0.143	0.566	0.615	0.414	0.331	0.418	0.422	0.298	0.141	0.183	0.152	0.284	0.145	0.642	0.591	0.440	0.336	0.423	0.434	0.279	0.157	0.167	0.151	0.237	0.145	0.645	0.596	0.465	0.348	0.444	0.454	0.317	0.183	0.170	0.155	0.329	0.183	0.618	0.614	0.482	0.333	0.428	0.427	0.309	0.169	0.185	0.151	0.331	0.193	0.567	0.601	0.482	0.344	0.427	0.455	0.315	0.177	0.186	0.151	0.341	0.147	0.562	0.624	0.486	0.345	0.467	0.441	0.313	0.152	0.175	0.146	0.373	0.170	0.558	0.625	0.498	0.336
25:20:02	0.463	0.451	0.261	0.143	0.191	0.152	0.291	0.144	0.565	0.625	0.399	0.323	0.453	0.445	0.275	0.135	0.176	0.162	0.279	0.142	0.565	0.614	0.413	0.330	0.415	0.421	0.296	0.142	0.181	0.153	0.285	0.144	0.612	0.599	0.443	0.337	0.421	0.433	0.278	0.155	0.168	0.152	0.235	0.148	0.626	0.598	0.465	0.349	0.440	0.451	0.313	0.182	0.173	0.154	0.329	0.182	0.581	0.611	0.485	0.335	0.425	0.426	0.307	0.169	0.187	0.155	0.332	0.194	0.565	0.600	0.484	0.346	0.424	0.454	0.314	0.177	0.192	0.154	0.344	0.150	0.561	0.624	0.489	0.343	0.467	0.440	0.311	0.153	0.177	0.146	0.374	0.174	0.559	0.626	0.496	0.336
25:40:02	0.462	0.450	0.260	0.140	0.191	0.153	0.291	0.144	0.566	0.625	0.400	0.324	0.451	0.442	0.275	0.134	0.177	0.163	0.280	0.140	0.564	0.614	0.415	0.329	0.414	0.420	0.297	0.143	0.190	0.152	0.287	0.143	0.588	0.579	0.443	0.337	0.421	0.432	0.276	0.155	0.173	0.153	0.234	0.147	0.599	0.594	0.466	0.349	0.437	0.449	0.312	0.182	0.177	0.157	0.331	0.183	0.563	0.611	0.485	0.337	0.424	0.426	0.305	0.168	0.189	0.156	0.332	0.193	0.563	0.600	0.490	0.347	0.423	0.452	0.314	0.177	0.188	0.153	0.347	0.151	0.560	0.624	0.489	0.342	0.468	0.439	0.309	0.154	0.180	0.147	0.375	0.181	0.561	0.627	0.496	0.336
26:00:02	0.459	0.450	0.260	0.141	0.186	0.156	0.291	0.144	0.567	0.625	0.400	0.326	0.449	0.440	0.274	0.133	0.176	0.165	0.282	0.140	0.563	0.614	0.418	0.330	0.413	0.420	0.296	0.144	0.198	0.154	0.289	0.144	0.574	0.591	0.446	0.335	0.421	0.432	0.280	0.155	0.178	0.155	0.235	0.150	0.579	0.588	0.467	0.350	0.434	0.447	0.311	0.181	0.180	0.157	0.330	0.183	0.560	0.588	0.489	0.337	0.423	0.425	0.304	0.169	0.193	0.157	0.333	0.194	0.562	0.599	0.489	0.348	0.422	0.450	0.312	0.178	0.192	0.154	0.347	0.154	0.560	0.624	0.489	0.341	0.469	0.438	0.307	0.155	0.181	0.150	0.377	0.181	0.561	0.628	0.495	0.336
26:20:02	0.456	0.450	0.259	0.139	0.186	0.156	0.292	0.143	0.568	0.624	0.401	0.328	0.446	0.439	0.275	0.135	0.178	0.166	0.283	0.143	0.563	0.615	0.419	0.329	0.412	0.419	0.295	0.144	0.194	0.155	0.291	0.144	0.570	0.613	0.447	0.335	0.421	0.431	0.283	0.155	0.183	0.156	0.236	0.150	0.566	0.600	0.467	0.350	0.432	0.446	0.310	0.181	0.185	0.158	0.331	0.183	0.563	0.609	0.489	0.337	0.422	0.425	0.303	0.169	0.196	0.158	0.334	0.194	0.561	0.598	0.490	0.348	0.422	0.447	0.311	0.178	0.191	0.157	0.349	0.153	0.559	0.625	0.491	0.343	0.470	0.438	0.306	0.157	0.183	0.151	0.378	0.181	0.560	0.629	0.493	0.335
26:40:02	0.455	0.450	0.261	0.139	0.188	0.159	0.292	0.144	0.571	0.625	0.410	0.331	0.446	0.437	0.278	0.133	0.180	0.167	0.287	0.141	0.563	0.616	0.424	0.330	0.413	0.419	0.300	0.144	0.203	0.156	0.295	0.146	0.570	0.630	0.447	0.336	0.424	0.431	0.286	0.156	0.187	0.156	0.239	0.150	0.565	0.630	0.466	0.349	0.431	0.444	0.311	0.183	0.189	0.159	0.333	0.185	0.566	0.637	0.486	0.334	0.424	0.424	0.303	0.171	0.199	0.161	0.337	0.194	0.560	0.596	0.487	0.348	0.423	0.446	0.312	0.179	0.192	0.161	0.352	0.153	0.558	0.626	0.490	0.341	0.472	0.438	0.306	0.157	0.191	0.152	0.380	0.181	0.559	0.629	0.492	0.334
27:00:02	0.451	0.450	0.258	0.139	0.191	0.159	0.293	0.143	0.573	0.624	0.407	0.330	0.442	0.436	0.276	0.133	0.181	0.169	0.288	0.140	0.562	0.615	0.422	0.332	0.411	0.418	0.295	0.144	0.201	0.157	0.296	0.146	0.572	0.648	0.450	0.337	0.422	0.431	0.285	0.155	0.191	0.157	0.239	0.148	0.566	0.648	0.468	0.349	0.427	0.442	0.308	0.182	0.191	0.161	0.333	0.185	0.570	0.666	0.489	0.336	0.422	0.424	0.301	0.171	0.202	0.161	0.337	0.196	0.559	0.595	0.490	0.349	0.421	0.445	0.309	0.178	0.199	0.160	0.352	0.159	0.557	0.626	0.493	0.341	0.473	0.437	0.303	0.159	0.194	0.155	0.380	0.184	0.561	0.629	0.495	0.335
27:20:02	0.449	0.451	0.257	0.141	0.193	0.162	0.293	0.144	0.575	0.624	0.411	0.331	0.440	0.435	0.276	0.135	0.181	0.170	0.290	0.139	0.561	0.616	0.425	0.331	0.410	0.418	0.295	0.145	0.210	0.160	0.298	0.144	0.576	0.651	0.449	0.337	0.422	0.430	0.285	0.155	0.194	0.159	0.235	0.150	0.569	0.656	0.466	0.349	0.425	0.441	0.307	0.182	0.194	0.162	0.333	0.185	0.573	0.663	0.491	0.336	0.422	0.423	0.300	0.172	0.206	0.164	0.338	0.197	0.558	0.595	0.489	0.349	0.421	0.445	0.308	0.177	0.203	0.164	0.354	0.158	0.556	0.626	0.494	0.342	0.474	0.436	0.302	0.157	0.197	0.156	0.381	0.190	0.560	0.630	0.492	0.335
27:40:02	0.447	0.451	0.256	0.139	0.196	0.161	0.295	0.144	0.577	0.623	0.412	0.333	0.438	0.433	0.275	0.136	0.182	0.171	0.291	0.139	0.561	0.616	0.428	0.328	0.410	0.418	0.294	0.144	0.205	0.161	0.300	0.146	0.579	0.636	0.452	0.337	0.422	0.430	0.284	0.155	0.196	0.160	0.238	0.150	0.572	0.649	0.468	0.348	0.422	0.443	0.305	0.183	0.197	0.164	0.334	0.188	0.576	0.672	0.492	0.336	0.422	0.423	0.300	0.173	0.210	0.166	0.339	0.198	0.557	0.594	0.490	0.350	0.421	0.444	0.307	0.177	0.206	0.164	0.356	0.163	0.556	0.626	0.494	0.342	0.475	0.436	0.300	0.158	0.200	0.158	0.383	0.188	0.561	0.631	0.494	0.336
28:00:02	0.447	0.450	0.257	0.142	0.200	0.164	0.296	0.144	0.580	0.623	0.420	0.335	0.436	0.432	0.278	0.137	0.183	0.174	0.295	0.139	0.562	0.617	0.432	0.329	0.412	0.417	0.299	0.144	0.203	0.161	0.305	0.146	0.582	0.617	0.454	0.336	0.425	0.430	0.287	0.157	0.200	0.162	0.237	0.151	0.574	0.634	0.467	0.347	0.422	0.442	0.307	0.184	0.203	0.165	0.335	0.189	0.579	0.660	0.488	0.334	0.425	0.423	0.301	0.173	0.211	0.170	0.341	0.198	0.557	0.592	0.488	0.349	0.423	0.443	0.308	0.178	0.212	0.167	0.358	0.159	0.554	0.626	0.492	0.341	0.477	0.437	0.300	0.156	0.202	0.159	0.385	0.186	0.560	0.631	0.491	0.336
28:20:02	0.442	0.451	0.253	0.139	0.202	0.167	0.297	0.145	0.581	0.623	0.420	0.335	0.432	0.431	0.273	0.135	0.186	0.175	0.293	0.143	0.559	0.616	0.430	0.327	0.409	0.418	0.294	0.145	0.197	0.162	0.304	0.146	0.583	0.582	0.454	0.336	0.423	0.431	0.284	0.155	0.201	0.164	0.239	0.151	0.573	0.599	0.469	0.347	0.417	0.439	0.303	0.183	0.204	0.167	0.335	0.187	0.581	0.637	0.493	0.336	0.423	0.422	0.298	0.174	0.211	0.171	0.339	0.198	0.554	0.592	0.492	0.351	0.421	0.442	0.304	0.179	0.207	0.170	0.358	0.163	0.554	0.626	0.494	0.341	0.477	0.436	0.296	0.158	0.205	0.163	0.386	0.191	0.562	0.633	0.489	0.336
28:40:02	0.441	0.451	0.251	0.139	0.204	0.171	0.299	0.145	0.582	0.622	0.423	0.335	0.430	0.430	0.273	0.134	0.185	0.177	0.295	0.144	0.559	0.615	0.432	0.331	0.409	0.417	0.293	0.145	0.215	0.163	0.307	0.145	0.585	0.577	0.457	0.336	0.424	0.431	0.283	0.155	0.202	0.167	0.242	0.151	0.575	0.575	0.470	0.347	0.415	0.438	0.302	0.183	0.206	0.168	0.334	0.189	0.583	0.583	0.494	0.336	0.423	0.423	0.297	0.173	0.214	0.172	0.341	0.199	0.553	0.591	0.493	0.351	0.422	0.443	0.302	0.180	0.206	0.172	0.359	0.165	0.554	0.626	0.495	0.341	0.478	0.436	0.295	0.159	0.210	0.162	0.386	0.197	0.563	0.633	0.489	0.335
29:00:02	0.440	0.451	0.250	0.139	0.207	0.174	0.301	0.145	0.585	0.621	0.427	0.336	0.428	0.430	0.272	0.133	0.187	0.178	0.298	0.144	0.559	0.615	0.434	0.329	0.408	0.417	0.293	0.144	0.211	0.164	0.308	0.146	0.588	0.575	0.460	0.336	0.424	0.431	0.281	0.155	0.203	0.169	0.238	0.151	0.576	0.575	0.471	0.346	0.413	0.437	0.301	0.183	0.206	0.170	0.335	0.189	0.584	0.575	0.496	0.335	0.423	0.422	0.296	0.174	0.220	0.175	0.342	0.199	0.551	0.590	0.492	0.352	0.422	0.444	0.301	0.181	0.209	0.173	0.361	0.166	0.553	0.626	0.495	0.343	0.479	0.436	0.294	0.159	0.211	0.166	0.387	0.196	0.563	0.635	0.490	0.335
29:20:02	0.438	0.451	0.249	0.139	0.213	0.181	0.302	0.144	0.586	0.621	0.430	0.336	0.426	0.430	0.273	0.135	0.188	0.179	0.301	0.141	0.558	0.615	0.439	0.328	0.408	0.418	0.292	0.145	0.210	0.165	0.311	0.146	0.588	0.576	0.461	0.335	0.425	0.432	0.284	0.156	0.206	0.171	0.242	0.151	0.577	0.574	0.471	0.346	0.411	0.436	0.300	0.183	0.209	0.172	0.335	0.189	0.586	0.575	0.496	0.335	0.423	0.422	0.295	0.175	0.225	0.177	0.344	0.199	0.550	0.590	0.492	0.352	0.423	0.444	0.300	0.181	0.208	0.175	0.362	0.169	0.553	0.625	0.494	0.341	0.480	0.435	0.292	0.159	0.214	0.167	0.389	0.195	0.563	0.637	0.490	0.334
29:40:02	0.437	0.452	0.249	0.141	0.218	0.184	0.304	0.145	0.586	0.621	0.433	0.337	0.423	0.431	0.273	0.134	0.190	0.181	0.303	0.143	0.558	0.614	0.441	0.330	0.408	0.418	0.291	0.145	0.213	0.167	0.313	0.145	0.590	0.576	0.461	0.334	0.426	0.432	0.283	0.155	0.208	0.175	0.242	0.152	0.579	0.575	0.470	0.346	0.410	0.434	0.299	0.183	0.210	0.174	0.336	0.189	0.586	0.575	0.497	0.334	0.424	0.421	0.294	0.174	0.230	0.178	0.344	0.198	0.549	0.589	0.492	0.352	0.423	0.444	0.298	0.182	0.210	0.180	0.363	0.172	0.552	0.625	0.493	0.343	0.481	0.435	0.291	0.160	0.216	0.172	0.389	0.201	0.563	0.639	0.490	0.334
30:00:02	0.437	0.452	0.249	0.139	0.223	0.185	0.306	0.145	0.587	0.621	0.435	0.337	0.422	0.434	0.271	0.133	0.191	0.181	0.305	0.144	0.558	0.614	0.442	0.328	0.408	0.418	0.290	0.145	0.209	0.168	0.316	0.146	0.592	0.577	0.461	0.334	0.427	0.432	0.283	0.155	0.210	0.177	0.243	0.152	0.580	0.576	0.472	0.346	0.408	0.433	0.298	0.183	0.212	0.177	0.336	0.190	0.587	0.577	0.497	0.335	0.425	0.422	0.293	0.174	0.232	0.182	0.345	0.200	0.548	0.589	0.492	0.352	0.424	0.443	0.298	0.182	0.215	0.182	0.363	0.173	0.552	0.625	0.494	0.341	0.482	0.435	0.290	0.160	0.219	0.179	0.391	0.200	0.564	0.642	0.490	0.334
30:20:02	0.436	0.453	0.250	0.139	0.229	0.192	0.307	0.144	0.587	0.621	0.438	0.338	0.420	0.438	0.271	0.134	0.191	0.181	0.307	0.141	0.558	0.614	0.442	0.327	0.408	0.418	0.289	0.145	0.208	0.170	0.318	0.146	0.593	0.578	0.460	0.334	0.427	0.433	0.281	0.155	0.212	0.179	0.240	0.150	0.580	0.576	0.473	0.346	0.406	0.431	0.298	0.183	0.215	0.180	0.337	0.191	0.587	0.580	0.498	0.335	0.425	0.421	0.292	0.175	0.235	0.186	0.345	0.200	0.547	0.589	0.493	0.353	0.424	0.442	0.296	0.183	0.221	0.190	0.365	0.173	0.552	0.625	0.494	0.340	0.483	0.435	0.290	0.161	0.223	0.185	0.393	0.199	0.564	0.644	0.489	0.333
30:40:02	0.436	0.452	0.250	0.139	0.234	0.189	0.309	0.144	0.588	0.622	0.440	0.338	0.418	0.438	0.271	0.134	0.191	0.182	0.310	0.140	0.557	0.614	0.442	0.328	0.408	0.418	0.289	0.144	0.208	0.173	0.320	0.146	0.594	0.579	0.460	0.333	0.428	0.433	0.281	0.155	0.215	0.182	0.242	0.152	0.582	0.577	0.475	0.345	0.405	0.430	0.297	0.184	0.217	0.181	0.338	0.192	0.587	0.582	0.498	0.335	0.425	0.421	0.291	0.175	0.238	0.190	0.345	0.199	0.547	0.589	0.493	0.353	0.424	0.442	0.295	0.183	0.226	0.194	0.366	0.174	0.552	0.625	0.493	0.340	0.484	0.435	0.290	0.163	0.227	0.181	0.394	0.200	0.565	0.646	0.488	0.333
31:00:02	0.436	0.453	0.251	0.139	0.239	0.185	0.309	0.145	0.590	0.622	0.442	0.338	0.417	0.437	0.271	0.135	0.192	0.182	0.313	0.140	0.557	0.614	0.442	0.328	0.408	0.418	0.288	0.145	0.211	0.175	0.322	0.147	0.594	0.580	0.460	0.333	0.428	0.434	0.280	0.155	0.217	0.184	0.242	0.151	0.583	0.578	0.473	0.345	0.404	0.429	0.296	0.184	0.219	0.184	0.336	0.191	0.588	0.583	0.498	0.335	0.426	0.421	0.290	0.176	0.241	0.192	0.343	0.201	0.546	0.590	0.493	0.353	0.425	0.441	0.294	0.183	0.229	0.197	0.368	0.178	0.551	0.624	0.492	0.341	0.486	0.435	0.290	0.164	0.232	0.185	0.393	0.200	0.565	0.648	0.488	0.333
31:20:02	0.437	0.453	0.252	0.140	0.243	0.182	0.310	0.145	0.590	0.622	0.444	0.338	0.416	0.437	0.272	0.133	0.193	0.183	0.319	0.145	0.557	0.614	0.442	0.326	0.408	0.419	0.288	0.146	0.215	0.177	0.323	0.147	0.595	0.582	0.459	0.333	0.429	0.434	0.281	0.155	0.221	0.188	0.242	0.152	0.584	0.580	0.475	0.345	0.403	0.428	0.295	0.184	0.220	0.186	0.336	0.191	0.589	0.584	0.498	0.335	0.427	0.420	0.289	0.176	0.243	0.196	0.342	0.201	0.545	0.590	0.494	0.353	0.426	0.440	0.294	0.183	0.234	0.207	0.368	0.181	0.551	0.624	0.491	0.341	0.487	0.435	0.290	0.165	0.232	0.192	0.392	0.201	0.565	0.649	0.487	0.332
31:40:02	0.437	0.453	0.254	0.140	0.249	0.182	0.311	0.145	0.590	0.622	0.446	0.338	0.415	0.436	0.272	0.133	0.194	0.183	0.323	0.140	0.557	0.614	0.442	0.328	0.409	0.418	0.288	0.145	0.220	0.180	0.328	0.147	0.596	0.583	0.458	0.332	0.429	0.433	0.281	0.155	0.226	0.191	0.244	0.152	0.584	0.581	0.475	0.344	0.402	0.426	0.295	0.184	0.222	0.188	0.334	0.192	0.589	0.585	0.498	0.334	0.428	0.420	0.288	0.176	0.246	0.197	0.341	0.201	0.544	0.590	0.493	0.352	0.426	0.438	0.294	0.184	0.239	0.207	0.366	0.182	0.551	0.623	0.490	0.339	0.487	0.434	0.290	0.166	0.238	0.193	0.391	0.202	0.565	0.650	0.486	0.332
32:00:02	0.438	0.453	0.255	0.145	0.256	0.187	0.312	0.145	0.592	0.623	0.447	0.338	0.414	0.434	0.273	0.133	0.197	0.183	0.327	0.141	0.558	0.614	0.442	0.330	0.409	0.419	0.287	0.146	0.227	0.183	0.335	0.146	0.596	0.585	0.459	0.332	0.430	0.434	0.283	0.155	0.232	0.194	0.244	0.152	0.585	0.585	0.474	0.344	0.401	0.426	0.294	0.184	0.227	0.190	0.333	0.193	0.590	0.588	0.499	0.334	0.428	0.419	0.288	0.177	0.249	0.200	0.340	0.201	0.543	0.589	0.493	0.352	0.427	0.437	0.293	0.184	0.246	0.213	0.365	0.186	0.551	0.622	0.490	0.342	0.488	0.435	0.291	0.168	0.241	0.201	0.391	0.203	0.566	0.652	0.486	0.331
32:20:02	0.438	0.453	0.256	0.141	0.263	0.191	0.314	0.145	0.591	0.622	0.449	0.338	0.414	0.434	0.274	0.134	0.197	0.185	0.329	0.140	0.558	0.613	0.442	0.327	0.409	0.419	0.287	0.146	0.232	0.185	0.339	0.147	0.596	0.587	0.458	0.332	0.430	0.433	0.282	0.155	0.232	0.197	0.245	0.152	0.585	0.586	0.474	0.343	0.400	0.425	0.294	0.184	0.228	0.192	0.332	0.193	0.590	0.589	0.498	0.333	0.429	0.418	0.287	0.177	0.253	0.203	0.338	0.201	0.542	0.588	0.493	0.351	0.427	0.436	0.292	0.184	0.249	0.215	0.364	0.188	0.550	0.621	0.489	0.339	0.489	0.434	0.291	0.169	0.242	0.198	0.390	0.203	0.566	0.651	0.485	0.331
32:40:02	0.439	0.452	0.258	0.141	0.273	0.200	0.317	0.145	0.591	0.623	0.450	0.338	0.413	0.432	0.275	0.134	0.201	0.185	0.332	0.142	0.557	0.613	0.441	0.326	0.408	0.418	0.288	0.146	0.238	0.188	0.341	0.147	0.596	0.588	0.457	0.331	0.431	0.432	0.283	0.155	0.239	0.200	0.245	0.152	0.586	0.587	0.474	0.342	0.400	0.424	0.293	0.184	0.229	0.195	0.331	0.194	0.590	0.590	0.498	0.332	0.429	0.417	0.287	0.178	0.259	0.206	0.338	0.201	0.541	0.588	0.493	0.351	0.427	0.434	0.292	0.184	0.255	0.217	0.363	0.186	0.549	0.620	0.488	0.341	0.490	0.434	0.291	0.169	0.247	0.202	0.389	0.205	0.566	0.651	0.484	0.330
33:00:02	0.440	0.451	0.259	0.144	0.281	0.199	0.317	0.145	0.591	0.623	0.451	0.338	0.413	0.431	0.276	0.137	0.202	0.186	0.336	0.142	0.558	0.611	0.441	0.326	0.409	0.417	0.287	0.145	0.243	0.191	0.342	0.147	0.596	0.590	0.456	0.331	0.431	0.431	0.285	0.155	0.244	0.202	0.246	0.152	0.586	0.587	0.474	0.341	0.399	0.423	0.293	0.185	0.233	0.197	0.332	0.194	0.589	0.592	0.498	0.332	0.430	0.416	0.287	0.177	0.262	0.209	0.338	0.201	0.540	0.587	0.491	0.350	0.427	0.433	0.292	0.185	0.259	0.219	0.361	0.190	0.549	0.619	0.487	0.339	0.490	0.434	0.293	0.171	0.249	0.201	0.388	0.205	0.566	0.650	0.483	0.330
33:20:02	0.441	0.451	0.261	0.141	0.290	0.198	0.320	0.145	0.590	0.623	0.452	0.338	0.412	0.430	0.276	0.136	0.204	0.188	0.336	0.144	0.558	0.610	0.440	0.327	0.409	0.417	0.287	0.147	0.247	0.194	0.343	0.147	0.595	0.591	0.456	0.330	0.432	0.430	0.282	0.155	0.248	0.203	0.246	0.152	0.586	0.588	0.475	0.341	0.399	0.423	0.293	0.185	0.235	0.199	0.329	0.195	0.589	0.593	0.498	0.332	0.430	0.414	0.286	0.178	0.265	0.211	0.337	0.203	0.540	0.585	0.491	0.349	0.428	0.433	0.292	0.184	0.263	0.224	0.361	0.191	0.549	0.618	0.486	0.339	0.492	0.434	0.292	0.172	0.251	0.207	0.387	0.205	0.567	0.650	0.483	0.329
33:40:02	0.442	0.450	0.263	0.144	0.297	0.205	0.321	0.145	0.591	0.623	0.452	0.338	0.412	0.428	0.277	0.135	0.208	0.188	0.338	0.142	0.557	0.609	0.440	0.327	0.409	0.416	0.288	0.148	0.250	0.197	0.344	0.147	0.595	0.592	0.456	0.330	0.433	0.428	0.282	0.156	0.252	0.205	0.246	0.152	0.586	0.588	0.475	0.340	0.398	0.422	0.292	0.185	0.238	0.202	0.329	0.195	0.589	0.594	0.497	0.332	0.430	0.412	0.285	0.178	0.268	0.214	0.336	0.203	0.539	0.585	0.491	0.350	0.428	0.431	0.292	0.185	0.266	0.223	0.360	0.192	0.548	0.618	0.485	0.340	0.492	0.435	0.292	0.173	0.253	0.207	0.386	0.207	0.567	0.651	0.483	0.328
34:00:02	0.444	0.449	0.269	0.141	0.303	0.210	0.326	0.145	0.591	0.623	0.455	0.339	0.414	0.428	0.280	0.137	0.212	0.190	0.342	0.141	0.558	0.609	0.440	0.330	0.411	0.415	0.293	0.149	0.256	0.201	0.348	0.147	0.597	0.593	0.456	0.329	0.436	0.427	0.286	0.156	0.254	0.208	0.247	0.153	0.588	0.589	0.475	0.340	0.400	0.421	0.295	0.187	0.242	0.205	0.329	0.197	0.589	0.596	0.494	0.330	0.434	0.411	0.287	0.179	0.269	0.216	0.336	0.203	0.539	0.584	0.489	0.349	0.431	0.430	0.296	0.186	0.270	0.227	0.360	0.191	0.547	0.616	0.484	0.341	0.494	0.436	0.295	0.174	0.254	0.209	0.387	0.207	0.567	0.651	0.481	0.328
34:20:02	0.443	0.448	0.266	0.140	0.307	0.213	0.324	0.145	0.589	0.623	0.453	0.339	0.411	0.426	0.278	0.135	0.216	0.188	0.339	0.143	0.557	0.606	0.438	0.330	0.409	0.412	0.288	0.148	0.259	0.201	0.346	0.147	0.595	0.593	0.454	0.329	0.435	0.423	0.283	0.155	0.251	0.210	0.244	0.153	0.586	0.589	0.475	0.340	0.398	0.420	0.292	0.186	0.235	0.206	0.327	0.196	0.587	0.596	0.496	0.332	0.432	0.407	0.285	0.178	0.271	0.216	0.333	0.203	0.536	0.583	0.490	0.349	0.430	0.429	0.292	0.185	0.272	0.228	0.358	0.196	0.547	0.615	0.483	0.339	0.494	0.436	0.292	0.175	0.255	0.212	0.385	0.209	0.567	0.652	0.481	0.328
34:40:02	0.443	0.448	0.269	0.140	0.311	0.218	0.332	0.145	0.589	0.624	0.456	0.338	0.411	0.427	0.280	0.134	0.223	0.189	0.344	0.144	0.557	0.606	0.440	0.330	0.408	0.411	0.289	0.148	0.262	0.206	0.349	0.147	0.594	0.595	0.454	0.328	0.434	0.421	0.282	0.156	0.254	0.211	0.246	0.154	0.586	0.590	0.476	0.338	0.397	0.420	0.292	0.185	0.212	0.207	0.327	0.198	0.587	0.597	0.498	0.329	0.433	0.404	0.284	0.178	0.273	0.218	0.332	0.204	0.535	0.581	0.490	0.348	0.429	0.427	0.291	0.185	0.273	0.228	0.357	0.198	0.548	0.613	0.482	0.338	0.494	0.436	0.290	0.174	0.257	0.212	0.383	0.211	0.569	0.654	0.481	0.327
35:00:02	0.445	0.447	0.270	0.140	0.316	0.225	0.328	0.145	0.588	0.624	0.454	0.339	0.411	0.425	0.281	0.134	0.228	0.191	0.342	0.144	0.557	0.604	0.438	0.330	0.409	0.409	0.289	0.148	0.264	0.206	0.346	0.147	0.594	0.595	0.453	0.329	0.436	0.419	0.283	0.156	0.255	0.213	0.245	0.153	0.586	0.590	0.475	0.339	0.398	0.419	0.291	0.186	0.214	0.209	0.327	0.197	0.587	0.598	0.495	0.331	0.434	0.402	0.286	0.179	0.276	0.222	0.333	0.203	0.535	0.581	0.488	0.348	0.431	0.426	0.294	0.187	0.275	0.233	0.357	0.198	0.546	0.615	0.481	0.339	0.497	0.439	0.293	0.177	0.257	0.217	0.383	0.210	0.568	0.656	0.480	0.327
35:20:02	0.446	0.446	0.271	0.143	0.322	0.225	0.329	0.145	0.587	0.624	0.454	0.339	0.411	0.423	0.282	0.136	0.233	0.193	0.344	0.145	0.557	0.603	0.438	0.330	0.410	0.407	0.290	0.149	0.267	0.208	0.347	0.148	0.593	0.597	0.452	0.328	0.437	0.416	0.286	0.156	0.256	0.216	0.246	0.153	0.586	0.592	0.473	0.338	0.398	0.418	0.291	0.186	0.223	0.210	0.329	0.197	0.586	0.598	0.495	0.330	0.435	0.401	0.286	0.179	0.278	0.224	0.334	0.204	0.534	0.580	0.487	0.348	0.432	0.425	0.293	0.185	0.277	0.235	0.356	0.200	0.546	0.614	0.480	0.340	0.498	0.441	0.294	0.177	0.262	0.217	0.383	0.210	0.568	0.658	0.480	0.327
35:40:02	0.447	0.447	0.272	0.141	0.327	0.228	0.332	0.145	0.587	0.625	0.454	0.339	0.412	0.422	0.284	0.133	0.238	0.194	0.345	0.144	0.558	0.603	0.438	0.330	0.410	0.404	0.290	0.149	0.271	0.210	0.346	0.147	0.592	0.597	0.452	0.328	0.438	0.414	0.285	0.156	0.259	0.216	0.245	0.153	0.585	0.592	0.473	0.338	0.398	0.416	0.293	0.186	0.221	0.211	0.326	0.198	0.585	0.599	0.495	0.330	0.435	0.398	0.286	0.180	0.280	0.226	0.328	0.205	0.533	0.579	0.485	0.347	0.432	0.423	0.293	0.187	0.279	0.236	0.356	0.203	0.546	0.614	0.479	0.340	0.499	0.443	0.294	0.178	0.264	0.220	0.382	0.213	0.569	0.659	0.479	0.327
36:00:02	0.448	0.447	0.273	0.143	0.331	0.235	0.332	0.145	0.586	0.627	0.454	0.339	0.412	0.421	0.283	0.134	0.243	0.197	0.344	0.143	0.558	0.601	0.437	0.329	0.410	0.402	0.291	0.150	0.273	0.215	0.347	0.148	0.592	0.598	0.451	0.328	0.439	0.411	0.286	0.156	0.265	0.218	0.247	0.154	0.585	0.594	0.473	0.337	0.398	0.416	0.292	0.187	0.206	0.212	0.326	0.199	0.585	0.600	0.494	0.330	0.436	0.396	0.286	0.179	0.282	0.226	0.321	0.205	0.533	0.578	0.485	0.347	0.433	0.422	0.292	0.186	0.281	0.237	0.355	0.202	0.545	0.614	0.479	0.341	0.500	0.444	0.293	0.178	0.266	0.224	0.381	0.211	0.569	0.661	0.479	0.327
36:20:02	0.448	0.448	0.278	0.141	0.334	0.235	0.340	0.145	0.586	0.627	0.457	0.338	0.411	0.422	0.287	0.133	0.248	0.198	0.348	0.146	0.558	0.601	0.439	0.329	0.409	0.399	0.291	0.151	0.278	0.217	0.349	0.148	0.591	0.599	0.451	0.327	0.438	0.408	0.284	0.156	0.272	0.220	0.246	0.154	0.585	0.594	0.473	0.337	0.397	0.415	0.291	0.186	0.195	0.215	0.325	0.200	0.584	0.600	0.495	0.328	0.436	0.392	0.284	0.179	0.283	0.227	0.319	0.206	0.531	0.577	0.485	0.346	0.432	0.420	0.291	0.186	0.282	0.237	0.355	0.204	0.546	0.611	0.478	0.342	0.501	0.445	0.293	0.178	0.264	0.220	0.379	0.211	0.571	0.663	0.478	0.327
36:40:02	0.449	0.449	0.279	0.142	0.339	0.243	0.339	0.146	0.584	0.628	0.456	0.338	0.412	0.420	0.286	0.133	0.253	0.200	0.347	0.144	0.558	0.599	0.439	0.329	0.410	0.396	0.291	0.151	0.281	0.220	0.350	0.148	0.591	0.599	0.451	0.327	0.438	0.404	0.285	0.156	0.276	0.222	0.246	0.155	0.584	0.593	0.473	0.337	0.397	0.415	0.291	0.186	0.189	0.217	0.325	0.200	0.583	0.599	0.494	0.328	0.438	0.389	0.284	0.179	0.285	0.228	0.320	0.206	0.531	0.576	0.485	0.346	0.432	0.419	0.290	0.186	0.285	0.239	0.354	0.204	0.546	0.612	0.477	0.342	0.503	0.446	0.292	0.178	0.266	0.222	0.379	0.213	0.571	0.665	0.478	0.327
37:00:03	0.453	0.452	0.283	0.142	0.344	0.248	0.339	0.145	0.584	0.630	0.455	0.339	0.415	0.418	0.289	0.134	0.258	0.204	0.347	0.146	0.559	0.599	0.437	0.330	0.413	0.396	0.295	0.152	0.284	0.222	0.349	0.148	0.591	0.599	0.450	0.327	0.443	0.404	0.288	0.157	0.276	0.225	0.246	0.155	0.585	0.594	0.471	0.337	0.400	0.414	0.293	0.189	0.191	0.218	0.325	0.200	0.583	0.600	0.490	0.328	0.440	0.389	0.287	0.181	0.288	0.233	0.317	0.207	0.531	0.575	0.481	0.346	0.436	0.418	0.295	0.187	0.289	0.244	0.354	0.203	0.544	0.613	0.475	0.342	0.506	0.451	0.296	0.180	0.272	0.230	0.380	0.215	0.570	0.667	0.477	0.327
37:20:03	0.450	0.452	0.281	0.141	0.349	0.248	0.342	0.145	0.583	0.630	0.456	0.339	0.413	0.417	0.287	0.136	0.263	0.208	0.347	0.146	0.558	0.598	0.438	0.330	0.410	0.391	0.292	0.152	0.287	0.223	0.350	0.148	0.589	0.599	0.449	0.327	0.440	0.399	0.284	0.156	0.275	0.225	0.247	0.155	0.583	0.594	0.472	0.336	0.397	0.413	0.291	0.187	0.196	0.218	0.324	0.201	0.582	0.600	0.493	0.327	0.439	0.384	0.284	0.180	0.287	0.233	0.315	0.207	0.529	0.575	0.483	0.346	0.434	0.416	0.291	0.186	0.289	0.242	0.353	0.205	0.545	0.612	0.476	0.342	0.506	0.449	0.293	0.178	0.269	0.226	0.378	0.213	0.572	0.668	0.476	0.327
37:40:03	0.451	0.453	0.282	0.141	0.351	0.246	0.342	0.146	0.582	0.631	0.455	0.339	0.413	0.416	0.288	0.133	0.266	0.211	0.347	0.143	0.558	0.597	0.438	0.330	0.410	0.389	0.292	0.152	0.289	0.226	0.349	0.148	0.588	0.600	0.449	0.326	0.442	0.397	0.286	0.156	0.277	0.226	0.251	0.155	0.582	0.595	0.471	0.336	0.397	0.412	0.291	0.187	0.211	0.218	0.323	0.201	0.581	0.600	0.492	0.327	0.439	0.381	0.284	0.180	0.287	0.235	0.315	0.207	0.528	0.574	0.482	0.346	0.434	0.415	0.291	0.187	0.292	0.242	0.353	0.207	0.545	0.611	0.475	0.342	0.508	0.449	0.292	0.179	0.270	0.224	0.377	0.214	0.573	0.670	0.476	0.327
38:00:03	0.452	0.455	0.283	0.145	0.354	0.247	0.343	0.145	0.581	0.633	0.455	0.339	0.414	0.415	0.289	0.133	0.270	0.216	0.346	0.144	0.558	0.596	0.437	0.330	0.411	0.387	0.292	0.153	0.291	0.228	0.349	0.148	0.587	0.600	0.448	0.326	0.443	0.395	0.286	0.156	0.281	0.229	0.249	0.155	0.582	0.595	0.471	0.336	0.397	0.411	0.290	0.187	0.223	0.218	0.325	0.202	0.580	0.600	0.492	0.327	0.440	0.379	0.284	0.181	0.287	0.236	0.315	0.208	0.528	0.573	0.481	0.345	0.435	0.413	0.290	0.186	0.293	0.243	0.352	0.206	0.545	0.611	0.474	0.342	0.510	0.449	0.293	0.179	0.271	0.226	0.375	0.217	0.573	0.672	0.476	0.327
38:20:03	0.455	0.457	0.288	0.144	0.357	0.251	0.345	0.146	0.581	0.635	0.456	0.339	0.416	0.414	0.293	0.135	0.274	0.224	0.350	0.144	0.559	0.597	0.438	0.331	0.413	0.387	0.296	0.155	0.294	0.230	0.351	0.148	0.588	0.602	0.448	0.326	0.445	0.396	0.289	0.158	0.282	0.230	0.252	0.156	0.583	0.596	0.469	0.336	0.400	0.411	0.294	0.189	0.233	0.221	0.324	0.203	0.580	0.601	0.489	0.326	0.443	0.379	0.287	0.182	0.289	0.239	0.315	0.209	0.529	0.572	0.479	0.345	0.437	0.413	0.293	0.188	0.298	0.246	0.353	0.208	0.544	0.612	0.473	0.342	0.512	0.450	0.295	0.180	0.276	0.232	0.368	0.218	0.573	0.674	0.475	0.327
38:40:03	0.454	0.458	0.284	0.144	0.358	0.246	0.343	0.145	0.579	0.636	0.455	0.339	0.414	0.412	0.288	0.134	0.275	0.224	0.346	0.145	0.558	0.595	0.437	0.330	0.411	0.383	0.292	0.154	0.295	0.231	0.348	0.148	0.585	0.601	0.446	0.326	0.444	0.391	0.285	0.156	0.286	0.229	0.250	0.155	0.581	0.595	0.470	0.335	0.398	0.410	0.291	0.187	0.232	0.220	0.323	0.202	0.578	0.599	0.490	0.327	0.442	0.374	0.284	0.181	0.287	0.240	0.315	0.209	0.527	0.572	0.480	0.345	0.436	0.410	0.291	0.187	0.298	0.246	0.351	0.209	0.544	0.611	0.473	0.342	0.514	0.448	0.292	0.180	0.277	0.230	0.370	0.217	0.575	0.675	0.476	0.327
39:00:03	0.454	0.460	0.285	0.145	0.360	0.248	0.343	0.145	0.578	0.637	0.455	0.339	0.415	0.410	0.288	0.136	0.276	0.226	0.345	0.144	0.558	0.594	0.437	0.332	0.412	0.382	0.292	0.153	0.297	0.233	0.348	0.148	0.585	0.601	0.446	0.326	0.445	0.389	0.284	0.156	0.283	0.229	0.251	0.156	0.580	0.596	0.470	0.335	0.398	0.409	0.291	0.187	0.236	0.223	0.322	0.203	0.578	0.599	0.489	0.327	0.442	0.371	0.283	0.181	0.287	0.241	0.316	0.209	0.526	0.571	0.480	0.346	0.436	0.409	0.291	0.187	0.301	0.248	0.350	0.209	0.543	0.611	0.472	0.342	0.516	0.447	0.292	0.180	0.280	0.234	0.368	0.216	0.575	0.677	0.475	0.327
39:20:03	0.454	0.462	0.287	0.146	0.361	0.251	0.342	0.146	0.576	0.638	0.454	0.339	0.415	0.409	0.288	0.136	0.277	0.230	0.344	0.143	0.558	0.593	0.436	0.334	0.412	0.380	0.292	0.154	0.298	0.236	0.348	0.148	0.583	0.601	0.445	0.326	0.446	0.387	0.285	0.156	0.284	0.230	0.252	0.155	0.579	0.595	0.469	0.335	0.398	0.408	0.291	0.188	0.237	0.223	0.322	0.203	0.576	0.598	0.489	0.327	0.442	0.370	0.283	0.181	0.288	0.243	0.318	0.209	0.525	0.571	0.479	0.346	0.437	0.407	0.291	0.187	0.303	0.249	0.350	0.212	0.543	0.611	0.471	0.342	0.517	0.447	0.292	0.180	0.283	0.233	0.367	0.216	0.576	0.679	0.475	0.327
39:40:03	0.455	0.463	0.287	0.147	0.364	0.253	0.343	0.145	0.576	0.640	0.454	0.339	0.415	0.407	0.288	0.133	0.278	0.232	0.344	0.147	0.558	0.592	0.436	0.330	0.411	0.379	0.292	0.155	0.300	0.237	0.347	0.149	0.583	0.601	0.444	0.325	0.446	0.385	0.285	0.156	0.282	0.231	0.252	0.155	0.578	0.595	0.469	0.335	0.398	0.407	0.289	0.188	0.243	0.224	0.322	0.203	0.575	0.598	0.487	0.327	0.443	0.368	0.283	0.181	0.289	0.244	0.317	0.210	0.524	0.569	0.479	0.345	0.438	0.406	0.290	0.186	0.304	0.250	0.349	0.211	0.543	0.610	0.470	0.342	0.519	0.446	0.291	0.178	0.285	0.234	0.366	0.216	0.577	0.680	0.475	0.327
40:00:03	0.456	0.464	0.288	0.146	0.369	0.256	0.343	0.145	0.575	0.641	0.454	0.339	0.416	0.406	0.288	0.134	0.279	0.234	0.345	0.144	0.558	0.592	0.436	0.334	0.411	0.378	0.293	0.155	0.301	0.239	0.347	0.148	0.582	0.601	0.443	0.325	0.448	0.384	0.285	0.156	0.279	0.231	0.251	0.156	0.578	0.594	0.468	0.334	0.398	0.406	0.288	0.188	0.247	0.225	0.323	0.204	0.575	0.597	0.487	0.327	0.443	0.366	0.283	0.181	0.292	0.245	0.338	0.211	0.524	0.569	0.478	0.345	0.438	0.404	0.291	0.187	0.305	0.251	0.349	0.212	0.543	0.611	0.470	0.342	0.521	0.446	0.291	0.181	0.288	0.234	0.365	0.219	0.577	0.682	0.474	0.327
40:20:03	0.457	0.466	0.289	0.146	0.370	0.256	0.343	0.145	0.574	0.643	0.454	0.339	0.416	0.404	0.289	0.135	0.279	0.236	0.344	0.145	0.558	0.591	0.435	0.331	0.412	0.377	0.292	0.155	0.302	0.240	0.347	0.148	0.581	0.600	0.443	0.325	0.449	0.383	0.284	0.156	0.282	0.232	0.252	0.155	0.577	0.593	0.468	0.334	0.398	0.404	0.289	0.188	0.246	0.226	0.321	0.205	0.574	0.597	0.486	0.327	0.444	0.365	0.282	0.181	0.294	0.247	0.338	0.213	0.523	0.568	0.477	0.345	0.438	0.402	0.290	0.187	0.306	0.252	0.348	0.215	0.543	0.610	0.469	0.342	0.523	0.445	0.291	0.181	0.291	0.235	0.364	0.219	0.577	0.684	0.475	0.327
40:40:03	0.460	0.468	0.293	0.148	0.371	0.265	0.344	0.145	0.575	0.645	0.454	0.339	0.419	0.403	0.293	0.134	0.282	0.242	0.347	0.145	0.560	0.591	0.436	0.334	0.414	0.379	0.296	0.158	0.304	0.243	0.349	0.148	0.581	0.600	0.443	0.325	0.451	0.384	0.287	0.157	0.280	0.232	0.255	0.157	0.577	0.594	0.467	0.334	0.401	0.404	0.292	0.189	0.245	0.229	0.321	0.207	0.573	0.597	0.483	0.325	0.446	0.366	0.284	0.183	0.297	0.250	0.341	0.215	0.523	0.567	0.475	0.345	0.440	0.402	0.293	0.188	0.309	0.255	0.349	0.216	0.542	0.610	0.468	0.343	0.525	0.447	0.293	0.182	0.296	0.238	0.365	0.219	0.577	0.685	0.474	0.327
41:00:03	0.458	0.468	0.290	0.148	0.374	0.263	0.344	0.145	0.572	0.645	0.453	0.339	0.416	0.400	0.289	0.133	0.279	0.241	0.344	0.145	0.558	0.589	0.435	0.332	0.412	0.376	0.293	0.156	0.303	0.241	0.346	0.149	0.579	0.599	0.441	0.325	0.450	0.382	0.283	0.156	0.276	0.232	0.253	0.155	0.575	0.592	0.466	0.334	0.398	0.402	0.288	0.188	0.246	0.227	0.320	0.206	0.572	0.596	0.484	0.328	0.445	0.363	0.282	0.182	0.297	0.251	0.339	0.216	0.521	0.567	0.476	0.345	0.439	0.399	0.290	0.187	0.307	0.255	0.347	0.217	0.542	0.610	0.467	0.343	0.526	0.445	0.290	0.182	0.297	0.235	0.362	0.218	0.578	0.687	0.474	0.327
41:20:03	0.458	0.469	0.290	0.147	0.376	0.267	0.344	0.146	0.572	0.647	0.453	0.339	0.416	0.398	0.288	0.133	0.280	0.244	0.343	0.145	0.558	0.589	0.434	0.331	0.412	0.375	0.293	0.156	0.303	0.243	0.346	0.148	0.578	0.598	0.440	0.325	0.451	0.381	0.283	0.156	0.280	0.233	0.252	0.156	0.574	0.591	0.466	0.334	0.398	0.401	0.289	0.188	0.246	0.227	0.320	0.208	0.571	0.595	0.483	0.328	0.446	0.362	0.282	0.182	0.299	0.252	0.339	0.217	0.521	0.566	0.475	0.345	0.440	0.397	0.290	0.188	0.309	0.255	0.346	0.219	0.541	0.610	0.467	0.343	0.528	0.444	0.290	0.181	0.299	0.237	0.362	0.220	0.579	0.688	0.473	0.327
41:40:03	0.459	0.471	0.291	0.150	0.378	0.273	0.342	0.146	0.570	0.649	0.453	0.340	0.417	0.396	0.290	0.133	0.281	0.245	0.334	0.147	0.559	0.588	0.434	0.335	0.412	0.375	0.293	0.156	0.304	0.244	0.345	0.149	0.577	0.598	0.440	0.325	0.452	0.381	0.283	0.156	0.281	0.233	0.254	0.156	0.573	0.590	0.465	0.334	0.399	0.400	0.288	0.188	0.250	0.228	0.319	0.209	0.570	0.595	0.482	0.327	0.447	0.361	0.282	0.183	0.301	0.253	0.339	0.219	0.521	0.566	0.474	0.345	0.441	0.396	0.290	0.188	0.310	0.257	0.346	0.220	0.541	0.610	0.467	0.344	0.529	0.445	0.290	0.182	0.301	0.239	0.361	0.222	0.580	0.690	0.474	0.327
42:00:03	0.459	0.472	0.292	0.147	0.379	0.282	0.343	0.146	0.570	0.650	0.453	0.339	0.417	0.394	0.289	0.133	0.280	0.247	0.337	0.144	0.559	0.588	0.434	0.332	0.413	0.375	0.293	0.157	0.305	0.246	0.345	0.149	0.576	0.597	0.439	0.325	0.453	0.381	0.283	0.156	0.288	0.233	0.255	0.156	0.573	0.590	0.465	0.334	0.398	0.398	0.288	0.188	0.253	0.229	0.319	0.210	0.569	0.594	0.481	0.328	0.447	0.361	0.282	0.182	0.302	0.254	0.339	0.221	0.520	0.565	0.473	0.345	0.441	0.394	0.290	0.188	0.311	0.257	0.345	0.221	0.541	0.610	0.466	0.344	0.531	0.445	0.290	0.182	0.304	0.239	0.360	0.223	0.580	0.692	0.473	0.327
42:20:03	0.459	0.472	0.293	0.149	0.379	0.288	0.345	0.147	0.569	0.652	0.452	0.339	0.417	0.392	0.290	0.133	0.281	0.250	0.334	0.147	0.559	0.588	0.434	0.332	0.412	0.375	0.292	0.157	0.306	0.246	0.345	0.149	0.575	0.597	0.438	0.325	0.453	0.381	0.284	0.156	0.282	0.234	0.254	0.156	0.572	0.589	0.464	0.333	0.398	0.396	0.289	0.188	0.257	0.230	0.319	0.211	0.568	0.593	0.480	0.327	0.448	0.361	0.282	0.182	0.303	0.254	0.339	0.222	0.519	0.565	0.472	0.345	0.441	0.391	0.290	0.188	0.311	0.257	0.345	0.223	0.540	0.610	0.465	0.344	0.533	0.445	0.290	0.182	0.305	0.240	0.360	0.224	0.582	0.694	0.473	0.327
42:40:03	0.462	0.475	0.297	0.153	0.380	0.302	0.345	0.147	0.570	0.654	0.453	0.339	0.420	0.392	0.294	0.132	0.284	0.254	0.337	0.148	0.560	0.589	0.434	0.337	0.415	0.377	0.296	0.159	0.308	0.250	0.348	0.150	0.575	0.598	0.438	0.324	0.456	0.384	0.287	0.158	0.282	0.235	0.256	0.158	0.573	0.590	0.463	0.333	0.401	0.396	0.290	0.190	0.262	0.233	0.320	0.213	0.568	0.594	0.478	0.325	0.451	0.362	0.284	0.184	0.306	0.258	0.340	0.224	0.520	0.564	0.470	0.344	0.444	0.391	0.293	0.188	0.315	0.261	0.346	0.223	0.540	0.610	0.464	0.345	0.535	0.447	0.292	0.183	0.309	0.244	0.361	0.227	0.582	0.695	0.473	0.328
43:00:03	0.463	0.476	0.296	0.153	0.382	0.308	0.350	0.147	0.569	0.656	0.452	0.339	0.420	0.390	0.294	0.134	0.285	0.255	0.338	0.145	0.560	0.589	0.434	0.334	0.415	0.377	0.296	0.159	0.308	0.251	0.347	0.150	0.574	0.597	0.437	0.324	0.457	0.383	0.287	0.157	0.292	0.235	0.258	0.157	0.572	0.590	0.462	0.333	0.401	0.394	0.290	0.190	0.266	0.230	0.319	0.214	0.567	0.593	0.477	0.325	0.451	0.361	0.284	0.184	0.306	0.259	0.339	0.225	0.519	0.564	0.469	0.344	0.444	0.389	0.293	0.189	0.316	0.262	0.345	0.223	0.540	0.610	0.463	0.345	0.537	0.447	0.292	0.183	0.310	0.243	0.360	0.227	0.582	0.697	0.473	0.328
43:20:03	0.462	0.476	0.293	0.148	0.383	0.305	0.346	0.148	0.568	0.656	0.451	0.339	0.418	0.387	0.291	0.136	0.281	0.256	0.339	0.146	0.559	0.588	0.433	0.333	0.413	0.374	0.292	0.156	0.308	0.253	0.345	0.150	0.572	0.596	0.435	0.325	0.456	0.382	0.285	0.157	0.291	0.234	0.257	0.157	0.569	0.589	0.462	0.333	0.399	0.392	0.288	0.190	0.267	0.228	0.318	0.214	0.566	0.592	0.477	0.327	0.450	0.360	0.282	0.183	0.306	0.259	0.338	0.226	0.518	0.564	0.469	0.344	0.443	0.385	0.289	0.188	0.314	0.260	0.344	0.226	0.539	0.610	0.463	0.345	0.539	0.445	0.290	0.183	0.310	0.241	0.359	0.230	0.584	0.699	0.473	0.327
43:40:03	0.462	0.477	0.294	0.148	0.385	0.308	0.348	0.148	0.568	0.657	0.451	0.339	0.419	0.385	0.290	0.136	0.280	0.257	0.339	0.147	0.559	0.587	0.432	0.333	0.413	0.374	0.293	0.156	0.308	0.253	0.344	0.151	0.571	0.596	0.434	0.325	0.457	0.381	0.284	0.157	0.290	0.234	0.258	0.157	0.569	0.587	0.461	0.333	0.399	0.390	0.288	0.189	0.271	0.228	0.318	0.215	0.564	0.591	0.476	0.327	0.450	0.358	0.281	0.183	0.306	0.260	0.337	0.226	0.517	0.563	0.469	0.344	0.444	0.383	0.289	0.188	0.315	0.263	0.343	0.225	0.539	0.609	0.462	0.346	0.540	0.445	0.289	0.182	0.311	0.241	0.358	0.231	0.585	0.702	0.473	0.327
44:00:03	0.463	0.477	0.294	0.149	0.385	0.310	0.345	0.148	0.567	0.659	0.451	0.339	0.419	0.383	0.291	0.134	0.279	0.257	0.332	0.147	0.559	0.587	0.432	0.335	0.413	0.374	0.292	0.156	0.309	0.254	0.344	0.151	0.570	0.595	0.434	0.324	0.458	0.382	0.285	0.158	0.289	0.235	0.259	0.157	0.568	0.587	0.461	0.333	0.399	0.388	0.287	0.190	0.274	0.230	0.317	0.215	0.563	0.590	0.475	0.327	0.451	0.358	0.281	0.183	0.306	0.260	0.337	0.228	0.517	0.563	0.468	0.344	0.445	0.381	0.289	0.188	0.316	0.265	0.344	0.226	0.539	0.609	0.462	0.346	0.542	0.444	0.289	0.182	0.313	0.242	0.358	0.232	0.586	0.704	0.473	0.327
44:20:03	0.463	0.477	0.294	0.148	0.386	0.315	0.348	0.148	0.567	0.660	0.451	0.339	0.419	0.381	0.290	0.135	0.279	0.257	0.326	0.147	0.559	0.587	0.432	0.337	0.413	0.374	0.293	0.156	0.309	0.257	0.344	0.151	0.569	0.595	0.433	0.324	0.459	0.383	0.284	0.158	0.287	0.235	0.259	0.157	0.567	0.587	0.459	0.333	0.399	0.386	0.286	0.191	0.276	0.229	0.318	0.216	0.562	0.590	0.474	0.327	0.452	0.357	0.281	0.184	0.307	0.261	0.336	0.229	0.516	0.562	0.467	0.344	0.445	0.379	0.289	0.189	0.316	0.267	0.343	0.228	0.538	0.609	0.461	0.346	0.544	0.444	0.289	0.182	0.314	0.243	0.358	0.231	0.586	0.706	0.473	0.327
44:40:03	0.464	0.479	0.295	0.148	0.389	0.316	0.345	0.149	0.566	0.661	0.450	0.339	0.419	0.379	0.290	0.134	0.278	0.259	0.330	0.146	0.559	0.587	0.431	0.337	0.413	0.374	0.293	0.155	0.309	0.258	0.344	0.151	0.567	0.594	0.432	0.324	0.460	0.383	0.285	0.159	0.284	0.235	0.258	0.158	0.566	0.586	0.459	0.332	0.399	0.383	0.286	0.192	0.277	0.230	0.317	0.216	0.561	0.589	0.473	0.327	0.453	0.358	0.281	0.184	0.307	0.261	0.336	0.230	0.516	0.561	0.466	0.344	0.446	0.377	0.289	0.188	0.317	0.269	0.343	0.229	0.538	0.609	0.461	0.347	0.546	0.445	0.289	0.182	0.315	0.245	0.359	0.233	0.588	0.708	0.473	0.327
45:00:03	0.464	0.479	0.295	0.149	0.391	0.318	0.351	0.149	0.566	0.662	0.450	0.338	0.419	0.378	0.292	0.134	0.279	0.259	0.326	0.146	0.560	0.587	0.431	0.336	0.413	0.375	0.292	0.155	0.310	0.258	0.345	0.152	0.567	0.593	0.432	0.324	0.460	0.384	0.285	0.162	0.283	0.234	0.259	0.158	0.565	0.586	0.458	0.332	0.399	0.382	0.287	0.193	0.278	0.229	0.317	0.217	0.560	0.589	0.472	0.327	0.454	0.357	0.280	0.184	0.307	0.263	0.336	0.231	0.515	0.561	0.465	0.344	0.446	0.375	0.289	0.188	0.317	0.273	0.343	0.227	0.538	0.609	0.460	0.347	0.548	0.444	0.289	0.182	0.316	0.247	0.361	0.235	0.589	0.710	0.473	0.327
45:20:03	0.465	0.479	0.296	0.150	0.392	0.320	0.353	0.149	0.567	0.663	0.449	0.338	0.420	0.377	0.292	0.136	0.278	0.260	0.327	0.147	0.560	0.586	0.430	0.335	0.413	0.374	0.293	0.155	0.310	0.259	0.346	0.152	0.565	0.592	0.431	0.324	0.462	0.384	0.285	0.164	0.282	0.235	0.261	0.158	0.564	0.586	0.457	0.332	0.399	0.380	0.288	0.196	0.278	0.229	0.316	0.218	0.559	0.589	0.471	0.327	0.454	0.357	0.281	0.184	0.308	0.265	0.336	0.232	0.515	0.561	0.464	0.344	0.447	0.373	0.289	0.189	0.318	0.276	0.342	0.229	0.538	0.609	0.459	0.348	0.549	0.445	0.289	0.182	0.317	0.248	0.336	0.234	0.589	0.712	0.473	0.327
45:40:03	0.465	0.481	0.296	0.151	0.395	0.324	0.351	0.150	0.567	0.664	0.449	0.338	0.420	0.376	0.291	0.133	0.279	0.261	0.328	0.148	0.559	0.587	0.430	0.335	0.414	0.374	0.293	0.155	0.310	0.260	0.344	0.152	0.564	0.591	0.430	0.324	0.463	0.385	0.285	0.167	0.280	0.234	0.262	0.158	0.563	0.584	0.456	0.332	0.399	0.378	0.287	0.199	0.278	0.228	0.317	0.218	0.557	0.588	0.470	0.326	0.455	0.358	0.282	0.185	0.308	0.268	0.336	0.233	0.514	0.560	0.463	0.344	0.449	0.371	0.288	0.189	0.319	0.283	0.342	0.230	0.537	0.609	0.459	0.348	0.551	0.445	0.289	0.182	0.318	0.250	0.336	0.236	0.590	0.714	0.473	0.328
46:00:03	0.469	0.483	0.299	0.154	0.399	0.331	0.348	0.150	0.567	0.667	0.449	0.339	0.422	0.376	0.296	0.134	0.283	0.264	0.330	0.149	0.561	0.589	0.431	0.337	0.416	0.377	0.295	0.157	0.312	0.265	0.346	0.153	0.565	0.592	0.430	0.324	0.466	0.388	0.289	0.174	0.281	0.235	0.262	0.160	0.564	0.586	0.455	0.332	0.401	0.378	0.289	0.203	0.280	0.231	0.318	0.221	0.556	0.589	0.468	0.325	0.457	0.360	0.284	0.186	0.310	0.271	0.338	0.234	0.515	0.560	0.461	0.343	0.450	0.372	0.291	0.190	0.322	0.290	0.344	0.229	0.537	0.609	0.458	0.350	0.553	0.448	0.291	0.183	0.322	0.254	0.337	0.238	0.590	0.716	0.472	0.328
46:20:03	0.468	0.482	0.297	0.156	0.399	0.331	0.355	0.150	0.566	0.667	0.448	0.339	0.421	0.374	0.293	0.133	0.280	0.263	0.328	0.149	0.560	0.587	0.430	0.337	0.414	0.375	0.293	0.154	0.311	0.261	0.344	0.153	0.562	0.591	0.429	0.324	0.465	0.387	0.286	0.175	0.280	0.234	0.261	0.159	0.561	0.584	0.455	0.332	0.400	0.374	0.287	0.204	0.280	0.230	0.316	0.220	0.554	0.587	0.469	0.327	0.457	0.358	0.281	0.185	0.310	0.269	0.336	0.234	0.514	0.560	0.461	0.344	0.450	0.368	0.288	0.189	0.321	0.291	0.342	0.231	0.537	0.609	0.459	0.350	0.555	0.446	0.290	0.183	0.322	0.253	0.336	0.238	0.592	0.719	0.473	0.328
46:40:03	0.468	0.484	0.297	0.157	0.402	0.336	0.347	0.151	0.566	0.667	0.448	0.338	0.421	0.372	0.294	0.132	0.280	0.263	0.328	0.150	0.560	0.587	0.430	0.338	0.414	0.375	0.293	0.154	0.311	0.258	0.345	0.153	0.560	0.589	0.428	0.324	0.467	0.387	0.286	0.178	0.279	0.233	0.265	0.159	0.560	0.583	0.453	0.332	0.400	0.372	0.286	0.205	0.281	0.230	0.316	0.220	0.552	0.586	0.468	0.327	0.457	0.358	0.281	0.185	0.311	0.273	0.336	0.235	0.513	0.559	0.460	0.344	0.450	0.366	0.287	0.189	0.321	0.300	0.341	0.231	0.537	0.609	0.458	0.350	0.556	0.446	0.289	0.183	0.322	0.255	0.336	0.240	0.593	0.721	0.473	0.328
47:00:04	0.468	0.484	0.297	0.154	0.404	0.340	0.355	0.150	0.566	0.668	0.447	0.338	0.421	0.370	0.292	0.134	0.277	0.264	0.327	0.148	0.560	0.586	0.428	0.339	0.415	0.375	0.293	0.155	0.311	0.254	0.345	0.153	0.558	0.588	0.427	0.324	0.468	0.386	0.285	0.180	0.278	0.231	0.265	0.159	0.557	0.581	0.453	0.331	0.399	0.371	0.285	0.206	0.281	0.230	0.315	0.220	0.549	0.585	0.467	0.328	0.458	0.356	0.280	0.184	0.309	0.270	0.334	0.236	0.512	0.559	0.460	0.344	0.451	0.365	0.287	0.189	0.322	0.302	0.337	0.230	0.536	0.609	0.457	0.351	0.558	0.446	0.288	0.183	0.321	0.255	0.335	0.240	0.594	0.723	0.473	0.328
47:20:03	0.469	0.485	0.298	0.154	0.405	0.339	0.339	0.151	0.565	0.668	0.447	0.338	0.421	0.370	0.292	0.134	0.277	0.264	0.328	0.149	0.560	0.586	0.429	0.340	0.415	0.374	0.293	0.154	0.312	0.252	0.346	0.153	0.557	0.587	0.426	0.324	0.469	0.386	0.285	0.183	0.279	0.231	0.266	0.160	0.555	0.581	0.452	0.331	0.399	0.369	0.286	0.207	0.281	0.231	0.315	0.221	0.547	0.584	0.466	0.327	0.459	0.357	0.281	0.185	0.309	0.277	0.336	0.237	0.512	0.559	0.458	0.344	0.451	0.363	0.287	0.189	0.323	0.304	0.338	0.232	0.536	0.608	0.457	0.352	0.559	0.447	0.288	0.184	0.323	0.257	0.336	0.241	0.594	0.725	0.473	0.328
47:40:04	0.469	0.486	0.298	0.154	0.407	0.345	0.352	0.151	0.566	0.669	0.446	0.338	0.421	0.370	0.292	0.133	0.278	0.262	0.328	0.152	0.560	0.586	0.428	0.341	0.416	0.374	0.292	0.153	0.312	0.248	0.346	0.154	0.555	0.586	0.425	0.324	0.470	0.388	0.286	0.186	0.279	0.230	0.265	0.160	0.555	0.580	0.451	0.331	0.399	0.367	0.285	0.207	0.281	0.230	0.314	0.221	0.545	0.583	0.465	0.327	0.460	0.358	0.280	0.185	0.310	0.278	0.336	0.238	0.512	0.558	0.458	0.344	0.452	0.362	0.287	0.189	0.323	0.305	0.326	0.232	0.536	0.608	0.456	0.352	0.560	0.447	0.288	0.184	0.324	0.259	0.335	0.242	0.595	0.728	0.473	0.329
48:00:04	0.470	0.487	0.298	0.153	0.409	0.349	0.341	0.151	0.565	0.670	0.446	0.338	0.422	0.369	0.292	0.135	0.277	0.264	0.328	0.152	0.561	0.586	0.428	0.342	0.416	0.374	0.292	0.154	0.312	0.250	0.346	0.154	0.554	0.585	0.425	0.324	0.472	0.388	0.285	0.189	0.280	0.231	0.265	0.160	0.552	0.580	0.450	0.331	0.400	0.366	0.286	0.208	0.283	0.231	0.315	0.222	0.543	0.582	0.464	0.327	0.461	0.357	0.280	0.185	0.311	0.279	0.335	0.239	0.511	0.558	0.457	0.344	0.453	0.361	0.287	0.190	0.324	0.302	0.325	0.231	0.536	0.608	0.456	0.353	0.562	0.447	0.288	0.184	0.324	0.258	0.335	0.242	0.597	0.730	0.473	0.329

