Field Group

Plate Comment:	
Procedure Summary
  Plate Type:              Corning 96 well for LogPhase600
  Plate Number:            2
  Discontinuous Kinetics:  Runtime 02:00:00 (D:HH:MM), Interval 00:20:00 (HH:MM:SS), 145 Reads (max)
  Read:                    600 nm
  Incubator:               On
    Temperature setpoint:  30 °C
    Temperature gradient:  Off
  Shaking:                 On
     Shaking frequency:    600 RPMs		
			
			

600

Time	A1	A2	A3	A4	A5	A6	A7	A8	A9	A10	A11	A12	B1	B2	B3	B4	B5	B6	B7	B8	B9	B10	B11	B12	C1	C2	C3	C4	C5	C6	C7	C8	C9	C10	C11	C12	D1	D2	D3	D4	D5	D6	D7	D8	D9	D10	D11	D12	E1	E2	E3	E4	E5	E6	E7	E8	E9	E10	E11	E12	F1	F2	F3	F4	F5	F6	F7	F8	F9	F10	F11	F12	G1	G2	G3	G4	G5	G6	G7	G8	G9	G10	G11	G12	H1	H2	H3	H4	H5	H6	H7	H8	H9	H10	H11	H12
0:00:00	0.115	0.115	0.116	0.117	0.115	0.114	0.114	0.114	0.116	0.117	0.116	0.120	0.115	0.116	0.116	0.116	0.114	0.114	0.115	0.114	0.139	0.116	0.116	0.117	0.114	0.118	0.117	0.116	0.155	0.115	0.114	0.117	0.119	0.121	0.119	0.122	0.116	0.117	0.118	0.118	0.117	0.115	0.114	0.116	0.115	0.116	0.116	0.117	0.116	0.117	0.121	0.122	0.118	0.115	0.115	0.116	0.117	0.117	0.116	0.118	0.118	0.117	0.120	0.117	0.118	0.115	0.116	0.114	0.117	0.115	0.119	0.117	0.130	0.116	0.118	0.118	0.115	0.115	0.129	0.117	0.117	0.115	0.121	0.119	0.116	0.115	0.120	0.117	0.117	0.114	0.115	0.114	0.098	0.086	0.117	0.117
0:20:00	0.115	0.115	0.117	0.117	0.116	0.114	0.114	0.114	0.116	0.116	0.117	0.123	0.115	0.116	0.116	0.116	0.114	0.113	0.115	0.113	0.145	0.116	0.117	0.117	0.115	0.118	0.117	0.116	0.164	0.114	0.114	0.115	0.120	0.120	0.118	0.119	0.116	0.115	0.116	0.119	0.116	0.114	0.114	0.116	0.115	0.116	0.117	0.117	0.116	0.117	0.119	0.120	0.118	0.114	0.114	0.116	0.116	0.118	0.117	0.117	0.115	0.116	0.120	0.117	0.115	0.115	0.115	0.114	0.117	0.115	0.117	0.112	0.129	0.116	0.117	0.118	0.115	0.115	0.128	0.115	0.118	0.116	0.110	0.117	0.115	0.115	0.119	0.118	0.117	0.114	0.115	0.114	0.087	0.086	0.117	0.117
0:40:00	0.115	0.116	0.117	0.117	0.116	0.114	0.114	0.114	0.116	0.116	0.118	0.128	0.115	0.116	0.116	0.116	0.114	0.113	0.114	0.113	0.152	0.116	0.117	0.118	0.115	0.118	0.117	0.116	0.176	0.114	0.114	0.114	0.119	0.118	0.118	0.119	0.116	0.115	0.117	0.118	0.116	0.114	0.114	0.116	0.115	0.116	0.117	0.117	0.116	0.116	0.119	0.119	0.117	0.114	0.114	0.115	0.115	0.118	0.118	0.117	0.115	0.115	0.118	0.118	0.116	0.115	0.115	0.114	0.116	0.115	0.113	0.094	0.129	0.116	0.117	0.118	0.116	0.115	0.128	0.115	0.118	0.116	0.093	0.117	0.115	0.115	0.118	0.118	0.117	0.114	0.115	0.114	0.085	0.086	0.117	0.117
1:00:00	0.116	0.116	0.119	0.119	0.116	0.114	0.114	0.115	0.117	0.116	0.119	0.132	0.116	0.117	0.118	0.118	0.114	0.114	0.115	0.113	0.157	0.116	0.118	0.118	0.115	0.118	0.118	0.117	0.189	0.114	0.114	0.115	0.119	0.118	0.118	0.120	0.117	0.115	0.119	0.120	0.116	0.114	0.114	0.115	0.116	0.117	0.118	0.118	0.117	0.116	0.121	0.120	0.117	0.114	0.114	0.115	0.116	0.117	0.118	0.118	0.116	0.116	0.118	0.118	0.116	0.115	0.115	0.114	0.117	0.116	0.109	0.090	0.129	0.116	0.119	0.119	0.116	0.115	0.128	0.115	0.118	0.116	0.090	0.107	0.116	0.115	0.120	0.119	0.117	0.114	0.115	0.114	0.085	0.086	0.118	0.118
1:20:00	0.116	0.116	0.120	0.120	0.116	0.115	0.114	0.115	0.117	0.117	0.120	0.130	0.117	0.117	0.118	0.119	0.114	0.113	0.115	0.113	0.156	0.116	0.120	0.120	0.116	0.119	0.120	0.118	0.194	0.115	0.114	0.115	0.120	0.118	0.120	0.121	0.117	0.116	0.120	0.122	0.116	0.114	0.114	0.115	0.116	0.117	0.119	0.120	0.117	0.115	0.121	0.121	0.118	0.116	0.115	0.115	0.116	0.117	0.120	0.119	0.117	0.116	0.118	0.119	0.116	0.115	0.115	0.114	0.117	0.116	0.107	0.089	0.128	0.116	0.120	0.120	0.116	0.115	0.126	0.115	0.118	0.116	0.091	0.098	0.116	0.115	0.121	0.120	0.117	0.114	0.115	0.114	0.085	0.085	0.120	0.121
1:40:00	0.117	0.116	0.121	0.121	0.116	0.115	0.114	0.115	0.117	0.117	0.121	0.136	0.117	0.117	0.120	0.120	0.114	0.113	0.115	0.113	0.165	0.116	0.121	0.121	0.116	0.119	0.121	0.119	0.208	0.116	0.115	0.115	0.120	0.118	0.122	0.122	0.118	0.116	0.122	0.123	0.116	0.114	0.117	0.116	0.116	0.117	0.121	0.121	0.117	0.116	0.122	0.122	0.120	0.121	0.119	0.117	0.116	0.117	0.121	0.120	0.117	0.116	0.120	0.120	0.117	0.116	0.115	0.114	0.117	0.116	0.107	0.089	0.130	0.117	0.121	0.120	0.116	0.115	0.128	0.116	0.119	0.116	0.092	0.094	0.117	0.116	0.122	0.122	0.117	0.114	0.116	0.114	0.085	0.086	0.121	0.122
2:00:00	0.117	0.117	0.123	0.122	0.116	0.114	0.115	0.115	0.118	0.117	0.123	0.137	0.117	0.117	0.122	0.121	0.114	0.113	0.115	0.113	0.167	0.117	0.124	0.122	0.117	0.119	0.123	0.121	0.217	0.119	0.115	0.115	0.120	0.118	0.124	0.124	0.118	0.116	0.123	0.124	0.118	0.116	0.123	0.120	0.117	0.117	0.123	0.122	0.118	0.116	0.124	0.124	0.126	0.124	0.124	0.122	0.117	0.118	0.123	0.122	0.118	0.116	0.122	0.121	0.120	0.121	0.117	0.117	0.117	0.117	0.110	0.090	0.131	0.118	0.123	0.122	0.116	0.115	0.128	0.116	0.120	0.117	0.093	0.094	0.117	0.117	0.124	0.124	0.117	0.114	0.116	0.114	0.086	0.087	0.123	0.123
2:20:00	0.118	0.118	0.125	0.123	0.116	0.114	0.115	0.115	0.119	0.117	0.126	0.133	0.118	0.118	0.124	0.123	0.114	0.114	0.115	0.113	0.161	0.117	0.126	0.124	0.117	0.120	0.125	0.122	0.217	0.121	0.116	0.117	0.121	0.119	0.126	0.126	0.119	0.116	0.126	0.125	0.119	0.117	0.124	0.122	0.117	0.117	0.125	0.124	0.118	0.116	0.127	0.125	0.128	0.126	0.127	0.124	0.117	0.118	0.126	0.124	0.118	0.117	0.124	0.123	0.123	0.124	0.119	0.119	0.118	0.117	0.111	0.092	0.130	0.118	0.125	0.123	0.117	0.116	0.127	0.117	0.120	0.117	0.096	0.096	0.119	0.119	0.127	0.125	0.118	0.114	0.116	0.114	0.086	0.086	0.126	0.125
2:40:00	0.119	0.118	0.129	0.125	0.116	0.114	0.115	0.115	0.119	0.117	0.129	0.138	0.119	0.118	0.127	0.124	0.114	0.114	0.115	0.113	0.169	0.117	0.129	0.125	0.119	0.120	0.129	0.124	0.230	0.122	0.117	0.118	0.121	0.120	0.130	0.128	0.120	0.117	0.130	0.127	0.122	0.120	0.127	0.125	0.118	0.118	0.129	0.126	0.119	0.116	0.131	0.129	0.131	0.128	0.129	0.127	0.118	0.118	0.130	0.126	0.119	0.117	0.128	0.125	0.128	0.127	0.125	0.122	0.119	0.117	0.116	0.094	0.133	0.118	0.129	0.125	0.117	0.117	0.128	0.118	0.121	0.117	0.099	0.097	0.120	0.119	0.131	0.128	0.118	0.115	0.115	0.114	0.087	0.087	0.130	0.127
3:00:00	0.120	0.118	0.133	0.127	0.115	0.115	0.116	0.115	0.121	0.118	0.133	0.136	0.121	0.118	0.132	0.126	0.114	0.114	0.115	0.113	0.170	0.118	0.134	0.128	0.119	0.120	0.133	0.126	0.236	0.123	0.119	0.120	0.122	0.120	0.135	0.131	0.120	0.117	0.134	0.129	0.126	0.123	0.128	0.127	0.119	0.118	0.133	0.129	0.121	0.117	0.135	0.134	0.133	0.129	0.131	0.129	0.119	0.119	0.134	0.129	0.120	0.117	0.132	0.128	0.133	0.129	0.129	0.125	0.120	0.118	0.121	0.096	0.134	0.119	0.133	0.127	0.118	0.120	0.128	0.118	0.122	0.118	0.103	0.099	0.121	0.119	0.135	0.129	0.118	0.115	0.115	0.114	0.088	0.088	0.135	0.129
3:20:00	0.122	0.118	0.139	0.128	0.115	0.114	0.116	0.115	0.122	0.118	0.139	0.135	0.122	0.119	0.137	0.128	0.114	0.114	0.116	0.113	0.171	0.119	0.139	0.129	0.121	0.120	0.140	0.129	0.241	0.124	0.120	0.120	0.123	0.121	0.141	0.133	0.122	0.118	0.141	0.131	0.128	0.125	0.129	0.129	0.121	0.118	0.139	0.131	0.123	0.117	0.142	0.137	0.133	0.130	0.132	0.131	0.120	0.120	0.140	0.131	0.122	0.119	0.139	0.130	0.135	0.131	0.131	0.127	0.122	0.118	0.127	0.099	0.136	0.120	0.139	0.129	0.118	0.120	0.129	0.119	0.123	0.118	0.109	0.101	0.123	0.120	0.142	0.131	0.118	0.115	0.115	0.114	0.090	0.089	0.141	0.131
3:40:00	0.123	0.121	0.147	0.130	0.115	0.115	0.116	0.115	0.124	0.119	0.146	0.133	0.124	0.119	0.144	0.130	0.114	0.115	0.116	0.113	0.167	0.119	0.145	0.132	0.121	0.121	0.147	0.131	0.243	0.124	0.119	0.120	0.125	0.121	0.148	0.136	0.123	0.118	0.148	0.133	0.126	0.124	0.129	0.129	0.123	0.119	0.147	0.133	0.123	0.118	0.149	0.139	0.133	0.130	0.132	0.131	0.122	0.121	0.148	0.135	0.124	0.120	0.146	0.133	0.134	0.131	0.131	0.127	0.123	0.118	0.134	0.101	0.138	0.121	0.146	0.131	0.119	0.120	0.128	0.119	0.125	0.119	0.116	0.104	0.125	0.121	0.150	0.133	0.118	0.115	0.115	0.114	0.092	0.091	0.149	0.133
4:00:00	0.125	0.121	0.157	0.133	0.115	0.115	0.116	0.115	0.126	0.119	0.154	0.133	0.126	0.120	0.153	0.132	0.115	0.114	0.116	0.113	0.160	0.120	0.154	0.134	0.123	0.122	0.156	0.133	0.246	0.123	0.119	0.120	0.127	0.123	0.158	0.139	0.124	0.119	0.159	0.135	0.125	0.123	0.129	0.129	0.125	0.120	0.157	0.136	0.127	0.119	0.159	0.141	0.132	0.130	0.132	0.131	0.124	0.122	0.157	0.137	0.125	0.122	0.156	0.135	0.133	0.131	0.130	0.126	0.125	0.120	0.143	0.104	0.139	0.121	0.156	0.133	0.118	0.119	0.129	0.119	0.127	0.120	0.125	0.106	0.127	0.122	0.159	0.135	0.116	0.115	0.114	0.114	0.094	0.090	0.159	0.136
4:20:00	0.127	0.121	0.166	0.135	0.116	0.115	0.117	0.115	0.129	0.119	0.164	0.136	0.128	0.120	0.163	0.134	0.115	0.114	0.115	0.113	0.148	0.122	0.163	0.137	0.127	0.123	0.166	0.135	0.240	0.123	0.119	0.120	0.130	0.123	0.168	0.141	0.126	0.120	0.170	0.138	0.125	0.123	0.129	0.129	0.128	0.121	0.166	0.138	0.130	0.118	0.168	0.143	0.132	0.130	0.132	0.131	0.126	0.123	0.166	0.139	0.128	0.123	0.165	0.138	0.133	0.131	0.130	0.127	0.129	0.122	0.152	0.107	0.141	0.122	0.165	0.135	0.119	0.120	0.127	0.119	0.130	0.122	0.134	0.110	0.131	0.123	0.169	0.137	0.117	0.116	0.115	0.116	0.097	0.088	0.169	0.139
4:40:00	0.131	0.122	0.174	0.137	0.116	0.115	0.116	0.115	0.132	0.121	0.173	0.138	0.130	0.122	0.171	0.136	0.115	0.115	0.116	0.114	0.135	0.123	0.173	0.139	0.127	0.123	0.175	0.138	0.249	0.123	0.119	0.120	0.132	0.124	0.177	0.143	0.131	0.120	0.178	0.141	0.124	0.123	0.129	0.128	0.131	0.122	0.175	0.140	0.132	0.121	0.177	0.146	0.132	0.130	0.132	0.131	0.130	0.124	0.174	0.142	0.131	0.124	0.174	0.140	0.133	0.131	0.130	0.126	0.132	0.123	0.162	0.109	0.145	0.123	0.174	0.137	0.119	0.120	0.129	0.119	0.133	0.122	0.144	0.111	0.131	0.124	0.177	0.140	0.116	0.116	0.115	0.116	0.101	0.095	0.177	0.141
5:00:00	0.133	0.125	0.182	0.140	0.116	0.115	0.116	0.116	0.135	0.121	0.181	0.140	0.133	0.123	0.177	0.138	0.115	0.115	0.116	0.113	0.134	0.124	0.181	0.141	0.133	0.125	0.182	0.140	0.243	0.123	0.120	0.120	0.134	0.126	0.185	0.145	0.132	0.120	0.185	0.143	0.125	0.124	0.129	0.129	0.137	0.124	0.183	0.143	0.137	0.122	0.184	0.149	0.132	0.130	0.132	0.131	0.136	0.122	0.181	0.144	0.135	0.124	0.181	0.142	0.134	0.132	0.131	0.127	0.137	0.124	0.169	0.112	0.149	0.125	0.181	0.139	0.119	0.120	0.127	0.119	0.138	0.122	0.151	0.114	0.138	0.125	0.185	0.142	0.117	0.116	0.115	0.117	0.104	0.093	0.184	0.144
5:20:00	0.138	0.127	0.189	0.141	0.116	0.115	0.116	0.116	0.143	0.122	0.187	0.142	0.139	0.124	0.184	0.141	0.116	0.115	0.116	0.114	0.139	0.124	0.188	0.143	0.137	0.127	0.189	0.143	0.245	0.124	0.121	0.121	0.141	0.127	0.192	0.147	0.137	0.121	0.192	0.145	0.127	0.125	0.129	0.130	0.140	0.124	0.190	0.145	0.141	0.122	0.192	0.151	0.133	0.130	0.132	0.132	0.137	0.126	0.188	0.146	0.136	0.125	0.189	0.145	0.136	0.133	0.134	0.129	0.136	0.125	0.177	0.114	0.148	0.126	0.189	0.141	0.119	0.121	0.128	0.119	0.139	0.125	0.159	0.116	0.138	0.125	0.191	0.143	0.117	0.116	0.115	0.117	0.106	0.090	0.191	0.146
5:40:00	0.144	0.127	0.196	0.143	0.116	0.116	0.116	0.116	0.155	0.121	0.195	0.143	0.147	0.126	0.190	0.142	0.116	0.115	0.116	0.114	0.144	0.126	0.195	0.145	0.144	0.126	0.195	0.144	0.247	0.124	0.121	0.121	0.142	0.128	0.199	0.149	0.148	0.123	0.199	0.148	0.128	0.126	0.129	0.131	0.145	0.126	0.197	0.147	0.150	0.125	0.199	0.154	0.134	0.130	0.133	0.133	0.140	0.127	0.194	0.148	0.148	0.127	0.195	0.147	0.137	0.133	0.135	0.130	0.143	0.127	0.185	0.116	0.156	0.126	0.195	0.143	0.119	0.122	0.128	0.119	0.142	0.126	0.166	0.118	0.152	0.127	0.199	0.145	0.117	0.116	0.115	0.117	0.111	0.096	0.197	0.148
6:00:00	0.157	0.128	0.201	0.144	0.116	0.116	0.116	0.117	0.162	0.126	0.201	0.145	0.157	0.128	0.194	0.143	0.116	0.116	0.116	0.114	0.152	0.127	0.201	0.147	0.154	0.128	0.201	0.145	0.257	0.125	0.122	0.121	0.146	0.129	0.205	0.151	0.154	0.126	0.206	0.149	0.128	0.126	0.130	0.131	0.147	0.129	0.205	0.148	0.154	0.126	0.205	0.155	0.134	0.131	0.133	0.133	0.145	0.128	0.200	0.150	0.154	0.128	0.201	0.148	0.137	0.134	0.135	0.130	0.147	0.129	0.194	0.117	0.164	0.129	0.202	0.145	0.119	0.123	0.130	0.120	0.147	0.128	0.173	0.118	0.152	0.129	0.205	0.146	0.117	0.116	0.115	0.117	0.118	0.100	0.202	0.150
6:20:00	0.159	0.130	0.206	0.145	0.116	0.116	0.115	0.117	0.169	0.128	0.207	0.146	0.157	0.129	0.201	0.144	0.116	0.116	0.117	0.114	0.153	0.129	0.207	0.148	0.154	0.131	0.207	0.147	0.259	0.125	0.122	0.121	0.150	0.131	0.212	0.152	0.155	0.124	0.212	0.151	0.129	0.126	0.129	0.131	0.151	0.125	0.211	0.150	0.155	0.128	0.212	0.157	0.135	0.131	0.133	0.134	0.148	0.131	0.206	0.151	0.156	0.129	0.208	0.150	0.138	0.134	0.136	0.131	0.150	0.131	0.201	0.119	0.167	0.130	0.208	0.145	0.119	0.123	0.130	0.120	0.147	0.130	0.180	0.120	0.153	0.130	0.212	0.147	0.117	0.116	0.115	0.117	0.121	0.101	0.208	0.151
6:40:01	0.161	0.126	0.212	0.145	0.116	0.117	0.114	0.118	0.171	0.129	0.214	0.147	0.160	0.129	0.205	0.145	0.116	0.116	0.117	0.114	0.154	0.130	0.213	0.149	0.158	0.128	0.211	0.148	0.261	0.125	0.122	0.121	0.154	0.129	0.217	0.153	0.163	0.128	0.218	0.151	0.129	0.127	0.129	0.132	0.154	0.132	0.218	0.151	0.161	0.129	0.218	0.159	0.135	0.131	0.133	0.134	0.152	0.133	0.212	0.152	0.160	0.130	0.213	0.151	0.139	0.135	0.137	0.132	0.153	0.134	0.206	0.120	0.172	0.131	0.214	0.146	0.119	0.124	0.130	0.120	0.151	0.133	0.186	0.121	0.156	0.135	0.216	0.147	0.117	0.116	0.115	0.117	0.121	0.098	0.212	0.153
7:00:01	0.167	0.132	0.218	0.146	0.116	0.117	0.114	0.118	0.174	0.135	0.219	0.148	0.167	0.131	0.210	0.144	0.116	0.116	0.116	0.114	0.154	0.133	0.219	0.150	0.162	0.134	0.216	0.149	0.263	0.125	0.123	0.121	0.161	0.137	0.224	0.154	0.170	0.134	0.224	0.152	0.129	0.127	0.130	0.132	0.163	0.136	0.224	0.152	0.167	0.131	0.224	0.161	0.136	0.131	0.133	0.134	0.160	0.137	0.217	0.153	0.165	0.132	0.219	0.151	0.140	0.135	0.138	0.132	0.160	0.135	0.213	0.120	0.176	0.136	0.220	0.147	0.120	0.124	0.130	0.120	0.157	0.136	0.192	0.122	0.161	0.137	0.223	0.148	0.117	0.116	0.115	0.117	0.122	0.105	0.217	0.153
7:20:01	0.172	0.137	0.223	0.147	0.116	0.117	0.114	0.118	0.180	0.138	0.225	0.149	0.172	0.139	0.214	0.145	0.116	0.116	0.117	0.114	0.160	0.137	0.224	0.151	0.168	0.143	0.222	0.150	0.263	0.125	0.123	0.121	0.173	0.144	0.229	0.155	0.175	0.141	0.229	0.154	0.129	0.127	0.129	0.132	0.178	0.139	0.230	0.153	0.173	0.141	0.229	0.162	0.136	0.131	0.133	0.134	0.169	0.140	0.222	0.154	0.171	0.143	0.224	0.153	0.140	0.135	0.139	0.132	0.170	0.141	0.219	0.121	0.182	0.143	0.225	0.148	0.120	0.125	0.130	0.120	0.174	0.142	0.197	0.124	0.173	0.143	0.228	0.149	0.116	0.116	0.115	0.117	0.128	0.115	0.221	0.154
7:40:01	0.182	0.145	0.228	0.149	0.116	0.117	0.114	0.118	0.189	0.149	0.230	0.150	0.183	0.155	0.218	0.147	0.116	0.116	0.117	0.114	0.177	0.153	0.229	0.152	0.179	0.156	0.227	0.152	0.264	0.125	0.122	0.121	0.197	0.150	0.234	0.156	0.184	0.154	0.233	0.156	0.128	0.126	0.129	0.132	0.222	0.144	0.235	0.153	0.182	0.155	0.233	0.163	0.136	0.130	0.133	0.134	0.193	0.144	0.227	0.155	0.181	0.155	0.229	0.154	0.139	0.135	0.138	0.132	0.189	0.140	0.225	0.122	0.191	0.156	0.229	0.149	0.120	0.124	0.130	0.120	0.200	0.151	0.202	0.124	0.191	0.156	0.231	0.150	0.116	0.116	0.115	0.117	0.142	0.123	0.225	0.155
8:00:01	0.193	0.153	0.232	0.148	0.116	0.117	0.114	0.118	0.200	0.158	0.235	0.150	0.195	0.161	0.222	0.148	0.116	0.116	0.117	0.114	0.201	0.158	0.234	0.152	0.192	0.159	0.231	0.153	0.266	0.125	0.123	0.121	0.217	0.153	0.239	0.157	0.196	0.158	0.236	0.158	0.129	0.127	0.129	0.132	0.243	0.145	0.239	0.154	0.194	0.159	0.237	0.165	0.136	0.130	0.133	0.134	0.216	0.144	0.232	0.156	0.192	0.160	0.232	0.155	0.141	0.135	0.140	0.132	0.220	0.140	0.228	0.123	0.202	0.159	0.233	0.150	0.120	0.125	0.131	0.120	0.216	0.147	0.206	0.126	0.204	0.161	0.235	0.151	0.116	0.116	0.115	0.117	0.157	0.124	0.228	0.155
8:20:01	0.209	0.165	0.236	0.148	0.117	0.118	0.114	0.118	0.209	0.166	0.239	0.151	0.212	0.167	0.226	0.149	0.116	0.116	0.117	0.114	0.208	0.161	0.238	0.153	0.208	0.162	0.235	0.154	0.266	0.125	0.123	0.121	0.225	0.151	0.243	0.157	0.206	0.161	0.241	0.160	0.129	0.127	0.129	0.132	0.255	0.146	0.244	0.155	0.208	0.163	0.242	0.168	0.136	0.130	0.133	0.134	0.230	0.149	0.235	0.157	0.207	0.164	0.236	0.157	0.141	0.136	0.140	0.131	0.235	0.143	0.233	0.123	0.215	0.161	0.237	0.151	0.119	0.125	0.131	0.120	0.225	0.148	0.211	0.126	0.216	0.164	0.241	0.153	0.116	0.116	0.115	0.117	0.164	0.126	0.231	0.156
8:40:01	0.214	0.170	0.241	0.151	0.117	0.118	0.114	0.118	0.216	0.164	0.244	0.152	0.209	0.166	0.231	0.150	0.116	0.116	0.117	0.114	0.211	0.162	0.243	0.154	0.207	0.165	0.239	0.156	0.257	0.125	0.123	0.121	0.228	0.158	0.248	0.158	0.209	0.164	0.245	0.163	0.129	0.127	0.129	0.132	0.263	0.153	0.248	0.157	0.215	0.168	0.247	0.170	0.136	0.130	0.133	0.134	0.243	0.165	0.239	0.158	0.217	0.166	0.241	0.158	0.140	0.136	0.140	0.131	0.248	0.148	0.235	0.125	0.219	0.163	0.241	0.152	0.119	0.125	0.130	0.120	0.233	0.152	0.215	0.128	0.228	0.168	0.244	0.155	0.117	0.116	0.115	0.117	0.177	0.125	0.234	0.157
9:00:01	0.227	0.175	0.245	0.153	0.117	0.118	0.114	0.118	0.226	0.166	0.248	0.152	0.222	0.169	0.234	0.151	0.116	0.116	0.117	0.114	0.216	0.168	0.247	0.154	0.221	0.174	0.242	0.157	0.268	0.125	0.124	0.121	0.228	0.169	0.253	0.158	0.229	0.169	0.249	0.164	0.129	0.127	0.129	0.132	0.269	0.170	0.252	0.156	0.222	0.172	0.251	0.172	0.136	0.130	0.132	0.134	0.248	0.181	0.244	0.159	0.219	0.170	0.245	0.160	0.140	0.135	0.140	0.131	0.252	0.158	0.241	0.125	0.234	0.168	0.245	0.155	0.118	0.126	0.131	0.120	0.241	0.165	0.220	0.128	0.239	0.172	0.248	0.156	0.116	0.116	0.115	0.117	0.175	0.135	0.238	0.158
9:20:01	0.228	0.178	0.249	0.154	0.118	0.118	0.114	0.118	0.237	0.178	0.253	0.154	0.229	0.174	0.237	0.151	0.116	0.116	0.117	0.114	0.222	0.179	0.252	0.155	0.232	0.181	0.247	0.158	0.268	0.125	0.124	0.120	0.234	0.184	0.257	0.160	0.235	0.175	0.253	0.166	0.129	0.127	0.129	0.132	0.279	0.186	0.258	0.157	0.234	0.178	0.255	0.173	0.136	0.130	0.132	0.134	0.269	0.194	0.248	0.160	0.243	0.176	0.249	0.162	0.138	0.135	0.140	0.131	0.263	0.173	0.247	0.126	0.248	0.173	0.250	0.157	0.118	0.126	0.131	0.119	0.249	0.179	0.224	0.129	0.252	0.177	0.252	0.157	0.116	0.117	0.115	0.116	0.184	0.148	0.242	0.159
9:40:01	0.243	0.182	0.253	0.156	0.118	0.118	0.114	0.118	0.246	0.193	0.258	0.154	0.249	0.192	0.241	0.152	0.116	0.117	0.117	0.114	0.239	0.190	0.256	0.156	0.247	0.189	0.251	0.159	0.259	0.125	0.124	0.121	0.247	0.195	0.261	0.161	0.247	0.183	0.258	0.169	0.130	0.128	0.129	0.132	0.293	0.196	0.263	0.159	0.243	0.185	0.260	0.176	0.136	0.130	0.132	0.134	0.284	0.207	0.253	0.160	0.249	0.183	0.253	0.163	0.138	0.135	0.141	0.132	0.282	0.188	0.249	0.127	0.253	0.182	0.253	0.158	0.118	0.126	0.130	0.119	0.274	0.190	0.228	0.130	0.268	0.183	0.256	0.159	0.117	0.116	0.115	0.116	0.202	0.157	0.245	0.160
10:00:01	0.263	0.189	0.256	0.157	0.118	0.118	0.114	0.118	0.253	0.203	0.262	0.155	0.267	0.204	0.243	0.153	0.116	0.117	0.117	0.114	0.250	0.199	0.260	0.157	0.258	0.195	0.254	0.160	0.270	0.125	0.124	0.120	0.256	0.204	0.266	0.162	0.265	0.191	0.261	0.169	0.130	0.127	0.129	0.132	0.316	0.202	0.269	0.159	0.255	0.193	0.264	0.178	0.136	0.130	0.132	0.134	0.301	0.218	0.259	0.161	0.254	0.192	0.257	0.165	0.137	0.135	0.141	0.131	0.300	0.196	0.256	0.128	0.265	0.191	0.257	0.161	0.118	0.126	0.132	0.119	0.290	0.199	0.233	0.130	0.274	0.191	0.259	0.160	0.116	0.116	0.115	0.116	0.212	0.169	0.251	0.160
10:20:01	0.275	0.200	0.259	0.157	0.118	0.118	0.114	0.118	0.266	0.214	0.266	0.155	0.276	0.214	0.245	0.154	0.116	0.117	0.117	0.114	0.263	0.208	0.264	0.158	0.282	0.200	0.257	0.161	0.271	0.125	0.124	0.120	0.272	0.210	0.270	0.162	0.286	0.199	0.265	0.171	0.130	0.128	0.129	0.132	0.329	0.210	0.276	0.161	0.277	0.202	0.267	0.179	0.136	0.130	0.132	0.134	0.317	0.223	0.265	0.163	0.270	0.202	0.260	0.165	0.137	0.135	0.141	0.131	0.317	0.204	0.261	0.128	0.282	0.202	0.260	0.162	0.118	0.126	0.132	0.119	0.308	0.203	0.238	0.131	0.288	0.199	0.263	0.160	0.116	0.116	0.115	0.116	0.233	0.171	0.257	0.161
10:40:01	0.294	0.216	0.262	0.159	0.118	0.118	0.114	0.118	0.282	0.221	0.271	0.157	0.292	0.210	0.247	0.154	0.116	0.117	0.117	0.114	0.285	0.214	0.268	0.159	0.301	0.217	0.261	0.162	0.260	0.125	0.124	0.120	0.290	0.216	0.274	0.164	0.290	0.214	0.269	0.174	0.130	0.128	0.128	0.132	0.341	0.212	0.281	0.162	0.285	0.222	0.271	0.180	0.135	0.130	0.132	0.134	0.335	0.241	0.270	0.163	0.288	0.218	0.264	0.167	0.137	0.135	0.141	0.132	0.334	0.213	0.263	0.130	0.306	0.217	0.263	0.163	0.118	0.126	0.131	0.119	0.322	0.210	0.243	0.133	0.295	0.200	0.266	0.161	0.117	0.116	0.115	0.116	0.260	0.178	0.260	0.162
11:00:01	0.317	0.235	0.264	0.160	0.118	0.117	0.114	0.118	0.304	0.235	0.274	0.157	0.329	0.243	0.249	0.156	0.116	0.117	0.118	0.114	0.313	0.224	0.272	0.160	0.321	0.239	0.264	0.162	0.271	0.125	0.125	0.120	0.323	0.217	0.279	0.165	0.311	0.231	0.272	0.175	0.131	0.129	0.128	0.132	0.355	0.216	0.288	0.162	0.308	0.220	0.274	0.183	0.136	0.130	0.132	0.134	0.351	0.253	0.279	0.163	0.305	0.219	0.267	0.169	0.138	0.135	0.142	0.132	0.348	0.217	0.275	0.131	0.337	0.221	0.266	0.164	0.118	0.127	0.132	0.119	0.336	0.215	0.250	0.133	0.298	0.215	0.269	0.162	0.116	0.116	0.115	0.116	0.280	0.187	0.270	0.162
11:20:01	0.337	0.226	0.266	0.160	0.118	0.118	0.113	0.118	0.324	0.235	0.280	0.157	0.335	0.246	0.251	0.157	0.117	0.118	0.118	0.114	0.339	0.236	0.278	0.162	0.341	0.241	0.268	0.163	0.276	0.125	0.126	0.121	0.356	0.234	0.284	0.164	0.341	0.233	0.274	0.174	0.132	0.129	0.129	0.132	0.368	0.234	0.298	0.164	0.331	0.232	0.277	0.183	0.136	0.130	0.132	0.134	0.361	0.281	0.288	0.166	0.329	0.232	0.270	0.170	0.139	0.135	0.143	0.133	0.359	0.238	0.281	0.133	0.359	0.228	0.269	0.165	0.118	0.128	0.135	0.119	0.349	0.232	0.258	0.133	0.306	0.233	0.271	0.163	0.117	0.116	0.115	0.116	0.298	0.202	0.275	0.164
11:40:01	0.366	0.258	0.269	0.161	0.118	0.117	0.114	0.118	0.344	0.255	0.282	0.160	0.362	0.258	0.253	0.157	0.117	0.117	0.118	0.114	0.365	0.253	0.280	0.163	0.356	0.271	0.272	0.165	0.262	0.125	0.126	0.121	0.379	0.262	0.287	0.167	0.359	0.243	0.278	0.179	0.132	0.129	0.128	0.132	0.380	0.257	0.301	0.164	0.352	0.248	0.281	0.186	0.136	0.130	0.132	0.134	0.374	0.310	0.292	0.166	0.351	0.245	0.274	0.173	0.139	0.136	0.143	0.133	0.373	0.263	0.283	0.134	0.390	0.242	0.272	0.167	0.118	0.128	0.132	0.119	0.363	0.258	0.263	0.137	0.311	0.251	0.274	0.164	0.117	0.114	0.115	0.116	0.330	0.226	0.281	0.165
12:00:01	0.379	0.263	0.271	0.162	0.118	0.117	0.114	0.118	0.364	0.277	0.286	0.161	0.371	0.288	0.254	0.158	0.117	0.118	0.118	0.114	0.389	0.270	0.283	0.164	0.373	0.309	0.274	0.166	0.262	0.125	0.126	0.121	0.399	0.273	0.291	0.167	0.377	0.263	0.280	0.179	0.132	0.129	0.128	0.132	0.390	0.273	0.307	0.165	0.368	0.257	0.281	0.188	0.136	0.130	0.132	0.134	0.386	0.334	0.298	0.167	0.366	0.265	0.277	0.176	0.139	0.136	0.143	0.133	0.381	0.284	0.290	0.134	0.396	0.261	0.274	0.168	0.118	0.127	0.132	0.119	0.375	0.284	0.270	0.137	0.318	0.265	0.277	0.165	0.117	0.114	0.115	0.116	0.361	0.240	0.288	0.164
12:20:01	0.402	0.281	0.272	0.163	0.118	0.117	0.113	0.118	0.381	0.287	0.290	0.161	0.393	0.305	0.255	0.159	0.116	0.118	0.118	0.114	0.400	0.292	0.288	0.162	0.391	0.326	0.275	0.166	0.276	0.125	0.125	0.120	0.419	0.290	0.297	0.168	0.387	0.286	0.281	0.178	0.131	0.128	0.128	0.132	0.396	0.293	0.317	0.165	0.385	0.287	0.284	0.187	0.136	0.129	0.132	0.133	0.396	0.348	0.306	0.169	0.389	0.279	0.279	0.176	0.138	0.135	0.143	0.133	0.385	0.304	0.302	0.137	0.422	0.282	0.276	0.167	0.118	0.127	0.134	0.119	0.386	0.304	0.281	0.137	0.325	0.282	0.278	0.165	0.117	0.114	0.115	0.116	0.381	0.264	0.295	0.166
12:40:01	0.409	0.297	0.274	0.163	0.118	0.117	0.113	0.118	0.399	0.316	0.291	0.160	0.420	0.317	0.256	0.159	0.117	0.118	0.118	0.114	0.418	0.311	0.289	0.164	0.408	0.333	0.277	0.167	0.271	0.125	0.125	0.120	0.427	0.316	0.299	0.169	0.405	0.300	0.284	0.180	0.131	0.128	0.128	0.132	0.400	0.319	0.321	0.166	0.401	0.293	0.286	0.189	0.135	0.129	0.132	0.133	0.406	0.362	0.310	0.171	0.401	0.305	0.281	0.177	0.138	0.135	0.143	0.133	0.395	0.322	0.310	0.137	0.428	0.302	0.279	0.169	0.118	0.127	0.133	0.119	0.396	0.323	0.287	0.137	0.335	0.295	0.281	0.166	0.116	0.114	0.115	0.116	0.398	0.287	0.302	0.166
13:00:01	0.436	0.322	0.275	0.165	0.118	0.117	0.113	0.118	0.421	0.333	0.295	0.163	0.428	0.332	0.257	0.160	0.117	0.118	0.118	0.114	0.430	0.326	0.291	0.166	0.427	0.354	0.279	0.168	0.271	0.124	0.126	0.121	0.442	0.341	0.303	0.170	0.420	0.330	0.285	0.182	0.131	0.128	0.128	0.132	0.412	0.346	0.326	0.167	0.412	0.316	0.289	0.191	0.135	0.129	0.132	0.133	0.413	0.375	0.314	0.171	0.428	0.336	0.283	0.179	0.139	0.135	0.143	0.133	0.401	0.345	0.316	0.138	0.441	0.329	0.281	0.170	0.118	0.127	0.134	0.120	0.402	0.349	0.294	0.138	0.345	0.313	0.283	0.167	0.116	0.114	0.115	0.116	0.419	0.316	0.308	0.169
13:20:01	0.446	0.349	0.277	0.166	0.118	0.117	0.113	0.118	0.433	0.360	0.298	0.162	0.451	0.346	0.258	0.161	0.117	0.118	0.118	0.114	0.448	0.365	0.295	0.166	0.444	0.371	0.281	0.168	0.271	0.124	0.126	0.121	0.458	0.372	0.306	0.171	0.437	0.348	0.287	0.183	0.131	0.128	0.127	0.132	0.414	0.365	0.330	0.168	0.421	0.344	0.291	0.191	0.135	0.129	0.132	0.133	0.422	0.393	0.319	0.173	0.429	0.361	0.285	0.180	0.139	0.134	0.143	0.133	0.406	0.366	0.323	0.139	0.446	0.354	0.283	0.170	0.118	0.127	0.133	0.120	0.408	0.370	0.301	0.138	0.354	0.342	0.285	0.167	0.116	0.114	0.115	0.116	0.437	0.345	0.313	0.171
13:40:01	0.459	0.361	0.280	0.166	0.118	0.117	0.113	0.118	0.451	0.408	0.306	0.165	0.451	0.366	0.260	0.162	0.117	0.118	0.118	0.114	0.464	0.395	0.301	0.168	0.450	0.382	0.283	0.170	0.265	0.124	0.125	0.120	0.471	0.410	0.312	0.173	0.447	0.372	0.289	0.183	0.131	0.128	0.127	0.131	0.419	0.389	0.337	0.169	0.442	0.362	0.294	0.190	0.134	0.129	0.132	0.133	0.428	0.406	0.323	0.175	0.449	0.372	0.287	0.179	0.138	0.134	0.142	0.133	0.413	0.392	0.325	0.142	0.450	0.368	0.284	0.171	0.118	0.127	0.133	0.120	0.412	0.390	0.306	0.140	0.359	0.358	0.286	0.168	0.117	0.114	0.115	0.116	0.448	0.367	0.314	0.170
14:00:01	0.470	0.377	0.281	0.167	0.118	0.117	0.113	0.118	0.466	0.438	0.309	0.165	0.458	0.372	0.261	0.162	0.117	0.118	0.118	0.115	0.464	0.427	0.303	0.168	0.463	0.389	0.283	0.170	0.275	0.124	0.125	0.120	0.479	0.433	0.316	0.174	0.457	0.389	0.290	0.183	0.131	0.128	0.127	0.131	0.420	0.411	0.341	0.170	0.442	0.386	0.296	0.192	0.134	0.129	0.131	0.133	0.430	0.417	0.328	0.178	0.453	0.394	0.288	0.180	0.138	0.134	0.142	0.133	0.416	0.412	0.333	0.145	0.449	0.388	0.286	0.172	0.118	0.127	0.134	0.120	0.415	0.410	0.316	0.140	0.371	0.382	0.288	0.169	0.116	0.114	0.115	0.116	0.459	0.396	0.321	0.173
14:20:01	0.481	0.399	0.283	0.168	0.118	0.117	0.113	0.118	0.481	0.463	0.312	0.166	0.477	0.390	0.261	0.162	0.117	0.118	0.118	0.115	0.478	0.451	0.304	0.168	0.479	0.400	0.285	0.171	0.270	0.124	0.126	0.120	0.491	0.452	0.318	0.174	0.466	0.412	0.293	0.186	0.131	0.128	0.127	0.131	0.424	0.432	0.344	0.170	0.450	0.405	0.300	0.193	0.134	0.129	0.131	0.133	0.433	0.425	0.331	0.178	0.452	0.409	0.291	0.182	0.138	0.134	0.142	0.133	0.422	0.436	0.340	0.146	0.466	0.408	0.290	0.173	0.118	0.127	0.134	0.121	0.419	0.428	0.321	0.141	0.382	0.407	0.292	0.170	0.116	0.114	0.115	0.115	0.468	0.422	0.325	0.174
14:40:01	0.491	0.415	0.285	0.169	0.118	0.117	0.113	0.118	0.494	0.479	0.319	0.166	0.483	0.393	0.263	0.164	0.118	0.118	0.119	0.115	0.485	0.465	0.310	0.169	0.479	0.400	0.286	0.172	0.275	0.124	0.126	0.120	0.501	0.470	0.324	0.175	0.473	0.421	0.295	0.186	0.132	0.128	0.127	0.131	0.426	0.454	0.350	0.173	0.460	0.424	0.302	0.194	0.134	0.129	0.131	0.133	0.431	0.432	0.335	0.181	0.464	0.426	0.293	0.182	0.138	0.133	0.143	0.134	0.423	0.451	0.344	0.149	0.467	0.420	0.291	0.172	0.118	0.127	0.135	0.121	0.420	0.449	0.328	0.142	0.387	0.417	0.294	0.171	0.117	0.114	0.115	0.115	0.474	0.433	0.329	0.177
15:00:01	0.504	0.429	0.287	0.170	0.118	0.117	0.113	0.118	0.504	0.492	0.325	0.168	0.493	0.394	0.265	0.164	0.117	0.118	0.119	0.114	0.496	0.472	0.314	0.171	0.474	0.406	0.288	0.172	0.275	0.124	0.126	0.120	0.512	0.482	0.328	0.176	0.478	0.433	0.298	0.187	0.131	0.128	0.127	0.131	0.427	0.464	0.355	0.174	0.468	0.438	0.305	0.194	0.134	0.128	0.131	0.133	0.432	0.437	0.338	0.183	0.475	0.432	0.295	0.183	0.138	0.133	0.143	0.134	0.425	0.467	0.349	0.150	0.473	0.421	0.294	0.173	0.118	0.127	0.135	0.121	0.420	0.469	0.334	0.143	0.391	0.428	0.296	0.172	0.117	0.114	0.115	0.115	0.479	0.452	0.333	0.178
15:20:01	0.511	0.453	0.289	0.170	0.118	0.117	0.113	0.118	0.517	0.508	0.331	0.170	0.498	0.401	0.266	0.164	0.118	0.118	0.118	0.114	0.507	0.490	0.318	0.173	0.486	0.413	0.289	0.172	0.275	0.124	0.126	0.120	0.520	0.498	0.332	0.178	0.480	0.448	0.300	0.187	0.131	0.128	0.127	0.131	0.430	0.475	0.358	0.175	0.485	0.450	0.308	0.197	0.133	0.128	0.131	0.133	0.432	0.441	0.341	0.186	0.481	0.439	0.297	0.184	0.137	0.133	0.143	0.134	0.428	0.483	0.352	0.152	0.476	0.449	0.296	0.175	0.118	0.127	0.135	0.121	0.421	0.485	0.339	0.144	0.395	0.447	0.299	0.172	0.117	0.114	0.115	0.115	0.488	0.472	0.336	0.181
15:40:01	0.513	0.453	0.291	0.171	0.118	0.117	0.113	0.118	0.526	0.520	0.336	0.170	0.503	0.404	0.267	0.166	0.118	0.118	0.118	0.115	0.517	0.496	0.321	0.174	0.487	0.423	0.290	0.174	0.275	0.124	0.126	0.120	0.531	0.515	0.335	0.178	0.498	0.460	0.302	0.188	0.131	0.127	0.126	0.130	0.431	0.491	0.362	0.177	0.496	0.458	0.309	0.197	0.133	0.128	0.131	0.132	0.434	0.446	0.343	0.188	0.485	0.459	0.299	0.185	0.138	0.133	0.143	0.134	0.433	0.490	0.357	0.156	0.482	0.456	0.298	0.176	0.118	0.127	0.135	0.121	0.421	0.499	0.343	0.146	0.400	0.467	0.302	0.174	0.116	0.114	0.115	0.115	0.497	0.484	0.338	0.184
16:00:01	0.525	0.458	0.293	0.172	0.118	0.117	0.113	0.118	0.536	0.535	0.342	0.172	0.509	0.407	0.268	0.166	0.118	0.118	0.119	0.115	0.527	0.505	0.325	0.175	0.495	0.421	0.291	0.175	0.274	0.123	0.126	0.120	0.539	0.522	0.338	0.180	0.501	0.475	0.305	0.190	0.131	0.127	0.126	0.130	0.433	0.502	0.365	0.179	0.503	0.471	0.313	0.198	0.133	0.128	0.131	0.132	0.434	0.449	0.346	0.191	0.484	0.476	0.301	0.186	0.138	0.133	0.143	0.134	0.436	0.499	0.360	0.161	0.483	0.471	0.301	0.177	0.118	0.127	0.135	0.121	0.422	0.510	0.347	0.146	0.403	0.476	0.304	0.175	0.116	0.114	0.114	0.115	0.506	0.499	0.342	0.186
16:20:01	0.527	0.472	0.296	0.173	0.118	0.117	0.113	0.118	0.551	0.548	0.351	0.173	0.513	0.413	0.270	0.168	0.118	0.117	0.118	0.114	0.539	0.509	0.330	0.176	0.501	0.429	0.294	0.176	0.264	0.123	0.125	0.119	0.550	0.541	0.342	0.182	0.506	0.482	0.308	0.192	0.130	0.127	0.126	0.130	0.437	0.503	0.368	0.180	0.512	0.480	0.317	0.200	0.133	0.128	0.131	0.132	0.436	0.455	0.348	0.192	0.495	0.486	0.304	0.186	0.137	0.133	0.142	0.134	0.441	0.518	0.362	0.162	0.493	0.485	0.303	0.178	0.117	0.126	0.133	0.121	0.424	0.519	0.350	0.147	0.404	0.489	0.307	0.175	0.117	0.114	0.114	0.115	0.515	0.507	0.344	0.188
16:40:01	0.536	0.483	0.297	0.174	0.118	0.117	0.113	0.118	0.561	0.557	0.352	0.172	0.522	0.416	0.270	0.168	0.118	0.117	0.118	0.114	0.542	0.514	0.331	0.177	0.507	0.433	0.293	0.175	0.274	0.123	0.125	0.119	0.557	0.539	0.345	0.183	0.507	0.487	0.310	0.192	0.130	0.126	0.126	0.130	0.436	0.517	0.372	0.182	0.516	0.500	0.318	0.201	0.132	0.128	0.131	0.132	0.437	0.456	0.351	0.196	0.507	0.501	0.305	0.188	0.136	0.132	0.141	0.133	0.443	0.520	0.368	0.165	0.497	0.498	0.305	0.179	0.117	0.126	0.135	0.121	0.425	0.530	0.356	0.149	0.410	0.497	0.310	0.176	0.116	0.114	0.114	0.115	0.515	0.516	0.348	0.194
17:00:01	0.540	0.502	0.299	0.175	0.118	0.117	0.113	0.118	0.570	0.571	0.358	0.174	0.530	0.417	0.271	0.169	0.118	0.117	0.118	0.114	0.552	0.524	0.335	0.178	0.521	0.435	0.295	0.176	0.273	0.123	0.124	0.119	0.565	0.548	0.348	0.183	0.512	0.498	0.312	0.192	0.129	0.125	0.126	0.129	0.436	0.522	0.375	0.182	0.519	0.505	0.320	0.202	0.132	0.128	0.130	0.132	0.437	0.461	0.353	0.197	0.512	0.504	0.308	0.189	0.135	0.132	0.141	0.133	0.445	0.525	0.372	0.168	0.505	0.504	0.308	0.178	0.117	0.125	0.134	0.121	0.427	0.541	0.359	0.149	0.415	0.504	0.313	0.178	0.116	0.114	0.114	0.115	0.529	0.518	0.350	0.199
17:20:01	0.545	0.505	0.301	0.177	0.118	0.117	0.113	0.118	0.578	0.584	0.363	0.174	0.531	0.418	0.272	0.170	0.118	0.117	0.118	0.114	0.561	0.525	0.339	0.180	0.526	0.441	0.296	0.177	0.273	0.123	0.124	0.119	0.572	0.562	0.352	0.185	0.518	0.504	0.315	0.196	0.128	0.125	0.126	0.129	0.439	0.535	0.378	0.183	0.522	0.510	0.323	0.203	0.131	0.128	0.130	0.131	0.438	0.463	0.355	0.203	0.510	0.511	0.310	0.189	0.135	0.131	0.140	0.132	0.448	0.542	0.376	0.170	0.501	0.511	0.311	0.179	0.116	0.125	0.133	0.121	0.429	0.545	0.363	0.150	0.415	0.508	0.316	0.179	0.116	0.114	0.114	0.115	0.528	0.529	0.353	0.200
17:40:01	0.551	0.513	0.303	0.177	0.118	0.117	0.113	0.118	0.585	0.597	0.368	0.176	0.537	0.423	0.274	0.170	0.118	0.117	0.118	0.115	0.567	0.538	0.343	0.182	0.532	0.445	0.298	0.178	0.273	0.123	0.124	0.118	0.579	0.568	0.356	0.185	0.524	0.519	0.317	0.196	0.127	0.124	0.126	0.129	0.442	0.542	0.381	0.187	0.531	0.519	0.325	0.205	0.131	0.128	0.130	0.131	0.439	0.467	0.357	0.206	0.517	0.518	0.313	0.191	0.133	0.131	0.139	0.132	0.450	0.545	0.379	0.176	0.508	0.523	0.313	0.181	0.116	0.124	0.133	0.121	0.430	0.553	0.367	0.153	0.416	0.513	0.319	0.180	0.117	0.115	0.114	0.115	0.536	0.545	0.356	0.203
18:00:01	0.559	0.527	0.305	0.178	0.118	0.117	0.113	0.118	0.590	0.604	0.373	0.177	0.544	0.431	0.275	0.171	0.118	0.116	0.117	0.114	0.573	0.541	0.346	0.183	0.532	0.450	0.299	0.178	0.272	0.122	0.123	0.118	0.586	0.575	0.359	0.188	0.526	0.523	0.319	0.198	0.127	0.123	0.126	0.129	0.443	0.551	0.385	0.189	0.529	0.523	0.327	0.205	0.130	0.127	0.130	0.131	0.441	0.468	0.359	0.206	0.526	0.529	0.315	0.192	0.132	0.130	0.138	0.131	0.452	0.555	0.382	0.178	0.512	0.525	0.316	0.181	0.116	0.123	0.133	0.121	0.431	0.559	0.371	0.154	0.420	0.525	0.321	0.181	0.117	0.115	0.114	0.115	0.541	0.542	0.358	0.205
18:20:01	0.563	0.534	0.307	0.177	0.118	0.117	0.113	0.118	0.598	0.609	0.379	0.175	0.546	0.431	0.276	0.172	0.118	0.117	0.117	0.114	0.577	0.544	0.350	0.185	0.537	0.454	0.300	0.179	0.271	0.122	0.123	0.118	0.593	0.583	0.363	0.189	0.534	0.531	0.322	0.199	0.126	0.123	0.125	0.128	0.445	0.560	0.387	0.191	0.534	0.532	0.329	0.207	0.129	0.127	0.130	0.130	0.443	0.470	0.361	0.211	0.523	0.533	0.318	0.192	0.132	0.130	0.137	0.130	0.455	0.558	0.385	0.181	0.514	0.534	0.320	0.182	0.116	0.124	0.133	0.121	0.433	0.571	0.373	0.155	0.420	0.537	0.325	0.182	0.117	0.115	0.114	0.115	0.549	0.555	0.360	0.211
18:40:01	0.566	0.537	0.311	0.180	0.118	0.116	0.113	0.118	0.607	0.616	0.385	0.178	0.551	0.433	0.277	0.173	0.118	0.117	0.117	0.114	0.585	0.549	0.354	0.187	0.546	0.455	0.302	0.180	0.271	0.122	0.123	0.118	0.600	0.595	0.367	0.191	0.539	0.532	0.325	0.202	0.126	0.123	0.125	0.128	0.447	0.565	0.390	0.192	0.542	0.536	0.333	0.208	0.129	0.127	0.130	0.130	0.445	0.473	0.363	0.215	0.534	0.541	0.320	0.194	0.132	0.129	0.137	0.130	0.457	0.563	0.387	0.186	0.517	0.541	0.323	0.182	0.116	0.124	0.133	0.121	0.435	0.578	0.377	0.155	0.423	0.541	0.328	0.183	0.117	0.115	0.114	0.115	0.559	0.555	0.362	0.212
19:00:01	0.573	0.551	0.312	0.180	0.118	0.116	0.113	0.118	0.610	0.627	0.388	0.177	0.557	0.441	0.278	0.172	0.118	0.117	0.117	0.114	0.593	0.555	0.355	0.187	0.548	0.462	0.304	0.181	0.266	0.121	0.123	0.118	0.604	0.606	0.368	0.191	0.545	0.543	0.329	0.205	0.126	0.123	0.125	0.127	0.448	0.576	0.391	0.192	0.547	0.551	0.336	0.213	0.128	0.127	0.129	0.130	0.450	0.477	0.364	0.214	0.539	0.546	0.326	0.197	0.132	0.129	0.137	0.130	0.462	0.578	0.392	0.184	0.520	0.551	0.329	0.184	0.116	0.124	0.132	0.121	0.437	0.586	0.379	0.157	0.431	0.554	0.334	0.185	0.116	0.115	0.114	0.115	0.567	0.563	0.365	0.216
19:20:01	0.570	0.556	0.316	0.183	0.117	0.116	0.113	0.118	0.617	0.628	0.394	0.180	0.560	0.440	0.280	0.173	0.118	0.116	0.117	0.114	0.596	0.557	0.362	0.191	0.549	0.462	0.304	0.181	0.270	0.121	0.122	0.118	0.611	0.605	0.374	0.195	0.545	0.542	0.329	0.204	0.125	0.122	0.125	0.127	0.450	0.570	0.395	0.197	0.550	0.548	0.336	0.213	0.128	0.127	0.129	0.130	0.451	0.480	0.366	0.221	0.538	0.550	0.326	0.197	0.131	0.128	0.136	0.129	0.462	0.575	0.393	0.187	0.519	0.553	0.329	0.184	0.116	0.123	0.133	0.121	0.437	0.593	0.382	0.160	0.430	0.548	0.333	0.186	0.117	0.115	0.114	0.115	0.572	0.571	0.366	0.222
19:40:01	0.580	0.566	0.319	0.183	0.117	0.116	0.113	0.118	0.621	0.635	0.398	0.181	0.562	0.444	0.281	0.173	0.118	0.116	0.117	0.114	0.602	0.557	0.366	0.194	0.553	0.470	0.306	0.182	0.269	0.121	0.122	0.118	0.616	0.617	0.378	0.197	0.548	0.543	0.333	0.207	0.126	0.122	0.124	0.127	0.453	0.576	0.398	0.200	0.553	0.560	0.339	0.216	0.128	0.127	0.129	0.130	0.454	0.482	0.367	0.224	0.548	0.558	0.329	0.198	0.131	0.128	0.136	0.129	0.466	0.586	0.396	0.191	0.520	0.562	0.333	0.185	0.116	0.123	0.133	0.121	0.439	0.597	0.385	0.162	0.431	0.562	0.337	0.188	0.117	0.115	0.114	0.115	0.577	0.580	0.368	0.226
20:00:01	0.583	0.565	0.322	0.184	0.117	0.116	0.113	0.118	0.628	0.638	0.401	0.182	0.571	0.445	0.282	0.173	0.118	0.116	0.117	0.114	0.609	0.558	0.367	0.192	0.557	0.471	0.309	0.183	0.265	0.121	0.123	0.118	0.620	0.621	0.379	0.197	0.554	0.548	0.337	0.212	0.126	0.122	0.124	0.126	0.455	0.585	0.399	0.199	0.561	0.571	0.344	0.222	0.128	0.127	0.129	0.129	0.457	0.485	0.369	0.225	0.553	0.569	0.335	0.201	0.132	0.128	0.137	0.129	0.470	0.596	0.400	0.188	0.523	0.573	0.341	0.188	0.116	0.123	0.132	0.121	0.442	0.599	0.388	0.164	0.436	0.572	0.346	0.189	0.116	0.115	0.114	0.115	0.580	0.593	0.370	0.226
20:20:01	0.594	0.573	0.325	0.184	0.117	0.116	0.113	0.118	0.631	0.650	0.405	0.182	0.573	0.444	0.284	0.175	0.118	0.116	0.117	0.114	0.613	0.561	0.372	0.193	0.563	0.477	0.311	0.184	0.264	0.120	0.122	0.117	0.626	0.631	0.384	0.200	0.562	0.552	0.340	0.214	0.124	0.121	0.124	0.126	0.456	0.593	0.402	0.202	0.565	0.571	0.348	0.223	0.127	0.127	0.129	0.129	0.460	0.486	0.371	0.223	0.556	0.570	0.338	0.203	0.130	0.127	0.136	0.129	0.472	0.599	0.402	0.190	0.526	0.576	0.344	0.189	0.116	0.122	0.131	0.121	0.444	0.606	0.391	0.164	0.438	0.580	0.350	0.190	0.116	0.115	0.114	0.114	0.585	0.597	0.372	0.231
20:40:01	0.591	0.582	0.329	0.185	0.117	0.116	0.113	0.117	0.635	0.651	0.408	0.183	0.581	0.447	0.285	0.177	0.118	0.116	0.117	0.114	0.619	0.567	0.377	0.193	0.570	0.476	0.313	0.185	0.263	0.120	0.122	0.118	0.632	0.636	0.388	0.200	0.562	0.556	0.343	0.216	0.125	0.122	0.124	0.126	0.457	0.597	0.405	0.205	0.568	0.582	0.351	0.227	0.127	0.127	0.129	0.129	0.463	0.489	0.372	0.226	0.565	0.582	0.341	0.203	0.130	0.127	0.136	0.129	0.473	0.600	0.404	0.194	0.528	0.581	0.348	0.190	0.116	0.123	0.131	0.121	0.447	0.609	0.393	0.170	0.440	0.576	0.354	0.192	0.116	0.115	0.114	0.114	0.592	0.588	0.374	0.234
21:00:01	0.603	0.584	0.333	0.187	0.117	0.116	0.113	0.117	0.639	0.655	0.411	0.185	0.584	0.447	0.288	0.177	0.118	0.116	0.117	0.114	0.625	0.570	0.381	0.194	0.571	0.479	0.316	0.186	0.261	0.120	0.122	0.118	0.634	0.642	0.393	0.203	0.568	0.559	0.346	0.219	0.125	0.122	0.124	0.125	0.459	0.596	0.407	0.208	0.574	0.587	0.354	0.227	0.127	0.126	0.129	0.129	0.467	0.492	0.374	0.227	0.569	0.585	0.344	0.206	0.130	0.127	0.136	0.129	0.476	0.610	0.407	0.194	0.526	0.582	0.351	0.191	0.116	0.123	0.132	0.121	0.449	0.613	0.396	0.173	0.446	0.589	0.359	0.193	0.116	0.115	0.115	0.114	0.598	0.602	0.375	0.241
21:20:01	0.606	0.590	0.338	0.188	0.117	0.116	0.113	0.118	0.641	0.660	0.415	0.186	0.587	0.455	0.289	0.178	0.117	0.116	0.117	0.114	0.630	0.570	0.386	0.195	0.571	0.484	0.318	0.188	0.261	0.120	0.121	0.117	0.640	0.647	0.397	0.203	0.572	0.563	0.349	0.221	0.124	0.120	0.124	0.125	0.459	0.607	0.409	0.212	0.580	0.589	0.357	0.230	0.126	0.126	0.129	0.129	0.470	0.496	0.375	0.229	0.573	0.589	0.347	0.207	0.129	0.127	0.136	0.129	0.478	0.616	0.410	0.199	0.530	0.593	0.355	0.192	0.116	0.122	0.131	0.121	0.452	0.621	0.399	0.177	0.448	0.585	0.363	0.195	0.116	0.114	0.114	0.115	0.603	0.605	0.377	0.242
21:40:01	0.606	0.596	0.342	0.189	0.117	0.116	0.113	0.117	0.649	0.664	0.418	0.189	0.596	0.454	0.291	0.179	0.117	0.116	0.117	0.114	0.634	0.573	0.391	0.197	0.574	0.490	0.319	0.188	0.259	0.120	0.121	0.117	0.644	0.651	0.401	0.203	0.576	0.566	0.353	0.222	0.123	0.120	0.124	0.125	0.461	0.608	0.412	0.213	0.584	0.594	0.359	0.231	0.126	0.126	0.128	0.128	0.472	0.496	0.377	0.232	0.577	0.595	0.350	0.209	0.128	0.126	0.134	0.128	0.480	0.620	0.412	0.202	0.533	0.601	0.359	0.194	0.116	0.121	0.130	0.120	0.455	0.625	0.401	0.181	0.449	0.601	0.367	0.196	0.116	0.114	0.114	0.115	0.607	0.612	0.378	0.247
22:00:01	0.612	0.599	0.348	0.191	0.117	0.116	0.113	0.117	0.653	0.668	0.422	0.190	0.599	0.461	0.294	0.181	0.117	0.116	0.117	0.114	0.638	0.576	0.397	0.201	0.586	0.492	0.320	0.189	0.263	0.119	0.121	0.117	0.648	0.654	0.407	0.210	0.576	0.570	0.354	0.222	0.123	0.120	0.124	0.124	0.462	0.610	0.415	0.220	0.585	0.595	0.360	0.231	0.125	0.126	0.128	0.127	0.473	0.499	0.378	0.235	0.576	0.598	0.350	0.208	0.128	0.126	0.134	0.127	0.482	0.627	0.413	0.209	0.533	0.600	0.359	0.193	0.116	0.121	0.132	0.120	0.455	0.633	0.405	0.188	0.452	0.601	0.367	0.197	0.117	0.114	0.114	0.115	0.611	0.613	0.379	0.253
22:20:01	0.620	0.605	0.352	0.193	0.117	0.116	0.113	0.117	0.658	0.673	0.424	0.191	0.605	0.459	0.296	0.182	0.117	0.116	0.117	0.114	0.641	0.580	0.403	0.203	0.589	0.496	0.322	0.190	0.263	0.119	0.121	0.117	0.652	0.656	0.410	0.210	0.579	0.576	0.357	0.225	0.124	0.120	0.123	0.124	0.465	0.616	0.418	0.222	0.590	0.598	0.363	0.233	0.126	0.126	0.128	0.127	0.476	0.502	0.379	0.236	0.585	0.602	0.354	0.210	0.128	0.126	0.134	0.127	0.485	0.626	0.416	0.212	0.534	0.602	0.363	0.195	0.116	0.121	0.132	0.120	0.459	0.637	0.407	0.191	0.455	0.607	0.371	0.199	0.117	0.114	0.114	0.115	0.613	0.621	0.380	0.256
22:40:01	0.629	0.609	0.356	0.194	0.117	0.116	0.113	0.117	0.663	0.681	0.426	0.193	0.608	0.468	0.297	0.182	0.117	0.116	0.117	0.114	0.648	0.583	0.404	0.201	0.599	0.498	0.325	0.192	0.256	0.119	0.121	0.117	0.657	0.663	0.413	0.208	0.582	0.577	0.361	0.228	0.123	0.120	0.123	0.123	0.467	0.617	0.421	0.220	0.596	0.606	0.368	0.239	0.126	0.126	0.128	0.126	0.478	0.504	0.380	0.236	0.589	0.606	0.360	0.215	0.129	0.126	0.135	0.128	0.488	0.636	0.420	0.209	0.540	0.617	0.371	0.199	0.116	0.121	0.130	0.120	0.463	0.640	0.409	0.192	0.463	0.614	0.380	0.200	0.116	0.114	0.114	0.115	0.620	0.623	0.382	0.254
23:00:01	0.629	0.614	0.361	0.195	0.117	0.116	0.113	0.117	0.668	0.683	0.429	0.196	0.613	0.467	0.301	0.183	0.117	0.116	0.117	0.114	0.650	0.583	0.410	0.208	0.604	0.500	0.327	0.193	0.260	0.119	0.121	0.117	0.662	0.665	0.418	0.214	0.582	0.579	0.363	0.227	0.124	0.120	0.123	0.123	0.469	0.619	0.425	0.226	0.598	0.609	0.369	0.238	0.126	0.126	0.128	0.126	0.481	0.506	0.382	0.243	0.595	0.607	0.361	0.216	0.128	0.125	0.135	0.128	0.490	0.638	0.421	0.215	0.545	0.615	0.370	0.198	0.116	0.121	0.132	0.120	0.464	0.645	0.412	0.199	0.461	0.617	0.380	0.201	0.117	0.114	0.114	0.115	0.624	0.629	0.383	0.259
23:20:01	0.637	0.616	0.364	0.195	0.117	0.116	0.113	0.117	0.674	0.686	0.431	0.196	0.616	0.471	0.302	0.184	0.117	0.116	0.117	0.114	0.656	0.587	0.412	0.205	0.608	0.500	0.330	0.195	0.254	0.119	0.121	0.117	0.662	0.670	0.420	0.210	0.585	0.579	0.368	0.232	0.124	0.120	0.123	0.123	0.472	0.624	0.427	0.223	0.602	0.614	0.373	0.242	0.126	0.126	0.128	0.126	0.484	0.509	0.383	0.241	0.602	0.619	0.366	0.220	0.129	0.126	0.135	0.128	0.494	0.643	0.425	0.216	0.548	0.617	0.377	0.201	0.116	0.121	0.131	0.120	0.469	0.644	0.415	0.200	0.467	0.629	0.388	0.203	0.116	0.114	0.114	0.114	0.630	0.639	0.385	0.259
23:40:01	0.641	0.618	0.368	0.196	0.117	0.116	0.113	0.117	0.676	0.690	0.433	0.200	0.622	0.476	0.304	0.185	0.117	0.116	0.117	0.114	0.660	0.587	0.417	0.213	0.614	0.504	0.331	0.196	0.257	0.119	0.121	0.117	0.671	0.672	0.426	0.217	0.586	0.582	0.369	0.232	0.124	0.120	0.123	0.122	0.475	0.631	0.428	0.230	0.601	0.619	0.373	0.243	0.126	0.126	0.128	0.126	0.485	0.510	0.384	0.246	0.607	0.612	0.366	0.220	0.129	0.126	0.136	0.128	0.495	0.646	0.424	0.222	0.551	0.625	0.376	0.202	0.116	0.122	0.132	0.120	0.469	0.651	0.418	0.208	0.466	0.630	0.386	0.203	0.117	0.114	0.114	0.115	0.632	0.642	0.385	0.264
24:00:01	0.647	0.622	0.371	0.198	0.117	0.116	0.113	0.117	0.681	0.700	0.436	0.201	0.625	0.477	0.307	0.186	0.117	0.115	0.117	0.114	0.664	0.597	0.418	0.213	0.617	0.506	0.334	0.197	0.251	0.118	0.121	0.117	0.672	0.679	0.428	0.217	0.589	0.588	0.374	0.236	0.123	0.120	0.123	0.122	0.478	0.639	0.429	0.229	0.614	0.622	0.379	0.247	0.126	0.126	0.128	0.126	0.488	0.513	0.385	0.246	0.614	0.625	0.371	0.224	0.129	0.126	0.136	0.128	0.499	0.651	0.427	0.220	0.553	0.627	0.383	0.205	0.116	0.121	0.130	0.120	0.474	0.650	0.419	0.209	0.473	0.641	0.393	0.206	0.116	0.114	0.114	0.114	0.638	0.649	0.387	0.263
24:20:01	0.650	0.625	0.379	0.201	0.118	0.116	0.113	0.117	0.688	0.706	0.440	0.204	0.632	0.484	0.313	0.188	0.117	0.115	0.117	0.114	0.674	0.600	0.424	0.216	0.623	0.509	0.340	0.201	0.240	0.118	0.121	0.117	0.679	0.683	0.431	0.221	0.593	0.594	0.380	0.240	0.123	0.120	0.123	0.122	0.482	0.652	0.430	0.232	0.623	0.630	0.382	0.250	0.125	0.126	0.128	0.126	0.492	0.517	0.386	0.248	0.620	0.633	0.377	0.226	0.128	0.125	0.135	0.128	0.504	0.659	0.427	0.223	0.554	0.633	0.386	0.206	0.116	0.121	0.129	0.120	0.478	0.661	0.422	0.211	0.478	0.639	0.396	0.206	0.117	0.114	0.114	0.114	0.646	0.658	0.388	0.265
24:40:01	0.654	0.631	0.377	0.200	0.117	0.116	0.113	0.117	0.689	0.710	0.441	0.204	0.639	0.486	0.312	0.188	0.117	0.116	0.117	0.114	0.673	0.601	0.425	0.218	0.626	0.512	0.339	0.200	0.248	0.118	0.120	0.117	0.680	0.686	0.433	0.221	0.592	0.594	0.380	0.240	0.122	0.119	0.123	0.121	0.482	0.656	0.432	0.232	0.626	0.630	0.382	0.251	0.124	0.126	0.127	0.125	0.492	0.517	0.388	0.251	0.626	0.631	0.378	0.228	0.127	0.124	0.134	0.127	0.505	0.655	0.429	0.226	0.556	0.636	0.388	0.209	0.116	0.120	0.130	0.120	0.478	0.659	0.425	0.217	0.480	0.650	0.397	0.207	0.116	0.114	0.114	0.114	0.646	0.660	0.390	0.271
25:00:01	0.660	0.635	0.379	0.202	0.117	0.116	0.113	0.117	0.697	0.713	0.444	0.207	0.642	0.487	0.313	0.189	0.117	0.115	0.117	0.114	0.676	0.605	0.428	0.220	0.629	0.518	0.341	0.202	0.246	0.118	0.120	0.117	0.684	0.686	0.435	0.223	0.596	0.596	0.384	0.240	0.122	0.119	0.123	0.121	0.484	0.663	0.434	0.236	0.632	0.637	0.386	0.253	0.124	0.126	0.127	0.125	0.493	0.520	0.389	0.254	0.625	0.639	0.380	0.230	0.128	0.124	0.134	0.127	0.507	0.660	0.431	0.229	0.558	0.639	0.391	0.211	0.116	0.121	0.130	0.120	0.481	0.667	0.427	0.220	0.483	0.655	0.398	0.207	0.116	0.114	0.114	0.114	0.649	0.664	0.391	0.273
25:20:01	0.665	0.636	0.387	0.202	0.118	0.116	0.113	0.117	0.704	0.721	0.446	0.212	0.647	0.493	0.322	0.190	0.117	0.115	0.117	0.114	0.687	0.607	0.431	0.225	0.634	0.522	0.347	0.205	0.235	0.118	0.120	0.117	0.688	0.696	0.439	0.227	0.599	0.599	0.390	0.244	0.122	0.119	0.122	0.121	0.488	0.661	0.435	0.237	0.636	0.644	0.391	0.255	0.124	0.125	0.127	0.125	0.497	0.522	0.390	0.255	0.631	0.642	0.385	0.232	0.127	0.124	0.134	0.127	0.510	0.662	0.431	0.232	0.559	0.638	0.394	0.212	0.116	0.121	0.129	0.120	0.484	0.672	0.428	0.224	0.486	0.662	0.400	0.210	0.116	0.114	0.114	0.114	0.652	0.671	0.393	0.274
25:40:02	0.667	0.634	0.384	0.203	0.117	0.116	0.113	0.117	0.704	0.725	0.447	0.213	0.643	0.495	0.319	0.191	0.117	0.116	0.117	0.114	0.683	0.607	0.432	0.226	0.634	0.523	0.346	0.204	0.243	0.118	0.121	0.117	0.690	0.693	0.441	0.229	0.599	0.602	0.392	0.245	0.123	0.120	0.122	0.121	0.489	0.666	0.437	0.240	0.641	0.647	0.392	0.257	0.125	0.126	0.127	0.125	0.497	0.523	0.391	0.260	0.632	0.645	0.385	0.235	0.129	0.125	0.135	0.128	0.512	0.668	0.433	0.235	0.557	0.648	0.396	0.214	0.116	0.122	0.131	0.120	0.486	0.678	0.429	0.228	0.488	0.663	0.401	0.212	0.116	0.114	0.114	0.114	0.656	0.679	0.394	0.277
26:00:02	0.672	0.641	0.387	0.207	0.117	0.116	0.113	0.117	0.710	0.725	0.449	0.215	0.650	0.498	0.321	0.192	0.118	0.116	0.117	0.114	0.684	0.607	0.435	0.228	0.637	0.520	0.348	0.205	0.242	0.118	0.121	0.117	0.693	0.698	0.444	0.233	0.599	0.604	0.394	0.248	0.123	0.120	0.122	0.121	0.491	0.671	0.438	0.243	0.647	0.653	0.394	0.259	0.125	0.126	0.127	0.125	0.498	0.526	0.392	0.261	0.633	0.649	0.388	0.236	0.129	0.125	0.136	0.128	0.514	0.671	0.436	0.238	0.557	0.650	0.397	0.216	0.116	0.122	0.131	0.120	0.488	0.677	0.430	0.232	0.489	0.671	0.403	0.213	0.116	0.114	0.114	0.114	0.665	0.685	0.395	0.280
26:20:02	0.673	0.649	0.390	0.206	0.117	0.116	0.113	0.117	0.722	0.732	0.451	0.218	0.654	0.502	0.324	0.194	0.118	0.116	0.117	0.114	0.687	0.607	0.439	0.235	0.637	0.529	0.349	0.207	0.246	0.119	0.121	0.117	0.695	0.702	0.448	0.240	0.601	0.605	0.395	0.246	0.124	0.120	0.122	0.122	0.494	0.667	0.440	0.250	0.643	0.651	0.395	0.260	0.126	0.126	0.127	0.125	0.501	0.528	0.394	0.267	0.636	0.651	0.389	0.236	0.129	0.125	0.136	0.129	0.515	0.677	0.435	0.243	0.558	0.653	0.397	0.215	0.116	0.122	0.132	0.120	0.490	0.681	0.432	0.238	0.492	0.667	0.401	0.214	0.116	0.114	0.114	0.114	0.685	0.684	0.396	0.282
26:40:02	0.682	0.652	0.392	0.208	0.117	0.116	0.113	0.117	0.737	0.733	0.453	0.220	0.657	0.502	0.326	0.194	0.118	0.116	0.117	0.114	0.696	0.610	0.439	0.234	0.647	0.531	0.353	0.209	0.239	0.119	0.122	0.117	0.703	0.707	0.450	0.239	0.605	0.606	0.398	0.251	0.124	0.121	0.122	0.122	0.496	0.664	0.442	0.249	0.649	0.660	0.399	0.264	0.126	0.126	0.127	0.125	0.502	0.531	0.395	0.267	0.641	0.658	0.395	0.241	0.130	0.126	0.137	0.129	0.519	0.682	0.440	0.242	0.560	0.655	0.403	0.219	0.116	0.122	0.131	0.120	0.494	0.687	0.434	0.237	0.496	0.679	0.408	0.216	0.116	0.114	0.114	0.114	0.688	0.694	0.398	0.284
27:00:02	0.681	0.655	0.395	0.208	0.117	0.116	0.113	0.117	0.736	0.734	0.455	0.223	0.663	0.504	0.330	0.195	0.118	0.116	0.117	0.114	0.697	0.612	0.443	0.237	0.649	0.532	0.355	0.211	0.238	0.119	0.122	0.117	0.704	0.706	0.452	0.242	0.606	0.611	0.402	0.253	0.124	0.121	0.122	0.122	0.498	0.677	0.445	0.252	0.650	0.664	0.402	0.262	0.126	0.126	0.127	0.125	0.504	0.535	0.396	0.270	0.642	0.663	0.397	0.243	0.130	0.126	0.138	0.130	0.520	0.685	0.442	0.244	0.561	0.661	0.406	0.222	0.116	0.122	0.131	0.120	0.497	0.690	0.435	0.240	0.501	0.674	0.410	0.217	0.116	0.114	0.114	0.114	0.710	0.697	0.400	0.286
27:20:02	0.696	0.662	0.397	0.213	0.117	0.116	0.113	0.117	0.748	0.736	0.457	0.225	0.672	0.506	0.331	0.196	0.118	0.116	0.117	0.114	0.709	0.615	0.446	0.240	0.650	0.529	0.357	0.214	0.237	0.119	0.122	0.117	0.711	0.714	0.454	0.245	0.607	0.614	0.403	0.253	0.124	0.121	0.122	0.122	0.500	0.671	0.446	0.255	0.652	0.666	0.404	0.267	0.127	0.126	0.127	0.125	0.506	0.535	0.397	0.272	0.643	0.667	0.399	0.245	0.131	0.127	0.138	0.131	0.521	0.696	0.445	0.245	0.563	0.662	0.408	0.224	0.116	0.122	0.131	0.120	0.498	0.694	0.436	0.243	0.502	0.679	0.412	0.220	0.116	0.114	0.114	0.115	0.742	0.698	0.401	0.288
27:40:02	0.693	0.660	0.400	0.214	0.117	0.116	0.113	0.117	0.778	0.736	0.460	0.230	0.671	0.506	0.333	0.197	0.118	0.116	0.118	0.114	0.727	0.616	0.451	0.246	0.648	0.532	0.359	0.215	0.240	0.119	0.122	0.118	0.723	0.718	0.457	0.251	0.607	0.618	0.404	0.256	0.125	0.121	0.122	0.123	0.502	0.688	0.447	0.260	0.653	0.670	0.404	0.267	0.127	0.126	0.127	0.125	0.508	0.537	0.399	0.275	0.645	0.671	0.400	0.245	0.131	0.127	0.139	0.131	0.523	0.698	0.444	0.250	0.565	0.670	0.407	0.222	0.116	0.123	0.133	0.120	0.500	0.697	0.439	0.248	0.498	0.679	0.408	0.220	0.116	0.114	0.114	0.115	0.724	0.700	0.402	0.290
28:00:02	0.737	0.664	0.403	0.212	0.117	0.116	0.113	0.117	0.793	0.742	0.462	0.230	0.678	0.510	0.336	0.198	0.118	0.116	0.117	0.114	0.748	0.618	0.452	0.244	0.651	0.536	0.361	0.217	0.233	0.119	0.122	0.117	0.716	0.723	0.458	0.250	0.610	0.619	0.407	0.258	0.124	0.121	0.122	0.123	0.506	0.672	0.448	0.259	0.658	0.674	0.408	0.270	0.127	0.126	0.127	0.125	0.509	0.540	0.400	0.276	0.651	0.674	0.405	0.250	0.131	0.127	0.139	0.131	0.524	0.705	0.448	0.250	0.566	0.677	0.413	0.227	0.116	0.123	0.131	0.120	0.503	0.705	0.440	0.250	0.502	0.683	0.416	0.222	0.116	0.114	0.114	0.115	0.697	0.706	0.404	0.293
28:20:02	0.758	0.664	0.406	0.214	0.117	0.116	0.113	0.117	0.782	0.744	0.464	0.231	0.679	0.513	0.337	0.199	0.118	0.116	0.117	0.114	0.727	0.618	0.456	0.247	0.652	0.536	0.364	0.220	0.233	0.120	0.123	0.118	0.755	0.728	0.460	0.253	0.612	0.624	0.410	0.258	0.125	0.122	0.122	0.123	0.507	0.690	0.449	0.262	0.657	0.682	0.409	0.272	0.127	0.126	0.127	0.125	0.513	0.541	0.401	0.278	0.652	0.674	0.407	0.253	0.132	0.128	0.140	0.132	0.526	0.710	0.449	0.252	0.567	0.684	0.415	0.229	0.117	0.123	0.132	0.120	0.505	0.709	0.442	0.253	0.506	0.685	0.419	0.223	0.116	0.114	0.114	0.115	0.685	0.711	0.405	0.295
28:40:02	0.716	0.667	0.411	0.216	0.117	0.116	0.113	0.117	0.747	0.746	0.466	0.234	0.686	0.515	0.341	0.200	0.118	0.116	0.117	0.114	0.705	0.621	0.460	0.253	0.653	0.537	0.365	0.221	0.236	0.120	0.122	0.118	0.788	0.733	0.463	0.260	0.613	0.624	0.411	0.259	0.125	0.122	0.122	0.123	0.508	0.682	0.450	0.267	0.658	0.681	0.410	0.272	0.128	0.126	0.127	0.125	0.514	0.541	0.402	0.282	0.649	0.679	0.408	0.251	0.132	0.128	0.140	0.132	0.527	0.711	0.448	0.253	0.567	0.687	0.415	0.230	0.116	0.123	0.133	0.120	0.506	0.709	0.443	0.256	0.506	0.680	0.418	0.224	0.117	0.114	0.114	0.115	0.678	0.707	0.406	0.296
29:00:02	0.710	0.667	0.414	0.217	0.117	0.116	0.113	0.117	0.737	0.751	0.468	0.238	0.693	0.519	0.342	0.201	0.119	0.117	0.118	0.114	0.701	0.622	0.463	0.256	0.653	0.539	0.368	0.223	0.235	0.120	0.123	0.118	0.807	0.735	0.465	0.262	0.615	0.625	0.412	0.264	0.126	0.123	0.122	0.124	0.510	0.697	0.451	0.270	0.658	0.683	0.410	0.275	0.128	0.126	0.127	0.125	0.517	0.545	0.404	0.284	0.652	0.684	0.411	0.254	0.133	0.129	0.141	0.133	0.529	0.709	0.450	0.258	0.568	0.688	0.418	0.227	0.117	0.124	0.134	0.120	0.509	0.711	0.444	0.258	0.513	0.689	0.422	0.225	0.116	0.114	0.114	0.115	0.674	0.709	0.407	0.298
29:20:02	0.711	0.668	0.417	0.218	0.117	0.116	0.113	0.117	0.736	0.756	0.470	0.242	0.703	0.523	0.344	0.202	0.119	0.117	0.118	0.114	0.699	0.623	0.466	0.257	0.654	0.541	0.370	0.224	0.234	0.120	0.124	0.118	0.793	0.735	0.467	0.263	0.616	0.625	0.416	0.264	0.127	0.124	0.122	0.124	0.513	0.687	0.453	0.272	0.657	0.685	0.414	0.277	0.129	0.126	0.127	0.125	0.518	0.546	0.405	0.286	0.652	0.683	0.413	0.254	0.134	0.130	0.142	0.134	0.533	0.715	0.451	0.261	0.570	0.693	0.420	0.237	0.117	0.125	0.135	0.120	0.511	0.714	0.446	0.261	0.511	0.698	0.425	0.226	0.117	0.114	0.114	0.115	0.673	0.711	0.408	0.299
29:40:02	0.712	0.673	0.418	0.219	0.117	0.116	0.113	0.117	0.735	0.757	0.472	0.242	0.695	0.524	0.347	0.203	0.119	0.117	0.118	0.114	0.699	0.629	0.469	0.256	0.656	0.544	0.371	0.227	0.228	0.120	0.124	0.118	0.731	0.741	0.468	0.263	0.618	0.630	0.418	0.267	0.127	0.124	0.122	0.124	0.516	0.702	0.454	0.272	0.660	0.693	0.417	0.280	0.129	0.126	0.128	0.125	0.523	0.549	0.406	0.286	0.656	0.686	0.418	0.261	0.135	0.130	0.143	0.134	0.537	0.716	0.454	0.261	0.574	0.695	0.425	0.254	0.117	0.125	0.134	0.121	0.514	0.718	0.447	0.264	0.520	0.700	0.431	0.230	0.116	0.114	0.114	0.115	0.672	0.718	0.410	0.301
30:00:02	0.711	0.675	0.422	0.221	0.117	0.116	0.113	0.117	0.733	0.758	0.474	0.247	0.690	0.526	0.348	0.204	0.120	0.117	0.118	0.114	0.699	0.629	0.471	0.263	0.655	0.546	0.372	0.228	0.232	0.121	0.124	0.119	0.709	0.742	0.471	0.268	0.617	0.633	0.420	0.267	0.128	0.124	0.122	0.125	0.518	0.705	0.456	0.276	0.660	0.691	0.418	0.280	0.130	0.125	0.127	0.125	0.524	0.550	0.407	0.289	0.656	0.688	0.417	0.261	0.135	0.131	0.144	0.135	0.538	0.718	0.455	0.263	0.575	0.697	0.426	0.247	0.117	0.126	0.136	0.121	0.514	0.723	0.449	0.264	0.516	0.708	0.428	0.227	0.116	0.114	0.114	0.115	0.671	0.715	0.410	0.303
30:20:02	0.711	0.678	0.424	0.221	0.117	0.116	0.113	0.117	0.733	0.764	0.475	0.249	0.712	0.530	0.350	0.205	0.119	0.117	0.118	0.114	0.699	0.638	0.475	0.261	0.656	0.550	0.373	0.230	0.225	0.121	0.124	0.119	0.704	0.747	0.472	0.267	0.618	0.635	0.422	0.270	0.127	0.124	0.122	0.125	0.523	0.710	0.459	0.276	0.663	0.702	0.421	0.283	0.130	0.126	0.127	0.125	0.526	0.553	0.408	0.290	0.659	0.696	0.422	0.264	0.134	0.131	0.144	0.135	0.541	0.723	0.457	0.264	0.579	0.701	0.430	0.268	0.117	0.126	0.134	0.121	0.518	0.724	0.450	0.265	0.520	0.708	0.433	0.233	0.116	0.114	0.114	0.115	0.671	0.718	0.412	0.305
30:40:02	0.712	0.682	0.430	0.225	0.118	0.115	0.113	0.117	0.732	0.767	0.477	0.255	0.730	0.536	0.358	0.207	0.120	0.117	0.119	0.114	0.701	0.638	0.476	0.267	0.662	0.554	0.377	0.234	0.216	0.121	0.125	0.119	0.702	0.754	0.474	0.272	0.621	0.639	0.426	0.271	0.128	0.125	0.122	0.125	0.527	0.716	0.462	0.279	0.670	0.706	0.428	0.286	0.130	0.126	0.127	0.125	0.532	0.555	0.409	0.292	0.662	0.691	0.429	0.267	0.136	0.131	0.144	0.135	0.543	0.720	0.458	0.267	0.583	0.700	0.432	0.270	0.118	0.126	0.134	0.121	0.521	0.730	0.452	0.268	0.525	0.724	0.435	0.235	0.116	0.114	0.114	0.115	0.670	0.726	0.413	0.306
31:00:02	0.711	0.680	0.428	0.222	0.117	0.116	0.113	0.117	0.729	0.765	0.479	0.254	0.737	0.532	0.354	0.207	0.120	0.118	0.119	0.114	0.699	0.642	0.481	0.266	0.664	0.553	0.375	0.233	0.222	0.121	0.125	0.119	0.702	0.757	0.477	0.271	0.618	0.637	0.425	0.272	0.129	0.125	0.122	0.126	0.528	0.721	0.465	0.281	0.669	0.707	0.427	0.287	0.131	0.126	0.127	0.125	0.532	0.557	0.411	0.293	0.660	0.699	0.427	0.269	0.137	0.132	0.145	0.136	0.545	0.726	0.461	0.267	0.583	0.701	0.433	0.270	0.118	0.127	0.136	0.121	0.523	0.731	0.453	0.269	0.527	0.712	0.435	0.239	0.116	0.114	0.114	0.115	0.670	0.725	0.415	0.308
31:20:02	0.710	0.680	0.433	0.224	0.117	0.116	0.113	0.117	0.728	0.766	0.480	0.258	0.732	0.535	0.357	0.209	0.120	0.118	0.119	0.115	0.699	0.640	0.482	0.272	0.666	0.554	0.375	0.233	0.226	0.121	0.125	0.119	0.701	0.762	0.482	0.277	0.618	0.637	0.428	0.273	0.129	0.125	0.123	0.126	0.529	0.724	0.467	0.285	0.669	0.704	0.428	0.285	0.131	0.125	0.127	0.125	0.534	0.556	0.412	0.294	0.659	0.700	0.428	0.268	0.136	0.132	0.145	0.136	0.545	0.725	0.461	0.269	0.585	0.702	0.434	0.240	0.118	0.126	0.137	0.121	0.524	0.730	0.455	0.270	0.527	0.716	0.434	0.238	0.117	0.114	0.114	0.115	0.669	0.726	0.414	0.310
31:40:02	0.710	0.682	0.436	0.227	0.117	0.116	0.113	0.117	0.727	0.771	0.481	0.261	0.731	0.537	0.361	0.210	0.120	0.118	0.119	0.115	0.698	0.643	0.486	0.274	0.667	0.557	0.377	0.235	0.225	0.121	0.125	0.119	0.701	0.765	0.483	0.279	0.617	0.637	0.431	0.275	0.129	0.126	0.123	0.126	0.532	0.727	0.469	0.286	0.671	0.713	0.431	0.289	0.131	0.125	0.127	0.126	0.537	0.561	0.413	0.298	0.662	0.705	0.432	0.268	0.136	0.132	0.145	0.136	0.548	0.730	0.462	0.273	0.587	0.709	0.436	0.241	0.118	0.127	0.137	0.120	0.526	0.738	0.456	0.272	0.530	0.724	0.435	0.242	0.116	0.114	0.114	0.115	0.669	0.727	0.416	0.312
32:00:02	0.710	0.685	0.437	0.228	0.117	0.115	0.113	0.117	0.726	0.776	0.483	0.262	0.736	0.539	0.362	0.211	0.120	0.118	0.119	0.114	0.699	0.647	0.489	0.274	0.671	0.560	0.379	0.237	0.217	0.121	0.125	0.119	0.701	0.773	0.485	0.278	0.621	0.639	0.433	0.279	0.129	0.125	0.123	0.126	0.535	0.732	0.471	0.287	0.675	0.715	0.435	0.291	0.131	0.125	0.127	0.126	0.541	0.564	0.414	0.298	0.664	0.711	0.437	0.275	0.137	0.132	0.145	0.136	0.550	0.732	0.465	0.273	0.590	0.714	0.441	0.263	0.118	0.127	0.136	0.120	0.529	0.741	0.459	0.275	0.535	0.736	0.442	0.245	0.116	0.114	0.114	0.115	0.670	0.734	0.418	0.314
32:20:02	0.712	0.693	0.444	0.233	0.118	0.116	0.113	0.117	0.726	0.778	0.485	0.269	0.738	0.548	0.368	0.213	0.121	0.118	0.119	0.115	0.701	0.649	0.494	0.279	0.671	0.564	0.384	0.240	0.214	0.122	0.126	0.119	0.702	0.775	0.488	0.284	0.626	0.642	0.441	0.278	0.130	0.126	0.122	0.127	0.539	0.736	0.474	0.292	0.681	0.718	0.440	0.293	0.132	0.125	0.127	0.126	0.544	0.568	0.416	0.301	0.667	0.715	0.440	0.275	0.137	0.132	0.145	0.137	0.553	0.741	0.464	0.276	0.595	0.719	0.444	0.247	0.118	0.128	0.137	0.121	0.532	0.743	0.460	0.278	0.540	0.736	0.443	0.244	0.117	0.114	0.114	0.115	0.670	0.731	0.418	0.316
32:40:02	0.711	0.689	0.444	0.232	0.117	0.116	0.113	0.117	0.724	0.774	0.486	0.268	0.730	0.546	0.363	0.213	0.121	0.118	0.119	0.115	0.699	0.646	0.497	0.280	0.671	0.562	0.381	0.239	0.219	0.122	0.126	0.119	0.701	0.773	0.490	0.285	0.623	0.641	0.440	0.279	0.131	0.126	0.122	0.126	0.538	0.733	0.475	0.293	0.680	0.712	0.439	0.294	0.132	0.125	0.127	0.126	0.545	0.567	0.417	0.303	0.664	0.713	0.440	0.276	0.138	0.132	0.146	0.137	0.552	0.734	0.467	0.277	0.596	0.718	0.445	0.242	0.119	0.127	0.139	0.121	0.533	0.748	0.461	0.278	0.540	0.747	0.444	0.247	0.117	0.114	0.114	0.115	0.668	0.736	0.419	0.317
33:00:02	0.711	0.690	0.444	0.232	0.117	0.115	0.113	0.117	0.723	0.782	0.488	0.269	0.731	0.546	0.364	0.214	0.120	0.118	0.119	0.114	0.699	0.645	0.497	0.281	0.675	0.566	0.383	0.242	0.213	0.122	0.125	0.119	0.701	0.777	0.492	0.284	0.625	0.642	0.441	0.284	0.131	0.126	0.122	0.126	0.541	0.732	0.477	0.293	0.690	0.720	0.444	0.296	0.132	0.125	0.127	0.126	0.549	0.570	0.418	0.303	0.668	0.723	0.444	0.280	0.138	0.133	0.145	0.137	0.557	0.741	0.469	0.278	0.598	0.722	0.450	0.257	0.118	0.127	0.137	0.120	0.537	0.751	0.463	0.280	0.545	0.746	0.452	0.251	0.116	0.114	0.114	0.114	0.670	0.742	0.421	0.319
33:20:02	0.712	0.699	0.450	0.236	0.118	0.115	0.113	0.117	0.724	0.783	0.489	0.274	0.724	0.557	0.370	0.215	0.120	0.118	0.119	0.114	0.700	0.648	0.499	0.284	0.680	0.568	0.389	0.245	0.203	0.122	0.125	0.119	0.700	0.780	0.494	0.287	0.629	0.650	0.446	0.286	0.131	0.125	0.122	0.127	0.545	0.733	0.478	0.296	0.697	0.724	0.449	0.299	0.132	0.125	0.127	0.126	0.552	0.573	0.419	0.304	0.673	0.727	0.450	0.282	0.137	0.133	0.145	0.137	0.560	0.747	0.472	0.280	0.601	0.726	0.455	0.279	0.118	0.127	0.136	0.121	0.539	0.754	0.465	0.283	0.549	0.755	0.457	0.251	0.116	0.114	0.114	0.114	0.670	0.746	0.422	0.321
33:40:02	0.712	0.695	0.448	0.234	0.117	0.115	0.113	0.117	0.721	0.785	0.490	0.273	0.714	0.556	0.367	0.216	0.121	0.118	0.119	0.114	0.699	0.650	0.501	0.286	0.685	0.568	0.387	0.245	0.209	0.122	0.125	0.119	0.700	0.782	0.496	0.289	0.627	0.649	0.446	0.287	0.131	0.126	0.122	0.126	0.545	0.729	0.483	0.297	0.692	0.726	0.449	0.299	0.132	0.125	0.127	0.126	0.553	0.574	0.419	0.305	0.674	0.726	0.448	0.284	0.137	0.132	0.145	0.137	0.562	0.751	0.473	0.282	0.603	0.732	0.456	0.279	0.119	0.127	0.138	0.121	0.541	0.756	0.466	0.283	0.553	0.756	0.459	0.255	0.116	0.114	0.114	0.114	0.670	0.753	0.423	0.322
34:00:02	0.712	0.698	0.451	0.236	0.117	0.115	0.113	0.117	0.721	0.788	0.491	0.276	0.713	0.555	0.368	0.217	0.121	0.118	0.120	0.115	0.699	0.655	0.503	0.287	0.687	0.568	0.389	0.247	0.207	0.122	0.126	0.120	0.700	0.784	0.500	0.291	0.629	0.651	0.449	0.301	0.132	0.126	0.122	0.127	0.547	0.739	0.484	0.299	0.699	0.724	0.453	0.301	0.132	0.125	0.127	0.126	0.555	0.576	0.419	0.306	0.693	0.725	0.451	0.284	0.138	0.133	0.145	0.137	0.565	0.754	0.474	0.283	0.604	0.734	0.459	0.253	0.119	0.128	0.139	0.121	0.544	0.759	0.467	0.284	0.556	0.755	0.462	0.258	0.116	0.114	0.114	0.114	0.669	0.755	0.423	0.323
34:20:02	0.711	0.695	0.454	0.240	0.117	0.115	0.113	0.117	0.720	0.784	0.492	0.279	0.711	0.561	0.368	0.218	0.121	0.118	0.119	0.115	0.698	0.657	0.504	0.289	0.704	0.570	0.391	0.248	0.205	0.122	0.126	0.119	0.699	0.783	0.502	0.293	0.629	0.653	0.452	0.302	0.131	0.125	0.122	0.127	0.549	0.738	0.484	0.301	0.705	0.727	0.455	0.303	0.132	0.125	0.127	0.126	0.557	0.575	0.419	0.308	0.684	0.728	0.454	0.287	0.138	0.132	0.145	0.137	0.567	0.756	0.477	0.285	0.606	0.735	0.460	0.268	0.119	0.127	0.138	0.121	0.545	0.762	0.468	0.286	0.559	0.761	0.464	0.258	0.116	0.114	0.114	0.114	0.668	0.759	0.424	0.324
34:40:02	0.712	0.703	0.456	0.242	0.117	0.115	0.113	0.117	0.720	0.783	0.493	0.281	0.710	0.562	0.370	0.220	0.121	0.118	0.120	0.115	0.698	0.657	0.506	0.292	0.677	0.571	0.393	0.249	0.203	0.122	0.125	0.120	0.699	0.785	0.504	0.295	0.630	0.655	0.453	0.330	0.131	0.125	0.122	0.127	0.552	0.737	0.487	0.303	0.714	0.731	0.457	0.304	0.132	0.125	0.127	0.126	0.559	0.578	0.420	0.310	0.673	0.731	0.456	0.289	0.137	0.132	0.144	0.137	0.569	0.760	0.479	0.287	0.608	0.739	0.465	0.258	0.119	0.127	0.138	0.121	0.547	0.762	0.470	0.287	0.562	0.763	0.466	0.261	0.116	0.114	0.114	0.114	0.667	0.765	0.426	0.326
35:00:02	0.713	0.704	0.464	0.247	0.118	0.115	0.114	0.117	0.720	0.786	0.495	0.286	0.709	0.564	0.381	0.223	0.121	0.118	0.119	0.115	0.699	0.659	0.508	0.297	0.680	0.575	0.398	0.252	0.199	0.122	0.125	0.119	0.700	0.788	0.507	0.301	0.634	0.658	0.456	0.288	0.131	0.125	0.122	0.127	0.554	0.741	0.488	0.307	0.719	0.736	0.462	0.306	0.132	0.125	0.127	0.126	0.562	0.580	0.420	0.313	0.679	0.733	0.459	0.289	0.136	0.132	0.144	0.137	0.571	0.764	0.477	0.290	0.611	0.737	0.468	0.274	0.119	0.126	0.137	0.121	0.550	0.766	0.471	0.290	0.566	0.767	0.468	0.259	0.117	0.114	0.114	0.114	0.666	0.769	0.426	0.328
35:20:02	0.713	0.704	0.462	0.246	0.117	0.115	0.113	0.117	0.719	0.791	0.496	0.285	0.709	0.566	0.376	0.222	0.120	0.118	0.119	0.115	0.697	0.661	0.510	0.297	0.702	0.575	0.397	0.252	0.199	0.122	0.124	0.119	0.699	0.789	0.508	0.299	0.634	0.658	0.456	0.326	0.130	0.124	0.122	0.127	0.554	0.744	0.491	0.307	0.706	0.736	0.463	0.306	0.131	0.125	0.127	0.126	0.563	0.581	0.421	0.313	0.715	0.731	0.459	0.292	0.136	0.132	0.144	0.136	0.573	0.766	0.480	0.289	0.614	0.746	0.468	0.278	0.119	0.125	0.136	0.120	0.552	0.768	0.472	0.291	0.569	0.769	0.472	0.268	0.116	0.114	0.114	0.114	0.666	0.770	0.427	0.330
35:40:02	0.712	0.707	0.464	0.247	0.117	0.115	0.113	0.117	0.719	0.794	0.497	0.287	0.708	0.572	0.378	0.223	0.120	0.117	0.119	0.115	0.697	0.661	0.512	0.299	0.727	0.574	0.399	0.253	0.196	0.122	0.124	0.118	0.698	0.791	0.509	0.301	0.636	0.658	0.457	0.328	0.129	0.123	0.122	0.127	0.557	0.750	0.492	0.310	0.703	0.739	0.465	0.308	0.131	0.125	0.127	0.126	0.565	0.582	0.422	0.315	0.713	0.736	0.461	0.293	0.134	0.131	0.143	0.136	0.575	0.760	0.482	0.291	0.617	0.738	0.469	0.283	0.119	0.124	0.135	0.120	0.555	0.768	0.474	0.292	0.571	0.768	0.474	0.268	0.116	0.114	0.114	0.114	0.666	0.774	0.428	0.331
36:00:02	0.713	0.706	0.465	0.250	0.117	0.115	0.113	0.117	0.718	0.795	0.498	0.289	0.709	0.571	0.381	0.224	0.120	0.117	0.119	0.115	0.697	0.660	0.513	0.302	0.718	0.575	0.403	0.255	0.194	0.122	0.123	0.118	0.697	0.794	0.511	0.303	0.638	0.658	0.457	0.328	0.129	0.123	0.122	0.127	0.559	0.755	0.495	0.312	0.685	0.744	0.467	0.307	0.130	0.124	0.127	0.126	0.567	0.586	0.423	0.317	0.707	0.729	0.464	0.295	0.135	0.131	0.143	0.136	0.576	0.765	0.483	0.293	0.619	0.743	0.471	0.287	0.119	0.124	0.135	0.120	0.557	0.769	0.474	0.293	0.575	0.771	0.477	0.272	0.116	0.114	0.114	0.114	0.666	0.776	0.429	0.333
36:20:02	0.712	0.707	0.469	0.254	0.117	0.115	0.113	0.117	0.717	0.797	0.498	0.292	0.709	0.571	0.385	0.226	0.120	0.117	0.118	0.115	0.697	0.660	0.515	0.305	0.718	0.578	0.406	0.255	0.196	0.122	0.123	0.118	0.697	0.798	0.513	0.307	0.640	0.660	0.459	0.328	0.129	0.123	0.122	0.127	0.560	0.758	0.496	0.315	0.655	0.750	0.468	0.309	0.129	0.124	0.126	0.126	0.568	0.589	0.424	0.318	0.707	0.736	0.466	0.294	0.135	0.130	0.142	0.135	0.576	0.763	0.481	0.296	0.622	0.748	0.472	0.278	0.119	0.123	0.136	0.120	0.557	0.773	0.476	0.294	0.576	0.769	0.477	0.273	0.117	0.114	0.114	0.114	0.664	0.774	0.429	0.333
36:40:02	0.713	0.710	0.470	0.257	0.117	0.115	0.113	0.117	0.717	0.802	0.499	0.292	0.708	0.571	0.386	0.227	0.120	0.117	0.119	0.114	0.697	0.661	0.516	0.305	0.727	0.581	0.408	0.257	0.189	0.121	0.123	0.118	0.696	0.801	0.515	0.307	0.642	0.664	0.461	0.344	0.129	0.123	0.122	0.126	0.563	0.759	0.499	0.316	0.638	0.745	0.471	0.312	0.129	0.124	0.126	0.126	0.571	0.591	0.425	0.319	0.718	0.741	0.468	0.298	0.135	0.129	0.142	0.135	0.579	0.764	0.485	0.296	0.625	0.744	0.475	0.281	0.119	0.124	0.135	0.120	0.562	0.777	0.477	0.296	0.580	0.776	0.480	0.280	0.116	0.114	0.114	0.114	0.664	0.780	0.430	0.336
37:00:02	0.712	0.711	0.471	0.258	0.117	0.115	0.113	0.117	0.716	0.806	0.499	0.295	0.708	0.578	0.388	0.229	0.120	0.118	0.118	0.114	0.697	0.662	0.517	0.307	0.726	0.581	0.410	0.259	0.186	0.121	0.123	0.118	0.697	0.804	0.518	0.310	0.644	0.663	0.463	0.305	0.128	0.123	0.122	0.126	0.564	0.762	0.502	0.318	0.628	0.756	0.472	0.313	0.129	0.124	0.126	0.126	0.574	0.591	0.425	0.321	0.720	0.743	0.469	0.300	0.135	0.129	0.141	0.135	0.581	0.762	0.487	0.297	0.626	0.747	0.476	0.288	0.119	0.123	0.135	0.120	0.563	0.781	0.479	0.298	0.583	0.769	0.484	0.282	0.116	0.114	0.114	0.114	0.663	0.782	0.431	0.336
37:20:02	0.711	0.712	0.473	0.263	0.117	0.115	0.113	0.116	0.716	0.805	0.500	0.298	0.707	0.580	0.392	0.231	0.120	0.117	0.119	0.114	0.696	0.666	0.519	0.309	0.726	0.584	0.412	0.259	0.188	0.121	0.123	0.118	0.696	0.804	0.519	0.312	0.649	0.664	0.465	0.301	0.129	0.122	0.122	0.126	0.566	0.763	0.502	0.320	0.627	0.751	0.475	0.314	0.128	0.124	0.126	0.126	0.576	0.594	0.426	0.322	0.720	0.747	0.471	0.300	0.134	0.128	0.141	0.134	0.581	0.763	0.486	0.298	0.629	0.758	0.478	0.288	0.119	0.123	0.135	0.120	0.565	0.780	0.480	0.299	0.584	0.771	0.485	0.281	0.117	0.114	0.114	0.114	0.661	0.785	0.431	0.338
37:40:02	0.711	0.713	0.473	0.261	0.117	0.114	0.113	0.116	0.716	0.806	0.501	0.299	0.707	0.577	0.393	0.232	0.119	0.117	0.118	0.114	0.696	0.669	0.521	0.310	0.732	0.586	0.413	0.262	0.181	0.121	0.122	0.118	0.695	0.807	0.520	0.313	0.655	0.666	0.466	0.337	0.127	0.121	0.121	0.126	0.569	0.761	0.504	0.321	0.636	0.755	0.478	0.316	0.128	0.124	0.126	0.126	0.578	0.594	0.427	0.322	0.722	0.746	0.476	0.303	0.133	0.128	0.140	0.134	0.584	0.776	0.489	0.301	0.632	0.762	0.481	0.293	0.119	0.122	0.133	0.120	0.569	0.785	0.480	0.301	0.589	0.777	0.488	0.286	0.116	0.114	0.114	0.114	0.661	0.790	0.433	0.341
38:00:02	0.711	0.716	0.474	0.265	0.117	0.114	0.113	0.116	0.716	0.806	0.501	0.300	0.707	0.584	0.395	0.234	0.119	0.117	0.118	0.114	0.696	0.673	0.521	0.313	0.730	0.587	0.415	0.263	0.178	0.121	0.123	0.118	0.695	0.809	0.521	0.316	0.664	0.667	0.468	0.329	0.128	0.122	0.121	0.126	0.571	0.764	0.504	0.323	0.646	0.756	0.480	0.321	0.127	0.124	0.126	0.126	0.580	0.595	0.428	0.325	0.721	0.756	0.477	0.305	0.134	0.127	0.140	0.134	0.586	0.766	0.491	0.301	0.632	0.767	0.483	0.293	0.119	0.122	0.134	0.120	0.572	0.776	0.480	0.303	0.593	0.782	0.490	0.295	0.116	0.114	0.114	0.114	0.660	0.799	0.433	0.342
38:20:02	0.711	0.714	0.477	0.265	0.117	0.115	0.113	0.116	0.715	0.803	0.501	0.303	0.707	0.583	0.397	0.234	0.119	0.117	0.118	0.114	0.696	0.674	0.522	0.316	0.723	0.588	0.416	0.264	0.180	0.121	0.122	0.118	0.694	0.807	0.523	0.318	0.657	0.668	0.469	0.321	0.127	0.121	0.121	0.126	0.572	0.767	0.507	0.326	0.654	0.762	0.480	0.335	0.127	0.124	0.126	0.126	0.581	0.599	0.429	0.326	0.714	0.755	0.478	0.305	0.133	0.127	0.139	0.133	0.587	0.777	0.490	0.302	0.636	0.768	0.483	0.297	0.118	0.122	0.134	0.120	0.572	0.781	0.482	0.304	0.594	0.782	0.489	0.288	0.116	0.114	0.114	0.114	0.658	0.787	0.433	0.343
38:40:02	0.712	0.718	0.479	0.272	0.117	0.114	0.113	0.116	0.716	0.810	0.502	0.307	0.708	0.586	0.405	0.235	0.119	0.116	0.118	0.114	0.697	0.676	0.524	0.318	0.724	0.591	0.420	0.269	0.169	0.121	0.122	0.118	0.694	0.813	0.524	0.321	0.685	0.674	0.474	0.335	0.127	0.121	0.121	0.126	0.578	0.774	0.509	0.328	0.667	0.765	0.485	0.340	0.127	0.124	0.126	0.126	0.586	0.600	0.430	0.329	0.718	0.766	0.483	0.309	0.133	0.127	0.139	0.133	0.591	0.776	0.494	0.305	0.638	0.771	0.488	0.284	0.119	0.122	0.132	0.120	0.578	0.781	0.484	0.307	0.599	0.790	0.493	0.294	0.116	0.114	0.114	0.114	0.659	0.808	0.435	0.345
39:00:02	0.711	0.716	0.479	0.272	0.117	0.114	0.113	0.116	0.714	0.807	0.503	0.307	0.707	0.583	0.402	0.234	0.119	0.117	0.118	0.114	0.695	0.674	0.525	0.319	0.708	0.589	0.419	0.268	0.171	0.120	0.122	0.118	0.693	0.817	0.527	0.321	0.701	0.671	0.473	0.321	0.127	0.121	0.121	0.125	0.578	0.770	0.509	0.329	0.675	0.752	0.486	0.329	0.126	0.124	0.126	0.125	0.585	0.600	0.431	0.329	0.701	0.759	0.481	0.309	0.132	0.126	0.138	0.133	0.591	0.772	0.496	0.305	0.640	0.777	0.486	0.288	0.119	0.121	0.133	0.120	0.579	0.788	0.485	0.307	0.600	0.792	0.493	0.297	0.116	0.114	0.114	0.114	0.658	0.866	0.435	0.347
39:20:02	0.712	0.724	0.481	0.274	0.117	0.114	0.113	0.116	0.715	0.812	0.504	0.310	0.708	0.587	0.410	0.237	0.119	0.116	0.118	0.114	0.696	0.676	0.527	0.321	0.701	0.592	0.423	0.270	0.164	0.120	0.121	0.118	0.693	0.819	0.530	0.325	0.699	0.676	0.476	0.326	0.126	0.121	0.121	0.125	0.581	0.773	0.511	0.331	0.683	0.764	0.490	0.356	0.126	0.124	0.126	0.126	0.589	0.606	0.432	0.332	0.694	0.771	0.486	0.311	0.132	0.126	0.138	0.132	0.595	0.783	0.497	0.307	0.642	0.776	0.489	0.301	0.118	0.121	0.131	0.120	0.582	0.792	0.487	0.310	0.603	0.798	0.496	0.299	0.116	0.114	0.114	0.114	0.657	0.908	0.437	0.349
39:40:02	0.710	0.721	0.481	0.278	0.117	0.114	0.113	0.116	0.713	0.808	0.504	0.311	0.706	0.585	0.407	0.237	0.119	0.117	0.118	0.114	0.693	0.680	0.528	0.323	0.694	0.592	0.422	0.269	0.169	0.120	0.122	0.118	0.692	0.821	0.532	0.326	0.693	0.669	0.476	0.338	0.127	0.121	0.121	0.125	0.579	0.772	0.512	0.333	0.686	0.758	0.488	0.357	0.126	0.124	0.126	0.125	0.587	0.605	0.433	0.331	0.686	0.764	0.485	0.311	0.132	0.126	0.137	0.132	0.594	0.779	0.497	0.309	0.643	0.767	0.488	0.304	0.119	0.121	0.134	0.120	0.570	0.792	0.488	0.310	0.604	0.797	0.495	0.315	0.116	0.114	0.114	0.114	0.655	0.943	0.436	0.350
40:00:02	0.710	0.725	0.482	0.282	0.117	0.114	0.113	0.116	0.712	0.810	0.505	0.313	0.706	0.590	0.409	0.238	0.118	0.116	0.118	0.114	0.693	0.682	0.530	0.324	0.697	0.594	0.423	0.271	0.162	0.120	0.121	0.117	0.691	0.824	0.534	0.329	0.674	0.670	0.476	0.320	0.126	0.120	0.121	0.125	0.582	0.771	0.515	0.334	0.692	0.766	0.491	0.348	0.125	0.124	0.126	0.125	0.590	0.607	0.434	0.334	0.690	0.768	0.488	0.314	0.131	0.125	0.136	0.132	0.597	0.782	0.501	0.312	0.646	0.771	0.490	0.310	0.118	0.121	0.132	0.120	0.593	0.795	0.489	0.312	0.608	0.803	0.498	0.304	0.116	0.114	0.114	0.114	0.656	0.976	0.438	0.352
40:20:02	0.710	0.726	0.483	0.285	0.117	0.114	0.113	0.116	0.712	0.810	0.506	0.315	0.706	0.588	0.411	0.239	0.119	0.117	0.118	0.114	0.693	0.685	0.531	0.325	0.696	0.595	0.425	0.273	0.159	0.120	0.122	0.118	0.692	0.823	0.534	0.330	0.634	0.672	0.478	0.350	0.127	0.121	0.121	0.125	0.583	0.774	0.514	0.336	0.693	0.776	0.493	0.362	0.126	0.124	0.126	0.125	0.592	0.611	0.435	0.336	0.691	0.769	0.488	0.314	0.132	0.125	0.136	0.131	0.599	0.784	0.502	0.313	0.647	0.778	0.493	0.309	0.119	0.121	0.133	0.120	0.588	0.794	0.490	0.314	0.611	0.808	0.499	0.305	0.116	0.114	0.114	0.114	0.655	0.970	0.439	0.354
40:40:02	0.710	0.728	0.485	0.288	0.117	0.114	0.113	0.116	0.711	0.809	0.506	0.317	0.705	0.592	0.414	0.240	0.119	0.116	0.118	0.114	0.691	0.684	0.531	0.328	0.694	0.596	0.426	0.272	0.160	0.120	0.121	0.117	0.691	0.823	0.536	0.332	0.606	0.674	0.479	0.322	0.126	0.120	0.121	0.125	0.584	0.776	0.517	0.338	0.690	0.775	0.494	0.341	0.125	0.123	0.126	0.125	0.593	0.611	0.435	0.338	0.688	0.766	0.491	0.316	0.130	0.124	0.135	0.131	0.599	0.780	0.500	0.315	0.649	0.781	0.492	0.309	0.118	0.120	0.133	0.120	0.586	0.796	0.491	0.313	0.610	0.806	0.500	0.305	0.116	0.114	0.114	0.114	0.652	0.850	0.439	0.355
41:00:02	0.710	0.730	0.485	0.288	0.117	0.114	0.113	0.116	0.710	0.810	0.506	0.318	0.706	0.595	0.415	0.242	0.119	0.116	0.118	0.114	0.691	0.685	0.532	0.329	0.694	0.600	0.428	0.277	0.153	0.119	0.121	0.118	0.691	0.845	0.538	0.333	0.599	0.677	0.480	0.349	0.126	0.120	0.121	0.124	0.587	0.780	0.517	0.340	0.690	0.777	0.496	0.335	0.125	0.124	0.126	0.125	0.595	0.612	0.436	0.339	0.688	0.774	0.493	0.319	0.131	0.125	0.135	0.131	0.602	0.784	0.504	0.316	0.651	0.783	0.497	0.312	0.119	0.121	0.133	0.120	0.589	0.797	0.493	0.316	0.615	0.809	0.502	0.309	0.116	0.114	0.114	0.114	0.653	0.828	0.440	0.357
41:20:02	0.710	0.729	0.486	0.291	0.117	0.114	0.113	0.116	0.709	0.809	0.507	0.321	0.705	0.596	0.417	0.244	0.118	0.116	0.118	0.114	0.690	0.686	0.533	0.331	0.693	0.601	0.429	0.278	0.150	0.119	0.121	0.117	0.690	0.850	0.537	0.335	0.602	0.679	0.481	0.355	0.125	0.120	0.121	0.124	0.589	0.783	0.519	0.342	0.690	0.769	0.500	0.354	0.125	0.124	0.126	0.125	0.597	0.614	0.436	0.341	0.687	0.778	0.494	0.321	0.130	0.124	0.134	0.130	0.603	0.789	0.505	0.319	0.653	0.788	0.498	0.312	0.118	0.120	0.132	0.120	0.590	0.794	0.494	0.318	0.615	0.809	0.504	0.326	0.116	0.114	0.114	0.114	0.652	0.822	0.441	0.360
41:40:02	0.711	0.733	0.488	0.293	0.117	0.114	0.113	0.116	0.709	0.810	0.507	0.323	0.705	0.600	0.419	0.245	0.119	0.116	0.118	0.114	0.690	0.687	0.534	0.333	0.694	0.603	0.431	0.279	0.148	0.119	0.121	0.118	0.690	0.889	0.539	0.337	0.610	0.681	0.483	0.349	0.126	0.120	0.121	0.124	0.590	0.784	0.520	0.344	0.690	0.781	0.501	0.344	0.125	0.124	0.126	0.125	0.599	0.615	0.437	0.344	0.687	0.779	0.496	0.323	0.131	0.124	0.133	0.130	0.605	0.791	0.506	0.321	0.657	0.791	0.499	0.317	0.119	0.121	0.133	0.120	0.592	0.797	0.495	0.320	0.618	0.811	0.506	0.315	0.116	0.114	0.114	0.114	0.652	0.819	0.442	0.360
42:00:02	0.710	0.734	0.488	0.296	0.117	0.114	0.113	0.116	0.709	0.810	0.508	0.325	0.703	0.602	0.420	0.247	0.118	0.116	0.118	0.114	0.689	0.688	0.534	0.335	0.693	0.604	0.432	0.280	0.145	0.119	0.121	0.117	0.689	0.909	0.541	0.339	0.620	0.682	0.483	0.339	0.125	0.120	0.121	0.124	0.592	0.784	0.521	0.345	0.688	0.778	0.501	0.344	0.124	0.124	0.126	0.125	0.601	0.618	0.437	0.346	0.686	0.777	0.497	0.324	0.130	0.124	0.133	0.130	0.607	0.793	0.507	0.323	0.659	0.793	0.501	0.306	0.118	0.120	0.132	0.120	0.594	0.796	0.496	0.321	0.621	0.835	0.507	0.330	0.116	0.114	0.114	0.114	0.651	0.813	0.443	0.362
42:20:02	0.711	0.734	0.490	0.299	0.117	0.114	0.113	0.116	0.707	0.810	0.508	0.327	0.702	0.605	0.423	0.248	0.119	0.116	0.118	0.114	0.688	0.686	0.535	0.337	0.692	0.603	0.434	0.281	0.145	0.119	0.121	0.117	0.689	0.939	0.542	0.341	0.630	0.682	0.484	0.360	0.126	0.120	0.121	0.124	0.593	0.789	0.522	0.347	0.687	0.781	0.502	0.373	0.125	0.124	0.126	0.125	0.601	0.618	0.438	0.348	0.686	0.775	0.498	0.324	0.130	0.124	0.133	0.129	0.607	0.796	0.506	0.323	0.663	0.791	0.501	0.326	0.119	0.121	0.133	0.120	0.594	0.797	0.497	0.321	0.624	0.876	0.508	0.333	0.116	0.114	0.114	0.114	0.649	0.807	0.442	0.362
42:40:02	0.712	0.735	0.490	0.301	0.117	0.114	0.113	0.116	0.707	0.811	0.509	0.330	0.702	0.606	0.425	0.251	0.118	0.116	0.117	0.114	0.687	0.688	0.535	0.338	0.691	0.604	0.435	0.282	0.142	0.118	0.121	0.117	0.687	0.961	0.541	0.344	0.643	0.685	0.485	0.374	0.125	0.120	0.121	0.124	0.595	0.792	0.523	0.349	0.685	0.783	0.503	0.358	0.124	0.124	0.125	0.125	0.602	0.620	0.439	0.348	0.685	0.785	0.500	0.325	0.130	0.124	0.132	0.129	0.608	0.794	0.506	0.324	0.664	0.789	0.502	0.331	0.118	0.120	0.133	0.120	0.596	0.799	0.498	0.322	0.627	0.915	0.509	0.324	0.116	0.114	0.114	0.114	0.648	0.803	0.443	0.364
43:00:02	0.713	0.738	0.491	0.303	0.117	0.114	0.113	0.116	0.705	0.814	0.509	0.330	0.702	0.612	0.425	0.252	0.118	0.116	0.117	0.114	0.686	0.688	0.536	0.341	0.692	0.607	0.436	0.285	0.136	0.118	0.121	0.117	0.687	0.972	0.543	0.345	0.657	0.687	0.486	0.337	0.125	0.119	0.121	0.123	0.598	0.792	0.525	0.351	0.684	0.785	0.507	0.354	0.124	0.124	0.125	0.125	0.605	0.622	0.440	0.351	0.686	0.790	0.501	0.329	0.130	0.124	0.132	0.129	0.611	0.799	0.510	0.327	0.666	0.794	0.506	0.324	0.118	0.120	0.132	0.120	0.599	0.805	0.500	0.325	0.629	0.922	0.513	0.335	0.116	0.114	0.114	0.114	0.649	0.800	0.445	0.368
43:20:03	0.714	0.737	0.492	0.306	0.117	0.114	0.113	0.116	0.705	0.813	0.510	0.333	0.701	0.614	0.427	0.253	0.118	0.116	0.117	0.114	0.685	0.691	0.537	0.343	0.690	0.607	0.437	0.285	0.135	0.118	0.120	0.117	0.686	0.980	0.544	0.347	0.666	0.688	0.488	0.347	0.125	0.119	0.120	0.123	0.599	0.795	0.525	0.351	0.683	0.783	0.506	0.369	0.124	0.123	0.125	0.125	0.605	0.623	0.440	0.353	0.685	0.787	0.503	0.328	0.130	0.124	0.132	0.128	0.611	0.800	0.508	0.328	0.667	0.795	0.506	0.315	0.118	0.120	0.133	0.120	0.600	0.808	0.501	0.325	0.630	0.871	0.512	0.337	0.116	0.114	0.114	0.114	0.647	0.796	0.444	0.368
43:40:02	0.716	0.742	0.494	0.311	0.117	0.114	0.113	0.116	0.704	0.816	0.510	0.336	0.701	0.619	0.433	0.257	0.118	0.116	0.117	0.114	0.686	0.692	0.538	0.345	0.692	0.613	0.441	0.289	0.130	0.118	0.120	0.117	0.686	0.969	0.544	0.349	0.674	0.692	0.490	0.342	0.125	0.119	0.120	0.123	0.603	0.797	0.527	0.353	0.683	0.786	0.509	0.378	0.124	0.123	0.125	0.125	0.608	0.628	0.441	0.354	0.686	0.791	0.508	0.331	0.130	0.124	0.131	0.128	0.614	0.806	0.509	0.330	0.669	0.800	0.510	0.333	0.118	0.120	0.131	0.120	0.603	0.810	0.502	0.327	0.633	0.855	0.515	0.332	0.117	0.114	0.114	0.114	0.647	0.793	0.446	0.370
44:00:03	0.718	0.747	0.494	0.313	0.117	0.114	0.113	0.116	0.703	0.819	0.511	0.339	0.701	0.620	0.434	0.260	0.118	0.116	0.117	0.114	0.685	0.692	0.539	0.346	0.692	0.617	0.442	0.291	0.126	0.118	0.121	0.117	0.686	0.909	0.546	0.351	0.678	0.695	0.491	0.349	0.125	0.119	0.120	0.123	0.606	0.801	0.528	0.355	0.682	0.789	0.512	0.379	0.124	0.124	0.125	0.125	0.611	0.631	0.442	0.355	0.687	0.791	0.510	0.334	0.130	0.124	0.131	0.128	0.617	0.818	0.512	0.332	0.672	0.802	0.513	0.347	0.118	0.120	0.130	0.120	0.607	0.825	0.504	0.331	0.634	0.850	0.519	0.342	0.116	0.114	0.114	0.114	0.649	0.792	0.447	0.373
44:20:03	0.718	0.744	0.494	0.313	0.117	0.114	0.113	0.116	0.701	0.817	0.511	0.339	0.699	0.620	0.432	0.260	0.118	0.116	0.117	0.114	0.682	0.691	0.539	0.348	0.692	0.616	0.441	0.290	0.120	0.118	0.121	0.117	0.684	0.842	0.547	0.352	0.677	0.692	0.490	0.347	0.125	0.119	0.121	0.123	0.605	0.803	0.531	0.356	0.680	0.787	0.512	0.362	0.124	0.124	0.125	0.125	0.610	0.628	0.443	0.356	0.686	0.796	0.509	0.335	0.130	0.124	0.131	0.127	0.616	0.824	0.514	0.332	0.678	0.804	0.513	0.346	0.118	0.120	0.131	0.120	0.606	0.816	0.504	0.332	0.636	0.841	0.519	0.344	0.116	0.114	0.114	0.114	0.648	0.789	0.447	0.373
44:40:03	0.719	0.745	0.495	0.315	0.117	0.114	0.113	0.116	0.700	0.818	0.511	0.340	0.697	0.621	0.434	0.261	0.118	0.116	0.117	0.114	0.681	0.693	0.540	0.350	0.690	0.616	0.442	0.291	0.120	0.118	0.121	0.117	0.684	0.828	0.548	0.354	0.676	0.693	0.491	0.357	0.125	0.119	0.120	0.122	0.605	0.804	0.529	0.357	0.679	0.786	0.512	0.357	0.124	0.124	0.125	0.125	0.611	0.631	0.443	0.356	0.685	0.786	0.509	0.335	0.129	0.124	0.131	0.127	0.616	0.829	0.511	0.335	0.692	0.805	0.513	0.350	0.118	0.120	0.133	0.120	0.606	0.849	0.506	0.332	0.635	0.836	0.519	0.344	0.116	0.114	0.114	0.114	0.646	0.784	0.447	0.374
45:00:03	0.720	0.747	0.495	0.318	0.117	0.114	0.113	0.116	0.699	0.819	0.511	0.342	0.696	0.621	0.436	0.264	0.119	0.116	0.118	0.114	0.680	0.695	0.541	0.351	0.691	0.614	0.443	0.293	0.121	0.118	0.121	0.117	0.683	0.823	0.548	0.356	0.676	0.693	0.492	0.369	0.126	0.120	0.120	0.122	0.608	0.805	0.532	0.359	0.679	0.788	0.514	0.389	0.125	0.124	0.125	0.125	0.612	0.633	0.444	0.358	0.685	0.783	0.511	0.337	0.130	0.124	0.131	0.127	0.617	0.858	0.513	0.335	0.671	0.797	0.514	0.352	0.119	0.121	0.133	0.120	0.607	0.874	0.507	0.334	0.639	0.832	0.520	0.338	0.116	0.114	0.114	0.114	0.645	0.782	0.447	0.376
45:20:03	0.721	0.749	0.495	0.320	0.117	0.114	0.113	0.116	0.698	0.820	0.512	0.344	0.695	0.626	0.436	0.266	0.119	0.117	0.118	0.114	0.679	0.694	0.540	0.353	0.692	0.617	0.445	0.295	0.121	0.118	0.122	0.118	0.683	0.818	0.549	0.356	0.676	0.697	0.493	0.360	0.126	0.120	0.121	0.122	0.610	0.808	0.532	0.360	0.679	0.790	0.517	0.386	0.125	0.124	0.126	0.125	0.615	0.633	0.446	0.360	0.686	0.809	0.513	0.339	0.132	0.125	0.132	0.128	0.620	0.878	0.516	0.338	0.705	0.823	0.516	0.355	0.119	0.121	0.133	0.120	0.610	0.896	0.508	0.337	0.641	0.828	0.523	0.349	0.116	0.114	0.114	0.114	0.647	0.782	0.449	0.379
45:40:03	0.721	0.747	0.496	0.322	0.117	0.114	0.113	0.116	0.697	0.821	0.512	0.346	0.695	0.628	0.439	0.268	0.120	0.117	0.118	0.114	0.678	0.694	0.543	0.355	0.691	0.617	0.446	0.296	0.122	0.119	0.123	0.118	0.682	0.815	0.550	0.358	0.675	0.697	0.494	0.383	0.127	0.121	0.121	0.123	0.611	0.809	0.534	0.361	0.678	0.788	0.518	0.374	0.126	0.124	0.126	0.125	0.615	0.634	0.446	0.361	0.685	0.815	0.515	0.340	0.132	0.126	0.133	0.128	0.620	0.896	0.515	0.338	0.712	0.850	0.517	0.347	0.119	0.122	0.134	0.120	0.610	0.916	0.509	0.337	0.642	0.822	0.523	0.351	0.116	0.114	0.114	0.114	0.645	0.779	0.448	0.379
46:00:03	0.723	0.747	0.496	0.324	0.117	0.114	0.113	0.116	0.696	0.820	0.512	0.347	0.694	0.630	0.440	0.271	0.121	0.118	0.119	0.114	0.677	0.696	0.544	0.356	0.692	0.620	0.447	0.298	0.122	0.119	0.124	0.119	0.682	0.813	0.551	0.360	0.674	0.698	0.495	0.357	0.130	0.123	0.121	0.123	0.613	0.809	0.533	0.362	0.678	0.789	0.520	0.384	0.127	0.124	0.126	0.125	0.617	0.636	0.447	0.362	0.684	0.846	0.517	0.342	0.134	0.127	0.133	0.129	0.621	0.912	0.515	0.338	0.716	0.873	0.518	0.353	0.122	0.124	0.137	0.120	0.610	0.929	0.510	0.339	0.645	0.818	0.524	0.348	0.116	0.114	0.114	0.114	0.645	0.777	0.449	0.381
46:20:03	0.724	0.748	0.497	0.326	0.117	0.114	0.113	0.116	0.696	0.820	0.512	0.349	0.693	0.631	0.441	0.274	0.121	0.118	0.119	0.115	0.676	0.697	0.543	0.358	0.691	0.620	0.448	0.299	0.123	0.119	0.125	0.119	0.681	0.810	0.551	0.361	0.674	0.701	0.497	0.385	0.131	0.124	0.121	0.123	0.615	0.810	0.535	0.364	0.677	0.789	0.521	0.383	0.128	0.124	0.126	0.125	0.618	0.638	0.448	0.363	0.684	0.865	0.519	0.343	0.136	0.128	0.135	0.129	0.622	0.925	0.515	0.340	0.722	0.898	0.520	0.355	0.122	0.125	0.138	0.121	0.612	0.941	0.511	0.341	0.648	0.814	0.525	0.345	0.116	0.114	0.114	0.114	0.645	0.775	0.450	0.382
46:40:03	0.726	0.748	0.498	0.328	0.117	0.114	0.113	0.116	0.695	0.818	0.513	0.351	0.693	0.633	0.442	0.275	0.122	0.118	0.120	0.115	0.675	0.697	0.545	0.361	0.690	0.621	0.449	0.301	0.124	0.120	0.126	0.120	0.681	0.808	0.553	0.362	0.673	0.701	0.498	0.392	0.132	0.125	0.121	0.124	0.617	0.810	0.536	0.365	0.677	0.788	0.523	0.390	0.129	0.124	0.126	0.125	0.620	0.639	0.449	0.365	0.683	0.890	0.521	0.345	0.138	0.129	0.136	0.130	0.624	0.940	0.517	0.340	0.724	0.923	0.520	0.351	0.123	0.126	0.140	0.121	0.613	0.951	0.513	0.343	0.650	0.810	0.526	0.360	0.116	0.114	0.114	0.114	0.645	0.773	0.451	0.385
47:00:03	0.727	0.749	0.499	0.331	0.117	0.114	0.113	0.116	0.694	0.820	0.514	0.353	0.692	0.634	0.443	0.278	0.122	0.118	0.120	0.115	0.674	0.695	0.545	0.363	0.689	0.622	0.451	0.303	0.124	0.120	0.125	0.120	0.681	0.805	0.554	0.364	0.671	0.703	0.498	0.363	0.132	0.124	0.121	0.124	0.618	0.803	0.538	0.367	0.676	0.787	0.524	0.381	0.130	0.124	0.126	0.125	0.622	0.642	0.450	0.367	0.683	0.904	0.521	0.346	0.138	0.130	0.137	0.131	0.625	0.951	0.518	0.342	0.731	0.936	0.522	0.357	0.123	0.126	0.139	0.121	0.615	0.958	0.514	0.345	0.652	0.806	0.528	0.353	0.116	0.114	0.114	0.114	0.645	0.771	0.452	0.386
47:20:03	0.729	0.749	0.499	0.333	0.117	0.114	0.113	0.116	0.693	0.821	0.515	0.355	0.691	0.635	0.444	0.280	0.121	0.118	0.119	0.114	0.673	0.696	0.546	0.365	0.689	0.624	0.451	0.304	0.125	0.120	0.125	0.119	0.680	0.802	0.555	0.366	0.671	0.702	0.500	0.385	0.131	0.124	0.121	0.124	0.619	0.804	0.538	0.369	0.675	0.787	0.526	0.392	0.130	0.125	0.126	0.125	0.623	0.643	0.451	0.369	0.682	0.904	0.522	0.347	0.138	0.130	0.137	0.131	0.626	0.958	0.518	0.343	0.730	0.935	0.523	0.359	0.123	0.126	0.139	0.121	0.615	0.960	0.515	0.346	0.653	0.803	0.530	0.354	0.116	0.114	0.114	0.114	0.645	0.769	0.453	0.387
47:40:03	0.729	0.750	0.501	0.335	0.117	0.114	0.113	0.116	0.692	0.821	0.516	0.357	0.690	0.638	0.446	0.281	0.121	0.118	0.119	0.115	0.671	0.698	0.548	0.367	0.689	0.627	0.453	0.305	0.125	0.120	0.125	0.119	0.679	0.800	0.556	0.368	0.670	0.702	0.500	0.366	0.131	0.124	0.121	0.124	0.621	0.809	0.539	0.370	0.675	0.787	0.526	0.381	0.130	0.124	0.126	0.125	0.624	0.644	0.452	0.370	0.682	0.891	0.524	0.349	0.137	0.130	0.138	0.132	0.628	0.952	0.520	0.345	0.724	0.920	0.525	0.360	0.122	0.126	0.138	0.121	0.616	0.953	0.517	0.348	0.655	0.800	0.531	0.353	0.116	0.114	0.114	0.114	0.645	0.767	0.454	0.389
48:00:03	0.731	0.751	0.501	0.338	0.117	0.114	0.113	0.116	0.691	0.820	0.516	0.359	0.690	0.639	0.447	0.284	0.122	0.118	0.120	0.115	0.670	0.699	0.548	0.368	0.689	0.628	0.453	0.306	0.125	0.120	0.126	0.120	0.678	0.797	0.558	0.369	0.670	0.701	0.501	0.387	0.132	0.124	0.121	0.124	0.622	0.839	0.542	0.372	0.674	0.787	0.529	0.388	0.130	0.124	0.126	0.125	0.625	0.647	0.453	0.372	0.681	0.868	0.525	0.350	0.137	0.130	0.138	0.132	0.629	0.922	0.521	0.347	0.710	0.895	0.526	0.363	0.123	0.126	0.140	0.121	0.619	0.918	0.518	0.350	0.655	0.796	0.531	0.367	0.117	0.114	0.114	0.114	0.646	0.766	0.455	0.390

