Field Group

Plate Comment:	
Procedure Summary
  Plate Type:              Corning 96 well for LogPhase600
  Plate Number:            2
  Discontinuous Kinetics:  Runtime 02:00:00 (D:HH:MM), Interval 00:20:00 (HH:MM:SS), 145 Reads (max)
  Read:                    600 nm
  Incubator:               On
    Temperature setpoint:  30 °C
    Temperature gradient:  On
  Shaking:                 On
     Shaking frequency:    600 RPMs		
			
			

600

Time	A1	A2	A3	A4	A5	A6	A7	A8	A9	A10	A11	A12	B1	B2	B3	B4	B5	B6	B7	B8	B9	B10	B11	B12	C1	C2	C3	C4	C5	C6	C7	C8	C9	C10	C11	C12	D1	D2	D3	D4	D5	D6	D7	D8	D9	D10	D11	D12	E1	E2	E3	E4	E5	E6	E7	E8	E9	E10	E11	E12	F1	F2	F3	F4	F5	F6	F7	F8	F9	F10	F11	F12	G1	G2	G3	G4	G5	G6	G7	G8	G9	G10	G11	G12	H1	H2	H3	H4	H5	H6	H7	H8	H9	H10	H11	H12
0:00:00	0.118	0.115	0.118	0.116	0.116	0.117	0.116	0.117	0.116	0.116	0.117	0.114	0.115	0.115	0.117	0.116	0.117	0.118	0.116	0.118	0.116	0.114	0.116	0.116	0.117	0.116	0.117	0.116	0.116	0.116	0.121	0.119	0.117	0.115	0.114	0.114	0.117	0.117	0.118	0.118	0.117	0.117	0.120	0.117	0.115	0.116	0.115	0.114	0.115	0.115	0.117	0.123	0.117	0.120	0.118	0.119	0.117	0.117	0.115	0.116	0.116	0.116	0.119	0.116	0.118	0.117	0.130	0.117	0.116	0.117	0.116	0.116	0.116	0.115	0.116	0.117	0.115	0.115	0.117	0.118	0.117	0.112	0.114	0.116	0.117	0.116	0.115	0.120	0.120	0.130	0.121	0.117	0.117	0.117	0.113	0.117
0:20:00	0.118	0.115	0.117	0.115	0.115	0.117	0.116	0.116	0.116	0.116	0.117	0.114	0.115	0.116	0.117	0.115	0.117	0.119	0.116	0.118	0.116	0.114	0.116	0.114	0.117	0.115	0.116	0.115	0.117	0.116	0.121	0.119	0.116	0.115	0.114	0.114	0.116	0.116	0.117	0.117	0.116	0.116	0.119	0.116	0.114	0.115	0.114	0.114	0.115	0.115	0.117	0.129	0.116	0.119	0.118	0.119	0.117	0.117	0.115	0.115	0.116	0.115	0.117	0.116	0.118	0.117	0.137	0.117	0.116	0.117	0.115	0.116	0.116	0.115	0.115	0.117	0.115	0.115	0.117	0.118	0.117	0.112	0.114	0.116	0.119	0.115	0.115	0.120	0.119	0.130	0.121	0.117	0.117	0.118	0.113	0.117
0:40:00	0.118	0.115	0.117	0.116	0.115	0.117	0.116	0.116	0.116	0.116	0.116	0.114	0.115	0.116	0.117	0.115	0.117	0.119	0.116	0.118	0.116	0.114	0.115	0.114	0.117	0.115	0.116	0.115	0.117	0.116	0.121	0.119	0.116	0.115	0.114	0.114	0.116	0.116	0.117	0.117	0.116	0.116	0.119	0.116	0.114	0.115	0.114	0.114	0.116	0.115	0.116	0.143	0.116	0.118	0.118	0.119	0.116	0.117	0.115	0.115	0.115	0.115	0.117	0.115	0.117	0.117	0.150	0.117	0.116	0.117	0.115	0.116	0.115	0.115	0.115	0.117	0.115	0.115	0.118	0.118	0.117	0.112	0.114	0.116	0.119	0.115	0.115	0.121	0.119	0.130	0.122	0.118	0.116	0.117	0.113	0.117
1:00:00	0.119	0.115	0.117	0.116	0.115	0.117	0.117	0.117	0.116	0.116	0.117	0.114	0.116	0.116	0.118	0.116	0.117	0.119	0.117	0.118	0.116	0.114	0.115	0.114	0.117	0.115	0.117	0.116	0.117	0.117	0.122	0.120	0.116	0.115	0.114	0.114	0.116	0.116	0.117	0.117	0.116	0.116	0.120	0.117	0.114	0.115	0.114	0.114	0.116	0.115	0.117	0.159	0.116	0.118	0.119	0.120	0.117	0.117	0.115	0.115	0.116	0.116	0.117	0.116	0.117	0.117	0.162	0.118	0.116	0.117	0.115	0.116	0.115	0.115	0.116	0.117	0.115	0.115	0.118	0.118	0.117	0.112	0.114	0.116	0.119	0.115	0.115	0.121	0.119	0.130	0.122	0.118	0.117	0.117	0.113	0.117
1:20:00	0.120	0.115	0.118	0.117	0.115	0.117	0.118	0.117	0.116	0.116	0.116	0.114	0.117	0.116	0.119	0.117	0.117	0.119	0.117	0.119	0.116	0.114	0.115	0.114	0.118	0.115	0.117	0.116	0.117	0.117	0.122	0.120	0.116	0.115	0.114	0.114	0.117	0.116	0.117	0.117	0.116	0.116	0.120	0.117	0.114	0.115	0.114	0.114	0.116	0.115	0.118	0.174	0.116	0.118	0.119	0.120	0.117	0.117	0.115	0.115	0.116	0.116	0.118	0.116	0.117	0.117	0.173	0.118	0.116	0.117	0.115	0.116	0.116	0.115	0.116	0.117	0.116	0.115	0.118	0.119	0.117	0.112	0.114	0.116	0.119	0.115	0.116	0.121	0.120	0.130	0.122	0.119	0.117	0.117	0.113	0.117
1:40:00	0.121	0.116	0.121	0.119	0.116	0.117	0.119	0.118	0.116	0.116	0.116	0.114	0.118	0.116	0.121	0.118	0.117	0.119	0.118	0.119	0.116	0.114	0.115	0.114	0.118	0.116	0.119	0.117	0.117	0.117	0.123	0.120	0.116	0.115	0.114	0.114	0.117	0.117	0.118	0.118	0.116	0.116	0.121	0.117	0.114	0.115	0.114	0.114	0.117	0.116	0.119	0.185	0.117	0.118	0.119	0.120	0.117	0.117	0.115	0.115	0.117	0.116	0.120	0.117	0.117	0.117	0.180	0.118	0.116	0.117	0.115	0.116	0.116	0.116	0.117	0.119	0.116	0.115	0.119	0.119	0.117	0.112	0.114	0.116	0.119	0.115	0.118	0.122	0.120	0.130	0.123	0.120	0.117	0.117	0.113	0.117
2:00:00	0.121	0.116	0.122	0.120	0.116	0.117	0.120	0.119	0.116	0.116	0.116	0.114	0.118	0.117	0.122	0.119	0.118	0.119	0.120	0.120	0.115	0.113	0.115	0.114	0.119	0.116	0.120	0.119	0.117	0.117	0.124	0.121	0.116	0.115	0.114	0.114	0.118	0.117	0.120	0.119	0.116	0.116	0.122	0.118	0.114	0.115	0.114	0.114	0.117	0.116	0.121	0.195	0.117	0.118	0.120	0.121	0.117	0.117	0.115	0.115	0.117	0.116	0.121	0.118	0.117	0.117	0.184	0.118	0.116	0.117	0.115	0.116	0.117	0.116	0.120	0.120	0.116	0.115	0.121	0.120	0.117	0.112	0.114	0.116	0.119	0.116	0.119	0.123	0.120	0.130	0.126	0.121	0.116	0.117	0.113	0.117
2:20:00	0.122	0.116	0.125	0.121	0.116	0.117	0.122	0.120	0.116	0.116	0.116	0.114	0.120	0.117	0.124	0.120	0.118	0.119	0.121	0.121	0.115	0.113	0.115	0.114	0.120	0.117	0.123	0.120	0.118	0.117	0.126	0.122	0.116	0.115	0.114	0.114	0.118	0.117	0.123	0.120	0.116	0.116	0.123	0.119	0.114	0.115	0.114	0.114	0.118	0.116	0.123	0.203	0.117	0.119	0.121	0.121	0.117	0.117	0.115	0.115	0.117	0.116	0.123	0.119	0.117	0.117	0.190	0.119	0.116	0.116	0.115	0.116	0.117	0.116	0.122	0.121	0.116	0.115	0.122	0.121	0.117	0.111	0.114	0.116	0.120	0.116	0.121	0.124	0.120	0.130	0.127	0.122	0.116	0.117	0.114	0.117
2:40:00	0.122	0.116	0.129	0.122	0.116	0.117	0.123	0.121	0.116	0.116	0.116	0.114	0.121	0.117	0.127	0.121	0.118	0.119	0.123	0.122	0.115	0.113	0.115	0.114	0.120	0.117	0.126	0.121	0.118	0.117	0.128	0.123	0.116	0.115	0.114	0.114	0.119	0.117	0.125	0.121	0.117	0.116	0.125	0.119	0.114	0.115	0.114	0.114	0.119	0.116	0.126	0.207	0.117	0.119	0.122	0.122	0.117	0.117	0.115	0.115	0.118	0.117	0.126	0.120	0.117	0.117	0.190	0.120	0.116	0.116	0.115	0.116	0.118	0.117	0.125	0.122	0.117	0.116	0.124	0.122	0.117	0.111	0.114	0.116	0.120	0.116	0.124	0.125	0.120	0.130	0.129	0.123	0.116	0.117	0.114	0.117
3:00:00	0.123	0.117	0.134	0.124	0.117	0.117	0.126	0.122	0.116	0.116	0.116	0.114	0.122	0.118	0.132	0.123	0.118	0.119	0.126	0.123	0.115	0.113	0.115	0.114	0.122	0.117	0.130	0.123	0.118	0.117	0.130	0.124	0.116	0.115	0.114	0.114	0.121	0.118	0.130	0.123	0.116	0.116	0.128	0.121	0.114	0.115	0.114	0.114	0.120	0.117	0.130	0.210	0.117	0.119	0.124	0.123	0.117	0.117	0.115	0.115	0.120	0.117	0.131	0.122	0.117	0.117	0.191	0.121	0.117	0.116	0.115	0.116	0.120	0.117	0.129	0.123	0.117	0.116	0.127	0.123	0.117	0.111	0.114	0.116	0.121	0.117	0.128	0.126	0.120	0.130	0.132	0.124	0.116	0.117	0.114	0.117
3:20:00	0.126	0.118	0.141	0.126	0.117	0.117	0.128	0.123	0.116	0.116	0.116	0.114	0.124	0.118	0.138	0.125	0.118	0.119	0.129	0.124	0.115	0.113	0.115	0.114	0.123	0.118	0.136	0.125	0.118	0.117	0.134	0.125	0.116	0.115	0.114	0.114	0.121	0.119	0.136	0.125	0.117	0.116	0.131	0.122	0.114	0.115	0.114	0.114	0.122	0.118	0.136	0.211	0.117	0.119	0.127	0.124	0.117	0.117	0.115	0.115	0.121	0.118	0.137	0.124	0.118	0.117	0.187	0.122	0.117	0.116	0.115	0.116	0.122	0.118	0.135	0.125	0.117	0.116	0.130	0.124	0.117	0.111	0.114	0.116	0.122	0.118	0.133	0.128	0.121	0.130	0.135	0.125	0.116	0.117	0.114	0.117
3:40:00	0.123	0.119	0.150	0.128	0.117	0.117	0.131	0.124	0.116	0.116	0.116	0.114	0.122	0.120	0.144	0.127	0.119	0.119	0.133	0.125	0.115	0.113	0.115	0.114	0.124	0.119	0.144	0.127	0.119	0.118	0.137	0.126	0.116	0.115	0.114	0.114	0.123	0.120	0.144	0.127	0.117	0.117	0.134	0.123	0.114	0.115	0.114	0.114	0.123	0.119	0.144	0.212	0.118	0.119	0.130	0.125	0.117	0.117	0.115	0.115	0.123	0.119	0.145	0.126	0.118	0.117	0.177	0.123	0.117	0.116	0.115	0.116	0.123	0.119	0.142	0.126	0.117	0.116	0.133	0.126	0.116	0.111	0.114	0.116	0.124	0.118	0.141	0.129	0.121	0.130	0.139	0.126	0.116	0.117	0.113	0.117
4:00:00	0.125	0.119	0.161	0.130	0.118	0.117	0.135	0.125	0.116	0.116	0.116	0.114	0.125	0.121	0.154	0.129	0.119	0.119	0.137	0.126	0.115	0.113	0.115	0.114	0.126	0.120	0.155	0.129	0.119	0.117	0.141	0.127	0.116	0.115	0.114	0.114	0.124	0.121	0.155	0.129	0.117	0.117	0.139	0.124	0.114	0.115	0.114	0.114	0.126	0.120	0.154	0.213	0.118	0.119	0.135	0.126	0.117	0.117	0.115	0.115	0.126	0.119	0.155	0.128	0.118	0.117	0.164	0.125	0.117	0.116	0.115	0.116	0.123	0.120	0.152	0.127	0.117	0.116	0.138	0.127	0.116	0.111	0.114	0.116	0.126	0.120	0.151	0.130	0.121	0.130	0.144	0.127	0.116	0.117	0.113	0.117
4:20:00	0.131	0.120	0.170	0.132	0.118	0.117	0.140	0.126	0.116	0.116	0.116	0.114	0.128	0.121	0.163	0.131	0.119	0.119	0.142	0.127	0.115	0.113	0.115	0.114	0.130	0.121	0.164	0.131	0.119	0.118	0.146	0.128	0.116	0.115	0.114	0.114	0.128	0.121	0.164	0.131	0.117	0.117	0.144	0.125	0.114	0.115	0.114	0.114	0.129	0.121	0.164	0.206	0.118	0.119	0.140	0.128	0.117	0.117	0.115	0.115	0.127	0.121	0.165	0.130	0.119	0.118	0.147	0.126	0.117	0.116	0.115	0.116	0.124	0.122	0.163	0.128	0.118	0.116	0.143	0.128	0.116	0.111	0.114	0.116	0.128	0.121	0.161	0.131	0.122	0.130	0.149	0.128	0.116	0.117	0.113	0.116
4:40:00	0.130	0.121	0.177	0.134	0.118	0.118	0.145	0.127	0.116	0.116	0.116	0.114	0.131	0.122	0.169	0.133	0.119	0.119	0.148	0.127	0.115	0.113	0.115	0.114	0.131	0.122	0.172	0.133	0.120	0.117	0.152	0.129	0.116	0.115	0.114	0.114	0.129	0.122	0.172	0.133	0.118	0.117	0.149	0.126	0.115	0.115	0.114	0.114	0.131	0.122	0.172	0.197	0.119	0.120	0.146	0.129	0.117	0.117	0.114	0.115	0.131	0.122	0.173	0.132	0.119	0.118	0.152	0.127	0.117	0.116	0.115	0.116	0.129	0.124	0.171	0.129	0.117	0.116	0.148	0.129	0.116	0.111	0.114	0.116	0.132	0.122	0.170	0.132	0.122	0.130	0.156	0.129	0.116	0.117	0.113	0.116
5:00:00	0.135	0.122	0.184	0.136	0.119	0.117	0.151	0.127	0.116	0.116	0.116	0.114	0.133	0.124	0.176	0.134	0.120	0.120	0.153	0.128	0.115	0.113	0.115	0.114	0.135	0.124	0.179	0.135	0.120	0.118	0.158	0.130	0.116	0.115	0.114	0.114	0.135	0.124	0.179	0.135	0.118	0.117	0.154	0.128	0.115	0.115	0.114	0.114	0.134	0.123	0.179	0.186	0.119	0.120	0.154	0.131	0.117	0.117	0.114	0.115	0.137	0.124	0.179	0.134	0.120	0.118	0.159	0.129	0.117	0.117	0.115	0.116	0.133	0.126	0.178	0.130	0.117	0.116	0.155	0.130	0.116	0.111	0.114	0.116	0.137	0.123	0.177	0.133	0.121	0.130	0.162	0.129	0.116	0.117	0.113	0.116
5:20:00	0.140	0.123	0.191	0.138	0.119	0.118	0.157	0.128	0.116	0.116	0.116	0.114	0.141	0.124	0.182	0.136	0.121	0.120	0.160	0.130	0.115	0.113	0.115	0.114	0.141	0.124	0.186	0.136	0.120	0.118	0.164	0.131	0.116	0.115	0.114	0.114	0.143	0.127	0.185	0.137	0.119	0.118	0.159	0.129	0.115	0.115	0.114	0.114	0.142	0.125	0.186	0.174	0.120	0.120	0.161	0.133	0.117	0.117	0.114	0.115	0.141	0.124	0.187	0.136	0.119	0.118	0.165	0.130	0.117	0.117	0.115	0.116	0.141	0.128	0.186	0.131	0.118	0.116	0.162	0.131	0.116	0.111	0.114	0.116	0.144	0.124	0.184	0.134	0.122	0.130	0.169	0.130	0.116	0.117	0.113	0.116
5:40:00	0.152	0.125	0.197	0.140	0.120	0.118	0.164	0.129	0.116	0.116	0.116	0.114	0.146	0.128	0.188	0.138	0.121	0.120	0.166	0.131	0.115	0.114	0.115	0.114	0.148	0.132	0.193	0.138	0.122	0.118	0.170	0.132	0.116	0.115	0.115	0.114	0.147	0.131	0.192	0.138	0.120	0.118	0.164	0.130	0.115	0.116	0.114	0.114	0.146	0.129	0.193	0.162	0.120	0.120	0.168	0.136	0.118	0.117	0.115	0.115	0.146	0.129	0.194	0.137	0.121	0.118	0.173	0.132	0.118	0.117	0.115	0.116	0.145	0.134	0.192	0.132	0.118	0.116	0.169	0.132	0.116	0.111	0.114	0.116	0.146	0.128	0.191	0.135	0.122	0.130	0.175	0.131	0.116	0.117	0.114	0.117
6:00:00	0.152	0.132	0.202	0.141	0.121	0.118	0.170	0.130	0.116	0.116	0.116	0.114	0.149	0.132	0.194	0.139	0.121	0.121	0.172	0.131	0.115	0.114	0.115	0.114	0.149	0.137	0.198	0.139	0.122	0.118	0.176	0.132	0.116	0.115	0.114	0.114	0.150	0.138	0.197	0.139	0.120	0.118	0.170	0.131	0.115	0.116	0.114	0.114	0.148	0.134	0.198	0.149	0.121	0.121	0.175	0.139	0.118	0.117	0.115	0.115	0.148	0.134	0.199	0.138	0.122	0.118	0.179	0.133	0.118	0.117	0.115	0.116	0.148	0.138	0.198	0.133	0.118	0.116	0.175	0.132	0.116	0.111	0.114	0.116	0.148	0.133	0.197	0.136	0.123	0.130	0.182	0.132	0.116	0.117	0.114	0.117
6:20:01	0.158	0.139	0.206	0.142	0.121	0.118	0.177	0.131	0.116	0.116	0.116	0.114	0.154	0.139	0.199	0.140	0.121	0.120	0.177	0.133	0.115	0.114	0.115	0.114	0.154	0.148	0.203	0.140	0.123	0.118	0.182	0.133	0.116	0.115	0.114	0.114	0.157	0.147	0.202	0.141	0.121	0.118	0.175	0.132	0.115	0.116	0.114	0.114	0.153	0.146	0.203	0.141	0.120	0.121	0.180	0.142	0.118	0.117	0.114	0.115	0.153	0.145	0.204	0.139	0.123	0.119	0.185	0.135	0.118	0.117	0.115	0.116	0.153	0.141	0.203	0.134	0.119	0.116	0.182	0.133	0.116	0.111	0.114	0.116	0.154	0.145	0.202	0.136	0.124	0.131	0.188	0.132	0.116	0.117	0.114	0.116
6:40:00	0.161	0.152	0.211	0.144	0.121	0.118	0.181	0.131	0.116	0.116	0.116	0.114	0.159	0.152	0.203	0.141	0.122	0.120	0.183	0.132	0.115	0.113	0.115	0.114	0.159	0.155	0.208	0.141	0.124	0.118	0.187	0.134	0.116	0.115	0.114	0.114	0.171	0.155	0.207	0.141	0.122	0.118	0.179	0.133	0.115	0.116	0.114	0.114	0.168	0.153	0.208	0.142	0.121	0.121	0.182	0.145	0.118	0.117	0.114	0.115	0.167	0.151	0.208	0.141	0.122	0.119	0.190	0.135	0.118	0.116	0.115	0.116	0.169	0.150	0.207	0.134	0.119	0.117	0.186	0.134	0.116	0.111	0.114	0.116	0.171	0.149	0.207	0.137	0.123	0.131	0.193	0.133	0.116	0.117	0.113	0.116
7:00:00	0.169	0.159	0.215	0.145	0.121	0.118	0.189	0.131	0.116	0.116	0.116	0.114	0.169	0.158	0.208	0.142	0.122	0.120	0.187	0.134	0.115	0.113	0.115	0.114	0.170	0.156	0.212	0.142	0.123	0.118	0.193	0.135	0.116	0.115	0.114	0.114	0.190	0.157	0.212	0.142	0.122	0.118	0.184	0.133	0.115	0.115	0.114	0.114	0.188	0.160	0.213	0.143	0.122	0.121	0.187	0.147	0.118	0.117	0.114	0.115	0.186	0.152	0.212	0.142	0.123	0.119	0.197	0.136	0.118	0.117	0.115	0.116	0.187	0.153	0.212	0.135	0.119	0.117	0.191	0.134	0.116	0.111	0.114	0.116	0.188	0.151	0.211	0.138	0.124	0.131	0.197	0.134	0.116	0.117	0.113	0.116
7:20:01	0.181	0.165	0.219	0.146	0.123	0.118	0.195	0.131	0.115	0.116	0.116	0.114	0.183	0.161	0.213	0.143	0.123	0.120	0.194	0.133	0.115	0.113	0.115	0.114	0.185	0.154	0.217	0.143	0.124	0.119	0.199	0.135	0.116	0.115	0.114	0.114	0.205	0.157	0.217	0.143	0.123	0.118	0.186	0.134	0.115	0.116	0.114	0.114	0.204	0.162	0.218	0.144	0.123	0.121	0.193	0.149	0.118	0.117	0.114	0.115	0.203	0.154	0.216	0.143	0.124	0.119	0.205	0.137	0.118	0.117	0.115	0.116	0.204	0.162	0.216	0.136	0.120	0.117	0.196	0.134	0.116	0.111	0.114	0.116	0.205	0.153	0.215	0.138	0.124	0.131	0.206	0.134	0.116	0.117	0.113	0.116
7:40:01	0.195	0.167	0.222	0.147	0.123	0.118	0.200	0.131	0.115	0.116	0.116	0.114	0.197	0.162	0.217	0.144	0.124	0.120	0.198	0.134	0.115	0.113	0.115	0.114	0.199	0.166	0.221	0.144	0.126	0.119	0.206	0.135	0.116	0.115	0.114	0.114	0.218	0.164	0.220	0.145	0.124	0.119	0.194	0.134	0.115	0.116	0.114	0.114	0.217	0.168	0.222	0.144	0.124	0.121	0.196	0.150	0.118	0.117	0.114	0.115	0.217	0.162	0.220	0.144	0.125	0.119	0.214	0.138	0.118	0.117	0.115	0.116	0.218	0.178	0.221	0.136	0.120	0.117	0.203	0.134	0.116	0.111	0.114	0.116	0.219	0.162	0.219	0.139	0.125	0.131	0.213	0.134	0.116	0.117	0.113	0.116
8:00:01	0.214	0.167	0.225	0.147	0.124	0.119	0.207	0.132	0.115	0.116	0.116	0.114	0.211	0.164	0.220	0.144	0.124	0.121	0.205	0.134	0.115	0.113	0.115	0.114	0.212	0.184	0.224	0.145	0.126	0.119	0.212	0.135	0.116	0.115	0.114	0.114	0.234	0.178	0.225	0.145	0.124	0.119	0.197	0.135	0.115	0.115	0.114	0.114	0.232	0.177	0.227	0.146	0.125	0.122	0.201	0.153	0.118	0.117	0.114	0.115	0.232	0.177	0.225	0.145	0.126	0.120	0.218	0.139	0.118	0.117	0.115	0.116	0.233	0.196	0.225	0.137	0.121	0.117	0.211	0.134	0.117	0.113	0.114	0.116	0.235	0.180	0.223	0.139	0.125	0.131	0.219	0.134	0.116	0.116	0.113	0.116
8:20:01	0.233	0.176	0.229	0.147	0.125	0.119	0.213	0.132	0.115	0.116	0.116	0.114	0.228	0.174	0.223	0.145	0.125	0.120	0.210	0.133	0.115	0.113	0.115	0.114	0.224	0.203	0.228	0.145	0.126	0.119	0.221	0.136	0.116	0.115	0.114	0.114	0.250	0.194	0.229	0.147	0.125	0.120	0.200	0.135	0.115	0.115	0.114	0.114	0.249	0.192	0.231	0.147	0.125	0.122	0.203	0.155	0.118	0.117	0.114	0.115	0.248	0.194	0.228	0.146	0.127	0.120	0.223	0.139	0.118	0.117	0.115	0.116	0.250	0.210	0.228	0.138	0.121	0.117	0.220	0.136	0.116	0.111	0.114	0.116	0.252	0.195	0.226	0.140	0.126	0.131	0.223	0.136	0.116	0.117	0.113	0.116
8:40:01	0.244	0.187	0.232	0.148	0.126	0.119	0.217	0.132	0.116	0.116	0.116	0.114	0.233	0.185	0.227	0.145	0.125	0.120	0.213	0.133	0.115	0.113	0.115	0.114	0.227	0.224	0.233	0.146	0.127	0.120	0.223	0.135	0.116	0.115	0.114	0.114	0.267	0.212	0.234	0.148	0.126	0.120	0.203	0.135	0.115	0.116	0.114	0.114	0.265	0.210	0.236	0.148	0.126	0.122	0.206	0.154	0.118	0.117	0.114	0.115	0.264	0.209	0.234	0.147	0.128	0.120	0.226	0.140	0.118	0.117	0.115	0.116	0.266	0.224	0.232	0.138	0.121	0.117	0.222	0.135	0.117	0.113	0.114	0.116	0.269	0.209	0.230	0.140	0.126	0.132	0.225	0.135	0.117	0.115	0.113	0.116
9:00:01	0.253	0.196	0.234	0.149	0.127	0.119	0.221	0.132	0.115	0.116	0.116	0.114	0.233	0.194	0.230	0.147	0.126	0.122	0.215	0.135	0.115	0.113	0.115	0.114	0.237	0.235	0.235	0.147	0.128	0.120	0.226	0.135	0.116	0.115	0.114	0.114	0.280	0.223	0.237	0.148	0.127	0.120	0.206	0.135	0.116	0.116	0.114	0.114	0.279	0.225	0.240	0.148	0.127	0.123	0.209	0.157	0.118	0.117	0.114	0.115	0.280	0.221	0.236	0.146	0.128	0.121	0.228	0.140	0.118	0.117	0.115	0.115	0.282	0.240	0.235	0.138	0.121	0.118	0.225	0.135	0.116	0.111	0.114	0.116	0.283	0.221	0.233	0.141	0.126	0.131	0.227	0.137	0.116	0.116	0.113	0.116
9:20:01	0.259	0.205	0.236	0.150	0.127	0.119	0.224	0.132	0.115	0.116	0.116	0.114	0.257	0.205	0.233	0.147	0.128	0.122	0.220	0.134	0.115	0.113	0.115	0.114	0.263	0.251	0.238	0.147	0.128	0.121	0.230	0.136	0.116	0.115	0.114	0.114	0.292	0.238	0.240	0.150	0.127	0.120	0.209	0.135	0.115	0.116	0.114	0.114	0.296	0.242	0.244	0.148	0.127	0.123	0.211	0.156	0.118	0.117	0.114	0.115	0.294	0.234	0.241	0.148	0.128	0.121	0.232	0.142	0.118	0.117	0.115	0.116	0.317	0.257	0.239	0.140	0.122	0.118	0.228	0.135	0.116	0.112	0.114	0.116	0.304	0.234	0.237	0.141	0.127	0.132	0.231	0.135	0.116	0.116	0.113	0.116
9:40:01	0.271	0.220	0.238	0.151	0.128	0.120	0.227	0.133	0.115	0.116	0.116	0.114	0.273	0.220	0.236	0.149	0.128	0.123	0.223	0.134	0.115	0.113	0.115	0.114	0.274	0.259	0.241	0.148	0.128	0.121	0.232	0.136	0.116	0.115	0.114	0.114	0.319	0.256	0.244	0.151	0.127	0.121	0.213	0.136	0.115	0.116	0.114	0.113	0.323	0.260	0.248	0.149	0.128	0.124	0.214	0.157	0.118	0.117	0.114	0.115	0.548	0.251	0.245	0.150	0.128	0.122	0.235	0.142	0.118	0.117	0.115	0.115	0.539	0.272	0.243	0.140	0.122	0.119	0.228	0.136	0.116	0.113	0.114	0.116	0.523	0.249	0.239	0.141	0.127	0.133	0.234	0.135	0.116	0.116	0.113	0.116
10:00:01	0.300	0.228	0.240	0.151	0.128	0.120	0.229	0.133	0.115	0.116	0.116	0.114	0.290	0.233	0.239	0.150	0.129	0.123	0.227	0.134	0.115	0.113	0.115	0.114	0.291	0.272	0.243	0.148	0.128	0.121	0.235	0.137	0.116	0.115	0.114	0.114	0.529	0.271	0.246	0.152	0.128	0.122	0.215	0.136	0.116	0.116	0.114	0.113	0.555	0.275	0.251	0.150	0.128	0.125	0.217	0.158	0.118	0.117	0.114	0.115	0.466	0.267	0.248	0.151	0.129	0.122	0.238	0.142	0.118	0.117	0.115	0.116	0.465	0.292	0.246	0.141	0.123	0.119	0.234	0.137	0.116	0.112	0.114	0.116	0.462	0.266	0.242	0.142	0.127	0.133	0.237	0.137	0.116	0.116	0.113	0.116
10:20:01	0.331	0.241	0.242	0.153	0.128	0.120	0.234	0.133	0.115	0.116	0.116	0.114	0.318	0.249	0.242	0.151	0.129	0.123	0.231	0.135	0.115	0.113	0.115	0.114	0.315	0.297	0.245	0.151	0.128	0.121	0.238	0.137	0.116	0.115	0.114	0.114	0.469	0.287	0.248	0.153	0.128	0.123	0.219	0.136	0.116	0.116	0.114	0.113	0.486	0.291	0.253	0.151	0.128	0.126	0.220	0.161	0.119	0.117	0.114	0.115	0.452	0.280	0.250	0.152	0.129	0.123	0.242	0.142	0.118	0.117	0.115	0.116	0.456	0.323	0.247	0.141	0.123	0.120	0.237	0.136	0.116	0.111	0.114	0.116	0.454	0.283	0.244	0.142	0.128	0.133	0.241	0.135	0.116	0.116	0.113	0.116
10:40:01	0.352	0.261	0.243	0.154	0.128	0.121	0.239	0.133	0.115	0.116	0.116	0.114	0.342	0.262	0.247	0.152	0.129	0.124	0.234	0.136	0.115	0.113	0.115	0.114	0.345	0.315	0.247	0.152	0.129	0.122	0.241	0.136	0.116	0.115	0.114	0.114	0.467	0.304	0.252	0.153	0.128	0.123	0.218	0.136	0.115	0.116	0.114	0.113	0.472	0.305	0.257	0.154	0.129	0.129	0.226	0.161	0.119	0.117	0.114	0.115	0.459	0.299	0.255	0.153	0.129	0.123	0.244	0.144	0.118	0.117	0.115	0.115	0.462	0.520	0.252	0.142	0.123	0.120	0.240	0.137	0.116	0.112	0.114	0.116	0.459	0.303	0.248	0.142	0.128	0.134	0.241	0.136	0.116	0.116	0.113	0.116
11:00:01	0.390	0.284	0.244	0.154	0.129	0.121	0.240	0.134	0.115	0.116	0.116	0.114	0.373	0.281	0.254	0.151	0.129	0.124	0.237	0.134	0.115	0.113	0.115	0.114	0.382	0.354	0.248	0.153	0.129	0.123	0.244	0.136	0.116	0.115	0.114	0.114	0.472	0.328	0.254	0.156	0.128	0.124	0.221	0.137	0.116	0.116	0.114	0.113	0.479	0.332	0.260	0.155	0.129	0.128	0.225	0.161	0.119	0.117	0.114	0.115	0.465	0.330	0.257	0.153	0.129	0.124	0.244	0.144	0.118	0.117	0.115	0.115	0.468	0.526	0.255	0.143	0.124	0.120	0.240	0.136	0.116	0.112	0.114	0.116	0.464	0.334	0.251	0.142	0.128	0.134	0.242	0.135	0.116	0.116	0.113	0.116
11:20:01	0.406	0.308	0.246	0.156	0.129	0.122	0.238	0.133	0.115	0.116	0.116	0.114	0.402	0.309	0.256	0.153	0.129	0.124	0.238	0.137	0.115	0.113	0.115	0.114	0.405	0.417	0.250	0.155	0.129	0.123	0.244	0.137	0.116	0.115	0.114	0.114	0.472	0.397	0.255	0.156	0.129	0.125	0.226	0.137	0.116	0.116	0.114	0.114	0.484	0.387	0.261	0.155	0.129	0.128	0.229	0.163	0.119	0.117	0.114	0.115	0.467	0.382	0.258	0.153	0.129	0.125	0.244	0.144	0.118	0.117	0.115	0.116	0.471	0.484	0.255	0.142	0.124	0.121	0.240	0.136	0.116	0.111	0.114	0.116	0.466	0.485	0.252	0.143	0.129	0.134	0.240	0.135	0.116	0.116	0.113	0.116
11:40:01	0.475	0.338	0.246	0.156	0.129	0.122	0.237	0.134	0.115	0.116	0.116	0.114	0.419	0.329	0.261	0.154	0.129	0.125	0.236	0.134	0.115	0.113	0.115	0.114	0.424	0.439	0.250	0.155	0.129	0.124	0.243	0.137	0.116	0.115	0.114	0.114	0.477	0.442	0.257	0.157	0.129	0.126	0.225	0.138	0.116	0.116	0.114	0.113	0.485	0.425	0.264	0.156	0.129	0.129	0.227	0.164	0.119	0.117	0.114	0.115	0.471	0.519	0.261	0.153	0.130	0.125	0.244	0.147	0.118	0.118	0.115	0.116	0.474	0.478	0.260	0.143	0.124	0.121	0.237	0.136	0.116	0.112	0.114	0.116	0.469	0.468	0.257	0.143	0.129	0.135	0.239	0.136	0.116	0.116	0.113	0.116
12:00:01	0.515	0.373	0.247	0.155	0.130	0.123	0.235	0.134	0.115	0.116	0.116	0.114	0.458	0.369	0.262	0.155	0.130	0.126	0.235	0.136	0.115	0.114	0.115	0.114	0.483	0.441	0.252	0.156	0.130	0.124	0.243	0.137	0.116	0.115	0.114	0.114	0.476	0.443	0.258	0.158	0.129	0.126	0.223	0.137	0.116	0.116	0.114	0.114	0.488	0.428	0.266	0.157	0.129	0.130	0.227	0.164	0.119	0.117	0.114	0.115	0.469	0.482	0.262	0.155	0.130	0.126	0.244	0.149	0.119	0.118	0.115	0.116	0.478	0.480	0.262	0.145	0.125	0.122	0.236	0.136	0.116	0.112	0.114	0.116	0.470	0.454	0.259	0.143	0.130	0.136	0.241	0.139	0.116	0.116	0.113	0.116
12:20:01	0.542	0.416	0.248	0.157	0.130	0.124	0.236	0.134	0.115	0.116	0.116	0.114	0.531	0.409	0.263	0.155	0.130	0.127	0.236	0.137	0.115	0.114	0.115	0.114	0.533	0.444	0.253	0.156	0.130	0.125	0.244	0.137	0.116	0.115	0.114	0.114	0.477	0.443	0.259	0.158	0.129	0.127	0.222	0.138	0.116	0.116	0.114	0.114	0.487	0.436	0.268	0.158	0.129	0.130	0.226	0.166	0.119	0.117	0.114	0.115	0.469	0.468	0.264	0.157	0.130	0.126	0.243	0.148	0.119	0.118	0.115	0.116	0.477	0.484	0.264	0.146	0.125	0.122	0.237	0.136	0.116	0.112	0.114	0.116	0.472	0.456	0.261	0.144	0.130	0.136	0.242	0.137	0.116	0.116	0.113	0.116
12:40:01	0.517	0.435	0.249	0.158	0.130	0.125	0.237	0.134	0.115	0.116	0.116	0.114	0.546	0.437	0.264	0.155	0.131	0.127	0.237	0.136	0.115	0.113	0.115	0.114	0.531	0.450	0.253	0.157	0.130	0.126	0.245	0.137	0.116	0.115	0.114	0.114	0.480	0.451	0.260	0.159	0.129	0.127	0.223	0.140	0.116	0.116	0.114	0.114	0.488	0.443	0.269	0.158	0.130	0.131	0.224	0.168	0.119	0.117	0.114	0.115	0.472	0.471	0.265	0.158	0.131	0.127	0.245	0.150	0.119	0.118	0.115	0.116	0.480	0.487	0.266	0.146	0.126	0.123	0.236	0.138	0.116	0.113	0.114	0.116	0.478	0.462	0.264	0.144	0.131	0.137	0.242	0.137	0.116	0.116	0.113	0.116
13:00:01	0.522	0.476	0.250	0.159	0.130	0.125	0.238	0.134	0.115	0.116	0.116	0.114	0.556	0.465	0.265	0.155	0.131	0.128	0.238	0.137	0.115	0.113	0.115	0.114	0.550	0.458	0.255	0.157	0.130	0.127	0.244	0.137	0.116	0.115	0.114	0.114	0.488	0.459	0.262	0.159	0.130	0.128	0.226	0.139	0.116	0.116	0.114	0.113	0.493	0.452	0.271	0.159	0.130	0.131	0.225	0.168	0.119	0.117	0.114	0.115	0.479	0.478	0.266	0.158	0.131	0.127	0.244	0.150	0.119	0.118	0.115	0.116	0.483	0.491	0.268	0.147	0.126	0.124	0.238	0.137	0.116	0.112	0.114	0.116	0.486	0.466	0.266	0.145	0.131	0.138	0.246	0.136	0.116	0.116	0.113	0.116
13:20:01	0.523	0.495	0.252	0.160	0.131	0.126	0.240	0.135	0.115	0.116	0.116	0.114	0.561	0.480	0.267	0.157	0.131	0.129	0.241	0.137	0.115	0.114	0.115	0.114	0.526	0.467	0.256	0.158	0.131	0.127	0.246	0.138	0.116	0.115	0.115	0.114	0.496	0.467	0.262	0.159	0.130	0.129	0.224	0.140	0.116	0.116	0.114	0.114	0.502	0.459	0.272	0.159	0.130	0.131	0.226	0.167	0.119	0.117	0.114	0.115	0.489	0.481	0.266	0.158	0.131	0.128	0.249	0.150	0.119	0.117	0.115	0.116	0.490	0.496	0.267	0.147	0.126	0.125	0.240	0.138	0.116	0.111	0.114	0.116	0.495	0.469	0.265	0.146	0.131	0.138	0.248	0.136	0.116	0.116	0.114	0.116
13:40:01	0.521	0.508	0.253	0.161	0.131	0.127	0.241	0.134	0.115	0.116	0.116	0.114	0.522	0.521	0.268	0.157	0.131	0.130	0.241	0.137	0.115	0.113	0.115	0.114	0.520	0.476	0.257	0.158	0.131	0.128	0.248	0.137	0.116	0.115	0.114	0.114	0.505	0.476	0.266	0.160	0.130	0.129	0.226	0.140	0.116	0.116	0.114	0.114	0.510	0.464	0.275	0.160	0.130	0.132	0.223	0.169	0.119	0.117	0.114	0.115	0.498	0.483	0.269	0.160	0.131	0.128	0.252	0.155	0.118	0.118	0.115	0.116	0.498	0.500	0.271	0.150	0.127	0.126	0.242	0.139	0.116	0.112	0.114	0.116	0.503	0.472	0.269	0.145	0.131	0.139	0.251	0.136	0.116	0.116	0.113	0.116
14:00:01	0.520	0.555	0.253	0.161	0.132	0.128	0.244	0.134	0.115	0.116	0.116	0.114	0.527	0.580	0.269	0.157	0.132	0.130	0.242	0.136	0.115	0.113	0.115	0.114	0.520	0.483	0.258	0.158	0.131	0.129	0.248	0.139	0.116	0.115	0.114	0.114	0.511	0.483	0.267	0.161	0.130	0.129	0.224	0.141	0.115	0.116	0.114	0.113	0.514	0.471	0.277	0.160	0.130	0.132	0.223	0.170	0.118	0.117	0.114	0.115	0.504	0.487	0.271	0.160	0.131	0.129	0.255	0.153	0.118	0.117	0.115	0.115	0.504	0.503	0.273	0.149	0.127	0.126	0.246	0.136	0.116	0.112	0.114	0.116	0.507	0.474	0.271	0.146	0.132	0.140	0.255	0.136	0.116	0.115	0.113	0.116
14:20:01	0.520	0.598	0.254	0.162	0.132	0.129	0.247	0.134	0.115	0.116	0.116	0.114	0.528	0.589	0.271	0.158	0.132	0.131	0.244	0.137	0.115	0.113	0.115	0.114	0.519	0.490	0.259	0.159	0.132	0.129	0.251	0.138	0.116	0.115	0.114	0.114	0.513	0.488	0.267	0.161	0.130	0.129	0.224	0.140	0.115	0.116	0.114	0.113	0.518	0.479	0.276	0.160	0.131	0.132	0.229	0.171	0.119	0.117	0.114	0.115	0.508	0.491	0.270	0.160	0.131	0.129	0.258	0.150	0.118	0.117	0.115	0.115	0.508	0.508	0.272	0.150	0.127	0.127	0.250	0.137	0.116	0.111	0.114	0.116	0.508	0.477	0.269	0.145	0.132	0.140	0.262	0.139	0.116	0.116	0.113	0.116
14:40:01	0.520	0.605	0.255	0.162	0.132	0.130	0.250	0.134	0.115	0.116	0.116	0.114	0.526	0.595	0.273	0.158	0.132	0.131	0.245	0.138	0.115	0.113	0.115	0.114	0.519	0.498	0.260	0.159	0.132	0.130	0.254	0.137	0.116	0.115	0.114	0.114	0.515	0.494	0.270	0.162	0.130	0.129	0.229	0.142	0.115	0.116	0.114	0.113	0.518	0.485	0.280	0.161	0.131	0.132	0.232	0.170	0.118	0.117	0.114	0.115	0.511	0.496	0.273	0.161	0.132	0.129	0.263	0.155	0.118	0.117	0.115	0.115	0.513	0.511	0.275	0.152	0.128	0.128	0.253	0.138	0.116	0.112	0.114	0.116	0.511	0.481	0.273	0.146	0.132	0.141	0.261	0.137	0.116	0.116	0.113	0.116
15:00:01	0.518	0.614	0.256	0.162	0.133	0.131	0.250	0.139	0.115	0.116	0.116	0.114	0.525	0.600	0.275	0.158	0.133	0.132	0.246	0.138	0.115	0.113	0.115	0.114	0.520	0.506	0.261	0.160	0.132	0.130	0.257	0.139	0.116	0.115	0.114	0.114	0.517	0.501	0.271	0.162	0.131	0.130	0.228	0.141	0.115	0.116	0.114	0.113	0.518	0.489	0.281	0.161	0.131	0.132	0.236	0.172	0.118	0.117	0.114	0.115	0.513	0.500	0.274	0.162	0.132	0.129	0.267	0.157	0.118	0.117	0.115	0.116	0.517	0.513	0.276	0.153	0.128	0.128	0.256	0.139	0.116	0.112	0.114	0.116	0.511	0.486	0.273	0.146	0.133	0.142	0.266	0.137	0.116	0.116	0.113	0.116
15:20:01	0.518	0.615	0.257	0.162	0.133	0.131	0.253	0.139	0.115	0.116	0.116	0.114	0.525	0.605	0.276	0.158	0.133	0.132	0.245	0.138	0.115	0.113	0.115	0.114	0.521	0.513	0.262	0.160	0.132	0.130	0.259	0.139	0.116	0.115	0.114	0.114	0.521	0.507	0.272	0.162	0.131	0.129	0.234	0.141	0.115	0.115	0.114	0.113	0.518	0.491	0.283	0.162	0.131	0.132	0.232	0.174	0.118	0.117	0.114	0.115	0.511	0.502	0.275	0.163	0.132	0.129	0.271	0.157	0.118	0.117	0.115	0.115	0.519	0.516	0.277	0.153	0.129	0.129	0.258	0.138	0.116	0.112	0.114	0.116	0.514	0.491	0.275	0.146	0.133	0.142	0.267	0.139	0.116	0.115	0.113	0.116
15:40:01	0.518	0.614	0.257	0.162	0.134	0.132	0.251	0.139	0.115	0.116	0.116	0.114	0.525	0.585	0.278	0.158	0.133	0.132	0.246	0.136	0.115	0.113	0.115	0.114	0.521	0.521	0.263	0.160	0.133	0.130	0.260	0.138	0.116	0.115	0.114	0.114	0.533	0.512	0.274	0.162	0.131	0.130	0.231	0.143	0.115	0.115	0.114	0.113	0.511	0.495	0.284	0.162	0.132	0.132	0.236	0.174	0.118	0.117	0.114	0.115	0.509	0.505	0.277	0.163	0.133	0.130	0.275	0.159	0.118	0.117	0.115	0.115	0.519	0.521	0.278	0.153	0.129	0.129	0.263	0.138	0.116	0.112	0.114	0.116	0.518	0.496	0.276	0.148	0.134	0.143	0.271	0.138	0.116	0.115	0.113	0.116
16:00:01	0.518	0.576	0.258	0.162	0.134	0.133	0.252	0.140	0.115	0.116	0.116	0.113	0.526	0.556	0.279	0.158	0.134	0.132	0.247	0.137	0.115	0.113	0.114	0.114	0.521	0.529	0.264	0.160	0.133	0.131	0.258	0.140	0.116	0.115	0.114	0.114	0.542	0.517	0.276	0.163	0.132	0.130	0.232	0.143	0.115	0.116	0.114	0.113	0.508	0.499	0.286	0.162	0.132	0.133	0.237	0.174	0.118	0.117	0.114	0.115	0.502	0.507	0.278	0.164	0.133	0.130	0.279	0.160	0.118	0.117	0.115	0.115	0.519	0.524	0.279	0.155	0.130	0.129	0.263	0.140	0.116	0.112	0.114	0.116	0.522	0.500	0.277	0.147	0.134	0.143	0.274	0.140	0.116	0.115	0.113	0.116
16:20:01	0.518	0.572	0.259	0.163	0.134	0.133	0.252	0.141	0.115	0.116	0.116	0.114	0.526	0.552	0.281	0.158	0.135	0.133	0.247	0.137	0.115	0.113	0.115	0.114	0.521	0.533	0.265	0.160	0.134	0.131	0.260	0.138	0.116	0.115	0.114	0.114	0.551	0.524	0.276	0.163	0.132	0.131	0.233	0.145	0.115	0.116	0.114	0.113	0.504	0.502	0.287	0.162	0.133	0.133	0.238	0.175	0.118	0.117	0.114	0.115	0.499	0.510	0.278	0.164	0.134	0.131	0.280	0.161	0.118	0.117	0.115	0.115	0.516	0.526	0.281	0.156	0.131	0.130	0.264	0.138	0.116	0.112	0.114	0.116	0.519	0.504	0.278	0.150	0.135	0.143	0.275	0.137	0.116	0.115	0.113	0.116
16:40:01	0.519	0.570	0.259	0.163	0.135	0.133	0.253	0.141	0.115	0.116	0.116	0.113	0.527	0.551	0.283	0.158	0.136	0.133	0.249	0.136	0.115	0.113	0.115	0.114	0.521	0.536	0.266	0.160	0.134	0.131	0.261	0.140	0.116	0.115	0.114	0.114	0.551	0.530	0.278	0.163	0.133	0.131	0.234	0.143	0.115	0.116	0.114	0.113	0.513	0.506	0.288	0.162	0.133	0.134	0.233	0.174	0.118	0.117	0.114	0.115	0.496	0.512	0.280	0.165	0.134	0.131	0.284	0.161	0.117	0.117	0.115	0.115	0.516	0.529	0.282	0.158	0.133	0.130	0.266	0.139	0.116	0.112	0.114	0.116	0.522	0.507	0.280	0.150	0.136	0.144	0.269	0.138	0.116	0.115	0.113	0.116
17:00:01	0.522	0.569	0.260	0.163	0.136	0.133	0.253	0.140	0.115	0.116	0.116	0.113	0.528	0.552	0.284	0.158	0.137	0.133	0.249	0.136	0.115	0.113	0.114	0.114	0.523	0.539	0.269	0.160	0.135	0.132	0.260	0.139	0.116	0.115	0.114	0.114	0.549	0.534	0.282	0.163	0.133	0.131	0.239	0.145	0.115	0.115	0.114	0.113	0.515	0.513	0.291	0.162	0.134	0.134	0.240	0.176	0.118	0.117	0.114	0.115	0.498	0.517	0.282	0.165	0.135	0.132	0.288	0.159	0.117	0.117	0.115	0.115	0.515	0.532	0.283	0.159	0.134	0.131	0.267	0.139	0.117	0.113	0.114	0.116	0.538	0.514	0.281	0.151	0.137	0.144	0.270	0.138	0.117	0.115	0.113	0.116
17:20:01	0.522	0.565	0.261	0.163	0.138	0.134	0.253	0.142	0.115	0.116	0.116	0.113	0.527	0.550	0.286	0.158	0.140	0.134	0.249	0.137	0.114	0.113	0.115	0.114	0.522	0.540	0.268	0.160	0.136	0.132	0.261	0.141	0.116	0.115	0.114	0.114	0.543	0.536	0.279	0.163	0.135	0.132	0.237	0.144	0.115	0.115	0.114	0.113	0.526	0.512	0.289	0.162	0.135	0.135	0.240	0.176	0.118	0.117	0.114	0.115	0.489	0.517	0.280	0.164	0.135	0.132	0.290	0.161	0.117	0.117	0.115	0.115	0.509	0.528	0.281	0.158	0.135	0.131	0.267	0.139	0.116	0.111	0.114	0.116	0.541	0.512	0.279	0.151	0.138	0.144	0.275	0.139	0.116	0.116	0.113	0.116
17:40:01	0.524	0.562	0.261	0.163	0.138	0.134	0.255	0.142	0.115	0.116	0.116	0.113	0.528	0.548	0.287	0.158	0.141	0.135	0.248	0.136	0.115	0.113	0.114	0.114	0.522	0.545	0.269	0.160	0.137	0.133	0.259	0.139	0.116	0.115	0.114	0.114	0.541	0.536	0.282	0.163	0.136	0.133	0.239	0.144	0.115	0.115	0.114	0.113	0.529	0.519	0.292	0.162	0.137	0.135	0.240	0.176	0.118	0.117	0.114	0.115	0.500	0.520	0.283	0.166	0.137	0.133	0.295	0.165	0.117	0.117	0.115	0.115	0.517	0.529	0.284	0.162	0.137	0.132	0.267	0.141	0.116	0.112	0.114	0.116	0.543	0.515	0.283	0.151	0.139	0.146	0.276	0.140	0.116	0.115	0.113	0.116
18:00:01	0.526	0.559	0.262	0.163	0.140	0.134	0.254	0.141	0.115	0.116	0.116	0.113	0.528	0.546	0.289	0.157	0.143	0.136	0.250	0.137	0.115	0.113	0.114	0.114	0.522	0.543	0.271	0.160	0.138	0.133	0.261	0.141	0.116	0.115	0.114	0.114	0.527	0.539	0.284	0.163	0.137	0.133	0.240	0.146	0.115	0.115	0.114	0.113	0.530	0.526	0.293	0.162	0.138	0.136	0.243	0.178	0.118	0.117	0.114	0.115	0.501	0.519	0.283	0.167	0.138	0.133	0.298	0.165	0.118	0.117	0.115	0.115	0.518	0.531	0.285	0.164	0.138	0.133	0.272	0.139	0.116	0.112	0.114	0.116	0.549	0.516	0.285	0.152	0.140	0.147	0.268	0.140	0.116	0.115	0.113	0.116
18:20:01	0.529	0.558	0.263	0.163	0.141	0.135	0.255	0.141	0.115	0.116	0.116	0.113	0.529	0.545	0.292	0.158	0.144	0.136	0.249	0.136	0.115	0.113	0.115	0.114	0.523	0.551	0.274	0.161	0.139	0.134	0.261	0.143	0.116	0.115	0.114	0.114	0.536	0.543	0.288	0.164	0.138	0.134	0.239	0.147	0.115	0.115	0.114	0.113	0.538	0.532	0.297	0.163	0.139	0.136	0.243	0.176	0.118	0.117	0.114	0.115	0.519	0.522	0.287	0.167	0.141	0.134	0.297	0.164	0.117	0.117	0.115	0.115	0.530	0.535	0.287	0.163	0.140	0.133	0.270	0.138	0.117	0.113	0.114	0.116	0.551	0.517	0.286	0.152	0.141	0.147	0.272	0.141	0.117	0.115	0.114	0.116
18:40:01	0.529	0.555	0.263	0.164	0.142	0.135	0.256	0.141	0.115	0.115	0.116	0.113	0.529	0.543	0.292	0.158	0.145	0.137	0.252	0.136	0.114	0.113	0.114	0.114	0.522	0.559	0.273	0.161	0.143	0.135	0.258	0.142	0.116	0.115	0.114	0.114	0.565	0.547	0.286	0.164	0.142	0.134	0.241	0.146	0.115	0.115	0.114	0.113	0.532	0.530	0.296	0.163	0.141	0.137	0.241	0.177	0.118	0.117	0.114	0.115	0.523	0.521	0.285	0.168	0.143	0.135	0.299	0.168	0.117	0.117	0.115	0.115	0.527	0.534	0.287	0.167	0.143	0.134	0.270	0.140	0.116	0.112	0.114	0.116	0.553	0.514	0.287	0.152	0.143	0.148	0.274	0.143	0.116	0.115	0.113	0.116
19:00:01	0.530	0.553	0.263	0.164	0.143	0.136	0.258	0.141	0.115	0.116	0.116	0.114	0.528	0.543	0.293	0.158	0.144	0.138	0.251	0.138	0.115	0.113	0.115	0.114	0.521	0.555	0.274	0.161	0.149	0.135	0.260	0.140	0.116	0.115	0.114	0.114	0.566	0.549	0.288	0.164	0.145	0.135	0.240	0.147	0.115	0.115	0.114	0.113	0.557	0.529	0.297	0.163	0.144	0.137	0.241	0.177	0.118	0.117	0.114	0.115	0.521	0.525	0.287	0.169	0.144	0.135	0.297	0.170	0.118	0.117	0.115	0.116	0.529	0.543	0.287	0.169	0.144	0.135	0.269	0.139	0.116	0.112	0.114	0.116	0.556	0.516	0.287	0.152	0.144	0.149	0.275	0.142	0.116	0.115	0.114	0.116
19:20:01	0.534	0.554	0.265	0.164	0.144	0.137	0.259	0.141	0.116	0.116	0.116	0.114	0.530	0.543	0.294	0.159	0.148	0.137	0.253	0.137	0.115	0.113	0.115	0.114	0.521	0.561	0.277	0.161	0.149	0.136	0.261	0.142	0.116	0.115	0.114	0.114	0.564	0.552	0.291	0.164	0.144	0.135	0.239	0.151	0.115	0.116	0.114	0.113	0.568	0.533	0.297	0.163	0.146	0.138	0.246	0.178	0.118	0.117	0.114	0.115	0.523	0.524	0.286	0.167	0.147	0.136	0.297	0.167	0.117	0.116	0.115	0.116	0.526	0.563	0.285	0.166	0.145	0.136	0.269	0.140	0.116	0.112	0.114	0.116	0.586	0.522	0.283	0.152	0.145	0.149	0.275	0.141	0.117	0.114	0.114	0.116
19:40:01	0.534	0.553	0.265	0.165	0.146	0.137	0.259	0.142	0.115	0.116	0.116	0.113	0.529	0.543	0.295	0.158	0.149	0.139	0.253	0.139	0.115	0.113	0.115	0.114	0.519	0.563	0.276	0.161	0.152	0.137	0.259	0.144	0.116	0.115	0.114	0.114	0.547	0.564	0.290	0.164	0.147	0.136	0.240	0.148	0.115	0.116	0.114	0.113	0.565	0.534	0.298	0.163	0.150	0.138	0.244	0.178	0.118	0.117	0.114	0.115	0.544	0.532	0.287	0.169	0.148	0.137	0.297	0.172	0.118	0.117	0.115	0.116	0.543	0.568	0.287	0.171	0.148	0.137	0.271	0.139	0.116	0.112	0.114	0.116	0.584	0.528	0.287	0.152	0.147	0.150	0.277	0.142	0.116	0.115	0.114	0.116
20:00:01	0.536	0.552	0.265	0.165	0.148	0.138	0.261	0.142	0.115	0.116	0.116	0.113	0.528	0.543	0.296	0.159	0.147	0.140	0.255	0.138	0.115	0.113	0.115	0.114	0.518	0.579	0.277	0.161	0.155	0.137	0.261	0.145	0.116	0.115	0.114	0.114	0.523	0.579	0.289	0.164	0.151	0.137	0.240	0.148	0.115	0.116	0.114	0.114	0.559	0.548	0.299	0.163	0.149	0.140	0.247	0.179	0.118	0.117	0.114	0.115	0.558	0.554	0.288	0.169	0.149	0.138	0.293	0.171	0.118	0.117	0.115	0.116	0.562	0.576	0.287	0.172	0.151	0.137	0.270	0.140	0.116	0.112	0.114	0.116	0.588	0.533	0.287	0.152	0.148	0.151	0.279	0.142	0.116	0.115	0.114	0.116
20:20:02	0.539	0.552	0.265	0.166	0.150	0.138	0.262	0.142	0.115	0.116	0.116	0.113	0.528	0.544	0.297	0.159	0.149	0.140	0.255	0.138	0.115	0.113	0.115	0.114	0.517	0.593	0.278	0.161	0.157	0.138	0.261	0.145	0.116	0.115	0.114	0.114	0.508	0.585	0.290	0.164	0.152	0.138	0.241	0.148	0.115	0.115	0.114	0.113	0.549	0.567	0.299	0.163	0.151	0.141	0.245	0.180	0.118	0.117	0.114	0.115	0.564	0.567	0.287	0.169	0.151	0.139	0.296	0.172	0.117	0.117	0.115	0.116	0.566	0.588	0.287	0.172	0.150	0.138	0.269	0.141	0.116	0.112	0.114	0.116	0.592	0.538	0.288	0.153	0.150	0.152	0.276	0.142	0.116	0.115	0.114	0.116
20:40:02	0.541	0.553	0.266	0.166	0.152	0.139	0.263	0.141	0.115	0.116	0.116	0.113	0.527	0.544	0.297	0.159	0.153	0.141	0.255	0.137	0.115	0.113	0.115	0.114	0.515	0.604	0.278	0.161	0.158	0.139	0.260	0.145	0.116	0.115	0.114	0.114	0.508	0.587	0.291	0.164	0.152	0.138	0.241	0.149	0.115	0.115	0.114	0.113	0.537	0.586	0.300	0.163	0.149	0.142	0.242	0.180	0.118	0.116	0.114	0.115	0.560	0.569	0.288	0.169	0.150	0.139	0.294	0.173	0.117	0.117	0.115	0.116	0.566	0.586	0.287	0.174	0.152	0.139	0.271	0.141	0.116	0.112	0.114	0.116	0.597	0.556	0.289	0.153	0.151	0.152	0.277	0.140	0.116	0.115	0.114	0.116
21:00:02	0.544	0.554	0.267	0.167	0.153	0.140	0.265	0.141	0.115	0.116	0.116	0.114	0.528	0.545	0.299	0.159	0.151	0.141	0.259	0.137	0.115	0.113	0.115	0.114	0.516	0.609	0.282	0.161	0.155	0.140	0.262	0.143	0.116	0.115	0.114	0.114	0.525	0.592	0.296	0.165	0.152	0.140	0.243	0.151	0.115	0.115	0.114	0.113	0.539	0.589	0.302	0.163	0.151	0.143	0.237	0.181	0.118	0.117	0.114	0.115	0.563	0.580	0.290	0.170	0.151	0.140	0.293	0.173	0.117	0.117	0.115	0.116	0.572	0.581	0.289	0.176	0.153	0.139	0.269	0.143	0.117	0.113	0.114	0.116	0.602	0.565	0.291	0.153	0.154	0.153	0.285	0.139	0.117	0.114	0.114	0.116
21:20:02	0.545	0.552	0.267	0.168	0.155	0.140	0.266	0.142	0.115	0.115	0.116	0.113	0.527	0.543	0.299	0.159	0.157	0.142	0.258	0.137	0.114	0.113	0.114	0.114	0.514	0.610	0.281	0.160	0.155	0.140	0.263	0.144	0.116	0.115	0.114	0.114	0.540	0.581	0.293	0.164	0.154	0.140	0.241	0.149	0.114	0.115	0.114	0.113	0.537	0.589	0.301	0.163	0.151	0.144	0.242	0.181	0.118	0.116	0.114	0.114	0.550	0.582	0.289	0.170	0.152	0.141	0.296	0.176	0.117	0.117	0.115	0.115	0.570	0.575	0.287	0.178	0.161	0.140	0.268	0.142	0.116	0.112	0.114	0.116	0.593	0.568	0.290	0.153	0.155	0.154	0.284	0.141	0.116	0.115	0.113	0.116
21:40:02	0.548	0.552	0.268	0.168	0.157	0.140	0.266	0.142	0.115	0.115	0.116	0.113	0.526	0.543	0.300	0.159	0.153	0.142	0.259	0.138	0.114	0.113	0.114	0.114	0.512	0.613	0.281	0.160	0.157	0.141	0.263	0.145	0.116	0.115	0.114	0.114	0.546	0.585	0.293	0.165	0.151	0.141	0.239	0.148	0.114	0.115	0.114	0.113	0.542	0.581	0.301	0.162	0.154	0.145	0.247	0.181	0.117	0.116	0.114	0.114	0.543	0.568	0.289	0.170	0.152	0.142	0.293	0.178	0.117	0.117	0.115	0.115	0.571	0.578	0.287	0.179	0.158	0.141	0.270	0.142	0.116	0.112	0.114	0.116	0.589	0.575	0.290	0.153	0.158	0.154	0.282	0.143	0.116	0.115	0.113	0.116
22:00:02	0.552	0.554	0.269	0.169	0.156	0.141	0.269	0.142	0.115	0.115	0.116	0.113	0.527	0.544	0.302	0.159	0.164	0.143	0.259	0.137	0.114	0.113	0.114	0.113	0.512	0.615	0.285	0.161	0.158	0.142	0.266	0.146	0.115	0.115	0.114	0.114	0.551	0.591	0.298	0.166	0.152	0.142	0.243	0.151	0.115	0.115	0.114	0.113	0.545	0.588	0.304	0.163	0.154	0.146	0.248	0.183	0.117	0.116	0.114	0.114	0.556	0.573	0.291	0.171	0.157	0.143	0.292	0.175	0.117	0.116	0.115	0.115	0.577	0.580	0.288	0.180	0.167	0.141	0.270	0.141	0.116	0.113	0.113	0.116	0.582	0.575	0.291	0.153	0.161	0.155	0.283	0.144	0.117	0.114	0.113	0.116
22:20:02	0.555	0.554	0.270	0.170	0.158	0.142	0.270	0.142	0.115	0.116	0.116	0.113	0.527	0.544	0.304	0.159	0.158	0.144	0.261	0.137	0.115	0.113	0.114	0.114	0.511	0.605	0.286	0.161	0.159	0.143	0.266	0.145	0.116	0.115	0.114	0.114	0.547	0.592	0.299	0.166	0.153	0.143	0.243	0.152	0.115	0.115	0.114	0.113	0.541	0.608	0.305	0.163	0.154	0.147	0.248	0.184	0.118	0.116	0.114	0.115	0.557	0.574	0.291	0.171	0.161	0.144	0.293	0.176	0.117	0.117	0.115	0.115	0.574	0.598	0.289	0.181	0.165	0.143	0.273	0.143	0.117	0.113	0.114	0.116	0.562	0.566	0.292	0.153	0.163	0.157	0.284	0.145	0.117	0.114	0.114	0.116
22:40:02	0.557	0.552	0.270	0.170	0.158	0.143	0.270	0.143	0.115	0.115	0.116	0.113	0.525	0.542	0.303	0.159	0.159	0.145	0.263	0.138	0.114	0.113	0.114	0.114	0.509	0.614	0.284	0.160	0.157	0.144	0.267	0.146	0.116	0.115	0.114	0.114	0.546	0.592	0.294	0.165	0.157	0.144	0.241	0.150	0.115	0.115	0.114	0.113	0.535	0.587	0.303	0.163	0.155	0.148	0.245	0.183	0.118	0.116	0.114	0.115	0.546	0.577	0.290	0.171	0.162	0.145	0.295	0.178	0.117	0.117	0.115	0.115	0.561	0.603	0.289	0.184	0.166	0.144	0.279	0.144	0.116	0.112	0.114	0.116	0.540	0.559	0.292	0.153	0.167	0.157	0.287	0.146	0.116	0.114	0.113	0.116
23:00:02	0.560	0.552	0.270	0.171	0.159	0.143	0.271	0.142	0.115	0.115	0.116	0.113	0.525	0.542	0.305	0.160	0.162	0.146	0.264	0.137	0.114	0.113	0.114	0.114	0.508	0.619	0.285	0.160	0.159	0.144	0.267	0.146	0.116	0.115	0.114	0.114	0.547	0.591	0.296	0.166	0.156	0.145	0.241	0.150	0.114	0.115	0.114	0.113	0.536	0.604	0.303	0.162	0.157	0.149	0.245	0.182	0.118	0.116	0.114	0.114	0.538	0.590	0.290	0.172	0.165	0.146	0.294	0.179	0.117	0.117	0.115	0.115	0.549	0.600	0.289	0.185	0.166	0.145	0.277	0.143	0.116	0.112	0.114	0.116	0.534	0.586	0.292	0.153	0.167	0.158	0.290	0.144	0.116	0.114	0.113	0.116
23:20:02	0.564	0.551	0.272	0.172	0.160	0.144	0.272	0.143	0.115	0.115	0.116	0.113	0.525	0.541	0.307	0.160	0.162	0.146	0.265	0.137	0.114	0.113	0.114	0.114	0.507	0.609	0.285	0.160	0.163	0.146	0.268	0.146	0.116	0.115	0.114	0.114	0.544	0.571	0.297	0.167	0.157	0.146	0.242	0.152	0.114	0.115	0.114	0.113	0.536	0.593	0.303	0.162	0.159	0.150	0.247	0.184	0.118	0.116	0.114	0.114	0.532	0.594	0.291	0.172	0.171	0.147	0.293	0.183	0.117	0.117	0.115	0.115	0.539	0.605	0.289	0.186	0.167	0.146	0.277	0.143	0.116	0.112	0.114	0.116	0.530	0.585	0.292	0.153	0.178	0.159	0.293	0.145	0.116	0.114	0.113	0.116
23:40:02	0.568	0.551	0.272	0.172	0.160	0.145	0.272	0.143	0.115	0.115	0.116	0.113	0.525	0.539	0.308	0.160	0.162	0.147	0.265	0.137	0.114	0.113	0.114	0.114	0.506	0.597	0.286	0.160	0.164	0.146	0.269	0.145	0.116	0.115	0.114	0.114	0.540	0.547	0.296	0.166	0.160	0.147	0.242	0.151	0.115	0.115	0.114	0.113	0.535	0.576	0.303	0.163	0.162	0.152	0.247	0.184	0.118	0.116	0.114	0.114	0.532	0.593	0.291	0.172	0.174	0.148	0.294	0.182	0.117	0.117	0.115	0.115	0.537	0.609	0.289	0.188	0.172	0.147	0.278	0.143	0.116	0.112	0.114	0.116	0.527	0.593	0.292	0.153	0.178	0.160	0.296	0.145	0.116	0.114	0.113	0.116
24:00:02	0.572	0.551	0.273	0.173	0.162	0.146	0.273	0.143	0.115	0.115	0.116	0.113	0.525	0.538	0.308	0.160	0.164	0.148	0.265	0.141	0.114	0.113	0.114	0.114	0.504	0.578	0.286	0.161	0.167	0.147	0.271	0.147	0.116	0.115	0.114	0.114	0.539	0.542	0.296	0.167	0.161	0.148	0.240	0.151	0.115	0.116	0.114	0.113	0.533	0.547	0.304	0.163	0.165	0.152	0.245	0.186	0.118	0.116	0.114	0.115	0.534	0.595	0.292	0.173	0.178	0.149	0.293	0.186	0.118	0.117	0.115	0.115	0.535	0.610	0.290	0.190	0.164	0.148	0.278	0.145	0.116	0.112	0.114	0.116	0.525	0.597	0.293	0.154	0.178	0.161	0.300	0.144	0.116	0.115	0.113	0.116
24:20:02	0.576	0.550	0.275	0.174	0.163	0.146	0.274	0.143	0.115	0.115	0.116	0.113	0.525	0.537	0.308	0.160	0.166	0.150	0.266	0.142	0.114	0.113	0.114	0.114	0.503	0.571	0.287	0.161	0.170	0.148	0.273	0.146	0.116	0.115	0.114	0.114	0.536	0.547	0.297	0.167	0.162	0.149	0.240	0.152	0.115	0.115	0.114	0.113	0.532	0.526	0.304	0.163	0.166	0.153	0.245	0.186	0.118	0.116	0.114	0.114	0.532	0.599	0.292	0.174	0.181	0.149	0.296	0.185	0.117	0.117	0.115	0.115	0.531	0.610	0.291	0.191	0.176	0.149	0.279	0.145	0.116	0.112	0.114	0.116	0.525	0.601	0.294	0.154	0.175	0.162	0.304	0.145	0.116	0.115	0.113	0.116
24:40:02	0.581	0.549	0.276	0.175	0.164	0.148	0.275	0.143	0.115	0.115	0.116	0.113	0.526	0.537	0.307	0.160	0.168	0.150	0.266	0.142	0.114	0.113	0.114	0.114	0.503	0.576	0.288	0.161	0.171	0.149	0.274	0.147	0.116	0.115	0.114	0.114	0.536	0.561	0.298	0.168	0.165	0.150	0.240	0.152	0.115	0.115	0.114	0.113	0.532	0.521	0.304	0.163	0.169	0.155	0.245	0.188	0.118	0.116	0.114	0.114	0.530	0.600	0.293	0.174	0.184	0.150	0.295	0.185	0.117	0.117	0.115	0.115	0.530	0.609	0.291	0.191	0.180	0.150	0.281	0.147	0.116	0.112	0.114	0.116	0.526	0.606	0.295	0.154	0.178	0.162	0.308	0.146	0.116	0.114	0.113	0.116
25:00:02	0.585	0.548	0.277	0.176	0.165	0.148	0.276	0.143	0.115	0.115	0.116	0.113	0.526	0.536	0.307	0.161	0.171	0.151	0.268	0.143	0.114	0.113	0.114	0.114	0.502	0.583	0.290	0.161	0.171	0.150	0.275	0.147	0.116	0.115	0.114	0.114	0.536	0.573	0.299	0.169	0.167	0.151	0.240	0.153	0.115	0.115	0.114	0.113	0.530	0.526	0.305	0.164	0.170	0.155	0.245	0.188	0.118	0.116	0.114	0.114	0.529	0.599	0.294	0.175	0.188	0.151	0.297	0.186	0.118	0.117	0.115	0.115	0.530	0.603	0.292	0.192	0.177	0.152	0.280	0.147	0.116	0.112	0.114	0.116	0.528	0.606	0.296	0.154	0.176	0.164	0.312	0.146	0.117	0.114	0.113	0.116
25:20:02	0.590	0.548	0.278	0.177	0.166	0.147	0.277	0.143	0.115	0.115	0.116	0.113	0.527	0.535	0.307	0.161	0.171	0.151	0.268	0.142	0.114	0.113	0.114	0.114	0.502	0.579	0.291	0.161	0.173	0.151	0.277	0.147	0.116	0.115	0.114	0.114	0.536	0.575	0.300	0.170	0.171	0.152	0.241	0.151	0.115	0.116	0.114	0.113	0.530	0.534	0.306	0.164	0.171	0.157	0.244	0.189	0.118	0.116	0.114	0.114	0.530	0.597	0.294	0.176	0.191	0.152	0.298	0.187	0.118	0.117	0.115	0.115	0.530	0.593	0.293	0.193	0.178	0.152	0.282	0.147	0.116	0.112	0.114	0.116	0.529	0.605	0.297	0.155	0.178	0.165	0.318	0.146	0.116	0.115	0.113	0.116
25:40:02	0.595	0.547	0.279	0.178	0.167	0.149	0.278	0.143	0.115	0.115	0.116	0.113	0.528	0.534	0.307	0.161	0.171	0.151	0.269	0.144	0.114	0.113	0.114	0.114	0.501	0.572	0.292	0.161	0.175	0.152	0.280	0.147	0.116	0.115	0.114	0.114	0.536	0.568	0.300	0.170	0.174	0.154	0.240	0.154	0.115	0.116	0.114	0.113	0.530	0.545	0.306	0.164	0.173	0.158	0.243	0.189	0.118	0.116	0.114	0.114	0.530	0.593	0.295	0.177	0.195	0.153	0.300	0.189	0.118	0.117	0.115	0.115	0.531	0.577	0.294	0.193	0.180	0.154	0.285	0.147	0.116	0.112	0.114	0.116	0.531	0.603	0.297	0.155	0.186	0.165	0.322	0.147	0.117	0.115	0.113	0.116
26:00:02	0.601	0.548	0.283	0.179	0.168	0.151	0.280	0.143	0.115	0.115	0.116	0.113	0.530	0.534	0.309	0.162	0.172	0.153	0.271	0.143	0.114	0.113	0.114	0.114	0.502	0.572	0.297	0.162	0.178	0.153	0.282	0.147	0.116	0.115	0.114	0.114	0.538	0.566	0.305	0.172	0.178	0.155	0.239	0.156	0.115	0.115	0.114	0.113	0.531	0.559	0.309	0.165	0.176	0.159	0.244	0.190	0.118	0.116	0.114	0.115	0.532	0.589	0.298	0.177	0.199	0.154	0.302	0.188	0.117	0.117	0.115	0.115	0.532	0.565	0.296	0.193	0.183	0.153	0.287	0.147	0.116	0.113	0.114	0.116	0.534	0.599	0.297	0.156	0.182	0.166	0.326	0.146	0.117	0.114	0.113	0.116
26:20:02	0.605	0.545	0.281	0.180	0.169	0.151	0.279	0.143	0.115	0.115	0.116	0.113	0.529	0.531	0.307	0.162	0.173	0.153	0.271	0.144	0.114	0.113	0.114	0.114	0.500	0.567	0.294	0.162	0.178	0.153	0.282	0.147	0.116	0.115	0.114	0.114	0.536	0.561	0.302	0.172	0.181	0.157	0.239	0.154	0.115	0.115	0.114	0.113	0.531	0.566	0.306	0.165	0.178	0.160	0.245	0.191	0.118	0.116	0.114	0.114	0.531	0.571	0.297	0.177	0.206	0.155	0.302	0.189	0.117	0.117	0.115	0.115	0.533	0.558	0.294	0.195	0.185	0.157	0.288	0.147	0.116	0.112	0.114	0.116	0.534	0.581	0.295	0.157	0.189	0.168	0.332	0.146	0.116	0.115	0.113	0.116
26:40:02	0.609	0.544	0.282	0.181	0.170	0.153	0.280	0.143	0.115	0.115	0.116	0.113	0.530	0.530	0.307	0.163	0.174	0.154	0.271	0.144	0.114	0.113	0.114	0.114	0.500	0.563	0.296	0.162	0.179	0.153	0.283	0.147	0.116	0.115	0.114	0.114	0.536	0.560	0.303	0.173	0.184	0.157	0.240	0.155	0.115	0.115	0.114	0.113	0.530	0.567	0.307	0.165	0.181	0.163	0.245	0.191	0.118	0.116	0.114	0.114	0.531	0.559	0.297	0.178	0.210	0.157	0.303	0.190	0.118	0.117	0.115	0.115	0.533	0.552	0.294	0.196	0.188	0.156	0.290	0.147	0.116	0.112	0.114	0.116	0.535	0.561	0.294	0.157	0.188	0.168	0.337	0.147	0.116	0.115	0.113	0.116
27:00:02	0.614	0.544	0.284	0.182	0.171	0.156	0.281	0.144	0.115	0.115	0.116	0.113	0.532	0.529	0.308	0.163	0.173	0.155	0.273	0.143	0.114	0.113	0.114	0.114	0.501	0.561	0.297	0.163	0.182	0.155	0.286	0.147	0.116	0.115	0.114	0.114	0.536	0.556	0.303	0.174	0.187	0.159	0.242	0.155	0.115	0.116	0.114	0.113	0.532	0.567	0.307	0.166	0.184	0.163	0.243	0.191	0.118	0.117	0.114	0.115	0.532	0.558	0.298	0.179	0.212	0.158	0.305	0.190	0.118	0.117	0.115	0.115	0.534	0.549	0.294	0.197	0.203	0.160	0.292	0.148	0.116	0.112	0.114	0.116	0.535	0.554	0.294	0.158	0.189	0.169	0.341	0.146	0.116	0.114	0.113	0.116
27:20:02	0.620	0.543	0.286	0.183	0.171	0.156	0.283	0.144	0.115	0.115	0.116	0.113	0.533	0.529	0.309	0.164	0.174	0.157	0.274	0.143	0.114	0.113	0.114	0.114	0.501	0.559	0.297	0.163	0.182	0.157	0.286	0.147	0.116	0.115	0.114	0.114	0.536	0.555	0.303	0.175	0.191	0.162	0.239	0.155	0.115	0.116	0.114	0.113	0.531	0.564	0.307	0.166	0.188	0.165	0.244	0.193	0.118	0.117	0.114	0.115	0.533	0.555	0.299	0.180	0.214	0.160	0.307	0.191	0.118	0.117	0.115	0.115	0.535	0.548	0.294	0.199	0.196	0.161	0.295	0.148	0.116	0.112	0.114	0.116	0.536	0.550	0.294	0.160	0.192	0.171	0.345	0.146	0.116	0.114	0.113	0.116
27:40:02	0.625	0.543	0.288	0.184	0.172	0.161	0.284	0.144	0.115	0.115	0.116	0.113	0.534	0.528	0.310	0.164	0.175	0.156	0.276	0.143	0.114	0.113	0.114	0.114	0.502	0.560	0.298	0.163	0.184	0.157	0.288	0.148	0.116	0.115	0.114	0.114	0.536	0.554	0.303	0.176	0.193	0.164	0.240	0.157	0.115	0.116	0.114	0.113	0.532	0.559	0.307	0.167	0.191	0.167	0.244	0.195	0.118	0.117	0.114	0.115	0.534	0.551	0.298	0.181	0.215	0.162	0.310	0.192	0.118	0.117	0.115	0.115	0.535	0.548	0.294	0.200	0.203	0.164	0.296	0.148	0.116	0.112	0.114	0.116	0.536	0.547	0.295	0.161	0.194	0.171	0.350	0.147	0.116	0.114	0.114	0.116
28:00:02	0.630	0.542	0.291	0.185	0.173	0.161	0.287	0.144	0.115	0.115	0.116	0.113	0.535	0.528	0.311	0.165	0.175	0.158	0.276	0.143	0.114	0.113	0.114	0.114	0.503	0.560	0.299	0.164	0.188	0.160	0.289	0.148	0.116	0.115	0.114	0.114	0.535	0.554	0.304	0.177	0.197	0.165	0.240	0.157	0.115	0.116	0.114	0.113	0.532	0.555	0.307	0.167	0.194	0.170	0.243	0.195	0.118	0.117	0.114	0.115	0.534	0.549	0.299	0.181	0.218	0.165	0.313	0.193	0.118	0.117	0.115	0.115	0.536	0.549	0.295	0.202	0.200	0.164	0.297	0.148	0.116	0.112	0.114	0.116	0.536	0.546	0.296	0.162	0.198	0.174	0.353	0.147	0.116	0.114	0.113	0.116
28:20:02	0.635	0.542	0.293	0.187	0.174	0.163	0.288	0.144	0.115	0.115	0.116	0.113	0.536	0.527	0.312	0.165	0.176	0.158	0.277	0.144	0.114	0.113	0.114	0.114	0.504	0.561	0.299	0.164	0.192	0.161	0.292	0.147	0.116	0.115	0.114	0.114	0.535	0.554	0.303	0.178	0.199	0.169	0.242	0.158	0.116	0.116	0.114	0.113	0.532	0.554	0.308	0.168	0.196	0.171	0.242	0.195	0.118	0.117	0.114	0.115	0.534	0.550	0.299	0.182	0.219	0.166	0.314	0.194	0.118	0.117	0.115	0.115	0.536	0.549	0.297	0.203	0.203	0.167	0.298	0.148	0.116	0.112	0.114	0.116	0.536	0.546	0.298	0.165	0.197	0.177	0.358	0.147	0.116	0.115	0.114	0.116
28:40:02	0.641	0.541	0.295	0.188	0.175	0.164	0.290	0.144	0.115	0.115	0.116	0.113	0.537	0.527	0.314	0.166	0.176	0.160	0.278	0.144	0.114	0.113	0.114	0.114	0.504	0.560	0.301	0.164	0.195	0.164	0.293	0.148	0.116	0.115	0.114	0.114	0.534	0.554	0.303	0.179	0.201	0.170	0.243	0.158	0.115	0.116	0.114	0.113	0.531	0.554	0.308	0.168	0.199	0.173	0.246	0.196	0.118	0.117	0.114	0.114	0.534	0.549	0.301	0.183	0.219	0.169	0.315	0.195	0.118	0.117	0.115	0.115	0.537	0.550	0.298	0.204	0.208	0.170	0.300	0.148	0.116	0.112	0.114	0.116	0.535	0.547	0.299	0.166	0.197	0.178	0.362	0.147	0.116	0.115	0.114	0.116
29:00:02	0.646	0.541	0.297	0.190	0.175	0.166	0.293	0.144	0.115	0.115	0.116	0.113	0.538	0.527	0.318	0.167	0.178	0.160	0.279	0.144	0.114	0.113	0.114	0.114	0.504	0.560	0.302	0.165	0.199	0.165	0.294	0.148	0.116	0.115	0.114	0.114	0.534	0.555	0.305	0.181	0.203	0.174	0.244	0.158	0.115	0.116	0.114	0.113	0.530	0.553	0.308	0.169	0.202	0.175	0.245	0.196	0.118	0.117	0.114	0.114	0.534	0.549	0.301	0.184	0.221	0.172	0.317	0.195	0.118	0.117	0.115	0.115	0.537	0.550	0.299	0.206	0.202	0.173	0.302	0.148	0.116	0.112	0.114	0.116	0.535	0.547	0.301	0.168	0.198	0.182	0.369	0.147	0.116	0.114	0.113	0.116
29:20:02	0.652	0.540	0.298	0.191	0.176	0.165	0.295	0.144	0.115	0.115	0.116	0.113	0.540	0.526	0.320	0.168	0.179	0.161	0.281	0.143	0.114	0.113	0.114	0.113	0.504	0.561	0.303	0.165	0.202	0.168	0.295	0.148	0.116	0.115	0.114	0.114	0.532	0.556	0.305	0.182	0.204	0.174	0.242	0.159	0.115	0.115	0.114	0.113	0.530	0.553	0.309	0.170	0.205	0.178	0.245	0.197	0.118	0.117	0.114	0.114	0.533	0.549	0.302	0.185	0.224	0.172	0.321	0.195	0.118	0.117	0.115	0.115	0.537	0.551	0.300	0.207	0.207	0.176	0.304	0.148	0.116	0.112	0.114	0.116	0.535	0.548	0.303	0.170	0.200	0.181	0.374	0.147	0.116	0.114	0.113	0.116
29:40:02	0.659	0.542	0.304	0.193	0.176	0.170	0.301	0.144	0.115	0.115	0.116	0.113	0.543	0.528	0.330	0.170	0.181	0.163	0.286	0.143	0.114	0.113	0.114	0.114	0.506	0.563	0.310	0.167	0.206	0.171	0.301	0.148	0.116	0.115	0.114	0.114	0.533	0.557	0.310	0.184	0.207	0.177	0.244	0.163	0.116	0.116	0.114	0.113	0.531	0.555	0.313	0.171	0.208	0.180	0.245	0.198	0.118	0.117	0.114	0.114	0.534	0.551	0.305	0.187	0.227	0.175	0.325	0.195	0.117	0.117	0.115	0.115	0.538	0.552	0.304	0.208	0.210	0.178	0.307	0.148	0.116	0.113	0.114	0.116	0.536	0.549	0.306	0.171	0.202	0.187	0.375	0.147	0.117	0.114	0.113	0.116
30:00:02	0.661	0.540	0.302	0.195	0.176	0.172	0.299	0.144	0.115	0.115	0.116	0.113	0.543	0.525	0.324	0.169	0.182	0.166	0.284	0.144	0.114	0.113	0.114	0.114	0.505	0.562	0.305	0.166	0.206	0.170	0.300	0.148	0.116	0.115	0.114	0.114	0.532	0.557	0.304	0.183	0.207	0.180	0.242	0.159	0.116	0.116	0.114	0.113	0.530	0.554	0.309	0.171	0.209	0.181	0.243	0.197	0.118	0.117	0.114	0.114	0.532	0.550	0.302	0.187	0.228	0.178	0.324	0.197	0.118	0.117	0.115	0.115	0.536	0.551	0.302	0.209	0.212	0.180	0.308	0.148	0.116	0.112	0.114	0.116	0.534	0.548	0.305	0.175	0.205	0.188	0.376	0.147	0.116	0.115	0.114	0.116
30:20:02	0.667	0.540	0.302	0.196	0.177	0.173	0.302	0.144	0.115	0.115	0.116	0.113	0.545	0.525	0.327	0.170	0.184	0.165	0.285	0.144	0.114	0.113	0.114	0.114	0.506	0.562	0.306	0.167	0.207	0.175	0.300	0.148	0.116	0.115	0.114	0.114	0.531	0.557	0.304	0.184	0.209	0.180	0.239	0.159	0.116	0.116	0.114	0.113	0.529	0.554	0.309	0.172	0.211	0.182	0.243	0.198	0.118	0.117	0.114	0.114	0.532	0.550	0.302	0.188	0.228	0.176	0.326	0.198	0.118	0.117	0.115	0.115	0.536	0.552	0.303	0.210	0.214	0.185	0.310	0.148	0.116	0.112	0.114	0.116	0.534	0.549	0.307	0.177	0.207	0.193	0.378	0.147	0.116	0.114	0.113	0.116
30:40:02	0.671	0.540	0.304	0.198	0.178	0.181	0.306	0.144	0.115	0.115	0.116	0.113	0.546	0.525	0.329	0.171	0.186	0.168	0.288	0.144	0.114	0.113	0.114	0.114	0.506	0.561	0.307	0.168	0.209	0.176	0.303	0.148	0.116	0.115	0.114	0.114	0.530	0.557	0.304	0.185	0.210	0.184	0.239	0.161	0.116	0.116	0.114	0.113	0.529	0.554	0.309	0.172	0.212	0.184	0.243	0.198	0.118	0.117	0.114	0.114	0.532	0.550	0.302	0.189	0.230	0.179	0.328	0.199	0.118	0.117	0.115	0.115	0.535	0.552	0.305	0.211	0.215	0.189	0.314	0.148	0.116	0.112	0.114	0.116	0.534	0.549	0.308	0.180	0.210	0.194	0.379	0.147	0.116	0.115	0.114	0.116
31:00:02	0.676	0.540	0.306	0.199	0.179	0.183	0.309	0.144	0.115	0.115	0.116	0.113	0.547	0.526	0.332	0.172	0.188	0.168	0.289	0.144	0.114	0.113	0.114	0.114	0.506	0.561	0.308	0.169	0.212	0.176	0.307	0.148	0.116	0.115	0.114	0.114	0.530	0.557	0.305	0.186	0.212	0.185	0.247	0.160	0.116	0.116	0.114	0.113	0.529	0.554	0.310	0.173	0.214	0.186	0.245	0.198	0.118	0.117	0.114	0.114	0.532	0.550	0.303	0.190	0.231	0.180	0.330	0.199	0.118	0.118	0.115	0.115	0.535	0.551	0.305	0.212	0.221	0.188	0.316	0.148	0.116	0.112	0.114	0.116	0.534	0.548	0.309	0.182	0.213	0.196	0.380	0.147	0.116	0.115	0.113	0.116
31:20:02	0.681	0.541	0.308	0.201	0.180	0.182	0.312	0.144	0.115	0.115	0.116	0.113	0.549	0.526	0.336	0.174	0.189	0.170	0.290	0.144	0.114	0.113	0.114	0.114	0.507	0.560	0.309	0.170	0.216	0.178	0.308	0.148	0.116	0.115	0.114	0.114	0.530	0.557	0.307	0.187	0.214	0.185	0.244	0.162	0.116	0.116	0.114	0.113	0.527	0.554	0.311	0.174	0.216	0.189	0.244	0.199	0.118	0.117	0.114	0.114	0.531	0.550	0.303	0.191	0.236	0.180	0.332	0.200	0.118	0.117	0.115	0.115	0.535	0.551	0.307	0.213	0.224	0.190	0.319	0.148	0.116	0.112	0.114	0.116	0.533	0.548	0.310	0.185	0.216	0.196	0.378	0.147	0.116	0.115	0.113	0.116
31:40:02	0.688	0.544	0.316	0.203	0.182	0.190	0.320	0.143	0.115	0.116	0.116	0.113	0.552	0.529	0.347	0.177	0.194	0.172	0.301	0.144	0.114	0.113	0.114	0.114	0.510	0.562	0.316	0.172	0.222	0.182	0.313	0.148	0.116	0.115	0.114	0.114	0.530	0.558	0.316	0.190	0.219	0.190	0.245	0.165	0.116	0.116	0.114	0.113	0.529	0.557	0.317	0.176	0.219	0.192	0.246	0.200	0.119	0.117	0.114	0.115	0.532	0.552	0.309	0.193	0.241	0.182	0.340	0.199	0.118	0.118	0.115	0.116	0.536	0.552	0.312	0.215	0.226	0.193	0.324	0.149	0.117	0.113	0.114	0.116	0.534	0.549	0.315	0.187	0.221	0.202	0.382	0.147	0.117	0.114	0.114	0.116
32:00:02	0.690	0.542	0.313	0.205	0.183	0.183	0.317	0.144	0.115	0.115	0.116	0.113	0.552	0.527	0.341	0.177	0.194	0.169	0.302	0.144	0.114	0.113	0.114	0.114	0.508	0.560	0.311	0.172	0.221	0.184	0.313	0.148	0.116	0.115	0.114	0.114	0.528	0.555	0.309	0.189	0.218	0.190	0.242	0.162	0.116	0.116	0.114	0.113	0.526	0.556	0.314	0.176	0.219	0.192	0.245	0.200	0.119	0.117	0.114	0.114	0.530	0.551	0.306	0.193	0.253	0.182	0.342	0.200	0.118	0.118	0.115	0.115	0.534	0.550	0.310	0.215	0.232	0.195	0.330	0.149	0.116	0.112	0.114	0.116	0.531	0.547	0.314	0.191	0.228	0.209	0.381	0.148	0.116	0.115	0.114	0.116
32:20:02	0.694	0.542	0.315	0.206	0.185	0.190	0.320	0.143	0.115	0.115	0.116	0.113	0.553	0.527	0.348	0.179	0.197	0.172	0.307	0.144	0.114	0.113	0.114	0.114	0.509	0.560	0.312	0.173	0.223	0.185	0.314	0.148	0.116	0.115	0.114	0.114	0.527	0.556	0.311	0.191	0.220	0.192	0.240	0.164	0.116	0.116	0.114	0.113	0.526	0.555	0.316	0.177	0.221	0.195	0.246	0.200	0.119	0.117	0.114	0.114	0.530	0.550	0.308	0.194	0.264	0.182	0.343	0.201	0.118	0.117	0.115	0.115	0.533	0.551	0.311	0.216	0.235	0.195	0.337	0.148	0.116	0.113	0.114	0.116	0.531	0.546	0.317	0.193	0.230	0.210	0.380	0.147	0.116	0.114	0.114	0.116
32:40:02	0.698	0.544	0.318	0.208	0.188	0.195	0.322	0.144	0.115	0.115	0.116	0.113	0.555	0.528	0.348	0.181	0.198	0.172	0.310	0.144	0.114	0.113	0.114	0.114	0.509	0.559	0.313	0.174	0.225	0.187	0.317	0.148	0.116	0.115	0.114	0.114	0.527	0.555	0.312	0.191	0.221	0.195	0.243	0.164	0.116	0.116	0.114	0.113	0.525	0.555	0.318	0.178	0.223	0.196	0.246	0.200	0.119	0.117	0.114	0.114	0.529	0.550	0.309	0.195	0.268	0.182	0.343	0.202	0.118	0.118	0.115	0.115	0.533	0.550	0.313	0.217	0.238	0.197	0.340	0.149	0.116	0.113	0.114	0.116	0.530	0.546	0.319	0.196	0.233	0.213	0.381	0.147	0.116	0.114	0.114	0.116
33:00:02	0.701	0.544	0.321	0.210	0.192	0.196	0.324	0.144	0.115	0.115	0.116	0.113	0.556	0.527	0.353	0.183	0.201	0.175	0.314	0.144	0.114	0.113	0.114	0.114	0.509	0.559	0.315	0.175	0.229	0.189	0.318	0.148	0.116	0.115	0.114	0.114	0.526	0.554	0.314	0.193	0.223	0.197	0.250	0.166	0.116	0.116	0.114	0.113	0.524	0.555	0.319	0.179	0.225	0.198	0.246	0.201	0.119	0.117	0.114	0.114	0.528	0.550	0.309	0.196	0.274	0.183	0.343	0.202	0.118	0.117	0.115	0.115	0.532	0.550	0.315	0.218	0.242	0.198	0.341	0.148	0.116	0.113	0.114	0.116	0.530	0.546	0.321	0.200	0.237	0.220	0.380	0.147	0.116	0.114	0.113	0.116
33:20:02	0.704	0.545	0.324	0.211	0.195	0.199	0.327	0.144	0.115	0.115	0.116	0.113	0.557	0.528	0.355	0.184	0.204	0.175	0.313	0.144	0.114	0.113	0.114	0.114	0.511	0.557	0.317	0.176	0.232	0.191	0.323	0.148	0.116	0.115	0.114	0.114	0.527	0.553	0.316	0.193	0.224	0.197	0.248	0.166	0.116	0.116	0.114	0.113	0.524	0.554	0.321	0.180	0.227	0.200	0.246	0.201	0.119	0.117	0.114	0.114	0.528	0.550	0.311	0.197	0.271	0.184	0.342	0.203	0.119	0.118	0.115	0.115	0.532	0.550	0.317	0.219	0.245	0.200	0.343	0.149	0.116	0.112	0.114	0.116	0.530	0.544	0.324	0.203	0.242	0.223	0.380	0.147	0.116	0.114	0.113	0.116
33:40:02	0.707	0.545	0.327	0.213	0.198	0.195	0.329	0.144	0.115	0.115	0.116	0.113	0.558	0.528	0.356	0.185	0.205	0.177	0.315	0.144	0.114	0.113	0.114	0.114	0.510	0.557	0.318	0.177	0.234	0.193	0.332	0.148	0.116	0.115	0.114	0.114	0.526	0.553	0.317	0.195	0.226	0.200	0.250	0.166	0.117	0.116	0.114	0.113	0.523	0.553	0.323	0.180	0.228	0.202	0.246	0.202	0.119	0.117	0.114	0.114	0.527	0.549	0.313	0.199	0.270	0.185	0.342	0.203	0.119	0.118	0.115	0.115	0.531	0.551	0.319	0.219	0.248	0.202	0.344	0.149	0.116	0.113	0.114	0.116	0.530	0.543	0.325	0.206	0.247	0.224	0.380	0.147	0.116	0.115	0.113	0.116
34:00:02	0.710	0.546	0.329	0.215	0.200	0.195	0.329	0.144	0.115	0.115	0.116	0.113	0.560	0.529	0.359	0.186	0.205	0.175	0.316	0.144	0.114	0.113	0.114	0.114	0.511	0.556	0.320	0.179	0.235	0.193	0.340	0.149	0.116	0.115	0.114	0.114	0.525	0.552	0.317	0.195	0.227	0.199	0.248	0.167	0.117	0.117	0.114	0.113	0.523	0.552	0.325	0.181	0.229	0.204	0.247	0.202	0.119	0.117	0.114	0.114	0.526	0.549	0.313	0.200	0.270	0.185	0.342	0.204	0.120	0.118	0.115	0.115	0.531	0.550	0.321	0.220	0.251	0.204	0.344	0.149	0.116	0.113	0.114	0.116	0.529	0.542	0.327	0.207	0.252	0.225	0.380	0.148	0.116	0.115	0.113	0.116
34:20:02	0.713	0.547	0.332	0.216	0.201	0.198	0.330	0.144	0.115	0.115	0.116	0.113	0.561	0.530	0.361	0.187	0.206	0.175	0.317	0.144	0.114	0.113	0.114	0.114	0.511	0.556	0.322	0.180	0.237	0.196	0.343	0.148	0.116	0.115	0.114	0.114	0.525	0.551	0.320	0.197	0.230	0.200	0.244	0.167	0.117	0.117	0.114	0.113	0.522	0.552	0.326	0.181	0.230	0.206	0.247	0.203	0.119	0.117	0.114	0.114	0.525	0.549	0.315	0.201	0.269	0.186	0.342	0.204	0.119	0.118	0.115	0.115	0.530	0.550	0.322	0.221	0.254	0.206	0.345	0.149	0.116	0.113	0.114	0.116	0.529	0.541	0.330	0.208	0.257	0.232	0.379	0.148	0.116	0.115	0.113	0.116
34:40:02	0.715	0.549	0.344	0.218	0.215	0.200	0.340	0.144	0.115	0.116	0.116	0.113	0.563	0.531	0.372	0.192	0.212	0.178	0.326	0.145	0.114	0.113	0.115	0.114	0.513	0.557	0.330	0.184	0.241	0.200	0.351	0.149	0.117	0.115	0.114	0.114	0.525	0.551	0.327	0.198	0.234	0.203	0.250	0.172	0.117	0.117	0.115	0.113	0.523	0.553	0.329	0.181	0.234	0.210	0.248	0.203	0.119	0.117	0.114	0.114	0.525	0.550	0.319	0.200	0.264	0.187	0.342	0.203	0.119	0.118	0.115	0.116	0.530	0.549	0.322	0.220	0.254	0.204	0.344	0.149	0.116	0.112	0.114	0.116	0.529	0.542	0.330	0.204	0.254	0.229	0.378	0.148	0.117	0.114	0.114	0.116
35:00:02	0.719	0.548	0.337	0.220	0.214	0.201	0.335	0.144	0.115	0.115	0.116	0.113	0.565	0.530	0.367	0.191	0.213	0.176	0.324	0.144	0.114	0.113	0.114	0.114	0.513	0.555	0.326	0.183	0.241	0.198	0.346	0.148	0.117	0.115	0.114	0.114	0.524	0.550	0.324	0.199	0.233	0.203	0.251	0.168	0.117	0.116	0.114	0.113	0.522	0.552	0.329	0.183	0.233	0.210	0.247	0.203	0.119	0.117	0.114	0.114	0.524	0.549	0.320	0.204	0.262	0.189	0.341	0.205	0.120	0.118	0.115	0.115	0.529	0.549	0.325	0.222	0.260	0.207	0.346	0.149	0.116	0.113	0.114	0.116	0.529	0.542	0.336	0.210	0.263	0.230	0.380	0.148	0.116	0.115	0.113	0.116
35:20:02	0.720	0.549	0.341	0.222	0.216	0.199	0.336	0.144	0.115	0.115	0.116	0.113	0.566	0.531	0.370	0.193	0.219	0.177	0.325	0.144	0.114	0.113	0.114	0.114	0.514	0.554	0.329	0.185	0.244	0.199	0.350	0.149	0.117	0.115	0.114	0.114	0.523	0.550	0.329	0.202	0.236	0.206	0.247	0.170	0.117	0.116	0.114	0.113	0.521	0.551	0.331	0.184	0.234	0.212	0.248	0.204	0.120	0.117	0.114	0.114	0.524	0.549	0.323	0.206	0.262	0.192	0.341	0.206	0.120	0.118	0.115	0.115	0.529	0.549	0.327	0.222	0.263	0.207	0.346	0.150	0.116	0.113	0.114	0.116	0.529	0.541	0.338	0.211	0.265	0.235	0.379	0.148	0.116	0.114	0.113	0.116
35:40:02	0.722	0.550	0.343	0.223	0.215	0.197	0.336	0.144	0.115	0.115	0.116	0.113	0.568	0.532	0.373	0.196	0.225	0.178	0.326	0.144	0.114	0.113	0.114	0.114	0.514	0.553	0.331	0.187	0.246	0.201	0.349	0.149	0.116	0.115	0.114	0.114	0.524	0.550	0.331	0.203	0.238	0.206	0.250	0.171	0.117	0.116	0.114	0.113	0.521	0.550	0.333	0.185	0.234	0.214	0.248	0.204	0.119	0.117	0.114	0.114	0.523	0.548	0.323	0.207	0.262	0.192	0.341	0.206	0.119	0.118	0.115	0.115	0.529	0.548	0.328	0.222	0.266	0.210	0.347	0.150	0.116	0.113	0.114	0.116	0.530	0.540	0.341	0.213	0.267	0.238	0.378	0.148	0.116	0.114	0.113	0.116
36:00:03	0.724	0.550	0.346	0.225	0.215	0.198	0.338	0.144	0.115	0.115	0.116	0.113	0.569	0.533	0.377	0.197	0.226	0.178	0.325	0.144	0.114	0.113	0.114	0.114	0.515	0.553	0.333	0.189	0.248	0.204	0.351	0.149	0.117	0.115	0.114	0.114	0.523	0.549	0.331	0.204	0.237	0.205	0.247	0.171	0.117	0.116	0.114	0.113	0.520	0.550	0.334	0.186	0.236	0.217	0.248	0.205	0.120	0.117	0.114	0.114	0.523	0.548	0.325	0.208	0.261	0.194	0.340	0.207	0.120	0.118	0.115	0.115	0.529	0.547	0.330	0.223	0.269	0.212	0.348	0.150	0.116	0.113	0.114	0.116	0.530	0.540	0.342	0.215	0.271	0.241	0.378	0.148	0.116	0.114	0.113	0.116
36:20:03	0.724	0.551	0.349	0.226	0.216	0.198	0.340	0.144	0.115	0.115	0.116	0.113	0.571	0.533	0.382	0.199	0.230	0.178	0.325	0.144	0.114	0.113	0.114	0.114	0.516	0.553	0.334	0.191	0.251	0.206	0.351	0.149	0.117	0.116	0.114	0.114	0.523	0.548	0.332	0.205	0.238	0.207	0.256	0.172	0.117	0.117	0.114	0.113	0.520	0.549	0.336	0.188	0.238	0.218	0.249	0.205	0.120	0.117	0.114	0.114	0.522	0.548	0.326	0.209	0.261	0.194	0.339	0.207	0.120	0.118	0.115	0.115	0.529	0.547	0.332	0.223	0.272	0.213	0.348	0.151	0.116	0.113	0.114	0.116	0.530	0.540	0.344	0.216	0.273	0.246	0.377	0.148	0.116	0.115	0.113	0.116
36:40:03	0.723	0.551	0.354	0.228	0.220	0.198	0.343	0.144	0.115	0.115	0.116	0.113	0.572	0.533	0.386	0.201	0.231	0.179	0.328	0.144	0.114	0.113	0.114	0.114	0.516	0.552	0.335	0.192	0.254	0.208	0.354	0.149	0.117	0.116	0.114	0.114	0.522	0.547	0.331	0.205	0.236	0.209	0.256	0.174	0.118	0.117	0.114	0.113	0.519	0.548	0.335	0.187	0.239	0.220	0.251	0.205	0.120	0.117	0.114	0.114	0.521	0.546	0.324	0.208	0.260	0.193	0.338	0.207	0.120	0.118	0.115	0.115	0.527	0.546	0.330	0.222	0.271	0.212	0.346	0.151	0.116	0.111	0.114	0.116	0.529	0.538	0.342	0.214	0.269	0.248	0.375	0.148	0.116	0.115	0.113	0.116
37:00:03	0.723	0.552	0.356	0.229	0.223	0.200	0.343	0.144	0.115	0.115	0.116	0.113	0.573	0.534	0.388	0.203	0.233	0.179	0.328	0.144	0.114	0.113	0.114	0.114	0.516	0.552	0.340	0.194	0.254	0.209	0.353	0.149	0.117	0.116	0.114	0.114	0.522	0.547	0.333	0.206	0.232	0.209	0.246	0.173	0.118	0.117	0.114	0.113	0.519	0.548	0.336	0.188	0.241	0.222	0.250	0.206	0.120	0.117	0.114	0.114	0.520	0.546	0.326	0.209	0.261	0.193	0.338	0.207	0.120	0.118	0.115	0.115	0.527	0.546	0.332	0.223	0.273	0.212	0.346	0.151	0.116	0.111	0.114	0.116	0.530	0.537	0.343	0.215	0.271	0.252	0.375	0.148	0.116	0.114	0.113	0.116
37:20:03	0.722	0.553	0.358	0.230	0.222	0.200	0.344	0.144	0.115	0.115	0.116	0.113	0.575	0.535	0.389	0.205	0.234	0.181	0.329	0.144	0.114	0.113	0.114	0.113	0.517	0.552	0.342	0.196	0.257	0.210	0.354	0.149	0.117	0.116	0.114	0.114	0.522	0.547	0.337	0.207	0.232	0.211	0.248	0.174	0.118	0.117	0.114	0.113	0.519	0.548	0.338	0.190	0.243	0.224	0.252	0.206	0.120	0.117	0.114	0.114	0.520	0.544	0.327	0.210	0.264	0.193	0.337	0.207	0.120	0.118	0.116	0.115	0.527	0.545	0.334	0.223	0.275	0.213	0.346	0.152	0.116	0.111	0.114	0.116	0.530	0.536	0.345	0.217	0.273	0.252	0.375	0.148	0.116	0.115	0.113	0.116
37:40:03	0.720	0.553	0.360	0.232	0.221	0.203	0.345	0.144	0.115	0.115	0.116	0.113	0.577	0.535	0.388	0.208	0.238	0.184	0.332	0.144	0.114	0.113	0.114	0.114	0.517	0.551	0.344	0.198	0.259	0.212	0.353	0.149	0.117	0.116	0.114	0.114	0.523	0.547	0.341	0.209	0.232	0.212	0.249	0.176	0.118	0.117	0.114	0.113	0.519	0.547	0.339	0.192	0.244	0.223	0.251	0.207	0.120	0.117	0.114	0.114	0.520	0.545	0.332	0.212	0.267	0.196	0.337	0.208	0.120	0.118	0.115	0.115	0.527	0.545	0.336	0.224	0.277	0.213	0.346	0.152	0.116	0.110	0.114	0.116	0.531	0.535	0.346	0.219	0.274	0.252	0.375	0.148	0.116	0.114	0.113	0.116
38:00:03	0.718	0.554	0.362	0.233	0.223	0.203	0.346	0.144	0.115	0.115	0.116	0.113	0.579	0.536	0.390	0.209	0.241	0.186	0.332	0.144	0.114	0.113	0.114	0.114	0.518	0.551	0.346	0.199	0.260	0.215	0.353	0.149	0.117	0.116	0.114	0.114	0.522	0.545	0.342	0.210	0.234	0.214	0.249	0.176	0.118	0.117	0.114	0.113	0.518	0.546	0.341	0.193	0.245	0.225	0.253	0.208	0.120	0.117	0.114	0.114	0.520	0.543	0.334	0.213	0.270	0.196	0.336	0.210	0.120	0.118	0.115	0.115	0.527	0.543	0.338	0.224	0.279	0.215	0.346	0.153	0.116	0.110	0.114	0.116	0.531	0.535	0.348	0.221	0.275	0.249	0.374	0.148	0.116	0.114	0.113	0.116
38:20:03	0.716	0.555	0.364	0.234	0.226	0.202	0.345	0.144	0.115	0.115	0.116	0.113	0.581	0.537	0.389	0.212	0.244	0.188	0.332	0.144	0.114	0.113	0.114	0.113	0.518	0.551	0.347	0.201	0.260	0.217	0.354	0.149	0.117	0.116	0.114	0.114	0.522	0.545	0.343	0.211	0.238	0.214	0.252	0.177	0.118	0.117	0.114	0.113	0.519	0.546	0.342	0.195	0.247	0.227	0.253	0.210	0.120	0.117	0.114	0.114	0.520	0.544	0.335	0.214	0.271	0.197	0.336	0.211	0.120	0.118	0.115	0.115	0.527	0.543	0.340	0.225	0.280	0.216	0.346	0.153	0.116	0.110	0.114	0.116	0.532	0.535	0.348	0.222	0.275	0.248	0.374	0.148	0.116	0.114	0.113	0.116
38:40:03	0.713	0.556	0.365	0.235	0.230	0.202	0.346	0.144	0.115	0.115	0.116	0.113	0.583	0.537	0.389	0.214	0.245	0.189	0.329	0.144	0.114	0.113	0.114	0.114	0.519	0.550	0.348	0.203	0.260	0.217	0.353	0.149	0.117	0.116	0.114	0.114	0.522	0.544	0.342	0.212	0.237	0.215	0.258	0.178	0.118	0.117	0.114	0.113	0.519	0.547	0.343	0.196	0.248	0.227	0.254	0.211	0.120	0.117	0.114	0.114	0.520	0.543	0.334	0.215	0.268	0.196	0.335	0.212	0.120	0.118	0.115	0.115	0.527	0.543	0.341	0.225	0.282	0.218	0.346	0.155	0.116	0.110	0.114	0.116	0.533	0.535	0.350	0.224	0.276	0.244	0.374	0.148	0.116	0.115	0.113	0.116
39:00:03	0.709	0.557	0.368	0.236	0.229	0.204	0.348	0.144	0.115	0.115	0.116	0.113	0.584	0.537	0.389	0.215	0.246	0.191	0.332	0.145	0.114	0.113	0.114	0.114	0.520	0.550	0.350	0.204	0.258	0.219	0.352	0.149	0.117	0.116	0.115	0.114	0.523	0.544	0.342	0.212	0.235	0.215	0.250	0.177	0.118	0.117	0.114	0.113	0.519	0.546	0.345	0.198	0.250	0.228	0.254	0.213	0.120	0.117	0.114	0.114	0.520	0.542	0.336	0.216	0.264	0.197	0.335	0.214	0.120	0.118	0.116	0.115	0.527	0.543	0.343	0.226	0.283	0.219	0.346	0.155	0.116	0.110	0.114	0.116	0.534	0.534	0.350	0.226	0.277	0.241	0.373	0.149	0.116	0.115	0.113	0.116
39:20:03	0.704	0.558	0.369	0.238	0.232	0.204	0.347	0.144	0.115	0.115	0.116	0.113	0.587	0.538	0.389	0.217	0.250	0.193	0.332	0.144	0.114	0.113	0.114	0.114	0.520	0.551	0.351	0.207	0.258	0.220	0.354	0.149	0.117	0.116	0.115	0.114	0.523	0.543	0.343	0.214	0.235	0.215	0.259	0.179	0.118	0.117	0.114	0.113	0.519	0.545	0.346	0.200	0.249	0.229	0.255	0.215	0.120	0.117	0.114	0.114	0.520	0.543	0.338	0.217	0.261	0.198	0.334	0.215	0.120	0.118	0.115	0.115	0.527	0.542	0.344	0.226	0.285	0.220	0.346	0.157	0.116	0.110	0.114	0.116	0.535	0.535	0.352	0.227	0.278	0.239	0.372	0.150	0.116	0.115	0.113	0.116
39:40:03	0.699	0.559	0.371	0.239	0.239	0.206	0.347	0.144	0.115	0.115	0.116	0.113	0.588	0.537	0.389	0.219	0.250	0.193	0.331	0.145	0.114	0.113	0.114	0.114	0.521	0.551	0.352	0.209	0.257	0.221	0.353	0.150	0.117	0.116	0.115	0.114	0.524	0.542	0.344	0.215	0.235	0.217	0.256	0.179	0.118	0.117	0.115	0.113	0.519	0.545	0.347	0.202	0.247	0.230	0.255	0.216	0.120	0.117	0.114	0.114	0.520	0.542	0.339	0.218	0.256	0.198	0.333	0.217	0.121	0.119	0.116	0.115	0.527	0.543	0.346	0.226	0.286	0.220	0.345	0.158	0.116	0.110	0.114	0.116	0.536	0.534	0.352	0.228	0.279	0.239	0.372	0.151	0.116	0.115	0.113	0.116
40:00:03	0.692	0.559	0.373	0.240	0.244	0.211	0.348	0.144	0.115	0.115	0.116	0.113	0.590	0.538	0.389	0.221	0.251	0.193	0.330	0.145	0.114	0.113	0.114	0.114	0.521	0.551	0.353	0.211	0.256	0.222	0.352	0.149	0.117	0.116	0.114	0.114	0.524	0.542	0.345	0.216	0.236	0.216	0.256	0.178	0.118	0.117	0.115	0.113	0.519	0.544	0.348	0.203	0.248	0.230	0.255	0.217	0.120	0.117	0.114	0.114	0.520	0.542	0.340	0.219	0.251	0.198	0.333	0.218	0.120	0.118	0.116	0.115	0.528	0.543	0.347	0.227	0.287	0.220	0.344	0.159	0.116	0.110	0.114	0.116	0.537	0.534	0.353	0.230	0.281	0.236	0.372	0.152	0.116	0.115	0.114	0.116
40:20:03	0.685	0.560	0.374	0.241	0.249	0.214	0.349	0.144	0.115	0.115	0.116	0.113	0.592	0.539	0.389	0.223	0.252	0.193	0.331	0.145	0.114	0.113	0.114	0.114	0.522	0.551	0.355	0.213	0.252	0.223	0.353	0.150	0.117	0.116	0.114	0.114	0.524	0.541	0.346	0.217	0.237	0.217	0.253	0.178	0.118	0.117	0.115	0.113	0.519	0.543	0.350	0.205	0.249	0.232	0.256	0.219	0.120	0.117	0.114	0.114	0.521	0.541	0.341	0.220	0.249	0.198	0.332	0.219	0.120	0.119	0.116	0.115	0.528	0.542	0.348	0.227	0.288	0.223	0.345	0.160	0.116	0.110	0.114	0.116	0.538	0.532	0.354	0.230	0.282	0.237	0.372	0.153	0.116	0.115	0.113	0.116
40:40:03	0.677	0.561	0.376	0.242	0.254	0.220	0.350	0.144	0.115	0.115	0.116	0.113	0.594	0.540	0.388	0.225	0.257	0.195	0.329	0.145	0.114	0.113	0.114	0.114	0.522	0.551	0.356	0.216	0.253	0.225	0.352	0.150	0.117	0.116	0.114	0.114	0.524	0.542	0.347	0.219	0.242	0.217	0.256	0.179	0.118	0.117	0.115	0.113	0.519	0.543	0.351	0.207	0.250	0.233	0.258	0.220	0.120	0.117	0.114	0.114	0.521	0.541	0.342	0.222	0.248	0.198	0.332	0.220	0.120	0.119	0.116	0.115	0.529	0.541	0.350	0.228	0.289	0.224	0.344	0.161	0.116	0.110	0.114	0.116	0.540	0.532	0.355	0.231	0.283	0.237	0.372	0.154	0.116	0.115	0.113	0.116
41:00:03	0.668	0.561	0.377	0.244	0.258	0.224	0.351	0.144	0.115	0.115	0.116	0.113	0.595	0.540	0.387	0.226	0.261	0.195	0.330	0.145	0.114	0.113	0.114	0.114	0.522	0.550	0.357	0.218	0.252	0.227	0.350	0.149	0.117	0.116	0.114	0.114	0.525	0.541	0.347	0.219	0.244	0.216	0.259	0.179	0.118	0.117	0.115	0.113	0.520	0.543	0.351	0.209	0.248	0.233	0.257	0.221	0.120	0.117	0.114	0.114	0.521	0.540	0.343	0.223	0.247	0.197	0.331	0.221	0.120	0.119	0.116	0.115	0.528	0.541	0.351	0.228	0.290	0.225	0.344	0.162	0.116	0.111	0.114	0.116	0.540	0.533	0.356	0.231	0.285	0.238	0.372	0.155	0.116	0.115	0.113	0.116
41:20:03	0.657	0.563	0.378	0.245	0.262	0.228	0.352	0.144	0.115	0.115	0.116	0.113	0.597	0.540	0.387	0.228	0.265	0.195	0.329	0.145	0.114	0.113	0.114	0.114	0.523	0.550	0.358	0.220	0.253	0.229	0.350	0.150	0.117	0.116	0.114	0.114	0.525	0.540	0.348	0.221	0.247	0.217	0.259	0.179	0.118	0.117	0.115	0.113	0.520	0.543	0.352	0.210	0.248	0.234	0.259	0.222	0.120	0.117	0.114	0.114	0.520	0.539	0.345	0.224	0.246	0.198	0.331	0.222	0.120	0.119	0.116	0.115	0.529	0.540	0.352	0.229	0.291	0.227	0.344	0.163	0.116	0.111	0.114	0.116	0.542	0.531	0.356	0.232	0.285	0.239	0.371	0.157	0.116	0.115	0.113	0.116
41:40:03	0.643	0.564	0.380	0.248	0.265	0.230	0.352	0.144	0.115	0.115	0.116	0.113	0.599	0.541	0.388	0.230	0.268	0.198	0.331	0.145	0.114	0.114	0.115	0.114	0.524	0.551	0.360	0.221	0.257	0.230	0.350	0.150	0.117	0.116	0.115	0.114	0.526	0.540	0.350	0.223	0.249	0.217	0.261	0.180	0.118	0.117	0.115	0.113	0.521	0.543	0.354	0.212	0.252	0.234	0.259	0.223	0.120	0.117	0.114	0.114	0.521	0.539	0.346	0.226	0.245	0.197	0.331	0.223	0.120	0.119	0.116	0.116	0.529	0.541	0.353	0.229	0.292	0.227	0.343	0.164	0.116	0.111	0.114	0.116	0.543	0.533	0.358	0.233	0.288	0.242	0.371	0.158	0.116	0.115	0.114	0.116
42:00:03	0.629	0.564	0.381	0.249	0.268	0.234	0.353	0.144	0.115	0.115	0.116	0.113	0.601	0.541	0.388	0.231	0.273	0.199	0.331	0.145	0.114	0.114	0.115	0.114	0.524	0.551	0.361	0.223	0.259	0.229	0.350	0.150	0.117	0.116	0.115	0.114	0.526	0.540	0.351	0.224	0.251	0.217	0.255	0.181	0.118	0.117	0.115	0.113	0.521	0.542	0.355	0.214	0.253	0.234	0.259	0.224	0.120	0.117	0.114	0.114	0.522	0.538	0.348	0.227	0.246	0.197	0.331	0.224	0.120	0.118	0.116	0.116	0.530	0.540	0.355	0.230	0.292	0.227	0.343	0.166	0.116	0.111	0.114	0.116	0.545	0.533	0.359	0.234	0.290	0.245	0.371	0.159	0.116	0.115	0.114	0.116
42:20:03	0.613	0.564	0.384	0.249	0.272	0.240	0.355	0.144	0.115	0.115	0.116	0.113	0.603	0.542	0.388	0.233	0.277	0.202	0.330	0.145	0.114	0.113	0.114	0.114	0.525	0.552	0.363	0.224	0.263	0.231	0.349	0.151	0.117	0.116	0.115	0.114	0.527	0.540	0.352	0.226	0.254	0.218	0.256	0.182	0.118	0.117	0.115	0.113	0.521	0.542	0.355	0.216	0.255	0.235	0.261	0.225	0.120	0.117	0.114	0.114	0.522	0.538	0.349	0.229	0.247	0.197	0.330	0.225	0.120	0.118	0.116	0.115	0.530	0.540	0.355	0.230	0.294	0.227	0.341	0.167	0.116	0.111	0.114	0.116	0.546	0.533	0.360	0.235	0.292	0.245	0.372	0.161	0.116	0.115	0.114	0.116
42:40:03	0.597	0.565	0.390	0.250	0.277	0.244	0.353	0.144	0.115	0.115	0.116	0.113	0.605	0.542	0.387	0.236	0.280	0.203	0.331	0.145	0.114	0.113	0.114	0.114	0.526	0.552	0.364	0.226	0.266	0.233	0.349	0.151	0.117	0.116	0.114	0.114	0.527	0.541	0.353	0.227	0.257	0.219	0.261	0.182	0.118	0.117	0.114	0.113	0.522	0.541	0.355	0.218	0.258	0.235	0.262	0.226	0.120	0.117	0.114	0.114	0.522	0.537	0.350	0.230	0.249	0.198	0.329	0.226	0.120	0.119	0.116	0.115	0.530	0.539	0.356	0.231	0.294	0.229	0.342	0.168	0.116	0.111	0.114	0.116	0.547	0.532	0.361	0.236	0.293	0.245	0.370	0.162	0.116	0.115	0.114	0.116
43:00:03	0.580	0.567	0.394	0.251	0.280	0.248	0.357	0.144	0.115	0.115	0.116	0.113	0.607	0.543	0.388	0.237	0.282	0.205	0.331	0.145	0.114	0.113	0.114	0.114	0.526	0.553	0.365	0.227	0.269	0.234	0.349	0.151	0.117	0.116	0.114	0.114	0.527	0.540	0.354	0.229	0.259	0.218	0.259	0.182	0.118	0.117	0.114	0.113	0.522	0.541	0.356	0.219	0.260	0.234	0.262	0.227	0.120	0.117	0.114	0.114	0.523	0.537	0.351	0.231	0.251	0.197	0.329	0.227	0.120	0.118	0.115	0.115	0.531	0.538	0.357	0.231	0.296	0.230	0.344	0.168	0.116	0.111	0.114	0.116	0.548	0.532	0.361	0.236	0.294	0.245	0.370	0.164	0.116	0.115	0.114	0.116
43:20:03	0.566	0.569	0.399	0.253	0.287	0.257	0.357	0.144	0.115	0.115	0.116	0.113	0.610	0.547	0.392	0.243	0.287	0.211	0.335	0.145	0.114	0.113	0.114	0.113	0.528	0.555	0.369	0.231	0.273	0.235	0.351	0.151	0.117	0.116	0.114	0.114	0.530	0.543	0.363	0.232	0.262	0.221	0.264	0.186	0.118	0.117	0.115	0.113	0.524	0.544	0.361	0.223	0.264	0.235	0.265	0.228	0.120	0.117	0.114	0.114	0.526	0.541	0.357	0.234	0.254	0.198	0.331	0.227	0.120	0.118	0.115	0.115	0.534	0.541	0.361	0.232	0.299	0.230	0.345	0.167	0.116	0.112	0.114	0.116	0.551	0.536	0.365	0.238	0.295	0.247	0.371	0.163	0.116	0.114	0.114	0.116
43:40:03	0.554	0.568	0.396	0.252	0.286	0.257	0.354	0.144	0.115	0.115	0.116	0.113	0.611	0.545	0.387	0.240	0.286	0.207	0.332	0.145	0.114	0.113	0.114	0.114	0.527	0.553	0.366	0.230	0.273	0.235	0.348	0.151	0.117	0.116	0.114	0.114	0.529	0.540	0.362	0.232	0.261	0.219	0.263	0.183	0.118	0.117	0.114	0.113	0.524	0.541	0.363	0.222	0.263	0.234	0.263	0.229	0.120	0.117	0.114	0.114	0.524	0.536	0.352	0.234	0.252	0.197	0.328	0.228	0.120	0.118	0.116	0.115	0.533	0.538	0.359	0.232	0.298	0.227	0.343	0.170	0.116	0.111	0.114	0.116	0.550	0.532	0.367	0.238	0.297	0.248	0.360	0.167	0.116	0.115	0.113	0.116
44:00:03	0.544	0.569	0.397	0.252	0.289	0.264	0.358	0.144	0.115	0.115	0.116	0.113	0.613	0.545	0.387	0.243	0.287	0.210	0.333	0.145	0.114	0.113	0.114	0.114	0.527	0.552	0.369	0.231	0.274	0.235	0.349	0.152	0.117	0.115	0.114	0.114	0.529	0.540	0.363	0.234	0.263	0.219	0.264	0.184	0.118	0.117	0.115	0.113	0.523	0.541	0.365	0.224	0.263	0.234	0.264	0.229	0.120	0.117	0.114	0.114	0.524	0.536	0.353	0.236	0.252	0.196	0.329	0.229	0.120	0.118	0.116	0.115	0.534	0.537	0.360	0.232	0.299	0.224	0.344	0.172	0.116	0.111	0.114	0.116	0.551	0.531	0.369	0.239	0.299	0.249	0.359	0.169	0.116	0.115	0.113	0.116
44:20:03	0.534	0.570	0.397	0.253	0.292	0.270	0.358	0.144	0.115	0.115	0.116	0.113	0.615	0.545	0.387	0.245	0.288	0.213	0.331	0.145	0.114	0.113	0.114	0.113	0.527	0.552	0.376	0.233	0.277	0.236	0.347	0.152	0.117	0.116	0.114	0.114	0.529	0.540	0.366	0.235	0.263	0.219	0.259	0.184	0.118	0.117	0.114	0.113	0.523	0.541	0.367	0.225	0.264	0.234	0.265	0.230	0.120	0.117	0.114	0.114	0.524	0.535	0.356	0.237	0.252	0.196	0.327	0.229	0.120	0.118	0.116	0.115	0.534	0.537	0.364	0.233	0.300	0.225	0.343	0.173	0.116	0.111	0.114	0.116	0.552	0.531	0.369	0.239	0.301	0.254	0.346	0.171	0.116	0.115	0.113	0.116
44:40:03	0.509	0.571	0.396	0.254	0.294	0.275	0.359	0.144	0.115	0.115	0.116	0.113	0.618	0.546	0.387	0.247	0.289	0.216	0.332	0.145	0.114	0.113	0.114	0.113	0.528	0.552	0.378	0.234	0.278	0.236	0.347	0.152	0.117	0.116	0.114	0.114	0.530	0.539	0.365	0.237	0.263	0.220	0.268	0.184	0.118	0.117	0.114	0.113	0.524	0.541	0.367	0.226	0.264	0.233	0.266	0.231	0.120	0.117	0.114	0.114	0.526	0.535	0.362	0.239	0.253	0.196	0.322	0.231	0.120	0.118	0.115	0.115	0.536	0.536	0.367	0.233	0.301	0.224	0.341	0.173	0.116	0.111	0.114	0.116	0.554	0.531	0.370	0.240	0.302	0.259	0.346	0.173	0.116	0.115	0.113	0.116
45:00:03	0.493	0.572	0.396	0.255	0.296	0.279	0.359	0.144	0.115	0.115	0.116	0.113	0.620	0.546	0.386	0.249	0.290	0.219	0.331	0.145	0.114	0.113	0.114	0.114	0.529	0.552	0.380	0.236	0.279	0.235	0.347	0.152	0.117	0.116	0.114	0.114	0.530	0.538	0.365	0.238	0.264	0.219	0.263	0.185	0.118	0.117	0.114	0.113	0.524	0.540	0.367	0.228	0.265	0.233	0.267	0.232	0.120	0.117	0.114	0.114	0.525	0.534	0.364	0.240	0.252	0.196	0.322	0.231	0.120	0.118	0.115	0.115	0.536	0.535	0.368	0.234	0.302	0.225	0.340	0.174	0.116	0.111	0.114	0.116	0.554	0.531	0.369	0.240	0.304	0.260	0.346	0.175	0.116	0.115	0.113	0.116
45:20:03	0.495	0.573	0.397	0.256	0.298	0.281	0.344	0.144	0.115	0.115	0.116	0.113	0.622	0.547	0.387	0.252	0.292	0.223	0.332	0.145	0.114	0.113	0.114	0.113	0.530	0.552	0.380	0.238	0.280	0.236	0.347	0.152	0.117	0.116	0.114	0.114	0.530	0.538	0.365	0.240	0.265	0.219	0.272	0.186	0.118	0.117	0.114	0.113	0.524	0.540	0.367	0.229	0.264	0.233	0.268	0.233	0.120	0.117	0.114	0.114	0.526	0.533	0.365	0.242	0.253	0.195	0.320	0.232	0.120	0.118	0.115	0.115	0.537	0.535	0.369	0.234	0.303	0.226	0.341	0.176	0.116	0.111	0.114	0.116	0.555	0.532	0.369	0.241	0.305	0.265	0.346	0.178	0.116	0.115	0.113	0.116
45:40:03	0.495	0.573	0.396	0.257	0.301	0.283	0.344	0.144	0.115	0.115	0.116	0.113	0.624	0.547	0.386	0.254	0.292	0.226	0.331	0.144	0.114	0.113	0.114	0.113	0.530	0.552	0.380	0.241	0.281	0.235	0.346	0.153	0.116	0.115	0.114	0.114	0.532	0.539	0.366	0.242	0.265	0.220	0.273	0.185	0.117	0.116	0.114	0.113	0.525	0.539	0.366	0.230	0.264	0.233	0.269	0.233	0.119	0.117	0.114	0.114	0.527	0.534	0.366	0.244	0.253	0.195	0.323	0.232	0.119	0.117	0.115	0.115	0.538	0.535	0.368	0.235	0.304	0.230	0.341	0.177	0.116	0.111	0.113	0.116	0.556	0.533	0.370	0.242	0.307	0.268	0.346	0.179	0.116	0.114	0.113	0.116
46:00:04	0.492	0.575	0.396	0.257	0.303	0.284	0.345	0.144	0.115	0.115	0.116	0.113	0.626	0.548	0.386	0.258	0.293	0.228	0.331	0.144	0.113	0.113	0.114	0.113	0.531	0.552	0.380	0.242	0.281	0.235	0.347	0.153	0.117	0.115	0.114	0.113	0.532	0.537	0.364	0.243	0.265	0.220	0.274	0.187	0.117	0.117	0.114	0.113	0.525	0.538	0.366	0.232	0.264	0.233	0.270	0.234	0.120	0.117	0.114	0.114	0.528	0.533	0.366	0.246	0.253	0.195	0.327	0.232	0.120	0.118	0.115	0.115	0.538	0.534	0.368	0.235	0.305	0.229	0.324	0.176	0.116	0.111	0.113	0.116	0.556	0.531	0.368	0.242	0.309	0.269	0.346	0.182	0.116	0.114	0.113	0.116
46:20:04	0.489	0.576	0.396	0.259	0.304	0.291	0.345	0.144	0.115	0.115	0.116	0.113	0.628	0.549	0.386	0.257	0.295	0.230	0.334	0.145	0.113	0.113	0.114	0.114	0.531	0.553	0.380	0.245	0.282	0.236	0.348	0.153	0.117	0.116	0.114	0.114	0.532	0.539	0.366	0.246	0.267	0.220	0.275	0.188	0.117	0.117	0.114	0.113	0.526	0.539	0.365	0.234	0.264	0.232	0.269	0.235	0.120	0.117	0.114	0.114	0.529	0.533	0.365	0.248	0.253	0.194	0.313	0.233	0.119	0.118	0.115	0.115	0.539	0.533	0.368	0.236	0.306	0.235	0.324	0.178	0.116	0.111	0.114	0.116	0.557	0.532	0.369	0.243	0.311	0.272	0.347	0.183	0.116	0.114	0.113	0.115
46:40:04	0.487	0.576	0.394	0.260	0.307	0.293	0.345	0.144	0.115	0.115	0.116	0.113	0.630	0.550	0.387	0.262	0.295	0.232	0.334	0.144	0.113	0.113	0.114	0.113	0.532	0.553	0.379	0.247	0.283	0.237	0.346	0.153	0.117	0.116	0.114	0.114	0.533	0.538	0.366	0.248	0.267	0.220	0.267	0.188	0.117	0.117	0.114	0.113	0.526	0.538	0.365	0.235	0.264	0.232	0.271	0.235	0.120	0.117	0.114	0.114	0.529	0.534	0.367	0.250	0.255	0.194	0.313	0.234	0.120	0.118	0.115	0.115	0.540	0.532	0.367	0.236	0.307	0.238	0.324	0.180	0.116	0.111	0.114	0.116	0.557	0.532	0.369	0.244	0.313	0.273	0.346	0.185	0.116	0.114	0.113	0.116
47:00:04	0.484	0.577	0.394	0.261	0.309	0.294	0.344	0.144	0.115	0.115	0.116	0.113	0.632	0.549	0.386	0.262	0.294	0.232	0.332	0.145	0.114	0.113	0.114	0.114	0.532	0.554	0.379	0.249	0.283	0.240	0.347	0.153	0.117	0.115	0.114	0.114	0.533	0.535	0.363	0.249	0.268	0.219	0.275	0.187	0.117	0.117	0.114	0.113	0.526	0.537	0.365	0.237	0.264	0.230	0.270	0.236	0.119	0.117	0.114	0.114	0.529	0.532	0.364	0.251	0.255	0.193	0.311	0.234	0.119	0.118	0.115	0.115	0.539	0.531	0.367	0.237	0.307	0.241	0.323	0.180	0.116	0.111	0.114	0.116	0.559	0.530	0.367	0.244	0.314	0.276	0.346	0.189	0.116	0.115	0.114	0.116
47:20:04	0.478	0.578	0.394	0.262	0.310	0.298	0.346	0.144	0.115	0.115	0.116	0.113	0.634	0.551	0.386	0.265	0.295	0.234	0.332	0.144	0.113	0.113	0.114	0.113	0.533	0.554	0.378	0.251	0.284	0.244	0.345	0.153	0.117	0.116	0.114	0.114	0.534	0.535	0.364	0.251	0.268	0.220	0.272	0.189	0.117	0.117	0.114	0.113	0.525	0.537	0.364	0.239	0.264	0.230	0.271	0.236	0.120	0.117	0.114	0.114	0.530	0.530	0.364	0.252	0.257	0.193	0.311	0.235	0.119	0.118	0.115	0.115	0.539	0.531	0.366	0.237	0.308	0.245	0.323	0.182	0.116	0.111	0.114	0.116	0.561	0.530	0.367	0.245	0.316	0.280	0.346	0.192	0.116	0.114	0.113	0.116
47:40:04	0.476	0.579	0.393	0.264	0.311	0.297	0.346	0.144	0.115	0.115	0.116	0.113	0.636	0.551	0.386	0.269	0.296	0.233	0.332	0.144	0.113	0.113	0.114	0.113	0.533	0.556	0.378	0.252	0.285	0.248	0.346	0.153	0.117	0.115	0.114	0.113	0.534	0.535	0.364	0.253	0.269	0.219	0.269	0.188	0.117	0.116	0.114	0.113	0.525	0.537	0.364	0.241	0.264	0.229	0.271	0.237	0.119	0.117	0.114	0.114	0.530	0.532	0.364	0.254	0.258	0.193	0.311	0.235	0.119	0.118	0.115	0.115	0.540	0.532	0.366	0.238	0.309	0.250	0.323	0.183	0.116	0.111	0.113	0.116	0.562	0.531	0.368	0.246	0.318	0.284	0.346	0.192	0.116	0.114	0.113	0.116
48:00:04	0.475	0.580	0.393	0.266	0.311	0.299	0.347	0.144	0.115	0.115	0.116	0.113	0.639	0.551	0.386	0.270	0.296	0.233	0.331	0.145	0.113	0.113	0.114	0.113	0.534	0.557	0.378	0.254	0.286	0.252	0.347	0.154	0.117	0.116	0.114	0.114	0.534	0.534	0.364	0.255	0.270	0.219	0.274	0.188	0.118	0.117	0.114	0.113	0.526	0.537	0.364	0.243	0.264	0.230	0.275	0.238	0.120	0.117	0.114	0.114	0.530	0.531	0.363	0.255	0.258	0.193	0.310	0.236	0.120	0.118	0.115	0.115	0.541	0.532	0.366	0.239	0.310	0.256	0.323	0.184	0.116	0.111	0.114	0.116	0.564	0.530	0.366	0.246	0.319	0.285	0.346	0.196	0.116	0.114	0.114	0.116

