Field Group

Plate Comment:	
Procedure Summary
  Plate Type:              Corning 96 well for LogPhase600
  Plate Number:            1
  Discontinuous Kinetics:  Runtime 02:00:00 (D:HH:MM), Interval 00:20:00 (HH:MM:SS), 145 Reads (max)
  Read:                    600 nm
  Incubator:               On
    Temperature setpoint:  30 °C
    Temperature gradient:  Off
  Shaking:                 On
     Shaking frequency:    600 RPMs		
			
			

600

Time	A1	A2	A3	A4	A5	A6	A7	A8	A9	A10	A11	A12	B1	B2	B3	B4	B5	B6	B7	B8	B9	B10	B11	B12	C1	C2	C3	C4	C5	C6	C7	C8	C9	C10	C11	C12	D1	D2	D3	D4	D5	D6	D7	D8	D9	D10	D11	D12	E1	E2	E3	E4	E5	E6	E7	E8	E9	E10	E11	E12	F1	F2	F3	F4	F5	F6	F7	F8	F9	F10	F11	F12	G1	G2	G3	G4	G5	G6	G7	G8	G9	G10	G11	G12	H1	H2	H3	H4	H5	H6	H7	H8	H9	H10	H11	H12
0:00:00	0.117	0.117	0.116	0.117	0.114	0.118	0.117	0.115	0.116	0.116	0.115	0.116	0.117	0.118	0.117	0.119	0.117	0.115	0.120	0.120	0.120	0.117	0.117	0.115	0.116	0.120	0.119	0.118	0.116	0.116	0.118	0.116	0.119	0.127	0.123	0.118	0.118	0.117	0.116	0.119	0.117	0.121	0.120	0.119	0.120	0.118	0.116	0.118	0.116	0.119	0.120	0.117	0.117	0.119	0.118	0.117	0.117	0.118	0.118	0.119	0.117	0.117	0.118	0.117	0.117	0.118	0.117	0.117	0.118	0.116	0.117	0.117	0.117	0.115	0.118	0.117	0.117	0.117	0.118	0.120	0.118	0.118	0.116	0.117	0.115	0.114	0.120	0.116	0.121	0.117	0.118	0.117	0.117	0.124	0.120	0.118
0:20:00	0.117	0.117	0.117	0.117	0.113	0.119	0.117	0.115	0.117	0.117	0.116	0.117	0.117	0.116	0.117	0.119	0.117	0.116	0.120	0.120	0.121	0.117	0.117	0.115	0.117	0.120	0.120	0.119	0.116	0.116	0.117	0.117	0.119	0.128	0.123	0.118	0.118	0.116	0.116	0.119	0.118	0.121	0.120	0.120	0.121	0.119	0.117	0.120	0.117	0.119	0.120	0.118	0.117	0.119	0.118	0.117	0.118	0.118	0.119	0.119	0.118	0.117	0.117	0.117	0.116	0.117	0.118	0.118	0.118	0.116	0.117	0.117	0.116	0.115	0.118	0.117	0.117	0.117	0.119	0.117	0.120	0.119	0.117	0.117	0.116	0.115	0.120	0.113	0.122	0.117	0.118	0.117	0.118	0.125	0.121	0.117
0:40:00	0.118	0.118	0.117	0.118	0.114	0.120	0.117	0.115	0.118	0.117	0.115	0.116	0.117	0.116	0.117	0.119	0.118	0.116	0.121	0.120	0.121	0.118	0.117	0.115	0.117	0.121	0.120	0.118	0.117	0.116	0.117	0.116	0.120	0.129	0.124	0.118	0.119	0.116	0.116	0.119	0.119	0.122	0.120	0.120	0.121	0.120	0.117	0.120	0.117	0.120	0.121	0.118	0.117	0.120	0.118	0.117	0.118	0.119	0.119	0.120	0.118	0.116	0.117	0.116	0.117	0.118	0.118	0.117	0.118	0.117	0.117	0.117	0.117	0.116	0.118	0.117	0.117	0.118	0.119	0.117	0.121	0.121	0.117	0.117	0.117	0.117	0.120	0.112	0.122	0.118	0.118	0.117	0.119	0.126	0.122	0.117
1:00:00	0.119	0.118	0.117	0.118	0.115	0.121	0.117	0.115	0.119	0.118	0.115	0.116	0.118	0.117	0.117	0.119	0.119	0.117	0.121	0.120	0.122	0.118	0.117	0.116	0.118	0.122	0.120	0.117	0.118	0.117	0.118	0.115	0.121	0.130	0.124	0.119	0.120	0.116	0.116	0.119	0.120	0.123	0.120	0.120	0.122	0.121	0.117	0.120	0.118	0.120	0.121	0.118	0.119	0.121	0.117	0.116	0.119	0.120	0.120	0.120	0.119	0.116	0.117	0.117	0.118	0.118	0.118	0.117	0.119	0.118	0.117	0.117	0.118	0.117	0.118	0.117	0.118	0.118	0.119	0.117	0.122	0.122	0.118	0.117	0.118	0.118	0.120	0.113	0.124	0.119	0.118	0.117	0.120	0.127	0.122	0.117
1:20:00	0.120	0.119	0.117	0.118	0.116	0.121	0.118	0.116	0.120	0.119	0.116	0.116	0.119	0.117	0.117	0.119	0.120	0.118	0.121	0.121	0.123	0.119	0.118	0.116	0.119	0.123	0.120	0.117	0.119	0.118	0.118	0.116	0.122	0.131	0.125	0.119	0.121	0.117	0.116	0.119	0.121	0.124	0.120	0.120	0.123	0.122	0.118	0.121	0.119	0.121	0.122	0.118	0.120	0.121	0.117	0.116	0.120	0.120	0.120	0.120	0.120	0.117	0.117	0.116	0.119	0.119	0.118	0.117	0.120	0.119	0.118	0.117	0.119	0.118	0.119	0.117	0.119	0.119	0.119	0.117	0.123	0.123	0.118	0.118	0.119	0.118	0.121	0.112	0.125	0.120	0.119	0.117	0.121	0.128	0.123	0.117
1:40:00	0.121	0.120	0.118	0.118	0.118	0.123	0.119	0.116	0.122	0.120	0.117	0.116	0.120	0.118	0.117	0.120	0.121	0.118	0.122	0.121	0.124	0.120	0.118	0.117	0.120	0.124	0.121	0.117	0.121	0.119	0.119	0.116	0.123	0.131	0.125	0.120	0.121	0.118	0.117	0.120	0.122	0.124	0.120	0.120	0.124	0.123	0.118	0.121	0.120	0.122	0.122	0.119	0.122	0.123	0.118	0.117	0.122	0.122	0.121	0.121	0.121	0.118	0.117	0.117	0.120	0.119	0.118	0.117	0.121	0.120	0.119	0.118	0.120	0.119	0.119	0.117	0.121	0.120	0.120	0.117	0.124	0.124	0.119	0.118	0.119	0.119	0.121	0.115	0.126	0.120	0.119	0.118	0.122	0.129	0.123	0.118
2:00:00	0.122	0.121	0.118	0.119	0.118	0.123	0.119	0.117	0.123	0.121	0.118	0.117	0.120	0.118	0.117	0.120	0.122	0.118	0.122	0.122	0.125	0.120	0.119	0.117	0.121	0.124	0.121	0.118	0.122	0.119	0.119	0.116	0.124	0.132	0.126	0.121	0.122	0.118	0.117	0.120	0.123	0.124	0.121	0.120	0.125	0.123	0.119	0.122	0.121	0.123	0.122	0.119	0.123	0.123	0.118	0.117	0.123	0.122	0.122	0.121	0.121	0.118	0.117	0.117	0.121	0.120	0.119	0.117	0.121	0.120	0.120	0.119	0.120	0.120	0.119	0.118	0.121	0.121	0.120	0.118	0.125	0.125	0.119	0.119	0.120	0.120	0.122	0.113	0.127	0.121	0.119	0.118	0.121	0.130	0.124	0.118
2:20:00	0.123	0.121	0.119	0.119	0.119	0.125	0.120	0.117	0.124	0.121	0.118	0.118	0.122	0.118	0.118	0.120	0.123	0.121	0.123	0.122	0.126	0.121	0.120	0.118	0.122	0.125	0.121	0.118	0.123	0.120	0.120	0.117	0.125	0.133	0.127	0.121	0.123	0.118	0.117	0.120	0.124	0.126	0.122	0.121	0.126	0.125	0.120	0.123	0.123	0.123	0.123	0.120	0.124	0.125	0.119	0.117	0.125	0.123	0.123	0.122	0.123	0.119	0.118	0.117	0.123	0.121	0.119	0.118	0.123	0.121	0.121	0.119	0.121	0.121	0.120	0.118	0.123	0.122	0.121	0.118	0.126	0.127	0.120	0.120	0.122	0.121	0.122	0.113	0.128	0.121	0.120	0.118	0.123	0.130	0.126	0.119
2:40:00	0.124	0.123	0.119	0.120	0.120	0.126	0.120	0.117	0.125	0.123	0.120	0.118	0.124	0.120	0.118	0.120	0.125	0.121	0.123	0.122	0.128	0.122	0.121	0.119	0.125	0.126	0.122	0.118	0.126	0.122	0.121	0.118	0.127	0.134	0.129	0.122	0.125	0.119	0.118	0.121	0.125	0.128	0.122	0.121	0.128	0.126	0.121	0.124	0.124	0.125	0.123	0.120	0.125	0.126	0.120	0.118	0.126	0.126	0.124	0.123	0.124	0.121	0.118	0.118	0.123	0.122	0.120	0.118	0.124	0.123	0.122	0.120	0.123	0.123	0.120	0.118	0.124	0.123	0.121	0.119	0.127	0.128	0.122	0.121	0.123	0.122	0.123	0.114	0.130	0.124	0.121	0.119	0.125	0.133	0.127	0.120
3:00:00	0.126	0.123	0.120	0.120	0.121	0.127	0.121	0.118	0.124	0.125	0.121	0.119	0.125	0.121	0.119	0.121	0.124	0.121	0.124	0.123	0.128	0.122	0.123	0.120	0.125	0.127	0.122	0.119	0.125	0.124	0.122	0.119	0.127	0.137	0.130	0.123	0.126	0.119	0.119	0.121	0.127	0.130	0.123	0.122	0.128	0.128	0.123	0.125	0.125	0.127	0.124	0.121	0.126	0.127	0.122	0.118	0.124	0.128	0.126	0.124	0.125	0.122	0.119	0.119	0.125	0.120	0.121	0.119	0.125	0.125	0.124	0.121	0.124	0.123	0.121	0.119	0.124	0.125	0.122	0.119	0.129	0.130	0.123	0.122	0.124	0.124	0.123	0.115	0.130	0.122	0.122	0.119	0.127	0.133	0.129	0.121
3:20:00	0.126	0.125	0.121	0.121	0.122	0.128	0.122	0.119	0.125	0.126	0.123	0.121	0.126	0.121	0.120	0.121	0.126	0.124	0.125	0.124	0.128	0.125	0.125	0.121	0.124	0.129	0.123	0.120	0.126	0.127	0.123	0.120	0.128	0.137	0.132	0.125	0.127	0.123	0.120	0.122	0.127	0.129	0.124	0.122	0.130	0.128	0.125	0.126	0.126	0.128	0.125	0.122	0.127	0.129	0.124	0.119	0.127	0.130	0.128	0.125	0.127	0.125	0.120	0.119	0.124	0.126	0.122	0.120	0.126	0.125	0.126	0.123	0.126	0.124	0.122	0.119	0.125	0.126	0.123	0.120	0.129	0.131	0.125	0.123	0.124	0.127	0.124	0.115	0.130	0.122	0.123	0.120	0.126	0.136	0.131	0.123
3:40:00	0.126	0.127	0.121	0.121	0.122	0.127	0.123	0.119	0.125	0.126	0.126	0.122	0.127	0.122	0.120	0.122	0.128	0.124	0.126	0.124	0.128	0.121	0.127	0.122	0.126	0.130	0.124	0.121	0.126	0.129	0.124	0.121	0.128	0.137	0.135	0.126	0.128	0.123	0.120	0.122	0.127	0.133	0.125	0.123	0.131	0.131	0.128	0.127	0.126	0.130	0.125	0.123	0.127	0.130	0.126	0.120	0.128	0.132	0.130	0.126	0.127	0.120	0.120	0.120	0.124	0.126	0.123	0.120	0.126	0.127	0.129	0.124	0.125	0.121	0.122	0.120	0.124	0.125	0.124	0.121	0.129	0.131	0.128	0.124	0.125	0.126	0.125	0.115	0.130	0.126	0.123	0.121	0.126	0.135	0.134	0.124
4:00:01	0.126	0.127	0.122	0.122	0.123	0.129	0.123	0.120	0.125	0.128	0.128	0.123	0.127	0.123	0.120	0.122	0.128	0.125	0.127	0.125	0.123	0.125	0.130	0.124	0.126	0.130	0.124	0.122	0.123	0.130	0.126	0.122	0.128	0.139	0.137	0.127	0.128	0.126	0.121	0.123	0.126	0.135	0.126	0.124	0.127	0.131	0.130	0.129	0.125	0.129	0.126	0.124	0.126	0.131	0.128	0.121	0.128	0.134	0.133	0.128	0.126	0.125	0.121	0.121	0.124	0.126	0.124	0.121	0.125	0.127	0.132	0.126	0.125	0.125	0.123	0.120	0.124	0.129	0.125	0.121	0.128	0.131	0.131	0.126	0.125	0.126	0.125	0.116	0.129	0.127	0.124	0.121	0.126	0.137	0.137	0.126
4:20:01	0.126	0.123	0.122	0.122	0.123	0.129	0.124	0.120	0.127	0.127	0.131	0.125	0.127	0.126	0.121	0.123	0.130	0.125	0.127	0.126	0.129	0.127	0.133	0.126	0.127	0.132	0.125	0.123	0.128	0.132	0.128	0.124	0.125	0.141	0.141	0.129	0.128	0.126	0.122	0.123	0.128	0.136	0.128	0.125	0.133	0.131	0.134	0.131	0.126	0.131	0.126	0.126	0.129	0.132	0.131	0.123	0.132	0.138	0.137	0.130	0.126	0.127	0.121	0.122	0.125	0.128	0.125	0.123	0.127	0.128	0.136	0.128	0.126	0.125	0.123	0.121	0.124	0.130	0.125	0.122	0.128	0.131	0.134	0.128	0.125	0.127	0.126	0.116	0.130	0.123	0.125	0.122	0.127	0.137	0.141	0.127
4:40:01	0.124	0.128	0.123	0.123	0.130	0.129	0.125	0.121	0.134	0.128	0.135	0.127	0.129	0.126	0.122	0.123	0.136	0.125	0.128	0.126	0.133	0.131	0.137	0.127	0.129	0.133	0.126	0.124	0.135	0.134	0.129	0.126	0.132	0.141	0.145	0.131	0.130	0.127	0.123	0.124	0.134	0.137	0.129	0.125	0.138	0.131	0.138	0.132	0.127	0.132	0.127	0.127	0.135	0.134	0.133	0.124	0.137	0.139	0.141	0.132	0.130	0.127	0.122	0.123	0.129	0.129	0.126	0.124	0.129	0.129	0.140	0.130	0.125	0.126	0.124	0.122	0.129	0.129	0.126	0.123	0.133	0.132	0.139	0.130	0.126	0.128	0.127	0.117	0.135	0.128	0.125	0.123	0.128	0.138	0.146	0.129
5:00:01	0.128	0.129	0.124	0.123	0.143	0.130	0.126	0.122	0.147	0.129	0.141	0.129	0.131	0.127	0.122	0.124	0.150	0.125	0.129	0.127	0.142	0.131	0.142	0.130	0.131	0.134	0.126	0.124	0.143	0.134	0.130	0.127	0.141	0.143	0.150	0.133	0.131	0.130	0.124	0.125	0.145	0.138	0.130	0.126	0.147	0.129	0.144	0.135	0.130	0.131	0.128	0.128	0.145	0.135	0.134	0.125	0.145	0.140	0.147	0.134	0.131	0.123	0.123	0.123	0.133	0.129	0.127	0.124	0.136	0.125	0.146	0.132	0.129	0.129	0.125	0.122	0.138	0.131	0.127	0.123	0.140	0.134	0.144	0.132	0.131	0.130	0.128	0.117	0.142	0.126	0.126	0.124	0.135	0.139	0.153	0.132
5:20:01	0.133	0.131	0.125	0.124	0.173	0.131	0.127	0.123	0.168	0.129	0.147	0.131	0.136	0.128	0.123	0.124	0.174	0.130	0.130	0.128	0.160	0.136	0.149	0.133	0.136	0.135	0.127	0.125	0.158	0.137	0.131	0.127	0.162	0.146	0.157	0.136	0.135	0.130	0.124	0.126	0.169	0.138	0.131	0.127	0.165	0.138	0.150	0.138	0.136	0.132	0.129	0.128	0.166	0.135	0.134	0.126	0.159	0.145	0.153	0.137	0.136	0.129	0.123	0.123	0.143	0.129	0.128	0.125	0.147	0.129	0.154	0.135	0.136	0.128	0.126	0.123	0.154	0.133	0.129	0.124	0.158	0.138	0.151	0.135	0.138	0.130	0.128	0.121	0.164	0.130	0.127	0.124	0.148	0.144	0.160	0.135
5:40:01	0.149	0.132	0.125	0.125	0.157	0.139	0.127	0.123	0.158	0.136	0.154	0.134	0.151	0.129	0.124	0.125	0.157	0.136	0.130	0.128	0.155	0.144	0.156	0.136	0.154	0.136	0.128	0.126	0.153	0.142	0.132	0.128	0.157	0.159	0.164	0.139	0.144	0.130	0.125	0.126	0.153	0.144	0.131	0.128	0.159	0.148	0.158	0.141	0.152	0.135	0.129	0.129	0.151	0.139	0.135	0.126	0.154	0.158	0.160	0.140	0.144	0.131	0.124	0.125	0.143	0.135	0.129	0.125	0.147	0.137	0.161	0.139	0.147	0.131	0.126	0.123	0.149	0.137	0.130	0.125	0.156	0.149	0.158	0.138	0.150	0.134	0.129	0.119	0.158	0.138	0.128	0.125	0.150	0.156	0.169	0.139
6:00:01	0.152	0.136	0.126	0.125	0.145	0.154	0.128	0.124	0.147	0.153	0.163	0.138	0.153	0.136	0.124	0.125	0.145	0.151	0.131	0.129	0.143	0.169	0.164	0.138	0.154	0.143	0.128	0.127	0.144	0.156	0.133	0.129	0.144	0.175	0.173	0.143	0.145	0.135	0.126	0.127	0.142	0.161	0.133	0.128	0.149	0.164	0.166	0.145	0.149	0.144	0.130	0.130	0.142	0.153	0.137	0.128	0.147	0.164	0.168	0.143	0.144	0.138	0.125	0.126	0.138	0.145	0.130	0.127	0.140	0.144	0.170	0.144	0.146	0.139	0.127	0.124	0.141	0.156	0.130	0.126	0.146	0.161	0.166	0.142	0.149	0.139	0.130	0.119	0.145	0.156	0.129	0.126	0.142	0.157	0.178	0.144
6:20:01	0.147	0.146	0.127	0.126	0.136	0.155	0.129	0.125	0.139	0.157	0.171	0.144	0.148	0.142	0.125	0.126	0.138	0.150	0.132	0.129	0.137	0.158	0.173	0.144	0.145	0.145	0.129	0.127	0.139	0.152	0.134	0.130	0.137	0.159	0.181	0.148	0.142	0.138	0.127	0.128	0.137	0.157	0.134	0.129	0.144	0.152	0.174	0.150	0.141	0.149	0.131	0.131	0.136	0.151	0.138	0.129	0.143	0.153	0.176	0.149	0.141	0.141	0.126	0.126	0.134	0.146	0.131	0.128	0.135	0.141	0.178	0.149	0.141	0.141	0.128	0.125	0.134	0.152	0.131	0.127	0.140	0.148	0.174	0.148	0.144	0.138	0.131	0.120	0.139	0.157	0.130	0.126	0.136	0.149	0.187	0.151
6:40:01	0.140	0.145	0.127	0.127	0.131	0.143	0.130	0.126	0.135	0.144	0.179	0.148	0.141	0.140	0.126	0.127	0.134	0.139	0.133	0.130	0.134	0.144	0.180	0.150	0.137	0.143	0.130	0.128	0.136	0.144	0.135	0.131	0.134	0.150	0.189	0.154	0.137	0.136	0.128	0.128	0.134	0.147	0.135	0.130	0.141	0.142	0.182	0.156	0.135	0.143	0.131	0.132	0.134	0.144	0.139	0.130	0.140	0.146	0.183	0.154	0.136	0.138	0.127	0.127	0.132	0.143	0.132	0.129	0.133	0.137	0.186	0.155	0.136	0.138	0.128	0.126	0.131	0.141	0.132	0.127	0.136	0.140	0.182	0.154	0.137	0.135	0.132	0.121	0.135	0.143	0.131	0.127	0.133	0.144	0.194	0.157
7:00:01	0.137	0.140	0.128	0.128	0.130	0.137	0.131	0.126	0.134	0.137	0.186	0.154	0.137	0.136	0.127	0.127	0.133	0.134	0.134	0.131	0.133	0.137	0.186	0.157	0.134	0.139	0.131	0.129	0.136	0.140	0.136	0.133	0.133	0.145	0.195	0.160	0.133	0.134	0.129	0.129	0.133	0.143	0.136	0.131	0.141	0.138	0.189	0.162	0.133	0.138	0.132	0.133	0.134	0.141	0.140	0.131	0.141	0.143	0.189	0.161	0.133	0.135	0.127	0.128	0.132	0.141	0.133	0.130	0.132	0.134	0.192	0.162	0.134	0.134	0.129	0.126	0.131	0.135	0.133	0.128	0.134	0.137	0.189	0.160	0.134	0.132	0.132	0.121	0.134	0.136	0.132	0.128	0.132	0.142	0.201	0.164
7:20:01	0.136	0.137	0.129	0.128	0.131	0.134	0.132	0.128	0.134	0.134	0.193	0.161	0.136	0.133	0.128	0.128	0.133	0.132	0.135	0.132	0.133	0.134	0.193	0.164	0.133	0.137	0.132	0.130	0.137	0.139	0.137	0.134	0.134	0.144	0.202	0.167	0.132	0.133	0.130	0.130	0.134	0.142	0.137	0.132	0.141	0.136	0.195	0.169	0.132	0.136	0.133	0.134	0.135	0.140	0.141	0.132	0.141	0.143	0.195	0.168	0.133	0.134	0.128	0.129	0.132	0.141	0.135	0.131	0.133	0.134	0.199	0.170	0.134	0.133	0.130	0.127	0.131	0.133	0.134	0.130	0.134	0.136	0.196	0.168	0.134	0.131	0.133	0.125	0.135	0.133	0.133	0.129	0.132	0.142	0.207	0.171
7:40:01	0.137	0.135	0.130	0.129	0.131	0.133	0.133	0.128	0.135	0.133	0.199	0.169	0.137	0.133	0.128	0.129	0.134	0.132	0.136	0.132	0.134	0.134	0.199	0.172	0.135	0.137	0.133	0.131	0.137	0.139	0.138	0.135	0.134	0.144	0.207	0.174	0.132	0.133	0.131	0.130	0.135	0.142	0.138	0.133	0.142	0.137	0.201	0.175	0.133	0.136	0.134	0.135	0.136	0.141	0.143	0.133	0.142	0.143	0.200	0.175	0.134	0.134	0.129	0.129	0.133	0.141	0.136	0.132	0.133	0.134	0.204	0.177	0.136	0.133	0.130	0.128	0.132	0.132	0.134	0.130	0.135	0.137	0.201	0.173	0.136	0.132	0.134	0.123	0.135	0.133	0.133	0.129	0.132	0.143	0.212	0.177
8:00:01	0.139	0.136	0.130	0.129	0.131	0.134	0.133	0.128	0.137	0.134	0.204	0.176	0.140	0.134	0.129	0.129	0.134	0.133	0.137	0.133	0.134	0.135	0.203	0.178	0.136	0.139	0.133	0.131	0.139	0.139	0.139	0.136	0.134	0.145	0.213	0.180	0.132	0.134	0.131	0.131	0.134	0.142	0.140	0.134	0.143	0.137	0.206	0.183	0.134	0.137	0.134	0.135	0.136	0.141	0.144	0.135	0.143	0.143	0.205	0.181	0.134	0.136	0.130	0.130	0.135	0.140	0.137	0.133	0.135	0.135	0.209	0.183	0.138	0.135	0.131	0.129	0.133	0.133	0.135	0.131	0.135	0.137	0.207	0.181	0.138	0.132	0.134	0.124	0.136	0.133	0.134	0.130	0.132	0.143	0.217	0.184
8:20:01	0.140	0.138	0.131	0.130	0.134	0.135	0.134	0.129	0.138	0.134	0.209	0.182	0.141	0.136	0.130	0.130	0.138	0.134	0.138	0.134	0.136	0.135	0.208	0.185	0.137	0.140	0.134	0.132	0.139	0.141	0.140	0.136	0.136	0.147	0.218	0.187	0.132	0.135	0.132	0.131	0.136	0.143	0.141	0.134	0.144	0.139	0.211	0.189	0.134	0.139	0.135	0.136	0.137	0.141	0.145	0.135	0.143	0.145	0.209	0.188	0.134	0.137	0.131	0.131	0.135	0.141	0.138	0.133	0.135	0.137	0.214	0.190	0.137	0.136	0.132	0.129	0.135	0.133	0.136	0.132	0.137	0.138	0.212	0.187	0.137	0.133	0.135	0.125	0.137	0.134	0.136	0.131	0.134	0.145	0.221	0.190
8:40:01	0.141	0.139	0.131	0.131	0.133	0.135	0.135	0.130	0.137	0.136	0.212	0.188	0.143	0.136	0.131	0.130	0.138	0.134	0.139	0.135	0.136	0.137	0.212	0.192	0.139	0.140	0.134	0.133	0.139	0.141	0.141	0.138	0.136	0.147	0.222	0.193	0.137	0.137	0.133	0.132	0.136	0.144	0.143	0.135	0.144	0.139	0.215	0.195	0.139	0.139	0.136	0.137	0.137	0.142	0.146	0.136	0.143	0.145	0.212	0.194	0.139	0.137	0.131	0.132	0.135	0.141	0.139	0.134	0.135	0.137	0.218	0.196	0.144	0.137	0.132	0.130	0.135	0.134	0.136	0.132	0.138	0.138	0.216	0.192	0.145	0.136	0.136	0.125	0.138	0.135	0.137	0.131	0.134	0.145	0.225	0.196
9:00:01	0.147	0.140	0.132	0.131	0.133	0.135	0.136	0.131	0.137	0.136	0.216	0.193	0.149	0.141	0.131	0.131	0.137	0.134	0.140	0.135	0.136	0.137	0.216	0.197	0.143	0.145	0.135	0.134	0.139	0.141	0.142	0.138	0.136	0.147	0.226	0.198	0.138	0.140	0.133	0.133	0.136	0.144	0.144	0.136	0.144	0.139	0.219	0.201	0.140	0.144	0.136	0.137	0.137	0.142	0.147	0.137	0.143	0.145	0.216	0.199	0.140	0.143	0.132	0.132	0.135	0.141	0.140	0.135	0.135	0.136	0.222	0.200	0.143	0.142	0.133	0.131	0.135	0.134	0.137	0.133	0.137	0.138	0.220	0.197	0.145	0.137	0.137	0.126	0.137	0.135	0.139	0.132	0.134	0.145	0.229	0.201
9:20:01	0.144	0.144	0.133	0.132	0.133	0.135	0.137	0.131	0.137	0.136	0.219	0.198	0.148	0.141	0.132	0.131	0.137	0.134	0.141	0.136	0.136	0.137	0.219	0.201	0.142	0.145	0.135	0.134	0.139	0.141	0.142	0.138	0.136	0.147	0.229	0.203	0.139	0.140	0.134	0.133	0.136	0.142	0.145	0.137	0.142	0.139	0.222	0.206	0.140	0.145	0.137	0.137	0.136	0.141	0.148	0.137	0.142	0.144	0.219	0.204	0.141	0.142	0.133	0.132	0.135	0.140	0.141	0.135	0.135	0.136	0.225	0.205	0.142	0.141	0.134	0.131	0.135	0.135	0.139	0.134	0.137	0.138	0.223	0.201	0.144	0.137	0.137	0.127	0.137	0.135	0.140	0.133	0.134	0.145	0.231	0.206
9:40:01	0.144	0.142	0.133	0.132	0.133	0.135	0.139	0.132	0.137	0.136	0.222	0.202	0.148	0.141	0.132	0.132	0.137	0.134	0.143	0.136	0.136	0.137	0.222	0.205	0.143	0.145	0.136	0.134	0.139	0.141	0.144	0.139	0.136	0.147	0.232	0.207	0.142	0.140	0.134	0.134	0.136	0.143	0.147	0.138	0.143	0.139	0.225	0.210	0.141	0.144	0.138	0.137	0.136	0.141	0.150	0.138	0.142	0.144	0.221	0.208	0.143	0.141	0.133	0.133	0.135	0.140	0.143	0.136	0.135	0.136	0.228	0.209	0.143	0.141	0.134	0.132	0.135	0.135	0.140	0.135	0.137	0.138	0.226	0.205	0.145	0.138	0.138	0.127	0.137	0.135	0.143	0.134	0.135	0.145	0.234	0.210
10:00:01	0.146	0.141	0.134	0.132	0.133	0.135	0.140	0.132	0.138	0.136	0.224	0.205	0.149	0.141	0.133	0.133	0.138	0.134	0.144	0.137	0.136	0.138	0.225	0.209	0.145	0.146	0.137	0.134	0.140	0.141	0.145	0.139	0.136	0.147	0.235	0.210	0.145	0.141	0.135	0.134	0.136	0.142	0.149	0.138	0.142	0.139	0.227	0.214	0.143	0.144	0.138	0.138	0.136	0.141	0.151	0.138	0.141	0.143	0.224	0.211	0.147	0.142	0.134	0.133	0.135	0.140	0.144	0.136	0.135	0.136	0.230	0.212	0.145	0.142	0.135	0.132	0.136	0.135	0.141	0.135	0.138	0.139	0.229	0.208	0.148	0.140	0.139	0.128	0.138	0.136	0.145	0.134	0.135	0.146	0.236	0.213
10:20:01	0.149	0.142	0.135	0.133	0.134	0.135	0.141	0.133	0.138	0.137	0.226	0.209	0.152	0.142	0.134	0.133	0.138	0.135	0.146	0.138	0.136	0.138	0.227	0.212	0.147	0.149	0.137	0.135	0.140	0.141	0.146	0.139	0.136	0.148	0.238	0.214	0.151	0.143	0.136	0.135	0.136	0.142	0.151	0.139	0.142	0.140	0.230	0.217	0.146	0.146	0.139	0.138	0.136	0.141	0.152	0.139	0.141	0.144	0.226	0.215	0.152	0.144	0.135	0.133	0.136	0.140	0.146	0.137	0.135	0.136	0.233	0.215	0.148	0.145	0.136	0.133	0.136	0.135	0.143	0.136	0.138	0.139	0.231	0.211	0.152	0.143	0.140	0.128	0.138	0.136	0.147	0.135	0.135	0.146	0.237	0.217
10:40:01	0.153	0.144	0.136	0.133	0.134	0.136	0.143	0.134	0.139	0.138	0.229	0.212	0.156	0.145	0.135	0.134	0.139	0.135	0.148	0.139	0.138	0.139	0.229	0.216	0.151	0.153	0.138	0.135	0.141	0.141	0.148	0.140	0.137	0.149	0.240	0.218	0.157	0.147	0.136	0.135	0.137	0.143	0.153	0.140	0.143	0.141	0.233	0.221	0.150	0.149	0.140	0.138	0.136	0.141	0.154	0.140	0.141	0.144	0.228	0.218	0.157	0.148	0.136	0.134	0.137	0.140	0.148	0.138	0.136	0.137	0.235	0.218	0.152	0.149	0.137	0.133	0.137	0.136	0.145	0.137	0.139	0.140	0.233	0.214	0.157	0.146	0.141	0.130	0.138	0.137	0.150	0.137	0.136	0.147	0.240	0.221
11:00:01	0.157	0.147	0.137	0.134	0.135	0.137	0.145	0.134	0.140	0.138	0.230	0.215	0.160	0.148	0.136	0.135	0.140	0.135	0.150	0.140	0.138	0.140	0.231	0.218	0.155	0.158	0.139	0.136	0.141	0.142	0.150	0.141	0.138	0.149	0.242	0.220	0.163	0.151	0.137	0.136	0.137	0.143	0.156	0.141	0.143	0.141	0.235	0.223	0.156	0.152	0.141	0.138	0.137	0.142	0.156	0.141	0.142	0.145	0.230	0.221	0.164	0.152	0.137	0.135	0.137	0.141	0.150	0.139	0.137	0.138	0.238	0.220	0.158	0.155	0.138	0.134	0.138	0.137	0.147	0.138	0.140	0.141	0.235	0.217	0.163	0.150	0.142	0.130	0.139	0.138	0.153	0.138	0.136	0.147	0.241	0.224
11:20:01	0.162	0.151	0.138	0.134	0.136	0.137	0.147	0.135	0.141	0.139	0.232	0.217	0.167	0.153	0.137	0.135	0.140	0.136	0.152	0.141	0.139	0.140	0.233	0.221	0.161	0.164	0.140	0.136	0.142	0.143	0.152	0.142	0.139	0.150	0.244	0.223	0.172	0.156	0.138	0.137	0.138	0.144	0.159	0.142	0.144	0.142	0.236	0.225	0.162	0.156	0.142	0.139	0.137	0.143	0.159	0.142	0.142	0.146	0.232	0.223	0.170	0.159	0.137	0.135	0.138	0.142	0.152	0.140	0.138	0.139	0.240	0.222	0.165	0.162	0.139	0.134	0.139	0.137	0.150	0.139	0.140	0.141	0.237	0.219	0.172	0.155	0.142	0.132	0.140	0.138	0.156	0.139	0.137	0.148	0.243	0.228
11:40:01	0.170	0.155	0.138	0.135	0.136	0.138	0.149	0.136	0.141	0.140	0.234	0.220	0.173	0.158	0.137	0.136	0.141	0.137	0.155	0.142	0.140	0.141	0.234	0.223	0.169	0.170	0.141	0.137	0.143	0.143	0.154	0.143	0.139	0.151	0.246	0.226	0.181	0.163	0.138	0.137	0.138	0.144	0.161	0.143	0.144	0.143	0.237	0.228	0.168	0.161	0.142	0.139	0.137	0.143	0.161	0.143	0.143	0.146	0.234	0.226	0.177	0.165	0.138	0.136	0.139	0.142	0.155	0.141	0.139	0.139	0.242	0.225	0.175	0.169	0.139	0.135	0.139	0.138	0.152	0.140	0.141	0.142	0.239	0.221	0.181	0.161	0.143	0.131	0.141	0.139	0.158	0.141	0.138	0.148	0.243	0.231
12:00:01	0.176	0.161	0.139	0.135	0.136	0.139	0.152	0.137	0.141	0.141	0.235	0.222	0.182	0.164	0.138	0.136	0.141	0.138	0.158	0.143	0.140	0.142	0.235	0.225	0.175	0.177	0.141	0.137	0.143	0.144	0.157	0.144	0.140	0.151	0.247	0.229	0.189	0.167	0.139	0.138	0.139	0.145	0.164	0.145	0.145	0.144	0.239	0.229	0.174	0.167	0.143	0.140	0.137	0.144	0.164	0.145	0.143	0.147	0.235	0.228	0.185	0.170	0.139	0.136	0.139	0.143	0.157	0.142	0.139	0.140	0.243	0.227	0.189	0.178	0.140	0.135	0.140	0.139	0.155	0.141	0.142	0.143	0.240	0.223	0.194	0.167	0.144	0.131	0.141	0.140	0.161	0.142	0.138	0.149	0.245	0.232
12:20:01	0.185	0.167	0.140	0.136	0.137	0.140	0.154	0.138	0.142	0.141	0.235	0.224	0.190	0.172	0.139	0.137	0.142	0.139	0.160	0.144	0.141	0.143	0.236	0.227	0.183	0.183	0.142	0.138	0.144	0.144	0.159	0.145	0.141	0.152	0.249	0.231	0.204	0.176	0.140	0.138	0.139	0.145	0.167	0.146	0.145	0.145	0.240	0.231	0.181	0.173	0.144	0.140	0.138	0.144	0.167	0.146	0.143	0.148	0.236	0.230	0.195	0.180	0.139	0.137	0.140	0.143	0.160	0.144	0.140	0.141	0.245	0.228	0.205	0.186	0.140	0.136	0.141	0.139	0.158	0.142	0.143	0.143	0.241	0.224	0.211	0.174	0.144	0.132	0.142	0.140	0.165	0.144	0.139	0.149	0.246	0.235
12:40:01	0.196	0.171	0.140	0.136	0.137	0.140	0.157	0.139	0.142	0.142	0.236	0.225	0.195	0.177	0.139	0.137	0.143	0.139	0.163	0.145	0.141	0.143	0.238	0.229	0.190	0.193	0.142	0.139	0.144	0.145	0.162	0.147	0.141	0.152	0.249	0.232	0.210	0.184	0.140	0.139	0.139	0.146	0.170	0.148	0.146	0.146	0.241	0.232	0.188	0.177	0.144	0.141	0.138	0.145	0.170	0.148	0.144	0.148	0.236	0.232	0.205	0.185	0.140	0.137	0.140	0.144	0.163	0.145	0.140	0.141	0.245	0.229	0.221	0.192	0.141	0.136	0.141	0.140	0.161	0.143	0.144	0.144	0.242	0.226	0.217	0.179	0.145	0.133	0.142	0.142	0.168	0.146	0.139	0.149	0.246	0.237
13:00:01	0.203	0.174	0.141	0.137	0.138	0.141	0.159	0.140	0.142	0.142	0.236	0.227	0.201	0.184	0.140	0.138	0.143	0.140	0.166	0.147	0.141	0.144	0.238	0.230	0.198	0.201	0.143	0.139	0.144	0.145	0.165	0.149	0.142	0.153	0.250	0.234	0.213	0.193	0.141	0.139	0.139	0.146	0.173	0.149	0.146	0.146	0.242	0.233	0.195	0.181	0.145	0.141	0.139	0.145	0.173	0.150	0.144	0.148	0.238	0.233	0.215	0.189	0.141	0.138	0.140	0.145	0.166	0.147	0.140	0.142	0.247	0.230	0.229	0.198	0.141	0.137	0.141	0.140	0.164	0.145	0.145	0.144	0.242	0.227	0.223	0.185	0.145	0.133	0.142	0.142	0.171	0.149	0.139	0.150	0.246	0.239
13:20:01	0.198	0.179	0.141	0.137	0.139	0.141	0.163	0.141	0.143	0.142	0.237	0.229	0.208	0.186	0.141	0.138	0.143	0.140	0.168	0.148	0.142	0.144	0.239	0.231	0.207	0.208	0.144	0.140	0.145	0.146	0.169	0.151	0.143	0.153	0.251	0.235	0.218	0.196	0.141	0.140	0.140	0.146	0.177	0.151	0.147	0.146	0.241	0.234	0.203	0.190	0.145	0.141	0.139	0.147	0.176	0.152	0.145	0.149	0.237	0.234	0.229	0.197	0.141	0.138	0.141	0.146	0.169	0.148	0.141	0.143	0.246	0.231	0.234	0.204	0.142	0.137	0.141	0.141	0.166	0.146	0.145	0.145	0.242	0.229	0.225	0.189	0.146	0.135	0.143	0.142	0.174	0.151	0.140	0.150	0.247	0.242
13:40:01	0.220	0.183	0.142	0.138	0.138	0.142	0.165	0.143	0.143	0.143	0.237	0.230	0.206	0.187	0.141	0.139	0.144	0.141	0.172	0.150	0.143	0.144	0.239	0.233	0.212	0.208	0.144	0.140	0.145	0.146	0.171	0.153	0.143	0.154	0.251	0.237	0.224	0.199	0.142	0.140	0.141	0.148	0.180	0.153	0.148	0.147	0.242	0.235	0.213	0.197	0.146	0.142	0.140	0.148	0.179	0.154	0.146	0.149	0.238	0.235	0.237	0.201	0.142	0.139	0.142	0.147	0.173	0.150	0.141	0.144	0.248	0.233	0.242	0.211	0.142	0.138	0.142	0.141	0.169	0.148	0.145	0.146	0.242	0.230	0.231	0.193	0.146	0.134	0.144	0.143	0.177	0.153	0.140	0.150	0.248	0.243
14:00:01	0.217	0.188	0.143	0.138	0.139	0.144	0.168	0.145	0.143	0.143	0.237	0.231	0.214	0.193	0.142	0.139	0.144	0.142	0.175	0.151	0.145	0.145	0.239	0.234	0.222	0.215	0.145	0.141	0.147	0.147	0.174	0.155	0.145	0.154	0.252	0.238	0.223	0.203	0.142	0.141	0.142	0.149	0.184	0.155	0.150	0.148	0.243	0.235	0.222	0.204	0.146	0.142	0.141	0.150	0.182	0.156	0.148	0.149	0.239	0.236	0.239	0.206	0.142	0.139	0.142	0.150	0.176	0.153	0.143	0.146	0.249	0.233	0.245	0.216	0.143	0.138	0.142	0.142	0.172	0.150	0.145	0.147	0.242	0.231	0.237	0.200	0.147	0.134	0.144	0.144	0.180	0.156	0.142	0.152	0.248	0.244
14:20:01	0.221	0.192	0.143	0.139	0.139	0.145	0.172	0.146	0.143	0.143	0.237	0.233	0.217	0.195	0.143	0.139	0.144	0.143	0.178	0.153	0.146	0.145	0.240	0.235	0.226	0.212	0.146	0.141	0.148	0.148	0.179	0.157	0.146	0.155	0.253	0.239	0.226	0.208	0.143	0.141	0.143	0.150	0.187	0.157	0.151	0.149	0.243	0.236	0.232	0.211	0.147	0.143	0.141	0.151	0.185	0.158	0.148	0.150	0.240	0.236	0.242	0.206	0.143	0.140	0.144	0.151	0.179	0.154	0.144	0.148	0.249	0.234	0.251	0.220	0.143	0.139	0.143	0.142	0.175	0.152	0.145	0.148	0.243	0.231	0.239	0.209	0.147	0.134	0.145	0.145	0.183	0.158	0.143	0.153	0.248	0.245
14:40:01	0.231	0.198	0.144	0.139	0.140	0.145	0.174	0.148	0.144	0.145	0.238	0.233	0.224	0.201	0.143	0.140	0.145	0.144	0.181	0.155	0.146	0.147	0.241	0.237	0.233	0.217	0.146	0.142	0.148	0.149	0.181	0.159	0.146	0.156	0.253	0.240	0.232	0.211	0.143	0.141	0.145	0.152	0.191	0.160	0.152	0.150	0.244	0.236	0.232	0.218	0.147	0.143	0.143	0.152	0.189	0.160	0.149	0.151	0.240	0.237	0.252	0.210	0.144	0.141	0.145	0.152	0.181	0.157	0.144	0.149	0.250	0.235	0.256	0.223	0.144	0.139	0.144	0.144	0.177	0.154	0.147	0.148	0.243	0.233	0.246	0.224	0.148	0.135	0.147	0.146	0.185	0.160	0.144	0.153	0.249	0.245
15:00:01	0.242	0.211	0.144	0.140	0.141	0.145	0.177	0.150	0.145	0.145	0.238	0.234	0.227	0.208	0.144	0.140	0.146	0.144	0.183	0.157	0.146	0.147	0.241	0.238	0.242	0.225	0.146	0.143	0.149	0.150	0.183	0.161	0.147	0.157	0.254	0.241	0.236	0.213	0.144	0.142	0.146	0.153	0.194	0.162	0.152	0.150	0.244	0.236	0.243	0.224	0.148	0.144	0.144	0.153	0.192	0.162	0.150	0.152	0.240	0.237	0.258	0.213	0.145	0.141	0.145	0.153	0.186	0.159	0.145	0.150	0.251	0.236	0.248	0.228	0.144	0.140	0.144	0.144	0.179	0.156	0.147	0.149	0.243	0.234	0.255	0.230	0.148	0.135	0.148	0.147	0.188	0.162	0.145	0.154	0.250	0.245
15:20:01	0.247	0.213	0.144	0.140	0.142	0.146	0.180	0.152	0.145	0.145	0.239	0.234	0.230	0.213	0.144	0.141	0.146	0.144	0.187	0.159	0.147	0.147	0.242	0.238	0.250	0.223	0.147	0.143	0.149	0.150	0.186	0.163	0.147	0.157	0.254	0.242	0.244	0.215	0.144	0.142	0.147	0.153	0.196	0.164	0.153	0.150	0.245	0.237	0.251	0.226	0.148	0.144	0.145	0.154	0.194	0.165	0.150	0.152	0.241	0.237	0.261	0.222	0.145	0.141	0.145	0.154	0.189	0.161	0.145	0.152	0.252	0.236	0.255	0.231	0.145	0.140	0.144	0.145	0.182	0.158	0.147	0.149	0.244	0.234	0.255	0.230	0.149	0.136	0.148	0.147	0.190	0.165	0.145	0.155	0.251	0.245
15:40:01	0.242	0.222	0.145	0.140	0.142	0.146	0.183	0.154	0.145	0.146	0.239	0.234	0.233	0.219	0.144	0.141	0.146	0.145	0.188	0.161	0.147	0.147	0.243	0.240	0.256	0.232	0.147	0.144	0.149	0.150	0.188	0.166	0.147	0.157	0.255	0.242	0.258	0.222	0.145	0.142	0.147	0.154	0.199	0.167	0.153	0.151	0.245	0.237	0.271	0.237	0.149	0.144	0.145	0.156	0.197	0.167	0.150	0.152	0.241	0.237	0.275	0.225	0.145	0.142	0.145	0.156	0.191	0.164	0.146	0.153	0.253	0.236	0.273	0.233	0.145	0.140	0.144	0.145	0.184	0.161	0.147	0.150	0.244	0.234	0.268	0.238	0.149	0.136	0.148	0.147	0.191	0.167	0.146	0.155	0.251	0.244
16:00:01	0.257	0.233	0.145	0.141	0.142	0.147	0.186	0.156	0.145	0.146	0.240	0.235	0.240	0.227	0.145	0.141	0.146	0.145	0.190	0.163	0.148	0.147	0.243	0.239	0.276	0.237	0.148	0.144	0.149	0.151	0.191	0.168	0.148	0.157	0.255	0.242	0.268	0.229	0.145	0.143	0.147	0.154	0.201	0.169	0.154	0.151	0.246	0.237	0.281	0.236	0.149	0.145	0.146	0.157	0.200	0.170	0.151	0.153	0.241	0.238	0.277	0.236	0.146	0.142	0.146	0.157	0.192	0.166	0.146	0.154	0.253	0.236	0.277	0.242	0.146	0.141	0.144	0.145	0.186	0.163	0.147	0.151	0.245	0.234	0.278	0.240	0.149	0.138	0.149	0.148	0.193	0.169	0.146	0.156	0.251	0.243
16:20:01	0.271	0.236	0.146	0.141	0.142	0.147	0.187	0.158	0.145	0.146	0.240	0.235	0.248	0.234	0.145	0.142	0.146	0.145	0.192	0.166	0.148	0.147	0.244	0.239	0.258	0.243	0.148	0.145	0.150	0.151	0.193	0.170	0.148	0.157	0.256	0.242	0.266	0.233	0.145	0.143	0.148	0.155	0.203	0.172	0.154	0.151	0.246	0.237	0.295	0.242	0.149	0.145	0.147	0.158	0.202	0.172	0.151	0.153	0.241	0.238	0.287	0.242	0.146	0.143	0.146	0.158	0.194	0.169	0.147	0.155	0.254	0.236	0.290	0.251	0.146	0.141	0.144	0.145	0.188	0.166	0.147	0.152	0.245	0.235	0.278	0.240	0.149	0.138	0.149	0.148	0.195	0.171	0.147	0.157	0.252	0.242
16:40:01	0.273	0.234	0.146	0.141	0.142	0.148	0.188	0.160	0.145	0.146	0.241	0.234	0.256	0.237	0.145	0.142	0.146	0.146	0.193	0.168	0.148	0.148	0.244	0.240	0.279	0.251	0.148	0.145	0.150	0.151	0.194	0.172	0.149	0.158	0.257	0.242	0.275	0.236	0.146	0.144	0.148	0.155	0.204	0.175	0.154	0.152	0.247	0.238	0.298	0.247	0.149	0.145	0.147	0.159	0.203	0.175	0.152	0.153	0.242	0.237	0.296	0.249	0.146	0.143	0.147	0.159	0.195	0.172	0.147	0.157	0.256	0.236	0.291	0.259	0.147	0.141	0.144	0.146	0.190	0.168	0.148	0.154	0.246	0.235	0.291	0.242	0.150	0.137	0.149	0.148	0.196	0.174	0.147	0.158	0.252	0.241
17:00:01	0.276	0.248	0.146	0.142	0.142	0.149	0.190	0.162	0.145	0.146	0.242	0.234	0.266	0.241	0.145	0.142	0.146	0.146	0.195	0.170	0.148	0.148	0.244	0.240	0.254	0.253	0.148	0.145	0.150	0.151	0.196	0.175	0.149	0.158	0.257	0.242	0.280	0.243	0.146	0.144	0.148	0.155	0.206	0.177	0.155	0.152	0.248	0.237	0.313	0.259	0.149	0.145	0.147	0.159	0.205	0.177	0.152	0.153	0.243	0.237	0.304	0.254	0.146	0.144	0.147	0.159	0.196	0.174	0.147	0.158	0.256	0.235	0.294	0.263	0.147	0.142	0.145	0.146	0.192	0.171	0.148	0.155	0.246	0.234	0.295	0.266	0.150	0.138	0.150	0.148	0.198	0.177	0.148	0.159	0.253	0.241
17:20:01	0.283	0.246	0.146	0.142	0.142	0.149	0.191	0.165	0.145	0.147	0.242	0.234	0.280	0.240	0.145	0.142	0.146	0.147	0.196	0.172	0.149	0.148	0.245	0.241	0.288	0.262	0.148	0.146	0.150	0.151	0.198	0.177	0.149	0.158	0.258	0.241	0.281	0.246	0.146	0.144	0.149	0.156	0.207	0.180	0.155	0.152	0.249	0.237	0.321	0.261	0.149	0.145	0.148	0.161	0.206	0.180	0.153	0.153	0.243	0.237	0.309	0.257	0.147	0.144	0.147	0.160	0.197	0.177	0.148	0.159	0.258	0.236	0.305	0.268	0.147	0.142	0.145	0.146	0.193	0.174	0.148	0.156	0.246	0.235	0.305	0.249	0.150	0.138	0.150	0.149	0.199	0.180	0.149	0.161	0.253	0.240
17:40:01	0.287	0.253	0.146	0.142	0.142	0.150	0.193	0.167	0.145	0.147	0.243	0.234	0.284	0.246	0.145	0.143	0.146	0.147	0.198	0.175	0.149	0.148	0.246	0.241	0.267	0.269	0.148	0.146	0.151	0.151	0.199	0.179	0.150	0.159	0.258	0.242	0.293	0.252	0.146	0.145	0.149	0.157	0.209	0.183	0.156	0.152	0.249	0.237	0.333	0.270	0.149	0.146	0.149	0.162	0.208	0.182	0.153	0.153	0.244	0.239	0.317	0.264	0.147	0.144	0.148	0.161	0.198	0.180	0.149	0.160	0.260	0.237	0.312	0.273	0.147	0.143	0.145	0.147	0.195	0.176	0.149	0.158	0.247	0.235	0.314	0.276	0.150	0.138	0.150	0.149	0.201	0.183	0.149	0.162	0.254	0.240
18:00:01	0.294	0.264	0.146	0.143	0.143	0.150	0.195	0.169	0.146	0.147	0.244	0.235	0.290	0.253	0.145	0.143	0.147	0.147	0.199	0.177	0.150	0.149	0.246	0.242	0.306	0.276	0.149	0.147	0.151	0.152	0.201	0.182	0.150	0.159	0.259	0.244	0.295	0.257	0.146	0.145	0.150	0.158	0.210	0.186	0.156	0.153	0.250	0.237	0.343	0.273	0.150	0.146	0.149	0.163	0.209	0.185	0.154	0.153	0.245	0.238	0.329	0.265	0.147	0.145	0.148	0.162	0.200	0.183	0.149	0.161	0.261	0.236	0.318	0.278	0.147	0.143	0.145	0.147	0.196	0.179	0.149	0.159	0.247	0.236	0.320	0.277	0.150	0.139	0.151	0.150	0.202	0.185	0.150	0.163	0.254	0.240
18:20:01	0.303	0.261	0.146	0.143	0.143	0.151	0.196	0.171	0.146	0.147	0.245	0.235	0.301	0.258	0.145	0.144	0.147	0.147	0.200	0.179	0.151	0.149	0.247	0.244	0.294	0.282	0.149	0.147	0.151	0.152	0.202	0.183	0.150	0.159	0.259	0.244	0.302	0.259	0.146	0.145	0.150	0.158	0.211	0.188	0.156	0.153	0.251	0.237	0.344	0.275	0.150	0.146	0.150	0.163	0.210	0.187	0.154	0.153	0.245	0.238	0.338	0.269	0.147	0.145	0.148	0.163	0.201	0.186	0.150	0.162	0.263	0.236	0.332	0.283	0.147	0.143	0.146	0.148	0.197	0.182	0.150	0.160	0.248	0.235	0.327	0.282	0.150	0.139	0.151	0.150	0.203	0.188	0.151	0.164	0.254	0.240
18:40:01	0.313	0.275	0.146	0.144	0.144	0.151	0.198	0.174	0.146	0.147	0.245	0.235	0.314	0.266	0.145	0.144	0.147	0.148	0.201	0.182	0.151	0.149	0.247	0.244	0.294	0.293	0.149	0.147	0.151	0.152	0.203	0.186	0.151	0.159	0.259	0.244	0.309	0.265	0.146	0.146	0.150	0.159	0.212	0.191	0.157	0.153	0.252	0.236	0.365	0.290	0.150	0.146	0.150	0.164	0.213	0.190	0.154	0.154	0.245	0.238	0.341	0.277	0.146	0.145	0.149	0.164	0.201	0.188	0.150	0.162	0.263	0.236	0.334	0.289	0.148	0.144	0.146	0.148	0.199	0.183	0.150	0.160	0.248	0.236	0.337	0.304	0.150	0.141	0.152	0.150	0.204	0.190	0.151	0.165	0.255	0.241
19:00:01	0.319	0.273	0.146	0.144	0.144	0.151	0.198	0.176	0.146	0.148	0.246	0.236	0.315	0.267	0.145	0.144	0.147	0.148	0.202	0.183	0.151	0.149	0.248	0.245	0.288	0.297	0.149	0.147	0.152	0.152	0.205	0.188	0.151	0.160	0.260	0.246	0.310	0.266	0.146	0.146	0.151	0.159	0.214	0.193	0.157	0.154	0.254	0.237	0.365	0.288	0.150	0.147	0.151	0.165	0.214	0.192	0.155	0.154	0.247	0.239	0.345	0.279	0.146	0.146	0.149	0.164	0.203	0.191	0.151	0.163	0.267	0.237	0.338	0.291	0.148	0.144	0.146	0.149	0.200	0.186	0.150	0.162	0.248	0.237	0.338	0.317	0.150	0.139	0.152	0.150	0.205	0.192	0.152	0.166	0.255	0.240
19:20:01	0.327	0.290	0.146	0.144	0.144	0.152	0.200	0.178	0.146	0.148	0.247	0.236	0.327	0.272	0.145	0.144	0.147	0.148	0.203	0.185	0.151	0.149	0.249	0.245	0.289	0.305	0.149	0.147	0.151	0.152	0.205	0.189	0.151	0.160	0.261	0.246	0.314	0.270	0.146	0.146	0.151	0.159	0.214	0.195	0.156	0.154	0.254	0.237	0.365	0.290	0.150	0.147	0.151	0.165	0.214	0.193	0.154	0.154	0.247	0.238	0.351	0.280	0.146	0.146	0.149	0.164	0.203	0.193	0.151	0.164	0.268	0.237	0.340	0.293	0.148	0.144	0.146	0.149	0.201	0.187	0.151	0.163	0.249	0.237	0.344	0.329	0.150	0.139	0.152	0.151	0.206	0.194	0.152	0.166	0.256	0.241
19:40:01	0.337	0.296	0.146	0.144	0.145	0.152	0.201	0.180	0.146	0.148	0.248	0.236	0.336	0.280	0.145	0.144	0.147	0.148	0.204	0.187	0.152	0.149	0.249	0.244	0.302	0.317	0.149	0.147	0.152	0.152	0.206	0.190	0.152	0.160	0.261	0.246	0.320	0.277	0.146	0.146	0.151	0.160	0.216	0.197	0.156	0.154	0.254	0.237	0.383	0.299	0.150	0.147	0.151	0.165	0.215	0.195	0.155	0.155	0.247	0.238	0.366	0.285	0.146	0.146	0.150	0.165	0.204	0.195	0.151	0.164	0.269	0.236	0.349	0.299	0.148	0.144	0.147	0.150	0.202	0.188	0.151	0.163	0.249	0.238	0.349	0.344	0.150	0.141	0.153	0.151	0.208	0.194	0.153	0.167	0.256	0.241
20:00:01	0.342	0.295	0.147	0.144	0.145	0.152	0.202	0.181	0.147	0.148	0.249	0.237	0.328	0.281	0.145	0.144	0.148	0.148	0.205	0.188	0.152	0.150	0.250	0.245	0.311	0.321	0.149	0.148	0.153	0.153	0.208	0.193	0.152	0.161	0.262	0.248	0.320	0.279	0.146	0.146	0.152	0.162	0.218	0.198	0.158	0.154	0.257	0.238	0.387	0.308	0.150	0.148	0.152	0.167	0.218	0.198	0.157	0.157	0.249	0.239	0.374	0.285	0.146	0.147	0.151	0.166	0.206	0.199	0.153	0.166	0.274	0.238	0.346	0.300	0.148	0.144	0.147	0.151	0.203	0.189	0.152	0.164	0.250	0.239	0.354	0.354	0.150	0.139	0.153	0.151	0.208	0.195	0.153	0.168	0.257	0.241
20:20:01	0.349	0.308	0.147	0.145	0.145	0.153	0.203	0.183	0.147	0.148	0.250	0.237	0.345	0.284	0.145	0.145	0.148	0.149	0.206	0.190	0.152	0.150	0.251	0.245	0.332	0.327	0.149	0.148	0.153	0.153	0.209	0.195	0.153	0.161	0.263	0.248	0.324	0.280	0.146	0.147	0.152	0.163	0.219	0.200	0.159	0.155	0.259	0.240	0.390	0.307	0.150	0.148	0.153	0.168	0.220	0.201	0.157	0.158	0.250	0.240	0.387	0.289	0.146	0.147	0.151	0.167	0.207	0.201	0.153	0.166	0.274	0.238	0.360	0.302	0.148	0.145	0.147	0.151	0.204	0.191	0.152	0.165	0.250	0.240	0.357	0.364	0.150	0.139	0.153	0.151	0.209	0.197	0.154	0.169	0.257	0.241
20:40:01	0.353	0.312	0.146	0.145	0.145	0.153	0.204	0.185	0.147	0.148	0.251	0.237	0.351	0.286	0.145	0.145	0.148	0.149	0.207	0.191	0.153	0.150	0.252	0.246	0.344	0.335	0.149	0.149	0.153	0.154	0.210	0.196	0.153	0.162	0.263	0.250	0.329	0.284	0.146	0.147	0.153	0.163	0.221	0.201	0.159	0.155	0.260	0.240	0.385	0.309	0.150	0.148	0.154	0.168	0.220	0.203	0.158	0.159	0.251	0.240	0.407	0.291	0.146	0.147	0.152	0.167	0.208	0.202	0.154	0.167	0.279	0.239	0.362	0.305	0.148	0.145	0.147	0.152	0.205	0.192	0.153	0.166	0.251	0.240	0.368	0.377	0.150	0.140	0.153	0.151	0.209	0.197	0.155	0.170	0.260	0.243
21:00:01	0.353	0.311	0.146	0.145	0.145	0.153	0.204	0.186	0.147	0.149	0.251	0.237	0.355	0.289	0.146	0.145	0.148	0.149	0.207	0.192	0.153	0.150	0.253	0.248	0.347	0.340	0.149	0.149	0.154	0.154	0.212	0.198	0.153	0.163	0.264	0.251	0.333	0.286	0.147	0.147	0.153	0.165	0.223	0.203	0.160	0.157	0.262	0.240	0.407	0.318	0.150	0.149	0.155	0.170	0.223	0.204	0.159	0.161	0.252	0.240	0.401	0.294	0.146	0.148	0.152	0.168	0.209	0.205	0.155	0.168	0.281	0.239	0.362	0.304	0.148	0.145	0.147	0.153	0.206	0.194	0.153	0.167	0.252	0.241	0.373	0.380	0.150	0.139	0.153	0.151	0.210	0.198	0.155	0.171	0.261	0.243
21:20:01	0.356	0.323	0.146	0.145	0.145	0.153	0.205	0.187	0.147	0.149	0.252	0.238	0.364	0.296	0.146	0.145	0.148	0.150	0.208	0.193	0.153	0.150	0.253	0.247	0.354	0.347	0.149	0.149	0.154	0.155	0.212	0.199	0.153	0.163	0.265	0.252	0.337	0.288	0.147	0.147	0.154	0.165	0.224	0.205	0.161	0.157	0.264	0.241	0.402	0.319	0.150	0.149	0.155	0.170	0.223	0.206	0.160	0.162	0.253	0.241	0.407	0.296	0.146	0.148	0.153	0.169	0.210	0.206	0.155	0.169	0.284	0.240	0.370	0.307	0.148	0.145	0.148	0.153	0.207	0.195	0.153	0.167	0.252	0.242	0.369	0.383	0.150	0.139	0.154	0.152	0.211	0.200	0.156	0.172	0.261	0.244
21:40:02	0.352	0.333	0.146	0.145	0.146	0.154	0.206	0.188	0.147	0.149	0.253	0.239	0.368	0.296	0.145	0.145	0.149	0.150	0.209	0.194	0.153	0.150	0.254	0.247	0.373	0.354	0.149	0.149	0.155	0.155	0.213	0.200	0.154	0.164	0.266	0.254	0.339	0.291	0.146	0.148	0.154	0.166	0.225	0.206	0.162	0.158	0.266	0.240	0.430	0.333	0.150	0.150	0.156	0.171	0.225	0.206	0.161	0.164	0.254	0.240	0.412	0.298	0.146	0.148	0.153	0.169	0.211	0.207	0.156	0.169	0.286	0.239	0.374	0.308	0.148	0.145	0.148	0.154	0.208	0.196	0.154	0.168	0.253	0.243	0.380	0.398	0.150	0.140	0.154	0.152	0.212	0.201	0.156	0.172	0.260	0.246
22:00:02	0.351	0.328	0.146	0.145	0.146	0.154	0.206	0.189	0.148	0.149	0.254	0.239	0.372	0.298	0.145	0.145	0.149	0.150	0.209	0.194	0.154	0.151	0.255	0.248	0.382	0.360	0.149	0.150	0.155	0.155	0.214	0.201	0.154	0.165	0.266	0.255	0.343	0.293	0.147	0.148	0.154	0.167	0.227	0.207	0.162	0.159	0.268	0.240	0.433	0.329	0.150	0.150	0.156	0.171	0.226	0.208	0.162	0.165	0.255	0.240	0.415	0.303	0.146	0.148	0.154	0.170	0.212	0.208	0.157	0.170	0.289	0.241	0.376	0.310	0.148	0.145	0.148	0.154	0.209	0.197	0.155	0.169	0.255	0.244	0.387	0.401	0.150	0.140	0.154	0.152	0.212	0.202	0.157	0.173	0.261	0.247
22:20:02	0.354	0.331	0.146	0.145	0.146	0.154	0.207	0.190	0.148	0.149	0.255	0.240	0.369	0.309	0.146	0.145	0.149	0.150	0.210	0.195	0.154	0.151	0.256	0.248	0.390	0.365	0.149	0.150	0.156	0.156	0.215	0.202	0.154	0.166	0.268	0.257	0.348	0.296	0.147	0.148	0.155	0.167	0.228	0.208	0.163	0.160	0.271	0.242	0.443	0.331	0.150	0.151	0.157	0.172	0.226	0.209	0.162	0.166	0.257	0.241	0.433	0.305	0.146	0.148	0.155	0.170	0.213	0.209	0.157	0.170	0.292	0.240	0.374	0.313	0.148	0.145	0.148	0.155	0.211	0.198	0.155	0.169	0.255	0.245	0.382	0.402	0.150	0.140	0.154	0.152	0.214	0.203	0.158	0.173	0.262	0.249
22:40:02	0.359	0.341	0.146	0.145	0.147	0.155	0.208	0.191	0.148	0.149	0.255	0.240	0.382	0.310	0.145	0.146	0.149	0.150	0.211	0.197	0.154	0.150	0.257	0.248	0.415	0.372	0.149	0.150	0.156	0.157	0.216	0.203	0.155	0.167	0.269	0.258	0.353	0.303	0.147	0.148	0.156	0.169	0.230	0.209	0.164	0.162	0.272	0.241	0.472	0.349	0.150	0.150	0.158	0.173	0.228	0.211	0.164	0.167	0.257	0.241	0.444	0.310	0.146	0.148	0.156	0.171	0.215	0.210	0.158	0.171	0.295	0.241	0.390	0.317	0.148	0.145	0.149	0.156	0.212	0.200	0.155	0.169	0.256	0.246	0.394	0.411	0.150	0.141	0.155	0.153	0.215	0.204	0.158	0.174	0.263	0.251
23:00:02	0.360	0.349	0.146	0.145	0.146	0.155	0.209	0.192	0.148	0.149	0.256	0.241	0.389	0.315	0.146	0.146	0.149	0.150	0.211	0.197	0.154	0.151	0.257	0.250	0.431	0.372	0.149	0.150	0.157	0.157	0.217	0.205	0.155	0.168	0.271	0.262	0.353	0.300	0.147	0.148	0.156	0.169	0.231	0.210	0.165	0.164	0.276	0.244	0.438	0.357	0.150	0.151	0.158	0.174	0.229	0.214	0.165	0.169	0.261	0.243	0.455	0.308	0.146	0.149	0.156	0.171	0.217	0.212	0.159	0.172	0.298	0.243	0.388	0.318	0.148	0.145	0.149	0.156	0.213	0.201	0.156	0.170	0.258	0.248	0.402	0.408	0.150	0.139	0.155	0.153	0.215	0.205	0.159	0.174	0.264	0.252
23:20:02	0.367	0.348	0.146	0.145	0.147	0.156	0.209	0.193	0.148	0.149	0.257	0.242	0.393	0.318	0.146	0.146	0.149	0.151	0.211	0.199	0.155	0.151	0.258	0.250	0.429	0.378	0.149	0.151	0.159	0.159	0.219	0.207	0.156	0.170	0.272	0.265	0.358	0.304	0.147	0.149	0.158	0.171	0.233	0.212	0.168	0.165	0.280	0.245	0.476	0.360	0.150	0.152	0.160	0.176	0.231	0.217	0.167	0.171	0.263	0.243	0.460	0.312	0.146	0.150	0.158	0.173	0.219	0.214	0.160	0.173	0.302	0.243	0.390	0.321	0.148	0.146	0.150	0.157	0.214	0.202	0.157	0.171	0.259	0.249	0.398	0.410	0.150	0.139	0.155	0.153	0.217	0.206	0.160	0.175	0.265	0.253
23:40:02	0.372	0.347	0.146	0.145	0.147	0.157	0.210	0.194	0.148	0.150	0.258	0.243	0.393	0.320	0.146	0.146	0.150	0.151	0.212	0.199	0.156	0.151	0.259	0.250	0.430	0.381	0.149	0.151	0.159	0.159	0.219	0.208	0.157	0.171	0.274	0.268	0.361	0.307	0.147	0.149	0.158	0.172	0.234	0.213	0.169	0.167	0.283	0.246	0.457	0.348	0.150	0.152	0.161	0.177	0.232	0.219	0.168	0.172	0.265	0.244	0.454	0.316	0.146	0.150	0.158	0.173	0.220	0.215	0.161	0.174	0.305	0.244	0.394	0.324	0.148	0.145	0.150	0.158	0.216	0.203	0.158	0.172	0.261	0.250	0.401	0.408	0.150	0.139	0.155	0.154	0.218	0.208	0.160	0.176	0.267	0.256
24:00:02	0.379	0.349	0.146	0.145	0.147	0.158	0.211	0.195	0.148	0.150	0.259	0.244	0.391	0.323	0.146	0.146	0.150	0.151	0.212	0.200	0.156	0.152	0.260	0.253	0.458	0.384	0.149	0.152	0.160	0.160	0.220	0.209	0.158	0.173	0.276	0.274	0.361	0.309	0.148	0.150	0.159	0.173	0.235	0.215	0.170	0.169	0.285	0.248	0.481	0.367	0.150	0.152	0.162	0.178	0.233	0.221	0.169	0.174	0.268	0.244	0.484	0.318	0.146	0.150	0.159	0.174	0.221	0.216	0.161	0.175	0.307	0.244	0.405	0.326	0.147	0.146	0.151	0.158	0.217	0.204	0.158	0.173	0.263	0.252	0.408	0.412	0.150	0.139	0.155	0.155	0.219	0.209	0.162	0.176	0.268	0.258
24:20:02	0.386	0.352	0.147	0.145	0.147	0.159	0.211	0.196	0.149	0.150	0.260	0.245	0.395	0.325	0.146	0.146	0.150	0.152	0.213	0.201	0.157	0.152	0.261	0.254	0.457	0.386	0.149	0.152	0.161	0.161	0.221	0.210	0.159	0.174	0.278	0.279	0.366	0.314	0.148	0.150	0.160	0.174	0.237	0.216	0.171	0.170	0.288	0.249	0.498	0.387	0.150	0.153	0.163	0.179	0.235	0.223	0.171	0.175	0.271	0.245	0.483	0.321	0.146	0.151	0.160	0.175	0.223	0.218	0.162	0.176	0.310	0.244	0.405	0.329	0.147	0.146	0.151	0.159	0.219	0.205	0.159	0.174	0.265	0.254	0.414	0.411	0.150	0.139	0.156	0.156	0.221	0.210	0.162	0.177	0.269	0.260
24:40:02	0.394	0.359	0.147	0.145	0.147	0.160	0.212	0.197	0.149	0.150	0.260	0.245	0.407	0.329	0.146	0.146	0.150	0.152	0.213	0.202	0.157	0.152	0.262	0.256	0.471	0.387	0.149	0.153	0.163	0.162	0.223	0.212	0.160	0.176	0.280	0.284	0.371	0.318	0.148	0.150	0.161	0.176	0.239	0.218	0.173	0.172	0.292	0.251	0.512	0.386	0.150	0.154	0.165	0.182	0.237	0.225	0.172	0.177	0.274	0.245	0.476	0.325	0.146	0.151	0.161	0.176	0.224	0.220	0.163	0.177	0.312	0.245	0.407	0.332	0.147	0.146	0.152	0.160	0.221	0.207	0.160	0.175	0.268	0.255	0.416	0.407	0.150	0.139	0.156	0.157	0.223	0.211	0.162	0.178	0.271	0.263
25:00:02	0.405	0.364	0.146	0.145	0.148	0.160	0.212	0.199	0.149	0.150	0.261	0.246	0.402	0.329	0.146	0.146	0.150	0.152	0.213	0.203	0.157	0.152	0.262	0.258	0.479	0.389	0.149	0.154	0.164	0.164	0.225	0.214	0.160	0.177	0.282	0.289	0.378	0.320	0.149	0.151	0.162	0.179	0.241	0.220	0.176	0.174	0.295	0.252	0.521	0.380	0.150	0.155	0.167	0.184	0.239	0.229	0.175	0.180	0.277	0.247	0.493	0.329	0.146	0.152	0.163	0.178	0.226	0.221	0.165	0.178	0.314	0.246	0.409	0.334	0.147	0.146	0.153	0.160	0.222	0.208	0.161	0.176	0.270	0.257	0.418	0.408	0.150	0.139	0.156	0.158	0.225	0.212	0.163	0.178	0.272	0.265
25:20:02	0.409	0.367	0.146	0.145	0.148	0.161	0.212	0.199	0.149	0.150	0.262	0.247	0.405	0.334	0.146	0.146	0.150	0.153	0.214	0.203	0.158	0.152	0.263	0.259	0.488	0.390	0.149	0.154	0.165	0.164	0.225	0.215	0.161	0.178	0.284	0.295	0.376	0.321	0.149	0.151	0.163	0.180	0.241	0.221	0.177	0.175	0.298	0.254	0.490	0.396	0.150	0.155	0.168	0.185	0.240	0.230	0.176	0.181	0.280	0.247	0.494	0.328	0.146	0.152	0.164	0.179	0.227	0.223	0.166	0.179	0.316	0.247	0.408	0.336	0.147	0.146	0.153	0.161	0.224	0.209	0.161	0.176	0.272	0.259	0.425	0.407	0.150	0.139	0.157	0.158	0.226	0.213	0.164	0.179	0.273	0.268
25:40:02	0.422	0.369	0.146	0.145	0.148	0.162	0.213	0.200	0.149	0.151	0.262	0.248	0.407	0.339	0.146	0.146	0.150	0.153	0.214	0.204	0.158	0.152	0.264	0.261	0.495	0.391	0.149	0.154	0.166	0.165	0.226	0.217	0.162	0.179	0.286	0.300	0.377	0.326	0.148	0.151	0.163	0.181	0.243	0.222	0.179	0.176	0.300	0.257	0.553	0.409	0.149	0.155	0.169	0.186	0.241	0.233	0.177	0.182	0.282	0.248	0.493	0.332	0.146	0.152	0.165	0.180	0.228	0.224	0.167	0.179	0.318	0.247	0.414	0.337	0.147	0.146	0.153	0.162	0.226	0.210	0.162	0.177	0.274	0.261	0.434	0.403	0.150	0.139	0.157	0.159	0.227	0.214	0.165	0.179	0.275	0.270
26:00:02	0.433	0.367	0.146	0.145	0.148	0.163	0.213	0.201	0.149	0.151	0.263	0.249	0.404	0.339	0.146	0.146	0.150	0.153	0.214	0.205	0.159	0.152	0.264	0.263	0.504	0.392	0.149	0.155	0.167	0.166	0.227	0.218	0.163	0.180	0.288	0.305	0.383	0.328	0.149	0.151	0.164	0.183	0.244	0.224	0.181	0.177	0.303	0.260	0.537	0.409	0.149	0.156	0.171	0.188	0.242	0.235	0.179	0.184	0.285	0.249	0.500	0.334	0.146	0.153	0.166	0.181	0.230	0.225	0.168	0.181	0.320	0.249	0.422	0.339	0.147	0.146	0.154	0.162	0.227	0.211	0.162	0.178	0.277	0.263	0.432	0.404	0.149	0.139	0.158	0.160	0.228	0.214	0.166	0.180	0.276	0.273
26:20:02	0.443	0.367	0.146	0.145	0.148	0.164	0.214	0.202	0.149	0.151	0.264	0.250	0.409	0.341	0.146	0.146	0.151	0.153	0.214	0.206	0.159	0.153	0.265	0.265	0.508	0.394	0.149	0.155	0.169	0.167	0.228	0.219	0.165	0.181	0.290	0.311	0.390	0.331	0.149	0.152	0.165	0.184	0.246	0.226	0.183	0.179	0.305	0.263	0.543	0.404	0.149	0.156	0.172	0.190	0.244	0.236	0.182	0.186	0.288	0.250	0.548	0.337	0.146	0.153	0.168	0.183	0.231	0.227	0.169	0.182	0.322	0.249	0.428	0.342	0.147	0.146	0.155	0.163	0.229	0.212	0.163	0.179	0.280	0.265	0.438	0.410	0.150	0.139	0.158	0.161	0.230	0.215	0.167	0.181	0.276	0.276
26:40:02	0.450	0.372	0.146	0.145	0.149	0.166	0.215	0.203	0.150	0.152	0.265	0.251	0.420	0.351	0.146	0.147	0.151	0.153	0.215	0.207	0.160	0.152	0.265	0.266	0.518	0.400	0.150	0.155	0.170	0.169	0.229	0.221	0.166	0.182	0.290	0.317	0.395	0.336	0.149	0.152	0.167	0.186	0.248	0.228	0.185	0.179	0.307	0.261	0.555	0.415	0.149	0.157	0.174	0.193	0.246	0.239	0.184	0.187	0.288	0.249	0.534	0.342	0.146	0.153	0.170	0.185	0.233	0.229	0.170	0.184	0.324	0.249	0.430	0.346	0.147	0.146	0.156	0.164	0.232	0.213	0.163	0.179	0.281	0.267	0.439	0.410	0.149	0.141	0.159	0.163	0.234	0.217	0.168	0.181	0.277	0.279
27:00:02	0.457	0.372	0.146	0.145	0.149	0.166	0.214	0.204	0.150	0.152	0.266	0.253	0.428	0.349	0.146	0.146	0.151	0.153	0.215	0.207	0.161	0.152	0.266	0.269	0.522	0.399	0.149	0.156	0.171	0.169	0.230	0.223	0.167	0.183	0.293	0.322	0.390	0.337	0.149	0.152	0.167	0.188	0.248	0.228	0.187	0.181	0.308	0.266	0.530	0.430	0.149	0.158	0.175	0.194	0.247	0.240	0.185	0.189	0.293	0.251	0.485	0.338	0.146	0.154	0.171	0.186	0.234	0.231	0.172	0.185	0.326	0.252	0.423	0.346	0.147	0.146	0.156	0.164	0.234	0.214	0.165	0.180	0.284	0.270	0.439	0.409	0.149	0.139	0.160	0.163	0.234	0.217	0.168	0.182	0.278	0.280
27:20:02	0.460	0.379	0.146	0.145	0.149	0.167	0.215	0.205	0.150	0.152	0.267	0.254	0.424	0.351	0.146	0.146	0.151	0.154	0.215	0.208	0.161	0.153	0.267	0.273	0.525	0.401	0.149	0.156	0.172	0.170	0.232	0.224	0.168	0.184	0.295	0.328	0.400	0.338	0.150	0.153	0.169	0.190	0.250	0.230	0.190	0.183	0.312	0.271	0.549	0.450	0.149	0.158	0.177	0.195	0.248	0.243	0.187	0.191	0.295	0.253	0.513	0.341	0.146	0.154	0.172	0.187	0.235	0.233	0.173	0.186	0.328	0.252	0.424	0.348	0.146	0.146	0.157	0.165	0.236	0.216	0.165	0.181	0.287	0.272	0.449	0.412	0.149	0.139	0.160	0.164	0.235	0.218	0.169	0.183	0.279	0.283
27:40:02	0.465	0.387	0.146	0.145	0.150	0.169	0.216	0.206	0.150	0.153	0.268	0.256	0.426	0.354	0.146	0.147	0.152	0.155	0.215	0.209	0.163	0.152	0.268	0.276	0.532	0.404	0.149	0.158	0.175	0.173	0.234	0.226	0.170	0.185	0.296	0.334	0.407	0.344	0.151	0.154	0.172	0.195	0.253	0.232	0.193	0.184	0.315	0.272	0.590	0.435	0.149	0.160	0.181	0.200	0.250	0.246	0.191	0.193	0.296	0.253	0.576	0.347	0.147	0.156	0.176	0.190	0.238	0.236	0.176	0.189	0.331	0.252	0.442	0.352	0.146	0.146	0.158	0.166	0.239	0.217	0.166	0.181	0.289	0.275	0.452	0.418	0.149	0.141	0.160	0.166	0.239	0.220	0.170	0.184	0.281	0.288
28:00:02	0.465	0.389	0.146	0.145	0.149	0.169	0.215	0.206	0.150	0.153	0.269	0.258	0.422	0.355	0.146	0.147	0.151	0.155	0.215	0.209	0.164	0.153	0.269	0.282	0.534	0.403	0.149	0.158	0.175	0.172	0.235	0.227	0.171	0.186	0.299	0.339	0.399	0.344	0.151	0.154	0.172	0.195	0.254	0.233	0.195	0.186	0.317	0.277	0.525	0.437	0.149	0.160	0.182	0.201	0.252	0.248	0.193	0.195	0.301	0.255	0.518	0.346	0.147	0.156	0.176	0.191	0.239	0.239	0.176	0.189	0.333	0.254	0.441	0.354	0.146	0.146	0.158	0.166	0.241	0.218	0.167	0.182	0.293	0.278	0.454	0.416	0.149	0.139	0.160	0.166	0.239	0.220	0.171	0.185	0.284	0.292
28:20:02	0.464	0.393	0.146	0.145	0.149	0.169	0.216	0.207	0.150	0.153	0.271	0.260	0.422	0.359	0.146	0.146	0.152	0.155	0.216	0.209	0.164	0.153	0.270	0.287	0.535	0.402	0.149	0.158	0.175	0.173	0.235	0.228	0.172	0.186	0.301	0.344	0.408	0.344	0.151	0.154	0.173	0.196	0.255	0.234	0.196	0.187	0.320	0.282	0.613	0.436	0.149	0.160	0.183	0.202	0.253	0.250	0.194	0.196	0.304	0.257	0.571	0.347	0.147	0.156	0.178	0.192	0.240	0.241	0.178	0.190	0.334	0.256	0.448	0.354	0.146	0.146	0.159	0.167	0.243	0.219	0.168	0.182	0.296	0.281	0.457	0.417	0.149	0.138	0.160	0.166	0.241	0.221	0.171	0.185	0.286	0.295
28:40:02	0.463	0.398	0.145	0.145	0.149	0.171	0.216	0.207	0.150	0.154	0.272	0.262	0.423	0.361	0.146	0.146	0.152	0.155	0.216	0.210	0.166	0.153	0.271	0.292	0.542	0.402	0.149	0.158	0.176	0.173	0.236	0.229	0.173	0.187	0.303	0.349	0.414	0.347	0.151	0.154	0.173	0.197	0.255	0.235	0.198	0.188	0.322	0.287	0.583	0.452	0.149	0.161	0.184	0.202	0.253	0.251	0.194	0.197	0.306	0.258	0.549	0.347	0.147	0.156	0.178	0.192	0.241	0.243	0.178	0.191	0.336	0.257	0.454	0.355	0.146	0.146	0.159	0.167	0.245	0.221	0.169	0.183	0.300	0.284	0.458	0.416	0.149	0.138	0.161	0.167	0.243	0.222	0.172	0.186	0.287	0.299
29:00:02	0.462	0.404	0.145	0.145	0.150	0.172	0.216	0.208	0.150	0.154	0.273	0.265	0.430	0.366	0.146	0.147	0.152	0.156	0.216	0.210	0.167	0.153	0.272	0.296	0.547	0.403	0.149	0.159	0.177	0.173	0.237	0.230	0.174	0.188	0.305	0.354	0.413	0.351	0.151	0.155	0.174	0.199	0.257	0.237	0.199	0.188	0.324	0.289	0.542	0.461	0.149	0.161	0.185	0.203	0.254	0.253	0.195	0.198	0.308	0.260	0.572	0.350	0.147	0.157	0.180	0.193	0.242	0.245	0.180	0.192	0.337	0.257	0.454	0.357	0.146	0.146	0.159	0.168	0.247	0.221	0.170	0.183	0.303	0.287	0.452	0.417	0.149	0.139	0.162	0.168	0.245	0.223	0.172	0.187	0.288	0.303
29:20:02	0.457	0.407	0.145	0.145	0.150	0.172	0.216	0.209	0.150	0.155	0.275	0.268	0.434	0.368	0.146	0.147	0.152	0.156	0.216	0.210	0.168	0.153	0.273	0.303	0.545	0.402	0.149	0.159	0.178	0.174	0.238	0.231	0.176	0.189	0.308	0.359	0.418	0.351	0.152	0.155	0.176	0.201	0.258	0.238	0.202	0.190	0.327	0.294	0.615	0.490	0.149	0.161	0.186	0.205	0.256	0.255	0.197	0.200	0.312	0.261	0.557	0.350	0.147	0.157	0.181	0.194	0.243	0.246	0.181	0.193	0.340	0.258	0.452	0.360	0.146	0.146	0.160	0.168	0.250	0.223	0.171	0.184	0.307	0.290	0.457	0.420	0.149	0.139	0.162	0.169	0.248	0.224	0.173	0.188	0.289	0.307
29:40:02	0.455	0.410	0.145	0.145	0.150	0.173	0.217	0.209	0.150	0.155	0.277	0.270	0.443	0.367	0.146	0.146	0.152	0.156	0.216	0.211	0.169	0.153	0.274	0.309	0.549	0.399	0.149	0.159	0.178	0.174	0.237	0.232	0.176	0.190	0.310	0.363	0.414	0.353	0.152	0.155	0.176	0.201	0.258	0.239	0.202	0.191	0.328	0.298	0.536	0.509	0.149	0.161	0.187	0.205	0.256	0.256	0.198	0.200	0.315	0.263	0.593	0.352	0.147	0.157	0.181	0.195	0.243	0.247	0.181	0.193	0.341	0.259	0.444	0.360	0.145	0.146	0.160	0.169	0.252	0.223	0.172	0.185	0.311	0.294	0.465	0.420	0.149	0.138	0.163	0.170	0.249	0.225	0.173	0.189	0.293	0.311
30:00:02	0.453	0.413	0.145	0.145	0.150	0.174	0.217	0.209	0.150	0.156	0.278	0.274	0.445	0.371	0.145	0.146	0.152	0.156	0.216	0.211	0.170	0.154	0.276	0.315	0.546	0.403	0.149	0.159	0.179	0.174	0.238	0.232	0.178	0.191	0.313	0.367	0.422	0.355	0.151	0.155	0.176	0.201	0.259	0.240	0.203	0.192	0.331	0.304	0.632	0.493	0.148	0.161	0.187	0.205	0.256	0.257	0.199	0.201	0.318	0.265	0.557	0.355	0.147	0.157	0.182	0.194	0.244	0.249	0.182	0.194	0.342	0.261	0.445	0.362	0.145	0.146	0.160	0.169	0.255	0.225	0.173	0.185	0.316	0.299	0.471	0.421	0.149	0.138	0.163	0.170	0.252	0.226	0.174	0.189	0.295	0.316
30:20:02	0.447	0.414	0.145	0.145	0.150	0.175	0.217	0.210	0.151	0.156	0.280	0.277	0.442	0.374	0.145	0.146	0.152	0.156	0.217	0.211	0.170	0.154	0.277	0.322	0.555	0.403	0.148	0.158	0.179	0.173	0.238	0.232	0.179	0.192	0.315	0.372	0.419	0.356	0.151	0.154	0.176	0.201	0.259	0.240	0.203	0.193	0.334	0.310	0.587	0.480	0.148	0.160	0.187	0.205	0.257	0.258	0.199	0.201	0.320	0.267	0.601	0.355	0.146	0.156	0.182	0.194	0.245	0.250	0.182	0.194	0.343	0.262	0.457	0.364	0.145	0.146	0.161	0.170	0.257	0.226	0.174	0.186	0.320	0.303	0.473	0.423	0.149	0.138	0.164	0.171	0.254	0.227	0.174	0.190	0.297	0.319
30:40:02	0.445	0.415	0.145	0.145	0.150	0.176	0.217	0.210	0.151	0.157	0.282	0.281	0.441	0.381	0.145	0.146	0.152	0.156	0.217	0.211	0.172	0.154	0.279	0.329	0.559	0.404	0.148	0.158	0.179	0.173	0.237	0.232	0.180	0.193	0.318	0.376	0.428	0.358	0.151	0.154	0.176	0.200	0.259	0.241	0.204	0.194	0.336	0.316	0.649	0.482	0.148	0.160	0.187	0.205	0.256	0.258	0.199	0.201	0.323	0.269	0.604	0.357	0.146	0.155	0.181	0.194	0.245	0.250	0.183	0.195	0.344	0.263	0.465	0.366	0.145	0.146	0.161	0.170	0.259	0.227	0.175	0.187	0.325	0.309	0.477	0.426	0.149	0.138	0.164	0.171	0.256	0.229	0.175	0.191	0.300	0.322
31:00:02	0.446	0.415	0.145	0.145	0.151	0.177	0.218	0.211	0.151	0.158	0.285	0.286	0.440	0.386	0.145	0.146	0.152	0.157	0.217	0.212	0.172	0.154	0.281	0.336	0.561	0.406	0.148	0.158	0.180	0.173	0.238	0.233	0.181	0.194	0.321	0.379	0.425	0.360	0.151	0.154	0.177	0.201	0.260	0.242	0.205	0.195	0.338	0.323	0.558	0.476	0.148	0.160	0.188	0.206	0.257	0.260	0.200	0.203	0.326	0.272	0.594	0.357	0.146	0.156	0.182	0.195	0.246	0.251	0.184	0.196	0.346	0.265	0.472	0.368	0.145	0.146	0.161	0.170	0.261	0.228	0.175	0.188	0.329	0.314	0.480	0.425	0.148	0.137	0.164	0.172	0.259	0.230	0.176	0.192	0.303	0.324
31:20:02	0.446	0.418	0.144	0.145	0.151	0.177	0.218	0.211	0.151	0.158	0.287	0.291	0.437	0.391	0.145	0.146	0.152	0.157	0.217	0.212	0.173	0.155	0.282	0.342	0.561	0.407	0.148	0.158	0.180	0.173	0.238	0.233	0.182	0.195	0.323	0.382	0.434	0.362	0.151	0.154	0.178	0.201	0.260	0.243	0.205	0.196	0.341	0.329	0.652	0.475	0.148	0.160	0.189	0.207	0.257	0.261	0.200	0.203	0.329	0.274	0.599	0.360	0.146	0.156	0.183	0.196	0.246	0.252	0.185	0.196	0.347	0.266	0.482	0.369	0.145	0.146	0.161	0.171	0.263	0.229	0.176	0.188	0.333	0.320	0.477	0.425	0.149	0.138	0.165	0.173	0.260	0.232	0.176	0.192	0.306	0.326
31:40:02	0.449	0.419	0.144	0.145	0.151	0.177	0.218	0.212	0.151	0.159	0.289	0.295	0.439	0.397	0.145	0.146	0.152	0.156	0.217	0.212	0.174	0.155	0.284	0.347	0.557	0.409	0.148	0.156	0.179	0.172	0.237	0.232	0.182	0.196	0.326	0.384	0.435	0.362	0.150	0.153	0.177	0.199	0.259	0.242	0.204	0.196	0.343	0.336	0.613	0.474	0.148	0.159	0.187	0.205	0.257	0.261	0.199	0.203	0.332	0.276	0.613	0.361	0.145	0.155	0.181	0.194	0.246	0.252	0.184	0.196	0.348	0.268	0.482	0.370	0.145	0.146	0.161	0.171	0.264	0.230	0.176	0.189	0.337	0.326	0.472	0.428	0.148	0.137	0.165	0.173	0.263	0.233	0.177	0.193	0.309	0.327
32:00:02	0.450	0.420	0.144	0.145	0.152	0.178	0.219	0.212	0.151	0.159	0.292	0.301	0.446	0.404	0.145	0.146	0.152	0.157	0.217	0.213	0.175	0.156	0.286	0.353	0.560	0.410	0.148	0.156	0.179	0.172	0.237	0.232	0.183	0.197	0.329	0.387	0.438	0.362	0.150	0.153	0.177	0.198	0.259	0.243	0.204	0.197	0.345	0.344	0.632	0.474	0.148	0.158	0.187	0.205	0.256	0.263	0.199	0.203	0.335	0.281	0.589	0.361	0.145	0.154	0.182	0.194	0.246	0.252	0.185	0.196	0.349	0.270	0.483	0.371	0.145	0.146	0.162	0.171	0.267	0.232	0.178	0.190	0.342	0.332	0.470	0.428	0.148	0.137	0.166	0.175	0.266	0.234	0.178	0.193	0.312	0.329
32:20:02	0.451	0.420	0.144	0.145	0.152	0.180	0.219	0.213	0.152	0.161	0.294	0.307	0.449	0.405	0.145	0.146	0.152	0.157	0.217	0.213	0.176	0.156	0.288	0.359	0.564	0.414	0.148	0.156	0.180	0.172	0.237	0.232	0.184	0.199	0.332	0.389	0.443	0.367	0.149	0.153	0.177	0.198	0.259	0.244	0.205	0.198	0.347	0.350	0.657	0.482	0.148	0.157	0.187	0.205	0.256	0.263	0.199	0.203	0.338	0.283	0.607	0.364	0.145	0.154	0.183	0.194	0.246	0.252	0.186	0.197	0.351	0.272	0.471	0.373	0.145	0.146	0.162	0.172	0.269	0.233	0.178	0.191	0.347	0.338	0.470	0.433	0.148	0.137	0.166	0.175	0.270	0.236	0.178	0.194	0.316	0.330
32:40:02	0.457	0.425	0.144	0.145	0.154	0.181	0.220	0.213	0.152	0.163	0.299	0.314	0.453	0.418	0.144	0.145	0.152	0.158	0.218	0.214	0.178	0.157	0.290	0.363	0.560	0.416	0.148	0.155	0.181	0.173	0.237	0.233	0.185	0.199	0.334	0.389	0.439	0.371	0.149	0.153	0.179	0.198	0.260	0.245	0.205	0.198	0.349	0.355	0.608	0.495	0.148	0.157	0.187	0.205	0.257	0.265	0.199	0.203	0.340	0.285	0.625	0.369	0.145	0.153	0.183	0.195	0.247	0.253	0.186	0.197	0.352	0.272	0.466	0.377	0.144	0.146	0.163	0.173	0.272	0.235	0.178	0.191	0.351	0.346	0.480	0.433	0.148	0.140	0.168	0.178	0.276	0.239	0.179	0.195	0.320	0.332
33:00:02	0.461	0.424	0.144	0.145	0.154	0.181	0.220	0.214	0.152	0.163	0.300	0.317	0.459	0.414	0.144	0.145	0.152	0.158	0.218	0.214	0.178	0.158	0.292	0.367	0.561	0.415	0.147	0.155	0.180	0.172	0.236	0.233	0.186	0.200	0.337	0.390	0.445	0.368	0.149	0.153	0.178	0.197	0.259	0.246	0.205	0.199	0.351	0.362	0.602	0.496	0.148	0.157	0.187	0.204	0.256	0.265	0.200	0.204	0.344	0.291	0.625	0.368	0.145	0.153	0.183	0.195	0.247	0.253	0.186	0.198	0.353	0.276	0.470	0.376	0.144	0.146	0.163	0.173	0.273	0.236	0.180	0.192	0.355	0.348	0.482	0.433	0.148	0.137	0.167	0.178	0.275	0.240	0.179	0.196	0.324	0.332
33:20:02	0.464	0.427	0.144	0.145	0.156	0.183	0.221	0.214	0.153	0.165	0.304	0.324	0.460	0.423	0.144	0.145	0.152	0.159	0.218	0.215	0.179	0.158	0.294	0.370	0.560	0.419	0.147	0.154	0.182	0.174	0.237	0.233	0.187	0.201	0.339	0.391	0.449	0.372	0.148	0.153	0.179	0.197	0.260	0.247	0.205	0.199	0.353	0.368	0.548	0.506	0.148	0.156	0.188	0.205	0.257	0.266	0.200	0.203	0.346	0.295	0.656	0.373	0.144	0.152	0.184	0.195	0.248	0.254	0.187	0.199	0.354	0.278	0.479	0.379	0.144	0.146	0.164	0.174	0.276	0.237	0.180	0.192	0.360	0.355	0.487	0.436	0.148	0.139	0.168	0.180	0.282	0.243	0.181	0.197	0.328	0.335
33:40:02	0.464	0.425	0.144	0.145	0.156	0.183	0.220	0.215	0.153	0.165	0.306	0.327	0.460	0.417	0.144	0.145	0.151	0.159	0.218	0.215	0.180	0.159	0.296	0.374	0.566	0.418	0.147	0.154	0.180	0.172	0.236	0.233	0.188	0.202	0.342	0.390	0.451	0.375	0.148	0.152	0.179	0.197	0.259	0.248	0.206	0.201	0.356	0.376	0.532	0.507	0.147	0.155	0.187	0.204	0.257	0.266	0.201	0.204	0.350	0.302	0.660	0.370	0.144	0.152	0.183	0.195	0.248	0.254	0.187	0.199	0.355	0.281	0.483	0.379	0.144	0.146	0.165	0.174	0.277	0.239	0.181	0.193	0.365	0.357	0.495	0.438	0.148	0.137	0.168	0.180	0.280	0.244	0.180	0.197	0.333	0.334
34:00:02	0.467	0.428	0.144	0.145	0.158	0.183	0.221	0.215	0.154	0.167	0.309	0.331	0.459	0.418	0.144	0.145	0.152	0.159	0.218	0.215	0.181	0.160	0.298	0.376	0.559	0.421	0.147	0.154	0.181	0.173	0.237	0.234	0.189	0.203	0.344	0.390	0.453	0.379	0.148	0.152	0.179	0.197	0.260	0.249	0.206	0.201	0.357	0.381	0.513	0.519	0.147	0.156	0.188	0.204	0.258	0.268	0.200	0.205	0.352	0.307	0.652	0.373	0.144	0.153	0.184	0.196	0.249	0.255	0.188	0.200	0.356	0.283	0.495	0.382	0.144	0.146	0.165	0.174	0.279	0.240	0.182	0.194	0.370	0.360	0.498	0.438	0.148	0.137	0.168	0.181	0.282	0.246	0.181	0.198	0.338	0.335
34:20:02	0.469	0.430	0.144	0.145	0.159	0.184	0.221	0.215	0.154	0.167	0.312	0.334	0.453	0.419	0.144	0.145	0.152	0.160	0.219	0.216	0.182	0.161	0.300	0.377	0.566	0.422	0.147	0.154	0.182	0.173	0.237	0.234	0.189	0.204	0.346	0.390	0.451	0.379	0.148	0.152	0.179	0.198	0.261	0.250	0.207	0.202	0.359	0.387	0.481	0.530	0.147	0.155	0.189	0.205	0.258	0.269	0.201	0.206	0.355	0.314	0.664	0.373	0.144	0.153	0.185	0.196	0.249	0.256	0.189	0.200	0.358	0.287	0.505	0.382	0.144	0.145	0.166	0.174	0.281	0.242	0.183	0.194	0.375	0.363	0.500	0.438	0.148	0.136	0.168	0.181	0.283	0.248	0.182	0.198	0.344	0.336
34:40:02	0.473	0.432	0.143	0.145	0.160	0.184	0.222	0.216	0.154	0.168	0.314	0.337	0.458	0.425	0.144	0.145	0.152	0.160	0.219	0.216	0.182	0.161	0.302	0.378	0.560	0.422	0.147	0.154	0.182	0.173	0.237	0.234	0.189	0.204	0.349	0.390	0.456	0.379	0.148	0.152	0.180	0.198	0.261	0.251	0.206	0.202	0.360	0.390	0.478	0.531	0.147	0.155	0.189	0.205	0.258	0.270	0.201	0.206	0.357	0.320	0.635	0.376	0.144	0.152	0.185	0.196	0.250	0.256	0.188	0.200	0.358	0.289	0.514	0.383	0.144	0.145	0.166	0.175	0.282	0.243	0.183	0.194	0.378	0.365	0.502	0.438	0.148	0.136	0.169	0.182	0.284	0.250	0.182	0.199	0.346	0.337
35:00:02	0.475	0.434	0.143	0.145	0.161	0.185	0.222	0.216	0.155	0.169	0.316	0.340	0.458	0.429	0.143	0.145	0.151	0.160	0.219	0.216	0.182	0.162	0.304	0.379	0.572	0.423	0.147	0.153	0.182	0.173	0.236	0.234	0.190	0.205	0.350	0.390	0.453	0.378	0.148	0.152	0.180	0.197	0.261	0.252	0.206	0.203	0.361	0.394	0.446	0.532	0.147	0.155	0.189	0.204	0.258	0.271	0.201	0.206	0.358	0.326	0.624	0.376	0.144	0.152	0.184	0.196	0.250	0.256	0.189	0.200	0.359	0.292	0.505	0.384	0.144	0.145	0.167	0.175	0.283	0.245	0.184	0.195	0.381	0.367	0.499	0.439	0.148	0.136	0.169	0.183	0.286	0.252	0.182	0.199	0.350	0.338
35:20:02	0.478	0.437	0.143	0.145	0.163	0.185	0.223	0.216	0.155	0.170	0.319	0.342	0.460	0.430	0.143	0.144	0.151	0.160	0.219	0.216	0.183	0.163	0.305	0.380	0.568	0.425	0.147	0.153	0.182	0.173	0.236	0.234	0.191	0.206	0.352	0.390	0.459	0.378	0.148	0.152	0.180	0.197	0.261	0.253	0.206	0.204	0.363	0.398	0.430	0.538	0.147	0.154	0.189	0.204	0.258	0.271	0.202	0.207	0.361	0.333	0.619	0.377	0.144	0.152	0.185	0.197	0.250	0.256	0.189	0.201	0.360	0.296	0.495	0.386	0.144	0.145	0.167	0.175	0.284	0.246	0.185	0.196	0.385	0.369	0.494	0.441	0.147	0.137	0.170	0.184	0.288	0.254	0.183	0.200	0.352	0.339
35:40:02	0.482	0.440	0.143	0.145	0.164	0.185	0.223	0.217	0.156	0.170	0.321	0.344	0.462	0.431	0.143	0.144	0.151	0.160	0.220	0.217	0.183	0.164	0.307	0.380	0.569	0.425	0.147	0.153	0.183	0.173	0.236	0.235	0.192	0.206	0.353	0.390	0.458	0.378	0.147	0.152	0.180	0.198	0.261	0.254	0.207	0.204	0.364	0.402	0.441	0.490	0.147	0.154	0.189	0.205	0.258	0.272	0.202	0.207	0.363	0.340	0.593	0.379	0.144	0.151	0.185	0.196	0.251	0.257	0.190	0.201	0.361	0.300	0.481	0.386	0.144	0.145	0.167	0.176	0.285	0.247	0.186	0.196	0.387	0.371	0.488	0.442	0.147	0.137	0.170	0.185	0.290	0.256	0.183	0.201	0.354	0.341
36:00:02	0.485	0.439	0.143	0.145	0.165	0.186	0.223	0.217	0.157	0.172	0.324	0.346	0.467	0.428	0.143	0.144	0.151	0.161	0.220	0.217	0.184	0.165	0.309	0.379	0.568	0.427	0.146	0.152	0.183	0.173	0.236	0.235	0.193	0.207	0.356	0.391	0.457	0.380	0.147	0.151	0.181	0.197	0.261	0.255	0.207	0.205	0.366	0.405	0.406	0.483	0.146	0.154	0.189	0.205	0.258	0.273	0.203	0.208	0.365	0.346	0.535	0.380	0.143	0.151	0.185	0.197	0.251	0.258	0.191	0.202	0.363	0.303	0.478	0.391	0.143	0.145	0.167	0.176	0.287	0.248	0.186	0.197	0.388	0.372	0.485	0.444	0.147	0.138	0.170	0.186	0.292	0.258	0.184	0.201	0.355	0.341
36:20:02	0.487	0.439	0.143	0.145	0.167	0.186	0.224	0.218	0.157	0.173	0.326	0.346	0.470	0.428	0.143	0.144	0.151	0.161	0.220	0.217	0.184	0.166	0.311	0.379	0.567	0.428	0.146	0.152	0.183	0.173	0.236	0.235	0.194	0.207	0.358	0.391	0.461	0.386	0.147	0.151	0.181	0.197	0.261	0.256	0.207	0.205	0.367	0.407	0.401	0.481	0.146	0.153	0.189	0.205	0.259	0.274	0.203	0.208	0.367	0.352	0.534	0.379	0.143	0.151	0.185	0.197	0.252	0.258	0.191	0.202	0.364	0.307	0.491	0.391	0.143	0.145	0.168	0.176	0.288	0.250	0.187	0.197	0.388	0.372	0.487	0.444	0.147	0.137	0.170	0.187	0.294	0.260	0.184	0.202	0.355	0.342
36:40:02	0.490	0.438	0.143	0.145	0.168	0.186	0.225	0.218	0.158	0.175	0.329	0.347	0.473	0.422	0.143	0.144	0.151	0.161	0.220	0.217	0.185	0.167	0.313	0.378	0.570	0.430	0.146	0.152	0.184	0.174	0.236	0.235	0.195	0.208	0.360	0.392	0.459	0.389	0.147	0.151	0.181	0.198	0.262	0.257	0.208	0.205	0.369	0.411	0.392	0.471	0.146	0.153	0.189	0.205	0.259	0.275	0.204	0.209	0.369	0.358	0.539	0.381	0.143	0.150	0.186	0.197	0.252	0.258	0.192	0.203	0.365	0.310	0.496	0.393	0.143	0.145	0.168	0.177	0.289	0.251	0.187	0.198	0.387	0.374	0.492	0.446	0.147	0.138	0.170	0.188	0.294	0.262	0.185	0.203	0.356	0.343
37:00:02	0.495	0.441	0.143	0.145	0.169	0.186	0.225	0.219	0.159	0.176	0.331	0.349	0.473	0.421	0.142	0.144	0.151	0.162	0.220	0.218	0.185	0.168	0.316	0.378	0.569	0.432	0.146	0.151	0.183	0.174	0.236	0.235	0.196	0.209	0.362	0.392	0.463	0.392	0.146	0.151	0.181	0.197	0.261	0.258	0.208	0.206	0.371	0.412	0.388	0.457	0.146	0.153	0.189	0.205	0.259	0.276	0.204	0.208	0.371	0.364	0.499	0.383	0.143	0.150	0.186	0.197	0.252	0.259	0.192	0.203	0.365	0.314	0.511	0.396	0.143	0.145	0.168	0.177	0.290	0.253	0.188	0.198	0.387	0.375	0.505	0.445	0.147	0.139	0.171	0.189	0.296	0.265	0.185	0.203	0.357	0.344
37:20:02	0.498	0.443	0.143	0.144	0.170	0.186	0.226	0.219	0.160	0.177	0.333	0.350	0.471	0.423	0.142	0.144	0.151	0.162	0.221	0.218	0.186	0.169	0.317	0.378	0.569	0.433	0.146	0.151	0.183	0.173	0.235	0.235	0.196	0.209	0.363	0.393	0.463	0.394	0.146	0.150	0.181	0.197	0.261	0.259	0.208	0.206	0.372	0.414	0.379	0.447	0.146	0.152	0.190	0.205	0.259	0.277	0.203	0.208	0.372	0.369	0.464	0.385	0.142	0.149	0.185	0.198	0.253	0.259	0.192	0.203	0.366	0.318	0.526	0.396	0.143	0.144	0.167	0.177	0.291	0.254	0.188	0.199	0.387	0.376	0.513	0.444	0.147	0.140	0.171	0.189	0.297	0.267	0.186	0.204	0.358	0.346
37:40:02	0.501	0.446	0.142	0.144	0.173	0.187	0.229	0.221	0.162	0.180	0.336	0.351	0.471	0.426	0.142	0.144	0.151	0.164	0.221	0.219	0.187	0.171	0.320	0.379	0.572	0.435	0.146	0.151	0.186	0.176	0.237	0.236	0.197	0.210	0.365	0.394	0.472	0.396	0.146	0.151	0.183	0.199	0.264	0.261	0.209	0.207	0.372	0.415	0.388	0.438	0.146	0.152	0.191	0.207	0.261	0.279	0.205	0.210	0.374	0.374	0.491	0.389	0.142	0.150	0.188	0.199	0.255	0.260	0.194	0.204	0.367	0.322	0.534	0.402	0.143	0.144	0.169	0.179	0.293	0.256	0.188	0.199	0.388	0.378	0.520	0.447	0.147	0.142	0.172	0.192	0.300	0.270	0.187	0.205	0.359	0.348
38:00:02	0.501	0.446	0.142	0.144	0.172	0.187	0.227	0.220	0.161	0.180	0.337	0.352	0.471	0.426	0.142	0.144	0.151	0.163	0.221	0.219	0.187	0.170	0.320	0.378	0.572	0.433	0.146	0.151	0.184	0.174	0.236	0.236	0.197	0.210	0.366	0.394	0.469	0.395	0.146	0.150	0.182	0.198	0.262	0.261	0.208	0.207	0.374	0.415	0.376	0.424	0.146	0.152	0.191	0.205	0.260	0.279	0.203	0.210	0.375	0.378	0.474	0.386	0.142	0.149	0.185	0.197	0.253	0.260	0.193	0.203	0.368	0.325	0.529	0.401	0.143	0.144	0.168	0.178	0.292	0.256	0.189	0.199	0.388	0.378	0.525	0.445	0.147	0.141	0.172	0.191	0.299	0.270	0.187	0.205	0.359	0.347
38:20:02	0.499	0.446	0.142	0.144	0.173	0.187	0.228	0.221	0.162	0.181	0.338	0.352	0.478	0.426	0.142	0.143	0.151	0.164	0.221	0.219	0.187	0.171	0.322	0.378	0.575	0.434	0.145	0.151	0.184	0.174	0.236	0.236	0.198	0.211	0.368	0.394	0.470	0.395	0.146	0.150	0.183	0.198	0.262	0.261	0.209	0.208	0.374	0.416	0.385	0.412	0.145	0.152	0.192	0.206	0.260	0.280	0.205	0.211	0.376	0.383	0.452	0.386	0.142	0.149	0.186	0.199	0.253	0.261	0.194	0.204	0.369	0.328	0.527	0.401	0.143	0.144	0.168	0.178	0.293	0.257	0.189	0.200	0.388	0.379	0.528	0.446	0.147	0.142	0.171	0.191	0.299	0.272	0.187	0.205	0.360	0.348
38:40:02	0.501	0.450	0.142	0.144	0.174	0.187	0.229	0.221	0.162	0.182	0.340	0.353	0.486	0.432	0.142	0.143	0.151	0.164	0.221	0.220	0.187	0.171	0.323	0.379	0.573	0.435	0.145	0.151	0.184	0.174	0.236	0.237	0.198	0.211	0.369	0.395	0.472	0.398	0.146	0.150	0.183	0.199	0.263	0.262	0.210	0.208	0.375	0.416	0.372	0.404	0.145	0.152	0.192	0.206	0.260	0.281	0.204	0.211	0.378	0.386	0.435	0.388	0.142	0.149	0.187	0.199	0.254	0.261	0.195	0.204	0.369	0.331	0.518	0.402	0.142	0.144	0.168	0.178	0.294	0.258	0.190	0.200	0.387	0.380	0.531	0.447	0.147	0.142	0.172	0.193	0.300	0.274	0.188	0.206	0.361	0.349
39:00:02	0.504	0.451	0.142	0.144	0.175	0.187	0.230	0.222	0.163	0.183	0.342	0.354	0.493	0.425	0.142	0.143	0.151	0.165	0.221	0.220	0.189	0.172	0.325	0.379	0.576	0.436	0.145	0.150	0.184	0.173	0.235	0.236	0.199	0.212	0.371	0.397	0.475	0.398	0.145	0.150	0.183	0.198	0.262	0.262	0.210	0.209	0.377	0.417	0.376	0.396	0.145	0.151	0.191	0.205	0.260	0.281	0.205	0.211	0.379	0.391	0.418	0.387	0.142	0.148	0.187	0.198	0.254	0.261	0.195	0.205	0.370	0.334	0.510	0.402	0.142	0.144	0.168	0.179	0.295	0.259	0.191	0.201	0.388	0.381	0.535	0.452	0.147	0.144	0.171	0.193	0.302	0.275	0.189	0.206	0.360	0.351
39:20:03	0.505	0.454	0.142	0.144	0.176	0.188	0.231	0.223	0.164	0.184	0.344	0.355	0.495	0.419	0.142	0.143	0.151	0.165	0.222	0.221	0.190	0.174	0.326	0.379	0.581	0.438	0.145	0.150	0.185	0.174	0.236	0.237	0.200	0.213	0.373	0.397	0.473	0.398	0.145	0.150	0.184	0.199	0.263	0.263	0.210	0.210	0.379	0.416	0.368	0.390	0.145	0.151	0.193	0.207	0.261	0.282	0.205	0.212	0.381	0.396	0.432	0.389	0.142	0.149	0.188	0.199	0.255	0.262	0.195	0.206	0.372	0.338	0.501	0.405	0.142	0.144	0.169	0.179	0.295	0.261	0.191	0.201	0.387	0.381	0.541	0.455	0.147	0.144	0.172	0.194	0.303	0.277	0.190	0.207	0.361	0.352
39:40:03	0.506	0.455	0.142	0.144	0.177	0.188	0.232	0.224	0.165	0.185	0.345	0.356	0.494	0.424	0.142	0.143	0.151	0.165	0.222	0.221	0.190	0.174	0.329	0.379	0.586	0.440	0.145	0.150	0.185	0.174	0.236	0.237	0.200	0.213	0.375	0.398	0.474	0.399	0.145	0.150	0.184	0.199	0.263	0.264	0.211	0.210	0.380	0.415	0.364	0.387	0.145	0.151	0.193	0.207	0.261	0.283	0.206	0.212	0.383	0.399	0.412	0.389	0.142	0.149	0.189	0.200	0.255	0.263	0.196	0.206	0.373	0.341	0.498	0.408	0.142	0.144	0.169	0.180	0.296	0.262	0.192	0.202	0.387	0.383	0.545	0.460	0.147	0.145	0.172	0.195	0.304	0.278	0.190	0.208	0.362	0.353
40:00:03	0.513	0.457	0.142	0.144	0.178	0.188	0.233	0.225	0.166	0.186	0.346	0.357	0.494	0.430	0.142	0.143	0.151	0.166	0.222	0.221	0.191	0.175	0.329	0.379	0.588	0.442	0.145	0.150	0.185	0.174	0.236	0.238	0.200	0.214	0.376	0.398	0.473	0.397	0.145	0.150	0.184	0.199	0.263	0.265	0.209	0.210	0.380	0.415	0.368	0.383	0.145	0.151	0.193	0.207	0.262	0.283	0.206	0.212	0.384	0.401	0.407	0.391	0.142	0.148	0.188	0.199	0.256	0.263	0.195	0.206	0.373	0.344	0.512	0.412	0.142	0.144	0.169	0.180	0.296	0.263	0.192	0.202	0.388	0.383	0.548	0.463	0.148	0.146	0.172	0.195	0.304	0.280	0.190	0.208	0.363	0.354
40:20:03	0.525	0.458	0.142	0.144	0.179	0.188	0.235	0.226	0.167	0.187	0.347	0.358	0.492	0.429	0.142	0.143	0.151	0.166	0.222	0.222	0.192	0.176	0.331	0.380	0.590	0.444	0.145	0.150	0.186	0.175	0.236	0.238	0.201	0.215	0.377	0.400	0.475	0.397	0.145	0.150	0.185	0.200	0.265	0.266	0.212	0.211	0.382	0.414	0.361	0.380	0.145	0.151	0.194	0.208	0.262	0.285	0.207	0.214	0.385	0.405	0.392	0.390	0.142	0.148	0.189	0.200	0.257	0.264	0.197	0.207	0.374	0.346	0.520	0.414	0.142	0.144	0.169	0.180	0.297	0.265	0.193	0.203	0.388	0.384	0.552	0.467	0.148	0.147	0.172	0.196	0.305	0.281	0.190	0.209	0.363	0.356
40:40:03	0.537	0.459	0.141	0.144	0.180	0.188	0.236	0.227	0.169	0.188	0.349	0.358	0.489	0.433	0.141	0.143	0.151	0.167	0.223	0.222	0.192	0.177	0.332	0.379	0.593	0.444	0.145	0.150	0.186	0.175	0.236	0.239	0.201	0.215	0.379	0.400	0.475	0.396	0.145	0.150	0.186	0.201	0.265	0.267	0.211	0.211	0.383	0.414	0.365	0.377	0.145	0.151	0.194	0.208	0.263	0.286	0.207	0.214	0.386	0.407	0.396	0.391	0.141	0.148	0.189	0.201	0.257	0.265	0.197	0.207	0.375	0.348	0.528	0.417	0.142	0.144	0.170	0.181	0.297	0.266	0.193	0.203	0.388	0.385	0.556	0.469	0.149	0.148	0.173	0.197	0.306	0.283	0.191	0.209	0.363	0.356
41:00:03	0.551	0.463	0.141	0.144	0.183	0.188	0.242	0.231	0.172	0.191	0.351	0.360	0.498	0.431	0.141	0.143	0.152	0.169	0.224	0.223	0.193	0.180	0.335	0.381	0.595	0.448	0.145	0.150	0.188	0.177	0.237	0.239	0.203	0.216	0.381	0.403	0.479	0.400	0.145	0.150	0.188	0.201	0.269	0.269	0.212	0.212	0.384	0.414	0.360	0.374	0.145	0.151	0.196	0.209	0.264	0.287	0.210	0.215	0.388	0.410	0.386	0.394	0.141	0.148	0.190	0.202	0.259	0.266	0.198	0.209	0.376	0.351	0.537	0.420	0.142	0.143	0.171	0.182	0.300	0.268	0.194	0.203	0.390	0.386	0.556	0.473	0.149	0.151	0.173	0.199	0.310	0.285	0.192	0.211	0.364	0.359
41:20:03	0.561	0.461	0.141	0.144	0.182	0.187	0.240	0.230	0.172	0.190	0.351	0.360	0.505	0.425	0.141	0.142	0.151	0.168	0.223	0.223	0.193	0.179	0.335	0.380	0.591	0.447	0.145	0.149	0.186	0.176	0.236	0.239	0.202	0.216	0.382	0.402	0.479	0.397	0.145	0.149	0.187	0.201	0.265	0.268	0.211	0.212	0.384	0.413	0.363	0.372	0.145	0.150	0.195	0.208	0.263	0.286	0.208	0.215	0.388	0.411	0.383	0.395	0.141	0.148	0.189	0.201	0.258	0.265	0.198	0.207	0.376	0.352	0.546	0.422	0.142	0.143	0.170	0.181	0.298	0.268	0.194	0.204	0.388	0.385	0.557	0.474	0.150	0.150	0.173	0.197	0.307	0.286	0.191	0.210	0.364	0.358
41:40:03	0.567	0.461	0.141	0.144	0.183	0.186	0.241	0.231	0.173	0.191	0.351	0.360	0.514	0.424	0.141	0.142	0.151	0.168	0.224	0.224	0.194	0.180	0.336	0.380	0.591	0.450	0.144	0.149	0.186	0.176	0.236	0.239	0.203	0.216	0.383	0.403	0.481	0.401	0.144	0.149	0.187	0.200	0.266	0.269	0.211	0.212	0.385	0.413	0.359	0.369	0.144	0.150	0.195	0.208	0.264	0.287	0.208	0.215	0.389	0.412	0.379	0.396	0.141	0.148	0.188	0.201	0.259	0.266	0.198	0.208	0.376	0.354	0.555	0.427	0.141	0.143	0.171	0.181	0.298	0.269	0.195	0.204	0.388	0.386	0.556	0.473	0.151	0.151	0.173	0.197	0.308	0.285	0.191	0.210	0.364	0.359
42:00:03	0.569	0.462	0.141	0.144	0.184	0.186	0.243	0.233	0.174	0.192	0.352	0.361	0.518	0.431	0.141	0.142	0.151	0.169	0.224	0.224	0.194	0.181	0.338	0.380	0.595	0.451	0.144	0.149	0.186	0.176	0.236	0.240	0.203	0.217	0.384	0.402	0.483	0.399	0.144	0.149	0.188	0.201	0.266	0.270	0.212	0.212	0.385	0.412	0.361	0.368	0.144	0.150	0.194	0.208	0.264	0.288	0.209	0.215	0.389	0.413	0.379	0.397	0.141	0.147	0.188	0.201	0.259	0.266	0.198	0.208	0.376	0.354	0.563	0.428	0.141	0.143	0.171	0.182	0.299	0.270	0.195	0.205	0.388	0.387	0.557	0.474	0.151	0.151	0.173	0.198	0.309	0.286	0.192	0.210	0.364	0.360
42:20:03	0.565	0.463	0.141	0.144	0.186	0.185	0.246	0.235	0.175	0.193	0.353	0.362	0.516	0.431	0.141	0.142	0.152	0.170	0.225	0.225	0.195	0.182	0.339	0.380	0.596	0.455	0.144	0.149	0.187	0.178	0.237	0.241	0.205	0.217	0.386	0.404	0.484	0.407	0.144	0.149	0.188	0.202	0.269	0.270	0.214	0.213	0.386	0.412	0.358	0.366	0.144	0.150	0.195	0.209	0.265	0.289	0.211	0.217	0.390	0.415	0.376	0.400	0.141	0.147	0.189	0.201	0.261	0.267	0.199	0.209	0.377	0.356	0.567	0.431	0.141	0.143	0.172	0.182	0.299	0.271	0.196	0.206	0.388	0.388	0.557	0.476	0.152	0.153	0.173	0.198	0.310	0.287	0.193	0.211	0.365	0.362
42:40:03	0.563	0.465	0.141	0.144	0.187	0.185	0.248	0.237	0.176	0.194	0.353	0.363	0.513	0.438	0.141	0.142	0.152	0.170	0.226	0.225	0.195	0.182	0.341	0.381	0.599	0.457	0.144	0.150	0.188	0.178	0.238	0.241	0.205	0.218	0.387	0.405	0.485	0.411	0.145	0.149	0.189	0.202	0.269	0.271	0.215	0.214	0.387	0.412	0.356	0.364	0.144	0.151	0.196	0.210	0.267	0.290	0.212	0.217	0.391	0.416	0.375	0.401	0.141	0.148	0.190	0.202	0.262	0.267	0.200	0.209	0.378	0.357	0.570	0.434	0.141	0.143	0.172	0.183	0.300	0.272	0.197	0.206	0.388	0.389	0.557	0.482	0.153	0.152	0.173	0.200	0.312	0.288	0.192	0.212	0.365	0.363
43:00:03	0.561	0.467	0.141	0.144	0.188	0.184	0.249	0.237	0.177	0.195	0.354	0.364	0.510	0.438	0.141	0.142	0.152	0.169	0.226	0.226	0.196	0.183	0.341	0.381	0.594	0.461	0.144	0.150	0.189	0.179	0.238	0.242	0.206	0.218	0.389	0.406	0.482	0.419	0.145	0.149	0.189	0.203	0.270	0.272	0.215	0.214	0.388	0.413	0.355	0.363	0.144	0.151	0.197	0.211	0.268	0.291	0.212	0.218	0.392	0.417	0.373	0.401	0.141	0.148	0.191	0.203	0.263	0.268	0.200	0.210	0.378	0.359	0.570	0.435	0.141	0.143	0.172	0.183	0.301	0.272	0.197	0.206	0.388	0.389	0.556	0.483	0.153	0.153	0.173	0.200	0.312	0.288	0.194	0.212	0.365	0.365
43:20:03	0.558	0.472	0.141	0.144	0.190	0.184	0.251	0.239	0.177	0.196	0.356	0.367	0.510	0.440	0.141	0.142	0.151	0.169	0.226	0.226	0.197	0.183	0.343	0.383	0.621	0.465	0.144	0.149	0.189	0.179	0.238	0.242	0.208	0.219	0.391	0.410	0.490	0.413	0.145	0.149	0.190	0.204	0.271	0.273	0.217	0.215	0.389	0.414	0.355	0.362	0.144	0.151	0.198	0.212	0.268	0.292	0.214	0.218	0.394	0.420	0.371	0.401	0.141	0.148	0.191	0.203	0.264	0.269	0.201	0.211	0.379	0.362	0.570	0.437	0.141	0.143	0.173	0.184	0.302	0.273	0.197	0.207	0.389	0.391	0.555	0.485	0.153	0.154	0.173	0.201	0.314	0.290	0.195	0.213	0.365	0.369
43:40:03	0.553	0.474	0.141	0.143	0.190	0.183	0.252	0.240	0.177	0.197	0.356	0.367	0.513	0.440	0.141	0.142	0.151	0.169	0.227	0.227	0.197	0.184	0.344	0.383	0.620	0.465	0.144	0.149	0.188	0.179	0.238	0.242	0.206	0.219	0.392	0.410	0.494	0.422	0.144	0.149	0.190	0.203	0.271	0.275	0.215	0.215	0.390	0.415	0.353	0.361	0.144	0.150	0.197	0.211	0.269	0.292	0.212	0.218	0.395	0.419	0.367	0.405	0.141	0.148	0.191	0.204	0.265	0.269	0.201	0.211	0.380	0.363	0.567	0.443	0.141	0.143	0.173	0.184	0.302	0.274	0.197	0.208	0.389	0.391	0.555	0.485	0.154	0.154	0.173	0.202	0.315	0.290	0.195	0.213	0.365	0.367
44:00:03	0.553	0.479	0.140	0.143	0.193	0.184	0.261	0.246	0.180	0.199	0.358	0.370	0.519	0.447	0.141	0.142	0.152	0.170	0.229	0.229	0.199	0.187	0.346	0.386	0.623	0.466	0.144	0.148	0.189	0.180	0.238	0.243	0.209	0.221	0.394	0.414	0.493	0.428	0.144	0.149	0.191	0.203	0.276	0.277	0.217	0.216	0.392	0.416	0.352	0.361	0.144	0.149	0.197	0.211	0.270	0.293	0.214	0.218	0.397	0.422	0.367	0.406	0.140	0.147	0.192	0.204	0.266	0.270	0.202	0.213	0.381	0.366	0.565	0.444	0.141	0.143	0.174	0.185	0.305	0.276	0.198	0.209	0.391	0.393	0.560	0.490	0.155	0.158	0.173	0.204	0.321	0.292	0.197	0.215	0.366	0.373
44:20:03	0.550	0.479	0.140	0.143	0.192	0.182	0.257	0.244	0.179	0.198	0.358	0.370	0.528	0.446	0.141	0.141	0.151	0.168	0.228	0.228	0.199	0.185	0.346	0.385	0.629	0.462	0.144	0.148	0.188	0.178	0.237	0.242	0.208	0.220	0.395	0.413	0.494	0.423	0.144	0.148	0.190	0.202	0.274	0.276	0.215	0.215	0.392	0.415	0.353	0.360	0.144	0.149	0.197	0.210	0.268	0.292	0.212	0.217	0.398	0.420	0.362	0.405	0.140	0.147	0.191	0.203	0.265	0.270	0.201	0.211	0.381	0.367	0.562	0.444	0.141	0.143	0.173	0.184	0.303	0.275	0.198	0.209	0.389	0.392	0.559	0.492	0.155	0.156	0.173	0.203	0.318	0.292	0.196	0.214	0.365	0.372
44:40:03	0.553	0.482	0.140	0.143	0.193	0.182	0.260	0.246	0.180	0.198	0.358	0.371	0.537	0.452	0.140	0.141	0.151	0.169	0.229	0.229	0.199	0.186	0.347	0.386	0.618	0.461	0.144	0.148	0.187	0.178	0.237	0.242	0.208	0.220	0.396	0.414	0.502	0.426	0.143	0.148	0.191	0.202	0.274	0.277	0.215	0.215	0.393	0.416	0.351	0.360	0.144	0.149	0.197	0.210	0.269	0.293	0.212	0.218	0.399	0.420	0.362	0.409	0.140	0.146	0.191	0.204	0.266	0.271	0.201	0.212	0.382	0.369	0.556	0.445	0.141	0.142	0.174	0.185	0.304	0.276	0.199	0.209	0.389	0.393	0.558	0.492	0.156	0.156	0.173	0.204	0.320	0.292	0.197	0.215	0.365	0.373
45:00:03	0.559	0.484	0.140	0.143	0.194	0.181	0.262	0.248	0.181	0.199	0.359	0.372	0.540	0.455	0.140	0.141	0.150	0.169	0.230	0.230	0.200	0.187	0.348	0.386	0.616	0.460	0.143	0.147	0.187	0.177	0.236	0.242	0.208	0.221	0.397	0.416	0.503	0.426	0.142	0.147	0.190	0.201	0.272	0.277	0.214	0.216	0.394	0.417	0.349	0.360	0.143	0.148	0.195	0.209	0.269	0.292	0.211	0.217	0.400	0.420	0.361	0.414	0.140	0.145	0.190	0.202	0.265	0.270	0.201	0.211	0.382	0.370	0.552	0.446	0.141	0.142	0.173	0.185	0.304	0.276	0.199	0.210	0.389	0.394	0.559	0.494	0.157	0.158	0.173	0.204	0.321	0.294	0.197	0.215	0.365	0.375
45:20:03	0.561	0.486	0.140	0.143	0.195	0.180	0.265	0.251	0.182	0.199	0.359	0.373	0.531	0.460	0.140	0.141	0.150	0.170	0.230	0.231	0.200	0.187	0.348	0.386	0.605	0.458	0.143	0.147	0.187	0.177	0.237	0.242	0.208	0.221	0.398	0.416	0.501	0.433	0.143	0.147	0.190	0.201	0.274	0.278	0.214	0.216	0.394	0.416	0.349	0.360	0.143	0.148	0.195	0.209	0.269	0.292	0.211	0.217	0.401	0.419	0.359	0.418	0.140	0.145	0.190	0.202	0.266	0.271	0.201	0.212	0.382	0.371	0.550	0.445	0.141	0.142	0.174	0.185	0.305	0.277	0.199	0.210	0.389	0.394	0.563	0.494	0.158	0.158	0.173	0.204	0.321	0.293	0.197	0.215	0.365	0.377
45:40:03	0.566	0.488	0.140	0.143	0.195	0.180	0.267	0.253	0.182	0.200	0.359	0.374	0.540	0.463	0.140	0.141	0.150	0.169	0.230	0.232	0.201	0.188	0.349	0.386	0.592	0.456	0.143	0.147	0.187	0.177	0.237	0.242	0.209	0.221	0.398	0.417	0.504	0.430	0.143	0.147	0.191	0.202	0.275	0.279	0.215	0.216	0.395	0.416	0.350	0.361	0.143	0.148	0.196	0.210	0.270	0.293	0.212	0.218	0.402	0.418	0.361	0.419	0.140	0.146	0.191	0.202	0.266	0.271	0.201	0.212	0.383	0.372	0.548	0.446	0.141	0.142	0.174	0.186	0.304	0.278	0.199	0.210	0.389	0.394	0.566	0.498	0.158	0.158	0.173	0.204	0.322	0.293	0.197	0.216	0.365	0.377
46:00:03	0.571	0.490	0.140	0.144	0.196	0.180	0.270	0.255	0.183	0.200	0.360	0.375	0.533	0.468	0.140	0.141	0.150	0.169	0.232	0.233	0.202	0.188	0.350	0.387	0.596	0.458	0.143	0.147	0.187	0.177	0.237	0.243	0.209	0.221	0.399	0.417	0.498	0.427	0.143	0.147	0.191	0.202	0.275	0.280	0.215	0.216	0.396	0.417	0.348	0.361	0.143	0.148	0.196	0.210	0.271	0.293	0.213	0.218	0.402	0.418	0.359	0.419	0.140	0.146	0.191	0.202	0.267	0.272	0.201	0.212	0.383	0.373	0.545	0.446	0.141	0.142	0.174	0.186	0.304	0.278	0.199	0.210	0.389	0.395	0.567	0.496	0.159	0.159	0.173	0.204	0.322	0.294	0.197	0.216	0.365	0.378
46:20:03	0.581	0.492	0.140	0.144	0.196	0.179	0.272	0.257	0.183	0.201	0.360	0.376	0.526	0.469	0.140	0.141	0.150	0.169	0.232	0.234	0.202	0.189	0.350	0.387	0.576	0.461	0.143	0.147	0.186	0.177	0.238	0.243	0.210	0.222	0.399	0.418	0.509	0.433	0.143	0.147	0.191	0.203	0.276	0.281	0.216	0.217	0.396	0.417	0.348	0.360	0.143	0.148	0.197	0.211	0.271	0.294	0.214	0.219	0.403	0.418	0.358	0.419	0.140	0.146	0.191	0.203	0.267	0.272	0.202	0.213	0.383	0.374	0.549	0.444	0.141	0.142	0.174	0.186	0.304	0.279	0.199	0.211	0.389	0.395	0.570	0.498	0.160	0.159	0.173	0.203	0.323	0.294	0.197	0.216	0.364	0.379
46:40:03	0.589	0.494	0.140	0.144	0.197	0.179	0.275	0.260	0.184	0.201	0.360	0.377	0.526	0.472	0.140	0.141	0.150	0.170	0.234	0.236	0.203	0.189	0.351	0.388	0.561	0.463	0.143	0.146	0.185	0.177	0.238	0.244	0.210	0.222	0.399	0.420	0.509	0.430	0.143	0.147	0.191	0.202	0.277	0.281	0.216	0.217	0.396	0.418	0.346	0.361	0.143	0.148	0.197	0.210	0.271	0.294	0.214	0.219	0.404	0.418	0.357	0.423	0.140	0.145	0.192	0.203	0.267	0.273	0.202	0.213	0.384	0.375	0.546	0.446	0.141	0.142	0.174	0.186	0.305	0.280	0.200	0.211	0.390	0.396	0.570	0.503	0.161	0.160	0.172	0.204	0.324	0.294	0.198	0.217	0.364	0.381
47:00:03	0.591	0.497	0.140	0.144	0.198	0.178	0.278	0.263	0.185	0.202	0.361	0.380	0.527	0.471	0.140	0.141	0.150	0.172	0.236	0.237	0.204	0.190	0.352	0.390	0.551	0.467	0.143	0.147	0.186	0.179	0.239	0.245	0.211	0.223	0.400	0.423	0.493	0.431	0.143	0.147	0.192	0.204	0.279	0.284	0.218	0.218	0.398	0.419	0.346	0.361	0.143	0.148	0.199	0.212	0.273	0.295	0.217	0.220	0.406	0.417	0.354	0.426	0.140	0.146	0.192	0.204	0.268	0.273	0.203	0.214	0.385	0.376	0.548	0.447	0.141	0.142	0.175	0.186	0.306	0.281	0.200	0.211	0.391	0.398	0.573	0.504	0.162	0.161	0.172	0.205	0.326	0.295	0.199	0.218	0.365	0.385
47:20:03	0.583	0.499	0.140	0.145	0.199	0.178	0.280	0.266	0.186	0.203	0.361	0.381	0.520	0.473	0.140	0.141	0.151	0.171	0.236	0.239	0.204	0.191	0.353	0.390	0.553	0.468	0.143	0.147	0.186	0.179	0.239	0.245	0.211	0.223	0.400	0.425	0.510	0.433	0.143	0.148	0.193	0.204	0.280	0.285	0.219	0.218	0.398	0.419	0.346	0.362	0.143	0.148	0.199	0.213	0.274	0.295	0.217	0.220	0.407	0.417	0.354	0.424	0.140	0.146	0.193	0.204	0.269	0.274	0.204	0.215	0.386	0.378	0.552	0.446	0.141	0.142	0.175	0.187	0.307	0.281	0.201	0.212	0.392	0.400	0.578	0.508	0.163	0.162	0.172	0.206	0.328	0.295	0.199	0.219	0.366	0.387
47:40:03	0.578	0.505	0.140	0.145	0.200	0.178	0.282	0.268	0.187	0.203	0.362	0.383	0.525	0.475	0.140	0.141	0.151	0.172	0.237	0.241	0.205	0.191	0.354	0.391	0.528	0.468	0.143	0.146	0.183	0.178	0.239	0.245	0.212	0.223	0.400	0.426	0.514	0.437	0.143	0.147	0.192	0.203	0.279	0.286	0.218	0.218	0.399	0.421	0.346	0.362	0.143	0.147	0.198	0.212	0.274	0.295	0.217	0.220	0.408	0.417	0.355	0.429	0.140	0.145	0.193	0.204	0.269	0.274	0.203	0.214	0.386	0.378	0.552	0.449	0.142	0.142	0.175	0.187	0.308	0.282	0.201	0.212	0.393	0.401	0.578	0.504	0.163	0.162	0.172	0.206	0.329	0.296	0.200	0.219	0.366	0.389
48:00:03	0.584	0.515	0.140	0.145	0.201	0.177	0.285	0.271	0.187	0.204	0.363	0.383	0.529	0.482	0.140	0.141	0.151	0.173	0.238	0.243	0.205	0.191	0.354	0.391	0.489	0.467	0.143	0.146	0.182	0.178	0.239	0.246	0.211	0.224	0.399	0.426	0.511	0.438	0.142	0.147	0.193	0.203	0.281	0.287	0.218	0.219	0.399	0.421	0.346	0.363	0.143	0.147	0.198	0.212	0.274	0.295	0.216	0.220	0.408	0.417	0.352	0.429	0.139	0.145	0.193	0.205	0.270	0.274	0.203	0.214	0.386	0.378	0.556	0.447	0.142	0.141	0.175	0.187	0.307	0.282	0.202	0.212	0.393	0.400	0.581	0.505	0.165	0.162	0.171	0.207	0.331	0.297	0.201	0.219	0.366	0.389

