Field Group

Plate Comment:	
Procedure Summary
  Plate Type:              Corning 96 well for LogPhase600
  Plate Number:            1
  Discontinuous Kinetics:  Runtime 02:00:00 (D:HH:MM), Interval 00:20:00 (HH:MM:SS), 145 Reads (max)
  Read:                    600 nm
  Incubator:               On
    Temperature setpoint:  30 °C
    Temperature gradient:  Off
  Shaking:                 On
     Shaking frequency:    600 RPMs		
			
			

600

Time	A1	A2	A3	A4	A5	A6	A7	A8	A9	A10	A11	A12	B1	B2	B3	B4	B5	B6	B7	B8	B9	B10	B11	B12	C1	C2	C3	C4	C5	C6	C7	C8	C9	C10	C11	C12	D1	D2	D3	D4	D5	D6	D7	D8	D9	D10	D11	D12	E1	E2	E3	E4	E5	E6	E7	E8	E9	E10	E11	E12	F1	F2	F3	F4	F5	F6	F7	F8	F9	F10	F11	F12	G1	G2	G3	G4	G5	G6	G7	G8	G9	G10	G11	G12	H1	H2	H3	H4	H5	H6	H7	H8	H9	H10	H11	H12
0:00:00	0.117	0.118	0.117	0.118	0.118	0.115	0.116	0.116	0.118	0.117	0.118	0.118	0.117	0.118	0.118	0.121	0.117	0.117	0.115	0.115	0.116	0.119	0.119	0.117	0.121	0.122	0.128	0.120	0.121	0.119	0.117	0.117	0.121	0.118	0.119	0.119	0.123	0.119	0.126	0.122	0.119	0.117	0.116	0.118	0.119	0.120	0.120	0.120	0.118	0.119	0.117	0.118	0.120	0.117	0.116	0.116	0.118	0.118	0.118	0.122	0.118	0.118	0.120	0.117	0.121	0.118	0.121	0.116	0.121	0.119	0.119	0.121	0.115	0.116	0.119	0.120	0.117	0.117	0.117	0.116	0.119	0.120	0.118	0.118	0.116	0.117	0.117	0.117	0.116	0.114	0.118	0.116	0.117	0.117	0.117	0.121
0:20:00	0.117	0.118	0.117	0.118	0.119	0.116	0.116	0.116	0.118	0.117	0.118	0.118	0.117	0.118	0.118	0.122	0.116	0.116	0.115	0.114	0.117	0.119	0.120	0.118	0.122	0.121	0.128	0.120	0.120	0.119	0.117	0.117	0.121	0.118	0.119	0.119	0.123	0.119	0.128	0.121	0.119	0.116	0.114	0.117	0.118	0.119	0.119	0.119	0.118	0.118	0.117	0.118	0.120	0.116	0.117	0.116	0.119	0.118	0.118	0.122	0.118	0.118	0.120	0.116	0.118	0.118	0.120	0.116	0.122	0.118	0.119	0.120	0.115	0.116	0.119	0.120	0.117	0.117	0.117	0.115	0.118	0.120	0.118	0.118	0.116	0.116	0.117	0.118	0.116	0.114	0.117	0.115	0.117	0.117	0.117	0.120
0:40:00	0.117	0.117	0.117	0.118	0.119	0.115	0.116	0.115	0.118	0.117	0.118	0.118	0.117	0.118	0.118	0.121	0.116	0.116	0.115	0.114	0.117	0.119	0.119	0.118	0.122	0.121	0.128	0.120	0.120	0.119	0.117	0.117	0.121	0.119	0.119	0.119	0.123	0.119	0.128	0.120	0.119	0.116	0.114	0.117	0.118	0.118	0.119	0.119	0.118	0.118	0.117	0.118	0.119	0.116	0.117	0.116	0.119	0.118	0.119	0.122	0.118	0.117	0.120	0.116	0.118	0.118	0.120	0.115	0.122	0.118	0.120	0.119	0.115	0.116	0.119	0.120	0.117	0.117	0.117	0.115	0.118	0.120	0.119	0.117	0.116	0.115	0.117	0.117	0.116	0.114	0.117	0.114	0.118	0.116	0.117	0.120
1:00:00	0.117	0.117	0.119	0.119	0.118	0.115	0.115	0.115	0.118	0.117	0.119	0.119	0.117	0.118	0.118	0.122	0.115	0.116	0.114	0.114	0.117	0.119	0.120	0.118	0.123	0.122	0.129	0.120	0.120	0.119	0.117	0.117	0.121	0.119	0.120	0.119	0.123	0.119	0.128	0.120	0.119	0.116	0.114	0.117	0.118	0.118	0.119	0.119	0.118	0.118	0.117	0.118	0.118	0.115	0.116	0.115	0.119	0.118	0.119	0.122	0.119	0.117	0.121	0.116	0.118	0.118	0.120	0.115	0.122	0.118	0.120	0.119	0.115	0.115	0.120	0.121	0.117	0.117	0.117	0.114	0.118	0.120	0.120	0.118	0.116	0.115	0.118	0.118	0.116	0.113	0.117	0.114	0.118	0.116	0.118	0.121
1:20:00	0.118	0.118	0.120	0.120	0.118	0.115	0.115	0.115	0.119	0.117	0.120	0.120	0.117	0.118	0.120	0.123	0.115	0.116	0.114	0.114	0.117	0.119	0.120	0.119	0.123	0.123	0.130	0.121	0.120	0.119	0.118	0.117	0.121	0.119	0.121	0.120	0.124	0.120	0.130	0.121	0.119	0.116	0.114	0.117	0.118	0.118	0.119	0.120	0.118	0.118	0.118	0.119	0.118	0.115	0.116	0.115	0.119	0.118	0.120	0.123	0.119	0.118	0.122	0.117	0.118	0.118	0.120	0.115	0.122	0.118	0.121	0.120	0.116	0.117	0.121	0.122	0.117	0.117	0.117	0.114	0.118	0.120	0.121	0.118	0.117	0.116	0.118	0.119	0.115	0.113	0.117	0.113	0.118	0.116	0.119	0.121
1:40:00	0.118	0.118	0.122	0.121	0.118	0.115	0.115	0.114	0.119	0.118	0.122	0.120	0.118	0.118	0.122	0.123	0.115	0.115	0.114	0.114	0.117	0.119	0.122	0.119	0.123	0.123	0.132	0.122	0.120	0.119	0.119	0.117	0.121	0.120	0.122	0.120	0.125	0.120	0.131	0.121	0.119	0.116	0.114	0.117	0.118	0.118	0.120	0.120	0.118	0.118	0.120	0.120	0.118	0.115	0.116	0.115	0.119	0.118	0.122	0.123	0.119	0.118	0.123	0.118	0.118	0.118	0.120	0.114	0.123	0.118	0.122	0.121	0.117	0.116	0.122	0.123	0.117	0.117	0.117	0.114	0.118	0.120	0.122	0.119	0.117	0.116	0.120	0.120	0.115	0.113	0.116	0.113	0.118	0.116	0.120	0.122
2:00:00	0.118	0.118	0.124	0.122	0.117	0.115	0.115	0.114	0.120	0.118	0.123	0.121	0.118	0.118	0.124	0.124	0.115	0.115	0.113	0.114	0.117	0.119	0.123	0.120	0.124	0.124	0.134	0.123	0.120	0.119	0.119	0.117	0.121	0.120	0.124	0.121	0.125	0.120	0.133	0.122	0.118	0.116	0.114	0.117	0.119	0.118	0.122	0.121	0.119	0.118	0.122	0.121	0.118	0.115	0.116	0.115	0.119	0.118	0.123	0.124	0.119	0.119	0.125	0.119	0.119	0.118	0.120	0.114	0.124	0.118	0.124	0.121	0.118	0.118	0.124	0.124	0.117	0.117	0.117	0.114	0.118	0.120	0.124	0.120	0.117	0.117	0.122	0.121	0.115	0.113	0.116	0.113	0.118	0.116	0.121	0.122
2:20:00	0.120	0.119	0.127	0.123	0.117	0.115	0.115	0.114	0.121	0.118	0.126	0.122	0.119	0.119	0.127	0.125	0.115	0.115	0.113	0.114	0.117	0.119	0.125	0.121	0.124	0.124	0.136	0.124	0.120	0.119	0.119	0.117	0.122	0.120	0.126	0.122	0.126	0.121	0.136	0.123	0.119	0.116	0.114	0.117	0.119	0.118	0.124	0.122	0.119	0.119	0.124	0.122	0.118	0.115	0.116	0.115	0.120	0.119	0.125	0.125	0.120	0.120	0.128	0.120	0.119	0.118	0.120	0.114	0.124	0.119	0.126	0.122	0.118	0.119	0.126	0.125	0.117	0.117	0.117	0.114	0.118	0.120	0.126	0.121	0.118	0.117	0.126	0.123	0.115	0.113	0.116	0.113	0.118	0.116	0.124	0.124
2:40:00	0.120	0.119	0.131	0.124	0.117	0.115	0.115	0.114	0.121	0.118	0.129	0.123	0.119	0.119	0.131	0.127	0.115	0.115	0.113	0.114	0.118	0.119	0.128	0.122	0.125	0.126	0.140	0.125	0.120	0.119	0.119	0.117	0.122	0.121	0.129	0.123	0.126	0.121	0.140	0.125	0.119	0.116	0.114	0.117	0.119	0.118	0.127	0.123	0.120	0.120	0.128	0.124	0.118	0.115	0.116	0.115	0.120	0.119	0.128	0.126	0.122	0.121	0.132	0.122	0.119	0.118	0.120	0.114	0.124	0.119	0.129	0.123	0.119	0.120	0.130	0.126	0.117	0.117	0.117	0.114	0.119	0.120	0.129	0.122	0.119	0.118	0.130	0.124	0.115	0.113	0.116	0.113	0.119	0.116	0.127	0.125
3:00:00	0.123	0.120	0.136	0.126	0.117	0.115	0.115	0.114	0.121	0.118	0.132	0.124	0.120	0.120	0.136	0.129	0.115	0.115	0.113	0.114	0.119	0.120	0.130	0.124	0.126	0.127	0.145	0.128	0.120	0.119	0.119	0.117	0.123	0.121	0.133	0.125	0.127	0.122	0.145	0.126	0.118	0.116	0.114	0.117	0.119	0.119	0.130	0.124	0.120	0.121	0.134	0.126	0.117	0.115	0.116	0.115	0.121	0.119	0.132	0.127	0.122	0.122	0.138	0.123	0.119	0.118	0.119	0.114	0.125	0.119	0.132	0.124	0.120	0.121	0.135	0.128	0.117	0.117	0.117	0.114	0.119	0.120	0.132	0.123	0.121	0.122	0.136	0.126	0.115	0.113	0.116	0.113	0.119	0.118	0.130	0.126
3:20:00	0.123	0.121	0.142	0.128	0.117	0.115	0.115	0.114	0.125	0.119	0.136	0.125	0.121	0.120	0.144	0.130	0.115	0.115	0.113	0.114	0.119	0.120	0.135	0.125	0.127	0.128	0.153	0.130	0.120	0.119	0.119	0.117	0.124	0.121	0.137	0.126	0.127	0.124	0.153	0.128	0.119	0.116	0.114	0.117	0.120	0.119	0.134	0.125	0.121	0.122	0.142	0.127	0.117	0.115	0.116	0.115	0.122	0.120	0.135	0.128	0.123	0.123	0.144	0.126	0.119	0.118	0.119	0.114	0.125	0.119	0.137	0.125	0.121	0.122	0.142	0.130	0.117	0.117	0.117	0.114	0.119	0.121	0.136	0.124	0.123	0.124	0.142	0.128	0.115	0.113	0.116	0.113	0.120	0.117	0.135	0.127
3:40:00	0.126	0.122	0.152	0.130	0.117	0.114	0.115	0.114	0.125	0.120	0.141	0.127	0.124	0.121	0.153	0.133	0.115	0.115	0.113	0.114	0.119	0.121	0.140	0.126	0.125	0.129	0.162	0.132	0.120	0.119	0.119	0.117	0.124	0.122	0.141	0.126	0.129	0.123	0.163	0.130	0.118	0.116	0.114	0.117	0.121	0.120	0.139	0.126	0.122	0.124	0.152	0.130	0.117	0.114	0.116	0.115	0.122	0.122	0.141	0.129	0.125	0.124	0.154	0.128	0.119	0.118	0.119	0.114	0.126	0.119	0.142	0.126	0.120	0.122	0.150	0.132	0.116	0.117	0.117	0.114	0.121	0.121	0.142	0.126	0.125	0.125	0.151	0.131	0.115	0.113	0.116	0.113	0.121	0.117	0.141	0.128
4:00:00	0.126	0.124	0.161	0.133	0.117	0.114	0.115	0.114	0.127	0.120	0.147	0.128	0.126	0.121	0.163	0.135	0.115	0.115	0.113	0.114	0.120	0.122	0.146	0.126	0.133	0.130	0.172	0.135	0.120	0.119	0.119	0.116	0.125	0.123	0.148	0.128	0.131	0.122	0.173	0.132	0.119	0.115	0.114	0.117	0.121	0.121	0.145	0.127	0.125	0.126	0.161	0.133	0.117	0.114	0.116	0.115	0.123	0.124	0.146	0.130	0.129	0.125	0.165	0.131	0.119	0.118	0.119	0.114	0.127	0.120	0.147	0.128	0.126	0.123	0.161	0.134	0.116	0.117	0.117	0.114	0.122	0.122	0.148	0.127	0.123	0.126	0.160	0.134	0.115	0.113	0.116	0.113	0.121	0.120	0.149	0.130
4:20:00	0.129	0.125	0.170	0.135	0.117	0.114	0.115	0.114	0.129	0.121	0.155	0.129	0.126	0.124	0.172	0.138	0.115	0.115	0.113	0.114	0.122	0.124	0.153	0.128	0.133	0.131	0.180	0.138	0.120	0.119	0.119	0.116	0.127	0.124	0.155	0.129	0.134	0.123	0.182	0.136	0.119	0.116	0.114	0.117	0.124	0.122	0.153	0.129	0.128	0.127	0.170	0.137	0.117	0.114	0.116	0.115	0.127	0.123	0.153	0.131	0.132	0.127	0.175	0.135	0.119	0.118	0.119	0.114	0.128	0.122	0.154	0.128	0.125	0.125	0.170	0.137	0.116	0.118	0.117	0.114	0.123	0.123	0.155	0.128	0.131	0.126	0.169	0.137	0.115	0.113	0.116	0.113	0.123	0.119	0.158	0.131
4:40:00	0.132	0.127	0.177	0.138	0.117	0.114	0.115	0.114	0.132	0.122	0.163	0.130	0.131	0.126	0.179	0.141	0.115	0.116	0.114	0.114	0.127	0.124	0.163	0.130	0.134	0.132	0.187	0.141	0.120	0.119	0.119	0.116	0.130	0.126	0.162	0.130	0.138	0.126	0.190	0.138	0.119	0.116	0.115	0.117	0.127	0.123	0.162	0.130	0.130	0.129	0.179	0.141	0.117	0.114	0.115	0.115	0.132	0.125	0.162	0.132	0.133	0.129	0.182	0.139	0.119	0.119	0.120	0.115	0.129	0.123	0.163	0.129	0.127	0.124	0.178	0.141	0.116	0.117	0.117	0.114	0.125	0.124	0.163	0.129	0.133	0.129	0.178	0.141	0.116	0.114	0.117	0.114	0.126	0.122	0.167	0.132
5:00:00	0.133	0.130	0.185	0.142	0.117	0.114	0.115	0.114	0.138	0.122	0.168	0.131	0.130	0.128	0.186	0.144	0.115	0.116	0.114	0.114	0.132	0.126	0.168	0.131	0.137	0.135	0.196	0.144	0.120	0.119	0.119	0.116	0.136	0.126	0.168	0.131	0.140	0.132	0.197	0.142	0.119	0.116	0.115	0.117	0.131	0.124	0.170	0.131	0.133	0.131	0.188	0.147	0.117	0.114	0.115	0.115	0.135	0.126	0.168	0.133	0.131	0.131	0.191	0.143	0.119	0.119	0.119	0.115	0.135	0.123	0.170	0.130	0.132	0.129	0.186	0.144	0.116	0.117	0.117	0.114	0.131	0.127	0.169	0.131	0.135	0.131	0.185	0.144	0.116	0.114	0.117	0.114	0.132	0.123	0.174	0.134
5:20:00	0.135	0.130	0.192	0.145	0.117	0.114	0.114	0.114	0.138	0.126	0.173	0.131	0.132	0.131	0.195	0.149	0.115	0.116	0.114	0.114	0.133	0.128	0.175	0.131	0.142	0.136	0.205	0.148	0.120	0.119	0.119	0.116	0.137	0.129	0.174	0.132	0.142	0.132	0.206	0.147	0.119	0.116	0.115	0.117	0.134	0.126	0.174	0.131	0.134	0.132	0.196	0.152	0.117	0.114	0.115	0.115	0.135	0.130	0.173	0.133	0.135	0.132	0.199	0.149	0.119	0.119	0.119	0.115	0.137	0.125	0.174	0.132	0.137	0.128	0.194	0.148	0.116	0.117	0.117	0.114	0.132	0.126	0.176	0.130	0.137	0.132	0.194	0.149	0.116	0.114	0.117	0.114	0.131	0.122	0.185	0.136
5:40:00	0.139	0.136	0.201	0.151	0.117	0.114	0.114	0.114	0.141	0.128	0.180	0.131	0.134	0.132	0.203	0.153	0.115	0.116	0.113	0.114	0.136	0.132	0.180	0.133	0.143	0.139	0.213	0.153	0.120	0.119	0.119	0.116	0.139	0.132	0.179	0.133	0.145	0.135	0.215	0.151	0.119	0.116	0.115	0.117	0.137	0.132	0.181	0.132	0.139	0.135	0.203	0.157	0.117	0.114	0.115	0.115	0.138	0.131	0.179	0.134	0.137	0.133	0.205	0.153	0.120	0.118	0.120	0.114	0.139	0.128	0.179	0.132	0.139	0.127	0.201	0.154	0.116	0.118	0.117	0.114	0.135	0.131	0.179	0.132	0.142	0.132	0.202	0.153	0.115	0.113	0.116	0.114	0.133	0.125	0.192	0.136
6:00:00	0.153	0.141	0.209	0.156	0.117	0.114	0.114	0.114	0.148	0.134	0.178	0.132	0.141	0.138	0.210	0.158	0.115	0.116	0.114	0.114	0.139	0.137	0.179	0.133	0.150	0.142	0.220	0.159	0.120	0.119	0.119	0.116	0.143	0.137	0.180	0.133	0.154	0.144	0.224	0.157	0.119	0.116	0.115	0.117	0.143	0.136	0.182	0.132	0.151	0.137	0.209	0.165	0.117	0.115	0.116	0.116	0.141	0.134	0.177	0.134	0.146	0.139	0.214	0.159	0.120	0.119	0.120	0.115	0.143	0.134	0.180	0.132	0.144	0.136	0.209	0.159	0.116	0.118	0.117	0.114	0.140	0.134	0.180	0.132	0.156	0.138	0.209	0.160	0.115	0.113	0.117	0.114	0.137	0.129	0.198	0.138
6:20:00	0.167	0.137	0.216	0.162	0.117	0.114	0.114	0.114	0.159	0.135	0.178	0.132	0.157	0.136	0.216	0.164	0.115	0.116	0.114	0.114	0.140	0.136	0.182	0.132	0.166	0.141	0.230	0.164	0.120	0.119	0.119	0.116	0.146	0.137	0.179	0.132	0.175	0.141	0.232	0.162	0.119	0.116	0.115	0.117	0.146	0.137	0.181	0.133	0.168	0.139	0.220	0.172	0.117	0.114	0.115	0.116	0.145	0.135	0.177	0.134	0.165	0.136	0.225	0.166	0.119	0.119	0.119	0.115	0.147	0.135	0.180	0.133	0.154	0.139	0.218	0.166	0.116	0.118	0.117	0.114	0.143	0.134	0.180	0.132	0.185	0.139	0.217	0.164	0.116	0.113	0.116	0.114	0.142	0.131	0.199	0.138
6:40:00	0.181	0.140	0.222	0.168	0.117	0.114	0.115	0.114	0.190	0.137	0.178	0.133	0.171	0.137	0.223	0.170	0.115	0.116	0.113	0.114	0.147	0.136	0.179	0.133	0.179	0.147	0.237	0.171	0.120	0.119	0.119	0.116	0.153	0.138	0.179	0.134	0.189	0.144	0.240	0.168	0.119	0.116	0.115	0.117	0.152	0.138	0.181	0.133	0.179	0.144	0.228	0.178	0.117	0.114	0.115	0.116	0.153	0.137	0.177	0.135	0.182	0.142	0.233	0.172	0.119	0.118	0.119	0.114	0.152	0.137	0.180	0.133	0.167	0.138	0.226	0.170	0.116	0.118	0.117	0.114	0.150	0.136	0.180	0.133	0.203	0.140	0.223	0.173	0.115	0.113	0.116	0.114	0.148	0.131	0.202	0.137
7:00:00	0.195	0.148	0.228	0.177	0.117	0.114	0.114	0.114	0.210	0.145	0.179	0.133	0.185	0.141	0.229	0.176	0.115	0.116	0.113	0.114	0.156	0.141	0.179	0.134	0.192	0.152	0.244	0.177	0.120	0.119	0.119	0.116	0.164	0.141	0.179	0.133	0.204	0.150	0.247	0.174	0.119	0.116	0.115	0.117	0.164	0.143	0.185	0.134	0.194	0.149	0.236	0.183	0.117	0.114	0.115	0.116	0.168	0.140	0.176	0.135	0.198	0.146	0.241	0.177	0.119	0.118	0.119	0.114	0.163	0.140	0.180	0.133	0.181	0.145	0.235	0.178	0.116	0.118	0.117	0.114	0.162	0.140	0.180	0.133	0.219	0.144	0.229	0.181	0.115	0.113	0.116	0.113	0.157	0.136	0.205	0.138
7:20:00	0.210	0.163	0.233	0.181	0.117	0.114	0.114	0.114	0.226	0.149	0.185	0.134	0.202	0.151	0.234	0.181	0.115	0.116	0.113	0.114	0.179	0.142	0.180	0.134	0.204	0.166	0.249	0.179	0.120	0.119	0.119	0.116	0.183	0.146	0.181	0.133	0.217	0.166	0.254	0.182	0.119	0.116	0.114	0.117	0.189	0.142	0.186	0.134	0.211	0.167	0.243	0.188	0.117	0.114	0.115	0.116	0.196	0.143	0.177	0.135	0.218	0.160	0.249	0.181	0.119	0.118	0.119	0.114	0.175	0.141	0.181	0.133	0.195	0.159	0.243	0.185	0.116	0.118	0.117	0.114	0.184	0.145	0.181	0.133	0.232	0.152	0.236	0.186	0.115	0.113	0.116	0.113	0.177	0.138	0.209	0.139
7:40:00	0.223	0.175	0.238	0.188	0.117	0.114	0.114	0.114	0.239	0.144	0.184	0.134	0.218	0.165	0.240	0.188	0.115	0.116	0.113	0.114	0.196	0.144	0.183	0.134	0.223	0.181	0.254	0.187	0.120	0.119	0.119	0.116	0.201	0.144	0.180	0.133	0.228	0.179	0.259	0.186	0.118	0.116	0.114	0.117	0.208	0.143	0.184	0.134	0.227	0.181	0.251	0.195	0.117	0.114	0.115	0.116	0.215	0.143	0.179	0.135	0.235	0.175	0.257	0.186	0.119	0.118	0.118	0.114	0.197	0.142	0.181	0.134	0.214	0.174	0.252	0.190	0.116	0.118	0.117	0.114	0.202	0.143	0.181	0.133	0.247	0.164	0.243	0.192	0.115	0.113	0.116	0.113	0.196	0.139	0.210	0.140
8:00:00	0.242	0.198	0.243	0.193	0.117	0.114	0.114	0.114	0.281	0.147	0.182	0.135	0.234	0.179	0.245	0.193	0.115	0.116	0.113	0.114	0.218	0.146	0.180	0.134	0.244	0.195	0.260	0.194	0.121	0.119	0.119	0.115	0.214	0.145	0.179	0.134	0.244	0.192	0.265	0.194	0.118	0.116	0.115	0.117	0.231	0.146	0.182	0.134	0.251	0.195	0.257	0.201	0.117	0.114	0.115	0.116	0.238	0.147	0.175	0.137	0.259	0.189	0.263	0.192	0.120	0.118	0.118	0.114	0.216	0.143	0.182	0.134	0.234	0.187	0.259	0.194	0.116	0.118	0.117	0.114	0.221	0.145	0.182	0.134	0.265	0.174	0.251	0.196	0.115	0.113	0.116	0.113	0.213	0.142	0.211	0.141
8:20:00	0.272	0.224	0.246	0.198	0.117	0.114	0.114	0.114	0.317	0.162	0.183	0.135	0.262	0.197	0.249	0.198	0.115	0.116	0.113	0.114	0.222	0.153	0.184	0.136	0.262	0.212	0.263	0.198	0.120	0.119	0.119	0.115	0.230	0.151	0.179	0.135	0.261	0.204	0.270	0.198	0.118	0.116	0.114	0.117	0.246	0.154	0.183	0.134	0.271	0.206	0.262	0.207	0.117	0.114	0.115	0.116	0.254	0.159	0.176	0.136	0.275	0.200	0.268	0.200	0.119	0.118	0.118	0.114	0.231	0.149	0.181	0.134	0.257	0.200	0.264	0.201	0.116	0.118	0.117	0.114	0.242	0.152	0.186	0.134	0.280	0.184	0.258	0.203	0.115	0.113	0.116	0.113	0.232	0.151	0.214	0.142
8:40:00	0.325	0.237	0.251	0.203	0.117	0.114	0.114	0.114	0.319	0.182	0.184	0.137	0.282	0.215	0.254	0.203	0.115	0.116	0.113	0.114	0.245	0.171	0.186	0.136	0.294	0.231	0.268	0.203	0.120	0.119	0.119	0.115	0.246	0.160	0.181	0.135	0.282	0.219	0.274	0.203	0.119	0.116	0.114	0.117	0.262	0.168	0.183	0.137	0.284	0.228	0.266	0.212	0.117	0.114	0.115	0.116	0.269	0.174	0.177	0.136	0.285	0.228	0.273	0.204	0.120	0.118	0.119	0.114	0.246	0.161	0.183	0.135	0.281	0.219	0.269	0.205	0.116	0.118	0.117	0.114	0.254	0.167	0.183	0.135	0.303	0.196	0.263	0.207	0.114	0.113	0.116	0.113	0.243	0.165	0.216	0.145
9:00:00	0.401	0.240	0.255	0.207	0.117	0.114	0.114	0.114	0.320	0.204	0.184	0.141	0.296	0.229	0.258	0.206	0.115	0.116	0.113	0.114	0.313	0.188	0.186	0.136	0.302	0.245	0.273	0.208	0.120	0.119	0.119	0.115	0.269	0.171	0.179	0.135	0.306	0.236	0.279	0.209	0.119	0.116	0.115	0.117	0.313	0.191	0.182	0.135	0.307	0.245	0.272	0.218	0.117	0.114	0.115	0.116	0.336	0.198	0.184	0.136	0.301	0.244	0.279	0.211	0.119	0.118	0.118	0.114	0.261	0.172	0.180	0.134	0.304	0.235	0.276	0.212	0.116	0.118	0.117	0.114	0.282	0.190	0.180	0.134	0.322	0.207	0.272	0.213	0.115	0.113	0.116	0.113	0.262	0.185	0.217	0.144
9:20:00	0.414	0.256	0.259	0.211	0.117	0.114	0.114	0.114	0.328	0.217	0.179	0.143	0.366	0.242	0.262	0.210	0.115	0.116	0.113	0.114	0.332	0.208	0.183	0.137	0.325	0.260	0.278	0.212	0.120	0.119	0.119	0.115	0.292	0.183	0.179	0.135	0.323	0.253	0.284	0.215	0.119	0.116	0.114	0.117	0.363	0.211	0.181	0.135	0.392	0.263	0.277	0.224	0.117	0.114	0.115	0.116	0.358	0.218	0.179	0.137	0.320	0.263	0.284	0.216	0.120	0.118	0.118	0.114	0.279	0.186	0.181	0.136	0.342	0.247	0.282	0.217	0.116	0.118	0.117	0.114	0.352	0.215	0.185	0.138	0.375	0.221	0.279	0.219	0.115	0.113	0.116	0.113	0.341	0.206	0.221	0.147
9:40:00	0.418	0.273	0.263	0.216	0.117	0.114	0.114	0.114	0.336	0.226	0.186	0.138	0.416	0.260	0.267	0.214	0.115	0.115	0.113	0.114	0.326	0.220	0.189	0.139	0.355	0.275	0.282	0.216	0.120	0.119	0.119	0.115	0.318	0.195	0.183	0.136	0.342	0.276	0.288	0.219	0.119	0.116	0.114	0.117	0.367	0.229	0.186	0.136	0.415	0.283	0.281	0.227	0.117	0.114	0.116	0.116	0.362	0.225	0.195	0.137	0.359	0.281	0.288	0.220	0.120	0.118	0.118	0.113	0.297	0.201	0.181	0.138	0.362	0.275	0.286	0.222	0.116	0.118	0.117	0.113	0.357	0.231	0.187	0.136	0.406	0.232	0.284	0.222	0.115	0.113	0.116	0.112	0.354	0.220	0.242	0.149
10:00:00	0.421	0.301	0.267	0.220	0.117	0.114	0.114	0.114	0.344	0.246	0.189	0.144	0.425	0.286	0.271	0.217	0.115	0.115	0.113	0.113	0.330	0.233	0.191	0.141	0.391	0.307	0.286	0.221	0.120	0.119	0.119	0.115	0.338	0.208	0.194	0.137	0.370	0.304	0.292	0.225	0.118	0.116	0.115	0.117	0.371	0.246	0.186	0.136	0.424	0.304	0.285	0.231	0.117	0.114	0.116	0.116	0.369	0.246	0.194	0.138	0.397	0.301	0.293	0.226	0.120	0.118	0.118	0.114	0.317	0.214	0.183	0.138	0.438	0.292	0.292	0.227	0.116	0.118	0.117	0.113	0.360	0.251	0.187	0.136	0.414	0.250	0.290	0.227	0.114	0.113	0.115	0.112	0.358	0.238	0.222	0.151
10:20:00	0.425	0.338	0.269	0.223	0.117	0.114	0.114	0.113	0.352	0.255	0.189	0.143	0.430	0.315	0.274	0.221	0.115	0.116	0.113	0.113	0.335	0.241	0.200	0.139	0.452	0.329	0.291	0.227	0.120	0.119	0.119	0.115	0.366	0.223	0.213	0.138	0.400	0.322	0.295	0.230	0.119	0.116	0.115	0.117	0.371	0.259	0.183	0.136	0.436	0.324	0.289	0.236	0.117	0.114	0.115	0.116	0.372	0.258	0.184	0.137	0.407	0.317	0.297	0.232	0.120	0.118	0.118	0.114	0.339	0.227	0.181	0.137	0.460	0.309	0.297	0.234	0.116	0.118	0.117	0.114	0.364	0.264	0.191	0.136	0.426	0.278	0.296	0.234	0.115	0.113	0.116	0.112	0.361	0.250	0.223	0.151
10:40:00	0.436	0.377	0.273	0.227	0.117	0.114	0.114	0.114	0.360	0.340	0.193	0.143	0.437	0.339	0.277	0.223	0.115	0.115	0.113	0.113	0.343	0.275	0.194	0.142	0.484	0.353	0.294	0.230	0.120	0.119	0.119	0.115	0.403	0.245	0.200	0.138	0.450	0.347	0.299	0.233	0.118	0.116	0.115	0.117	0.376	0.304	0.199	0.137	0.441	0.352	0.291	0.239	0.117	0.114	0.115	0.116	0.377	0.322	0.204	0.138	0.423	0.339	0.300	0.235	0.120	0.118	0.118	0.114	0.358	0.249	0.183	0.137	0.460	0.336	0.300	0.238	0.116	0.118	0.117	0.114	0.370	0.301	0.192	0.137	0.438	0.320	0.299	0.236	0.115	0.113	0.116	0.112	0.367	0.290	0.225	0.154
11:00:00	0.446	0.394	0.275	0.230	0.117	0.114	0.114	0.114	0.367	0.348	0.193	0.141	0.440	0.374	0.280	0.226	0.115	0.116	0.113	0.113	0.348	0.344	0.214	0.142	0.466	0.381	0.299	0.234	0.120	0.119	0.119	0.115	0.437	0.265	0.186	0.137	0.485	0.375	0.302	0.238	0.119	0.116	0.115	0.117	0.381	0.363	0.189	0.136	0.442	0.381	0.295	0.244	0.117	0.114	0.115	0.116	0.384	0.351	0.190	0.138	0.435	0.367	0.304	0.240	0.120	0.118	0.118	0.114	0.402	0.272	0.183	0.136	0.464	0.370	0.305	0.244	0.116	0.118	0.117	0.114	0.381	0.341	0.188	0.137	0.450	0.385	0.305	0.243	0.115	0.113	0.116	0.113	0.377	0.333	0.230	0.154
11:20:00	0.458	0.398	0.279	0.233	0.117	0.114	0.114	0.114	0.374	0.342	0.210	0.145	0.447	0.397	0.283	0.229	0.115	0.115	0.113	0.114	0.358	0.342	0.214	0.144	0.475	0.401	0.301	0.236	0.120	0.119	0.119	0.115	0.446	0.288	0.205	0.139	0.499	0.394	0.305	0.241	0.118	0.116	0.114	0.117	0.388	0.362	0.189	0.137	0.455	0.404	0.298	0.247	0.117	0.114	0.115	0.116	0.390	0.358	0.194	0.138	0.448	0.389	0.307	0.244	0.120	0.118	0.118	0.113	0.461	0.297	0.184	0.137	0.468	0.396	0.308	0.247	0.116	0.118	0.117	0.113	0.388	0.346	0.198	0.138	0.454	0.386	0.307	0.245	0.115	0.113	0.115	0.112	0.384	0.341	0.233	0.157
11:40:00	0.467	0.418	0.280	0.236	0.117	0.114	0.114	0.113	0.379	0.343	0.205	0.146	0.454	0.409	0.285	0.233	0.115	0.116	0.113	0.113	0.364	0.341	0.205	0.144	0.476	0.415	0.304	0.240	0.120	0.119	0.119	0.115	0.444	0.307	0.208	0.139	0.516	0.412	0.308	0.245	0.119	0.116	0.115	0.117	0.392	0.362	0.189	0.139	0.466	0.419	0.301	0.251	0.117	0.114	0.115	0.116	0.397	0.360	0.200	0.138	0.474	0.408	0.311	0.248	0.120	0.118	0.118	0.114	0.474	0.317	0.186	0.137	0.474	0.413	0.312	0.253	0.116	0.118	0.117	0.113	0.396	0.356	0.191	0.138	0.461	0.407	0.312	0.251	0.115	0.113	0.116	0.113	0.393	0.347	0.280	0.157
12:00:00	0.475	0.431	0.283	0.239	0.117	0.114	0.114	0.113	0.384	0.353	0.210	0.146	0.455	0.417	0.287	0.235	0.115	0.115	0.113	0.113	0.373	0.350	0.202	0.148	0.478	0.424	0.306	0.242	0.120	0.119	0.119	0.115	0.458	0.338	0.219	0.141	0.483	0.423	0.311	0.248	0.119	0.116	0.114	0.117	0.397	0.372	0.192	0.139	0.474	0.426	0.303	0.253	0.117	0.114	0.115	0.116	0.402	0.370	0.232	0.139	0.491	0.421	0.313	0.251	0.120	0.118	0.118	0.113	0.473	0.348	0.198	0.138	0.476	0.424	0.315	0.257	0.115	0.118	0.117	0.113	0.401	0.367	0.206	0.140	0.469	0.493	0.314	0.255	0.115	0.113	0.115	0.112	0.398	0.355	0.239	0.161
12:20:00	0.476	0.433	0.285	0.241	0.117	0.114	0.114	0.113	0.390	0.362	0.210	0.146	0.452	0.419	0.288	0.237	0.115	0.116	0.113	0.113	0.377	0.355	0.214	0.145	0.480	0.434	0.308	0.246	0.120	0.119	0.119	0.115	0.466	0.349	0.230	0.140	0.488	0.439	0.313	0.251	0.119	0.116	0.115	0.117	0.400	0.378	0.192	0.138	0.485	0.439	0.306	0.257	0.117	0.114	0.115	0.116	0.409	0.377	0.189	0.138	0.501	0.439	0.317	0.255	0.120	0.118	0.118	0.113	0.481	0.372	0.189	0.138	0.480	0.434	0.319	0.262	0.116	0.118	0.117	0.113	0.407	0.376	0.205	0.140	0.480	0.523	0.318	0.260	0.115	0.113	0.116	0.112	0.403	0.365	0.237	0.161
12:40:00	0.471	0.436	0.287	0.245	0.117	0.114	0.114	0.114	0.396	0.374	0.215	0.150	0.453	0.422	0.289	0.240	0.115	0.116	0.113	0.113	0.384	0.368	0.202	0.150	0.483	0.445	0.309	0.248	0.120	0.119	0.119	0.115	0.452	0.385	0.227	0.144	0.484	0.452	0.316	0.254	0.119	0.116	0.115	0.117	0.405	0.390	0.193	0.141	0.491	0.452	0.308	0.260	0.117	0.114	0.116	0.116	0.413	0.389	0.201	0.139	0.510	0.454	0.319	0.257	0.120	0.118	0.118	0.114	0.492	0.393	0.194	0.139	0.481	0.444	0.320	0.264	0.116	0.118	0.117	0.113	0.411	0.387	0.211	0.141	0.493	0.539	0.320	0.262	0.115	0.113	0.115	0.113	0.408	0.379	0.240	0.165
13:00:00	0.476	0.446	0.289	0.247	0.117	0.114	0.114	0.114	0.398	0.384	0.213	0.152	0.455	0.424	0.291	0.242	0.115	0.116	0.113	0.114	0.392	0.379	0.228	0.153	0.485	0.454	0.311	0.251	0.120	0.119	0.119	0.115	0.457	0.443	0.235	0.145	0.482	0.467	0.317	0.257	0.119	0.116	0.115	0.118	0.409	0.399	0.195	0.141	0.505	0.467	0.310	0.263	0.117	0.114	0.116	0.116	0.417	0.399	0.221	0.139	0.500	0.468	0.321	0.260	0.120	0.118	0.118	0.114	0.501	0.429	0.196	0.140	0.483	0.457	0.323	0.268	0.116	0.118	0.117	0.113	0.415	0.397	0.217	0.141	0.510	0.496	0.322	0.266	0.115	0.113	0.116	0.113	0.412	0.390	0.288	0.167
13:20:00	0.491	0.468	0.291	0.250	0.117	0.114	0.114	0.114	0.401	0.392	0.222	0.154	0.461	0.432	0.292	0.245	0.115	0.115	0.113	0.113	0.396	0.387	0.212	0.158	0.486	0.464	0.312	0.254	0.120	0.119	0.119	0.115	0.470	0.489	0.240	0.146	0.486	0.481	0.319	0.259	0.119	0.116	0.115	0.118	0.413	0.407	0.196	0.142	0.504	0.480	0.311	0.265	0.117	0.114	0.116	0.116	0.423	0.410	0.240	0.139	0.509	0.478	0.323	0.263	0.120	0.118	0.118	0.114	0.490	0.480	0.195	0.141	0.486	0.470	0.325	0.272	0.116	0.118	0.117	0.113	0.420	0.404	0.219	0.143	0.515	0.496	0.323	0.269	0.114	0.113	0.116	0.112	0.416	0.401	0.272	0.168
13:40:00	0.501	0.486	0.292	0.253	0.117	0.114	0.114	0.114	0.402	0.399	0.220	0.155	0.475	0.443	0.294	0.247	0.115	0.116	0.113	0.114	0.403	0.395	0.232	0.161	0.487	0.471	0.314	0.257	0.120	0.119	0.119	0.115	0.465	0.489	0.242	0.153	0.489	0.488	0.321	0.262	0.119	0.116	0.115	0.118	0.416	0.415	0.197	0.142	0.501	0.488	0.313	0.268	0.117	0.114	0.116	0.116	0.427	0.418	0.245	0.141	0.517	0.485	0.325	0.266	0.120	0.118	0.118	0.114	0.488	0.494	0.201	0.141	0.487	0.479	0.326	0.275	0.116	0.118	0.117	0.113	0.424	0.412	0.216	0.144	0.505	0.497	0.325	0.272	0.115	0.113	0.116	0.113	0.419	0.410	0.280	0.170
14:00:00	0.506	0.496	0.295	0.255	0.117	0.114	0.114	0.114	0.403	0.407	0.223	0.158	0.473	0.452	0.296	0.249	0.115	0.116	0.113	0.114	0.409	0.402	0.215	0.162	0.488	0.478	0.316	0.259	0.120	0.119	0.119	0.115	0.468	0.500	0.241	0.149	0.491	0.496	0.323	0.265	0.119	0.116	0.115	0.118	0.418	0.421	0.198	0.143	0.505	0.495	0.315	0.270	0.117	0.114	0.116	0.116	0.431	0.424	0.239	0.141	0.527	0.494	0.327	0.268	0.120	0.118	0.118	0.114	0.480	0.506	0.200	0.141	0.490	0.487	0.328	0.278	0.116	0.118	0.117	0.113	0.428	0.419	0.217	0.145	0.508	0.497	0.327	0.276	0.115	0.113	0.116	0.112	0.423	0.415	0.288	0.171
14:20:01	0.507	0.507	0.297	0.257	0.117	0.114	0.114	0.114	0.407	0.412	0.226	0.159	0.476	0.460	0.297	0.252	0.115	0.116	0.113	0.114	0.412	0.407	0.215	0.161	0.488	0.489	0.318	0.262	0.120	0.119	0.119	0.115	0.466	0.517	0.244	0.151	0.493	0.501	0.324	0.267	0.119	0.116	0.115	0.118	0.422	0.426	0.199	0.143	0.519	0.501	0.317	0.272	0.117	0.114	0.116	0.116	0.434	0.429	0.232	0.140	0.539	0.502	0.328	0.270	0.120	0.119	0.118	0.114	0.481	0.510	0.200	0.142	0.492	0.495	0.330	0.281	0.116	0.118	0.117	0.113	0.431	0.424	0.218	0.145	0.531	0.497	0.328	0.279	0.115	0.113	0.115	0.113	0.427	0.421	0.286	0.172
14:40:00	0.507	0.516	0.298	0.259	0.117	0.115	0.114	0.114	0.410	0.415	0.227	0.160	0.478	0.468	0.297	0.254	0.115	0.116	0.113	0.114	0.414	0.412	0.208	0.158	0.490	0.497	0.321	0.265	0.120	0.119	0.119	0.115	0.462	0.513	0.222	0.151	0.495	0.506	0.326	0.269	0.119	0.116	0.115	0.118	0.423	0.430	0.200	0.143	0.526	0.507	0.319	0.275	0.117	0.114	0.115	0.116	0.438	0.432	0.247	0.141	0.543	0.510	0.330	0.273	0.120	0.118	0.118	0.114	0.465	0.520	0.199	0.142	0.496	0.506	0.333	0.285	0.116	0.118	0.117	0.113	0.434	0.427	0.217	0.145	0.550	0.498	0.331	0.283	0.115	0.113	0.116	0.113	0.431	0.427	0.266	0.172
15:00:00	0.513	0.523	0.301	0.262	0.117	0.114	0.114	0.114	0.415	0.419	0.226	0.165	0.490	0.476	0.300	0.256	0.115	0.115	0.113	0.114	0.418	0.419	0.221	0.163	0.491	0.507	0.322	0.267	0.120	0.119	0.119	0.115	0.464	0.522	0.233	0.156	0.495	0.507	0.328	0.271	0.119	0.116	0.115	0.118	0.427	0.433	0.201	0.146	0.540	0.514	0.320	0.277	0.117	0.114	0.116	0.116	0.440	0.437	0.246	0.141	0.538	0.525	0.331	0.275	0.120	0.118	0.118	0.114	0.471	0.530	0.202	0.143	0.496	0.514	0.333	0.287	0.115	0.118	0.117	0.113	0.437	0.433	0.230	0.149	0.554	0.499	0.331	0.285	0.115	0.113	0.115	0.112	0.433	0.430	0.288	0.176
15:20:01	0.490	0.529	0.302	0.264	0.117	0.114	0.114	0.113	0.418	0.422	0.232	0.167	0.508	0.480	0.300	0.257	0.115	0.116	0.113	0.113	0.421	0.424	0.236	0.165	0.493	0.514	0.323	0.269	0.120	0.119	0.119	0.115	0.464	0.540	0.249	0.156	0.497	0.515	0.329	0.273	0.119	0.116	0.115	0.118	0.430	0.438	0.201	0.145	0.545	0.523	0.321	0.279	0.117	0.114	0.115	0.116	0.442	0.440	0.235	0.141	0.509	0.530	0.332	0.276	0.120	0.118	0.118	0.114	0.481	0.543	0.205	0.141	0.497	0.519	0.334	0.290	0.115	0.118	0.117	0.113	0.440	0.439	0.220	0.148	0.553	0.499	0.332	0.287	0.114	0.113	0.115	0.112	0.436	0.435	0.259	0.177
15:40:01	0.513	0.535	0.304	0.266	0.117	0.114	0.114	0.113	0.421	0.425	0.228	0.169	0.524	0.488	0.303	0.259	0.115	0.115	0.113	0.113	0.424	0.430	0.235	0.167	0.494	0.526	0.325	0.271	0.120	0.119	0.119	0.115	0.470	0.514	0.249	0.158	0.498	0.527	0.330	0.275	0.119	0.116	0.115	0.117	0.433	0.442	0.202	0.148	0.536	0.541	0.323	0.281	0.117	0.114	0.115	0.116	0.444	0.445	0.242	0.141	0.506	0.528	0.334	0.278	0.120	0.118	0.117	0.113	0.481	0.551	0.204	0.143	0.498	0.531	0.335	0.292	0.115	0.118	0.117	0.113	0.442	0.444	0.229	0.149	0.540	0.500	0.334	0.289	0.115	0.113	0.115	0.112	0.439	0.437	0.244	0.180
16:00:01	0.532	0.543	0.306	0.267	0.117	0.114	0.114	0.113	0.423	0.428	0.229	0.168	0.523	0.492	0.303	0.261	0.115	0.116	0.113	0.113	0.425	0.433	0.237	0.165	0.494	0.548	0.328	0.274	0.120	0.119	0.119	0.115	0.474	0.510	0.227	0.158	0.499	0.514	0.332	0.277	0.119	0.116	0.115	0.117	0.437	0.445	0.203	0.147	0.522	0.533	0.325	0.283	0.117	0.114	0.115	0.116	0.447	0.448	0.232	0.142	0.497	0.526	0.336	0.281	0.120	0.118	0.117	0.114	0.492	0.545	0.205	0.143	0.500	0.534	0.338	0.296	0.116	0.118	0.117	0.113	0.446	0.445	0.205	0.149	0.527	0.502	0.337	0.293	0.114	0.113	0.115	0.112	0.443	0.441	0.282	0.178
16:20:01	0.540	0.538	0.308	0.269	0.117	0.114	0.114	0.113	0.426	0.433	0.229	0.170	0.518	0.504	0.305	0.263	0.115	0.116	0.113	0.113	0.427	0.436	0.228	0.168	0.496	0.534	0.330	0.276	0.120	0.119	0.119	0.115	0.482	0.501	0.248	0.157	0.500	0.529	0.333	0.279	0.119	0.116	0.115	0.117	0.442	0.449	0.203	0.148	0.525	0.527	0.327	0.285	0.117	0.114	0.115	0.116	0.450	0.452	0.238	0.141	0.493	0.531	0.337	0.283	0.120	0.119	0.117	0.114	0.500	0.542	0.218	0.143	0.501	0.538	0.339	0.298	0.115	0.118	0.117	0.113	0.449	0.449	0.221	0.148	0.512	0.504	0.338	0.295	0.115	0.113	0.115	0.112	0.446	0.445	0.290	0.180
16:40:01	0.549	0.555	0.311	0.272	0.117	0.114	0.114	0.113	0.429	0.439	0.236	0.172	0.515	0.531	0.307	0.264	0.115	0.115	0.113	0.113	0.430	0.442	0.217	0.172	0.497	0.528	0.331	0.277	0.120	0.119	0.119	0.115	0.488	0.497	0.237	0.163	0.500	0.530	0.335	0.281	0.119	0.116	0.115	0.117	0.444	0.458	0.205	0.152	0.513	0.541	0.327	0.286	0.117	0.114	0.115	0.116	0.452	0.456	0.250	0.141	0.493	0.546	0.338	0.284	0.121	0.118	0.117	0.114	0.506	0.538	0.223	0.146	0.500	0.531	0.339	0.300	0.115	0.118	0.117	0.113	0.451	0.454	0.233	0.153	0.503	0.504	0.339	0.296	0.115	0.113	0.115	0.112	0.447	0.449	0.239	0.184
17:00:01	0.543	0.552	0.312	0.273	0.117	0.114	0.114	0.113	0.432	0.441	0.228	0.176	0.516	0.510	0.308	0.266	0.115	0.115	0.113	0.113	0.432	0.444	0.228	0.175	0.498	0.543	0.332	0.279	0.120	0.119	0.119	0.115	0.492	0.496	0.247	0.165	0.501	0.541	0.336	0.283	0.119	0.116	0.115	0.117	0.447	0.463	0.207	0.153	0.500	0.553	0.329	0.288	0.117	0.114	0.115	0.116	0.454	0.460	0.245	0.141	0.494	0.558	0.339	0.285	0.120	0.118	0.117	0.114	0.512	0.525	0.212	0.147	0.501	0.540	0.340	0.302	0.115	0.118	0.117	0.113	0.453	0.460	0.236	0.154	0.497	0.507	0.340	0.299	0.114	0.113	0.115	0.112	0.451	0.455	0.269	0.186
17:20:01	0.531	0.575	0.314	0.275	0.117	0.114	0.114	0.113	0.435	0.449	0.241	0.176	0.509	0.512	0.310	0.267	0.115	0.115	0.113	0.113	0.434	0.450	0.244	0.175	0.499	0.554	0.334	0.281	0.120	0.119	0.119	0.115	0.499	0.497	0.242	0.166	0.502	0.549	0.338	0.284	0.119	0.116	0.115	0.117	0.450	0.469	0.207	0.153	0.494	0.554	0.330	0.290	0.117	0.114	0.115	0.116	0.457	0.469	0.257	0.141	0.496	0.553	0.340	0.287	0.120	0.118	0.117	0.114	0.517	0.528	0.211	0.149	0.502	0.552	0.341	0.304	0.115	0.118	0.117	0.113	0.456	0.464	0.230	0.155	0.494	0.509	0.342	0.300	0.114	0.113	0.115	0.112	0.454	0.462	0.290	0.185
17:40:01	0.521	0.568	0.316	0.277	0.117	0.114	0.114	0.113	0.438	0.456	0.231	0.179	0.500	0.530	0.312	0.268	0.115	0.116	0.113	0.113	0.437	0.456	0.220	0.176	0.498	0.551	0.336	0.283	0.120	0.119	0.119	0.115	0.507	0.501	0.257	0.167	0.503	0.544	0.339	0.286	0.119	0.116	0.115	0.117	0.454	0.476	0.207	0.155	0.495	0.548	0.332	0.291	0.117	0.114	0.115	0.116	0.460	0.476	0.256	0.141	0.498	0.511	0.342	0.289	0.120	0.118	0.117	0.113	0.521	0.516	0.212	0.150	0.501	0.548	0.343	0.306	0.115	0.118	0.117	0.113	0.458	0.469	0.231	0.157	0.494	0.511	0.343	0.302	0.115	0.113	0.115	0.112	0.456	0.468	0.293	0.188
18:00:01	0.510	0.550	0.318	0.278	0.117	0.114	0.114	0.113	0.441	0.460	0.243	0.179	0.495	0.547	0.313	0.270	0.115	0.115	0.113	0.113	0.438	0.463	0.222	0.179	0.498	0.536	0.338	0.285	0.120	0.119	0.119	0.115	0.513	0.504	0.251	0.168	0.504	0.530	0.340	0.288	0.119	0.116	0.115	0.117	0.457	0.478	0.209	0.158	0.495	0.522	0.333	0.293	0.117	0.114	0.115	0.116	0.463	0.479	0.243	0.141	0.500	0.518	0.343	0.290	0.120	0.118	0.117	0.113	0.525	0.512	0.215	0.152	0.500	0.529	0.344	0.308	0.115	0.118	0.117	0.113	0.460	0.474	0.238	0.160	0.497	0.511	0.345	0.304	0.114	0.113	0.115	0.112	0.458	0.471	0.293	0.191
18:20:01	0.497	0.536	0.319	0.279	0.117	0.114	0.114	0.113	0.442	0.463	0.236	0.180	0.493	0.542	0.313	0.272	0.115	0.116	0.113	0.113	0.438	0.464	0.246	0.178	0.498	0.515	0.340	0.287	0.120	0.119	0.119	0.115	0.517	0.506	0.260	0.169	0.504	0.500	0.342	0.290	0.119	0.116	0.115	0.117	0.460	0.476	0.207	0.156	0.496	0.506	0.335	0.295	0.117	0.114	0.115	0.116	0.463	0.482	0.239	0.142	0.501	0.523	0.345	0.293	0.120	0.118	0.117	0.113	0.529	0.506	0.212	0.148	0.500	0.518	0.347	0.311	0.115	0.118	0.117	0.113	0.463	0.476	0.235	0.158	0.498	0.512	0.348	0.307	0.115	0.113	0.115	0.112	0.460	0.475	0.256	0.188
18:40:01	0.497	0.542	0.323	0.281	0.117	0.114	0.114	0.113	0.444	0.466	0.226	0.182	0.495	0.526	0.317	0.273	0.114	0.116	0.113	0.113	0.441	0.467	0.231	0.183	0.498	0.516	0.340	0.288	0.120	0.119	0.119	0.115	0.522	0.509	0.253	0.173	0.503	0.519	0.343	0.291	0.119	0.116	0.115	0.117	0.464	0.480	0.210	0.161	0.499	0.522	0.336	0.296	0.117	0.114	0.115	0.116	0.466	0.487	0.251	0.143	0.504	0.520	0.346	0.294	0.121	0.118	0.117	0.113	0.531	0.507	0.217	0.153	0.498	0.527	0.346	0.312	0.115	0.118	0.117	0.113	0.464	0.476	0.231	0.163	0.499	0.512	0.348	0.307	0.115	0.113	0.115	0.112	0.461	0.477	0.264	0.193
19:00:01	0.499	0.546	0.325	0.283	0.117	0.114	0.114	0.113	0.448	0.467	0.233	0.183	0.497	0.508	0.319	0.275	0.115	0.116	0.113	0.114	0.442	0.468	0.211	0.181	0.497	0.532	0.341	0.290	0.120	0.119	0.119	0.115	0.525	0.518	0.255	0.172	0.504	0.528	0.345	0.293	0.119	0.116	0.115	0.117	0.466	0.482	0.210	0.160	0.500	0.524	0.338	0.298	0.117	0.114	0.115	0.116	0.468	0.488	0.234	0.143	0.506	0.514	0.347	0.296	0.120	0.119	0.117	0.114	0.534	0.513	0.215	0.151	0.499	0.524	0.349	0.315	0.115	0.118	0.117	0.113	0.467	0.480	0.232	0.162	0.502	0.514	0.351	0.310	0.115	0.113	0.115	0.112	0.465	0.480	0.297	0.193
19:20:01	0.502	0.538	0.328	0.285	0.117	0.114	0.114	0.113	0.451	0.470	0.246	0.183	0.498	0.514	0.320	0.278	0.115	0.116	0.113	0.114	0.444	0.472	0.234	0.184	0.496	0.530	0.341	0.292	0.120	0.119	0.119	0.115	0.531	0.526	0.249	0.174	0.503	0.525	0.347	0.295	0.119	0.116	0.115	0.117	0.469	0.485	0.212	0.162	0.501	0.518	0.340	0.299	0.117	0.114	0.115	0.116	0.471	0.491	0.246	0.143	0.507	0.509	0.350	0.297	0.120	0.119	0.117	0.114	0.533	0.521	0.219	0.154	0.498	0.519	0.351	0.316	0.115	0.118	0.117	0.113	0.470	0.484	0.241	0.166	0.505	0.514	0.353	0.312	0.115	0.113	0.115	0.112	0.467	0.480	0.256	0.194
19:40:01	0.502	0.528	0.329	0.284	0.118	0.114	0.114	0.113	0.452	0.474	0.248	0.185	0.499	0.532	0.322	0.278	0.115	0.116	0.113	0.114	0.447	0.474	0.249	0.183	0.495	0.525	0.342	0.293	0.120	0.119	0.119	0.115	0.536	0.533	0.214	0.175	0.502	0.521	0.347	0.297	0.119	0.116	0.115	0.117	0.471	0.485	0.212	0.165	0.502	0.514	0.342	0.300	0.117	0.114	0.115	0.116	0.474	0.494	0.255	0.144	0.508	0.507	0.351	0.299	0.120	0.118	0.117	0.114	0.536	0.529	0.225	0.157	0.496	0.513	0.354	0.319	0.115	0.118	0.117	0.113	0.472	0.487	0.232	0.161	0.507	0.514	0.356	0.313	0.115	0.113	0.115	0.112	0.471	0.483	0.310	0.193
20:00:01	0.503	0.524	0.329	0.285	0.117	0.114	0.114	0.113	0.456	0.478	0.240	0.186	0.500	0.529	0.324	0.279	0.115	0.115	0.113	0.113	0.451	0.476	0.245	0.189	0.494	0.520	0.341	0.294	0.120	0.119	0.119	0.115	0.539	0.539	0.254	0.178	0.501	0.516	0.347	0.297	0.119	0.116	0.115	0.117	0.474	0.488	0.214	0.168	0.504	0.511	0.342	0.301	0.117	0.114	0.115	0.116	0.476	0.494	0.254	0.146	0.509	0.507	0.351	0.299	0.121	0.118	0.117	0.114	0.536	0.540	0.231	0.161	0.495	0.509	0.353	0.320	0.115	0.118	0.117	0.113	0.474	0.490	0.246	0.166	0.509	0.512	0.356	0.314	0.114	0.113	0.115	0.112	0.472	0.485	0.281	0.198
20:20:01	0.503	0.519	0.330	0.285	0.118	0.114	0.114	0.113	0.456	0.479	0.248	0.185	0.502	0.522	0.324	0.281	0.115	0.116	0.113	0.113	0.452	0.478	0.217	0.187	0.493	0.517	0.343	0.297	0.120	0.119	0.119	0.115	0.543	0.543	0.244	0.190	0.500	0.514	0.346	0.299	0.119	0.116	0.115	0.117	0.475	0.488	0.213	0.167	0.506	0.509	0.342	0.303	0.117	0.114	0.115	0.116	0.479	0.496	0.248	0.146	0.510	0.507	0.351	0.301	0.120	0.119	0.117	0.114	0.537	0.543	0.230	0.161	0.494	0.507	0.354	0.322	0.115	0.118	0.117	0.113	0.477	0.494	0.235	0.164	0.510	0.513	0.356	0.316	0.115	0.113	0.115	0.112	0.474	0.487	0.310	0.193
20:40:01	0.504	0.518	0.330	0.285	0.118	0.114	0.114	0.113	0.458	0.484	0.245	0.190	0.503	0.517	0.324	0.283	0.115	0.116	0.113	0.113	0.455	0.482	0.244	0.188	0.491	0.515	0.344	0.298	0.120	0.119	0.119	0.115	0.544	0.548	0.263	0.180	0.499	0.512	0.346	0.301	0.119	0.116	0.115	0.117	0.479	0.491	0.214	0.173	0.508	0.510	0.342	0.304	0.117	0.114	0.115	0.116	0.482	0.497	0.258	0.148	0.512	0.507	0.351	0.302	0.120	0.119	0.117	0.114	0.539	0.548	0.221	0.162	0.492	0.507	0.353	0.323	0.115	0.118	0.117	0.113	0.480	0.497	0.244	0.167	0.511	0.512	0.356	0.318	0.115	0.113	0.115	0.112	0.475	0.489	0.258	0.195
21:00:01	0.506	0.517	0.332	0.287	0.117	0.114	0.114	0.113	0.462	0.489	0.245	0.191	0.505	0.512	0.320	0.282	0.115	0.116	0.114	0.114	0.457	0.486	0.230	0.190	0.490	0.515	0.344	0.299	0.120	0.119	0.119	0.115	0.547	0.554	0.270	0.186	0.498	0.512	0.346	0.301	0.119	0.117	0.115	0.118	0.480	0.494	0.218	0.179	0.510	0.511	0.341	0.305	0.117	0.114	0.115	0.116	0.483	0.502	0.260	0.151	0.513	0.507	0.349	0.303	0.120	0.119	0.118	0.114	0.541	0.557	0.245	0.170	0.490	0.507	0.351	0.322	0.115	0.118	0.117	0.113	0.482	0.502	0.240	0.171	0.512	0.509	0.354	0.318	0.115	0.113	0.115	0.113	0.476	0.489	0.279	0.198
21:20:01	0.507	0.518	0.334	0.288	0.118	0.114	0.114	0.113	0.465	0.492	0.254	0.190	0.506	0.510	0.321	0.284	0.115	0.116	0.114	0.114	0.460	0.490	0.256	0.191	0.489	0.516	0.345	0.301	0.120	0.119	0.119	0.115	0.547	0.559	0.255	0.188	0.498	0.511	0.346	0.303	0.119	0.117	0.116	0.118	0.482	0.496	0.218	0.181	0.511	0.513	0.341	0.307	0.117	0.114	0.115	0.116	0.486	0.502	0.258	0.153	0.514	0.508	0.349	0.304	0.121	0.119	0.118	0.114	0.543	0.564	0.237	0.171	0.488	0.508	0.352	0.323	0.115	0.118	0.117	0.113	0.485	0.502	0.240	0.172	0.514	0.508	0.354	0.318	0.115	0.114	0.116	0.113	0.479	0.491	0.289	0.199
21:40:01	0.509	0.518	0.335	0.287	0.118	0.114	0.114	0.113	0.468	0.495	0.248	0.189	0.508	0.510	0.323	0.285	0.115	0.116	0.114	0.114	0.463	0.494	0.252	0.192	0.488	0.516	0.346	0.303	0.120	0.119	0.119	0.115	0.548	0.563	0.266	0.192	0.497	0.512	0.347	0.304	0.119	0.117	0.115	0.118	0.484	0.498	0.219	0.182	0.513	0.514	0.342	0.308	0.117	0.114	0.115	0.116	0.488	0.506	0.267	0.153	0.515	0.511	0.350	0.306	0.121	0.119	0.118	0.114	0.545	0.571	0.240	0.171	0.487	0.511	0.352	0.323	0.115	0.118	0.117	0.113	0.487	0.503	0.250	0.174	0.517	0.507	0.355	0.318	0.115	0.113	0.115	0.113	0.482	0.491	0.300	0.199
22:00:01	0.510	0.518	0.337	0.287	0.118	0.114	0.114	0.113	0.469	0.497	0.252	0.189	0.510	0.510	0.324	0.286	0.115	0.116	0.114	0.114	0.465	0.496	0.242	0.192	0.487	0.516	0.347	0.303	0.120	0.119	0.119	0.115	0.550	0.568	0.224	0.193	0.496	0.514	0.347	0.306	0.119	0.117	0.115	0.118	0.486	0.498	0.220	0.183	0.514	0.515	0.342	0.308	0.117	0.114	0.115	0.116	0.491	0.507	0.262	0.156	0.517	0.513	0.350	0.307	0.121	0.119	0.118	0.114	0.545	0.574	0.233	0.172	0.486	0.513	0.353	0.323	0.115	0.118	0.117	0.113	0.490	0.502	0.247	0.174	0.519	0.507	0.355	0.318	0.115	0.113	0.115	0.113	0.486	0.492	0.262	0.196
22:20:01	0.511	0.519	0.338	0.287	0.118	0.114	0.114	0.113	0.472	0.499	0.258	0.193	0.512	0.511	0.325	0.286	0.115	0.116	0.114	0.114	0.468	0.500	0.245	0.194	0.486	0.517	0.348	0.304	0.120	0.119	0.119	0.115	0.550	0.572	0.223	0.190	0.494	0.516	0.348	0.307	0.119	0.117	0.116	0.117	0.487	0.499	0.221	0.184	0.516	0.518	0.343	0.309	0.117	0.114	0.115	0.116	0.493	0.511	0.258	0.157	0.518	0.516	0.351	0.307	0.121	0.119	0.118	0.114	0.546	0.574	0.233	0.173	0.485	0.515	0.353	0.324	0.115	0.118	0.117	0.113	0.493	0.503	0.250	0.176	0.521	0.505	0.356	0.318	0.115	0.113	0.115	0.113	0.487	0.495	0.270	0.197
22:40:01	0.512	0.521	0.340	0.287	0.118	0.114	0.114	0.113	0.475	0.501	0.258	0.194	0.513	0.512	0.326	0.286	0.115	0.116	0.114	0.114	0.470	0.503	0.236	0.192	0.485	0.520	0.349	0.304	0.120	0.119	0.119	0.115	0.551	0.576	0.223	0.188	0.493	0.516	0.349	0.307	0.119	0.117	0.115	0.117	0.490	0.502	0.221	0.185	0.517	0.521	0.343	0.309	0.117	0.114	0.115	0.116	0.496	0.514	0.263	0.158	0.519	0.518	0.352	0.308	0.121	0.119	0.117	0.114	0.547	0.577	0.235	0.176	0.484	0.517	0.354	0.324	0.115	0.118	0.117	0.113	0.495	0.505	0.244	0.176	0.522	0.504	0.357	0.318	0.115	0.113	0.115	0.113	0.490	0.498	0.287	0.200
23:00:01	0.513	0.523	0.341	0.287	0.118	0.114	0.114	0.113	0.478	0.506	0.258	0.191	0.514	0.514	0.328	0.286	0.115	0.116	0.114	0.114	0.472	0.505	0.246	0.195	0.484	0.522	0.350	0.305	0.120	0.119	0.119	0.115	0.551	0.580	0.228	0.190	0.492	0.519	0.349	0.308	0.119	0.116	0.115	0.117	0.492	0.504	0.222	0.186	0.518	0.522	0.344	0.309	0.117	0.114	0.115	0.116	0.497	0.515	0.256	0.158	0.519	0.520	0.352	0.308	0.121	0.119	0.117	0.114	0.544	0.578	0.235	0.177	0.484	0.519	0.354	0.324	0.115	0.118	0.117	0.113	0.498	0.506	0.245	0.177	0.524	0.504	0.357	0.319	0.115	0.113	0.115	0.113	0.494	0.502	0.262	0.198
23:20:01	0.515	0.524	0.342	0.288	0.118	0.114	0.114	0.113	0.481	0.509	0.258	0.191	0.516	0.516	0.330	0.287	0.115	0.116	0.114	0.114	0.475	0.508	0.232	0.194	0.483	0.523	0.350	0.306	0.120	0.119	0.119	0.115	0.550	0.583	0.230	0.188	0.491	0.521	0.350	0.309	0.119	0.117	0.116	0.117	0.494	0.507	0.223	0.186	0.518	0.524	0.344	0.310	0.117	0.114	0.115	0.116	0.499	0.519	0.271	0.161	0.518	0.521	0.353	0.308	0.121	0.119	0.117	0.114	0.543	0.579	0.244	0.179	0.483	0.520	0.355	0.325	0.115	0.118	0.117	0.113	0.499	0.509	0.247	0.179	0.525	0.504	0.358	0.319	0.115	0.113	0.115	0.113	0.496	0.503	0.311	0.200
23:40:01	0.517	0.526	0.343	0.290	0.118	0.114	0.114	0.113	0.483	0.514	0.255	0.192	0.516	0.517	0.330	0.287	0.115	0.116	0.114	0.114	0.478	0.514	0.264	0.195	0.482	0.525	0.351	0.306	0.120	0.119	0.119	0.115	0.550	0.585	0.232	0.190	0.490	0.522	0.350	0.309	0.119	0.117	0.116	0.117	0.497	0.513	0.223	0.186	0.518	0.525	0.345	0.310	0.117	0.114	0.115	0.116	0.503	0.524	0.272	0.161	0.519	0.523	0.353	0.308	0.121	0.119	0.117	0.114	0.542	0.581	0.244	0.179	0.482	0.522	0.355	0.325	0.115	0.118	0.117	0.113	0.504	0.516	0.249	0.183	0.525	0.502	0.358	0.318	0.115	0.113	0.115	0.113	0.500	0.511	0.316	0.200
24:00:01	0.518	0.527	0.344	0.290	0.118	0.114	0.114	0.113	0.484	0.518	0.258	0.192	0.517	0.518	0.332	0.288	0.115	0.116	0.114	0.114	0.479	0.521	0.248	0.197	0.481	0.526	0.351	0.306	0.120	0.119	0.119	0.115	0.549	0.588	0.229	0.187	0.490	0.523	0.351	0.310	0.119	0.117	0.116	0.117	0.499	0.519	0.224	0.190	0.519	0.526	0.346	0.311	0.117	0.114	0.115	0.116	0.506	0.528	0.263	0.164	0.519	0.524	0.354	0.308	0.121	0.119	0.117	0.114	0.540	0.582	0.239	0.180	0.480	0.524	0.356	0.324	0.115	0.118	0.117	0.113	0.507	0.521	0.247	0.185	0.525	0.501	0.358	0.318	0.115	0.113	0.115	0.113	0.503	0.514	0.276	0.202
24:20:01	0.519	0.529	0.344	0.291	0.118	0.114	0.114	0.113	0.486	0.524	0.260	0.193	0.518	0.519	0.332	0.288	0.115	0.116	0.114	0.114	0.482	0.525	0.246	0.196	0.480	0.528	0.352	0.306	0.120	0.119	0.119	0.115	0.548	0.590	0.232	0.191	0.489	0.525	0.352	0.309	0.119	0.117	0.116	0.117	0.501	0.522	0.225	0.190	0.520	0.527	0.346	0.311	0.117	0.114	0.115	0.116	0.509	0.530	0.264	0.165	0.519	0.526	0.354	0.307	0.121	0.119	0.117	0.114	0.539	0.582	0.239	0.183	0.480	0.525	0.357	0.325	0.115	0.118	0.117	0.113	0.509	0.525	0.255	0.186	0.526	0.498	0.358	0.316	0.115	0.113	0.115	0.113	0.505	0.515	0.292	0.202
24:40:01	0.520	0.529	0.345	0.291	0.118	0.114	0.114	0.113	0.487	0.527	0.258	0.193	0.518	0.522	0.333	0.289	0.115	0.116	0.114	0.114	0.485	0.530	0.242	0.196	0.480	0.529	0.352	0.305	0.120	0.119	0.119	0.115	0.547	0.590	0.231	0.194	0.487	0.526	0.352	0.310	0.119	0.117	0.115	0.117	0.503	0.527	0.226	0.191	0.520	0.529	0.347	0.310	0.117	0.114	0.115	0.116	0.511	0.535	0.267	0.166	0.519	0.526	0.354	0.307	0.121	0.119	0.117	0.114	0.537	0.582	0.240	0.183	0.479	0.526	0.357	0.324	0.115	0.118	0.117	0.113	0.512	0.529	0.247	0.188	0.527	0.498	0.359	0.316	0.115	0.113	0.115	0.113	0.507	0.515	0.267	0.200
25:00:01	0.520	0.530	0.346	0.291	0.118	0.114	0.114	0.113	0.491	0.532	0.264	0.192	0.518	0.522	0.336	0.290	0.115	0.116	0.114	0.114	0.487	0.533	0.252	0.195	0.480	0.529	0.352	0.306	0.120	0.119	0.119	0.115	0.545	0.590	0.232	0.193	0.486	0.528	0.353	0.309	0.119	0.117	0.115	0.117	0.505	0.531	0.227	0.193	0.519	0.531	0.347	0.311	0.117	0.114	0.115	0.116	0.512	0.535	0.266	0.169	0.519	0.528	0.355	0.307	0.121	0.119	0.117	0.114	0.537	0.582	0.241	0.184	0.479	0.527	0.357	0.324	0.115	0.118	0.117	0.113	0.513	0.531	0.256	0.189	0.527	0.498	0.359	0.315	0.114	0.113	0.115	0.113	0.508	0.514	0.268	0.199
25:20:01	0.520	0.532	0.347	0.291	0.118	0.114	0.114	0.113	0.493	0.535	0.261	0.192	0.518	0.524	0.336	0.291	0.115	0.116	0.114	0.114	0.489	0.536	0.269	0.196	0.479	0.530	0.353	0.306	0.120	0.119	0.119	0.115	0.544	0.591	0.232	0.193	0.486	0.528	0.353	0.309	0.120	0.117	0.115	0.117	0.507	0.533	0.228	0.192	0.519	0.531	0.348	0.311	0.117	0.114	0.115	0.116	0.515	0.538	0.278	0.169	0.519	0.528	0.355	0.307	0.121	0.119	0.117	0.114	0.535	0.583	0.242	0.187	0.479	0.527	0.358	0.324	0.115	0.118	0.117	0.113	0.515	0.532	0.250	0.186	0.528	0.497	0.359	0.314	0.115	0.113	0.115	0.113	0.511	0.514	0.286	0.199
25:40:01	0.521	0.532	0.347	0.292	0.118	0.114	0.114	0.113	0.496	0.538	0.259	0.192	0.518	0.524	0.337	0.291	0.115	0.116	0.114	0.114	0.492	0.538	0.253	0.195	0.478	0.531	0.353	0.306	0.120	0.119	0.119	0.115	0.543	0.591	0.234	0.193	0.486	0.529	0.353	0.309	0.120	0.117	0.115	0.117	0.510	0.534	0.228	0.195	0.519	0.531	0.348	0.311	0.117	0.114	0.115	0.116	0.517	0.539	0.268	0.171	0.519	0.529	0.356	0.307	0.121	0.119	0.117	0.114	0.534	0.582	0.246	0.186	0.479	0.529	0.358	0.323	0.115	0.118	0.117	0.113	0.516	0.534	0.258	0.186	0.529	0.497	0.360	0.313	0.115	0.113	0.115	0.113	0.514	0.517	0.267	0.200
26:00:01	0.520	0.532	0.347	0.290	0.119	0.114	0.114	0.113	0.496	0.540	0.261	0.193	0.517	0.526	0.337	0.292	0.115	0.116	0.114	0.114	0.495	0.542	0.270	0.198	0.478	0.532	0.354	0.307	0.120	0.119	0.119	0.115	0.542	0.592	0.232	0.191	0.486	0.529	0.354	0.309	0.120	0.117	0.115	0.117	0.511	0.536	0.228	0.194	0.518	0.532	0.349	0.312	0.117	0.114	0.115	0.116	0.520	0.542	0.265	0.168	0.519	0.529	0.357	0.308	0.120	0.119	0.117	0.114	0.533	0.583	0.250	0.182	0.480	0.530	0.360	0.324	0.115	0.118	0.117	0.113	0.520	0.535	0.256	0.185	0.530	0.497	0.361	0.315	0.115	0.113	0.115	0.112	0.518	0.522	0.285	0.199
26:20:01	0.520	0.533	0.347	0.291	0.118	0.114	0.114	0.113	0.500	0.542	0.254	0.193	0.517	0.527	0.338	0.291	0.115	0.116	0.114	0.114	0.498	0.545	0.250	0.197	0.478	0.532	0.353	0.306	0.120	0.119	0.119	0.115	0.540	0.592	0.237	0.193	0.486	0.530	0.354	0.309	0.120	0.117	0.115	0.117	0.513	0.538	0.229	0.195	0.518	0.532	0.349	0.311	0.117	0.114	0.115	0.116	0.521	0.544	0.268	0.171	0.518	0.529	0.356	0.306	0.121	0.119	0.117	0.114	0.531	0.583	0.252	0.186	0.479	0.530	0.358	0.321	0.114	0.118	0.117	0.113	0.522	0.537	0.254	0.188	0.529	0.495	0.359	0.313	0.115	0.113	0.115	0.113	0.520	0.522	0.319	0.198
26:40:01	0.520	0.533	0.347	0.291	0.119	0.114	0.114	0.113	0.501	0.544	0.259	0.194	0.517	0.528	0.339	0.290	0.115	0.116	0.113	0.114	0.500	0.549	0.257	0.199	0.477	0.532	0.353	0.305	0.120	0.119	0.119	0.115	0.539	0.591	0.238	0.192	0.487	0.530	0.354	0.308	0.119	0.116	0.115	0.117	0.516	0.541	0.231	0.195	0.518	0.533	0.349	0.310	0.117	0.114	0.115	0.116	0.523	0.547	0.269	0.172	0.518	0.528	0.357	0.306	0.121	0.119	0.117	0.114	0.530	0.583	0.246	0.185	0.479	0.531	0.359	0.321	0.114	0.118	0.117	0.113	0.524	0.539	0.252	0.189	0.530	0.495	0.360	0.315	0.114	0.113	0.115	0.112	0.522	0.522	0.270	0.198
27:00:01	0.520	0.532	0.347	0.289	0.119	0.114	0.113	0.113	0.502	0.547	0.263	0.194	0.516	0.528	0.340	0.288	0.115	0.116	0.113	0.114	0.504	0.551	0.254	0.198	0.477	0.533	0.355	0.305	0.120	0.119	0.119	0.115	0.537	0.591	0.237	0.195	0.486	0.530	0.355	0.309	0.119	0.117	0.115	0.117	0.518	0.544	0.230	0.193	0.517	0.532	0.350	0.311	0.117	0.114	0.115	0.115	0.525	0.549	0.269	0.171	0.518	0.529	0.358	0.307	0.120	0.119	0.117	0.114	0.529	0.584	0.245	0.188	0.481	0.531	0.361	0.322	0.115	0.118	0.117	0.113	0.527	0.540	0.259	0.191	0.530	0.495	0.362	0.319	0.115	0.113	0.115	0.112	0.525	0.525	0.266	0.198
27:20:01	0.521	0.533	0.347	0.291	0.119	0.114	0.113	0.113	0.505	0.548	0.262	0.196	0.516	0.528	0.340	0.288	0.115	0.116	0.113	0.114	0.505	0.553	0.269	0.200	0.477	0.533	0.354	0.303	0.120	0.119	0.119	0.115	0.536	0.591	0.238	0.201	0.486	0.530	0.355	0.307	0.120	0.117	0.115	0.117	0.519	0.544	0.232	0.196	0.516	0.532	0.350	0.311	0.117	0.115	0.115	0.115	0.526	0.548	0.284	0.174	0.517	0.528	0.357	0.305	0.121	0.119	0.117	0.114	0.526	0.584	0.248	0.190	0.479	0.531	0.360	0.320	0.114	0.118	0.117	0.113	0.528	0.543	0.255	0.194	0.530	0.493	0.361	0.317	0.114	0.113	0.115	0.113	0.525	0.527	0.293	0.200
27:40:01	0.521	0.533	0.347	0.292	0.119	0.114	0.114	0.113	0.510	0.549	0.244	0.195	0.516	0.528	0.340	0.287	0.115	0.116	0.114	0.114	0.508	0.554	0.254	0.198	0.477	0.533	0.355	0.303	0.120	0.119	0.119	0.115	0.535	0.591	0.239	0.194	0.486	0.530	0.356	0.307	0.120	0.117	0.115	0.117	0.521	0.547	0.233	0.196	0.516	0.532	0.350	0.310	0.117	0.115	0.116	0.116	0.528	0.548	0.284	0.175	0.516	0.527	0.357	0.305	0.121	0.119	0.117	0.114	0.525	0.584	0.248	0.191	0.480	0.531	0.361	0.319	0.115	0.118	0.117	0.113	0.529	0.545	0.260	0.192	0.531	0.493	0.362	0.319	0.115	0.113	0.115	0.113	0.528	0.531	0.274	0.199
28:00:01	0.521	0.531	0.347	0.291	0.119	0.114	0.114	0.113	0.509	0.552	0.246	0.195	0.515	0.529	0.342	0.287	0.116	0.116	0.114	0.114	0.510	0.554	0.249	0.199	0.478	0.533	0.360	0.303	0.120	0.119	0.119	0.115	0.534	0.591	0.239	0.195	0.486	0.531	0.357	0.307	0.120	0.117	0.115	0.117	0.525	0.550	0.233	0.196	0.516	0.532	0.351	0.312	0.117	0.115	0.115	0.116	0.532	0.552	0.267	0.174	0.516	0.527	0.359	0.307	0.120	0.119	0.117	0.114	0.525	0.585	0.259	0.189	0.481	0.530	0.363	0.321	0.115	0.118	0.117	0.113	0.535	0.548	0.261	0.191	0.532	0.494	0.364	0.324	0.115	0.113	0.115	0.113	0.531	0.535	0.312	0.201
28:20:01	0.521	0.532	0.348	0.293	0.119	0.114	0.114	0.113	0.509	0.554	0.249	0.196	0.515	0.528	0.340	0.287	0.115	0.116	0.114	0.114	0.512	0.556	0.254	0.202	0.478	0.532	0.360	0.302	0.120	0.119	0.119	0.115	0.533	0.590	0.242	0.192	0.487	0.530	0.357	0.306	0.120	0.117	0.115	0.117	0.528	0.550	0.234	0.199	0.515	0.531	0.350	0.311	0.117	0.115	0.115	0.116	0.532	0.554	0.277	0.178	0.516	0.527	0.358	0.304	0.121	0.119	0.117	0.114	0.523	0.585	0.253	0.191	0.481	0.529	0.361	0.319	0.114	0.118	0.117	0.113	0.534	0.550	0.255	0.194	0.531	0.492	0.363	0.321	0.114	0.113	0.115	0.113	0.531	0.535	0.304	0.200
28:40:01	0.521	0.532	0.348	0.294	0.119	0.114	0.114	0.113	0.513	0.556	0.266	0.195	0.515	0.529	0.341	0.287	0.116	0.116	0.114	0.114	0.514	0.558	0.244	0.199	0.478	0.532	0.360	0.303	0.120	0.119	0.119	0.115	0.532	0.589	0.240	0.195	0.486	0.529	0.358	0.307	0.120	0.117	0.115	0.117	0.529	0.550	0.234	0.198	0.515	0.531	0.352	0.313	0.117	0.115	0.115	0.115	0.536	0.556	0.273	0.177	0.515	0.527	0.359	0.305	0.120	0.119	0.117	0.114	0.523	0.584	0.250	0.192	0.482	0.529	0.364	0.324	0.115	0.118	0.117	0.113	0.539	0.552	0.252	0.197	0.532	0.494	0.365	0.325	0.115	0.113	0.115	0.113	0.539	0.540	0.297	0.199
29:00:01	0.521	0.532	0.352	0.295	0.120	0.114	0.114	0.113	0.524	0.559	0.260	0.193	0.514	0.527	0.340	0.286	0.116	0.116	0.114	0.114	0.520	0.558	0.243	0.202	0.478	0.532	0.358	0.302	0.120	0.119	0.119	0.115	0.530	0.588	0.240	0.193	0.487	0.528	0.358	0.307	0.120	0.117	0.115	0.117	0.533	0.550	0.235	0.198	0.514	0.530	0.351	0.313	0.117	0.115	0.115	0.115	0.542	0.555	0.283	0.177	0.514	0.526	0.359	0.305	0.120	0.119	0.117	0.114	0.521	0.584	0.256	0.192	0.483	0.529	0.364	0.324	0.115	0.118	0.117	0.113	0.543	0.552	0.262	0.201	0.532	0.494	0.366	0.325	0.115	0.113	0.115	0.113	0.544	0.541	0.297	0.201
29:20:01	0.521	0.533	0.355	0.297	0.119	0.114	0.114	0.113	0.533	0.560	0.263	0.196	0.514	0.528	0.341	0.288	0.116	0.116	0.114	0.114	0.523	0.558	0.278	0.201	0.479	0.531	0.357	0.303	0.120	0.119	0.119	0.115	0.529	0.588	0.243	0.194	0.487	0.528	0.361	0.308	0.120	0.117	0.115	0.117	0.539	0.551	0.236	0.198	0.514	0.529	0.351	0.313	0.117	0.115	0.115	0.115	0.550	0.555	0.282	0.178	0.514	0.525	0.362	0.305	0.120	0.119	0.117	0.114	0.520	0.583	0.260	0.191	0.483	0.528	0.366	0.326	0.115	0.118	0.117	0.113	0.552	0.553	0.252	0.199	0.532	0.495	0.366	0.326	0.115	0.113	0.115	0.113	0.549	0.542	0.271	0.203
29:40:01	0.522	0.533	0.356	0.297	0.119	0.114	0.114	0.113	0.537	0.560	0.267	0.196	0.514	0.527	0.341	0.287	0.116	0.116	0.114	0.114	0.525	0.560	0.266	0.202	0.479	0.530	0.356	0.303	0.120	0.119	0.119	0.115	0.529	0.587	0.244	0.196	0.488	0.526	0.363	0.306	0.120	0.117	0.115	0.117	0.547	0.550	0.236	0.198	0.513	0.528	0.353	0.313	0.117	0.115	0.115	0.115	0.551	0.556	0.285	0.181	0.513	0.523	0.364	0.305	0.120	0.119	0.117	0.114	0.519	0.582	0.266	0.195	0.483	0.528	0.369	0.325	0.114	0.118	0.117	0.113	0.558	0.553	0.263	0.201	0.532	0.494	0.369	0.326	0.115	0.113	0.115	0.113	0.560	0.544	0.323	0.204
30:00:01	0.523	0.533	0.355	0.298	0.119	0.114	0.114	0.113	0.546	0.559	0.266	0.198	0.514	0.527	0.345	0.288	0.116	0.116	0.114	0.114	0.529	0.562	0.257	0.202	0.479	0.529	0.355	0.304	0.120	0.119	0.119	0.115	0.527	0.586	0.242	0.195	0.488	0.526	0.362	0.306	0.120	0.117	0.115	0.117	0.552	0.551	0.237	0.200	0.512	0.527	0.356	0.313	0.117	0.115	0.115	0.115	0.553	0.558	0.268	0.181	0.512	0.522	0.365	0.306	0.120	0.119	0.117	0.114	0.518	0.582	0.252	0.194	0.484	0.527	0.369	0.325	0.114	0.118	0.117	0.113	0.559	0.555	0.261	0.206	0.532	0.495	0.371	0.327	0.115	0.113	0.115	0.113	0.573	0.545	0.298	0.198
30:20:01	0.523	0.533	0.354	0.300	0.119	0.114	0.114	0.113	0.554	0.559	0.267	0.202	0.514	0.525	0.347	0.289	0.116	0.116	0.114	0.114	0.539	0.562	0.247	0.203	0.479	0.527	0.354	0.304	0.120	0.119	0.119	0.115	0.526	0.585	0.242	0.196	0.488	0.524	0.360	0.306	0.120	0.117	0.115	0.117	0.554	0.551	0.238	0.201	0.511	0.526	0.357	0.313	0.117	0.115	0.115	0.115	0.555	0.559	0.272	0.183	0.511	0.521	0.363	0.306	0.121	0.119	0.117	0.114	0.516	0.581	0.260	0.196	0.484	0.527	0.367	0.326	0.114	0.118	0.117	0.113	0.561	0.554	0.257	0.198	0.531	0.496	0.370	0.327	0.115	0.113	0.115	0.112	0.579	0.546	0.323	0.197
30:40:01	0.525	0.534	0.354	0.305	0.119	0.114	0.114	0.113	0.559	0.558	0.277	0.200	0.514	0.525	0.346	0.290	0.115	0.115	0.114	0.114	0.549	0.562	0.263	0.203	0.479	0.526	0.353	0.305	0.119	0.119	0.119	0.115	0.525	0.583	0.244	0.197	0.489	0.523	0.359	0.307	0.120	0.116	0.115	0.117	0.556	0.551	0.239	0.200	0.510	0.525	0.355	0.313	0.117	0.115	0.115	0.115	0.558	0.561	0.292	0.186	0.510	0.519	0.362	0.305	0.121	0.119	0.117	0.114	0.515	0.579	0.258	0.198	0.483	0.526	0.364	0.324	0.114	0.118	0.117	0.113	0.562	0.555	0.259	0.207	0.531	0.495	0.367	0.327	0.114	0.113	0.115	0.113	0.582	0.548	0.275	0.198
31:00:01	0.525	0.532	0.352	0.303	0.119	0.114	0.113	0.113	0.563	0.558	0.271	0.208	0.513	0.524	0.345	0.292	0.116	0.116	0.114	0.114	0.555	0.563	0.267	0.201	0.479	0.525	0.354	0.306	0.120	0.119	0.119	0.115	0.524	0.582	0.245	0.199	0.488	0.522	0.358	0.308	0.120	0.116	0.115	0.117	0.559	0.553	0.238	0.201	0.509	0.523	0.356	0.314	0.117	0.114	0.115	0.115	0.567	0.562	0.270	0.184	0.510	0.518	0.362	0.306	0.121	0.119	0.116	0.114	0.514	0.579	0.258	0.197	0.485	0.525	0.365	0.326	0.114	0.118	0.117	0.113	0.566	0.558	0.257	0.207	0.532	0.498	0.368	0.329	0.115	0.113	0.115	0.113	0.586	0.550	0.325	0.200
31:20:01	0.526	0.532	0.352	0.305	0.119	0.114	0.113	0.113	0.571	0.560	0.277	0.203	0.512	0.523	0.344	0.292	0.115	0.116	0.114	0.114	0.558	0.563	0.247	0.201	0.480	0.524	0.353	0.307	0.120	0.119	0.119	0.115	0.523	0.580	0.247	0.198	0.489	0.520	0.357	0.308	0.120	0.116	0.115	0.117	0.557	0.553	0.240	0.199	0.508	0.522	0.355	0.314	0.117	0.114	0.115	0.115	0.569	0.565	0.274	0.184	0.509	0.516	0.361	0.306	0.121	0.119	0.116	0.114	0.514	0.578	0.269	0.197	0.486	0.524	0.364	0.327	0.114	0.118	0.117	0.113	0.572	0.557	0.258	0.206	0.533	0.500	0.368	0.329	0.114	0.113	0.115	0.113	0.588	0.552	0.305	0.197
31:40:01	0.527	0.531	0.352	0.306	0.119	0.114	0.113	0.113	0.572	0.561	0.268	0.202	0.512	0.521	0.341	0.293	0.116	0.116	0.114	0.114	0.562	0.565	0.262	0.203	0.480	0.522	0.353	0.307	0.120	0.119	0.119	0.115	0.522	0.579	0.246	0.199	0.489	0.519	0.356	0.309	0.120	0.116	0.115	0.117	0.565	0.555	0.240	0.202	0.508	0.521	0.355	0.315	0.117	0.115	0.115	0.115	0.576	0.568	0.272	0.186	0.509	0.514	0.360	0.306	0.121	0.119	0.116	0.114	0.513	0.576	0.257	0.197	0.486	0.523	0.363	0.328	0.114	0.118	0.117	0.113	0.579	0.559	0.268	0.199	0.534	0.501	0.368	0.330	0.115	0.113	0.115	0.112	0.590	0.554	0.271	0.204
32:00:01	0.528	0.531	0.352	0.308	0.119	0.114	0.114	0.113	0.575	0.562	0.270	0.210	0.511	0.521	0.340	0.295	0.116	0.116	0.114	0.114	0.567	0.564	0.249	0.200	0.481	0.521	0.353	0.308	0.120	0.119	0.119	0.115	0.521	0.578	0.245	0.198	0.490	0.518	0.356	0.309	0.120	0.117	0.115	0.117	0.570	0.554	0.241	0.202	0.506	0.520	0.355	0.315	0.117	0.115	0.115	0.115	0.579	0.569	0.286	0.187	0.508	0.513	0.360	0.307	0.121	0.119	0.117	0.114	0.512	0.576	0.256	0.198	0.487	0.521	0.362	0.328	0.114	0.118	0.117	0.113	0.580	0.561	0.258	0.202	0.536	0.503	0.368	0.330	0.115	0.113	0.115	0.113	0.591	0.554	0.271	0.200
32:20:01	0.529	0.530	0.353	0.311	0.119	0.114	0.114	0.113	0.573	0.566	0.274	0.203	0.510	0.520	0.340	0.296	0.116	0.116	0.114	0.114	0.567	0.565	0.245	0.200	0.481	0.520	0.354	0.309	0.120	0.119	0.119	0.115	0.521	0.577	0.246	0.199	0.490	0.518	0.355	0.311	0.120	0.116	0.115	0.117	0.568	0.554	0.242	0.202	0.505	0.518	0.354	0.316	0.117	0.115	0.115	0.115	0.579	0.573	0.292	0.187	0.508	0.512	0.359	0.308	0.121	0.119	0.116	0.114	0.512	0.575	0.265	0.198	0.487	0.519	0.362	0.329	0.114	0.118	0.117	0.113	0.583	0.564	0.259	0.204	0.537	0.504	0.367	0.330	0.115	0.113	0.115	0.112	0.594	0.557	0.272	0.203
32:40:01	0.530	0.530	0.353	0.313	0.120	0.114	0.113	0.113	0.568	0.570	0.277	0.206	0.509	0.517	0.340	0.297	0.116	0.116	0.114	0.114	0.572	0.567	0.247	0.200	0.481	0.518	0.354	0.310	0.120	0.119	0.119	0.115	0.520	0.576	0.248	0.198	0.491	0.515	0.355	0.311	0.120	0.117	0.115	0.117	0.571	0.557	0.242	0.203	0.505	0.516	0.354	0.317	0.117	0.115	0.115	0.115	0.577	0.578	0.277	0.188	0.509	0.511	0.359	0.308	0.121	0.119	0.116	0.114	0.511	0.573	0.263	0.198	0.487	0.518	0.362	0.330	0.114	0.118	0.117	0.113	0.584	0.564	0.258	0.205	0.538	0.505	0.366	0.330	0.115	0.113	0.115	0.113	0.597	0.559	0.308	0.196
33:00:01	0.530	0.528	0.354	0.314	0.120	0.114	0.113	0.113	0.563	0.577	0.276	0.205	0.507	0.515	0.341	0.298	0.115	0.116	0.114	0.114	0.575	0.569	0.255	0.202	0.481	0.516	0.354	0.311	0.120	0.119	0.119	0.115	0.519	0.574	0.248	0.197	0.491	0.513	0.353	0.312	0.120	0.117	0.115	0.117	0.569	0.562	0.243	0.201	0.503	0.513	0.353	0.317	0.117	0.115	0.115	0.115	0.577	0.587	0.278	0.190	0.508	0.510	0.358	0.308	0.121	0.119	0.116	0.114	0.510	0.571	0.262	0.199	0.488	0.516	0.361	0.330	0.114	0.118	0.117	0.113	0.584	0.565	0.264	0.208	0.538	0.507	0.366	0.330	0.114	0.113	0.115	0.112	0.599	0.569	0.325	0.196
33:20:02	0.530	0.528	0.354	0.316	0.120	0.114	0.113	0.113	0.564	0.592	0.282	0.196	0.505	0.514	0.339	0.299	0.116	0.116	0.114	0.114	0.576	0.574	0.272	0.204	0.481	0.514	0.354	0.312	0.120	0.119	0.119	0.115	0.518	0.573	0.248	0.202	0.491	0.512	0.353	0.312	0.120	0.117	0.115	0.116	0.568	0.571	0.244	0.203	0.502	0.512	0.353	0.317	0.117	0.115	0.115	0.115	0.583	0.590	0.279	0.190	0.508	0.507	0.357	0.309	0.121	0.119	0.116	0.114	0.509	0.570	0.271	0.199	0.487	0.515	0.361	0.331	0.114	0.118	0.117	0.113	0.583	0.568	0.259	0.209	0.540	0.508	0.365	0.330	0.115	0.113	0.115	0.113	0.598	0.584	0.275	0.196
33:40:01	0.530	0.527	0.355	0.318	0.120	0.114	0.113	0.113	0.569	0.608	0.276	0.196	0.504	0.513	0.340	0.301	0.116	0.116	0.114	0.114	0.575	0.585	0.284	0.202	0.481	0.512	0.354	0.313	0.120	0.119	0.119	0.115	0.517	0.572	0.251	0.202	0.492	0.511	0.353	0.313	0.120	0.117	0.115	0.117	0.572	0.580	0.244	0.203	0.502	0.511	0.352	0.317	0.117	0.115	0.115	0.115	0.580	0.590	0.291	0.191	0.509	0.506	0.357	0.310	0.121	0.119	0.117	0.114	0.508	0.569	0.259	0.201	0.488	0.514	0.361	0.332	0.114	0.118	0.117	0.113	0.582	0.575	0.271	0.202	0.541	0.510	0.364	0.330	0.115	0.113	0.115	0.113	0.601	0.596	0.312	0.195
34:00:02	0.530	0.527	0.355	0.320	0.120	0.114	0.113	0.113	0.569	0.619	0.281	0.197	0.503	0.512	0.343	0.302	0.116	0.116	0.114	0.114	0.573	0.599	0.269	0.198	0.482	0.510	0.354	0.314	0.120	0.119	0.119	0.115	0.516	0.571	0.251	0.200	0.492	0.509	0.353	0.314	0.120	0.117	0.115	0.117	0.571	0.580	0.244	0.204	0.501	0.509	0.352	0.317	0.117	0.115	0.115	0.115	0.574	0.592	0.276	0.190	0.510	0.504	0.357	0.311	0.121	0.119	0.116	0.114	0.507	0.568	0.269	0.199	0.487	0.513	0.361	0.333	0.114	0.118	0.117	0.113	0.575	0.584	0.263	0.201	0.542	0.511	0.364	0.330	0.114	0.113	0.115	0.113	0.598	0.600	0.275	0.195
34:20:02	0.530	0.527	0.357	0.323	0.120	0.114	0.113	0.113	0.569	0.616	0.276	0.196	0.501	0.510	0.341	0.304	0.116	0.116	0.114	0.114	0.565	0.601	0.248	0.199	0.483	0.509	0.354	0.314	0.120	0.119	0.119	0.115	0.515	0.570	0.252	0.202	0.492	0.507	0.353	0.315	0.120	0.117	0.115	0.117	0.567	0.580	0.245	0.202	0.500	0.507	0.352	0.317	0.117	0.115	0.115	0.115	0.571	0.597	0.288	0.191	0.510	0.502	0.356	0.311	0.121	0.119	0.116	0.114	0.507	0.567	0.262	0.201	0.488	0.512	0.361	0.333	0.114	0.118	0.117	0.113	0.574	0.587	0.272	0.197	0.542	0.512	0.363	0.330	0.115	0.113	0.115	0.113	0.594	0.601	0.320	0.196
34:40:02	0.529	0.525	0.357	0.324	0.120	0.114	0.113	0.113	0.569	0.617	0.278	0.198	0.500	0.509	0.340	0.305	0.116	0.116	0.114	0.114	0.564	0.602	0.252	0.199	0.483	0.507	0.354	0.315	0.120	0.119	0.119	0.115	0.515	0.569	0.252	0.199	0.492	0.505	0.353	0.316	0.120	0.116	0.115	0.117	0.570	0.580	0.245	0.204	0.499	0.506	0.352	0.318	0.117	0.115	0.115	0.115	0.572	0.600	0.278	0.193	0.510	0.500	0.355	0.312	0.121	0.119	0.116	0.114	0.506	0.566	0.270	0.201	0.488	0.510	0.360	0.334	0.114	0.118	0.117	0.113	0.573	0.588	0.264	0.198	0.543	0.514	0.362	0.331	0.115	0.113	0.115	0.113	0.592	0.603	0.274	0.196
35:00:02	0.527	0.523	0.357	0.324	0.120	0.114	0.113	0.113	0.587	0.618	0.284	0.199	0.498	0.507	0.341	0.307	0.116	0.116	0.114	0.114	0.567	0.604	0.284	0.201	0.483	0.504	0.354	0.316	0.120	0.119	0.119	0.115	0.514	0.568	0.250	0.202	0.492	0.504	0.353	0.317	0.120	0.117	0.115	0.117	0.568	0.585	0.246	0.202	0.499	0.504	0.351	0.318	0.117	0.115	0.115	0.115	0.582	0.603	0.294	0.193	0.510	0.499	0.355	0.312	0.122	0.119	0.116	0.114	0.506	0.565	0.261	0.201	0.489	0.509	0.360	0.334	0.114	0.118	0.117	0.113	0.575	0.590	0.263	0.200	0.543	0.514	0.362	0.330	0.115	0.113	0.115	0.113	0.591	0.607	0.280	0.196
35:20:02	0.526	0.522	0.357	0.325	0.120	0.114	0.113	0.113	0.596	0.622	0.279	0.198	0.497	0.504	0.340	0.307	0.116	0.116	0.114	0.114	0.570	0.607	0.284	0.199	0.483	0.503	0.354	0.316	0.120	0.119	0.119	0.115	0.514	0.567	0.253	0.200	0.493	0.500	0.352	0.317	0.120	0.117	0.115	0.117	0.576	0.588	0.247	0.204	0.498	0.503	0.351	0.318	0.117	0.115	0.115	0.115	0.574	0.604	0.293	0.194	0.510	0.497	0.354	0.313	0.122	0.119	0.116	0.114	0.505	0.564	0.261	0.201	0.489	0.508	0.360	0.335	0.114	0.118	0.117	0.113	0.578	0.594	0.262	0.204	0.544	0.516	0.361	0.330	0.114	0.113	0.115	0.113	0.595	0.611	0.274	0.200
35:40:02	0.524	0.520	0.357	0.326	0.120	0.114	0.113	0.113	0.601	0.627	0.279	0.198	0.496	0.503	0.341	0.308	0.116	0.116	0.114	0.114	0.571	0.610	0.272	0.200	0.484	0.502	0.354	0.317	0.120	0.119	0.119	0.115	0.513	0.567	0.252	0.201	0.493	0.500	0.352	0.317	0.120	0.117	0.115	0.117	0.573	0.591	0.247	0.204	0.498	0.501	0.351	0.318	0.117	0.115	0.115	0.115	0.576	0.607	0.296	0.194	0.511	0.495	0.355	0.314	0.122	0.119	0.116	0.114	0.505	0.564	0.275	0.202	0.489	0.507	0.359	0.335	0.114	0.118	0.117	0.113	0.575	0.598	0.266	0.199	0.544	0.517	0.360	0.331	0.114	0.113	0.115	0.113	0.591	0.613	0.288	0.196
36:00:02	0.522	0.520	0.358	0.327	0.120	0.114	0.113	0.113	0.608	0.631	0.286	0.198	0.495	0.502	0.341	0.310	0.116	0.116	0.114	0.114	0.569	0.614	0.252	0.203	0.483	0.501	0.354	0.317	0.120	0.119	0.119	0.115	0.513	0.566	0.254	0.201	0.493	0.499	0.353	0.318	0.120	0.117	0.115	0.117	0.578	0.592	0.247	0.203	0.498	0.499	0.350	0.319	0.117	0.115	0.115	0.115	0.577	0.616	0.293	0.195	0.511	0.494	0.354	0.313	0.122	0.119	0.116	0.114	0.505	0.564	0.263	0.201	0.488	0.506	0.359	0.335	0.114	0.118	0.117	0.113	0.579	0.601	0.265	0.202	0.544	0.518	0.360	0.331	0.114	0.113	0.115	0.113	0.597	0.613	0.275	0.196
36:20:02	0.520	0.519	0.358	0.329	0.120	0.114	0.113	0.113	0.612	0.639	0.281	0.199	0.494	0.500	0.342	0.311	0.116	0.116	0.114	0.114	0.567	0.619	0.253	0.200	0.484	0.499	0.354	0.318	0.120	0.119	0.119	0.115	0.512	0.565	0.255	0.201	0.494	0.497	0.352	0.317	0.120	0.116	0.115	0.117	0.579	0.600	0.247	0.204	0.497	0.497	0.350	0.319	0.117	0.115	0.115	0.115	0.578	0.617	0.288	0.195	0.510	0.494	0.354	0.313	0.122	0.119	0.116	0.114	0.504	0.563	0.263	0.201	0.489	0.506	0.359	0.335	0.114	0.118	0.117	0.113	0.580	0.604	0.269	0.201	0.544	0.520	0.359	0.331	0.114	0.113	0.115	0.113	0.600	0.618	0.283	0.197
36:40:02	0.518	0.517	0.358	0.331	0.120	0.114	0.113	0.113	0.619	0.640	0.282	0.198	0.493	0.497	0.342	0.313	0.115	0.116	0.113	0.114	0.581	0.622	0.252	0.203	0.484	0.498	0.353	0.318	0.120	0.119	0.119	0.115	0.511	0.565	0.253	0.203	0.494	0.496	0.352	0.320	0.120	0.116	0.115	0.116	0.578	0.606	0.248	0.203	0.497	0.496	0.350	0.319	0.117	0.115	0.115	0.115	0.575	0.621	0.289	0.195	0.511	0.493	0.354	0.313	0.122	0.119	0.116	0.114	0.503	0.562	0.263	0.200	0.489	0.505	0.358	0.335	0.114	0.117	0.117	0.113	0.576	0.605	0.276	0.201	0.543	0.521	0.359	0.331	0.115	0.113	0.115	0.112	0.608	0.615	0.279	0.200
37:00:02	0.516	0.517	0.358	0.332	0.120	0.114	0.113	0.113	0.624	0.639	0.284	0.199	0.492	0.496	0.343	0.313	0.115	0.116	0.114	0.114	0.587	0.623	0.254	0.202	0.485	0.497	0.353	0.318	0.120	0.119	0.119	0.115	0.510	0.565	0.257	0.201	0.494	0.494	0.351	0.319	0.120	0.116	0.115	0.117	0.576	0.607	0.249	0.204	0.497	0.495	0.349	0.319	0.117	0.115	0.115	0.115	0.575	0.618	0.299	0.195	0.512	0.492	0.354	0.314	0.122	0.119	0.116	0.114	0.503	0.562	0.275	0.202	0.490	0.505	0.357	0.335	0.114	0.117	0.117	0.113	0.575	0.608	0.276	0.197	0.544	0.523	0.358	0.331	0.114	0.112	0.114	0.112	0.611	0.610	0.326	0.200
37:20:02	0.515	0.517	0.358	0.333	0.120	0.114	0.113	0.113	0.629	0.638	0.281	0.199	0.491	0.496	0.343	0.314	0.116	0.116	0.114	0.114	0.595	0.622	0.254	0.202	0.485	0.495	0.353	0.319	0.120	0.119	0.119	0.115	0.510	0.564	0.257	0.200	0.495	0.492	0.350	0.320	0.119	0.116	0.115	0.117	0.573	0.597	0.249	0.203	0.499	0.494	0.349	0.319	0.117	0.115	0.115	0.115	0.577	0.611	0.294	0.197	0.512	0.490	0.353	0.315	0.122	0.119	0.116	0.114	0.503	0.561	0.265	0.202	0.490	0.505	0.357	0.336	0.114	0.118	0.117	0.113	0.576	0.612	0.275	0.199	0.544	0.523	0.358	0.332	0.114	0.113	0.115	0.112	0.615	0.626	0.280	0.198
37:40:02	0.514	0.517	0.358	0.333	0.120	0.114	0.113	0.113	0.631	0.631	0.284	0.198	0.490	0.493	0.343	0.315	0.115	0.116	0.114	0.114	0.598	0.622	0.254	0.202	0.485	0.493	0.352	0.319	0.120	0.119	0.119	0.115	0.510	0.564	0.254	0.202	0.495	0.490	0.350	0.320	0.120	0.116	0.114	0.116	0.578	0.596	0.249	0.205	0.498	0.493	0.349	0.320	0.117	0.115	0.115	0.115	0.583	0.610	0.288	0.197	0.513	0.490	0.353	0.316	0.122	0.119	0.116	0.114	0.503	0.560	0.277	0.203	0.490	0.505	0.357	0.336	0.114	0.117	0.117	0.113	0.577	0.610	0.274	0.201	0.544	0.524	0.357	0.332	0.114	0.112	0.114	0.112	0.621	0.621	0.327	0.199
38:00:02	0.512	0.515	0.358	0.334	0.119	0.114	0.113	0.113	0.634	0.632	0.282	0.201	0.490	0.493	0.343	0.316	0.115	0.116	0.114	0.114	0.602	0.614	0.282	0.200	0.485	0.492	0.352	0.320	0.120	0.119	0.119	0.115	0.509	0.563	0.257	0.201	0.495	0.489	0.350	0.320	0.119	0.116	0.114	0.116	0.579	0.600	0.250	0.205	0.498	0.492	0.348	0.320	0.117	0.115	0.115	0.115	0.591	0.610	0.287	0.197	0.512	0.490	0.353	0.316	0.122	0.118	0.116	0.114	0.502	0.560	0.273	0.203	0.490	0.506	0.356	0.336	0.114	0.117	0.117	0.113	0.586	0.605	0.277	0.202	0.544	0.527	0.357	0.332	0.114	0.113	0.114	0.112	0.629	0.618	0.283	0.199
38:20:02	0.512	0.518	0.361	0.337	0.120	0.114	0.113	0.113	0.635	0.626	0.281	0.200	0.492	0.493	0.346	0.320	0.115	0.116	0.114	0.113	0.605	0.613	0.266	0.200	0.487	0.494	0.355	0.321	0.120	0.119	0.119	0.115	0.510	0.564	0.257	0.200	0.497	0.490	0.352	0.322	0.119	0.116	0.114	0.117	0.585	0.601	0.250	0.205	0.500	0.493	0.350	0.321	0.117	0.115	0.115	0.115	0.590	0.609	0.290	0.196	0.513	0.490	0.354	0.317	0.123	0.119	0.116	0.114	0.503	0.560	0.271	0.202	0.491	0.508	0.357	0.337	0.114	0.117	0.117	0.113	0.590	0.609	0.263	0.204	0.545	0.529	0.358	0.333	0.114	0.113	0.115	0.112	0.635	0.614	0.276	0.198
38:40:02	0.510	0.516	0.358	0.335	0.119	0.114	0.113	0.113	0.636	0.621	0.275	0.200	0.490	0.490	0.344	0.318	0.115	0.116	0.114	0.113	0.609	0.607	0.255	0.203	0.486	0.489	0.352	0.320	0.120	0.119	0.119	0.115	0.508	0.562	0.259	0.200	0.496	0.487	0.350	0.321	0.120	0.116	0.114	0.116	0.594	0.596	0.250	0.205	0.499	0.490	0.348	0.320	0.117	0.115	0.115	0.115	0.592	0.608	0.288	0.198	0.513	0.489	0.352	0.317	0.122	0.119	0.116	0.114	0.501	0.559	0.272	0.202	0.490	0.507	0.355	0.336	0.114	0.117	0.117	0.113	0.593	0.610	0.267	0.202	0.545	0.529	0.355	0.333	0.114	0.113	0.114	0.112	0.640	0.617	0.281	0.200
39:00:02	0.510	0.516	0.358	0.335	0.119	0.114	0.113	0.113	0.637	0.619	0.292	0.206	0.490	0.488	0.344	0.319	0.115	0.116	0.114	0.114	0.614	0.606	0.258	0.202	0.486	0.487	0.352	0.321	0.120	0.119	0.119	0.115	0.507	0.561	0.260	0.202	0.497	0.487	0.349	0.322	0.119	0.116	0.115	0.116	0.597	0.589	0.251	0.203	0.500	0.488	0.347	0.320	0.117	0.115	0.115	0.115	0.597	0.595	0.301	0.198	0.513	0.487	0.352	0.318	0.122	0.119	0.116	0.114	0.500	0.558	0.266	0.202	0.489	0.506	0.355	0.336	0.114	0.117	0.117	0.113	0.596	0.600	0.278	0.205	0.546	0.529	0.355	0.334	0.114	0.113	0.115	0.112	0.646	0.619	0.325	0.199
39:20:02	0.511	0.516	0.358	0.335	0.119	0.114	0.113	0.113	0.638	0.619	0.275	0.203	0.492	0.488	0.345	0.320	0.115	0.116	0.114	0.114	0.621	0.608	0.257	0.200	0.487	0.486	0.352	0.321	0.120	0.119	0.119	0.115	0.507	0.561	0.259	0.199	0.497	0.486	0.349	0.322	0.119	0.116	0.115	0.117	0.599	0.596	0.252	0.203	0.502	0.488	0.347	0.320	0.117	0.115	0.115	0.115	0.600	0.598	0.290	0.198	0.513	0.487	0.352	0.318	0.122	0.119	0.116	0.114	0.500	0.558	0.267	0.204	0.490	0.507	0.354	0.336	0.114	0.117	0.117	0.113	0.599	0.597	0.267	0.205	0.546	0.530	0.355	0.334	0.114	0.113	0.115	0.112	0.652	0.613	0.327	0.200
39:40:02	0.512	0.517	0.358	0.336	0.119	0.114	0.113	0.113	0.641	0.629	0.291	0.203	0.493	0.488	0.345	0.320	0.115	0.116	0.114	0.113	0.626	0.615	0.257	0.202	0.488	0.485	0.352	0.321	0.120	0.119	0.119	0.115	0.506	0.560	0.259	0.200	0.497	0.486	0.349	0.322	0.120	0.116	0.115	0.117	0.602	0.593	0.252	0.203	0.503	0.488	0.347	0.320	0.117	0.115	0.115	0.115	0.602	0.607	0.297	0.198	0.513	0.487	0.351	0.318	0.122	0.119	0.116	0.114	0.500	0.557	0.269	0.202	0.491	0.507	0.354	0.337	0.114	0.117	0.117	0.113	0.602	0.606	0.280	0.202	0.548	0.532	0.354	0.335	0.114	0.113	0.115	0.112	0.657	0.613	0.281	0.199
40:00:02	0.512	0.518	0.357	0.335	0.119	0.114	0.113	0.113	0.641	0.631	0.276	0.197	0.494	0.486	0.345	0.322	0.115	0.116	0.114	0.114	0.629	0.618	0.262	0.203	0.488	0.484	0.351	0.322	0.120	0.119	0.119	0.115	0.506	0.560	0.259	0.198	0.498	0.485	0.349	0.323	0.120	0.116	0.114	0.117	0.605	0.599	0.252	0.203	0.503	0.487	0.346	0.320	0.117	0.115	0.115	0.115	0.606	0.611	0.304	0.198	0.513	0.487	0.351	0.319	0.122	0.119	0.116	0.114	0.499	0.557	0.273	0.203	0.492	0.509	0.354	0.336	0.114	0.117	0.117	0.113	0.605	0.598	0.281	0.203	0.548	0.533	0.353	0.335	0.114	0.113	0.114	0.112	0.661	0.614	0.307	0.200
40:20:02	0.512	0.519	0.357	0.335	0.119	0.113	0.113	0.113	0.641	0.632	0.276	0.197	0.494	0.487	0.345	0.321	0.115	0.116	0.114	0.114	0.630	0.615	0.256	0.202	0.488	0.483	0.351	0.321	0.120	0.119	0.119	0.115	0.505	0.560	0.261	0.198	0.498	0.484	0.349	0.322	0.119	0.116	0.114	0.116	0.610	0.595	0.252	0.203	0.504	0.485	0.345	0.321	0.117	0.115	0.115	0.115	0.612	0.607	0.294	0.198	0.513	0.487	0.350	0.318	0.122	0.119	0.116	0.114	0.499	0.556	0.275	0.203	0.492	0.509	0.353	0.337	0.114	0.117	0.116	0.113	0.610	0.591	0.270	0.203	0.548	0.534	0.353	0.334	0.114	0.113	0.114	0.112	0.664	0.604	0.280	0.202
40:40:02	0.513	0.521	0.356	0.335	0.119	0.113	0.113	0.113	0.643	0.627	0.278	0.197	0.496	0.487	0.345	0.322	0.115	0.116	0.114	0.114	0.632	0.629	0.258	0.202	0.489	0.483	0.351	0.322	0.120	0.119	0.119	0.115	0.505	0.559	0.260	0.206	0.499	0.483	0.348	0.322	0.120	0.116	0.114	0.117	0.613	0.589	0.253	0.204	0.504	0.485	0.345	0.321	0.117	0.115	0.115	0.115	0.617	0.603	0.292	0.199	0.512	0.487	0.350	0.319	0.122	0.119	0.116	0.114	0.498	0.556	0.277	0.205	0.492	0.510	0.352	0.337	0.114	0.117	0.116	0.113	0.614	0.610	0.270	0.202	0.549	0.536	0.352	0.334	0.114	0.113	0.114	0.112	0.667	0.611	0.279	0.199
41:00:02	0.514	0.521	0.356	0.335	0.119	0.113	0.113	0.113	0.644	0.623	0.279	0.196	0.497	0.485	0.344	0.323	0.115	0.117	0.114	0.114	0.631	0.607	0.259	0.202	0.489	0.482	0.351	0.322	0.120	0.119	0.119	0.115	0.505	0.559	0.260	0.201	0.499	0.482	0.348	0.323	0.120	0.116	0.115	0.117	0.616	0.587	0.254	0.203	0.504	0.485	0.345	0.321	0.117	0.115	0.115	0.115	0.619	0.600	0.290	0.200	0.511	0.485	0.349	0.318	0.122	0.119	0.116	0.114	0.498	0.555	0.269	0.202	0.493	0.510	0.352	0.337	0.114	0.117	0.116	0.113	0.617	0.608	0.265	0.201	0.549	0.537	0.352	0.333	0.114	0.113	0.115	0.112	0.670	0.607	0.321	0.203
41:20:02	0.515	0.522	0.356	0.335	0.119	0.114	0.113	0.113	0.644	0.637	0.291	0.195	0.499	0.484	0.344	0.324	0.116	0.117	0.114	0.114	0.631	0.619	0.259	0.199	0.490	0.481	0.350	0.322	0.120	0.119	0.119	0.115	0.504	0.559	0.261	0.200	0.499	0.481	0.348	0.323	0.120	0.117	0.115	0.117	0.618	0.590	0.254	0.203	0.504	0.485	0.345	0.322	0.117	0.115	0.115	0.115	0.622	0.602	0.303	0.200	0.512	0.485	0.349	0.319	0.122	0.119	0.116	0.114	0.498	0.555	0.267	0.203	0.494	0.511	0.352	0.337	0.114	0.118	0.117	0.113	0.621	0.604	0.281	0.199	0.550	0.537	0.351	0.333	0.114	0.113	0.115	0.113	0.673	0.608	0.324	0.204
41:40:02	0.516	0.524	0.356	0.335	0.119	0.114	0.113	0.113	0.646	0.646	0.293	0.196	0.500	0.484	0.344	0.324	0.116	0.117	0.114	0.114	0.630	0.620	0.259	0.200	0.489	0.480	0.350	0.322	0.120	0.119	0.119	0.115	0.504	0.559	0.261	0.202	0.499	0.480	0.347	0.322	0.120	0.117	0.115	0.117	0.621	0.587	0.255	0.204	0.505	0.486	0.344	0.322	0.117	0.115	0.115	0.115	0.625	0.601	0.304	0.201	0.513	0.485	0.348	0.319	0.122	0.119	0.116	0.114	0.497	0.555	0.272	0.205	0.494	0.513	0.351	0.336	0.114	0.118	0.116	0.113	0.625	0.599	0.268	0.199	0.551	0.538	0.351	0.332	0.114	0.113	0.115	0.113	0.675	0.607	0.280	0.199
42:00:02	0.517	0.526	0.355	0.334	0.118	0.113	0.113	0.113	0.648	0.658	0.293	0.197	0.502	0.483	0.345	0.325	0.116	0.117	0.114	0.114	0.630	0.626	0.263	0.203	0.490	0.479	0.350	0.323	0.120	0.119	0.119	0.115	0.503	0.558	0.263	0.203	0.500	0.480	0.347	0.323	0.120	0.117	0.115	0.117	0.624	0.596	0.256	0.204	0.505	0.485	0.344	0.323	0.117	0.115	0.115	0.115	0.628	0.596	0.299	0.201	0.513	0.485	0.348	0.320	0.123	0.119	0.116	0.114	0.497	0.555	0.268	0.204	0.494	0.513	0.351	0.336	0.114	0.117	0.116	0.113	0.630	0.596	0.284	0.201	0.551	0.540	0.351	0.332	0.114	0.113	0.115	0.113	0.678	0.603	0.282	0.202
42:20:02	0.518	0.526	0.355	0.334	0.118	0.113	0.113	0.113	0.650	0.663	0.281	0.198	0.503	0.483	0.344	0.326	0.115	0.117	0.114	0.114	0.630	0.633	0.259	0.203	0.491	0.478	0.350	0.323	0.120	0.119	0.119	0.115	0.503	0.558	0.263	0.199	0.500	0.480	0.346	0.323	0.120	0.116	0.114	0.116	0.626	0.602	0.255	0.203	0.505	0.485	0.344	0.323	0.117	0.115	0.115	0.115	0.631	0.598	0.288	0.201	0.513	0.485	0.348	0.320	0.122	0.119	0.116	0.114	0.497	0.554	0.271	0.201	0.494	0.514	0.350	0.335	0.114	0.117	0.116	0.113	0.634	0.598	0.284	0.202	0.552	0.541	0.350	0.332	0.114	0.113	0.114	0.112	0.680	0.608	0.281	0.202
42:40:02	0.519	0.527	0.355	0.334	0.118	0.113	0.113	0.113	0.653	0.662	0.284	0.202	0.503	0.485	0.344	0.326	0.115	0.117	0.114	0.114	0.630	0.635	0.262	0.203	0.491	0.477	0.350	0.323	0.120	0.119	0.119	0.115	0.502	0.558	0.261	0.205	0.501	0.479	0.347	0.324	0.120	0.116	0.115	0.117	0.628	0.593	0.256	0.204	0.505	0.485	0.343	0.323	0.117	0.115	0.115	0.115	0.634	0.597	0.305	0.201	0.513	0.485	0.347	0.320	0.122	0.119	0.116	0.114	0.496	0.554	0.271	0.203	0.495	0.514	0.350	0.335	0.114	0.117	0.116	0.113	0.638	0.595	0.284	0.202	0.553	0.542	0.349	0.331	0.114	0.113	0.114	0.112	0.683	0.611	0.309	0.202
43:00:02	0.519	0.529	0.354	0.333	0.118	0.113	0.113	0.113	0.654	0.659	0.281	0.198	0.504	0.483	0.344	0.326	0.115	0.117	0.114	0.114	0.629	0.634	0.262	0.204	0.491	0.477	0.349	0.323	0.120	0.119	0.119	0.115	0.502	0.558	0.261	0.198	0.502	0.478	0.346	0.324	0.120	0.116	0.114	0.116	0.630	0.586	0.256	0.203	0.505	0.485	0.343	0.322	0.117	0.115	0.115	0.115	0.637	0.595	0.305	0.201	0.513	0.486	0.348	0.320	0.122	0.119	0.116	0.114	0.496	0.553	0.277	0.201	0.495	0.515	0.350	0.334	0.114	0.117	0.116	0.113	0.643	0.595	0.263	0.203	0.554	0.542	0.349	0.331	0.114	0.113	0.114	0.112	0.686	0.618	0.309	0.202
43:20:02	0.521	0.530	0.354	0.333	0.118	0.113	0.113	0.113	0.656	0.661	0.285	0.198	0.505	0.483	0.344	0.326	0.115	0.116	0.114	0.113	0.629	0.627	0.264	0.202	0.492	0.476	0.348	0.323	0.119	0.119	0.119	0.115	0.501	0.558	0.265	0.202	0.502	0.478	0.346	0.325	0.120	0.116	0.114	0.117	0.631	0.582	0.256	0.204	0.505	0.485	0.343	0.322	0.117	0.115	0.115	0.115	0.640	0.595	0.303	0.202	0.513	0.487	0.348	0.319	0.123	0.119	0.116	0.114	0.495	0.553	0.283	0.202	0.496	0.516	0.349	0.334	0.114	0.117	0.116	0.113	0.647	0.593	0.285	0.201	0.555	0.543	0.348	0.331	0.114	0.113	0.114	0.112	0.689	0.614	0.281	0.199
43:40:02	0.522	0.531	0.354	0.333	0.118	0.113	0.113	0.113	0.657	0.664	0.279	0.198	0.505	0.484	0.344	0.326	0.115	0.116	0.114	0.114	0.628	0.632	0.261	0.201	0.493	0.476	0.349	0.322	0.119	0.119	0.119	0.115	0.501	0.558	0.265	0.202	0.503	0.478	0.345	0.324	0.120	0.116	0.114	0.117	0.632	0.586	0.258	0.204	0.505	0.484	0.342	0.322	0.117	0.115	0.115	0.115	0.642	0.597	0.304	0.203	0.514	0.487	0.347	0.319	0.123	0.119	0.116	0.114	0.495	0.553	0.272	0.201	0.496	0.518	0.349	0.334	0.114	0.117	0.116	0.113	0.650	0.594	0.274	0.202	0.556	0.545	0.349	0.330	0.114	0.113	0.114	0.112	0.692	0.614	0.329	0.201
44:00:02	0.523	0.531	0.353	0.333	0.118	0.113	0.113	0.113	0.658	0.667	0.284	0.199	0.506	0.483	0.344	0.326	0.115	0.117	0.114	0.113	0.628	0.633	0.261	0.201	0.492	0.476	0.348	0.322	0.120	0.119	0.119	0.115	0.501	0.558	0.265	0.199	0.503	0.477	0.345	0.325	0.120	0.116	0.114	0.116	0.634	0.593	0.258	0.203	0.505	0.484	0.342	0.321	0.117	0.115	0.115	0.115	0.644	0.601	0.293	0.203	0.515	0.487	0.346	0.319	0.123	0.119	0.116	0.114	0.494	0.552	0.271	0.203	0.497	0.519	0.349	0.334	0.114	0.117	0.116	0.113	0.654	0.598	0.283	0.202	0.557	0.546	0.348	0.330	0.114	0.113	0.114	0.112	0.696	0.616	0.322	0.199
44:20:02	0.524	0.532	0.353	0.332	0.119	0.113	0.113	0.113	0.658	0.670	0.284	0.199	0.507	0.484	0.343	0.325	0.115	0.117	0.114	0.113	0.628	0.636	0.264	0.203	0.493	0.477	0.348	0.322	0.120	0.119	0.119	0.115	0.500	0.558	0.265	0.198	0.504	0.477	0.345	0.324	0.120	0.116	0.114	0.117	0.635	0.601	0.258	0.203	0.505	0.485	0.342	0.321	0.117	0.115	0.115	0.115	0.647	0.609	0.307	0.204	0.516	0.488	0.345	0.318	0.122	0.119	0.116	0.114	0.494	0.552	0.278	0.202	0.498	0.521	0.348	0.333	0.114	0.117	0.116	0.113	0.656	0.601	0.268	0.202	0.559	0.548	0.348	0.330	0.114	0.113	0.114	0.112	0.699	0.622	0.300	0.200
44:40:02	0.524	0.534	0.352	0.332	0.119	0.113	0.113	0.113	0.659	0.675	0.287	0.199	0.507	0.484	0.343	0.325	0.115	0.117	0.114	0.114	0.628	0.636	0.262	0.202	0.494	0.477	0.348	0.321	0.120	0.119	0.119	0.115	0.499	0.558	0.265	0.202	0.504	0.476	0.344	0.324	0.120	0.116	0.114	0.116	0.636	0.604	0.257	0.204	0.505	0.485	0.341	0.321	0.117	0.115	0.115	0.115	0.648	0.611	0.293	0.201	0.516	0.489	0.346	0.317	0.123	0.119	0.116	0.114	0.494	0.553	0.272	0.202	0.498	0.522	0.348	0.333	0.114	0.117	0.116	0.113	0.659	0.608	0.270	0.201	0.561	0.549	0.348	0.329	0.114	0.113	0.114	0.112	0.702	0.628	0.300	0.203
45:00:02	0.524	0.534	0.352	0.332	0.119	0.113	0.113	0.113	0.659	0.678	0.288	0.199	0.508	0.482	0.343	0.325	0.115	0.117	0.114	0.114	0.629	0.640	0.263	0.200	0.494	0.478	0.347	0.321	0.120	0.119	0.119	0.115	0.499	0.558	0.266	0.201	0.505	0.475	0.344	0.323	0.120	0.116	0.114	0.116	0.638	0.613	0.258	0.205	0.505	0.485	0.341	0.321	0.117	0.115	0.115	0.115	0.650	0.614	0.306	0.200	0.516	0.489	0.346	0.317	0.123	0.119	0.116	0.113	0.494	0.552	0.270	0.202	0.498	0.522	0.348	0.333	0.114	0.117	0.116	0.113	0.661	0.613	0.264	0.198	0.562	0.551	0.347	0.329	0.114	0.113	0.114	0.112	0.704	0.631	0.289	0.205
45:20:02	0.525	0.534	0.352	0.332	0.119	0.113	0.113	0.113	0.659	0.679	0.285	0.198	0.509	0.484	0.343	0.325	0.115	0.117	0.114	0.114	0.628	0.639	0.264	0.202	0.495	0.477	0.347	0.321	0.120	0.119	0.119	0.115	0.499	0.558	0.266	0.201	0.505	0.475	0.344	0.323	0.120	0.116	0.115	0.116	0.639	0.614	0.258	0.205	0.505	0.485	0.341	0.320	0.117	0.115	0.115	0.115	0.651	0.620	0.306	0.200	0.517	0.490	0.345	0.317	0.123	0.119	0.116	0.114	0.493	0.552	0.274	0.202	0.499	0.522	0.347	0.332	0.114	0.117	0.116	0.113	0.662	0.618	0.274	0.202	0.563	0.552	0.347	0.329	0.114	0.113	0.114	0.112	0.706	0.634	0.282	0.204
45:40:02	0.525	0.534	0.351	0.331	0.119	0.113	0.113	0.113	0.659	0.682	0.296	0.198	0.509	0.485	0.342	0.324	0.115	0.117	0.114	0.114	0.629	0.645	0.264	0.202	0.496	0.478	0.347	0.321	0.120	0.119	0.119	0.115	0.498	0.558	0.268	0.210	0.505	0.475	0.344	0.323	0.120	0.116	0.115	0.116	0.641	0.622	0.259	0.203	0.505	0.485	0.340	0.320	0.117	0.115	0.115	0.115	0.653	0.622	0.306	0.199	0.517	0.491	0.345	0.317	0.123	0.119	0.116	0.114	0.493	0.550	0.272	0.203	0.499	0.523	0.347	0.332	0.114	0.117	0.116	0.113	0.664	0.621	0.276	0.201	0.564	0.552	0.346	0.329	0.114	0.113	0.114	0.112	0.707	0.639	0.325	0.202
46:00:02	0.527	0.537	0.352	0.332	0.120	0.113	0.113	0.113	0.661	0.684	0.291	0.198	0.511	0.488	0.344	0.326	0.115	0.117	0.114	0.114	0.631	0.648	0.264	0.202	0.498	0.481	0.350	0.322	0.120	0.119	0.119	0.115	0.499	0.560	0.269	0.213	0.506	0.477	0.345	0.324	0.120	0.116	0.115	0.117	0.643	0.627	0.258	0.204	0.506	0.487	0.343	0.321	0.117	0.115	0.115	0.115	0.655	0.624	0.300	0.199	0.518	0.492	0.347	0.318	0.124	0.119	0.116	0.114	0.494	0.552	0.274	0.203	0.500	0.523	0.349	0.333	0.114	0.117	0.116	0.113	0.665	0.622	0.280	0.204	0.567	0.554	0.347	0.329	0.114	0.113	0.114	0.112	0.707	0.646	0.284	0.202
46:20:02	0.526	0.536	0.350	0.331	0.120	0.113	0.113	0.113	0.660	0.686	0.296	0.199	0.510	0.486	0.342	0.324	0.115	0.117	0.114	0.113	0.629	0.651	0.267	0.204	0.497	0.478	0.347	0.320	0.120	0.119	0.119	0.115	0.497	0.559	0.268	0.201	0.506	0.474	0.343	0.323	0.120	0.116	0.114	0.116	0.642	0.632	0.261	0.205	0.505	0.485	0.340	0.320	0.117	0.115	0.115	0.115	0.655	0.630	0.306	0.199	0.518	0.493	0.344	0.317	0.123	0.118	0.116	0.113	0.492	0.550	0.272	0.203	0.500	0.524	0.347	0.331	0.114	0.117	0.116	0.113	0.665	0.627	0.272	0.202	0.567	0.554	0.345	0.328	0.114	0.112	0.114	0.112	0.707	0.648	0.294	0.202
46:40:02	0.528	0.538	0.351	0.331	0.120	0.113	0.113	0.113	0.661	0.689	0.284	0.198	0.512	0.489	0.343	0.325	0.115	0.116	0.113	0.113	0.632	0.656	0.268	0.202	0.499	0.481	0.349	0.321	0.120	0.119	0.119	0.115	0.499	0.561	0.267	0.198	0.507	0.477	0.344	0.324	0.120	0.116	0.114	0.116	0.645	0.636	0.262	0.206	0.506	0.486	0.342	0.321	0.117	0.115	0.115	0.115	0.655	0.630	0.305	0.200	0.519	0.494	0.347	0.318	0.124	0.119	0.116	0.114	0.493	0.552	0.280	0.203	0.502	0.523	0.348	0.332	0.114	0.117	0.116	0.113	0.665	0.628	0.274	0.200	0.569	0.558	0.347	0.328	0.114	0.113	0.114	0.112	0.706	0.654	0.287	0.202
47:00:02	0.527	0.536	0.350	0.330	0.120	0.113	0.113	0.113	0.660	0.691	0.291	0.198	0.511	0.487	0.341	0.324	0.115	0.117	0.114	0.114	0.630	0.654	0.267	0.202	0.499	0.478	0.346	0.320	0.120	0.119	0.119	0.115	0.497	0.559	0.267	0.202	0.508	0.474	0.343	0.322	0.120	0.116	0.114	0.116	0.644	0.632	0.262	0.205	0.505	0.484	0.340	0.319	0.117	0.115	0.115	0.115	0.656	0.629	0.308	0.200	0.519	0.495	0.345	0.316	0.123	0.119	0.116	0.114	0.492	0.550	0.286	0.205	0.501	0.523	0.346	0.330	0.114	0.117	0.116	0.113	0.664	0.633	0.270	0.201	0.570	0.558	0.345	0.327	0.114	0.113	0.114	0.112	0.705	0.657	0.306	0.199
47:20:02	0.528	0.536	0.349	0.330	0.120	0.113	0.113	0.113	0.659	0.692	0.298	0.197	0.511	0.485	0.341	0.322	0.115	0.117	0.114	0.114	0.631	0.659	0.268	0.206	0.500	0.478	0.346	0.320	0.120	0.119	0.119	0.115	0.497	0.559	0.268	0.204	0.508	0.474	0.343	0.321	0.120	0.116	0.115	0.117	0.645	0.623	0.262	0.206	0.505	0.485	0.339	0.319	0.117	0.115	0.115	0.115	0.655	0.629	0.305	0.201	0.519	0.495	0.343	0.315	0.123	0.119	0.116	0.114	0.491	0.549	0.276	0.204	0.502	0.524	0.345	0.330	0.114	0.117	0.116	0.113	0.661	0.631	0.286	0.200	0.571	0.558	0.344	0.326	0.114	0.113	0.114	0.112	0.704	0.660	0.305	0.201
47:40:02	0.528	0.537	0.349	0.329	0.121	0.113	0.113	0.113	0.659	0.695	0.293	0.200	0.511	0.487	0.341	0.322	0.115	0.117	0.114	0.114	0.632	0.661	0.266	0.205	0.500	0.478	0.346	0.320	0.120	0.119	0.119	0.115	0.496	0.559	0.268	0.204	0.509	0.475	0.343	0.321	0.120	0.116	0.115	0.117	0.645	0.629	0.265	0.205	0.505	0.484	0.339	0.319	0.117	0.115	0.115	0.115	0.655	0.629	0.310	0.201	0.520	0.496	0.343	0.315	0.123	0.119	0.116	0.114	0.491	0.550	0.279	0.205	0.502	0.525	0.345	0.330	0.114	0.117	0.116	0.113	0.659	0.634	0.284	0.203	0.573	0.561	0.344	0.326	0.114	0.113	0.114	0.112	0.703	0.664	0.307	0.201
48:00:02	0.529	0.538	0.348	0.329	0.121	0.113	0.113	0.113	0.658	0.696	0.296	0.201	0.512	0.490	0.341	0.323	0.115	0.117	0.114	0.114	0.633	0.664	0.266	0.203	0.501	0.479	0.346	0.319	0.120	0.119	0.119	0.115	0.496	0.559	0.270	0.203	0.510	0.476	0.342	0.321	0.120	0.116	0.115	0.117	0.647	0.638	0.263	0.206	0.506	0.485	0.339	0.319	0.117	0.115	0.115	0.115	0.655	0.626	0.306	0.202	0.521	0.497	0.343	0.315	0.123	0.119	0.116	0.114	0.491	0.550	0.287	0.204	0.503	0.525	0.345	0.329	0.114	0.117	0.116	0.113	0.657	0.635	0.282	0.203	0.574	0.563	0.344	0.326	0.114	0.113	0.114	0.112	0.701	0.667	0.322	0.202

