Field Group

Plate Comment:	
Procedure Summary
  Plate Type:              Corning 96 well for LogPhase600
  Plate Number:            4
  Discontinuous Kinetics:  Runtime 02:00:00 (D:HH:MM), Interval 00:20:00 (HH:MM:SS), 145 Reads (max)
  Read:                    600 nm
  Incubator:               On
    Temperature setpoint:  30 °C
    Temperature gradient:  Off
  Shaking:                 On
     Shaking frequency:    600 RPMs		
			
			

600

Time	A1	A2	A3	A4	A5	A6	A7	A8	A9	A10	A11	A12	B1	B2	B3	B4	B5	B6	B7	B8	B9	B10	B11	B12	C1	C2	C3	C4	C5	C6	C7	C8	C9	C10	C11	C12	D1	D2	D3	D4	D5	D6	D7	D8	D9	D10	D11	D12	E1	E2	E3	E4	E5	E6	E7	E8	E9	E10	E11	E12	F1	F2	F3	F4	F5	F6	F7	F8	F9	F10	F11	F12	G1	G2	G3	G4	G5	G6	G7	G8	G9	G10	G11	G12	H1	H2	H3	H4	H5	H6	H7	H8	H9	H10	H11	H12
0:00:00	0.117	0.117	0.116	0.116	0.117	0.117	0.116	0.116	0.116	0.116	0.117	0.116	0.117	0.117	0.117	0.116	0.117	0.116	0.116	0.115	0.117	0.116	0.116	0.116	0.116	0.117	0.119	0.125	0.117	0.118	0.116	0.116	0.115	0.118	0.119	0.119	0.117	0.115	0.119	0.122	0.123	0.126	0.122	0.122	0.087	0.093	0.120	0.118	0.120	0.118	0.117	0.117	0.117	0.117	0.118	0.116	0.116	0.116	0.117	0.122	0.118	0.116	0.117	0.116	0.118	0.118	0.119	0.117	0.116	0.116	0.121	0.121	0.124	0.116	0.119	0.121	0.119	0.118	0.117	0.119	0.084	0.117	0.119	0.118	0.117	0.116	0.117	0.117	0.115	0.118	0.120	0.126	0.116	0.119	0.120	0.115
0:20:00	0.116	0.117	0.116	0.116	0.117	0.117	0.115	0.115	0.116	0.116	0.117	0.115	0.117	0.116	0.117	0.116	0.117	0.116	0.115	0.115	0.116	0.115	0.116	0.116	0.115	0.116	0.118	0.124	0.117	0.118	0.116	0.116	0.115	0.118	0.119	0.119	0.117	0.115	0.119	0.121	0.123	0.126	0.122	0.122	0.087	0.094	0.119	0.118	0.120	0.118	0.117	0.117	0.116	0.117	0.118	0.116	0.116	0.116	0.117	0.122	0.117	0.115	0.117	0.116	0.117	0.117	0.118	0.117	0.116	0.116	0.121	0.121	0.125	0.116	0.119	0.121	0.118	0.118	0.117	0.120	0.083	0.116	0.119	0.118	0.117	0.116	0.116	0.116	0.115	0.118	0.120	0.126	0.116	0.118	0.120	0.115
0:40:00	0.116	0.117	0.117	0.116	0.117	0.117	0.115	0.115	0.116	0.117	0.118	0.116	0.117	0.115	0.117	0.116	0.116	0.116	0.115	0.115	0.116	0.115	0.116	0.116	0.115	0.116	0.117	0.124	0.116	0.118	0.117	0.116	0.115	0.118	0.119	0.119	0.117	0.115	0.119	0.122	0.123	0.125	0.122	0.121	0.087	0.094	0.119	0.118	0.120	0.118	0.117	0.117	0.116	0.117	0.118	0.115	0.116	0.116	0.117	0.122	0.117	0.115	0.117	0.116	0.117	0.116	0.117	0.117	0.116	0.116	0.121	0.121	0.125	0.117	0.120	0.122	0.118	0.118	0.117	0.120	0.083	0.116	0.119	0.118	0.117	0.116	0.117	0.118	0.115	0.118	0.120	0.126	0.116	0.118	0.120	0.115
1:00:00	0.116	0.117	0.117	0.117	0.117	0.117	0.115	0.115	0.116	0.117	0.118	0.116	0.117	0.115	0.117	0.116	0.116	0.115	0.115	0.114	0.116	0.115	0.116	0.116	0.115	0.116	0.118	0.124	0.116	0.118	0.117	0.116	0.115	0.118	0.119	0.119	0.118	0.115	0.120	0.122	0.123	0.125	0.122	0.121	0.087	0.093	0.119	0.118	0.120	0.118	0.117	0.116	0.116	0.117	0.118	0.115	0.116	0.116	0.117	0.122	0.118	0.115	0.117	0.117	0.117	0.116	0.117	0.117	0.116	0.116	0.121	0.120	0.125	0.117	0.121	0.123	0.118	0.118	0.118	0.120	0.083	0.116	0.119	0.118	0.117	0.116	0.119	0.118	0.115	0.118	0.120	0.126	0.116	0.118	0.119	0.115
1:20:00	0.116	0.117	0.118	0.117	0.117	0.117	0.115	0.115	0.116	0.117	0.118	0.116	0.117	0.115	0.118	0.117	0.116	0.115	0.115	0.114	0.116	0.115	0.116	0.117	0.115	0.116	0.119	0.125	0.116	0.117	0.116	0.116	0.115	0.118	0.119	0.119	0.117	0.115	0.121	0.123	0.123	0.125	0.122	0.121	0.087	0.093	0.119	0.118	0.120	0.118	0.118	0.117	0.115	0.117	0.118	0.115	0.116	0.116	0.117	0.122	0.118	0.115	0.118	0.118	0.116	0.116	0.117	0.117	0.116	0.116	0.121	0.120	0.124	0.117	0.122	0.123	0.118	0.118	0.118	0.120	0.083	0.116	0.119	0.118	0.117	0.116	0.119	0.119	0.115	0.118	0.119	0.126	0.116	0.118	0.119	0.115
1:40:00	0.117	0.117	0.119	0.118	0.117	0.117	0.115	0.115	0.116	0.117	0.118	0.117	0.117	0.115	0.119	0.118	0.116	0.116	0.115	0.114	0.116	0.115	0.116	0.116	0.116	0.116	0.120	0.126	0.116	0.118	0.117	0.116	0.115	0.118	0.119	0.119	0.118	0.115	0.122	0.124	0.123	0.125	0.122	0.121	0.087	0.093	0.119	0.118	0.120	0.118	0.119	0.117	0.116	0.117	0.118	0.115	0.116	0.116	0.117	0.122	0.119	0.115	0.119	0.120	0.116	0.116	0.117	0.117	0.116	0.116	0.121	0.121	0.125	0.117	0.122	0.124	0.118	0.118	0.118	0.120	0.083	0.116	0.119	0.118	0.117	0.116	0.119	0.119	0.115	0.118	0.119	0.126	0.116	0.118	0.119	0.115
2:00:00	0.117	0.117	0.120	0.119	0.117	0.117	0.115	0.115	0.116	0.117	0.118	0.117	0.118	0.115	0.120	0.119	0.116	0.116	0.115	0.114	0.116	0.115	0.116	0.116	0.116	0.116	0.120	0.127	0.116	0.118	0.117	0.116	0.115	0.118	0.119	0.119	0.118	0.115	0.123	0.125	0.123	0.125	0.122	0.121	0.087	0.093	0.118	0.118	0.120	0.118	0.120	0.118	0.116	0.117	0.118	0.115	0.116	0.116	0.117	0.122	0.119	0.115	0.120	0.122	0.116	0.116	0.117	0.117	0.116	0.116	0.121	0.121	0.125	0.117	0.123	0.124	0.118	0.118	0.118	0.120	0.083	0.116	0.119	0.118	0.117	0.116	0.120	0.120	0.115	0.118	0.119	0.126	0.116	0.118	0.119	0.115
2:20:00	0.118	0.118	0.121	0.120	0.117	0.117	0.115	0.115	0.116	0.117	0.118	0.117	0.118	0.116	0.121	0.120	0.116	0.116	0.115	0.114	0.116	0.115	0.116	0.116	0.117	0.116	0.121	0.128	0.116	0.118	0.117	0.116	0.115	0.118	0.119	0.119	0.119	0.115	0.123	0.126	0.123	0.125	0.122	0.121	0.087	0.093	0.118	0.118	0.120	0.119	0.120	0.119	0.117	0.118	0.119	0.116	0.116	0.116	0.117	0.122	0.119	0.115	0.121	0.125	0.117	0.117	0.118	0.118	0.117	0.116	0.120	0.121	0.125	0.118	0.124	0.125	0.118	0.118	0.118	0.120	0.083	0.116	0.119	0.118	0.118	0.116	0.121	0.121	0.115	0.118	0.119	0.126	0.116	0.118	0.119	0.115
2:40:00	0.118	0.118	0.121	0.121	0.117	0.117	0.115	0.115	0.116	0.117	0.118	0.117	0.119	0.116	0.121	0.121	0.116	0.116	0.115	0.114	0.116	0.115	0.116	0.116	0.117	0.116	0.122	0.129	0.116	0.118	0.117	0.116	0.115	0.118	0.119	0.119	0.119	0.116	0.124	0.127	0.123	0.125	0.123	0.121	0.087	0.093	0.118	0.118	0.121	0.119	0.121	0.121	0.117	0.119	0.120	0.116	0.117	0.116	0.117	0.122	0.119	0.116	0.122	0.130	0.117	0.117	0.119	0.118	0.117	0.116	0.120	0.121	0.126	0.118	0.124	0.126	0.118	0.118	0.118	0.120	0.083	0.116	0.119	0.118	0.119	0.117	0.121	0.122	0.115	0.118	0.119	0.126	0.116	0.118	0.119	0.115
3:00:00	0.119	0.118	0.122	0.122	0.117	0.117	0.115	0.115	0.116	0.117	0.118	0.117	0.120	0.116	0.122	0.123	0.116	0.116	0.115	0.114	0.116	0.115	0.116	0.116	0.118	0.116	0.122	0.130	0.116	0.118	0.117	0.116	0.115	0.118	0.119	0.119	0.120	0.116	0.126	0.128	0.123	0.125	0.123	0.121	0.087	0.093	0.118	0.118	0.121	0.119	0.122	0.123	0.118	0.119	0.121	0.117	0.118	0.116	0.117	0.122	0.120	0.116	0.123	0.134	0.118	0.118	0.120	0.119	0.117	0.116	0.120	0.120	0.126	0.118	0.125	0.127	0.118	0.118	0.118	0.120	0.083	0.116	0.119	0.118	0.119	0.117	0.122	0.122	0.115	0.118	0.119	0.126	0.116	0.118	0.119	0.115
3:20:00	0.120	0.119	0.123	0.123	0.117	0.117	0.115	0.115	0.116	0.117	0.118	0.117	0.121	0.117	0.123	0.124	0.116	0.115	0.115	0.114	0.116	0.115	0.116	0.116	0.119	0.116	0.123	0.137	0.116	0.118	0.117	0.116	0.115	0.118	0.119	0.119	0.121	0.116	0.126	0.129	0.123	0.125	0.123	0.121	0.086	0.092	0.118	0.118	0.122	0.119	0.123	0.125	0.120	0.120	0.122	0.118	0.119	0.116	0.117	0.122	0.121	0.116	0.123	0.140	0.118	0.119	0.121	0.120	0.117	0.116	0.120	0.121	0.128	0.118	0.125	0.127	0.117	0.118	0.118	0.120	0.083	0.116	0.119	0.118	0.119	0.117	0.122	0.123	0.115	0.118	0.119	0.124	0.116	0.117	0.119	0.115
3:40:00	0.121	0.119	0.124	0.125	0.117	0.117	0.115	0.115	0.116	0.117	0.118	0.117	0.122	0.117	0.124	0.126	0.116	0.116	0.115	0.114	0.116	0.115	0.116	0.116	0.120	0.117	0.124	0.138	0.116	0.119	0.117	0.116	0.115	0.118	0.119	0.118	0.122	0.117	0.127	0.131	0.123	0.125	0.123	0.121	0.086	0.092	0.118	0.118	0.123	0.120	0.124	0.127	0.120	0.121	0.122	0.119	0.119	0.117	0.117	0.122	0.122	0.117	0.125	0.145	0.119	0.120	0.122	0.120	0.118	0.116	0.120	0.121	0.129	0.119	0.126	0.128	0.117	0.118	0.118	0.120	0.083	0.116	0.119	0.118	0.120	0.117	0.123	0.125	0.115	0.118	0.120	0.124	0.116	0.118	0.119	0.115
4:00:00	0.122	0.120	0.125	0.126	0.117	0.117	0.115	0.115	0.116	0.117	0.118	0.117	0.123	0.118	0.124	0.127	0.116	0.116	0.115	0.114	0.116	0.115	0.116	0.116	0.122	0.117	0.126	0.135	0.117	0.118	0.117	0.116	0.116	0.118	0.119	0.118	0.123	0.118	0.128	0.132	0.124	0.126	0.123	0.121	0.087	0.093	0.118	0.118	0.125	0.120	0.125	0.129	0.121	0.122	0.124	0.120	0.120	0.117	0.117	0.122	0.123	0.117	0.126	0.148	0.120	0.121	0.123	0.121	0.118	0.116	0.120	0.120	0.130	0.119	0.127	0.128	0.118	0.118	0.118	0.120	0.083	0.116	0.119	0.118	0.122	0.118	0.124	0.126	0.115	0.118	0.119	0.125	0.116	0.117	0.119	0.115
4:20:00	0.123	0.121	0.127	0.127	0.117	0.117	0.115	0.115	0.116	0.117	0.118	0.117	0.125	0.119	0.126	0.129	0.116	0.116	0.115	0.114	0.116	0.115	0.116	0.116	0.123	0.118	0.127	0.141	0.117	0.119	0.117	0.116	0.116	0.118	0.119	0.118	0.124	0.118	0.130	0.134	0.123	0.126	0.124	0.121	0.087	0.092	0.118	0.118	0.126	0.120	0.127	0.131	0.122	0.122	0.125	0.121	0.121	0.117	0.118	0.122	0.125	0.118	0.128	0.154	0.120	0.122	0.124	0.122	0.119	0.116	0.119	0.121	0.130	0.120	0.128	0.129	0.118	0.118	0.117	0.120	0.083	0.116	0.119	0.118	0.123	0.118	0.124	0.127	0.115	0.117	0.120	0.124	0.116	0.118	0.119	0.115
4:40:00	0.127	0.124	0.128	0.128	0.117	0.117	0.115	0.115	0.116	0.116	0.118	0.117	0.127	0.120	0.127	0.130	0.116	0.116	0.115	0.114	0.116	0.115	0.116	0.116	0.126	0.119	0.129	0.137	0.117	0.118	0.117	0.116	0.116	0.118	0.119	0.118	0.125	0.119	0.132	0.135	0.124	0.126	0.124	0.122	0.087	0.093	0.118	0.117	0.128	0.121	0.128	0.133	0.123	0.123	0.125	0.121	0.122	0.117	0.117	0.122	0.128	0.119	0.130	0.155	0.120	0.122	0.124	0.122	0.119	0.117	0.120	0.120	0.133	0.120	0.129	0.130	0.118	0.118	0.118	0.120	0.083	0.116	0.119	0.118	0.126	0.119	0.126	0.128	0.114	0.118	0.119	0.126	0.116	0.117	0.119	0.115
5:00:00	0.130	0.124	0.130	0.129	0.117	0.117	0.115	0.115	0.116	0.116	0.118	0.117	0.131	0.121	0.128	0.131	0.116	0.116	0.115	0.114	0.116	0.115	0.116	0.116	0.128	0.119	0.130	0.139	0.117	0.118	0.117	0.116	0.116	0.118	0.119	0.118	0.127	0.119	0.133	0.137	0.124	0.126	0.124	0.121	0.087	0.093	0.118	0.117	0.129	0.121	0.130	0.135	0.123	0.123	0.125	0.122	0.122	0.117	0.117	0.122	0.130	0.120	0.132	0.158	0.121	0.122	0.124	0.122	0.119	0.117	0.119	0.120	0.134	0.121	0.131	0.130	0.118	0.118	0.118	0.120	0.083	0.116	0.119	0.118	0.127	0.118	0.127	0.129	0.115	0.117	0.119	0.126	0.116	0.117	0.119	0.115
5:20:00	0.132	0.126	0.131	0.130	0.117	0.117	0.115	0.115	0.116	0.117	0.118	0.117	0.134	0.122	0.130	0.132	0.116	0.116	0.115	0.114	0.116	0.115	0.116	0.116	0.131	0.121	0.132	0.145	0.117	0.119	0.117	0.116	0.116	0.118	0.119	0.118	0.129	0.121	0.136	0.138	0.124	0.126	0.124	0.121	0.087	0.092	0.117	0.118	0.132	0.122	0.132	0.137	0.124	0.123	0.126	0.123	0.123	0.118	0.117	0.122	0.133	0.121	0.135	0.162	0.121	0.123	0.126	0.123	0.120	0.116	0.119	0.120	0.137	0.121	0.132	0.131	0.117	0.118	0.118	0.120	0.083	0.116	0.119	0.118	0.132	0.119	0.128	0.129	0.115	0.117	0.120	0.124	0.116	0.117	0.119	0.115
5:40:00	0.137	0.128	0.134	0.130	0.117	0.117	0.115	0.115	0.116	0.117	0.118	0.117	0.136	0.124	0.132	0.133	0.116	0.116	0.115	0.114	0.116	0.115	0.116	0.116	0.136	0.122	0.135	0.146	0.117	0.119	0.117	0.116	0.116	0.118	0.119	0.118	0.135	0.123	0.138	0.139	0.124	0.126	0.125	0.122	0.087	0.091	0.118	0.118	0.134	0.123	0.134	0.139	0.125	0.124	0.128	0.124	0.124	0.118	0.117	0.122	0.134	0.123	0.138	0.164	0.122	0.124	0.127	0.124	0.120	0.117	0.119	0.120	0.142	0.122	0.134	0.132	0.117	0.118	0.118	0.120	0.083	0.116	0.119	0.118	0.133	0.119	0.130	0.130	0.114	0.117	0.119	0.124	0.116	0.117	0.119	0.115
6:00:01	0.139	0.129	0.136	0.131	0.117	0.117	0.115	0.115	0.116	0.117	0.117	0.117	0.140	0.126	0.135	0.134	0.116	0.116	0.115	0.114	0.116	0.115	0.116	0.116	0.136	0.124	0.137	0.147	0.117	0.119	0.117	0.116	0.116	0.118	0.119	0.118	0.136	0.125	0.141	0.141	0.123	0.126	0.125	0.122	0.087	0.092	0.117	0.118	0.137	0.124	0.136	0.140	0.125	0.124	0.127	0.124	0.124	0.118	0.118	0.122	0.136	0.124	0.141	0.164	0.121	0.124	0.127	0.125	0.120	0.117	0.119	0.120	0.144	0.123	0.137	0.132	0.117	0.118	0.118	0.120	0.083	0.116	0.119	0.117	0.138	0.119	0.132	0.131	0.115	0.117	0.120	0.124	0.116	0.117	0.119	0.115
6:20:01	0.141	0.134	0.139	0.132	0.117	0.116	0.115	0.115	0.116	0.117	0.117	0.117	0.141	0.127	0.137	0.134	0.116	0.116	0.115	0.114	0.116	0.115	0.116	0.116	0.136	0.126	0.141	0.143	0.117	0.119	0.117	0.116	0.116	0.118	0.119	0.118	0.139	0.126	0.144	0.142	0.124	0.127	0.124	0.122	0.088	0.094	0.117	0.117	0.140	0.127	0.139	0.140	0.124	0.124	0.127	0.124	0.124	0.118	0.117	0.122	0.139	0.126	0.145	0.162	0.121	0.124	0.126	0.124	0.120	0.117	0.119	0.120	0.143	0.125	0.140	0.132	0.118	0.118	0.118	0.120	0.083	0.116	0.119	0.117	0.140	0.121	0.134	0.132	0.114	0.118	0.119	0.125	0.116	0.117	0.119	0.115
6:40:01	0.142	0.135	0.143	0.132	0.117	0.117	0.115	0.115	0.116	0.117	0.117	0.117	0.143	0.129	0.140	0.134	0.116	0.116	0.115	0.114	0.116	0.115	0.116	0.116	0.136	0.128	0.144	0.148	0.117	0.120	0.117	0.116	0.116	0.118	0.119	0.118	0.141	0.128	0.149	0.143	0.124	0.127	0.125	0.121	0.087	0.092	0.117	0.118	0.141	0.129	0.142	0.142	0.125	0.124	0.127	0.124	0.124	0.118	0.118	0.122	0.141	0.128	0.149	0.165	0.121	0.124	0.126	0.125	0.120	0.117	0.119	0.120	0.144	0.127	0.143	0.132	0.118	0.118	0.118	0.120	0.083	0.116	0.119	0.118	0.141	0.122	0.137	0.132	0.115	0.117	0.120	0.124	0.115	0.117	0.119	0.115
7:00:01	0.142	0.134	0.147	0.132	0.117	0.117	0.115	0.115	0.116	0.117	0.118	0.117	0.146	0.132	0.143	0.135	0.116	0.116	0.115	0.114	0.116	0.115	0.116	0.116	0.137	0.130	0.148	0.148	0.117	0.119	0.117	0.116	0.116	0.118	0.118	0.118	0.142	0.132	0.153	0.142	0.123	0.126	0.124	0.121	0.086	0.092	0.117	0.117	0.142	0.131	0.145	0.140	0.122	0.122	0.124	0.121	0.120	0.117	0.117	0.122	0.145	0.130	0.153	0.165	0.119	0.121	0.123	0.122	0.119	0.116	0.119	0.120	0.144	0.129	0.147	0.133	0.117	0.118	0.118	0.120	0.083	0.116	0.119	0.118	0.144	0.124	0.140	0.133	0.115	0.117	0.119	0.124	0.116	0.117	0.119	0.115
7:20:01	0.148	0.134	0.152	0.133	0.117	0.116	0.115	0.115	0.116	0.117	0.117	0.117	0.157	0.132	0.147	0.135	0.116	0.116	0.115	0.114	0.116	0.115	0.116	0.116	0.142	0.134	0.153	0.149	0.117	0.119	0.117	0.116	0.116	0.118	0.119	0.118	0.144	0.133	0.159	0.143	0.123	0.126	0.124	0.121	0.087	0.092	0.117	0.118	0.145	0.136	0.150	0.141	0.121	0.122	0.124	0.121	0.120	0.117	0.117	0.122	0.149	0.133	0.159	0.166	0.119	0.121	0.122	0.122	0.119	0.117	0.119	0.120	0.146	0.134	0.151	0.134	0.117	0.118	0.118	0.120	0.083	0.116	0.119	0.117	0.151	0.128	0.143	0.133	0.115	0.117	0.120	0.124	0.116	0.117	0.119	0.115
7:40:01	0.158	0.136	0.156	0.133	0.117	0.116	0.114	0.115	0.116	0.117	0.117	0.117	0.159	0.131	0.152	0.135	0.116	0.116	0.114	0.114	0.116	0.115	0.116	0.116	0.156	0.133	0.159	0.149	0.117	0.119	0.117	0.116	0.116	0.118	0.119	0.118	0.153	0.132	0.163	0.143	0.123	0.126	0.124	0.121	0.087	0.092	0.117	0.117	0.155	0.135	0.155	0.141	0.121	0.122	0.124	0.121	0.120	0.117	0.117	0.122	0.157	0.132	0.164	0.168	0.119	0.120	0.122	0.122	0.119	0.117	0.119	0.120	0.152	0.136	0.156	0.134	0.117	0.118	0.118	0.120	0.083	0.116	0.119	0.118	0.157	0.133	0.147	0.133	0.115	0.117	0.119	0.124	0.116	0.117	0.119	0.115
8:00:01	0.157	0.146	0.160	0.133	0.117	0.116	0.114	0.115	0.116	0.117	0.117	0.117	0.161	0.133	0.157	0.136	0.116	0.115	0.115	0.114	0.116	0.115	0.116	0.116	0.161	0.132	0.163	0.150	0.117	0.119	0.117	0.116	0.116	0.118	0.118	0.118	0.160	0.133	0.167	0.143	0.124	0.126	0.124	0.121	0.087	0.092	0.117	0.117	0.153	0.134	0.160	0.142	0.121	0.122	0.124	0.121	0.120	0.117	0.117	0.122	0.157	0.132	0.167	0.169	0.119	0.120	0.122	0.122	0.119	0.117	0.119	0.120	0.158	0.135	0.160	0.135	0.117	0.118	0.118	0.120	0.083	0.116	0.119	0.118	0.155	0.133	0.152	0.134	0.115	0.117	0.119	0.124	0.116	0.117	0.119	0.115
8:20:01	0.159	0.171	0.162	0.134	0.117	0.117	0.114	0.115	0.116	0.117	0.117	0.117	0.166	0.137	0.160	0.136	0.116	0.116	0.115	0.114	0.116	0.115	0.116	0.116	0.166	0.132	0.166	0.150	0.117	0.119	0.117	0.116	0.116	0.118	0.118	0.118	0.160	0.135	0.168	0.144	0.123	0.126	0.124	0.121	0.086	0.092	0.117	0.117	0.156	0.134	0.164	0.143	0.121	0.122	0.124	0.121	0.120	0.117	0.117	0.122	0.158	0.134	0.168	0.169	0.119	0.120	0.123	0.122	0.119	0.117	0.119	0.120	0.163	0.134	0.163	0.135	0.117	0.118	0.118	0.120	0.083	0.116	0.119	0.118	0.154	0.134	0.155	0.134	0.114	0.117	0.119	0.124	0.115	0.117	0.119	0.115
8:40:01	0.164	0.169	0.163	0.134	0.117	0.117	0.115	0.115	0.116	0.117	0.117	0.117	0.172	0.149	0.164	0.137	0.116	0.115	0.115	0.114	0.116	0.115	0.116	0.116	0.167	0.136	0.169	0.150	0.117	0.119	0.117	0.116	0.116	0.118	0.119	0.118	0.165	0.140	0.169	0.146	0.123	0.126	0.124	0.121	0.086	0.092	0.117	0.117	0.161	0.135	0.168	0.145	0.122	0.122	0.124	0.121	0.120	0.117	0.118	0.122	0.162	0.139	0.169	0.170	0.119	0.121	0.123	0.122	0.119	0.117	0.118	0.120	0.162	0.136	0.164	0.135	0.118	0.118	0.117	0.120	0.083	0.116	0.119	0.117	0.160	0.134	0.159	0.134	0.114	0.117	0.120	0.124	0.116	0.117	0.119	0.115
9:00:01	0.164	0.173	0.164	0.134	0.117	0.116	0.114	0.115	0.116	0.117	0.117	0.117	0.166	0.165	0.166	0.137	0.116	0.116	0.115	0.114	0.116	0.115	0.116	0.116	0.172	0.144	0.169	0.151	0.117	0.119	0.117	0.116	0.116	0.118	0.118	0.118	0.172	0.146	0.170	0.146	0.124	0.126	0.124	0.121	0.086	0.092	0.117	0.117	0.168	0.140	0.169	0.145	0.121	0.122	0.124	0.121	0.120	0.117	0.117	0.122	0.172	0.146	0.170	0.172	0.119	0.121	0.123	0.122	0.119	0.117	0.119	0.120	0.171	0.139	0.165	0.135	0.117	0.118	0.118	0.120	0.083	0.116	0.119	0.118	0.162	0.141	0.161	0.135	0.114	0.117	0.119	0.124	0.116	0.117	0.119	0.115
9:20:01	0.168	0.178	0.165	0.135	0.117	0.117	0.114	0.115	0.116	0.117	0.117	0.117	0.179	0.164	0.166	0.138	0.116	0.115	0.115	0.114	0.116	0.115	0.116	0.116	0.185	0.165	0.170	0.152	0.117	0.119	0.117	0.116	0.116	0.118	0.118	0.118	0.169	0.154	0.172	0.146	0.124	0.126	0.124	0.122	0.087	0.091	0.117	0.117	0.171	0.145	0.170	0.146	0.122	0.123	0.125	0.122	0.121	0.118	0.117	0.122	0.170	0.158	0.171	0.174	0.120	0.122	0.124	0.123	0.119	0.117	0.119	0.120	0.176	0.146	0.166	0.136	0.117	0.118	0.118	0.120	0.083	0.116	0.119	0.117	0.166	0.158	0.162	0.136	0.114	0.117	0.119	0.124	0.115	0.117	0.119	0.115
9:40:01	0.167	0.175	0.164	0.136	0.117	0.117	0.114	0.115	0.116	0.117	0.117	0.117	0.175	0.168	0.166	0.137	0.116	0.116	0.115	0.114	0.116	0.115	0.116	0.116	0.171	0.174	0.170	0.151	0.117	0.119	0.117	0.116	0.116	0.118	0.118	0.118	0.183	0.169	0.172	0.147	0.123	0.126	0.125	0.121	0.087	0.092	0.117	0.117	0.163	0.148	0.171	0.147	0.123	0.123	0.126	0.123	0.122	0.118	0.117	0.122	0.170	0.159	0.171	0.175	0.121	0.122	0.125	0.123	0.119	0.117	0.119	0.120	0.177	0.153	0.167	0.137	0.117	0.118	0.118	0.120	0.083	0.116	0.119	0.117	0.163	0.157	0.163	0.136	0.114	0.117	0.119	0.124	0.115	0.117	0.119	0.115
10:00:01	0.177	0.175	0.165	0.137	0.117	0.116	0.114	0.115	0.116	0.117	0.117	0.116	0.186	0.173	0.167	0.138	0.116	0.115	0.115	0.114	0.116	0.115	0.116	0.116	0.172	0.174	0.172	0.151	0.117	0.119	0.117	0.116	0.116	0.118	0.118	0.118	0.172	0.176	0.172	0.148	0.124	0.126	0.125	0.121	0.087	0.091	0.117	0.117	0.178	0.158	0.172	0.148	0.123	0.123	0.126	0.124	0.122	0.118	0.117	0.122	0.175	0.168	0.171	0.176	0.121	0.122	0.125	0.124	0.120	0.117	0.119	0.120	0.185	0.156	0.168	0.137	0.117	0.119	0.118	0.120	0.083	0.116	0.119	0.117	0.177	0.159	0.163	0.136	0.115	0.117	0.119	0.124	0.115	0.117	0.119	0.115
10:20:01	0.185	0.181	0.165	0.137	0.117	0.117	0.114	0.115	0.116	0.117	0.117	0.117	0.190	0.175	0.168	0.138	0.116	0.116	0.115	0.114	0.116	0.115	0.116	0.116	0.182	0.175	0.172	0.152	0.117	0.119	0.117	0.116	0.116	0.118	0.118	0.118	0.183	0.178	0.173	0.148	0.124	0.126	0.125	0.121	0.087	0.091	0.117	0.117	0.187	0.171	0.172	0.148	0.124	0.124	0.126	0.124	0.122	0.118	0.117	0.122	0.188	0.175	0.172	0.178	0.121	0.123	0.125	0.124	0.120	0.117	0.119	0.120	0.190	0.169	0.168	0.138	0.117	0.119	0.118	0.120	0.083	0.116	0.119	0.118	0.186	0.167	0.164	0.137	0.114	0.118	0.119	0.124	0.116	0.117	0.119	0.115
10:40:01	0.189	0.179	0.166	0.137	0.117	0.116	0.114	0.115	0.116	0.117	0.117	0.116	0.193	0.175	0.168	0.139	0.116	0.116	0.115	0.114	0.116	0.115	0.116	0.116	0.185	0.173	0.172	0.153	0.117	0.120	0.117	0.116	0.116	0.118	0.118	0.118	0.189	0.175	0.173	0.149	0.124	0.126	0.125	0.122	0.087	0.091	0.117	0.117	0.192	0.173	0.172	0.150	0.124	0.124	0.127	0.125	0.123	0.118	0.117	0.122	0.192	0.171	0.172	0.179	0.122	0.124	0.126	0.125	0.120	0.117	0.119	0.120	0.192	0.173	0.168	0.139	0.117	0.119	0.118	0.120	0.083	0.116	0.119	0.118	0.191	0.174	0.165	0.138	0.115	0.117	0.119	0.124	0.115	0.117	0.119	0.115
11:00:01	0.192	0.178	0.165	0.138	0.117	0.116	0.114	0.115	0.116	0.116	0.117	0.117	0.194	0.174	0.168	0.138	0.116	0.115	0.115	0.114	0.116	0.115	0.116	0.116	0.188	0.172	0.172	0.153	0.117	0.120	0.117	0.116	0.116	0.118	0.118	0.118	0.193	0.174	0.174	0.149	0.124	0.126	0.125	0.122	0.087	0.091	0.117	0.117	0.195	0.177	0.174	0.151	0.125	0.125	0.128	0.126	0.124	0.118	0.117	0.122	0.196	0.173	0.173	0.180	0.122	0.124	0.127	0.125	0.121	0.117	0.119	0.120	0.194	0.172	0.168	0.140	0.117	0.119	0.118	0.120	0.083	0.116	0.119	0.117	0.194	0.171	0.165	0.138	0.114	0.117	0.119	0.124	0.115	0.117	0.119	0.115
11:20:01	0.193	0.177	0.167	0.138	0.117	0.116	0.114	0.115	0.116	0.116	0.117	0.117	0.194	0.173	0.169	0.140	0.116	0.115	0.115	0.114	0.116	0.115	0.116	0.116	0.190	0.177	0.173	0.154	0.117	0.120	0.117	0.116	0.116	0.118	0.118	0.118	0.195	0.174	0.174	0.150	0.124	0.127	0.125	0.122	0.087	0.091	0.117	0.117	0.196	0.177	0.175	0.152	0.125	0.125	0.128	0.126	0.124	0.118	0.117	0.121	0.197	0.173	0.171	0.181	0.122	0.124	0.127	0.125	0.121	0.117	0.118	0.120	0.195	0.178	0.169	0.139	0.117	0.119	0.118	0.120	0.083	0.116	0.119	0.117	0.195	0.173	0.166	0.139	0.115	0.117	0.119	0.124	0.115	0.117	0.119	0.115
11:40:01	0.193	0.177	0.169	0.139	0.117	0.117	0.115	0.115	0.116	0.117	0.117	0.117	0.194	0.172	0.169	0.140	0.116	0.116	0.115	0.114	0.116	0.115	0.116	0.116	0.191	0.179	0.175	0.154	0.117	0.120	0.118	0.117	0.116	0.118	0.118	0.118	0.196	0.172	0.175	0.150	0.124	0.127	0.126	0.122	0.087	0.091	0.117	0.117	0.196	0.177	0.174	0.153	0.125	0.125	0.128	0.127	0.125	0.119	0.118	0.122	0.198	0.172	0.174	0.182	0.123	0.125	0.127	0.126	0.121	0.117	0.119	0.120	0.196	0.178	0.170	0.140	0.117	0.119	0.118	0.120	0.083	0.116	0.119	0.118	0.195	0.179	0.166	0.139	0.114	0.117	0.119	0.124	0.116	0.117	0.119	0.115
12:00:01	0.193	0.177	0.169	0.137	0.118	0.117	0.115	0.115	0.116	0.117	0.117	0.117	0.195	0.171	0.170	0.139	0.116	0.116	0.115	0.114	0.116	0.115	0.116	0.116	0.192	0.178	0.172	0.154	0.117	0.120	0.118	0.117	0.116	0.118	0.118	0.118	0.196	0.171	0.175	0.151	0.124	0.127	0.126	0.122	0.087	0.091	0.117	0.117	0.196	0.177	0.175	0.154	0.126	0.125	0.129	0.127	0.125	0.119	0.117	0.122	0.198	0.171	0.174	0.184	0.123	0.125	0.128	0.126	0.122	0.117	0.119	0.120	0.196	0.177	0.170	0.145	0.118	0.119	0.118	0.120	0.083	0.116	0.119	0.118	0.195	0.184	0.166	0.140	0.115	0.117	0.119	0.124	0.115	0.117	0.119	0.115
12:20:01	0.194	0.177	0.170	0.138	0.117	0.116	0.115	0.115	0.116	0.117	0.117	0.117	0.195	0.171	0.171	0.141	0.116	0.116	0.115	0.114	0.116	0.115	0.116	0.116	0.192	0.177	0.174	0.155	0.118	0.120	0.118	0.117	0.116	0.118	0.118	0.118	0.197	0.170	0.175	0.152	0.125	0.127	0.126	0.122	0.087	0.091	0.117	0.117	0.196	0.176	0.176	0.155	0.126	0.126	0.130	0.128	0.126	0.119	0.118	0.122	0.197	0.170	0.174	0.185	0.124	0.126	0.129	0.127	0.122	0.118	0.119	0.120	0.196	0.177	0.171	0.139	0.117	0.119	0.118	0.120	0.083	0.116	0.119	0.117	0.195	0.184	0.167	0.140	0.114	0.117	0.119	0.124	0.115	0.117	0.119	0.115
12:40:01	0.193	0.177	0.170	0.139	0.117	0.117	0.115	0.115	0.116	0.116	0.117	0.117	0.194	0.170	0.170	0.141	0.116	0.116	0.115	0.114	0.116	0.115	0.116	0.116	0.192	0.177	0.176	0.155	0.118	0.120	0.118	0.117	0.116	0.118	0.118	0.118	0.197	0.169	0.177	0.151	0.125	0.127	0.126	0.122	0.087	0.091	0.117	0.117	0.196	0.176	0.177	0.155	0.126	0.126	0.129	0.128	0.126	0.119	0.117	0.122	0.197	0.170	0.177	0.187	0.124	0.126	0.129	0.127	0.122	0.118	0.119	0.120	0.196	0.176	0.172	0.139	0.118	0.119	0.118	0.120	0.083	0.116	0.119	0.117	0.195	0.184	0.168	0.140	0.115	0.117	0.119	0.124	0.115	0.117	0.119	0.115
13:00:01	0.193	0.177	0.172	0.140	0.117	0.116	0.115	0.115	0.116	0.116	0.117	0.116	0.194	0.170	0.170	0.141	0.116	0.116	0.115	0.114	0.116	0.115	0.116	0.116	0.192	0.176	0.177	0.156	0.118	0.120	0.118	0.117	0.116	0.118	0.118	0.118	0.196	0.169	0.177	0.152	0.125	0.127	0.126	0.122	0.087	0.091	0.117	0.117	0.196	0.176	0.177	0.156	0.126	0.126	0.130	0.128	0.126	0.119	0.117	0.122	0.197	0.170	0.175	0.189	0.123	0.126	0.129	0.127	0.122	0.117	0.119	0.120	0.196	0.176	0.172	0.139	0.118	0.119	0.118	0.120	0.083	0.116	0.118	0.117	0.194	0.183	0.168	0.141	0.114	0.117	0.119	0.124	0.116	0.117	0.119	0.115
13:20:01	0.193	0.177	0.172	0.140	0.117	0.117	0.115	0.115	0.116	0.117	0.117	0.117	0.194	0.170	0.173	0.142	0.117	0.115	0.115	0.114	0.116	0.115	0.116	0.116	0.192	0.176	0.178	0.155	0.118	0.120	0.118	0.117	0.116	0.119	0.118	0.118	0.196	0.169	0.177	0.154	0.124	0.127	0.126	0.122	0.087	0.091	0.117	0.117	0.196	0.175	0.179	0.157	0.126	0.126	0.129	0.127	0.125	0.119	0.118	0.122	0.196	0.169	0.178	0.190	0.123	0.125	0.128	0.127	0.122	0.118	0.118	0.120	0.196	0.176	0.172	0.140	0.118	0.119	0.118	0.120	0.083	0.116	0.119	0.117	0.195	0.182	0.168	0.141	0.114	0.117	0.119	0.124	0.115	0.117	0.119	0.115
13:40:01	0.193	0.177	0.176	0.139	0.117	0.116	0.115	0.115	0.116	0.116	0.117	0.116	0.194	0.170	0.175	0.141	0.116	0.116	0.115	0.114	0.116	0.115	0.115	0.115	0.191	0.176	0.178	0.154	0.117	0.120	0.118	0.117	0.116	0.118	0.118	0.118	0.196	0.169	0.178	0.153	0.124	0.127	0.126	0.122	0.087	0.092	0.117	0.117	0.195	0.175	0.181	0.156	0.125	0.125	0.129	0.127	0.125	0.119	0.118	0.121	0.196	0.169	0.179	0.190	0.122	0.125	0.128	0.126	0.121	0.117	0.119	0.120	0.196	0.175	0.173	0.139	0.117	0.119	0.118	0.120	0.083	0.116	0.119	0.117	0.194	0.182	0.170	0.142	0.114	0.117	0.119	0.124	0.115	0.117	0.119	0.115
14:00:01	0.192	0.177	0.176	0.140	0.117	0.117	0.115	0.115	0.116	0.116	0.117	0.117	0.194	0.170	0.175	0.142	0.116	0.116	0.115	0.114	0.116	0.115	0.116	0.115	0.191	0.176	0.179	0.156	0.117	0.120	0.118	0.117	0.116	0.118	0.118	0.118	0.196	0.169	0.182	0.153	0.124	0.127	0.125	0.122	0.087	0.091	0.117	0.117	0.195	0.175	0.181	0.157	0.124	0.124	0.127	0.125	0.123	0.118	0.118	0.122	0.195	0.169	0.180	0.192	0.121	0.123	0.126	0.125	0.121	0.117	0.118	0.120	0.196	0.175	0.174	0.139	0.117	0.119	0.118	0.120	0.083	0.116	0.118	0.117	0.194	0.181	0.171	0.142	0.115	0.117	0.119	0.124	0.115	0.117	0.119	0.115
14:20:01	0.193	0.177	0.175	0.140	0.117	0.116	0.115	0.115	0.116	0.117	0.117	0.116	0.194	0.171	0.177	0.143	0.116	0.115	0.115	0.114	0.116	0.115	0.116	0.116	0.191	0.176	0.180	0.157	0.117	0.120	0.117	0.117	0.116	0.118	0.118	0.118	0.196	0.169	0.181	0.155	0.123	0.127	0.125	0.122	0.087	0.091	0.117	0.117	0.196	0.175	0.182	0.158	0.123	0.123	0.126	0.124	0.122	0.118	0.118	0.121	0.195	0.169	0.181	0.194	0.120	0.122	0.124	0.124	0.120	0.117	0.118	0.120	0.196	0.175	0.175	0.139	0.118	0.119	0.118	0.120	0.083	0.116	0.119	0.117	0.194	0.180	0.171	0.143	0.114	0.117	0.119	0.124	0.116	0.117	0.119	0.115
14:40:01	0.192	0.177	0.177	0.141	0.117	0.117	0.115	0.115	0.116	0.116	0.117	0.117	0.193	0.170	0.178	0.143	0.116	0.116	0.115	0.114	0.116	0.115	0.116	0.116	0.191	0.176	0.183	0.157	0.117	0.120	0.118	0.117	0.116	0.118	0.118	0.118	0.195	0.169	0.182	0.155	0.124	0.127	0.125	0.122	0.087	0.091	0.117	0.117	0.195	0.175	0.185	0.157	0.123	0.124	0.126	0.124	0.122	0.118	0.117	0.122	0.195	0.169	0.183	0.196	0.121	0.123	0.125	0.124	0.120	0.117	0.118	0.120	0.196	0.174	0.179	0.139	0.117	0.119	0.118	0.120	0.083	0.116	0.119	0.118	0.194	0.180	0.174	0.142	0.114	0.117	0.119	0.124	0.115	0.117	0.119	0.115
15:00:01	0.192	0.177	0.178	0.139	0.117	0.117	0.115	0.115	0.116	0.116	0.117	0.117	0.193	0.170	0.179	0.144	0.116	0.116	0.115	0.114	0.116	0.115	0.116	0.116	0.191	0.176	0.183	0.158	0.117	0.120	0.118	0.117	0.116	0.118	0.118	0.118	0.195	0.170	0.184	0.157	0.124	0.127	0.125	0.122	0.087	0.091	0.117	0.117	0.195	0.175	0.188	0.158	0.123	0.123	0.126	0.123	0.122	0.118	0.117	0.121	0.194	0.169	0.183	0.196	0.121	0.122	0.124	0.124	0.120	0.117	0.118	0.120	0.196	0.174	0.179	0.139	0.118	0.119	0.118	0.120	0.083	0.116	0.118	0.117	0.194	0.180	0.174	0.143	0.114	0.117	0.119	0.124	0.115	0.117	0.119	0.115
15:20:01	0.192	0.177	0.179	0.141	0.117	0.117	0.115	0.115	0.116	0.116	0.117	0.117	0.193	0.171	0.183	0.143	0.116	0.116	0.115	0.114	0.116	0.115	0.116	0.116	0.191	0.176	0.183	0.158	0.117	0.120	0.118	0.117	0.116	0.118	0.118	0.118	0.195	0.170	0.186	0.158	0.124	0.127	0.125	0.122	0.087	0.091	0.117	0.117	0.194	0.175	0.188	0.160	0.123	0.123	0.126	0.124	0.122	0.118	0.117	0.121	0.194	0.169	0.183	0.196	0.120	0.122	0.124	0.124	0.120	0.117	0.118	0.120	0.195	0.174	0.180	0.139	0.117	0.119	0.118	0.120	0.083	0.116	0.119	0.117	0.193	0.180	0.176	0.143	0.115	0.117	0.119	0.124	0.115	0.117	0.119	0.115
15:40:01	0.192	0.177	0.181	0.143	0.118	0.117	0.115	0.115	0.116	0.117	0.117	0.117	0.192	0.171	0.184	0.144	0.116	0.116	0.115	0.114	0.116	0.115	0.116	0.116	0.190	0.176	0.184	0.158	0.117	0.120	0.118	0.117	0.116	0.118	0.118	0.118	0.195	0.170	0.186	0.159	0.124	0.127	0.125	0.122	0.087	0.092	0.117	0.117	0.194	0.175	0.189	0.160	0.123	0.123	0.126	0.124	0.122	0.118	0.118	0.121	0.194	0.169	0.185	0.197	0.121	0.122	0.124	0.124	0.120	0.117	0.118	0.120	0.195	0.174	0.180	0.139	0.117	0.119	0.118	0.120	0.083	0.116	0.119	0.118	0.193	0.180	0.176	0.143	0.115	0.117	0.119	0.124	0.115	0.117	0.119	0.115
16:00:01	0.191	0.177	0.182	0.141	0.118	0.117	0.115	0.115	0.116	0.116	0.117	0.117	0.192	0.171	0.184	0.144	0.116	0.116	0.115	0.115	0.116	0.115	0.116	0.116	0.190	0.177	0.185	0.159	0.117	0.120	0.118	0.117	0.116	0.118	0.118	0.118	0.194	0.171	0.188	0.160	0.124	0.127	0.125	0.122	0.087	0.092	0.117	0.117	0.194	0.175	0.190	0.162	0.123	0.123	0.126	0.124	0.122	0.118	0.118	0.122	0.193	0.169	0.185	0.198	0.121	0.122	0.124	0.124	0.120	0.117	0.118	0.120	0.195	0.174	0.182	0.138	0.118	0.119	0.118	0.120	0.083	0.116	0.119	0.117	0.193	0.180	0.177	0.144	0.114	0.117	0.119	0.124	0.115	0.117	0.119	0.115
16:20:01	0.191	0.178	0.183	0.143	0.118	0.116	0.115	0.115	0.116	0.116	0.117	0.117	0.192	0.171	0.185	0.144	0.116	0.116	0.115	0.114	0.116	0.115	0.116	0.116	0.190	0.178	0.184	0.160	0.117	0.120	0.118	0.117	0.116	0.118	0.118	0.118	0.194	0.172	0.189	0.161	0.124	0.126	0.125	0.122	0.087	0.091	0.117	0.117	0.194	0.175	0.191	0.162	0.122	0.123	0.125	0.123	0.122	0.118	0.118	0.121	0.193	0.169	0.186	0.198	0.120	0.122	0.124	0.124	0.120	0.117	0.118	0.120	0.195	0.174	0.183	0.139	0.118	0.119	0.118	0.120	0.083	0.116	0.119	0.118	0.193	0.179	0.177	0.145	0.115	0.117	0.119	0.124	0.115	0.117	0.119	0.115
16:40:01	0.190	0.178	0.182	0.143	0.117	0.116	0.115	0.115	0.116	0.116	0.117	0.117	0.192	0.171	0.188	0.147	0.116	0.116	0.115	0.114	0.116	0.115	0.116	0.116	0.190	0.178	0.185	0.160	0.117	0.120	0.118	0.117	0.116	0.118	0.118	0.118	0.194	0.172	0.189	0.162	0.124	0.126	0.125	0.122	0.087	0.092	0.117	0.117	0.193	0.176	0.193	0.163	0.123	0.123	0.126	0.123	0.122	0.118	0.117	0.121	0.192	0.170	0.186	0.199	0.121	0.122	0.124	0.124	0.120	0.117	0.118	0.120	0.195	0.174	0.183	0.140	0.118	0.119	0.118	0.120	0.083	0.116	0.119	0.117	0.192	0.180	0.178	0.145	0.115	0.117	0.119	0.124	0.115	0.117	0.119	0.115
17:00:01	0.191	0.179	0.183	0.143	0.117	0.116	0.115	0.115	0.116	0.117	0.117	0.117	0.192	0.172	0.188	0.148	0.116	0.116	0.115	0.114	0.116	0.115	0.116	0.116	0.190	0.180	0.185	0.161	0.118	0.120	0.117	0.117	0.116	0.118	0.119	0.118	0.194	0.173	0.191	0.163	0.124	0.127	0.126	0.122	0.087	0.092	0.117	0.117	0.194	0.176	0.193	0.166	0.124	0.124	0.127	0.125	0.123	0.118	0.118	0.121	0.192	0.170	0.186	0.201	0.121	0.123	0.125	0.125	0.120	0.117	0.118	0.120	0.194	0.174	0.184	0.140	0.118	0.119	0.118	0.120	0.083	0.116	0.119	0.117	0.192	0.179	0.179	0.146	0.114	0.117	0.119	0.124	0.115	0.117	0.119	0.115
17:20:01	0.190	0.179	0.184	0.144	0.118	0.116	0.115	0.115	0.116	0.116	0.117	0.117	0.191	0.171	0.189	0.148	0.116	0.116	0.115	0.114	0.116	0.115	0.115	0.116	0.189	0.180	0.186	0.162	0.117	0.120	0.118	0.117	0.116	0.118	0.118	0.118	0.194	0.173	0.192	0.162	0.124	0.126	0.125	0.122	0.087	0.091	0.117	0.117	0.193	0.176	0.192	0.165	0.122	0.123	0.125	0.123	0.121	0.118	0.118	0.121	0.192	0.170	0.187	0.202	0.120	0.121	0.124	0.123	0.120	0.117	0.118	0.120	0.194	0.175	0.184	0.140	0.117	0.119	0.118	0.119	0.083	0.116	0.119	0.118	0.192	0.179	0.178	0.147	0.114	0.117	0.119	0.124	0.115	0.117	0.119	0.115
17:40:01	0.191	0.180	0.184	0.146	0.118	0.116	0.115	0.115	0.116	0.116	0.117	0.117	0.191	0.172	0.189	0.147	0.116	0.116	0.115	0.114	0.116	0.115	0.116	0.116	0.189	0.182	0.185	0.161	0.117	0.120	0.118	0.117	0.116	0.118	0.118	0.118	0.194	0.174	0.193	0.162	0.124	0.127	0.125	0.122	0.087	0.092	0.117	0.117	0.193	0.177	0.193	0.167	0.123	0.124	0.126	0.124	0.122	0.118	0.117	0.121	0.192	0.171	0.187	0.201	0.121	0.123	0.125	0.124	0.120	0.117	0.118	0.120	0.194	0.175	0.185	0.140	0.118	0.119	0.118	0.120	0.083	0.116	0.118	0.118	0.191	0.180	0.181	0.147	0.115	0.117	0.119	0.124	0.115	0.117	0.119	0.115
18:00:01	0.190	0.181	0.184	0.146	0.117	0.116	0.115	0.115	0.116	0.116	0.117	0.117	0.191	0.172	0.189	0.149	0.116	0.116	0.115	0.114	0.116	0.115	0.116	0.116	0.189	0.182	0.187	0.162	0.117	0.120	0.118	0.117	0.116	0.118	0.118	0.118	0.193	0.175	0.192	0.163	0.124	0.126	0.125	0.122	0.087	0.092	0.117	0.117	0.192	0.177	0.194	0.167	0.123	0.124	0.126	0.124	0.122	0.118	0.117	0.121	0.191	0.171	0.188	0.203	0.122	0.123	0.125	0.124	0.120	0.117	0.117	0.120	0.194	0.175	0.185	0.140	0.118	0.119	0.118	0.120	0.083	0.116	0.119	0.117	0.191	0.180	0.181	0.148	0.115	0.117	0.119	0.124	0.115	0.117	0.119	0.115
18:20:01	0.191	0.182	0.184	0.146	0.118	0.116	0.115	0.115	0.116	0.116	0.117	0.117	0.191	0.173	0.190	0.149	0.116	0.116	0.115	0.114	0.116	0.115	0.116	0.116	0.188	0.183	0.187	0.163	0.117	0.120	0.118	0.117	0.116	0.118	0.118	0.118	0.192	0.176	0.192	0.164	0.124	0.126	0.125	0.122	0.087	0.092	0.117	0.117	0.192	0.178	0.194	0.169	0.123	0.123	0.126	0.124	0.122	0.118	0.117	0.121	0.191	0.171	0.187	0.203	0.121	0.122	0.125	0.124	0.120	0.117	0.117	0.120	0.193	0.175	0.185	0.140	0.118	0.119	0.118	0.120	0.083	0.116	0.118	0.117	0.190	0.180	0.180	0.149	0.114	0.117	0.119	0.124	0.115	0.117	0.119	0.115
18:40:01	0.191	0.183	0.185	0.147	0.117	0.116	0.115	0.115	0.116	0.116	0.117	0.117	0.191	0.173	0.190	0.149	0.116	0.116	0.115	0.115	0.116	0.115	0.116	0.116	0.189	0.185	0.187	0.164	0.117	0.120	0.118	0.117	0.116	0.118	0.118	0.118	0.192	0.177	0.193	0.164	0.124	0.127	0.125	0.122	0.087	0.092	0.117	0.117	0.192	0.179	0.195	0.170	0.123	0.124	0.126	0.124	0.122	0.118	0.117	0.121	0.190	0.171	0.188	0.203	0.121	0.123	0.125	0.124	0.121	0.117	0.118	0.120	0.193	0.175	0.186	0.140	0.118	0.119	0.118	0.120	0.083	0.116	0.119	0.117	0.190	0.180	0.182	0.149	0.115	0.117	0.119	0.124	0.115	0.117	0.119	0.115
19:00:01	0.192	0.185	0.185	0.148	0.117	0.116	0.115	0.115	0.116	0.116	0.117	0.117	0.191	0.173	0.191	0.148	0.116	0.116	0.115	0.115	0.116	0.115	0.115	0.116	0.189	0.186	0.188	0.165	0.117	0.120	0.118	0.117	0.116	0.118	0.118	0.118	0.192	0.177	0.194	0.165	0.124	0.127	0.125	0.122	0.087	0.092	0.117	0.117	0.191	0.179	0.194	0.172	0.123	0.124	0.126	0.124	0.122	0.118	0.117	0.121	0.190	0.172	0.189	0.203	0.121	0.123	0.125	0.124	0.121	0.117	0.118	0.120	0.193	0.175	0.187	0.140	0.118	0.119	0.118	0.120	0.083	0.116	0.119	0.117	0.190	0.180	0.181	0.148	0.115	0.117	0.119	0.125	0.115	0.117	0.119	0.115
19:20:01	0.194	0.186	0.185	0.147	0.117	0.116	0.115	0.115	0.116	0.116	0.117	0.116	0.190	0.174	0.191	0.149	0.116	0.115	0.115	0.114	0.116	0.115	0.115	0.115	0.189	0.187	0.188	0.165	0.117	0.120	0.118	0.117	0.116	0.118	0.118	0.118	0.192	0.178	0.194	0.165	0.124	0.127	0.126	0.122	0.087	0.092	0.117	0.117	0.191	0.180	0.195	0.172	0.124	0.124	0.127	0.125	0.123	0.119	0.117	0.121	0.189	0.173	0.189	0.202	0.122	0.124	0.126	0.125	0.121	0.118	0.118	0.120	0.193	0.175	0.187	0.140	0.118	0.119	0.118	0.120	0.083	0.116	0.119	0.117	0.190	0.180	0.181	0.150	0.115	0.117	0.119	0.124	0.115	0.117	0.119	0.115
19:40:01	0.196	0.188	0.186	0.149	0.118	0.116	0.115	0.115	0.116	0.116	0.117	0.117	0.190	0.175	0.191	0.150	0.116	0.116	0.115	0.114	0.116	0.115	0.116	0.116	0.189	0.188	0.188	0.166	0.118	0.120	0.118	0.117	0.116	0.118	0.118	0.118	0.191	0.179	0.193	0.165	0.124	0.127	0.126	0.122	0.087	0.092	0.117	0.117	0.191	0.180	0.197	0.175	0.124	0.125	0.128	0.126	0.124	0.119	0.118	0.121	0.189	0.173	0.189	0.204	0.122	0.124	0.127	0.126	0.121	0.118	0.118	0.120	0.193	0.176	0.188	0.140	0.118	0.119	0.118	0.120	0.083	0.116	0.119	0.117	0.189	0.180	0.182	0.150	0.115	0.117	0.119	0.124	0.115	0.117	0.119	0.115
20:00:01	0.198	0.189	0.186	0.148	0.118	0.116	0.115	0.115	0.116	0.116	0.117	0.116	0.190	0.176	0.192	0.149	0.116	0.115	0.115	0.114	0.116	0.115	0.115	0.115	0.189	0.189	0.189	0.166	0.118	0.120	0.118	0.117	0.116	0.118	0.118	0.118	0.191	0.180	0.193	0.166	0.124	0.127	0.126	0.122	0.087	0.092	0.117	0.117	0.190	0.181	0.197	0.174	0.125	0.125	0.128	0.126	0.124	0.119	0.118	0.121	0.189	0.174	0.189	0.201	0.122	0.124	0.127	0.126	0.121	0.118	0.118	0.120	0.193	0.176	0.188	0.140	0.118	0.119	0.118	0.120	0.083	0.116	0.118	0.117	0.189	0.180	0.182	0.150	0.114	0.117	0.119	0.124	0.115	0.117	0.119	0.115
20:20:01	0.197	0.190	0.186	0.148	0.118	0.116	0.115	0.115	0.116	0.116	0.117	0.117	0.190	0.176	0.192	0.149	0.116	0.115	0.115	0.114	0.116	0.115	0.116	0.115	0.189	0.190	0.188	0.167	0.117	0.120	0.118	0.117	0.116	0.118	0.118	0.118	0.191	0.181	0.194	0.167	0.124	0.127	0.126	0.122	0.087	0.092	0.117	0.117	0.190	0.181	0.196	0.177	0.125	0.125	0.128	0.126	0.124	0.119	0.117	0.121	0.188	0.174	0.189	0.203	0.122	0.124	0.127	0.126	0.121	0.117	0.118	0.120	0.192	0.176	0.188	0.140	0.117	0.119	0.118	0.119	0.083	0.116	0.118	0.117	0.189	0.180	0.182	0.151	0.115	0.117	0.119	0.124	0.115	0.117	0.119	0.115
20:40:01	0.202	0.193	0.186	0.148	0.117	0.116	0.115	0.115	0.116	0.116	0.117	0.116	0.192	0.178	0.193	0.150	0.116	0.115	0.115	0.114	0.116	0.115	0.116	0.117	0.191	0.192	0.189	0.167	0.118	0.120	0.118	0.117	0.116	0.118	0.118	0.118	0.191	0.184	0.196	0.168	0.123	0.127	0.126	0.122	0.087	0.092	0.117	0.117	0.191	0.183	0.198	0.179	0.124	0.124	0.127	0.126	0.123	0.118	0.118	0.121	0.188	0.175	0.189	0.204	0.121	0.124	0.126	0.125	0.121	0.118	0.118	0.120	0.192	0.177	0.188	0.139	0.118	0.119	0.118	0.120	0.083	0.116	0.119	0.117	0.189	0.180	0.182	0.151	0.115	0.117	0.119	0.124	0.115	0.117	0.119	0.115
21:00:01	0.203	0.194	0.187	0.149	0.117	0.116	0.115	0.115	0.116	0.116	0.117	0.117	0.192	0.179	0.192	0.149	0.117	0.116	0.115	0.114	0.116	0.115	0.115	0.117	0.191	0.194	0.189	0.168	0.118	0.120	0.118	0.117	0.116	0.118	0.118	0.118	0.192	0.184	0.195	0.169	0.123	0.127	0.126	0.122	0.087	0.092	0.117	0.117	0.190	0.183	0.198	0.178	0.124	0.124	0.128	0.126	0.124	0.119	0.118	0.121	0.188	0.176	0.190	0.203	0.121	0.124	0.126	0.126	0.121	0.118	0.117	0.120	0.192	0.177	0.189	0.140	0.118	0.119	0.118	0.120	0.083	0.116	0.119	0.117	0.189	0.180	0.183	0.151	0.114	0.117	0.119	0.124	0.115	0.117	0.119	0.115
21:20:01	0.205	0.196	0.186	0.147	0.117	0.116	0.115	0.115	0.116	0.116	0.117	0.117	0.192	0.179	0.193	0.148	0.116	0.116	0.115	0.114	0.116	0.115	0.116	0.116	0.191	0.195	0.190	0.166	0.118	0.120	0.118	0.117	0.116	0.118	0.118	0.118	0.192	0.185	0.196	0.169	0.123	0.127	0.126	0.122	0.087	0.092	0.117	0.117	0.190	0.184	0.199	0.177	0.124	0.124	0.127	0.125	0.123	0.118	0.118	0.121	0.187	0.176	0.190	0.200	0.121	0.123	0.126	0.125	0.121	0.118	0.118	0.120	0.192	0.178	0.188	0.140	0.118	0.119	0.118	0.120	0.083	0.116	0.119	0.117	0.189	0.180	0.181	0.151	0.115	0.117	0.119	0.124	0.115	0.117	0.119	0.115
21:40:01	0.203	0.196	0.186	0.148	0.117	0.116	0.115	0.115	0.116	0.116	0.117	0.116	0.191	0.179	0.193	0.149	0.116	0.116	0.115	0.115	0.116	0.115	0.115	0.115	0.190	0.194	0.189	0.167	0.117	0.120	0.118	0.117	0.116	0.118	0.118	0.118	0.190	0.183	0.196	0.169	0.124	0.127	0.125	0.122	0.087	0.092	0.117	0.117	0.189	0.184	0.198	0.179	0.124	0.124	0.127	0.125	0.123	0.118	0.118	0.121	0.187	0.176	0.190	0.200	0.122	0.124	0.126	0.125	0.121	0.117	0.118	0.120	0.192	0.178	0.189	0.140	0.117	0.119	0.118	0.119	0.083	0.116	0.118	0.117	0.188	0.181	0.183	0.151	0.114	0.117	0.119	0.124	0.115	0.117	0.119	0.115
22:00:01	0.206	0.197	0.187	0.148	0.118	0.116	0.115	0.115	0.116	0.116	0.117	0.117	0.191	0.181	0.194	0.150	0.116	0.116	0.115	0.115	0.116	0.115	0.115	0.115	0.190	0.195	0.190	0.168	0.118	0.120	0.118	0.117	0.116	0.118	0.118	0.118	0.191	0.184	0.198	0.169	0.124	0.127	0.126	0.122	0.087	0.092	0.117	0.117	0.189	0.185	0.198	0.179	0.124	0.124	0.127	0.126	0.123	0.119	0.118	0.121	0.187	0.176	0.191	0.201	0.122	0.123	0.126	0.125	0.121	0.117	0.118	0.120	0.192	0.178	0.189	0.140	0.117	0.119	0.118	0.119	0.083	0.116	0.118	0.117	0.189	0.181	0.183	0.151	0.114	0.117	0.119	0.124	0.115	0.117	0.119	0.115
22:20:01	0.209	0.199	0.187	0.147	0.117	0.116	0.115	0.115	0.116	0.116	0.117	0.117	0.192	0.182	0.194	0.149	0.116	0.116	0.115	0.114	0.116	0.115	0.115	0.116	0.191	0.196	0.190	0.167	0.118	0.120	0.118	0.117	0.116	0.118	0.118	0.118	0.191	0.184	0.195	0.170	0.124	0.127	0.126	0.122	0.087	0.091	0.117	0.117	0.189	0.185	0.199	0.179	0.124	0.124	0.127	0.126	0.123	0.119	0.118	0.121	0.186	0.176	0.191	0.199	0.122	0.124	0.126	0.125	0.121	0.118	0.118	0.120	0.192	0.179	0.189	0.140	0.117	0.119	0.118	0.119	0.083	0.116	0.118	0.117	0.189	0.181	0.183	0.151	0.114	0.117	0.119	0.124	0.115	0.117	0.119	0.115
22:40:01	0.211	0.200	0.187	0.149	0.118	0.116	0.115	0.115	0.116	0.116	0.117	0.116	0.193	0.183	0.194	0.150	0.116	0.116	0.115	0.115	0.116	0.115	0.115	0.115	0.191	0.197	0.190	0.166	0.118	0.120	0.118	0.117	0.116	0.118	0.118	0.117	0.191	0.185	0.198	0.170	0.124	0.127	0.126	0.122	0.087	0.092	0.117	0.117	0.190	0.186	0.199	0.179	0.124	0.125	0.127	0.126	0.124	0.119	0.117	0.121	0.186	0.177	0.191	0.200	0.122	0.124	0.126	0.125	0.121	0.117	0.118	0.120	0.192	0.180	0.189	0.140	0.118	0.119	0.118	0.119	0.083	0.116	0.118	0.117	0.189	0.182	0.183	0.151	0.115	0.117	0.119	0.124	0.115	0.117	0.119	0.115
23:00:01	0.212	0.201	0.188	0.148	0.118	0.116	0.115	0.115	0.117	0.116	0.117	0.117	0.193	0.184	0.194	0.149	0.116	0.116	0.115	0.115	0.116	0.115	0.116	0.115	0.192	0.199	0.190	0.168	0.118	0.120	0.118	0.117	0.116	0.118	0.118	0.118	0.191	0.185	0.198	0.170	0.124	0.127	0.126	0.122	0.087	0.092	0.117	0.117	0.190	0.186	0.200	0.181	0.124	0.124	0.127	0.126	0.123	0.119	0.118	0.121	0.186	0.178	0.190	0.199	0.122	0.124	0.126	0.125	0.121	0.118	0.118	0.120	0.193	0.181	0.189	0.140	0.118	0.119	0.118	0.119	0.083	0.116	0.118	0.117	0.189	0.182	0.183	0.151	0.115	0.117	0.119	0.124	0.115	0.117	0.119	0.115
23:20:01	0.215	0.203	0.187	0.148	0.118	0.116	0.115	0.115	0.117	0.116	0.117	0.117	0.193	0.184	0.193	0.150	0.116	0.116	0.115	0.115	0.116	0.115	0.115	0.115	0.192	0.200	0.191	0.168	0.118	0.120	0.118	0.117	0.116	0.118	0.118	0.118	0.191	0.187	0.198	0.171	0.124	0.127	0.126	0.122	0.087	0.092	0.117	0.117	0.190	0.187	0.198	0.182	0.125	0.125	0.128	0.126	0.124	0.119	0.118	0.121	0.186	0.178	0.190	0.199	0.122	0.124	0.126	0.126	0.121	0.118	0.117	0.120	0.193	0.182	0.190	0.139	0.118	0.119	0.118	0.119	0.083	0.116	0.119	0.117	0.190	0.183	0.184	0.151	0.115	0.117	0.119	0.124	0.115	0.117	0.119	0.115
23:40:01	0.217	0.204	0.188	0.146	0.118	0.116	0.115	0.115	0.117	0.116	0.117	0.117	0.194	0.184	0.194	0.149	0.117	0.116	0.115	0.115	0.116	0.115	0.116	0.116	0.193	0.201	0.190	0.167	0.118	0.120	0.118	0.117	0.117	0.118	0.118	0.118	0.191	0.187	0.197	0.172	0.124	0.127	0.126	0.122	0.087	0.092	0.117	0.117	0.190	0.188	0.199	0.183	0.125	0.125	0.128	0.127	0.124	0.119	0.118	0.121	0.186	0.179	0.191	0.199	0.122	0.124	0.127	0.126	0.122	0.118	0.118	0.120	0.194	0.182	0.190	0.137	0.118	0.119	0.118	0.119	0.083	0.116	0.118	0.117	0.190	0.183	0.184	0.151	0.115	0.117	0.119	0.124	0.115	0.117	0.119	0.115
24:00:01	0.219	0.204	0.188	0.149	0.118	0.116	0.115	0.115	0.117	0.116	0.117	0.117	0.195	0.184	0.195	0.150	0.116	0.116	0.115	0.114	0.116	0.115	0.115	0.115	0.193	0.201	0.191	0.168	0.118	0.120	0.118	0.117	0.117	0.118	0.118	0.118	0.192	0.188	0.199	0.172	0.125	0.127	0.126	0.122	0.087	0.092	0.117	0.117	0.190	0.188	0.200	0.183	0.126	0.126	0.129	0.127	0.125	0.119	0.118	0.121	0.186	0.179	0.191	0.199	0.123	0.125	0.127	0.127	0.122	0.118	0.118	0.120	0.194	0.182	0.190	0.138	0.118	0.119	0.118	0.119	0.083	0.116	0.118	0.117	0.191	0.184	0.184	0.152	0.114	0.117	0.119	0.124	0.115	0.117	0.119	0.115
24:20:02	0.221	0.205	0.188	0.148	0.118	0.116	0.115	0.115	0.117	0.116	0.117	0.117	0.195	0.186	0.194	0.148	0.117	0.116	0.115	0.115	0.116	0.115	0.116	0.116	0.195	0.202	0.192	0.168	0.118	0.121	0.118	0.117	0.117	0.118	0.118	0.118	0.193	0.190	0.199	0.172	0.124	0.128	0.126	0.123	0.087	0.092	0.117	0.117	0.191	0.189	0.201	0.184	0.126	0.126	0.129	0.128	0.125	0.119	0.118	0.121	0.185	0.179	0.191	0.199	0.123	0.125	0.128	0.127	0.122	0.118	0.118	0.120	0.194	0.183	0.191	0.138	0.118	0.119	0.118	0.119	0.083	0.116	0.119	0.117	0.192	0.185	0.183	0.151	0.115	0.117	0.119	0.124	0.115	0.117	0.119	0.115
24:40:02	0.223	0.207	0.188	0.148	0.118	0.116	0.115	0.115	0.117	0.116	0.117	0.116	0.196	0.186	0.195	0.149	0.117	0.115	0.115	0.115	0.116	0.115	0.115	0.115	0.195	0.202	0.191	0.168	0.118	0.121	0.118	0.117	0.117	0.118	0.118	0.118	0.193	0.190	0.199	0.173	0.125	0.128	0.127	0.123	0.087	0.092	0.117	0.117	0.192	0.190	0.201	0.184	0.126	0.126	0.129	0.128	0.125	0.120	0.118	0.121	0.185	0.180	0.191	0.198	0.124	0.126	0.128	0.127	0.122	0.118	0.118	0.120	0.194	0.182	0.191	0.138	0.118	0.119	0.118	0.119	0.083	0.116	0.119	0.117	0.193	0.185	0.184	0.151	0.115	0.117	0.119	0.124	0.115	0.117	0.119	0.115
25:00:02	0.225	0.209	0.188	0.149	0.118	0.116	0.115	0.115	0.117	0.116	0.117	0.116	0.198	0.186	0.194	0.150	0.116	0.116	0.115	0.115	0.116	0.115	0.115	0.115	0.196	0.203	0.192	0.169	0.118	0.121	0.118	0.117	0.117	0.118	0.118	0.118	0.193	0.192	0.200	0.173	0.125	0.128	0.127	0.123	0.087	0.092	0.117	0.117	0.192	0.190	0.200	0.186	0.127	0.126	0.130	0.128	0.126	0.120	0.118	0.121	0.185	0.180	0.191	0.199	0.124	0.126	0.129	0.127	0.123	0.118	0.118	0.120	0.195	0.182	0.190	0.138	0.118	0.119	0.118	0.119	0.083	0.116	0.119	0.117	0.194	0.186	0.184	0.151	0.114	0.117	0.119	0.124	0.115	0.117	0.119	0.115
25:20:02	0.226	0.210	0.188	0.149	0.118	0.116	0.115	0.115	0.117	0.116	0.117	0.116	0.198	0.186	0.195	0.148	0.117	0.116	0.115	0.115	0.116	0.115	0.115	0.116	0.196	0.203	0.191	0.168	0.118	0.121	0.119	0.117	0.117	0.119	0.118	0.118	0.194	0.192	0.199	0.173	0.125	0.128	0.127	0.123	0.088	0.092	0.117	0.117	0.193	0.191	0.202	0.187	0.128	0.128	0.132	0.131	0.128	0.120	0.118	0.121	0.185	0.180	0.191	0.198	0.126	0.128	0.130	0.129	0.124	0.118	0.118	0.120	0.196	0.183	0.191	0.137	0.118	0.120	0.118	0.119	0.083	0.116	0.119	0.117	0.195	0.187	0.184	0.151	0.115	0.117	0.119	0.124	0.115	0.117	0.119	0.115
25:40:02	0.228	0.211	0.188	0.148	0.118	0.116	0.115	0.115	0.117	0.116	0.117	0.116	0.199	0.188	0.196	0.150	0.117	0.116	0.115	0.115	0.116	0.115	0.115	0.115	0.197	0.203	0.192	0.169	0.119	0.122	0.119	0.118	0.117	0.119	0.118	0.117	0.195	0.192	0.199	0.174	0.126	0.129	0.129	0.124	0.088	0.092	0.117	0.117	0.194	0.191	0.202	0.189	0.130	0.130	0.134	0.133	0.131	0.122	0.118	0.121	0.185	0.180	0.194	0.199	0.128	0.130	0.132	0.131	0.126	0.119	0.118	0.120	0.196	0.183	0.191	0.137	0.118	0.120	0.118	0.120	0.083	0.116	0.118	0.117	0.197	0.186	0.184	0.151	0.115	0.117	0.119	0.124	0.115	0.117	0.119	0.115
26:00:02	0.230	0.212	0.189	0.149	0.118	0.116	0.115	0.115	0.117	0.116	0.116	0.116	0.200	0.188	0.195	0.150	0.117	0.116	0.115	0.115	0.116	0.115	0.115	0.115	0.198	0.204	0.192	0.169	0.119	0.122	0.119	0.117	0.117	0.119	0.118	0.118	0.195	0.193	0.200	0.175	0.126	0.129	0.129	0.124	0.088	0.092	0.117	0.117	0.194	0.192	0.203	0.188	0.130	0.130	0.133	0.133	0.130	0.122	0.118	0.121	0.185	0.181	0.194	0.198	0.127	0.130	0.132	0.131	0.125	0.119	0.118	0.120	0.197	0.183	0.192	0.138	0.118	0.120	0.118	0.120	0.083	0.116	0.118	0.117	0.197	0.186	0.185	0.152	0.114	0.117	0.119	0.124	0.115	0.117	0.119	0.115
26:20:02	0.232	0.213	0.189	0.149	0.118	0.116	0.115	0.115	0.117	0.116	0.116	0.116	0.202	0.190	0.195	0.150	0.117	0.116	0.115	0.115	0.116	0.115	0.115	0.115	0.199	0.205	0.192	0.169	0.119	0.121	0.119	0.117	0.117	0.119	0.118	0.118	0.195	0.194	0.200	0.175	0.126	0.128	0.128	0.123	0.088	0.092	0.117	0.117	0.195	0.193	0.203	0.189	0.129	0.129	0.132	0.132	0.129	0.121	0.118	0.121	0.185	0.181	0.193	0.198	0.126	0.129	0.132	0.130	0.125	0.119	0.118	0.120	0.198	0.184	0.192	0.138	0.118	0.120	0.118	0.119	0.083	0.116	0.118	0.117	0.199	0.187	0.185	0.152	0.115	0.117	0.119	0.124	0.115	0.117	0.119	0.115
26:40:02	0.234	0.215	0.188	0.149	0.118	0.116	0.115	0.115	0.117	0.116	0.117	0.117	0.203	0.190	0.195	0.150	0.117	0.116	0.115	0.115	0.116	0.115	0.116	0.116	0.200	0.205	0.192	0.169	0.119	0.121	0.119	0.117	0.117	0.119	0.118	0.118	0.196	0.195	0.200	0.176	0.126	0.129	0.128	0.124	0.088	0.092	0.117	0.117	0.196	0.193	0.203	0.190	0.129	0.129	0.133	0.132	0.130	0.122	0.118	0.121	0.185	0.182	0.193	0.199	0.127	0.129	0.132	0.131	0.126	0.119	0.118	0.120	0.199	0.184	0.192	0.137	0.118	0.120	0.118	0.120	0.083	0.116	0.119	0.117	0.200	0.188	0.185	0.152	0.115	0.117	0.119	0.124	0.115	0.117	0.119	0.115
27:00:02	0.235	0.217	0.189	0.148	0.118	0.116	0.115	0.115	0.117	0.116	0.117	0.117	0.204	0.192	0.196	0.150	0.117	0.116	0.115	0.115	0.116	0.115	0.116	0.115	0.201	0.206	0.192	0.170	0.119	0.122	0.119	0.118	0.117	0.119	0.118	0.118	0.197	0.194	0.201	0.176	0.126	0.129	0.129	0.124	0.088	0.092	0.117	0.117	0.197	0.194	0.203	0.192	0.131	0.130	0.134	0.135	0.132	0.123	0.118	0.121	0.185	0.182	0.192	0.199	0.128	0.131	0.134	0.133	0.127	0.120	0.118	0.120	0.199	0.183	0.192	0.137	0.118	0.120	0.118	0.120	0.083	0.116	0.119	0.118	0.202	0.188	0.184	0.151	0.114	0.117	0.119	0.124	0.115	0.117	0.119	0.115
27:20:02	0.237	0.217	0.189	0.150	0.118	0.116	0.115	0.115	0.117	0.116	0.117	0.117	0.205	0.193	0.195	0.150	0.117	0.116	0.115	0.115	0.116	0.115	0.116	0.115	0.202	0.207	0.192	0.170	0.120	0.124	0.120	0.118	0.118	0.119	0.118	0.118	0.197	0.194	0.200	0.177	0.127	0.131	0.132	0.126	0.090	0.092	0.117	0.117	0.197	0.195	0.205	0.194	0.134	0.134	0.138	0.138	0.136	0.126	0.118	0.121	0.184	0.183	0.195	0.201	0.131	0.134	0.137	0.136	0.130	0.122	0.118	0.120	0.200	0.184	0.192	0.137	0.118	0.121	0.118	0.120	0.083	0.116	0.119	0.117	0.204	0.189	0.184	0.152	0.115	0.117	0.119	0.125	0.115	0.117	0.119	0.115
27:40:02	0.239	0.218	0.189	0.149	0.118	0.116	0.115	0.115	0.117	0.116	0.117	0.116	0.205	0.192	0.196	0.150	0.117	0.116	0.115	0.115	0.116	0.115	0.116	0.116	0.202	0.208	0.194	0.171	0.121	0.125	0.121	0.119	0.118	0.120	0.118	0.118	0.198	0.196	0.202	0.178	0.129	0.133	0.134	0.127	0.091	0.092	0.117	0.117	0.198	0.196	0.206	0.197	0.135	0.135	0.140	0.140	0.138	0.128	0.118	0.121	0.184	0.183	0.196	0.202	0.133	0.136	0.139	0.138	0.132	0.123	0.118	0.120	0.201	0.185	0.192	0.138	0.118	0.122	0.119	0.120	0.083	0.116	0.118	0.117	0.206	0.190	0.185	0.152	0.114	0.117	0.119	0.124	0.115	0.117	0.119	0.115
28:00:02	0.240	0.220	0.189	0.150	0.118	0.116	0.115	0.115	0.117	0.116	0.117	0.116	0.207	0.193	0.196	0.151	0.117	0.116	0.115	0.115	0.116	0.115	0.116	0.116	0.202	0.209	0.194	0.171	0.122	0.126	0.121	0.119	0.119	0.120	0.118	0.118	0.199	0.197	0.203	0.179	0.129	0.134	0.136	0.129	0.092	0.092	0.117	0.117	0.200	0.197	0.206	0.197	0.137	0.136	0.141	0.142	0.140	0.129	0.118	0.121	0.185	0.184	0.196	0.203	0.134	0.137	0.140	0.139	0.133	0.124	0.118	0.120	0.203	0.185	0.192	0.137	0.118	0.123	0.119	0.120	0.083	0.116	0.119	0.117	0.207	0.190	0.186	0.152	0.115	0.117	0.119	0.124	0.115	0.117	0.119	0.115
28:20:02	0.242	0.221	0.189	0.150	0.118	0.116	0.115	0.115	0.117	0.116	0.116	0.117	0.208	0.193	0.197	0.151	0.117	0.116	0.115	0.115	0.116	0.115	0.116	0.115	0.203	0.210	0.193	0.172	0.123	0.126	0.122	0.119	0.119	0.120	0.118	0.118	0.199	0.198	0.201	0.179	0.130	0.135	0.138	0.130	0.094	0.092	0.117	0.117	0.200	0.198	0.208	0.199	0.138	0.138	0.143	0.144	0.141	0.130	0.118	0.121	0.185	0.184	0.197	0.204	0.135	0.138	0.142	0.141	0.134	0.125	0.118	0.120	0.203	0.186	0.192	0.138	0.118	0.124	0.119	0.120	0.083	0.116	0.118	0.117	0.209	0.191	0.185	0.151	0.114	0.117	0.119	0.124	0.115	0.117	0.119	0.115
28:40:02	0.242	0.222	0.189	0.149	0.117	0.116	0.115	0.115	0.117	0.116	0.116	0.116	0.209	0.194	0.196	0.151	0.117	0.117	0.115	0.115	0.116	0.115	0.116	0.115	0.203	0.210	0.194	0.174	0.123	0.127	0.122	0.120	0.119	0.120	0.118	0.118	0.198	0.198	0.202	0.180	0.131	0.136	0.139	0.131	0.095	0.093	0.117	0.117	0.201	0.199	0.208	0.201	0.139	0.139	0.144	0.145	0.142	0.131	0.118	0.121	0.184	0.185	0.197	0.204	0.136	0.139	0.143	0.142	0.135	0.125	0.118	0.120	0.204	0.187	0.192	0.138	0.118	0.125	0.119	0.120	0.083	0.116	0.118	0.117	0.210	0.191	0.186	0.152	0.115	0.117	0.119	0.124	0.115	0.117	0.119	0.115
29:00:02	0.244	0.222	0.189	0.149	0.117	0.116	0.114	0.115	0.117	0.115	0.116	0.117	0.210	0.196	0.197	0.151	0.117	0.117	0.115	0.115	0.116	0.115	0.116	0.115	0.203	0.211	0.194	0.173	0.124	0.127	0.122	0.120	0.119	0.120	0.118	0.118	0.199	0.198	0.202	0.180	0.131	0.137	0.140	0.132	0.095	0.092	0.117	0.117	0.201	0.200	0.210	0.201	0.140	0.139	0.145	0.146	0.143	0.132	0.118	0.121	0.184	0.186	0.199	0.204	0.137	0.140	0.144	0.142	0.135	0.126	0.118	0.120	0.205	0.188	0.192	0.137	0.118	0.125	0.119	0.120	0.083	0.116	0.118	0.117	0.212	0.192	0.185	0.152	0.115	0.117	0.119	0.124	0.115	0.117	0.119	0.115
29:20:02	0.245	0.223	0.190	0.149	0.117	0.116	0.114	0.115	0.117	0.116	0.116	0.116	0.210	0.196	0.197	0.150	0.117	0.116	0.115	0.115	0.116	0.115	0.116	0.115	0.203	0.212	0.195	0.172	0.123	0.126	0.122	0.119	0.119	0.120	0.118	0.118	0.200	0.198	0.203	0.180	0.130	0.135	0.138	0.130	0.094	0.092	0.117	0.117	0.201	0.201	0.208	0.201	0.140	0.139	0.145	0.147	0.143	0.131	0.118	0.121	0.184	0.187	0.198	0.205	0.137	0.140	0.144	0.143	0.135	0.125	0.118	0.120	0.205	0.188	0.193	0.137	0.118	0.124	0.119	0.120	0.083	0.116	0.118	0.117	0.213	0.192	0.186	0.152	0.115	0.117	0.119	0.124	0.115	0.117	0.119	0.115
29:40:02	0.245	0.225	0.190	0.149	0.117	0.116	0.114	0.115	0.117	0.115	0.116	0.116	0.211	0.197	0.197	0.150	0.117	0.116	0.115	0.115	0.117	0.115	0.115	0.116	0.203	0.213	0.195	0.173	0.122	0.126	0.121	0.119	0.119	0.120	0.118	0.118	0.199	0.198	0.203	0.181	0.130	0.134	0.137	0.129	0.093	0.092	0.117	0.117	0.201	0.202	0.208	0.201	0.140	0.139	0.145	0.146	0.143	0.130	0.118	0.121	0.184	0.187	0.197	0.205	0.136	0.140	0.144	0.142	0.135	0.125	0.118	0.120	0.205	0.189	0.193	0.138	0.118	0.124	0.119	0.120	0.083	0.116	0.118	0.117	0.214	0.192	0.185	0.151	0.115	0.117	0.119	0.124	0.115	0.117	0.119	0.115
30:00:02	0.247	0.227	0.190	0.149	0.117	0.116	0.114	0.115	0.117	0.116	0.116	0.117	0.211	0.196	0.197	0.150	0.117	0.116	0.115	0.115	0.116	0.115	0.115	0.115	0.204	0.213	0.195	0.172	0.122	0.125	0.121	0.119	0.118	0.120	0.118	0.118	0.199	0.199	0.202	0.181	0.129	0.134	0.136	0.129	0.092	0.092	0.117	0.117	0.201	0.203	0.208	0.200	0.139	0.138	0.144	0.146	0.142	0.129	0.118	0.121	0.184	0.188	0.196	0.204	0.135	0.139	0.143	0.141	0.134	0.124	0.118	0.120	0.206	0.189	0.193	0.138	0.118	0.123	0.119	0.120	0.083	0.116	0.118	0.117	0.216	0.193	0.186	0.151	0.115	0.117	0.119	0.124	0.115	0.117	0.119	0.115
30:20:02	0.248	0.227	0.190	0.149	0.117	0.116	0.114	0.115	0.117	0.116	0.116	0.117	0.212	0.198	0.197	0.150	0.117	0.116	0.115	0.115	0.116	0.115	0.115	0.115	0.204	0.214	0.194	0.173	0.122	0.125	0.121	0.119	0.118	0.120	0.118	0.118	0.199	0.201	0.203	0.181	0.129	0.134	0.136	0.128	0.092	0.092	0.117	0.117	0.202	0.204	0.208	0.201	0.138	0.138	0.144	0.145	0.141	0.129	0.118	0.121	0.184	0.188	0.197	0.205	0.135	0.139	0.142	0.141	0.134	0.124	0.118	0.120	0.207	0.191	0.193	0.138	0.118	0.124	0.119	0.120	0.083	0.116	0.118	0.117	0.218	0.194	0.186	0.151	0.115	0.117	0.119	0.124	0.115	0.117	0.119	0.115
30:40:02	0.248	0.228	0.190	0.149	0.117	0.116	0.114	0.115	0.117	0.116	0.116	0.117	0.213	0.199	0.198	0.151	0.117	0.116	0.115	0.115	0.116	0.115	0.115	0.115	0.206	0.215	0.194	0.173	0.121	0.125	0.121	0.119	0.118	0.120	0.118	0.118	0.200	0.201	0.203	0.181	0.129	0.133	0.135	0.128	0.091	0.092	0.117	0.117	0.202	0.204	0.207	0.199	0.137	0.137	0.143	0.144	0.140	0.128	0.118	0.121	0.184	0.188	0.196	0.203	0.134	0.138	0.141	0.140	0.133	0.123	0.118	0.120	0.207	0.191	0.193	0.138	0.118	0.123	0.119	0.120	0.083	0.116	0.118	0.117	0.220	0.194	0.185	0.151	0.115	0.117	0.119	0.124	0.115	0.117	0.119	0.115
31:00:02	0.249	0.232	0.191	0.149	0.117	0.116	0.114	0.115	0.117	0.115	0.116	0.116	0.213	0.202	0.198	0.150	0.117	0.116	0.115	0.115	0.116	0.115	0.116	0.115	0.205	0.216	0.195	0.167	0.121	0.124	0.121	0.119	0.118	0.120	0.118	0.118	0.199	0.199	0.206	0.181	0.129	0.133	0.134	0.128	0.092	0.094	0.117	0.117	0.201	0.204	0.208	0.196	0.136	0.136	0.141	0.143	0.138	0.128	0.118	0.121	0.183	0.187	0.195	0.202	0.133	0.136	0.140	0.139	0.132	0.123	0.118	0.120	0.205	0.189	0.192	0.138	0.118	0.123	0.119	0.120	0.083	0.116	0.118	0.117	0.217	0.191	0.185	0.151	0.115	0.117	0.119	0.125	0.115	0.117	0.119	0.115
31:20:02	0.250	0.231	0.190	0.149	0.117	0.116	0.114	0.115	0.117	0.115	0.116	0.116	0.214	0.202	0.198	0.150	0.117	0.116	0.115	0.115	0.117	0.115	0.115	0.115	0.207	0.216	0.194	0.173	0.121	0.124	0.120	0.119	0.118	0.120	0.118	0.118	0.201	0.201	0.205	0.182	0.128	0.132	0.134	0.127	0.091	0.092	0.117	0.117	0.203	0.206	0.207	0.198	0.135	0.135	0.140	0.141	0.137	0.127	0.118	0.121	0.185	0.189	0.196	0.202	0.132	0.136	0.139	0.138	0.131	0.123	0.118	0.120	0.211	0.193	0.194	0.138	0.118	0.123	0.119	0.120	0.083	0.116	0.118	0.117	0.223	0.195	0.185	0.151	0.115	0.117	0.119	0.124	0.115	0.117	0.119	0.115
31:40:02	0.251	0.232	0.190	0.148	0.117	0.116	0.114	0.115	0.117	0.115	0.116	0.117	0.217	0.202	0.198	0.150	0.117	0.116	0.115	0.115	0.116	0.115	0.115	0.116	0.207	0.217	0.193	0.172	0.121	0.124	0.120	0.119	0.118	0.120	0.118	0.118	0.202	0.202	0.204	0.182	0.128	0.132	0.133	0.127	0.091	0.092	0.117	0.117	0.205	0.207	0.207	0.200	0.135	0.135	0.140	0.140	0.136	0.127	0.118	0.121	0.185	0.189	0.197	0.203	0.132	0.135	0.138	0.137	0.131	0.123	0.118	0.120	0.212	0.194	0.194	0.138	0.118	0.123	0.119	0.120	0.083	0.116	0.118	0.117	0.225	0.196	0.186	0.151	0.115	0.117	0.119	0.124	0.115	0.117	0.119	0.115
32:00:02	0.252	0.233	0.190	0.148	0.117	0.116	0.114	0.115	0.117	0.115	0.116	0.116	0.218	0.203	0.198	0.149	0.117	0.116	0.115	0.115	0.116	0.115	0.115	0.115	0.209	0.218	0.194	0.172	0.121	0.124	0.120	0.119	0.118	0.120	0.118	0.118	0.203	0.203	0.206	0.182	0.128	0.132	0.133	0.127	0.090	0.092	0.117	0.117	0.206	0.207	0.207	0.200	0.134	0.134	0.139	0.139	0.136	0.127	0.118	0.121	0.186	0.190	0.196	0.203	0.131	0.134	0.138	0.137	0.131	0.122	0.118	0.120	0.215	0.195	0.194	0.137	0.118	0.122	0.118	0.120	0.083	0.116	0.118	0.117	0.228	0.198	0.186	0.151	0.115	0.117	0.119	0.124	0.115	0.117	0.119	0.115
32:20:02	0.253	0.234	0.190	0.149	0.117	0.116	0.114	0.115	0.117	0.115	0.116	0.116	0.220	0.204	0.198	0.149	0.117	0.116	0.115	0.115	0.117	0.115	0.115	0.115	0.210	0.218	0.193	0.173	0.121	0.124	0.120	0.118	0.118	0.119	0.118	0.117	0.204	0.203	0.206	0.183	0.128	0.132	0.133	0.126	0.090	0.092	0.117	0.117	0.207	0.208	0.207	0.201	0.134	0.134	0.139	0.139	0.135	0.127	0.118	0.121	0.186	0.191	0.197	0.204	0.131	0.134	0.138	0.137	0.131	0.123	0.118	0.120	0.216	0.196	0.194	0.138	0.118	0.122	0.118	0.120	0.083	0.116	0.118	0.117	0.229	0.199	0.186	0.151	0.115	0.117	0.119	0.124	0.115	0.117	0.119	0.115
32:40:02	0.254	0.235	0.192	0.147	0.117	0.116	0.114	0.115	0.117	0.115	0.116	0.117	0.222	0.205	0.199	0.149	0.117	0.116	0.115	0.115	0.117	0.115	0.115	0.115	0.211	0.219	0.194	0.172	0.121	0.124	0.120	0.119	0.118	0.119	0.118	0.118	0.205	0.204	0.206	0.182	0.128	0.132	0.133	0.127	0.091	0.092	0.117	0.117	0.208	0.209	0.208	0.200	0.133	0.134	0.139	0.138	0.135	0.127	0.118	0.120	0.187	0.191	0.197	0.203	0.131	0.134	0.137	0.137	0.131	0.123	0.118	0.120	0.218	0.197	0.194	0.136	0.118	0.122	0.118	0.120	0.083	0.116	0.119	0.117	0.231	0.200	0.186	0.151	0.115	0.117	0.119	0.124	0.115	0.117	0.119	0.115
33:00:02	0.255	0.236	0.191	0.149	0.117	0.116	0.114	0.115	0.117	0.115	0.116	0.116	0.223	0.205	0.199	0.150	0.117	0.116	0.115	0.115	0.117	0.115	0.116	0.115	0.213	0.220	0.193	0.173	0.121	0.124	0.120	0.118	0.118	0.119	0.118	0.118	0.206	0.204	0.206	0.184	0.128	0.132	0.133	0.127	0.090	0.092	0.117	0.117	0.209	0.210	0.207	0.199	0.133	0.134	0.138	0.138	0.135	0.126	0.118	0.120	0.187	0.192	0.197	0.203	0.131	0.133	0.137	0.136	0.130	0.122	0.118	0.120	0.220	0.198	0.194	0.137	0.118	0.122	0.118	0.120	0.083	0.116	0.118	0.117	0.232	0.201	0.186	0.151	0.115	0.117	0.119	0.124	0.115	0.117	0.119	0.115
33:20:02	0.257	0.240	0.190	0.149	0.117	0.116	0.114	0.115	0.116	0.116	0.116	0.116	0.228	0.210	0.199	0.150	0.117	0.117	0.116	0.115	0.117	0.116	0.116	0.116	0.218	0.222	0.195	0.174	0.121	0.124	0.120	0.119	0.118	0.120	0.118	0.118	0.211	0.208	0.206	0.186	0.127	0.132	0.133	0.127	0.091	0.092	0.117	0.117	0.214	0.212	0.208	0.201	0.133	0.134	0.138	0.138	0.135	0.127	0.118	0.120	0.190	0.193	0.198	0.204	0.131	0.134	0.137	0.137	0.131	0.123	0.118	0.120	0.224	0.200	0.194	0.137	0.118	0.123	0.118	0.120	0.083	0.116	0.119	0.117	0.236	0.204	0.186	0.151	0.115	0.117	0.119	0.124	0.115	0.117	0.119	0.115
33:40:02	0.256	0.239	0.191	0.148	0.117	0.116	0.114	0.115	0.117	0.116	0.116	0.117	0.225	0.208	0.198	0.150	0.117	0.117	0.116	0.116	0.117	0.116	0.116	0.116	0.215	0.221	0.193	0.173	0.121	0.124	0.121	0.119	0.118	0.120	0.118	0.118	0.208	0.207	0.206	0.185	0.128	0.132	0.134	0.127	0.091	0.092	0.117	0.117	0.211	0.210	0.208	0.202	0.133	0.134	0.139	0.138	0.135	0.127	0.118	0.121	0.188	0.192	0.197	0.204	0.131	0.134	0.137	0.137	0.131	0.123	0.118	0.120	0.224	0.199	0.194	0.137	0.118	0.123	0.118	0.120	0.083	0.116	0.119	0.118	0.235	0.203	0.187	0.151	0.115	0.117	0.119	0.124	0.115	0.117	0.119	0.115
34:00:02	0.258	0.241	0.193	0.149	0.117	0.116	0.114	0.115	0.117	0.115	0.116	0.117	0.227	0.210	0.199	0.150	0.117	0.117	0.116	0.115	0.117	0.116	0.116	0.115	0.215	0.222	0.194	0.168	0.121	0.124	0.121	0.119	0.118	0.120	0.119	0.118	0.208	0.206	0.207	0.184	0.128	0.132	0.133	0.127	0.091	0.093	0.117	0.117	0.210	0.209	0.209	0.200	0.133	0.134	0.138	0.138	0.135	0.127	0.118	0.120	0.186	0.191	0.196	0.202	0.131	0.133	0.136	0.136	0.131	0.123	0.118	0.120	0.222	0.197	0.194	0.137	0.118	0.122	0.119	0.120	0.083	0.117	0.119	0.118	0.234	0.202	0.186	0.151	0.115	0.117	0.119	0.126	0.115	0.117	0.119	0.115
34:20:02	0.258	0.241	0.191	0.149	0.117	0.116	0.114	0.115	0.117	0.116	0.116	0.117	0.229	0.212	0.200	0.150	0.117	0.117	0.115	0.115	0.117	0.116	0.116	0.115	0.217	0.223	0.194	0.174	0.121	0.124	0.121	0.119	0.118	0.120	0.118	0.118	0.211	0.208	0.206	0.185	0.128	0.132	0.133	0.127	0.090	0.094	0.117	0.117	0.214	0.212	0.208	0.202	0.133	0.134	0.138	0.137	0.135	0.126	0.118	0.121	0.190	0.194	0.197	0.204	0.131	0.133	0.136	0.136	0.131	0.123	0.118	0.120	0.227	0.202	0.195	0.137	0.118	0.123	0.118	0.120	0.083	0.116	0.119	0.118	0.240	0.207	0.187	0.151	0.115	0.117	0.119	0.124	0.115	0.117	0.119	0.115
34:40:02	0.259	0.242	0.191	0.149	0.117	0.116	0.114	0.115	0.117	0.116	0.116	0.117	0.230	0.212	0.199	0.150	0.117	0.117	0.116	0.115	0.117	0.115	0.116	0.115	0.218	0.224	0.193	0.174	0.121	0.124	0.121	0.119	0.118	0.120	0.118	0.118	0.212	0.208	0.206	0.186	0.128	0.132	0.133	0.127	0.090	0.094	0.117	0.117	0.215	0.213	0.207	0.203	0.133	0.134	0.138	0.138	0.135	0.127	0.118	0.121	0.190	0.194	0.197	0.204	0.131	0.133	0.136	0.137	0.131	0.123	0.118	0.120	0.229	0.202	0.195	0.137	0.118	0.123	0.118	0.120	0.083	0.116	0.119	0.118	0.241	0.208	0.187	0.151	0.115	0.117	0.119	0.124	0.115	0.117	0.119	0.115
35:00:02	0.260	0.243	0.191	0.149	0.117	0.116	0.114	0.115	0.117	0.115	0.116	0.116	0.231	0.212	0.200	0.150	0.117	0.117	0.116	0.115	0.117	0.116	0.116	0.115	0.220	0.224	0.193	0.174	0.121	0.124	0.121	0.119	0.118	0.120	0.118	0.118	0.213	0.209	0.207	0.186	0.128	0.132	0.134	0.127	0.091	0.094	0.117	0.117	0.215	0.214	0.208	0.202	0.133	0.134	0.138	0.138	0.135	0.127	0.118	0.121	0.191	0.195	0.198	0.205	0.131	0.133	0.137	0.137	0.131	0.123	0.118	0.120	0.230	0.203	0.195	0.138	0.119	0.123	0.118	0.120	0.083	0.116	0.118	0.118	0.242	0.210	0.186	0.151	0.115	0.117	0.119	0.124	0.115	0.117	0.119	0.115
35:20:02	0.261	0.244	0.192	0.149	0.117	0.116	0.114	0.115	0.117	0.115	0.116	0.117	0.232	0.214	0.200	0.150	0.117	0.117	0.115	0.115	0.117	0.115	0.116	0.115	0.220	0.225	0.194	0.174	0.121	0.124	0.121	0.119	0.118	0.120	0.118	0.118	0.214	0.209	0.207	0.187	0.128	0.132	0.134	0.127	0.090	0.094	0.117	0.117	0.216	0.215	0.208	0.203	0.133	0.134	0.138	0.138	0.135	0.127	0.118	0.121	0.191	0.194	0.198	0.204	0.131	0.133	0.137	0.137	0.131	0.123	0.118	0.120	0.231	0.204	0.194	0.138	0.118	0.123	0.118	0.120	0.083	0.116	0.118	0.117	0.243	0.211	0.187	0.151	0.115	0.117	0.119	0.125	0.115	0.117	0.119	0.115
35:40:02	0.263	0.246	0.192	0.149	0.117	0.116	0.114	0.116	0.117	0.115	0.116	0.117	0.233	0.216	0.200	0.150	0.117	0.117	0.116	0.116	0.117	0.116	0.116	0.115	0.220	0.225	0.193	0.170	0.121	0.124	0.121	0.119	0.118	0.120	0.119	0.118	0.213	0.209	0.209	0.186	0.129	0.133	0.133	0.127	0.092	0.096	0.117	0.117	0.215	0.215	0.209	0.202	0.133	0.134	0.138	0.138	0.135	0.127	0.118	0.120	0.189	0.192	0.197	0.202	0.132	0.133	0.136	0.137	0.131	0.123	0.118	0.120	0.229	0.202	0.194	0.137	0.119	0.123	0.119	0.120	0.083	0.116	0.119	0.118	0.242	0.209	0.186	0.151	0.115	0.117	0.119	0.126	0.115	0.117	0.119	0.115
36:00:02	0.264	0.246	0.192	0.148	0.117	0.116	0.114	0.115	0.117	0.116	0.116	0.117	0.234	0.215	0.200	0.148	0.117	0.117	0.116	0.115	0.117	0.116	0.116	0.115	0.222	0.226	0.194	0.174	0.121	0.124	0.121	0.119	0.118	0.120	0.118	0.118	0.216	0.211	0.208	0.187	0.128	0.132	0.134	0.127	0.091	0.093	0.117	0.117	0.218	0.217	0.208	0.204	0.133	0.134	0.138	0.138	0.135	0.127	0.118	0.121	0.192	0.195	0.198	0.204	0.131	0.133	0.137	0.137	0.131	0.123	0.118	0.120	0.234	0.207	0.195	0.137	0.118	0.123	0.118	0.120	0.083	0.116	0.118	0.117	0.246	0.216	0.187	0.151	0.115	0.117	0.119	0.124	0.115	0.117	0.119	0.115
36:20:02	0.265	0.248	0.191	0.149	0.117	0.115	0.114	0.115	0.117	0.115	0.116	0.117	0.235	0.216	0.201	0.150	0.117	0.117	0.116	0.116	0.117	0.116	0.116	0.115	0.224	0.226	0.192	0.175	0.121	0.124	0.121	0.119	0.118	0.120	0.118	0.118	0.218	0.212	0.208	0.188	0.128	0.132	0.134	0.127	0.090	0.093	0.117	0.117	0.220	0.218	0.209	0.204	0.133	0.134	0.138	0.138	0.135	0.127	0.118	0.121	0.193	0.196	0.198	0.204	0.131	0.134	0.137	0.137	0.131	0.123	0.118	0.120	0.236	0.208	0.195	0.138	0.118	0.123	0.118	0.120	0.083	0.116	0.118	0.117	0.247	0.217	0.186	0.151	0.114	0.116	0.119	0.124	0.115	0.117	0.119	0.115
36:40:02	0.265	0.249	0.191	0.149	0.117	0.115	0.114	0.115	0.117	0.115	0.116	0.117	0.236	0.217	0.201	0.149	0.117	0.117	0.115	0.115	0.117	0.116	0.116	0.115	0.225	0.227	0.192	0.175	0.121	0.124	0.121	0.119	0.118	0.120	0.118	0.118	0.219	0.212	0.208	0.188	0.128	0.132	0.134	0.127	0.091	0.094	0.117	0.117	0.221	0.218	0.208	0.203	0.133	0.134	0.139	0.138	0.135	0.127	0.118	0.121	0.194	0.196	0.198	0.204	0.131	0.134	0.137	0.137	0.131	0.123	0.118	0.120	0.237	0.209	0.195	0.138	0.119	0.123	0.118	0.120	0.083	0.116	0.118	0.118	0.248	0.218	0.187	0.151	0.115	0.117	0.119	0.123	0.115	0.118	0.119	0.115
37:00:02	0.266	0.250	0.193	0.149	0.117	0.116	0.114	0.115	0.117	0.115	0.116	0.117	0.237	0.219	0.201	0.149	0.117	0.117	0.116	0.116	0.117	0.116	0.116	0.115	0.226	0.228	0.196	0.175	0.121	0.124	0.121	0.119	0.118	0.120	0.118	0.118	0.220	0.213	0.208	0.189	0.128	0.132	0.134	0.127	0.091	0.093	0.117	0.117	0.222	0.219	0.209	0.204	0.133	0.134	0.138	0.138	0.135	0.127	0.118	0.121	0.194	0.197	0.198	0.204	0.131	0.133	0.137	0.137	0.131	0.123	0.118	0.120	0.238	0.211	0.195	0.137	0.119	0.123	0.118	0.120	0.083	0.116	0.118	0.118	0.249	0.220	0.188	0.150	0.115	0.117	0.119	0.124	0.115	0.118	0.119	0.115
37:20:02	0.267	0.251	0.192	0.148	0.117	0.116	0.114	0.115	0.117	0.115	0.116	0.117	0.238	0.219	0.200	0.150	0.117	0.117	0.116	0.116	0.117	0.116	0.116	0.115	0.227	0.228	0.196	0.176	0.121	0.124	0.121	0.119	0.118	0.120	0.118	0.118	0.221	0.213	0.208	0.190	0.129	0.132	0.134	0.127	0.091	0.093	0.117	0.117	0.224	0.220	0.209	0.204	0.133	0.134	0.139	0.138	0.135	0.127	0.118	0.121	0.195	0.199	0.198	0.204	0.131	0.134	0.136	0.137	0.131	0.123	0.118	0.120	0.239	0.212	0.196	0.137	0.119	0.123	0.118	0.120	0.083	0.116	0.118	0.117	0.251	0.221	0.187	0.150	0.115	0.117	0.119	0.124	0.115	0.118	0.119	0.115
37:40:02	0.267	0.252	0.192	0.149	0.117	0.116	0.114	0.115	0.117	0.115	0.116	0.117	0.239	0.221	0.201	0.149	0.117	0.117	0.116	0.115	0.117	0.116	0.116	0.115	0.228	0.229	0.196	0.176	0.122	0.125	0.121	0.119	0.118	0.120	0.118	0.118	0.221	0.213	0.209	0.190	0.129	0.133	0.134	0.128	0.091	0.094	0.117	0.117	0.225	0.220	0.209	0.205	0.134	0.135	0.139	0.138	0.136	0.128	0.118	0.121	0.197	0.199	0.198	0.204	0.132	0.134	0.137	0.137	0.132	0.123	0.118	0.120	0.240	0.213	0.196	0.138	0.119	0.124	0.119	0.120	0.083	0.116	0.118	0.118	0.253	0.223	0.187	0.150	0.114	0.117	0.119	0.124	0.115	0.118	0.119	0.115
38:00:02	0.269	0.255	0.193	0.148	0.117	0.115	0.114	0.115	0.117	0.115	0.116	0.116	0.243	0.223	0.201	0.150	0.117	0.117	0.115	0.115	0.117	0.116	0.116	0.116	0.232	0.231	0.196	0.177	0.122	0.125	0.121	0.119	0.118	0.120	0.118	0.118	0.226	0.217	0.209	0.192	0.128	0.133	0.135	0.128	0.091	0.094	0.117	0.117	0.229	0.223	0.210	0.206	0.134	0.135	0.139	0.139	0.136	0.128	0.118	0.121	0.200	0.202	0.199	0.205	0.131	0.134	0.137	0.138	0.131	0.124	0.118	0.120	0.243	0.216	0.195	0.137	0.119	0.124	0.119	0.120	0.083	0.116	0.119	0.117	0.255	0.225	0.186	0.151	0.115	0.117	0.119	0.123	0.115	0.118	0.119	0.115
38:20:02	0.269	0.254	0.193	0.149	0.117	0.115	0.114	0.115	0.117	0.115	0.116	0.117	0.241	0.221	0.201	0.149	0.117	0.117	0.116	0.115	0.117	0.116	0.116	0.116	0.230	0.230	0.196	0.176	0.122	0.125	0.121	0.119	0.119	0.120	0.118	0.118	0.223	0.213	0.209	0.191	0.128	0.133	0.134	0.128	0.091	0.094	0.117	0.117	0.226	0.222	0.210	0.204	0.134	0.135	0.139	0.139	0.136	0.128	0.118	0.121	0.198	0.201	0.199	0.204	0.132	0.134	0.137	0.138	0.132	0.123	0.118	0.120	0.243	0.215	0.196	0.137	0.119	0.124	0.119	0.120	0.083	0.116	0.118	0.118	0.255	0.225	0.187	0.150	0.115	0.117	0.119	0.124	0.115	0.118	0.119	0.115
38:40:02	0.270	0.256	0.193	0.148	0.117	0.115	0.114	0.115	0.117	0.115	0.116	0.117	0.242	0.223	0.201	0.150	0.117	0.117	0.116	0.116	0.117	0.116	0.116	0.115	0.229	0.230	0.196	0.171	0.122	0.124	0.121	0.119	0.119	0.120	0.119	0.118	0.223	0.213	0.210	0.191	0.129	0.134	0.135	0.128	0.092	0.095	0.117	0.117	0.225	0.222	0.210	0.204	0.134	0.135	0.140	0.139	0.137	0.128	0.118	0.120	0.195	0.199	0.198	0.202	0.133	0.134	0.137	0.138	0.132	0.124	0.118	0.120	0.241	0.213	0.195	0.137	0.119	0.124	0.119	0.120	0.083	0.117	0.119	0.117	0.255	0.222	0.186	0.150	0.115	0.117	0.119	0.125	0.115	0.118	0.119	0.115
39:00:02	0.271	0.256	0.194	0.148	0.117	0.115	0.114	0.115	0.117	0.115	0.116	0.117	0.243	0.222	0.201	0.149	0.117	0.117	0.116	0.116	0.117	0.116	0.116	0.115	0.231	0.231	0.196	0.176	0.122	0.125	0.121	0.119	0.119	0.120	0.118	0.118	0.225	0.215	0.209	0.192	0.129	0.133	0.135	0.128	0.091	0.094	0.117	0.117	0.228	0.223	0.210	0.206	0.134	0.135	0.140	0.139	0.136	0.128	0.118	0.121	0.198	0.201	0.198	0.205	0.132	0.134	0.137	0.138	0.132	0.124	0.118	0.120	0.245	0.218	0.196	0.136	0.119	0.124	0.119	0.120	0.083	0.116	0.119	0.118	0.257	0.228	0.187	0.150	0.115	0.117	0.119	0.124	0.115	0.118	0.119	0.115
39:20:02	0.272	0.257	0.192	0.148	0.117	0.115	0.114	0.115	0.117	0.115	0.116	0.117	0.244	0.222	0.201	0.149	0.117	0.117	0.116	0.116	0.117	0.116	0.116	0.116	0.232	0.232	0.196	0.177	0.122	0.125	0.121	0.119	0.118	0.120	0.118	0.118	0.226	0.216	0.210	0.192	0.128	0.133	0.135	0.128	0.091	0.094	0.117	0.117	0.229	0.224	0.210	0.205	0.134	0.135	0.139	0.138	0.136	0.127	0.118	0.121	0.198	0.202	0.198	0.205	0.132	0.134	0.137	0.137	0.132	0.123	0.118	0.120	0.246	0.219	0.195	0.136	0.119	0.123	0.118	0.120	0.083	0.116	0.119	0.118	0.258	0.229	0.187	0.150	0.115	0.117	0.119	0.124	0.115	0.118	0.119	0.115
39:40:02	0.272	0.258	0.194	0.148	0.117	0.115	0.114	0.115	0.117	0.115	0.116	0.117	0.245	0.224	0.201	0.149	0.118	0.117	0.116	0.115	0.117	0.116	0.116	0.115	0.233	0.232	0.196	0.177	0.121	0.124	0.121	0.119	0.118	0.120	0.118	0.118	0.227	0.216	0.210	0.192	0.128	0.132	0.133	0.127	0.090	0.094	0.117	0.117	0.229	0.225	0.209	0.204	0.133	0.134	0.138	0.137	0.134	0.126	0.118	0.121	0.199	0.202	0.198	0.204	0.131	0.133	0.136	0.136	0.130	0.123	0.118	0.120	0.247	0.220	0.195	0.136	0.119	0.123	0.118	0.120	0.083	0.116	0.119	0.118	0.259	0.230	0.187	0.150	0.115	0.117	0.119	0.124	0.115	0.118	0.119	0.115
40:00:02	0.273	0.259	0.195	0.148	0.117	0.115	0.114	0.115	0.117	0.115	0.116	0.116	0.245	0.227	0.201	0.149	0.117	0.117	0.116	0.116	0.117	0.116	0.116	0.115	0.234	0.232	0.203	0.177	0.121	0.124	0.121	0.118	0.118	0.120	0.118	0.118	0.228	0.217	0.210	0.192	0.128	0.132	0.133	0.126	0.090	0.094	0.117	0.117	0.230	0.225	0.208	0.204	0.132	0.133	0.137	0.136	0.133	0.126	0.118	0.120	0.200	0.203	0.198	0.203	0.130	0.132	0.135	0.135	0.130	0.122	0.118	0.120	0.248	0.221	0.196	0.137	0.119	0.123	0.118	0.120	0.083	0.116	0.119	0.118	0.260	0.232	0.187	0.150	0.114	0.117	0.119	0.124	0.115	0.118	0.119	0.115
40:20:02	0.274	0.261	0.193	0.148	0.117	0.115	0.114	0.115	0.117	0.115	0.116	0.117	0.246	0.227	0.202	0.149	0.117	0.117	0.116	0.115	0.117	0.116	0.116	0.115	0.234	0.232	0.196	0.172	0.121	0.123	0.121	0.119	0.118	0.120	0.119	0.118	0.228	0.216	0.211	0.192	0.128	0.132	0.132	0.127	0.091	0.096	0.117	0.117	0.229	0.225	0.209	0.203	0.131	0.133	0.136	0.135	0.133	0.126	0.118	0.120	0.197	0.202	0.197	0.201	0.130	0.131	0.134	0.135	0.129	0.122	0.118	0.120	0.246	0.220	0.195	0.138	0.118	0.122	0.119	0.120	0.083	0.117	0.119	0.118	0.259	0.230	0.186	0.150	0.114	0.117	0.119	0.125	0.115	0.118	0.119	0.115
40:40:02	0.274	0.261	0.193	0.148	0.117	0.115	0.114	0.115	0.117	0.115	0.116	0.117	0.247	0.228	0.201	0.149	0.117	0.117	0.116	0.115	0.117	0.116	0.116	0.116	0.236	0.233	0.197	0.177	0.121	0.124	0.120	0.118	0.118	0.120	0.118	0.118	0.231	0.218	0.210	0.194	0.127	0.131	0.132	0.126	0.090	0.093	0.117	0.117	0.232	0.226	0.208	0.203	0.131	0.132	0.136	0.134	0.132	0.125	0.118	0.121	0.202	0.204	0.198	0.203	0.129	0.130	0.133	0.134	0.129	0.122	0.118	0.120	0.251	0.224	0.196	0.137	0.118	0.122	0.118	0.120	0.083	0.117	0.119	0.118	0.261	0.235	0.187	0.150	0.114	0.117	0.119	0.124	0.115	0.118	0.119	0.115
41:00:02	0.275	0.262	0.192	0.146	0.117	0.115	0.114	0.115	0.117	0.115	0.116	0.117	0.248	0.228	0.201	0.148	0.117	0.117	0.116	0.115	0.117	0.116	0.116	0.115	0.236	0.233	0.196	0.176	0.121	0.124	0.120	0.118	0.118	0.120	0.118	0.118	0.231	0.219	0.210	0.194	0.127	0.131	0.132	0.126	0.089	0.094	0.117	0.117	0.234	0.227	0.209	0.203	0.130	0.132	0.135	0.134	0.132	0.125	0.118	0.121	0.204	0.205	0.197	0.203	0.128	0.130	0.133	0.134	0.129	0.122	0.117	0.120	0.251	0.224	0.196	0.139	0.118	0.122	0.118	0.120	0.083	0.117	0.118	0.118	0.262	0.237	0.187	0.150	0.115	0.117	0.119	0.124	0.115	0.118	0.119	0.115
41:20:02	0.276	0.263	0.192	0.147	0.117	0.115	0.114	0.115	0.117	0.115	0.116	0.116	0.249	0.229	0.201	0.149	0.117	0.117	0.115	0.115	0.117	0.116	0.116	0.116	0.237	0.234	0.199	0.177	0.121	0.123	0.120	0.118	0.118	0.119	0.118	0.118	0.233	0.219	0.210	0.194	0.127	0.130	0.131	0.125	0.089	0.094	0.117	0.117	0.234	0.227	0.208	0.202	0.130	0.131	0.135	0.133	0.131	0.125	0.118	0.120	0.205	0.206	0.197	0.203	0.128	0.130	0.132	0.133	0.129	0.121	0.118	0.120	0.252	0.225	0.196	0.137	0.118	0.122	0.118	0.120	0.083	0.116	0.118	0.118	0.263	0.238	0.187	0.150	0.114	0.117	0.119	0.124	0.115	0.118	0.119	0.115
41:40:02	0.277	0.264	0.195	0.148	0.117	0.115	0.114	0.115	0.117	0.115	0.116	0.117	0.249	0.229	0.201	0.149	0.117	0.117	0.116	0.115	0.117	0.116	0.116	0.116	0.238	0.234	0.196	0.178	0.121	0.124	0.120	0.118	0.118	0.119	0.118	0.118	0.233	0.220	0.211	0.194	0.127	0.131	0.132	0.126	0.089	0.094	0.117	0.117	0.235	0.228	0.208	0.204	0.130	0.132	0.135	0.134	0.132	0.125	0.118	0.121	0.207	0.207	0.197	0.202	0.129	0.130	0.133	0.134	0.129	0.122	0.118	0.120	0.253	0.226	0.196	0.137	0.118	0.122	0.118	0.120	0.083	0.117	0.118	0.117	0.264	0.240	0.187	0.150	0.114	0.117	0.119	0.124	0.115	0.118	0.119	0.115
42:00:03	0.278	0.265	0.194	0.148	0.117	0.115	0.114	0.115	0.117	0.116	0.116	0.117	0.250	0.230	0.201	0.147	0.118	0.117	0.115	0.115	0.117	0.116	0.116	0.116	0.239	0.235	0.197	0.178	0.121	0.124	0.120	0.118	0.118	0.120	0.118	0.118	0.234	0.220	0.210	0.194	0.127	0.131	0.132	0.126	0.090	0.094	0.117	0.117	0.236	0.229	0.208	0.204	0.130	0.132	0.135	0.134	0.132	0.125	0.118	0.121	0.207	0.207	0.197	0.202	0.129	0.130	0.133	0.134	0.129	0.122	0.118	0.120	0.254	0.227	0.196	0.137	0.118	0.122	0.118	0.120	0.083	0.117	0.119	0.118	0.266	0.241	0.187	0.150	0.114	0.117	0.119	0.124	0.115	0.118	0.119	0.115
42:20:03	0.278	0.266	0.192	0.148	0.117	0.115	0.114	0.115	0.117	0.116	0.116	0.117	0.251	0.231	0.201	0.149	0.118	0.117	0.116	0.116	0.117	0.116	0.116	0.115	0.239	0.236	0.198	0.179	0.121	0.124	0.120	0.118	0.118	0.120	0.118	0.118	0.235	0.220	0.211	0.195	0.127	0.131	0.132	0.126	0.089	0.094	0.117	0.117	0.237	0.229	0.208	0.203	0.130	0.132	0.135	0.134	0.132	0.125	0.118	0.121	0.209	0.207	0.197	0.202	0.129	0.130	0.133	0.134	0.129	0.122	0.118	0.120	0.255	0.228	0.197	0.137	0.118	0.122	0.118	0.120	0.083	0.117	0.119	0.118	0.266	0.242	0.187	0.150	0.115	0.117	0.119	0.124	0.115	0.118	0.119	0.115
42:40:03	0.279	0.267	0.197	0.147	0.117	0.115	0.114	0.116	0.117	0.115	0.116	0.117	0.251	0.232	0.201	0.149	0.117	0.117	0.116	0.116	0.117	0.116	0.116	0.115	0.240	0.236	0.199	0.173	0.121	0.123	0.121	0.119	0.118	0.120	0.119	0.118	0.234	0.219	0.212	0.194	0.128	0.132	0.132	0.127	0.090	0.096	0.117	0.117	0.237	0.229	0.209	0.203	0.131	0.132	0.136	0.134	0.133	0.126	0.118	0.120	0.206	0.206	0.196	0.201	0.130	0.131	0.134	0.135	0.130	0.122	0.118	0.120	0.254	0.227	0.195	0.136	0.118	0.122	0.119	0.120	0.083	0.117	0.119	0.118	0.267	0.240	0.186	0.150	0.114	0.117	0.119	0.125	0.115	0.118	0.119	0.115
43:00:03	0.280	0.268	0.194	0.148	0.117	0.115	0.114	0.115	0.117	0.115	0.116	0.117	0.252	0.233	0.201	0.149	0.118	0.117	0.116	0.116	0.117	0.116	0.116	0.115	0.241	0.237	0.196	0.180	0.121	0.124	0.121	0.119	0.118	0.120	0.118	0.118	0.237	0.221	0.211	0.196	0.128	0.132	0.133	0.127	0.090	0.095	0.117	0.117	0.239	0.231	0.209	0.204	0.131	0.133	0.136	0.135	0.133	0.126	0.118	0.120	0.211	0.209	0.197	0.202	0.130	0.131	0.134	0.135	0.130	0.122	0.118	0.120	0.257	0.231	0.196	0.137	0.118	0.123	0.118	0.120	0.083	0.117	0.118	0.117	0.268	0.246	0.187	0.150	0.114	0.117	0.119	0.124	0.115	0.118	0.119	0.115
43:20:03	0.281	0.269	0.195	0.147	0.117	0.115	0.114	0.115	0.117	0.115	0.116	0.117	0.253	0.234	0.201	0.148	0.118	0.117	0.116	0.115	0.117	0.116	0.116	0.116	0.242	0.237	0.196	0.180	0.122	0.124	0.121	0.119	0.118	0.120	0.118	0.118	0.238	0.222	0.212	0.197	0.127	0.132	0.133	0.127	0.090	0.094	0.117	0.117	0.240	0.231	0.209	0.206	0.132	0.133	0.137	0.136	0.134	0.127	0.118	0.120	0.212	0.210	0.198	0.203	0.131	0.132	0.135	0.136	0.131	0.123	0.118	0.120	0.258	0.232	0.196	0.137	0.118	0.123	0.119	0.120	0.083	0.117	0.118	0.118	0.269	0.247	0.187	0.150	0.115	0.117	0.119	0.124	0.115	0.118	0.119	0.115
43:40:03	0.282	0.270	0.192	0.147	0.117	0.115	0.114	0.115	0.117	0.116	0.116	0.117	0.253	0.234	0.201	0.149	0.118	0.117	0.116	0.116	0.117	0.116	0.116	0.115	0.243	0.238	0.201	0.180	0.122	0.124	0.121	0.119	0.118	0.120	0.118	0.118	0.239	0.223	0.211	0.197	0.128	0.132	0.134	0.127	0.090	0.094	0.117	0.117	0.241	0.232	0.209	0.206	0.132	0.134	0.138	0.136	0.135	0.127	0.118	0.120	0.213	0.210	0.197	0.203	0.131	0.132	0.135	0.136	0.131	0.123	0.118	0.120	0.259	0.233	0.196	0.137	0.118	0.123	0.119	0.120	0.083	0.117	0.119	0.118	0.270	0.249	0.188	0.150	0.115	0.117	0.119	0.124	0.115	0.118	0.119	0.115
44:00:03	0.282	0.271	0.191	0.147	0.117	0.115	0.114	0.115	0.117	0.116	0.116	0.117	0.254	0.234	0.201	0.148	0.117	0.117	0.116	0.115	0.117	0.116	0.116	0.116	0.243	0.238	0.197	0.180	0.122	0.124	0.121	0.119	0.118	0.120	0.118	0.118	0.240	0.223	0.211	0.197	0.128	0.132	0.134	0.127	0.090	0.095	0.117	0.117	0.242	0.233	0.209	0.207	0.133	0.134	0.138	0.137	0.135	0.127	0.118	0.120	0.215	0.212	0.198	0.204	0.131	0.133	0.135	0.137	0.131	0.123	0.118	0.120	0.261	0.234	0.196	0.138	0.118	0.123	0.119	0.120	0.083	0.117	0.118	0.118	0.271	0.250	0.187	0.150	0.114	0.117	0.119	0.124	0.115	0.118	0.119	0.115
44:20:03	0.284	0.272	0.192	0.147	0.117	0.115	0.114	0.115	0.117	0.115	0.116	0.116	0.255	0.234	0.201	0.148	0.117	0.117	0.116	0.116	0.117	0.116	0.116	0.115	0.244	0.238	0.195	0.180	0.122	0.125	0.121	0.119	0.119	0.120	0.118	0.118	0.241	0.224	0.212	0.197	0.129	0.133	0.135	0.128	0.091	0.094	0.117	0.117	0.242	0.233	0.209	0.207	0.133	0.135	0.139	0.138	0.136	0.128	0.118	0.120	0.215	0.212	0.198	0.203	0.132	0.134	0.136	0.137	0.132	0.124	0.118	0.120	0.262	0.235	0.196	0.138	0.119	0.124	0.119	0.120	0.083	0.117	0.118	0.117	0.272	0.252	0.187	0.150	0.114	0.117	0.119	0.124	0.115	0.118	0.119	0.115
44:40:03	0.285	0.273	0.195	0.147	0.117	0.115	0.114	0.115	0.117	0.116	0.116	0.117	0.256	0.237	0.201	0.148	0.117	0.117	0.116	0.115	0.117	0.116	0.116	0.115	0.245	0.239	0.200	0.181	0.122	0.125	0.121	0.119	0.119	0.120	0.118	0.118	0.241	0.224	0.212	0.198	0.129	0.133	0.135	0.128	0.091	0.094	0.117	0.117	0.243	0.234	0.211	0.208	0.134	0.135	0.139	0.138	0.136	0.128	0.118	0.120	0.217	0.213	0.198	0.204	0.132	0.134	0.137	0.138	0.132	0.124	0.118	0.120	0.263	0.236	0.196	0.138	0.119	0.124	0.119	0.120	0.083	0.117	0.118	0.118	0.273	0.253	0.186	0.149	0.114	0.117	0.119	0.124	0.115	0.118	0.119	0.115
45:00:03	0.285	0.273	0.193	0.146	0.117	0.115	0.114	0.115	0.117	0.116	0.116	0.116	0.256	0.236	0.201	0.147	0.117	0.117	0.116	0.115	0.117	0.116	0.116	0.115	0.246	0.239	0.197	0.180	0.122	0.125	0.121	0.119	0.119	0.120	0.118	0.118	0.242	0.224	0.212	0.198	0.129	0.133	0.135	0.128	0.091	0.094	0.117	0.117	0.243	0.234	0.210	0.208	0.134	0.136	0.140	0.139	0.137	0.129	0.118	0.120	0.217	0.214	0.198	0.204	0.132	0.135	0.137	0.139	0.133	0.124	0.118	0.120	0.263	0.237	0.196	0.138	0.119	0.124	0.119	0.120	0.083	0.117	0.118	0.118	0.274	0.255	0.186	0.149	0.114	0.116	0.119	0.124	0.115	0.118	0.119	0.115
45:20:03	0.286	0.274	0.191	0.147	0.117	0.115	0.114	0.115	0.116	0.116	0.116	0.116	0.257	0.236	0.201	0.148	0.118	0.117	0.116	0.115	0.117	0.116	0.116	0.115	0.246	0.239	0.201	0.181	0.123	0.125	0.122	0.119	0.119	0.120	0.118	0.118	0.243	0.224	0.213	0.199	0.129	0.134	0.136	0.129	0.092	0.095	0.117	0.117	0.244	0.235	0.211	0.208	0.135	0.136	0.141	0.140	0.138	0.129	0.118	0.120	0.219	0.215	0.199	0.204	0.133	0.135	0.138	0.139	0.133	0.125	0.118	0.120	0.264	0.238	0.196	0.137	0.119	0.124	0.119	0.120	0.083	0.117	0.118	0.117	0.275	0.257	0.187	0.149	0.114	0.117	0.119	0.124	0.115	0.118	0.119	0.115
45:40:03	0.287	0.275	0.192	0.147	0.117	0.115	0.114	0.115	0.116	0.115	0.116	0.116	0.258	0.237	0.201	0.148	0.117	0.117	0.116	0.116	0.117	0.116	0.116	0.115	0.247	0.240	0.200	0.182	0.122	0.125	0.121	0.119	0.119	0.120	0.118	0.118	0.243	0.226	0.213	0.199	0.129	0.133	0.135	0.128	0.091	0.095	0.117	0.117	0.245	0.236	0.210	0.208	0.135	0.136	0.141	0.140	0.137	0.129	0.118	0.120	0.220	0.216	0.198	0.204	0.133	0.135	0.138	0.139	0.133	0.124	0.118	0.120	0.265	0.239	0.196	0.137	0.119	0.124	0.119	0.120	0.083	0.117	0.118	0.118	0.276	0.258	0.186	0.149	0.114	0.117	0.119	0.124	0.115	0.118	0.119	0.115
46:00:03	0.289	0.276	0.194	0.147	0.117	0.115	0.114	0.115	0.116	0.115	0.116	0.116	0.259	0.238	0.201	0.148	0.117	0.117	0.116	0.115	0.117	0.115	0.116	0.115	0.248	0.241	0.198	0.182	0.122	0.125	0.121	0.119	0.119	0.120	0.118	0.117	0.244	0.226	0.212	0.199	0.129	0.133	0.135	0.128	0.091	0.094	0.117	0.117	0.245	0.236	0.210	0.208	0.134	0.136	0.140	0.139	0.137	0.128	0.118	0.120	0.221	0.217	0.198	0.204	0.132	0.135	0.138	0.138	0.132	0.124	0.118	0.120	0.266	0.240	0.196	0.137	0.119	0.124	0.119	0.120	0.083	0.117	0.118	0.117	0.277	0.260	0.186	0.149	0.114	0.117	0.119	0.124	0.115	0.118	0.119	0.115
46:20:03	0.289	0.277	0.191	0.146	0.117	0.115	0.114	0.115	0.116	0.115	0.116	0.117	0.259	0.238	0.201	0.148	0.117	0.117	0.115	0.115	0.117	0.115	0.116	0.115	0.248	0.241	0.197	0.182	0.122	0.125	0.121	0.119	0.118	0.120	0.118	0.118	0.244	0.226	0.212	0.200	0.129	0.133	0.135	0.128	0.091	0.095	0.117	0.117	0.245	0.237	0.210	0.207	0.134	0.135	0.140	0.139	0.136	0.128	0.118	0.120	0.221	0.217	0.198	0.203	0.132	0.134	0.137	0.138	0.132	0.124	0.118	0.120	0.268	0.240	0.195	0.136	0.118	0.124	0.119	0.120	0.083	0.116	0.118	0.117	0.278	0.261	0.186	0.149	0.114	0.117	0.119	0.124	0.115	0.118	0.119	0.115
46:40:03	0.290	0.278	0.192	0.147	0.117	0.115	0.114	0.115	0.116	0.115	0.116	0.116	0.259	0.239	0.201	0.148	0.117	0.117	0.115	0.115	0.117	0.115	0.116	0.115	0.249	0.242	0.200	0.182	0.122	0.125	0.121	0.119	0.119	0.120	0.118	0.117	0.245	0.227	0.212	0.200	0.129	0.133	0.135	0.128	0.091	0.094	0.117	0.117	0.246	0.238	0.210	0.207	0.134	0.135	0.140	0.138	0.136	0.128	0.118	0.120	0.221	0.217	0.198	0.203	0.131	0.134	0.137	0.138	0.132	0.124	0.118	0.120	0.268	0.241	0.195	0.137	0.119	0.124	0.119	0.120	0.083	0.116	0.118	0.118	0.279	0.262	0.186	0.149	0.114	0.117	0.119	0.124	0.115	0.118	0.119	0.115
47:00:03	0.291	0.279	0.192	0.147	0.117	0.115	0.114	0.115	0.116	0.115	0.116	0.116	0.260	0.239	0.201	0.148	0.117	0.117	0.115	0.115	0.116	0.115	0.116	0.115	0.249	0.242	0.198	0.181	0.121	0.123	0.120	0.118	0.118	0.120	0.118	0.118	0.245	0.225	0.212	0.200	0.126	0.130	0.131	0.125	0.089	0.094	0.117	0.117	0.246	0.238	0.208	0.205	0.131	0.132	0.137	0.136	0.132	0.125	0.118	0.120	0.221	0.217	0.196	0.202	0.129	0.132	0.135	0.135	0.129	0.121	0.118	0.119	0.269	0.242	0.195	0.136	0.118	0.122	0.118	0.120	0.083	0.116	0.118	0.118	0.279	0.264	0.186	0.149	0.114	0.116	0.119	0.124	0.115	0.118	0.119	0.115
47:20:03	0.292	0.280	0.191	0.146	0.117	0.115	0.114	0.115	0.116	0.115	0.116	0.117	0.260	0.240	0.202	0.148	0.117	0.117	0.115	0.115	0.117	0.115	0.116	0.115	0.250	0.242	0.196	0.181	0.121	0.123	0.120	0.118	0.118	0.120	0.118	0.118	0.245	0.227	0.212	0.200	0.126	0.130	0.131	0.125	0.089	0.094	0.117	0.117	0.247	0.239	0.209	0.204	0.130	0.131	0.135	0.134	0.131	0.125	0.118	0.120	0.223	0.218	0.196	0.201	0.128	0.130	0.133	0.133	0.129	0.122	0.118	0.120	0.270	0.243	0.195	0.136	0.118	0.122	0.118	0.120	0.083	0.117	0.118	0.118	0.280	0.265	0.186	0.149	0.114	0.117	0.119	0.124	0.115	0.118	0.119	0.115
47:40:03	0.292	0.281	0.191	0.147	0.117	0.115	0.114	0.115	0.116	0.115	0.116	0.117	0.261	0.241	0.202	0.148	0.117	0.117	0.115	0.116	0.117	0.115	0.116	0.115	0.251	0.243	0.197	0.181	0.121	0.123	0.120	0.118	0.118	0.120	0.118	0.118	0.246	0.227	0.212	0.201	0.127	0.131	0.131	0.125	0.089	0.094	0.117	0.117	0.247	0.239	0.209	0.203	0.129	0.131	0.134	0.132	0.131	0.125	0.118	0.120	0.225	0.218	0.196	0.201	0.128	0.129	0.132	0.133	0.129	0.122	0.118	0.120	0.270	0.244	0.195	0.137	0.118	0.122	0.118	0.120	0.083	0.117	0.118	0.118	0.280	0.265	0.186	0.149	0.114	0.117	0.119	0.124	0.115	0.118	0.119	0.115
48:00:03	0.293	0.281	0.191	0.146	0.117	0.115	0.114	0.115	0.116	0.115	0.116	0.117	0.262	0.241	0.201	0.148	0.117	0.116	0.115	0.115	0.117	0.115	0.116	0.115	0.251	0.243	0.200	0.182	0.121	0.123	0.120	0.118	0.118	0.120	0.118	0.118	0.247	0.227	0.212	0.200	0.127	0.130	0.131	0.125	0.089	0.094	0.117	0.117	0.248	0.239	0.208	0.205	0.129	0.131	0.134	0.132	0.130	0.124	0.118	0.120	0.227	0.220	0.196	0.200	0.128	0.129	0.132	0.132	0.128	0.121	0.118	0.120	0.271	0.245	0.195	0.136	0.118	0.122	0.118	0.119	0.083	0.116	0.118	0.118	0.280	0.266	0.186	0.149	0.114	0.117	0.119	0.124	0.115	0.118	0.119	0.115

