Field Group

Plate Comment:	
Procedure Summary
  Plate Type:              Corning 96 well for LogPhase600
  Plate Number:            1
  Discontinuous Kinetics:  Runtime 02:00:00 (D:HH:MM), Interval 00:20:00 (HH:MM:SS), 145 Reads (max)
  Read:                    600 nm
  Incubator:               On
    Temperature setpoint:  30 °C
    Temperature gradient:  On
  Shaking:                 On
     Shaking frequency:    600 RPMs		
			
			

600

Time	A1	A2	A3	A4	A5	A6	A7	A8	A9	A10	A11	A12	B1	B2	B3	B4	B5	B6	B7	B8	B9	B10	B11	B12	C1	C2	C3	C4	C5	C6	C7	C8	C9	C10	C11	C12	D1	D2	D3	D4	D5	D6	D7	D8	D9	D10	D11	D12	E1	E2	E3	E4	E5	E6	E7	E8	E9	E10	E11	E12	F1	F2	F3	F4	F5	F6	F7	F8	F9	F10	F11	F12	G1	G2	G3	G4	G5	G6	G7	G8	G9	G10	G11	G12	H1	H2	H3	H4	H5	H6	H7	H8	H9	H10	H11	H12
0:00:00	0.121	0.119	0.121	0.118	0.120	0.118	0.119	0.117	0.122	0.122	0.099	0.122	0.121	0.118	0.120	0.119	0.118	0.118	0.118	0.121	0.125	0.123	0.120	0.119	0.120	0.122	0.119	0.118	0.122	0.123	0.120	0.118	0.118	0.127	0.120	0.117	0.119	0.122	0.120	0.118	0.118	0.118	0.119	0.119	0.121	0.120	0.135	0.118	0.121	0.118	0.121	0.119	0.118	0.118	0.119	0.119	0.118	0.119	0.094	0.122	0.118	0.118	0.121	0.121	0.127	0.123	0.121	0.119	0.119	0.121	0.120	0.118	0.120	0.118	0.119	0.124	0.120	0.111	0.123	0.119	0.087	0.123	0.120	0.118	0.119	0.120	0.119	0.120	0.121	0.119	0.120	0.117	0.118	0.120	0.120	0.122
0:20:00	0.121	0.120	0.121	0.118	0.120	0.119	0.119	0.117	0.121	0.122	0.096	0.122	0.121	0.119	0.121	0.119	0.118	0.118	0.117	0.121	0.126	0.124	0.119	0.119	0.120	0.123	0.118	0.118	0.122	0.124	0.120	0.118	0.118	0.127	0.120	0.118	0.120	0.122	0.120	0.117	0.118	0.118	0.118	0.119	0.122	0.117	0.137	0.118	0.121	0.119	0.121	0.118	0.118	0.117	0.120	0.119	0.118	0.119	0.092	0.122	0.119	0.119	0.121	0.121	0.126	0.123	0.121	0.119	0.119	0.121	0.121	0.119	0.120	0.119	0.120	0.124	0.121	0.112	0.123	0.119	0.087	0.123	0.121	0.118	0.120	0.120	0.119	0.120	0.121	0.120	0.120	0.118	0.118	0.120	0.120	0.122
0:40:00	0.121	0.121	0.122	0.118	0.121	0.119	0.119	0.117	0.122	0.123	0.098	0.122	0.122	0.120	0.121	0.120	0.118	0.118	0.118	0.121	0.126	0.125	0.120	0.119	0.121	0.125	0.118	0.118	0.122	0.124	0.120	0.118	0.119	0.129	0.120	0.118	0.121	0.123	0.120	0.117	0.118	0.118	0.119	0.120	0.123	0.113	0.137	0.119	0.122	0.120	0.121	0.118	0.119	0.117	0.120	0.119	0.118	0.121	0.092	0.123	0.119	0.120	0.121	0.121	0.126	0.123	0.122	0.119	0.120	0.122	0.121	0.120	0.121	0.119	0.120	0.124	0.120	0.113	0.123	0.119	0.088	0.125	0.121	0.118	0.120	0.121	0.119	0.120	0.121	0.120	0.120	0.118	0.118	0.121	0.120	0.122
1:00:00	0.122	0.122	0.121	0.118	0.120	0.119	0.119	0.117	0.123	0.124	0.096	0.123	0.122	0.121	0.121	0.120	0.118	0.118	0.118	0.121	0.127	0.126	0.120	0.119	0.122	0.126	0.118	0.119	0.122	0.124	0.120	0.118	0.120	0.130	0.120	0.118	0.122	0.124	0.121	0.117	0.117	0.118	0.118	0.119	0.124	0.096	0.137	0.119	0.123	0.121	0.122	0.118	0.118	0.117	0.120	0.119	0.119	0.122	0.091	0.122	0.120	0.121	0.121	0.121	0.126	0.123	0.121	0.119	0.120	0.124	0.121	0.120	0.122	0.121	0.120	0.124	0.121	0.112	0.123	0.120	0.089	0.126	0.121	0.118	0.121	0.121	0.120	0.120	0.121	0.120	0.120	0.118	0.119	0.123	0.120	0.122
1:20:00	0.123	0.124	0.121	0.118	0.120	0.119	0.119	0.118	0.124	0.126	0.096	0.123	0.123	0.122	0.121	0.120	0.118	0.118	0.118	0.121	0.128	0.128	0.120	0.120	0.122	0.128	0.118	0.119	0.122	0.124	0.120	0.118	0.121	0.131	0.120	0.118	0.123	0.126	0.121	0.118	0.117	0.118	0.118	0.119	0.125	0.090	0.138	0.119	0.124	0.122	0.122	0.118	0.119	0.117	0.120	0.119	0.120	0.123	0.090	0.123	0.121	0.123	0.121	0.121	0.126	0.123	0.122	0.119	0.121	0.126	0.121	0.121	0.123	0.122	0.121	0.124	0.121	0.112	0.123	0.120	0.090	0.128	0.121	0.118	0.122	0.121	0.120	0.121	0.121	0.120	0.120	0.118	0.121	0.125	0.121	0.123
1:40:01	0.124	0.125	0.122	0.119	0.120	0.119	0.119	0.118	0.125	0.127	0.096	0.123	0.124	0.123	0.121	0.120	0.118	0.118	0.118	0.122	0.129	0.129	0.120	0.120	0.123	0.129	0.118	0.119	0.122	0.124	0.120	0.118	0.122	0.133	0.121	0.118	0.124	0.127	0.121	0.118	0.117	0.118	0.118	0.120	0.126	0.091	0.138	0.119	0.125	0.124	0.122	0.118	0.118	0.117	0.120	0.119	0.121	0.125	0.089	0.123	0.122	0.124	0.121	0.122	0.126	0.123	0.122	0.119	0.122	0.127	0.121	0.121	0.124	0.123	0.121	0.125	0.121	0.112	0.123	0.120	0.090	0.130	0.122	0.119	0.123	0.122	0.120	0.121	0.121	0.120	0.120	0.118	0.122	0.126	0.121	0.123
2:00:01	0.124	0.127	0.122	0.119	0.120	0.119	0.119	0.118	0.126	0.129	0.096	0.123	0.125	0.124	0.121	0.120	0.118	0.118	0.118	0.122	0.130	0.131	0.120	0.120	0.123	0.130	0.119	0.119	0.122	0.124	0.120	0.119	0.122	0.135	0.121	0.119	0.124	0.128	0.121	0.118	0.117	0.118	0.118	0.120	0.126	0.092	0.138	0.120	0.126	0.125	0.122	0.119	0.118	0.117	0.120	0.119	0.121	0.127	0.088	0.123	0.123	0.125	0.122	0.122	0.126	0.123	0.122	0.119	0.123	0.129	0.122	0.121	0.125	0.124	0.121	0.125	0.121	0.112	0.123	0.120	0.091	0.132	0.122	0.119	0.124	0.122	0.120	0.121	0.121	0.120	0.120	0.118	0.123	0.128	0.121	0.123
2:20:01	0.125	0.128	0.122	0.119	0.120	0.119	0.119	0.118	0.127	0.131	0.097	0.124	0.125	0.125	0.122	0.120	0.118	0.118	0.118	0.122	0.131	0.132	0.121	0.121	0.125	0.131	0.119	0.119	0.122	0.124	0.120	0.119	0.124	0.137	0.121	0.119	0.125	0.129	0.122	0.118	0.117	0.118	0.118	0.119	0.128	0.094	0.138	0.120	0.127	0.127	0.122	0.119	0.119	0.117	0.120	0.119	0.123	0.129	0.088	0.124	0.124	0.126	0.122	0.122	0.126	0.123	0.122	0.119	0.124	0.130	0.122	0.121	0.126	0.126	0.122	0.125	0.121	0.112	0.123	0.120	0.092	0.134	0.122	0.119	0.124	0.122	0.121	0.122	0.121	0.120	0.120	0.118	0.124	0.129	0.121	0.124
2:40:01	0.127	0.130	0.123	0.119	0.120	0.119	0.119	0.118	0.129	0.133	0.097	0.124	0.127	0.126	0.122	0.121	0.118	0.118	0.118	0.122	0.133	0.134	0.121	0.121	0.126	0.133	0.119	0.120	0.122	0.124	0.120	0.119	0.125	0.139	0.122	0.119	0.127	0.131	0.122	0.119	0.118	0.118	0.118	0.119	0.130	0.096	0.139	0.120	0.128	0.129	0.123	0.119	0.119	0.117	0.120	0.119	0.125	0.131	0.088	0.124	0.125	0.127	0.122	0.122	0.126	0.123	0.121	0.119	0.126	0.132	0.122	0.122	0.127	0.128	0.122	0.125	0.121	0.112	0.123	0.121	0.094	0.136	0.123	0.120	0.126	0.124	0.121	0.122	0.121	0.120	0.120	0.118	0.126	0.131	0.122	0.124
3:00:01	0.129	0.132	0.123	0.120	0.120	0.119	0.119	0.118	0.132	0.135	0.097	0.125	0.130	0.129	0.123	0.121	0.118	0.118	0.118	0.122	0.136	0.137	0.122	0.121	0.128	0.136	0.120	0.120	0.122	0.124	0.120	0.119	0.128	0.141	0.122	0.120	0.130	0.133	0.122	0.119	0.118	0.118	0.118	0.119	0.132	0.099	0.139	0.121	0.130	0.131	0.123	0.120	0.119	0.117	0.120	0.120	0.127	0.133	0.089	0.124	0.128	0.130	0.123	0.123	0.126	0.123	0.122	0.119	0.129	0.134	0.123	0.122	0.129	0.130	0.122	0.126	0.121	0.112	0.123	0.121	0.097	0.137	0.123	0.120	0.129	0.125	0.122	0.123	0.121	0.120	0.120	0.118	0.129	0.133	0.122	0.124
3:20:01	0.133	0.134	0.125	0.121	0.120	0.119	0.119	0.118	0.135	0.137	0.098	0.125	0.133	0.132	0.123	0.121	0.118	0.118	0.118	0.122	0.139	0.138	0.122	0.122	0.129	0.137	0.120	0.121	0.122	0.124	0.120	0.119	0.131	0.142	0.122	0.120	0.134	0.135	0.123	0.120	0.118	0.119	0.119	0.119	0.135	0.100	0.139	0.121	0.135	0.133	0.124	0.120	0.119	0.118	0.120	0.120	0.131	0.134	0.089	0.125	0.132	0.132	0.123	0.123	0.125	0.123	0.122	0.119	0.130	0.135	0.123	0.123	0.134	0.132	0.123	0.126	0.121	0.112	0.123	0.121	0.100	0.138	0.123	0.120	0.133	0.127	0.123	0.123	0.121	0.120	0.120	0.118	0.132	0.135	0.123	0.125
3:40:01	0.137	0.137	0.125	0.121	0.120	0.119	0.119	0.118	0.137	0.138	0.100	0.126	0.138	0.135	0.124	0.122	0.119	0.118	0.118	0.121	0.142	0.140	0.123	0.122	0.131	0.140	0.121	0.123	0.122	0.124	0.120	0.119	0.135	0.143	0.123	0.121	0.137	0.137	0.123	0.120	0.118	0.119	0.119	0.120	0.138	0.102	0.139	0.122	0.139	0.135	0.124	0.121	0.119	0.118	0.120	0.120	0.134	0.136	0.090	0.126	0.136	0.134	0.124	0.124	0.126	0.123	0.122	0.119	0.136	0.136	0.124	0.123	0.138	0.134	0.123	0.127	0.121	0.113	0.123	0.123	0.103	0.140	0.124	0.121	0.137	0.129	0.123	0.124	0.121	0.120	0.120	0.118	0.135	0.136	0.124	0.125
4:00:01	0.143	0.140	0.126	0.122	0.120	0.119	0.119	0.118	0.143	0.140	0.099	0.126	0.143	0.138	0.125	0.123	0.118	0.118	0.118	0.121	0.146	0.142	0.123	0.123	0.136	0.143	0.122	0.123	0.122	0.124	0.119	0.120	0.139	0.146	0.123	0.121	0.144	0.141	0.124	0.121	0.118	0.119	0.119	0.120	0.145	0.105	0.141	0.122	0.144	0.137	0.125	0.121	0.119	0.118	0.120	0.120	0.140	0.139	0.090	0.126	0.141	0.138	0.124	0.124	0.126	0.123	0.122	0.119	0.142	0.140	0.124	0.123	0.142	0.137	0.124	0.127	0.121	0.112	0.123	0.123	0.109	0.142	0.124	0.121	0.142	0.134	0.124	0.124	0.121	0.120	0.120	0.118	0.140	0.139	0.124	0.126
4:20:01	0.161	0.148	0.126	0.123	0.120	0.119	0.119	0.118	0.150	0.145	0.100	0.126	0.160	0.147	0.126	0.123	0.118	0.118	0.118	0.121	0.151	0.146	0.124	0.123	0.149	0.152	0.122	0.124	0.122	0.124	0.119	0.120	0.146	0.151	0.124	0.121	0.167	0.149	0.125	0.122	0.118	0.120	0.119	0.120	0.152	0.110	0.141	0.123	0.168	0.145	0.126	0.122	0.119	0.118	0.120	0.120	0.146	0.144	0.091	0.126	0.163	0.146	0.125	0.125	0.126	0.123	0.121	0.119	0.149	0.144	0.125	0.124	0.163	0.146	0.125	0.128	0.121	0.112	0.123	0.123	0.114	0.146	0.125	0.122	0.170	0.143	0.125	0.125	0.121	0.120	0.120	0.118	0.147	0.142	0.124	0.126
4:40:01	0.205	0.178	0.127	0.123	0.120	0.119	0.119	0.118	0.163	0.149	0.101	0.127	0.199	0.172	0.127	0.124	0.119	0.118	0.118	0.121	0.169	0.150	0.124	0.123	0.180	0.179	0.123	0.124	0.122	0.124	0.120	0.120	0.158	0.154	0.124	0.122	0.200	0.172	0.126	0.122	0.118	0.120	0.119	0.120	0.166	0.113	0.141	0.123	0.198	0.169	0.126	0.122	0.119	0.118	0.120	0.120	0.155	0.146	0.091	0.127	0.194	0.166	0.126	0.125	0.126	0.123	0.122	0.119	0.159	0.148	0.125	0.124	0.193	0.168	0.125	0.128	0.121	0.113	0.123	0.123	0.125	0.150	0.125	0.122	0.194	0.156	0.126	0.126	0.121	0.120	0.120	0.118	0.159	0.147	0.125	0.126
5:00:01	0.217	0.200	0.128	0.124	0.120	0.119	0.119	0.118	0.179	0.156	0.100	0.127	0.212	0.188	0.127	0.125	0.119	0.118	0.118	0.121	0.181	0.156	0.124	0.124	0.193	0.195	0.124	0.125	0.122	0.124	0.119	0.120	0.168	0.162	0.125	0.122	0.210	0.188	0.127	0.124	0.118	0.121	0.119	0.121	0.173	0.117	0.142	0.124	0.212	0.186	0.127	0.123	0.119	0.118	0.121	0.121	0.165	0.151	0.092	0.127	0.208	0.183	0.126	0.126	0.126	0.123	0.122	0.119	0.166	0.155	0.126	0.124	0.205	0.185	0.126	0.129	0.121	0.113	0.123	0.123	0.133	0.156	0.126	0.123	0.207	0.168	0.127	0.127	0.121	0.120	0.120	0.118	0.164	0.151	0.125	0.127
5:20:01	0.220	0.195	0.129	0.125	0.120	0.119	0.119	0.119	0.170	0.149	0.100	0.128	0.216	0.188	0.128	0.126	0.119	0.118	0.118	0.121	0.159	0.148	0.125	0.124	0.201	0.192	0.125	0.126	0.123	0.124	0.119	0.120	0.161	0.162	0.125	0.123	0.209	0.189	0.128	0.125	0.119	0.121	0.119	0.121	0.157	0.116	0.142	0.124	0.212	0.188	0.129	0.124	0.120	0.118	0.121	0.121	0.155	0.151	0.092	0.127	0.207	0.186	0.127	0.127	0.126	0.123	0.122	0.119	0.157	0.155	0.126	0.125	0.202	0.187	0.127	0.130	0.121	0.113	0.123	0.123	0.123	0.147	0.126	0.123	0.206	0.171	0.128	0.128	0.121	0.120	0.120	0.118	0.155	0.146	0.126	0.128
5:40:01	0.210	0.191	0.130	0.126	0.120	0.119	0.119	0.119	0.147	0.152	0.102	0.128	0.207	0.187	0.129	0.127	0.119	0.118	0.118	0.121	0.168	0.153	0.125	0.125	0.185	0.188	0.127	0.127	0.123	0.124	0.120	0.120	0.159	0.159	0.126	0.123	0.194	0.188	0.129	0.126	0.119	0.121	0.120	0.121	0.164	0.124	0.143	0.125	0.196	0.188	0.130	0.125	0.120	0.119	0.121	0.121	0.151	0.153	0.093	0.128	0.192	0.185	0.128	0.128	0.126	0.123	0.122	0.119	0.147	0.154	0.126	0.126	0.188	0.183	0.129	0.131	0.121	0.113	0.123	0.123	0.119	0.153	0.127	0.124	0.187	0.157	0.129	0.129	0.121	0.120	0.120	0.118	0.142	0.159	0.127	0.128
6:00:01	0.174	0.170	0.131	0.127	0.120	0.119	0.119	0.119	0.170	0.167	0.101	0.129	0.173	0.166	0.131	0.128	0.119	0.118	0.118	0.121	0.176	0.168	0.126	0.125	0.161	0.167	0.128	0.128	0.123	0.124	0.119	0.120	0.165	0.170	0.126	0.124	0.163	0.166	0.131	0.127	0.119	0.122	0.120	0.121	0.172	0.134	0.144	0.125	0.163	0.163	0.132	0.127	0.120	0.119	0.121	0.122	0.163	0.160	0.093	0.128	0.160	0.161	0.129	0.129	0.126	0.123	0.122	0.119	0.158	0.162	0.127	0.126	0.159	0.159	0.129	0.132	0.121	0.113	0.123	0.123	0.133	0.165	0.128	0.124	0.157	0.146	0.130	0.130	0.121	0.120	0.120	0.118	0.157	0.164	0.127	0.129
6:20:01	0.156	0.153	0.132	0.128	0.120	0.119	0.119	0.119	0.173	0.168	0.101	0.129	0.156	0.149	0.132	0.130	0.128	0.118	0.118	0.121	0.180	0.170	0.126	0.126	0.145	0.151	0.130	0.130	0.123	0.124	0.119	0.120	0.170	0.177	0.126	0.124	0.150	0.150	0.132	0.128	0.119	0.122	0.120	0.121	0.174	0.139	0.144	0.125	0.149	0.146	0.133	0.128	0.120	0.119	0.121	0.122	0.169	0.168	0.094	0.129	0.146	0.145	0.131	0.130	0.126	0.123	0.122	0.119	0.170	0.172	0.127	0.126	0.146	0.144	0.131	0.133	0.121	0.113	0.123	0.123	0.137	0.174	0.128	0.124	0.143	0.148	0.132	0.132	0.121	0.120	0.120	0.118	0.169	0.171	0.127	0.129
6:40:01	0.147	0.148	0.133	0.129	0.120	0.119	0.119	0.119	0.181	0.174	0.101	0.130	0.152	0.151	0.133	0.131	0.126	0.118	0.118	0.121	0.189	0.181	0.127	0.126	0.150	0.154	0.131	0.131	0.123	0.124	0.119	0.120	0.188	0.186	0.127	0.125	0.152	0.153	0.134	0.129	0.119	0.122	0.120	0.121	0.186	0.146	0.145	0.126	0.152	0.150	0.135	0.130	0.120	0.119	0.121	0.122	0.179	0.177	0.094	0.129	0.149	0.148	0.132	0.132	0.126	0.123	0.122	0.119	0.184	0.179	0.128	0.127	0.149	0.146	0.132	0.135	0.121	0.113	0.123	0.123	0.150	0.181	0.128	0.125	0.147	0.146	0.134	0.134	0.121	0.120	0.120	0.118	0.176	0.183	0.128	0.130
7:00:01	0.150	0.148	0.135	0.130	0.120	0.119	0.119	0.119	0.192	0.189	0.103	0.130	0.151	0.147	0.135	0.132	0.123	0.118	0.118	0.121	0.206	0.194	0.127	0.127	0.147	0.151	0.133	0.133	0.123	0.124	0.120	0.121	0.199	0.205	0.127	0.125	0.147	0.150	0.136	0.131	0.119	0.122	0.120	0.121	0.201	0.162	0.144	0.126	0.148	0.146	0.136	0.131	0.120	0.119	0.121	0.122	0.191	0.194	0.095	0.130	0.145	0.146	0.134	0.133	0.126	0.123	0.122	0.119	0.186	0.200	0.128	0.127	0.145	0.144	0.134	0.136	0.121	0.113	0.123	0.123	0.162	0.192	0.129	0.125	0.145	0.144	0.135	0.135	0.121	0.120	0.120	0.118	0.195	0.191	0.128	0.130
7:20:01	0.147	0.146	0.136	0.132	0.120	0.119	0.119	0.119	0.209	0.195	0.102	0.131	0.148	0.145	0.137	0.134	0.123	0.118	0.118	0.121	0.222	0.205	0.128	0.127	0.146	0.149	0.135	0.135	0.123	0.124	0.119	0.121	0.197	0.200	0.128	0.126	0.145	0.148	0.138	0.133	0.119	0.122	0.120	0.121	0.216	0.163	0.146	0.127	0.147	0.145	0.139	0.134	0.120	0.119	0.122	0.123	0.200	0.193	0.095	0.130	0.143	0.144	0.136	0.135	0.126	0.123	0.122	0.119	0.207	0.196	0.129	0.128	0.144	0.143	0.136	0.137	0.121	0.113	0.123	0.123	0.168	0.206	0.129	0.126	0.143	0.143	0.137	0.137	0.121	0.120	0.120	0.118	0.208	0.202	0.129	0.131
7:40:01	0.146	0.145	0.139	0.133	0.120	0.119	0.119	0.119	0.210	0.212	0.104	0.131	0.146	0.144	0.139	0.136	0.121	0.119	0.118	0.121	0.224	0.205	0.128	0.128	0.144	0.148	0.137	0.137	0.123	0.124	0.120	0.121	0.215	0.210	0.129	0.127	0.144	0.147	0.140	0.135	0.120	0.123	0.120	0.122	0.221	0.175	0.146	0.128	0.145	0.144	0.141	0.136	0.121	0.119	0.122	0.123	0.216	0.206	0.096	0.131	0.142	0.143	0.138	0.137	0.126	0.123	0.122	0.119	0.212	0.214	0.129	0.129	0.143	0.142	0.138	0.139	0.121	0.113	0.123	0.123	0.182	0.212	0.130	0.127	0.143	0.143	0.140	0.139	0.121	0.120	0.120	0.118	0.218	0.216	0.130	0.131
8:00:01	0.145	0.144	0.141	0.135	0.120	0.119	0.119	0.119	0.231	0.214	0.105	0.132	0.146	0.143	0.141	0.138	0.119	0.119	0.118	0.121	0.255	0.231	0.129	0.129	0.144	0.147	0.139	0.138	0.123	0.124	0.120	0.121	0.236	0.228	0.129	0.127	0.143	0.146	0.143	0.137	0.120	0.123	0.120	0.122	0.243	0.194	0.146	0.129	0.145	0.143	0.144	0.138	0.120	0.119	0.122	0.123	0.234	0.222	0.096	0.132	0.141	0.143	0.141	0.139	0.126	0.123	0.122	0.119	0.241	0.229	0.129	0.129	0.142	0.141	0.140	0.141	0.121	0.113	0.123	0.123	0.198	0.230	0.130	0.127	0.142	0.143	0.142	0.142	0.121	0.120	0.120	0.118	0.239	0.228	0.130	0.132
8:20:01	0.144	0.144	0.143	0.136	0.120	0.119	0.119	0.120	0.260	0.232	0.105	0.133	0.145	0.143	0.143	0.140	0.121	0.119	0.118	0.121	0.274	0.235	0.130	0.129	0.144	0.147	0.142	0.141	0.123	0.124	0.120	0.121	0.254	0.238	0.130	0.128	0.143	0.146	0.145	0.139	0.120	0.123	0.120	0.122	0.258	0.210	0.147	0.129	0.145	0.143	0.147	0.140	0.121	0.119	0.122	0.123	0.256	0.236	0.097	0.132	0.141	0.142	0.143	0.141	0.126	0.123	0.122	0.119	0.259	0.248	0.130	0.130	0.142	0.141	0.142	0.143	0.121	0.113	0.123	0.123	0.225	0.257	0.131	0.128	0.142	0.143	0.145	0.144	0.121	0.120	0.121	0.118	0.254	0.248	0.131	0.133
8:40:01	0.144	0.143	0.145	0.138	0.120	0.119	0.119	0.119	0.280	0.247	0.106	0.133	0.145	0.143	0.146	0.142	0.121	0.119	0.118	0.121	0.280	0.251	0.130	0.130	0.144	0.147	0.145	0.143	0.123	0.124	0.120	0.121	0.274	0.258	0.130	0.129	0.143	0.146	0.148	0.142	0.120	0.123	0.121	0.122	0.276	0.219	0.147	0.130	0.145	0.143	0.150	0.143	0.121	0.120	0.122	0.123	0.295	0.252	0.097	0.133	0.141	0.142	0.146	0.144	0.126	0.123	0.122	0.119	0.286	0.257	0.130	0.130	0.142	0.141	0.145	0.145	0.121	0.113	0.123	0.123	0.251	0.265	0.131	0.128	0.142	0.143	0.148	0.147	0.121	0.120	0.120	0.118	0.284	0.257	0.131	0.133
9:00:01	0.144	0.143	0.148	0.140	0.120	0.119	0.119	0.120	0.292	0.263	0.107	0.134	0.146	0.143	0.149	0.145	0.121	0.119	0.118	0.121	0.315	0.283	0.131	0.131	0.145	0.147	0.148	0.145	0.123	0.124	0.120	0.121	0.318	0.282	0.131	0.129	0.143	0.146	0.152	0.145	0.120	0.123	0.121	0.123	0.321	0.249	0.147	0.131	0.145	0.143	0.154	0.146	0.121	0.120	0.123	0.124	0.328	0.284	0.097	0.133	0.141	0.142	0.149	0.146	0.126	0.123	0.122	0.120	0.335	0.277	0.131	0.131	0.142	0.141	0.148	0.148	0.121	0.113	0.123	0.123	0.292	0.288	0.131	0.129	0.142	0.144	0.152	0.150	0.121	0.120	0.121	0.118	0.332	0.287	0.131	0.134
9:20:01	0.145	0.144	0.152	0.142	0.120	0.119	0.119	0.120	0.357	0.322	0.107	0.135	0.146	0.143	0.152	0.147	0.122	0.119	0.118	0.121	0.386	0.346	0.131	0.131	0.145	0.147	0.152	0.148	0.124	0.124	0.120	0.121	0.382	0.345	0.131	0.130	0.143	0.147	0.156	0.148	0.120	0.123	0.121	0.123	0.398	0.305	0.147	0.131	0.145	0.144	0.159	0.150	0.121	0.120	0.123	0.124	0.390	0.353	0.097	0.134	0.142	0.143	0.153	0.150	0.126	0.123	0.122	0.120	0.394	0.348	0.131	0.132	0.142	0.142	0.152	0.151	0.121	0.113	0.123	0.123	0.350	0.352	0.131	0.129	0.143	0.146	0.157	0.153	0.121	0.120	0.121	0.118	0.416	0.352	0.131	0.134
9:40:01	0.145	0.144	0.155	0.144	0.120	0.119	0.119	0.120	0.415	0.356	0.107	0.135	0.147	0.144	0.157	0.150	0.122	0.119	0.118	0.121	0.440	0.372	0.132	0.132	0.149	0.148	0.157	0.152	0.124	0.124	0.120	0.121	0.433	0.386	0.131	0.130	0.144	0.147	0.161	0.151	0.121	0.123	0.121	0.123	0.457	0.337	0.148	0.132	0.146	0.145	0.164	0.154	0.121	0.120	0.123	0.124	0.445	0.373	0.097	0.134	0.142	0.144	0.158	0.153	0.126	0.123	0.122	0.120	0.482	0.382	0.131	0.132	0.143	0.142	0.156	0.154	0.121	0.113	0.123	0.123	0.435	0.379	0.131	0.130	0.144	0.147	0.161	0.157	0.121	0.120	0.121	0.118	0.491	0.407	0.131	0.135
10:00:01	0.148	0.146	0.160	0.147	0.120	0.119	0.119	0.120	0.467	0.408	0.108	0.136	0.150	0.146	0.160	0.154	0.122	0.119	0.118	0.121	0.485	0.411	0.132	0.132	0.149	0.150	0.162	0.155	0.124	0.124	0.120	0.121	0.493	0.431	0.131	0.131	0.147	0.149	0.165	0.155	0.121	0.124	0.121	0.123	0.483	0.382	0.147	0.132	0.149	0.146	0.168	0.159	0.121	0.120	0.123	0.124	0.483	0.421	0.098	0.135	0.146	0.146	0.162	0.158	0.126	0.123	0.122	0.120	0.409	0.414	0.131	0.132	0.146	0.144	0.160	0.158	0.121	0.113	0.123	0.123	0.393	0.428	0.131	0.130	0.147	0.148	0.165	0.161	0.121	0.120	0.121	0.118	0.504	0.437	0.131	0.135
10:20:01	0.149	0.146	0.163	0.150	0.120	0.119	0.119	0.120	0.465	0.443	0.108	0.136	0.151	0.146	0.163	0.158	0.122	0.119	0.118	0.121	0.448	0.454	0.132	0.132	0.150	0.150	0.165	0.160	0.124	0.124	0.120	0.121	0.443	0.472	0.131	0.131	0.148	0.150	0.169	0.160	0.121	0.124	0.121	0.123	0.440	0.427	0.148	0.133	0.149	0.147	0.172	0.164	0.121	0.121	0.123	0.124	0.445	0.453	0.098	0.136	0.146	0.146	0.165	0.162	0.126	0.123	0.122	0.120	0.437	0.405	0.131	0.133	0.147	0.145	0.163	0.162	0.121	0.113	0.123	0.123	0.380	0.395	0.131	0.131	0.147	0.147	0.169	0.164	0.121	0.121	0.121	0.118	0.428	0.416	0.131	0.136
10:40:01	0.150	0.147	0.166	0.154	0.120	0.119	0.119	0.120	0.466	0.432	0.108	0.136	0.151	0.146	0.166	0.161	0.122	0.119	0.118	0.121	0.473	0.449	0.133	0.133	0.151	0.150	0.169	0.164	0.124	0.124	0.120	0.121	0.483	0.423	0.131	0.132	0.148	0.150	0.172	0.164	0.121	0.124	0.122	0.124	0.478	0.386	0.148	0.133	0.150	0.148	0.175	0.168	0.122	0.121	0.123	0.125	0.475	0.443	0.098	0.136	0.147	0.147	0.169	0.166	0.126	0.123	0.122	0.120	0.434	0.404	0.132	0.133	0.148	0.145	0.166	0.164	0.121	0.113	0.123	0.123	0.395	0.428	0.131	0.131	0.148	0.148	0.172	0.167	0.121	0.121	0.121	0.118	0.451	0.448	0.132	0.136
11:00:01	0.150	0.147	0.168	0.157	0.120	0.119	0.119	0.120	0.501	0.472	0.108	0.136	0.152	0.147	0.168	0.163	0.122	0.119	0.118	0.121	0.489	0.453	0.133	0.134	0.151	0.151	0.172	0.166	0.124	0.124	0.120	0.121	0.493	0.484	0.131	0.132	0.149	0.151	0.175	0.167	0.121	0.124	0.122	0.124	0.490	0.415	0.148	0.133	0.151	0.148	0.179	0.172	0.122	0.121	0.123	0.125	0.499	0.451	0.098	0.136	0.147	0.147	0.171	0.169	0.126	0.123	0.122	0.120	0.416	0.417	0.132	0.134	0.148	0.146	0.169	0.167	0.121	0.113	0.123	0.123	0.371	0.447	0.132	0.131	0.148	0.150	0.175	0.169	0.121	0.121	0.121	0.118	0.453	0.458	0.132	0.136
11:20:01	0.150	0.147	0.171	0.160	0.120	0.119	0.119	0.120	0.519	0.478	0.108	0.137	0.153	0.147	0.170	0.165	0.122	0.119	0.118	0.121	0.516	0.471	0.134	0.134	0.151	0.151	0.175	0.169	0.124	0.124	0.120	0.121	0.504	0.494	0.132	0.132	0.149	0.151	0.178	0.170	0.121	0.124	0.122	0.124	0.517	0.437	0.149	0.134	0.151	0.148	0.182	0.175	0.122	0.121	0.123	0.125	0.485	0.471	0.099	0.137	0.148	0.147	0.174	0.172	0.126	0.123	0.122	0.120	0.408	0.408	0.132	0.134	0.148	0.146	0.171	0.169	0.121	0.113	0.123	0.123	0.360	0.422	0.132	0.132	0.148	0.153	0.179	0.172	0.121	0.121	0.121	0.118	0.446	0.445	0.132	0.137
11:40:01	0.150	0.147	0.173	0.162	0.120	0.119	0.119	0.120	0.489	0.470	0.109	0.137	0.153	0.147	0.172	0.167	0.122	0.119	0.118	0.121	0.533	0.439	0.134	0.135	0.152	0.151	0.177	0.172	0.124	0.124	0.120	0.121	0.496	0.483	0.132	0.133	0.149	0.151	0.181	0.173	0.121	0.124	0.122	0.123	0.520	0.440	0.149	0.135	0.151	0.148	0.185	0.178	0.122	0.121	0.123	0.125	0.477	0.428	0.099	0.137	0.148	0.147	0.177	0.175	0.126	0.123	0.122	0.120	0.395	0.420	0.133	0.135	0.148	0.146	0.174	0.172	0.121	0.113	0.123	0.123	0.365	0.411	0.133	0.132	0.149	0.154	0.182	0.175	0.121	0.121	0.121	0.119	0.471	0.438	0.133	0.138
12:00:01	0.150	0.150	0.175	0.165	0.120	0.119	0.119	0.120	0.490	0.448	0.109	0.138	0.153	0.148	0.174	0.170	0.122	0.119	0.118	0.121	0.505	0.432	0.135	0.135	0.157	0.152	0.180	0.174	0.124	0.124	0.120	0.121	0.535	0.463	0.133	0.134	0.149	0.153	0.183	0.176	0.122	0.125	0.122	0.124	0.482	0.452	0.150	0.135	0.151	0.150	0.187	0.182	0.122	0.121	0.124	0.126	0.445	0.425	0.100	0.138	0.148	0.149	0.179	0.178	0.126	0.124	0.122	0.120	0.395	0.388	0.133	0.135	0.149	0.149	0.176	0.174	0.121	0.113	0.124	0.123	0.362	0.398	0.133	0.132	0.149	0.154	0.184	0.177	0.121	0.121	0.121	0.118	0.460	0.429	0.134	0.138
12:20:01	0.151	0.153	0.177	0.167	0.120	0.119	0.119	0.120	0.454	0.464	0.110	0.139	0.153	0.151	0.176	0.172	0.122	0.119	0.118	0.121	0.498	0.416	0.135	0.136	0.158	0.155	0.181	0.177	0.124	0.124	0.120	0.121	0.479	0.465	0.134	0.134	0.149	0.155	0.185	0.178	0.121	0.124	0.121	0.123	0.463	0.452	0.150	0.136	0.151	0.152	0.188	0.183	0.121	0.120	0.123	0.124	0.434	0.410	0.101	0.139	0.148	0.151	0.181	0.181	0.126	0.123	0.122	0.120	0.401	0.399	0.134	0.136	0.149	0.151	0.178	0.176	0.121	0.113	0.124	0.123	0.360	0.393	0.134	0.133	0.154	0.154	0.185	0.179	0.121	0.121	0.121	0.118	0.422	0.402	0.135	0.139
12:40:01	0.157	0.152	0.179	0.169	0.120	0.119	0.119	0.120	0.456	0.437	0.111	0.140	0.159	0.151	0.177	0.174	0.122	0.119	0.118	0.121	0.444	0.421	0.136	0.136	0.158	0.155	0.182	0.179	0.124	0.124	0.120	0.121	0.452	0.428	0.135	0.135	0.152	0.155	0.186	0.180	0.121	0.123	0.121	0.122	0.432	0.401	0.152	0.136	0.156	0.152	0.190	0.186	0.121	0.120	0.122	0.124	0.414	0.413	0.102	0.139	0.153	0.151	0.182	0.183	0.126	0.123	0.122	0.119	0.390	0.391	0.135	0.137	0.155	0.151	0.178	0.179	0.121	0.113	0.124	0.123	0.364	0.379	0.136	0.134	0.156	0.154	0.184	0.181	0.121	0.121	0.121	0.119	0.436	0.408	0.136	0.140
13:00:01	0.158	0.152	0.180	0.172	0.120	0.119	0.119	0.120	0.443	0.435	0.111	0.140	0.159	0.151	0.178	0.176	0.122	0.119	0.118	0.121	0.453	0.421	0.136	0.137	0.158	0.155	0.183	0.182	0.124	0.124	0.120	0.121	0.426	0.434	0.136	0.135	0.155	0.155	0.186	0.183	0.121	0.124	0.121	0.123	0.433	0.393	0.152	0.137	0.157	0.152	0.191	0.189	0.121	0.120	0.123	0.124	0.425	0.411	0.103	0.140	0.154	0.151	0.183	0.186	0.126	0.123	0.122	0.119	0.387	0.389	0.136	0.137	0.155	0.150	0.179	0.181	0.121	0.113	0.124	0.123	0.360	0.378	0.137	0.135	0.156	0.154	0.183	0.183	0.121	0.121	0.121	0.119	0.415	0.405	0.137	0.140
13:20:01	0.158	0.152	0.181	0.174	0.120	0.119	0.119	0.120	0.426	0.434	0.112	0.140	0.159	0.151	0.180	0.178	0.122	0.119	0.118	0.121	0.452	0.419	0.137	0.137	0.158	0.155	0.183	0.184	0.124	0.124	0.120	0.121	0.438	0.439	0.137	0.136	0.155	0.155	0.187	0.186	0.121	0.124	0.121	0.123	0.436	0.393	0.153	0.137	0.157	0.152	0.191	0.191	0.121	0.120	0.123	0.124	0.428	0.406	0.104	0.140	0.153	0.151	0.183	0.189	0.126	0.123	0.122	0.120	0.391	0.387	0.137	0.137	0.155	0.150	0.179	0.183	0.121	0.113	0.124	0.123	0.353	0.378	0.137	0.135	0.155	0.155	0.182	0.184	0.121	0.121	0.121	0.119	0.427	0.406	0.138	0.141
13:40:01	0.157	0.153	0.182	0.176	0.120	0.119	0.119	0.120	0.453	0.432	0.112	0.141	0.159	0.151	0.180	0.180	0.122	0.119	0.118	0.121	0.452	0.415	0.138	0.138	0.158	0.155	0.184	0.186	0.124	0.124	0.120	0.121	0.442	0.437	0.138	0.136	0.154	0.155	0.186	0.188	0.121	0.124	0.121	0.123	0.422	0.388	0.155	0.138	0.156	0.152	0.191	0.193	0.121	0.121	0.123	0.124	0.424	0.400	0.105	0.141	0.153	0.151	0.184	0.191	0.126	0.123	0.122	0.120	0.392	0.382	0.139	0.138	0.155	0.150	0.179	0.184	0.121	0.113	0.124	0.123	0.350	0.380	0.139	0.136	0.155	0.155	0.180	0.186	0.121	0.121	0.121	0.119	0.411	0.400	0.139	0.141
14:00:01	0.157	0.153	0.183	0.178	0.120	0.119	0.119	0.120	0.456	0.429	0.113	0.141	0.158	0.151	0.181	0.181	0.122	0.119	0.118	0.121	0.451	0.414	0.139	0.138	0.159	0.155	0.183	0.188	0.124	0.124	0.120	0.121	0.438	0.434	0.139	0.137	0.154	0.155	0.186	0.190	0.121	0.124	0.121	0.123	0.436	0.385	0.156	0.138	0.156	0.152	0.190	0.195	0.121	0.120	0.123	0.124	0.422	0.401	0.106	0.141	0.153	0.151	0.184	0.193	0.126	0.123	0.122	0.119	0.384	0.382	0.139	0.139	0.155	0.150	0.179	0.185	0.121	0.113	0.124	0.123	0.350	0.380	0.140	0.137	0.155	0.155	0.180	0.186	0.121	0.121	0.121	0.119	0.401	0.401	0.140	0.142
14:20:01	0.157	0.153	0.184	0.180	0.120	0.119	0.119	0.120	0.445	0.422	0.114	0.142	0.158	0.151	0.182	0.182	0.122	0.119	0.118	0.121	0.445	0.410	0.140	0.139	0.159	0.155	0.184	0.189	0.124	0.124	0.120	0.122	0.444	0.427	0.140	0.138	0.154	0.155	0.187	0.191	0.121	0.124	0.121	0.122	0.438	0.383	0.157	0.139	0.156	0.152	0.190	0.196	0.121	0.120	0.123	0.124	0.416	0.400	0.107	0.142	0.153	0.151	0.184	0.194	0.126	0.123	0.122	0.119	0.384	0.381	0.140	0.139	0.155	0.151	0.180	0.185	0.121	0.114	0.124	0.123	0.348	0.384	0.141	0.137	0.155	0.156	0.180	0.187	0.121	0.121	0.121	0.119	0.408	0.397	0.142	0.142
14:40:01	0.157	0.153	0.185	0.182	0.120	0.119	0.119	0.120	0.438	0.416	0.114	0.143	0.159	0.152	0.182	0.183	0.122	0.119	0.118	0.121	0.442	0.406	0.140	0.139	0.159	0.155	0.184	0.190	0.124	0.124	0.120	0.121	0.442	0.426	0.141	0.138	0.154	0.155	0.187	0.192	0.121	0.123	0.121	0.122	0.431	0.386	0.158	0.139	0.156	0.152	0.189	0.197	0.121	0.120	0.122	0.124	0.409	0.397	0.108	0.142	0.153	0.152	0.184	0.195	0.126	0.123	0.122	0.119	0.384	0.385	0.141	0.140	0.155	0.151	0.180	0.187	0.121	0.114	0.124	0.123	0.349	0.385	0.142	0.138	0.156	0.157	0.181	0.187	0.121	0.121	0.121	0.119	0.411	0.396	0.143	0.143
15:00:01	0.157	0.153	0.185	0.183	0.120	0.119	0.119	0.120	0.432	0.412	0.115	0.143	0.159	0.152	0.182	0.183	0.122	0.119	0.118	0.121	0.435	0.405	0.141	0.140	0.160	0.156	0.184	0.190	0.124	0.124	0.120	0.121	0.438	0.427	0.142	0.139	0.155	0.155	0.188	0.193	0.121	0.124	0.121	0.122	0.428	0.379	0.158	0.140	0.156	0.153	0.189	0.198	0.121	0.120	0.123	0.124	0.407	0.396	0.109	0.143	0.153	0.152	0.185	0.197	0.126	0.123	0.122	0.119	0.386	0.385	0.142	0.140	0.155	0.151	0.181	0.187	0.121	0.114	0.124	0.123	0.349	0.385	0.143	0.138	0.156	0.157	0.181	0.186	0.121	0.121	0.121	0.119	0.405	0.395	0.143	0.144
15:20:02	0.158	0.154	0.185	0.183	0.120	0.119	0.119	0.120	0.424	0.409	0.116	0.144	0.159	0.152	0.184	0.183	0.122	0.119	0.118	0.121	0.429	0.403	0.142	0.140	0.160	0.156	0.185	0.190	0.124	0.124	0.120	0.122	0.432	0.420	0.143	0.139	0.155	0.156	0.188	0.193	0.121	0.124	0.121	0.122	0.424	0.376	0.159	0.140	0.157	0.153	0.190	0.199	0.121	0.120	0.122	0.124	0.405	0.394	0.110	0.143	0.154	0.152	0.186	0.197	0.126	0.123	0.122	0.119	0.389	0.389	0.143	0.141	0.155	0.151	0.182	0.187	0.121	0.114	0.124	0.123	0.349	0.392	0.144	0.139	0.156	0.158	0.182	0.186	0.121	0.120	0.121	0.119	0.404	0.393	0.144	0.144
15:40:01	0.158	0.154	0.187	0.183	0.120	0.119	0.119	0.120	0.419	0.405	0.116	0.144	0.159	0.152	0.184	0.184	0.122	0.119	0.118	0.121	0.425	0.401	0.142	0.141	0.160	0.156	0.185	0.190	0.124	0.124	0.120	0.121	0.428	0.419	0.143	0.140	0.155	0.156	0.189	0.194	0.121	0.124	0.121	0.123	0.422	0.376	0.160	0.141	0.157	0.153	0.191	0.201	0.121	0.120	0.123	0.124	0.404	0.391	0.111	0.144	0.154	0.152	0.187	0.198	0.126	0.123	0.122	0.120	0.393	0.392	0.144	0.141	0.156	0.152	0.182	0.187	0.121	0.114	0.124	0.123	0.355	0.395	0.145	0.139	0.157	0.158	0.183	0.185	0.121	0.120	0.121	0.119	0.408	0.399	0.145	0.145
16:00:02	0.158	0.155	0.188	0.183	0.120	0.119	0.119	0.120	0.416	0.403	0.117	0.145	0.160	0.153	0.184	0.184	0.122	0.119	0.118	0.121	0.421	0.399	0.143	0.141	0.161	0.157	0.186	0.191	0.124	0.124	0.120	0.122	0.423	0.416	0.144	0.140	0.155	0.156	0.190	0.194	0.121	0.124	0.121	0.122	0.421	0.372	0.160	0.142	0.157	0.153	0.191	0.201	0.121	0.120	0.122	0.124	0.404	0.390	0.111	0.145	0.154	0.153	0.187	0.198	0.126	0.123	0.122	0.119	0.396	0.397	0.145	0.142	0.156	0.152	0.183	0.187	0.121	0.114	0.124	0.123	0.358	0.400	0.146	0.140	0.157	0.159	0.184	0.185	0.121	0.120	0.121	0.119	0.412	0.404	0.146	0.145
16:20:02	0.159	0.155	0.188	0.183	0.120	0.119	0.119	0.120	0.412	0.402	0.118	0.145	0.160	0.153	0.184	0.184	0.122	0.119	0.118	0.121	0.418	0.401	0.144	0.142	0.161	0.157	0.186	0.191	0.124	0.124	0.120	0.122	0.420	0.413	0.145	0.141	0.156	0.156	0.190	0.194	0.121	0.124	0.121	0.123	0.421	0.372	0.161	0.142	0.157	0.154	0.192	0.201	0.121	0.121	0.123	0.124	0.405	0.391	0.112	0.145	0.155	0.153	0.188	0.198	0.126	0.123	0.122	0.119	0.400	0.400	0.145	0.142	0.156	0.152	0.184	0.187	0.121	0.114	0.124	0.123	0.362	0.404	0.146	0.141	0.157	0.159	0.185	0.184	0.121	0.120	0.121	0.119	0.416	0.409	0.147	0.146
16:40:02	0.159	0.155	0.188	0.183	0.120	0.119	0.119	0.120	0.413	0.407	0.118	0.146	0.160	0.153	0.185	0.184	0.122	0.119	0.118	0.121	0.418	0.404	0.144	0.142	0.162	0.157	0.187	0.191	0.124	0.125	0.120	0.121	0.419	0.413	0.146	0.141	0.156	0.157	0.191	0.195	0.121	0.124	0.121	0.123	0.422	0.372	0.162	0.143	0.158	0.154	0.193	0.202	0.121	0.121	0.123	0.125	0.409	0.394	0.113	0.146	0.155	0.153	0.189	0.199	0.126	0.123	0.122	0.120	0.405	0.405	0.146	0.143	0.157	0.152	0.184	0.188	0.121	0.114	0.124	0.123	0.367	0.410	0.147	0.141	0.158	0.159	0.187	0.184	0.121	0.120	0.121	0.119	0.420	0.416	0.147	0.146
17:00:02	0.160	0.156	0.189	0.182	0.120	0.119	0.119	0.120	0.420	0.417	0.119	0.147	0.161	0.154	0.185	0.184	0.122	0.119	0.118	0.121	0.421	0.411	0.145	0.143	0.162	0.157	0.187	0.191	0.124	0.124	0.120	0.121	0.419	0.417	0.146	0.142	0.156	0.157	0.191	0.195	0.121	0.124	0.121	0.123	0.425	0.382	0.162	0.143	0.158	0.154	0.193	0.204	0.121	0.121	0.123	0.125	0.415	0.400	0.113	0.146	0.155	0.153	0.189	0.199	0.126	0.123	0.122	0.120	0.407	0.410	0.146	0.143	0.157	0.153	0.185	0.188	0.121	0.114	0.124	0.123	0.370	0.417	0.147	0.142	0.158	0.159	0.188	0.185	0.121	0.120	0.121	0.119	0.424	0.418	0.148	0.147
17:20:02	0.160	0.156	0.189	0.183	0.120	0.119	0.119	0.120	0.428	0.426	0.120	0.147	0.161	0.154	0.185	0.184	0.122	0.119	0.118	0.121	0.428	0.423	0.145	0.143	0.162	0.158	0.188	0.191	0.124	0.124	0.120	0.121	0.425	0.424	0.147	0.142	0.157	0.157	0.192	0.194	0.121	0.124	0.121	0.123	0.429	0.391	0.163	0.144	0.158	0.154	0.193	0.205	0.121	0.120	0.123	0.124	0.424	0.411	0.114	0.147	0.155	0.153	0.189	0.200	0.126	0.123	0.122	0.119	0.410	0.414	0.147	0.144	0.157	0.153	0.185	0.189	0.121	0.114	0.124	0.123	0.374	0.422	0.148	0.142	0.158	0.160	0.189	0.186	0.121	0.121	0.121	0.119	0.427	0.421	0.148	0.147
17:40:02	0.161	0.156	0.190	0.184	0.120	0.119	0.119	0.120	0.436	0.433	0.120	0.147	0.161	0.154	0.185	0.185	0.122	0.119	0.118	0.121	0.434	0.434	0.146	0.144	0.162	0.158	0.188	0.192	0.124	0.124	0.120	0.122	0.434	0.432	0.147	0.142	0.157	0.157	0.192	0.194	0.121	0.124	0.121	0.122	0.438	0.394	0.163	0.144	0.158	0.154	0.194	0.204	0.121	0.120	0.123	0.124	0.431	0.423	0.114	0.147	0.156	0.153	0.190	0.201	0.126	0.123	0.122	0.119	0.415	0.416	0.147	0.144	0.157	0.153	0.186	0.190	0.121	0.114	0.124	0.123	0.377	0.426	0.148	0.143	0.158	0.160	0.191	0.186	0.121	0.121	0.121	0.119	0.431	0.424	0.148	0.148
18:00:02	0.161	0.156	0.190	0.184	0.120	0.119	0.119	0.120	0.443	0.441	0.121	0.148	0.161	0.154	0.185	0.185	0.122	0.119	0.118	0.121	0.441	0.440	0.146	0.144	0.162	0.158	0.188	0.192	0.124	0.125	0.120	0.122	0.441	0.437	0.147	0.143	0.157	0.157	0.193	0.195	0.121	0.124	0.121	0.123	0.443	0.398	0.164	0.144	0.159	0.154	0.195	0.206	0.122	0.121	0.123	0.125	0.437	0.432	0.114	0.147	0.156	0.154	0.190	0.202	0.126	0.123	0.122	0.120	0.418	0.421	0.148	0.145	0.158	0.153	0.186	0.191	0.121	0.114	0.124	0.123	0.381	0.430	0.149	0.143	0.158	0.160	0.192	0.186	0.121	0.121	0.121	0.119	0.435	0.426	0.149	0.148
18:20:02	0.161	0.157	0.190	0.185	0.120	0.119	0.119	0.120	0.447	0.448	0.121	0.148	0.161	0.154	0.185	0.185	0.122	0.119	0.118	0.121	0.447	0.448	0.147	0.145	0.163	0.158	0.189	0.193	0.124	0.125	0.120	0.122	0.445	0.445	0.148	0.143	0.157	0.157	0.193	0.195	0.121	0.124	0.121	0.123	0.450	0.403	0.164	0.145	0.159	0.155	0.195	0.207	0.122	0.121	0.123	0.125	0.440	0.440	0.115	0.148	0.156	0.154	0.191	0.203	0.126	0.123	0.122	0.120	0.420	0.424	0.148	0.145	0.158	0.153	0.187	0.192	0.121	0.114	0.124	0.123	0.384	0.433	0.149	0.143	0.159	0.160	0.193	0.187	0.121	0.121	0.121	0.119	0.436	0.430	0.149	0.148
18:40:02	0.161	0.157	0.191	0.185	0.120	0.119	0.119	0.120	0.451	0.455	0.122	0.148	0.162	0.154	0.185	0.186	0.122	0.119	0.118	0.121	0.451	0.451	0.147	0.145	0.163	0.158	0.189	0.193	0.124	0.125	0.120	0.121	0.448	0.451	0.148	0.143	0.157	0.157	0.193	0.196	0.121	0.124	0.121	0.123	0.452	0.408	0.164	0.145	0.159	0.155	0.196	0.208	0.122	0.121	0.123	0.125	0.443	0.444	0.115	0.148	0.156	0.154	0.191	0.204	0.126	0.123	0.122	0.119	0.422	0.426	0.148	0.145	0.158	0.153	0.187	0.193	0.121	0.114	0.124	0.123	0.384	0.435	0.150	0.143	0.159	0.161	0.194	0.188	0.121	0.121	0.121	0.119	0.438	0.435	0.149	0.148
19:00:02	0.161	0.157	0.191	0.186	0.120	0.119	0.119	0.120	0.454	0.462	0.122	0.149	0.162	0.155	0.186	0.186	0.122	0.119	0.118	0.121	0.455	0.454	0.147	0.145	0.163	0.158	0.190	0.194	0.124	0.125	0.120	0.121	0.449	0.455	0.148	0.143	0.158	0.158	0.193	0.196	0.121	0.124	0.121	0.123	0.458	0.413	0.164	0.145	0.159	0.155	0.196	0.208	0.121	0.121	0.123	0.125	0.447	0.448	0.115	0.148	0.156	0.154	0.191	0.205	0.126	0.123	0.122	0.119	0.425	0.430	0.149	0.145	0.158	0.153	0.187	0.193	0.121	0.114	0.124	0.123	0.385	0.436	0.150	0.143	0.159	0.161	0.195	0.189	0.121	0.121	0.121	0.119	0.441	0.438	0.150	0.148
19:20:02	0.162	0.157	0.192	0.187	0.120	0.119	0.119	0.120	0.458	0.465	0.123	0.149	0.162	0.155	0.186	0.186	0.122	0.119	0.118	0.121	0.459	0.460	0.147	0.145	0.164	0.158	0.190	0.194	0.124	0.125	0.120	0.122	0.453	0.459	0.148	0.143	0.158	0.158	0.194	0.196	0.121	0.124	0.121	0.123	0.461	0.416	0.165	0.145	0.159	0.155	0.197	0.208	0.122	0.121	0.123	0.125	0.450	0.453	0.115	0.148	0.157	0.155	0.191	0.205	0.126	0.123	0.122	0.119	0.427	0.433	0.149	0.145	0.158	0.154	0.188	0.194	0.121	0.114	0.124	0.123	0.388	0.441	0.150	0.144	0.159	0.162	0.196	0.190	0.121	0.121	0.121	0.119	0.443	0.440	0.150	0.149
19:40:02	0.162	0.157	0.192	0.187	0.120	0.118	0.119	0.120	0.464	0.469	0.123	0.149	0.162	0.155	0.186	0.186	0.122	0.119	0.118	0.121	0.461	0.463	0.148	0.146	0.164	0.158	0.190	0.195	0.124	0.125	0.120	0.122	0.457	0.463	0.148	0.144	0.158	0.158	0.194	0.197	0.121	0.124	0.121	0.123	0.460	0.417	0.165	0.145	0.159	0.155	0.197	0.209	0.122	0.121	0.123	0.125	0.449	0.455	0.116	0.149	0.157	0.157	0.192	0.206	0.126	0.123	0.122	0.120	0.427	0.435	0.149	0.146	0.158	0.154	0.188	0.195	0.121	0.114	0.124	0.123	0.390	0.444	0.150	0.144	0.159	0.162	0.196	0.191	0.121	0.121	0.121	0.119	0.447	0.442	0.150	0.149
20:00:02	0.162	0.158	0.192	0.187	0.120	0.118	0.119	0.120	0.467	0.471	0.123	0.149	0.162	0.155	0.186	0.187	0.122	0.119	0.118	0.121	0.465	0.466	0.148	0.146	0.164	0.159	0.191	0.195	0.124	0.125	0.120	0.122	0.460	0.464	0.149	0.144	0.158	0.158	0.194	0.197	0.121	0.124	0.121	0.123	0.460	0.420	0.165	0.145	0.160	0.155	0.197	0.209	0.121	0.121	0.123	0.125	0.451	0.456	0.116	0.149	0.157	0.157	0.192	0.206	0.126	0.123	0.122	0.119	0.427	0.437	0.149	0.146	0.159	0.154	0.188	0.195	0.121	0.114	0.124	0.123	0.392	0.445	0.150	0.144	0.160	0.163	0.197	0.191	0.121	0.121	0.121	0.119	0.448	0.442	0.150	0.149
20:20:02	0.163	0.158	0.193	0.188	0.120	0.118	0.119	0.120	0.470	0.474	0.124	0.150	0.162	0.155	0.186	0.187	0.122	0.119	0.118	0.121	0.469	0.470	0.148	0.146	0.164	0.159	0.191	0.196	0.124	0.125	0.120	0.121	0.462	0.469	0.149	0.144	0.158	0.158	0.194	0.197	0.121	0.124	0.121	0.122	0.463	0.423	0.165	0.146	0.160	0.155	0.198	0.209	0.121	0.120	0.122	0.125	0.453	0.461	0.116	0.149	0.157	0.156	0.192	0.207	0.126	0.123	0.122	0.119	0.428	0.440	0.149	0.146	0.159	0.154	0.189	0.196	0.121	0.114	0.124	0.123	0.394	0.448	0.151	0.144	0.160	0.164	0.197	0.193	0.121	0.121	0.121	0.119	0.451	0.447	0.151	0.149
20:40:02	0.163	0.158	0.193	0.190	0.120	0.118	0.119	0.120	0.474	0.478	0.124	0.150	0.163	0.155	0.186	0.187	0.122	0.119	0.118	0.121	0.469	0.473	0.148	0.146	0.165	0.159	0.191	0.196	0.124	0.125	0.120	0.122	0.464	0.471	0.149	0.144	0.159	0.158	0.194	0.198	0.121	0.124	0.121	0.122	0.464	0.422	0.165	0.146	0.160	0.155	0.198	0.209	0.121	0.120	0.122	0.124	0.454	0.463	0.116	0.149	0.157	0.156	0.192	0.207	0.126	0.123	0.122	0.119	0.428	0.442	0.150	0.146	0.159	0.154	0.189	0.196	0.121	0.114	0.124	0.123	0.396	0.451	0.151	0.144	0.160	0.164	0.197	0.193	0.121	0.121	0.121	0.119	0.449	0.448	0.151	0.149
21:00:02	0.163	0.158	0.194	0.191	0.120	0.118	0.119	0.120	0.476	0.482	0.125	0.150	0.163	0.155	0.187	0.187	0.122	0.119	0.118	0.121	0.473	0.475	0.148	0.146	0.165	0.159	0.192	0.197	0.124	0.125	0.120	0.122	0.465	0.472	0.149	0.144	0.159	0.158	0.194	0.198	0.121	0.123	0.121	0.122	0.467	0.426	0.166	0.146	0.160	0.156	0.199	0.210	0.121	0.120	0.122	0.124	0.457	0.465	0.116	0.149	0.158	0.156	0.193	0.208	0.126	0.123	0.122	0.119	0.429	0.442	0.150	0.146	0.160	0.155	0.189	0.197	0.121	0.114	0.124	0.123	0.397	0.454	0.151	0.144	0.161	0.166	0.198	0.194	0.121	0.121	0.121	0.119	0.448	0.450	0.151	0.149
21:20:02	0.164	0.158	0.194	0.192	0.120	0.118	0.119	0.120	0.479	0.484	0.125	0.150	0.163	0.155	0.187	0.188	0.122	0.119	0.118	0.121	0.473	0.478	0.148	0.146	0.166	0.159	0.192	0.197	0.124	0.125	0.120	0.121	0.467	0.475	0.149	0.144	0.159	0.158	0.195	0.198	0.121	0.123	0.121	0.122	0.468	0.431	0.166	0.146	0.160	0.156	0.199	0.210	0.121	0.120	0.122	0.124	0.459	0.467	0.116	0.149	0.158	0.156	0.193	0.208	0.126	0.123	0.122	0.119	0.430	0.445	0.150	0.146	0.160	0.155	0.190	0.197	0.121	0.114	0.124	0.123	0.399	0.457	0.151	0.145	0.161	0.167	0.200	0.194	0.121	0.120	0.121	0.119	0.451	0.452	0.151	0.150
21:40:02	0.164	0.159	0.195	0.193	0.120	0.118	0.119	0.120	0.480	0.487	0.125	0.150	0.163	0.156	0.187	0.189	0.122	0.119	0.118	0.121	0.475	0.479	0.149	0.147	0.166	0.159	0.193	0.198	0.124	0.125	0.120	0.122	0.468	0.477	0.149	0.144	0.159	0.158	0.195	0.200	0.122	0.125	0.122	0.124	0.470	0.431	0.166	0.146	0.161	0.156	0.200	0.211	0.122	0.122	0.123	0.126	0.461	0.468	0.117	0.149	0.158	0.156	0.193	0.209	0.127	0.124	0.122	0.120	0.433	0.447	0.150	0.146	0.161	0.155	0.190	0.198	0.121	0.114	0.124	0.123	0.401	0.458	0.151	0.145	0.162	0.168	0.201	0.196	0.121	0.120	0.121	0.119	0.453	0.454	0.151	0.150
22:00:02	0.165	0.159	0.195	0.195	0.120	0.118	0.119	0.120	0.483	0.489	0.125	0.150	0.164	0.156	0.187	0.189	0.122	0.119	0.118	0.121	0.476	0.479	0.149	0.147	0.167	0.159	0.194	0.199	0.124	0.125	0.120	0.122	0.467	0.478	0.149	0.145	0.160	0.159	0.195	0.200	0.122	0.125	0.122	0.124	0.472	0.429	0.166	0.146	0.161	0.156	0.200	0.211	0.122	0.122	0.123	0.126	0.461	0.468	0.117	0.149	0.159	0.156	0.194	0.209	0.127	0.124	0.122	0.120	0.434	0.448	0.150	0.146	0.161	0.155	0.191	0.199	0.121	0.114	0.124	0.123	0.404	0.459	0.151	0.145	0.163	0.169	0.202	0.197	0.121	0.120	0.121	0.119	0.453	0.456	0.151	0.150
22:20:02	0.166	0.159	0.196	0.197	0.121	0.118	0.119	0.120	0.484	0.491	0.126	0.151	0.164	0.156	0.188	0.190	0.122	0.119	0.119	0.121	0.477	0.480	0.149	0.147	0.168	0.160	0.194	0.200	0.124	0.125	0.120	0.122	0.469	0.480	0.149	0.145	0.160	0.159	0.196	0.201	0.122	0.125	0.122	0.124	0.472	0.430	0.166	0.147	0.162	0.157	0.201	0.213	0.123	0.122	0.124	0.127	0.460	0.469	0.116	0.149	0.160	0.156	0.194	0.210	0.127	0.124	0.122	0.120	0.434	0.450	0.150	0.146	0.162	0.156	0.192	0.200	0.121	0.114	0.124	0.123	0.406	0.461	0.151	0.145	0.163	0.170	0.203	0.198	0.121	0.120	0.121	0.119	0.455	0.458	0.151	0.150
22:40:02	0.166	0.160	0.197	0.199	0.120	0.118	0.119	0.120	0.486	0.493	0.126	0.151	0.164	0.156	0.188	0.191	0.122	0.119	0.119	0.121	0.479	0.484	0.149	0.147	0.169	0.160	0.195	0.201	0.125	0.125	0.120	0.121	0.469	0.483	0.150	0.145	0.161	0.159	0.197	0.203	0.123	0.126	0.123	0.125	0.473	0.433	0.166	0.147	0.162	0.157	0.202	0.214	0.123	0.123	0.125	0.128	0.460	0.472	0.117	0.150	0.160	0.156	0.195	0.211	0.127	0.124	0.123	0.121	0.437	0.451	0.150	0.146	0.163	0.156	0.192	0.201	0.121	0.114	0.124	0.123	0.409	0.464	0.151	0.145	0.164	0.171	0.204	0.199	0.121	0.120	0.121	0.119	0.457	0.458	0.151	0.150
23:00:02	0.167	0.160	0.197	0.199	0.120	0.118	0.119	0.120	0.485	0.493	0.126	0.151	0.165	0.156	0.188	0.191	0.122	0.119	0.118	0.121	0.478	0.484	0.149	0.148	0.169	0.160	0.195	0.201	0.124	0.125	0.120	0.122	0.466	0.482	0.150	0.145	0.161	0.159	0.196	0.202	0.122	0.124	0.122	0.123	0.469	0.432	0.166	0.147	0.162	0.157	0.201	0.212	0.122	0.121	0.123	0.126	0.458	0.470	0.117	0.150	0.160	0.156	0.195	0.210	0.127	0.124	0.122	0.120	0.436	0.449	0.150	0.146	0.163	0.156	0.192	0.201	0.121	0.114	0.124	0.123	0.410	0.462	0.151	0.145	0.164	0.172	0.203	0.199	0.121	0.120	0.121	0.119	0.456	0.456	0.151	0.150
23:20:02	0.168	0.160	0.197	0.200	0.120	0.118	0.119	0.120	0.488	0.497	0.126	0.151	0.165	0.156	0.188	0.191	0.122	0.119	0.118	0.121	0.481	0.488	0.149	0.147	0.170	0.160	0.195	0.201	0.124	0.125	0.120	0.122	0.465	0.483	0.150	0.145	0.161	0.159	0.196	0.202	0.122	0.124	0.122	0.123	0.470	0.433	0.166	0.147	0.162	0.157	0.201	0.212	0.122	0.121	0.123	0.126	0.460	0.473	0.117	0.149	0.160	0.156	0.195	0.211	0.127	0.124	0.122	0.120	0.438	0.454	0.150	0.146	0.164	0.157	0.192	0.201	0.121	0.114	0.124	0.123	0.412	0.465	0.151	0.145	0.165	0.173	0.204	0.199	0.121	0.121	0.121	0.119	0.457	0.459	0.151	0.150
23:40:02	0.169	0.161	0.198	0.202	0.120	0.118	0.119	0.120	0.491	0.497	0.127	0.151	0.165	0.156	0.188	0.192	0.122	0.119	0.119	0.121	0.478	0.489	0.149	0.148	0.171	0.161	0.195	0.202	0.124	0.125	0.120	0.122	0.464	0.482	0.150	0.145	0.162	0.159	0.197	0.202	0.122	0.124	0.122	0.123	0.469	0.429	0.166	0.147	0.163	0.157	0.202	0.212	0.122	0.121	0.123	0.126	0.459	0.471	0.116	0.150	0.161	0.156	0.195	0.211	0.127	0.124	0.122	0.120	0.439	0.453	0.150	0.146	0.164	0.157	0.192	0.201	0.121	0.114	0.124	0.123	0.413	0.464	0.151	0.145	0.166	0.173	0.204	0.200	0.121	0.121	0.121	0.119	0.458	0.459	0.151	0.150
24:00:02	0.169	0.162	0.199	0.203	0.120	0.118	0.119	0.120	0.489	0.500	0.127	0.152	0.166	0.156	0.189	0.192	0.122	0.119	0.118	0.121	0.478	0.490	0.149	0.148	0.171	0.161	0.196	0.203	0.124	0.125	0.120	0.122	0.463	0.482	0.150	0.145	0.162	0.159	0.197	0.203	0.122	0.124	0.122	0.123	0.468	0.429	0.166	0.147	0.163	0.158	0.203	0.213	0.122	0.121	0.123	0.126	0.459	0.472	0.116	0.150	0.161	0.156	0.196	0.212	0.127	0.124	0.122	0.120	0.440	0.454	0.150	0.146	0.165	0.157	0.193	0.202	0.121	0.114	0.124	0.123	0.414	0.463	0.151	0.145	0.167	0.174	0.205	0.200	0.121	0.121	0.121	0.119	0.458	0.459	0.151	0.150
24:20:02	0.170	0.162	0.199	0.204	0.120	0.118	0.119	0.120	0.489	0.499	0.127	0.152	0.166	0.157	0.189	0.193	0.122	0.119	0.118	0.121	0.480	0.492	0.149	0.148	0.173	0.161	0.196	0.203	0.124	0.125	0.120	0.122	0.465	0.484	0.150	0.145	0.163	0.159	0.197	0.203	0.122	0.124	0.122	0.123	0.468	0.432	0.166	0.147	0.164	0.158	0.203	0.213	0.122	0.121	0.123	0.126	0.460	0.473	0.116	0.150	0.162	0.156	0.196	0.212	0.127	0.124	0.122	0.120	0.440	0.455	0.150	0.146	0.166	0.158	0.193	0.202	0.121	0.114	0.124	0.123	0.415	0.465	0.151	0.145	0.168	0.175	0.205	0.201	0.121	0.121	0.121	0.119	0.459	0.460	0.151	0.150
24:40:02	0.171	0.163	0.200	0.205	0.120	0.118	0.119	0.120	0.488	0.500	0.127	0.152	0.167	0.157	0.189	0.193	0.122	0.119	0.119	0.121	0.478	0.490	0.149	0.148	0.174	0.162	0.196	0.204	0.124	0.125	0.121	0.120	0.463	0.483	0.150	0.145	0.163	0.159	0.197	0.203	0.121	0.124	0.122	0.123	0.466	0.432	0.166	0.147	0.164	0.158	0.203	0.213	0.122	0.121	0.123	0.126	0.459	0.471	0.116	0.150	0.162	0.156	0.196	0.211	0.126	0.124	0.122	0.120	0.439	0.454	0.150	0.146	0.167	0.158	0.193	0.203	0.121	0.114	0.124	0.123	0.415	0.466	0.151	0.145	0.169	0.176	0.205	0.201	0.121	0.121	0.121	0.119	0.459	0.459	0.151	0.150
25:00:02	0.172	0.164	0.200	0.207	0.120	0.118	0.119	0.120	0.493	0.504	0.127	0.152	0.168	0.157	0.190	0.194	0.122	0.119	0.118	0.121	0.479	0.492	0.149	0.149	0.175	0.162	0.197	0.204	0.124	0.125	0.121	0.122	0.464	0.484	0.150	0.145	0.164	0.159	0.197	0.203	0.121	0.124	0.121	0.123	0.466	0.435	0.166	0.147	0.165	0.159	0.203	0.213	0.122	0.121	0.123	0.125	0.460	0.472	0.116	0.150	0.163	0.156	0.196	0.212	0.126	0.124	0.122	0.120	0.439	0.456	0.150	0.146	0.168	0.158	0.193	0.203	0.121	0.114	0.124	0.123	0.416	0.468	0.151	0.145	0.171	0.177	0.207	0.202	0.121	0.121	0.121	0.119	0.461	0.460	0.151	0.150
25:20:02	0.173	0.165	0.201	0.208	0.120	0.118	0.119	0.120	0.495	0.503	0.127	0.152	0.169	0.157	0.190	0.195	0.122	0.119	0.119	0.121	0.478	0.492	0.149	0.149	0.176	0.162	0.197	0.205	0.124	0.125	0.121	0.122	0.463	0.484	0.150	0.145	0.165	0.160	0.198	0.204	0.121	0.124	0.122	0.123	0.466	0.434	0.166	0.147	0.165	0.159	0.203	0.213	0.122	0.121	0.123	0.126	0.459	0.472	0.116	0.150	0.164	0.156	0.196	0.212	0.126	0.124	0.122	0.120	0.439	0.456	0.149	0.146	0.169	0.159	0.194	0.204	0.121	0.114	0.124	0.123	0.418	0.469	0.151	0.145	0.171	0.178	0.208	0.203	0.121	0.121	0.121	0.119	0.462	0.460	0.150	0.151
25:40:02	0.174	0.165	0.201	0.209	0.120	0.118	0.119	0.120	0.498	0.505	0.127	0.153	0.169	0.157	0.190	0.195	0.122	0.119	0.119	0.121	0.478	0.494	0.149	0.149	0.177	0.162	0.197	0.205	0.124	0.125	0.121	0.122	0.465	0.485	0.150	0.145	0.165	0.160	0.197	0.204	0.122	0.124	0.122	0.123	0.466	0.436	0.166	0.147	0.165	0.159	0.203	0.213	0.122	0.121	0.123	0.126	0.460	0.473	0.116	0.150	0.165	0.156	0.196	0.212	0.127	0.124	0.122	0.120	0.440	0.458	0.149	0.146	0.170	0.159	0.193	0.204	0.121	0.114	0.124	0.123	0.417	0.470	0.151	0.145	0.172	0.179	0.207	0.202	0.121	0.121	0.121	0.119	0.462	0.460	0.150	0.151
26:00:02	0.176	0.167	0.202	0.210	0.120	0.118	0.119	0.120	0.498	0.509	0.127	0.153	0.170	0.157	0.190	0.195	0.122	0.119	0.119	0.121	0.479	0.494	0.149	0.149	0.178	0.163	0.197	0.206	0.124	0.125	0.121	0.122	0.465	0.485	0.150	0.145	0.167	0.160	0.198	0.204	0.122	0.124	0.122	0.123	0.466	0.435	0.166	0.147	0.166	0.159	0.204	0.213	0.122	0.121	0.123	0.126	0.461	0.474	0.116	0.150	0.166	0.156	0.196	0.212	0.127	0.124	0.122	0.120	0.441	0.458	0.149	0.146	0.172	0.160	0.194	0.204	0.121	0.114	0.124	0.123	0.419	0.471	0.150	0.145	0.174	0.181	0.209	0.203	0.121	0.121	0.121	0.119	0.464	0.462	0.150	0.151
26:20:02	0.177	0.167	0.203	0.211	0.120	0.118	0.119	0.120	0.495	0.508	0.127	0.153	0.171	0.157	0.190	0.195	0.122	0.119	0.119	0.121	0.478	0.495	0.149	0.150	0.179	0.163	0.197	0.206	0.124	0.125	0.121	0.122	0.464	0.484	0.150	0.145	0.168	0.160	0.198	0.204	0.122	0.124	0.122	0.123	0.465	0.433	0.165	0.147	0.166	0.160	0.203	0.213	0.122	0.121	0.123	0.126	0.459	0.473	0.116	0.150	0.167	0.156	0.196	0.212	0.126	0.124	0.122	0.120	0.440	0.458	0.149	0.146	0.173	0.160	0.194	0.204	0.121	0.114	0.124	0.123	0.418	0.470	0.150	0.145	0.174	0.181	0.209	0.203	0.121	0.121	0.121	0.119	0.464	0.461	0.150	0.151
26:40:02	0.179	0.168	0.203	0.212	0.120	0.118	0.119	0.120	0.496	0.507	0.127	0.153	0.172	0.157	0.190	0.196	0.122	0.119	0.119	0.121	0.479	0.495	0.149	0.150	0.181	0.164	0.197	0.207	0.124	0.124	0.121	0.122	0.463	0.485	0.150	0.145	0.169	0.160	0.198	0.204	0.122	0.124	0.122	0.123	0.464	0.433	0.166	0.147	0.167	0.160	0.204	0.213	0.122	0.121	0.123	0.126	0.459	0.472	0.116	0.150	0.168	0.156	0.196	0.212	0.127	0.124	0.122	0.120	0.440	0.458	0.149	0.146	0.174	0.160	0.194	0.205	0.121	0.114	0.124	0.123	0.420	0.470	0.150	0.145	0.176	0.183	0.209	0.203	0.121	0.121	0.121	0.119	0.464	0.461	0.150	0.151
27:00:02	0.180	0.170	0.204	0.214	0.120	0.118	0.119	0.120	0.497	0.507	0.127	0.153	0.173	0.157	0.191	0.196	0.122	0.119	0.119	0.121	0.479	0.495	0.149	0.150	0.182	0.164	0.198	0.208	0.124	0.125	0.121	0.121	0.462	0.483	0.150	0.145	0.170	0.160	0.198	0.205	0.122	0.124	0.122	0.123	0.464	0.433	0.165	0.147	0.168	0.160	0.204	0.214	0.122	0.122	0.123	0.126	0.459	0.472	0.116	0.150	0.169	0.156	0.197	0.213	0.127	0.124	0.122	0.120	0.441	0.457	0.149	0.146	0.175	0.161	0.195	0.205	0.121	0.114	0.124	0.123	0.420	0.469	0.150	0.145	0.177	0.183	0.210	0.204	0.121	0.121	0.121	0.119	0.464	0.461	0.150	0.151
27:20:02	0.181	0.171	0.205	0.215	0.120	0.118	0.119	0.120	0.498	0.512	0.127	0.154	0.173	0.157	0.191	0.197	0.122	0.119	0.119	0.121	0.479	0.495	0.149	0.151	0.183	0.165	0.198	0.208	0.124	0.125	0.121	0.122	0.461	0.483	0.150	0.146	0.171	0.160	0.198	0.205	0.122	0.124	0.122	0.123	0.462	0.434	0.165	0.147	0.169	0.161	0.204	0.214	0.122	0.122	0.123	0.126	0.458	0.471	0.115	0.150	0.170	0.156	0.197	0.213	0.127	0.124	0.122	0.120	0.441	0.457	0.149	0.146	0.175	0.161	0.195	0.206	0.121	0.114	0.124	0.123	0.421	0.470	0.150	0.145	0.178	0.184	0.211	0.204	0.121	0.121	0.121	0.119	0.465	0.461	0.150	0.152
27:40:02	0.182	0.172	0.206	0.216	0.120	0.118	0.119	0.120	0.500	0.511	0.127	0.154	0.174	0.158	0.192	0.198	0.122	0.119	0.119	0.121	0.479	0.495	0.149	0.151	0.184	0.165	0.198	0.209	0.124	0.125	0.121	0.122	0.463	0.483	0.150	0.145	0.172	0.160	0.198	0.205	0.122	0.124	0.122	0.123	0.463	0.435	0.165	0.147	0.170	0.161	0.205	0.214	0.122	0.122	0.123	0.126	0.458	0.472	0.115	0.150	0.171	0.157	0.197	0.213	0.127	0.124	0.122	0.120	0.440	0.458	0.149	0.146	0.177	0.162	0.195	0.206	0.121	0.114	0.124	0.123	0.422	0.471	0.150	0.144	0.180	0.185	0.211	0.205	0.121	0.121	0.121	0.119	0.465	0.461	0.150	0.152
28:00:02	0.183	0.173	0.207	0.218	0.120	0.118	0.119	0.120	0.500	0.509	0.127	0.154	0.175	0.158	0.192	0.198	0.122	0.119	0.119	0.121	0.479	0.495	0.149	0.151	0.185	0.165	0.199	0.210	0.124	0.125	0.121	0.122	0.462	0.481	0.150	0.145	0.173	0.161	0.199	0.206	0.122	0.124	0.122	0.124	0.463	0.433	0.165	0.147	0.171	0.161	0.205	0.214	0.122	0.122	0.123	0.126	0.457	0.471	0.115	0.150	0.172	0.157	0.197	0.213	0.127	0.124	0.122	0.120	0.439	0.456	0.149	0.146	0.178	0.162	0.195	0.207	0.121	0.114	0.124	0.123	0.422	0.471	0.150	0.144	0.181	0.185	0.212	0.205	0.121	0.121	0.121	0.119	0.466	0.460	0.150	0.152
28:20:02	0.185	0.174	0.208	0.219	0.120	0.118	0.119	0.120	0.499	0.517	0.127	0.154	0.176	0.158	0.192	0.199	0.122	0.119	0.119	0.121	0.479	0.495	0.149	0.151	0.186	0.166	0.199	0.210	0.124	0.124	0.121	0.122	0.460	0.480	0.149	0.145	0.174	0.161	0.199	0.206	0.122	0.124	0.122	0.124	0.462	0.432	0.165	0.147	0.171	0.162	0.205	0.214	0.122	0.122	0.123	0.127	0.457	0.470	0.115	0.150	0.173	0.157	0.197	0.213	0.127	0.124	0.122	0.120	0.439	0.455	0.149	0.146	0.178	0.163	0.195	0.207	0.121	0.114	0.124	0.123	0.423	0.471	0.150	0.144	0.182	0.185	0.213	0.206	0.121	0.121	0.121	0.119	0.465	0.460	0.150	0.152
28:40:02	0.186	0.176	0.210	0.221	0.120	0.118	0.119	0.120	0.497	0.511	0.127	0.155	0.178	0.159	0.193	0.199	0.122	0.119	0.119	0.121	0.478	0.495	0.149	0.152	0.187	0.167	0.200	0.211	0.124	0.125	0.121	0.122	0.459	0.479	0.149	0.146	0.175	0.161	0.199	0.206	0.122	0.124	0.122	0.123	0.461	0.432	0.165	0.147	0.172	0.162	0.205	0.214	0.122	0.122	0.123	0.126	0.456	0.468	0.115	0.150	0.174	0.157	0.198	0.213	0.127	0.124	0.122	0.120	0.437	0.453	0.149	0.146	0.180	0.163	0.196	0.208	0.121	0.114	0.124	0.123	0.425	0.470	0.150	0.144	0.184	0.186	0.214	0.207	0.121	0.121	0.121	0.119	0.465	0.460	0.150	0.152
29:00:02	0.187	0.177	0.212	0.223	0.120	0.118	0.119	0.120	0.497	0.515	0.127	0.155	0.179	0.159	0.194	0.200	0.122	0.119	0.119	0.121	0.477	0.495	0.148	0.152	0.189	0.168	0.200	0.212	0.124	0.125	0.121	0.122	0.458	0.479	0.149	0.146	0.177	0.162	0.200	0.207	0.122	0.124	0.122	0.123	0.461	0.432	0.165	0.147	0.173	0.163	0.206	0.214	0.122	0.122	0.123	0.126	0.456	0.466	0.115	0.150	0.176	0.157	0.198	0.214	0.127	0.124	0.123	0.120	0.437	0.452	0.149	0.146	0.182	0.164	0.197	0.209	0.121	0.114	0.124	0.123	0.424	0.470	0.150	0.144	0.185	0.187	0.215	0.208	0.121	0.121	0.121	0.119	0.465	0.459	0.150	0.152
29:20:02	0.189	0.179	0.214	0.225	0.120	0.119	0.119	0.120	0.499	0.514	0.127	0.155	0.180	0.160	0.195	0.201	0.123	0.119	0.119	0.121	0.477	0.495	0.148	0.152	0.190	0.168	0.201	0.212	0.124	0.125	0.121	0.122	0.457	0.478	0.149	0.146	0.178	0.162	0.201	0.207	0.122	0.124	0.122	0.123	0.460	0.430	0.165	0.147	0.174	0.164	0.206	0.214	0.122	0.121	0.123	0.126	0.455	0.466	0.115	0.150	0.177	0.157	0.199	0.214	0.127	0.124	0.123	0.120	0.436	0.452	0.149	0.146	0.184	0.165	0.198	0.210	0.121	0.114	0.124	0.123	0.426	0.470	0.150	0.144	0.186	0.188	0.216	0.209	0.122	0.121	0.121	0.119	0.466	0.459	0.150	0.153
29:40:02	0.190	0.181	0.215	0.226	0.120	0.119	0.119	0.120	0.499	0.513	0.127	0.156	0.181	0.160	0.195	0.201	0.123	0.119	0.119	0.121	0.477	0.495	0.148	0.153	0.191	0.169	0.201	0.213	0.124	0.125	0.121	0.122	0.457	0.478	0.149	0.146	0.179	0.162	0.201	0.207	0.122	0.124	0.122	0.123	0.460	0.429	0.165	0.147	0.175	0.164	0.206	0.214	0.122	0.122	0.123	0.126	0.455	0.465	0.115	0.150	0.178	0.157	0.199	0.214	0.127	0.124	0.122	0.120	0.436	0.452	0.148	0.145	0.185	0.166	0.198	0.210	0.121	0.114	0.124	0.123	0.426	0.470	0.149	0.144	0.187	0.189	0.216	0.209	0.121	0.121	0.121	0.119	0.467	0.459	0.149	0.153
30:00:02	0.191	0.182	0.215	0.227	0.121	0.119	0.119	0.120	0.499	0.518	0.127	0.156	0.182	0.160	0.196	0.202	0.123	0.119	0.119	0.121	0.476	0.495	0.148	0.153	0.192	0.169	0.201	0.213	0.124	0.125	0.121	0.122	0.455	0.477	0.149	0.146	0.180	0.163	0.201	0.208	0.122	0.124	0.122	0.123	0.459	0.427	0.164	0.146	0.176	0.165	0.206	0.214	0.122	0.122	0.123	0.126	0.454	0.464	0.115	0.150	0.180	0.157	0.199	0.215	0.127	0.124	0.122	0.120	0.435	0.451	0.148	0.145	0.186	0.166	0.198	0.211	0.121	0.114	0.124	0.123	0.425	0.469	0.149	0.144	0.188	0.190	0.216	0.209	0.121	0.121	0.121	0.119	0.468	0.458	0.149	0.153
30:20:02	0.192	0.184	0.216	0.228	0.121	0.119	0.119	0.120	0.499	0.514	0.127	0.156	0.183	0.160	0.196	0.202	0.123	0.119	0.119	0.121	0.476	0.495	0.148	0.153	0.193	0.170	0.201	0.214	0.124	0.125	0.121	0.122	0.454	0.476	0.149	0.146	0.181	0.163	0.201	0.208	0.122	0.124	0.122	0.123	0.458	0.425	0.164	0.146	0.176	0.165	0.206	0.214	0.122	0.121	0.123	0.126	0.454	0.463	0.115	0.149	0.181	0.157	0.199	0.215	0.127	0.124	0.122	0.120	0.435	0.451	0.148	0.145	0.188	0.167	0.198	0.211	0.121	0.114	0.124	0.123	0.427	0.468	0.149	0.144	0.189	0.191	0.217	0.210	0.121	0.121	0.121	0.119	0.468	0.457	0.149	0.153
30:40:03	0.194	0.185	0.217	0.229	0.120	0.119	0.119	0.120	0.500	0.520	0.127	0.156	0.185	0.161	0.196	0.203	0.122	0.119	0.119	0.121	0.475	0.495	0.148	0.153	0.194	0.171	0.201	0.214	0.124	0.125	0.121	0.122	0.453	0.475	0.149	0.146	0.183	0.163	0.201	0.207	0.122	0.124	0.121	0.123	0.457	0.424	0.164	0.146	0.177	0.165	0.206	0.214	0.122	0.121	0.122	0.125	0.453	0.462	0.115	0.149	0.182	0.157	0.199	0.215	0.127	0.124	0.122	0.120	0.434	0.451	0.148	0.145	0.189	0.167	0.198	0.211	0.121	0.114	0.124	0.123	0.426	0.468	0.149	0.144	0.189	0.191	0.217	0.210	0.121	0.121	0.121	0.119	0.468	0.456	0.149	0.153
31:00:03	0.196	0.186	0.218	0.229	0.120	0.119	0.119	0.120	0.501	0.519	0.127	0.156	0.186	0.161	0.196	0.203	0.123	0.119	0.119	0.121	0.475	0.495	0.148	0.154	0.196	0.171	0.202	0.214	0.124	0.125	0.121	0.122	0.453	0.474	0.149	0.146	0.185	0.163	0.201	0.207	0.122	0.124	0.122	0.123	0.456	0.423	0.164	0.146	0.178	0.166	0.206	0.214	0.122	0.121	0.123	0.126	0.452	0.461	0.114	0.149	0.183	0.157	0.199	0.215	0.127	0.124	0.122	0.120	0.434	0.450	0.148	0.145	0.190	0.167	0.198	0.211	0.121	0.114	0.124	0.123	0.425	0.467	0.149	0.144	0.190	0.192	0.217	0.210	0.121	0.121	0.121	0.119	0.468	0.455	0.149	0.153
31:20:03	0.197	0.188	0.219	0.230	0.121	0.119	0.119	0.120	0.502	0.518	0.127	0.157	0.187	0.161	0.197	0.203	0.123	0.119	0.119	0.121	0.475	0.495	0.148	0.154	0.197	0.172	0.202	0.214	0.124	0.125	0.121	0.122	0.452	0.473	0.149	0.146	0.186	0.163	0.201	0.208	0.122	0.124	0.122	0.123	0.456	0.422	0.164	0.146	0.179	0.166	0.206	0.214	0.122	0.121	0.123	0.126	0.451	0.460	0.114	0.149	0.184	0.157	0.199	0.215	0.127	0.124	0.122	0.120	0.434	0.449	0.148	0.145	0.191	0.168	0.198	0.211	0.121	0.114	0.124	0.123	0.426	0.467	0.149	0.144	0.190	0.192	0.218	0.210	0.121	0.121	0.121	0.119	0.469	0.455	0.149	0.153
31:40:03	0.198	0.190	0.220	0.231	0.121	0.119	0.119	0.120	0.502	0.523	0.128	0.157	0.189	0.162	0.197	0.203	0.123	0.119	0.119	0.121	0.474	0.495	0.148	0.154	0.198	0.172	0.202	0.214	0.124	0.125	0.121	0.122	0.451	0.473	0.149	0.146	0.187	0.164	0.201	0.207	0.122	0.124	0.122	0.123	0.455	0.421	0.164	0.146	0.180	0.167	0.206	0.214	0.122	0.121	0.122	0.126	0.450	0.460	0.114	0.149	0.186	0.157	0.199	0.215	0.127	0.124	0.122	0.120	0.433	0.449	0.148	0.145	0.192	0.168	0.198	0.211	0.122	0.114	0.124	0.123	0.424	0.467	0.149	0.144	0.191	0.193	0.218	0.210	0.121	0.121	0.121	0.119	0.469	0.455	0.150	0.152
32:00:03	0.199	0.191	0.221	0.232	0.121	0.119	0.119	0.120	0.503	0.522	0.128	0.157	0.190	0.162	0.198	0.203	0.123	0.119	0.119	0.121	0.474	0.494	0.148	0.155	0.200	0.173	0.202	0.215	0.124	0.125	0.121	0.122	0.450	0.472	0.149	0.146	0.189	0.164	0.201	0.208	0.122	0.124	0.122	0.123	0.454	0.421	0.164	0.146	0.180	0.167	0.206	0.214	0.122	0.121	0.122	0.125	0.450	0.459	0.114	0.149	0.187	0.157	0.199	0.215	0.127	0.124	0.122	0.120	0.433	0.447	0.148	0.145	0.193	0.169	0.198	0.212	0.121	0.114	0.124	0.123	0.425	0.466	0.149	0.144	0.192	0.194	0.218	0.210	0.121	0.121	0.121	0.119	0.470	0.454	0.150	0.152
32:20:03	0.201	0.193	0.221	0.232	0.121	0.119	0.119	0.120	0.503	0.524	0.129	0.157	0.192	0.163	0.198	0.204	0.123	0.119	0.119	0.121	0.473	0.494	0.148	0.155	0.201	0.174	0.202	0.215	0.124	0.125	0.121	0.122	0.450	0.471	0.148	0.146	0.190	0.164	0.201	0.207	0.122	0.124	0.122	0.123	0.453	0.421	0.164	0.146	0.181	0.168	0.206	0.214	0.122	0.121	0.122	0.126	0.449	0.458	0.114	0.149	0.188	0.157	0.200	0.215	0.127	0.124	0.122	0.120	0.432	0.446	0.148	0.145	0.194	0.170	0.199	0.212	0.121	0.114	0.124	0.123	0.425	0.466	0.149	0.144	0.192	0.195	0.219	0.211	0.121	0.121	0.121	0.119	0.469	0.454	0.150	0.152
32:40:03	0.202	0.194	0.222	0.233	0.121	0.119	0.119	0.120	0.502	0.525	0.129	0.158	0.193	0.164	0.198	0.204	0.123	0.119	0.119	0.121	0.473	0.494	0.147	0.155	0.202	0.174	0.203	0.215	0.124	0.125	0.121	0.122	0.449	0.469	0.148	0.146	0.191	0.165	0.202	0.208	0.122	0.124	0.122	0.123	0.452	0.420	0.164	0.146	0.182	0.168	0.206	0.214	0.122	0.122	0.123	0.126	0.449	0.458	0.114	0.149	0.189	0.158	0.200	0.215	0.127	0.124	0.123	0.120	0.432	0.446	0.148	0.145	0.195	0.170	0.199	0.212	0.122	0.114	0.124	0.123	0.424	0.466	0.148	0.143	0.193	0.195	0.219	0.211	0.121	0.121	0.121	0.119	0.469	0.454	0.150	0.152
33:00:03	0.203	0.196	0.223	0.234	0.121	0.119	0.119	0.120	0.503	0.524	0.130	0.158	0.195	0.164	0.199	0.204	0.123	0.119	0.119	0.121	0.473	0.494	0.147	0.155	0.204	0.175	0.203	0.216	0.124	0.125	0.121	0.122	0.448	0.468	0.148	0.146	0.192	0.165	0.202	0.208	0.122	0.124	0.122	0.123	0.451	0.420	0.163	0.146	0.183	0.169	0.206	0.214	0.122	0.122	0.123	0.126	0.448	0.457	0.114	0.149	0.191	0.158	0.200	0.215	0.127	0.124	0.122	0.120	0.431	0.445	0.147	0.145	0.196	0.171	0.199	0.212	0.122	0.114	0.124	0.123	0.425	0.466	0.148	0.144	0.194	0.196	0.220	0.211	0.121	0.121	0.121	0.119	0.470	0.454	0.150	0.151
33:20:03	0.204	0.197	0.224	0.235	0.121	0.119	0.119	0.120	0.503	0.530	0.130	0.158	0.196	0.165	0.199	0.205	0.123	0.119	0.119	0.121	0.472	0.493	0.147	0.155	0.205	0.176	0.203	0.216	0.124	0.125	0.121	0.122	0.447	0.467	0.148	0.146	0.194	0.165	0.202	0.208	0.122	0.124	0.122	0.123	0.451	0.420	0.163	0.146	0.183	0.169	0.206	0.214	0.122	0.121	0.123	0.126	0.447	0.456	0.114	0.149	0.192	0.158	0.200	0.215	0.127	0.124	0.122	0.120	0.430	0.444	0.147	0.145	0.197	0.171	0.199	0.212	0.122	0.114	0.124	0.123	0.424	0.465	0.148	0.144	0.195	0.197	0.220	0.211	0.121	0.121	0.121	0.119	0.470	0.454	0.151	0.151
33:40:03	0.205	0.198	0.224	0.235	0.121	0.119	0.119	0.120	0.503	0.525	0.131	0.158	0.197	0.165	0.199	0.205	0.123	0.119	0.119	0.121	0.471	0.493	0.147	0.156	0.206	0.177	0.203	0.216	0.124	0.125	0.121	0.122	0.446	0.467	0.148	0.145	0.195	0.166	0.202	0.208	0.122	0.124	0.122	0.123	0.450	0.419	0.163	0.145	0.184	0.169	0.206	0.214	0.122	0.121	0.123	0.126	0.446	0.455	0.114	0.149	0.193	0.158	0.200	0.215	0.127	0.124	0.122	0.120	0.429	0.443	0.147	0.144	0.198	0.171	0.199	0.212	0.122	0.114	0.124	0.123	0.425	0.465	0.148	0.144	0.196	0.197	0.220	0.212	0.121	0.121	0.121	0.119	0.470	0.454	0.151	0.151
34:00:03	0.206	0.199	0.225	0.236	0.121	0.119	0.119	0.120	0.504	0.530	0.132	0.158	0.199	0.166	0.200	0.206	0.123	0.119	0.119	0.121	0.471	0.494	0.147	0.156	0.207	0.177	0.203	0.217	0.124	0.125	0.121	0.122	0.445	0.467	0.148	0.145	0.195	0.166	0.202	0.208	0.122	0.124	0.122	0.123	0.449	0.419	0.163	0.145	0.185	0.170	0.207	0.214	0.122	0.122	0.123	0.126	0.446	0.455	0.114	0.149	0.194	0.158	0.200	0.215	0.127	0.124	0.122	0.120	0.428	0.442	0.147	0.144	0.199	0.172	0.200	0.212	0.122	0.114	0.124	0.123	0.424	0.464	0.148	0.143	0.196	0.198	0.221	0.212	0.121	0.121	0.121	0.119	0.470	0.454	0.152	0.151
34:20:03	0.207	0.201	0.226	0.237	0.121	0.119	0.119	0.120	0.505	0.528	0.132	0.158	0.200	0.167	0.200	0.206	0.123	0.119	0.119	0.121	0.471	0.494	0.147	0.156	0.208	0.178	0.203	0.217	0.124	0.125	0.121	0.122	0.444	0.466	0.148	0.145	0.196	0.166	0.202	0.208	0.122	0.124	0.122	0.123	0.449	0.418	0.163	0.145	0.186	0.171	0.207	0.214	0.122	0.122	0.123	0.126	0.445	0.454	0.113	0.149	0.194	0.158	0.200	0.215	0.127	0.124	0.123	0.120	0.428	0.441	0.147	0.144	0.200	0.172	0.200	0.213	0.122	0.114	0.124	0.123	0.424	0.464	0.148	0.143	0.197	0.199	0.221	0.212	0.122	0.121	0.121	0.119	0.471	0.454	0.152	0.151
34:40:03	0.208	0.202	0.227	0.237	0.121	0.119	0.119	0.120	0.505	0.532	0.133	0.158	0.202	0.167	0.201	0.206	0.123	0.119	0.119	0.121	0.471	0.494	0.147	0.156	0.209	0.179	0.204	0.217	0.124	0.125	0.121	0.122	0.443	0.465	0.148	0.145	0.197	0.167	0.202	0.208	0.122	0.124	0.122	0.123	0.448	0.417	0.163	0.145	0.187	0.171	0.207	0.214	0.122	0.121	0.123	0.126	0.444	0.453	0.113	0.149	0.196	0.158	0.200	0.215	0.127	0.124	0.123	0.120	0.427	0.440	0.147	0.144	0.201	0.173	0.200	0.213	0.122	0.114	0.124	0.123	0.425	0.464	0.148	0.143	0.197	0.199	0.221	0.212	0.122	0.121	0.121	0.119	0.472	0.454	0.153	0.152
35:00:03	0.209	0.203	0.227	0.238	0.121	0.119	0.119	0.120	0.506	0.532	0.134	0.158	0.203	0.168	0.201	0.207	0.123	0.119	0.119	0.121	0.470	0.494	0.147	0.156	0.210	0.180	0.204	0.217	0.124	0.125	0.121	0.122	0.443	0.465	0.148	0.145	0.198	0.167	0.203	0.208	0.122	0.124	0.122	0.123	0.447	0.417	0.163	0.145	0.187	0.172	0.207	0.214	0.122	0.121	0.123	0.126	0.443	0.452	0.113	0.149	0.197	0.158	0.201	0.215	0.127	0.124	0.123	0.120	0.425	0.440	0.147	0.144	0.202	0.174	0.200	0.213	0.122	0.114	0.124	0.123	0.424	0.463	0.148	0.143	0.198	0.200	0.222	0.212	0.121	0.121	0.121	0.119	0.473	0.454	0.153	0.152
35:20:03	0.209	0.204	0.228	0.238	0.120	0.119	0.119	0.120	0.506	0.533	0.135	0.159	0.204	0.169	0.202	0.207	0.123	0.119	0.119	0.121	0.469	0.494	0.147	0.156	0.211	0.181	0.204	0.218	0.124	0.125	0.121	0.122	0.442	0.464	0.148	0.145	0.199	0.168	0.203	0.209	0.122	0.124	0.122	0.123	0.446	0.416	0.163	0.145	0.188	0.172	0.207	0.214	0.122	0.122	0.123	0.126	0.442	0.451	0.113	0.148	0.198	0.158	0.201	0.215	0.127	0.124	0.122	0.120	0.425	0.439	0.147	0.144	0.203	0.174	0.201	0.213	0.122	0.114	0.124	0.123	0.424	0.463	0.148	0.143	0.198	0.201	0.222	0.212	0.121	0.121	0.121	0.119	0.474	0.454	0.154	0.152
35:40:03	0.210	0.205	0.229	0.239	0.120	0.119	0.119	0.120	0.508	0.537	0.136	0.159	0.205	0.169	0.202	0.208	0.123	0.119	0.119	0.121	0.469	0.495	0.147	0.157	0.211	0.181	0.204	0.218	0.124	0.125	0.121	0.122	0.441	0.463	0.147	0.145	0.200	0.168	0.203	0.209	0.122	0.124	0.122	0.124	0.445	0.416	0.163	0.145	0.189	0.172	0.207	0.214	0.123	0.122	0.123	0.126	0.441	0.450	0.113	0.148	0.199	0.158	0.201	0.216	0.127	0.124	0.123	0.120	0.424	0.439	0.147	0.144	0.203	0.174	0.200	0.213	0.122	0.114	0.124	0.123	0.425	0.462	0.147	0.143	0.199	0.201	0.222	0.212	0.121	0.121	0.121	0.119	0.474	0.454	0.155	0.152
36:00:03	0.211	0.206	0.230	0.240	0.120	0.119	0.119	0.120	0.509	0.535	0.137	0.159	0.206	0.170	0.203	0.208	0.123	0.119	0.119	0.121	0.468	0.495	0.146	0.158	0.213	0.182	0.204	0.218	0.124	0.125	0.121	0.122	0.440	0.463	0.147	0.146	0.201	0.168	0.203	0.209	0.122	0.124	0.122	0.124	0.444	0.415	0.163	0.145	0.190	0.173	0.207	0.214	0.123	0.122	0.123	0.126	0.441	0.450	0.113	0.148	0.200	0.158	0.201	0.216	0.127	0.124	0.123	0.120	0.422	0.438	0.147	0.143	0.204	0.175	0.201	0.213	0.122	0.114	0.124	0.123	0.423	0.462	0.147	0.143	0.199	0.202	0.223	0.213	0.121	0.121	0.121	0.119	0.475	0.454	0.156	0.153
36:20:03	0.212	0.207	0.230	0.240	0.120	0.119	0.119	0.120	0.510	0.540	0.138	0.159	0.207	0.171	0.203	0.208	0.123	0.119	0.119	0.121	0.468	0.494	0.146	0.158	0.214	0.183	0.205	0.219	0.124	0.125	0.121	0.122	0.439	0.461	0.147	0.146	0.202	0.169	0.203	0.209	0.122	0.124	0.122	0.123	0.443	0.414	0.163	0.145	0.190	0.173	0.207	0.214	0.123	0.122	0.123	0.126	0.440	0.448	0.113	0.148	0.201	0.159	0.201	0.215	0.127	0.124	0.123	0.120	0.421	0.438	0.146	0.144	0.205	0.175	0.201	0.214	0.122	0.114	0.124	0.123	0.424	0.462	0.147	0.143	0.200	0.202	0.223	0.213	0.121	0.121	0.121	0.119	0.475	0.454	0.156	0.153
36:40:03	0.213	0.208	0.231	0.241	0.120	0.119	0.119	0.120	0.511	0.538	0.139	0.160	0.208	0.172	0.203	0.209	0.123	0.119	0.119	0.121	0.467	0.494	0.146	0.159	0.214	0.184	0.205	0.219	0.124	0.125	0.121	0.122	0.438	0.460	0.147	0.146	0.203	0.169	0.204	0.209	0.122	0.124	0.122	0.124	0.442	0.413	0.162	0.145	0.191	0.174	0.208	0.214	0.123	0.122	0.123	0.126	0.439	0.447	0.113	0.148	0.202	0.159	0.201	0.216	0.127	0.124	0.123	0.120	0.420	0.438	0.146	0.143	0.205	0.176	0.201	0.214	0.122	0.114	0.124	0.123	0.424	0.462	0.147	0.142	0.200	0.203	0.223	0.213	0.121	0.121	0.121	0.119	0.475	0.454	0.157	0.154
37:00:03	0.214	0.209	0.231	0.241	0.120	0.119	0.119	0.120	0.512	0.544	0.140	0.160	0.209	0.172	0.204	0.209	0.123	0.119	0.119	0.121	0.467	0.494	0.146	0.160	0.215	0.184	0.205	0.219	0.125	0.125	0.121	0.123	0.437	0.460	0.147	0.146	0.204	0.169	0.204	0.210	0.122	0.124	0.122	0.124	0.441	0.412	0.162	0.145	0.192	0.174	0.208	0.215	0.123	0.122	0.123	0.127	0.438	0.447	0.113	0.148	0.203	0.159	0.201	0.216	0.127	0.124	0.123	0.120	0.420	0.438	0.146	0.143	0.206	0.176	0.201	0.213	0.122	0.114	0.124	0.123	0.423	0.462	0.147	0.142	0.201	0.204	0.224	0.213	0.121	0.121	0.121	0.119	0.475	0.454	0.158	0.153
37:20:03	0.214	0.210	0.232	0.242	0.120	0.119	0.119	0.120	0.513	0.540	0.141	0.160	0.210	0.173	0.205	0.210	0.123	0.119	0.119	0.121	0.467	0.495	0.146	0.160	0.216	0.185	0.205	0.220	0.125	0.125	0.121	0.123	0.436	0.459	0.147	0.146	0.205	0.170	0.204	0.210	0.122	0.124	0.122	0.124	0.440	0.412	0.162	0.145	0.192	0.175	0.208	0.215	0.123	0.122	0.123	0.127	0.438	0.446	0.113	0.148	0.203	0.159	0.201	0.216	0.127	0.124	0.123	0.120	0.419	0.437	0.146	0.143	0.207	0.177	0.201	0.214	0.122	0.114	0.124	0.123	0.423	0.462	0.147	0.142	0.202	0.204	0.224	0.213	0.121	0.121	0.121	0.119	0.475	0.454	0.159	0.155
37:40:03	0.215	0.211	0.233	0.242	0.120	0.119	0.119	0.120	0.513	0.545	0.142	0.161	0.211	0.174	0.205	0.210	0.123	0.119	0.119	0.121	0.467	0.495	0.146	0.160	0.216	0.186	0.206	0.220	0.125	0.125	0.121	0.122	0.436	0.458	0.147	0.146	0.206	0.170	0.204	0.210	0.122	0.124	0.122	0.124	0.439	0.411	0.162	0.144	0.193	0.175	0.208	0.215	0.123	0.122	0.123	0.127	0.436	0.446	0.112	0.148	0.204	0.159	0.202	0.216	0.127	0.124	0.123	0.120	0.418	0.436	0.146	0.143	0.207	0.178	0.202	0.214	0.122	0.114	0.124	0.123	0.424	0.462	0.147	0.142	0.202	0.205	0.224	0.214	0.121	0.121	0.121	0.119	0.475	0.454	0.159	0.154
38:00:03	0.216	0.212	0.234	0.243	0.120	0.119	0.119	0.120	0.514	0.542	0.143	0.161	0.212	0.175	0.206	0.210	0.123	0.119	0.119	0.121	0.466	0.495	0.146	0.162	0.217	0.187	0.206	0.220	0.125	0.125	0.121	0.122	0.434	0.457	0.147	0.146	0.207	0.171	0.204	0.210	0.122	0.124	0.122	0.124	0.439	0.410	0.162	0.144	0.194	0.176	0.208	0.214	0.123	0.122	0.123	0.126	0.435	0.444	0.112	0.147	0.205	0.159	0.202	0.216	0.127	0.124	0.123	0.120	0.418	0.436	0.146	0.143	0.208	0.178	0.202	0.214	0.122	0.114	0.124	0.123	0.423	0.462	0.147	0.142	0.202	0.206	0.225	0.214	0.121	0.121	0.121	0.119	0.475	0.455	0.159	0.154
38:20:03	0.216	0.213	0.234	0.243	0.120	0.119	0.119	0.120	0.515	0.544	0.144	0.163	0.213	0.176	0.207	0.211	0.123	0.119	0.119	0.121	0.465	0.495	0.146	0.162	0.218	0.188	0.206	0.221	0.125	0.125	0.121	0.122	0.433	0.456	0.147	0.147	0.208	0.172	0.205	0.210	0.122	0.124	0.122	0.125	0.438	0.409	0.162	0.144	0.195	0.176	0.208	0.214	0.123	0.122	0.123	0.127	0.435	0.444	0.112	0.148	0.206	0.160	0.202	0.216	0.127	0.124	0.123	0.120	0.417	0.435	0.146	0.143	0.208	0.179	0.202	0.214	0.122	0.114	0.124	0.123	0.423	0.462	0.147	0.142	0.203	0.206	0.225	0.214	0.121	0.121	0.121	0.119	0.476	0.455	0.160	0.157
38:40:03	0.218	0.214	0.234	0.244	0.120	0.118	0.119	0.120	0.516	0.546	0.144	0.163	0.214	0.177	0.207	0.211	0.123	0.119	0.119	0.121	0.465	0.496	0.146	0.161	0.219	0.188	0.206	0.221	0.124	0.125	0.121	0.122	0.432	0.456	0.147	0.147	0.209	0.172	0.204	0.209	0.122	0.124	0.122	0.124	0.436	0.408	0.162	0.144	0.196	0.177	0.208	0.213	0.122	0.121	0.122	0.126	0.434	0.443	0.112	0.148	0.206	0.160	0.203	0.216	0.127	0.124	0.122	0.120	0.416	0.434	0.146	0.143	0.209	0.179	0.202	0.214	0.122	0.114	0.124	0.123	0.424	0.462	0.146	0.142	0.203	0.207	0.225	0.214	0.121	0.121	0.121	0.119	0.476	0.455	0.161	0.158
39:00:03	0.218	0.215	0.235	0.244	0.120	0.118	0.119	0.120	0.516	0.541	0.145	0.162	0.215	0.177	0.207	0.211	0.123	0.119	0.119	0.121	0.465	0.495	0.146	0.164	0.220	0.189	0.206	0.221	0.124	0.125	0.121	0.122	0.432	0.455	0.147	0.147	0.210	0.172	0.204	0.209	0.121	0.123	0.121	0.123	0.435	0.407	0.162	0.144	0.197	0.177	0.208	0.213	0.122	0.121	0.122	0.125	0.432	0.442	0.112	0.147	0.207	0.160	0.202	0.216	0.127	0.124	0.122	0.120	0.415	0.433	0.146	0.142	0.209	0.180	0.203	0.215	0.122	0.114	0.124	0.123	0.424	0.462	0.146	0.142	0.204	0.207	0.226	0.215	0.121	0.121	0.121	0.119	0.475	0.455	0.161	0.157
39:20:03	0.219	0.216	0.236	0.244	0.120	0.118	0.119	0.120	0.516	0.547	0.146	0.164	0.216	0.179	0.208	0.212	0.123	0.119	0.119	0.121	0.464	0.496	0.146	0.163	0.220	0.190	0.206	0.221	0.124	0.125	0.121	0.122	0.431	0.454	0.147	0.147	0.211	0.173	0.204	0.209	0.121	0.123	0.121	0.123	0.434	0.406	0.162	0.144	0.198	0.178	0.208	0.213	0.122	0.121	0.122	0.125	0.431	0.441	0.112	0.147	0.208	0.160	0.203	0.216	0.127	0.124	0.122	0.120	0.414	0.432	0.146	0.142	0.210	0.180	0.203	0.215	0.122	0.114	0.124	0.123	0.423	0.462	0.146	0.142	0.204	0.208	0.226	0.215	0.121	0.121	0.121	0.119	0.476	0.455	0.162	0.156
39:40:03	0.220	0.217	0.236	0.245	0.120	0.118	0.119	0.120	0.517	0.545	0.147	0.162	0.217	0.180	0.208	0.212	0.123	0.119	0.119	0.121	0.464	0.496	0.145	0.164	0.221	0.191	0.207	0.221	0.124	0.125	0.121	0.122	0.430	0.453	0.147	0.147	0.212	0.173	0.205	0.210	0.122	0.124	0.122	0.124	0.434	0.405	0.162	0.144	0.198	0.178	0.209	0.214	0.123	0.122	0.123	0.126	0.431	0.441	0.112	0.147	0.208	0.160	0.203	0.216	0.127	0.124	0.123	0.120	0.414	0.432	0.146	0.142	0.210	0.181	0.203	0.215	0.122	0.114	0.124	0.123	0.423	0.462	0.146	0.142	0.204	0.208	0.226	0.215	0.121	0.121	0.121	0.119	0.477	0.455	0.163	0.155
40:00:03	0.220	0.217	0.237	0.246	0.120	0.118	0.119	0.120	0.519	0.549	0.147	0.165	0.218	0.180	0.209	0.213	0.123	0.119	0.119	0.121	0.463	0.497	0.145	0.165	0.222	0.192	0.207	0.222	0.124	0.125	0.121	0.122	0.430	0.453	0.147	0.148	0.213	0.173	0.205	0.210	0.122	0.124	0.122	0.125	0.434	0.405	0.161	0.144	0.199	0.179	0.209	0.214	0.123	0.122	0.123	0.126	0.431	0.441	0.112	0.147	0.209	0.160	0.203	0.216	0.127	0.124	0.123	0.120	0.414	0.432	0.146	0.142	0.211	0.181	0.203	0.215	0.122	0.114	0.124	0.123	0.424	0.462	0.146	0.141	0.204	0.209	0.227	0.215	0.121	0.121	0.121	0.119	0.477	0.456	0.164	0.156
40:20:03	0.221	0.218	0.237	0.246	0.120	0.118	0.119	0.120	0.519	0.547	0.148	0.165	0.219	0.181	0.209	0.213	0.123	0.119	0.119	0.121	0.463	0.497	0.145	0.165	0.222	0.192	0.207	0.222	0.124	0.125	0.121	0.122	0.429	0.452	0.147	0.149	0.214	0.174	0.205	0.210	0.121	0.123	0.121	0.124	0.432	0.405	0.161	0.144	0.200	0.179	0.208	0.213	0.122	0.121	0.122	0.125	0.430	0.440	0.112	0.147	0.210	0.160	0.203	0.216	0.127	0.124	0.122	0.120	0.413	0.431	0.145	0.142	0.212	0.181	0.203	0.215	0.122	0.114	0.124	0.123	0.423	0.462	0.146	0.141	0.205	0.209	0.227	0.215	0.121	0.121	0.121	0.119	0.477	0.456	0.165	0.156
40:40:03	0.221	0.219	0.238	0.246	0.120	0.118	0.119	0.120	0.519	0.554	0.148	0.163	0.220	0.182	0.209	0.213	0.123	0.119	0.119	0.121	0.462	0.497	0.145	0.165	0.223	0.193	0.207	0.222	0.124	0.125	0.121	0.122	0.428	0.452	0.147	0.150	0.215	0.174	0.205	0.209	0.121	0.123	0.121	0.124	0.431	0.404	0.161	0.143	0.201	0.179	0.208	0.213	0.122	0.121	0.122	0.125	0.429	0.438	0.112	0.147	0.210	0.161	0.203	0.216	0.127	0.124	0.122	0.120	0.412	0.430	0.145	0.142	0.212	0.182	0.203	0.215	0.122	0.114	0.124	0.123	0.422	0.462	0.146	0.141	0.205	0.210	0.228	0.216	0.121	0.121	0.121	0.119	0.477	0.456	0.166	0.157
41:00:03	0.221	0.220	0.238	0.247	0.120	0.118	0.119	0.120	0.520	0.550	0.149	0.163	0.220	0.183	0.210	0.213	0.123	0.119	0.119	0.121	0.462	0.496	0.145	0.165	0.223	0.194	0.207	0.222	0.124	0.125	0.121	0.122	0.428	0.451	0.147	0.151	0.216	0.174	0.206	0.210	0.121	0.123	0.121	0.123	0.431	0.404	0.161	0.143	0.201	0.180	0.209	0.213	0.122	0.121	0.122	0.125	0.428	0.438	0.112	0.148	0.211	0.161	0.203	0.216	0.127	0.124	0.122	0.120	0.411	0.429	0.145	0.142	0.213	0.182	0.203	0.215	0.122	0.114	0.124	0.123	0.423	0.461	0.146	0.141	0.206	0.210	0.228	0.216	0.121	0.121	0.121	0.119	0.479	0.456	0.167	0.158
41:20:03	0.222	0.220	0.238	0.247	0.120	0.118	0.119	0.120	0.520	0.554	0.149	0.164	0.221	0.183	0.210	0.214	0.123	0.119	0.119	0.121	0.462	0.497	0.145	0.165	0.224	0.195	0.207	0.222	0.124	0.125	0.121	0.122	0.428	0.450	0.147	0.153	0.216	0.175	0.206	0.210	0.121	0.123	0.121	0.124	0.430	0.403	0.161	0.143	0.202	0.180	0.209	0.213	0.122	0.121	0.122	0.125	0.428	0.438	0.111	0.148	0.212	0.161	0.203	0.216	0.127	0.124	0.122	0.120	0.410	0.429	0.145	0.142	0.213	0.183	0.203	0.215	0.122	0.114	0.124	0.123	0.424	0.462	0.146	0.141	0.206	0.211	0.228	0.216	0.121	0.121	0.121	0.119	0.480	0.456	0.168	0.159
41:40:03	0.223	0.221	0.239	0.248	0.120	0.118	0.119	0.120	0.521	0.554	0.149	0.165	0.222	0.184	0.211	0.214	0.123	0.119	0.119	0.121	0.461	0.498	0.145	0.166	0.224	0.195	0.207	0.222	0.124	0.125	0.121	0.122	0.427	0.450	0.147	0.153	0.217	0.175	0.206	0.210	0.121	0.123	0.121	0.124	0.429	0.402	0.161	0.143	0.203	0.180	0.209	0.214	0.122	0.121	0.122	0.125	0.427	0.437	0.111	0.148	0.213	0.161	0.203	0.216	0.127	0.124	0.122	0.120	0.410	0.428	0.145	0.142	0.214	0.183	0.203	0.216	0.122	0.114	0.124	0.123	0.423	0.461	0.146	0.141	0.207	0.211	0.229	0.216	0.121	0.121	0.121	0.119	0.481	0.456	0.170	0.160
42:00:03	0.223	0.221	0.239	0.248	0.120	0.118	0.119	0.120	0.522	0.553	0.149	0.166	0.222	0.184	0.211	0.214	0.123	0.119	0.119	0.121	0.461	0.497	0.145	0.167	0.225	0.196	0.207	0.223	0.124	0.125	0.121	0.122	0.427	0.449	0.147	0.154	0.217	0.175	0.206	0.210	0.121	0.123	0.121	0.124	0.428	0.402	0.161	0.143	0.203	0.181	0.209	0.214	0.122	0.121	0.122	0.125	0.426	0.437	0.111	0.149	0.214	0.161	0.203	0.216	0.127	0.124	0.122	0.120	0.410	0.427	0.145	0.142	0.214	0.183	0.203	0.216	0.122	0.114	0.124	0.123	0.422	0.461	0.146	0.141	0.207	0.212	0.229	0.216	0.121	0.121	0.121	0.119	0.483	0.456	0.171	0.161
42:20:03	0.223	0.222	0.240	0.248	0.120	0.118	0.120	0.120	0.523	0.554	0.150	0.166	0.223	0.185	0.211	0.214	0.123	0.119	0.119	0.121	0.460	0.498	0.145	0.167	0.225	0.196	0.207	0.223	0.124	0.125	0.121	0.122	0.427	0.449	0.147	0.155	0.218	0.176	0.206	0.210	0.121	0.123	0.121	0.124	0.428	0.402	0.161	0.143	0.204	0.181	0.209	0.213	0.122	0.121	0.122	0.125	0.425	0.436	0.111	0.149	0.214	0.161	0.203	0.216	0.127	0.124	0.122	0.120	0.409	0.427	0.145	0.141	0.215	0.184	0.204	0.216	0.122	0.114	0.124	0.123	0.424	0.462	0.147	0.141	0.207	0.212	0.229	0.217	0.121	0.121	0.121	0.119	0.484	0.456	0.172	0.162
42:40:03	0.223	0.222	0.240	0.248	0.120	0.118	0.119	0.120	0.524	0.555	0.150	0.166	0.224	0.186	0.212	0.215	0.123	0.119	0.119	0.121	0.460	0.498	0.145	0.168	0.226	0.197	0.208	0.223	0.124	0.125	0.121	0.122	0.427	0.448	0.147	0.157	0.219	0.176	0.206	0.210	0.121	0.123	0.121	0.124	0.427	0.401	0.161	0.143	0.204	0.181	0.209	0.213	0.122	0.121	0.122	0.125	0.425	0.436	0.111	0.150	0.215	0.162	0.204	0.216	0.127	0.124	0.122	0.120	0.409	0.426	0.145	0.141	0.215	0.184	0.204	0.216	0.122	0.114	0.124	0.123	0.425	0.462	0.147	0.141	0.207	0.213	0.230	0.217	0.121	0.121	0.121	0.119	0.486	0.456	0.172	0.163
43:00:03	0.224	0.223	0.240	0.249	0.120	0.118	0.119	0.120	0.525	0.559	0.150	0.167	0.225	0.187	0.212	0.215	0.123	0.119	0.119	0.121	0.460	0.497	0.145	0.168	0.227	0.198	0.208	0.223	0.124	0.125	0.121	0.122	0.426	0.448	0.147	0.157	0.219	0.176	0.206	0.210	0.121	0.123	0.121	0.124	0.426	0.401	0.161	0.143	0.205	0.182	0.209	0.213	0.122	0.121	0.122	0.125	0.425	0.436	0.111	0.150	0.215	0.162	0.204	0.216	0.127	0.124	0.122	0.120	0.408	0.425	0.145	0.141	0.216	0.184	0.204	0.216	0.122	0.114	0.124	0.123	0.424	0.461	0.147	0.141	0.207	0.213	0.230	0.217	0.121	0.121	0.121	0.119	0.486	0.456	0.173	0.163
43:20:03	0.225	0.224	0.241	0.249	0.120	0.118	0.119	0.120	0.527	0.558	0.150	0.167	0.225	0.188	0.213	0.215	0.123	0.119	0.119	0.121	0.460	0.497	0.145	0.168	0.227	0.198	0.208	0.223	0.124	0.125	0.121	0.122	0.426	0.447	0.147	0.158	0.220	0.177	0.207	0.210	0.121	0.123	0.121	0.123	0.426	0.401	0.161	0.143	0.206	0.182	0.209	0.213	0.122	0.121	0.122	0.125	0.424	0.436	0.111	0.150	0.216	0.162	0.204	0.216	0.127	0.124	0.122	0.120	0.408	0.425	0.145	0.141	0.216	0.185	0.204	0.216	0.122	0.114	0.124	0.123	0.423	0.461	0.147	0.141	0.208	0.214	0.231	0.217	0.121	0.121	0.121	0.119	0.488	0.456	0.173	0.164
43:40:04	0.225	0.224	0.241	0.249	0.120	0.119	0.119	0.120	0.528	0.559	0.150	0.168	0.227	0.189	0.214	0.216	0.123	0.119	0.119	0.121	0.459	0.497	0.145	0.168	0.228	0.199	0.208	0.224	0.124	0.125	0.121	0.122	0.426	0.447	0.148	0.159	0.220	0.178	0.207	0.210	0.121	0.123	0.121	0.124	0.426	0.400	0.161	0.143	0.206	0.183	0.209	0.213	0.122	0.121	0.122	0.125	0.423	0.435	0.111	0.151	0.217	0.163	0.204	0.216	0.127	0.124	0.122	0.120	0.407	0.425	0.145	0.141	0.217	0.185	0.205	0.216	0.122	0.114	0.124	0.123	0.424	0.461	0.147	0.141	0.208	0.215	0.231	0.217	0.121	0.121	0.121	0.119	0.489	0.456	0.174	0.164
44:00:04	0.226	0.225	0.242	0.249	0.120	0.119	0.119	0.120	0.528	0.560	0.150	0.168	0.228	0.190	0.214	0.216	0.123	0.119	0.119	0.121	0.460	0.496	0.145	0.168	0.228	0.200	0.209	0.224	0.124	0.125	0.121	0.122	0.425	0.447	0.148	0.160	0.221	0.178	0.208	0.210	0.121	0.123	0.121	0.124	0.425	0.400	0.161	0.143	0.207	0.183	0.209	0.213	0.122	0.121	0.122	0.125	0.423	0.435	0.111	0.152	0.218	0.163	0.204	0.216	0.127	0.124	0.122	0.120	0.407	0.425	0.145	0.142	0.217	0.186	0.205	0.216	0.122	0.114	0.124	0.123	0.426	0.461	0.147	0.141	0.208	0.215	0.231	0.218	0.121	0.121	0.121	0.119	0.490	0.456	0.175	0.165
44:20:04	0.225	0.226	0.242	0.250	0.120	0.119	0.119	0.120	0.529	0.561	0.150	0.168	0.229	0.191	0.215	0.216	0.123	0.119	0.119	0.121	0.459	0.496	0.145	0.168	0.229	0.200	0.209	0.224	0.124	0.125	0.121	0.122	0.425	0.446	0.148	0.161	0.222	0.179	0.208	0.210	0.121	0.123	0.121	0.123	0.425	0.400	0.161	0.143	0.208	0.184	0.209	0.213	0.122	0.121	0.122	0.125	0.423	0.435	0.111	0.152	0.218	0.163	0.205	0.216	0.127	0.124	0.122	0.120	0.406	0.424	0.144	0.142	0.217	0.186	0.205	0.216	0.122	0.114	0.124	0.123	0.426	0.461	0.148	0.141	0.208	0.216	0.232	0.218	0.121	0.121	0.121	0.119	0.490	0.456	0.175	0.165
44:40:04	0.225	0.226	0.243	0.250	0.120	0.119	0.120	0.120	0.530	0.562	0.150	0.168	0.229	0.192	0.215	0.216	0.123	0.119	0.119	0.121	0.459	0.496	0.145	0.168	0.229	0.201	0.209	0.224	0.124	0.125	0.121	0.122	0.424	0.446	0.148	0.161	0.222	0.179	0.208	0.210	0.121	0.123	0.121	0.123	0.424	0.399	0.161	0.143	0.209	0.184	0.209	0.213	0.122	0.121	0.121	0.125	0.422	0.434	0.111	0.153	0.219	0.163	0.205	0.216	0.127	0.124	0.122	0.120	0.406	0.424	0.144	0.142	0.218	0.187	0.205	0.216	0.122	0.114	0.124	0.123	0.424	0.461	0.148	0.140	0.209	0.216	0.232	0.218	0.121	0.121	0.121	0.119	0.491	0.456	0.176	0.165
45:00:04	0.225	0.227	0.243	0.251	0.120	0.119	0.120	0.120	0.531	0.560	0.151	0.168	0.230	0.193	0.215	0.217	0.123	0.119	0.119	0.121	0.459	0.495	0.146	0.168	0.230	0.202	0.209	0.225	0.124	0.125	0.121	0.122	0.424	0.445	0.149	0.162	0.223	0.179	0.208	0.210	0.121	0.123	0.121	0.123	0.424	0.399	0.161	0.143	0.209	0.185	0.210	0.213	0.122	0.121	0.121	0.125	0.421	0.434	0.111	0.154	0.219	0.163	0.205	0.216	0.127	0.124	0.122	0.120	0.405	0.424	0.144	0.142	0.218	0.187	0.206	0.216	0.122	0.114	0.124	0.123	0.424	0.460	0.148	0.140	0.209	0.217	0.233	0.218	0.121	0.120	0.121	0.119	0.491	0.455	0.176	0.165
45:20:04	0.225	0.227	0.243	0.251	0.120	0.119	0.120	0.120	0.533	0.566	0.151	0.168	0.230	0.194	0.216	0.217	0.123	0.119	0.119	0.121	0.459	0.496	0.146	0.168	0.230	0.202	0.209	0.225	0.124	0.125	0.121	0.122	0.423	0.444	0.149	0.163	0.223	0.180	0.209	0.210	0.121	0.123	0.121	0.123	0.423	0.398	0.161	0.143	0.210	0.185	0.210	0.213	0.122	0.121	0.122	0.125	0.421	0.433	0.111	0.155	0.220	0.164	0.205	0.216	0.127	0.124	0.122	0.120	0.404	0.423	0.144	0.142	0.218	0.188	0.206	0.216	0.122	0.114	0.124	0.123	0.427	0.460	0.149	0.140	0.210	0.218	0.233	0.218	0.121	0.120	0.121	0.119	0.491	0.455	0.177	0.166
45:40:04	0.225	0.228	0.244	0.251	0.120	0.119	0.120	0.120	0.533	0.566	0.151	0.168	0.230	0.194	0.216	0.217	0.123	0.119	0.119	0.121	0.459	0.496	0.146	0.168	0.230	0.203	0.209	0.225	0.124	0.125	0.121	0.122	0.423	0.444	0.150	0.163	0.224	0.180	0.209	0.210	0.121	0.123	0.121	0.123	0.423	0.398	0.161	0.143	0.211	0.186	0.210	0.213	0.122	0.121	0.122	0.125	0.421	0.432	0.111	0.156	0.220	0.164	0.205	0.216	0.127	0.124	0.122	0.120	0.403	0.423	0.144	0.143	0.218	0.188	0.206	0.216	0.122	0.114	0.124	0.123	0.427	0.460	0.149	0.140	0.210	0.218	0.233	0.219	0.121	0.120	0.121	0.119	0.491	0.455	0.177	0.166
46:00:04	0.226	0.228	0.244	0.251	0.120	0.119	0.120	0.120	0.535	0.566	0.151	0.168	0.231	0.195	0.217	0.218	0.123	0.119	0.119	0.121	0.459	0.497	0.146	0.168	0.231	0.203	0.210	0.225	0.124	0.125	0.121	0.122	0.423	0.443	0.150	0.163	0.225	0.180	0.209	0.211	0.121	0.123	0.121	0.124	0.423	0.398	0.161	0.143	0.211	0.186	0.210	0.214	0.122	0.121	0.123	0.125	0.421	0.433	0.111	0.156	0.221	0.164	0.206	0.216	0.127	0.124	0.122	0.120	0.403	0.423	0.144	0.143	0.219	0.189	0.206	0.217	0.122	0.114	0.124	0.123	0.425	0.460	0.150	0.140	0.210	0.218	0.234	0.219	0.121	0.120	0.121	0.119	0.490	0.454	0.178	0.166
46:20:04	0.226	0.229	0.244	0.252	0.120	0.119	0.120	0.120	0.536	0.568	0.151	0.168	0.232	0.196	0.217	0.218	0.123	0.119	0.119	0.121	0.459	0.497	0.146	0.168	0.232	0.204	0.210	0.225	0.124	0.125	0.121	0.122	0.423	0.443	0.150	0.164	0.225	0.180	0.209	0.211	0.121	0.123	0.121	0.124	0.422	0.398	0.161	0.143	0.212	0.186	0.210	0.213	0.122	0.121	0.123	0.125	0.420	0.432	0.111	0.156	0.221	0.164	0.206	0.217	0.127	0.124	0.122	0.120	0.403	0.423	0.144	0.143	0.219	0.189	0.206	0.217	0.122	0.114	0.124	0.123	0.424	0.460	0.150	0.141	0.210	0.218	0.234	0.219	0.121	0.120	0.121	0.119	0.488	0.454	0.178	0.166
46:40:04	0.226	0.230	0.245	0.252	0.120	0.119	0.120	0.120	0.538	0.571	0.152	0.168	0.232	0.196	0.218	0.218	0.123	0.119	0.119	0.121	0.459	0.497	0.146	0.168	0.232	0.205	0.210	0.225	0.124	0.125	0.121	0.122	0.422	0.442	0.151	0.165	0.226	0.181	0.210	0.210	0.120	0.122	0.121	0.123	0.421	0.397	0.161	0.143	0.213	0.186	0.210	0.213	0.121	0.120	0.122	0.124	0.419	0.431	0.111	0.157	0.222	0.164	0.206	0.216	0.127	0.124	0.122	0.120	0.402	0.423	0.144	0.143	0.220	0.189	0.207	0.217	0.122	0.114	0.124	0.123	0.425	0.459	0.150	0.141	0.210	0.219	0.235	0.219	0.121	0.120	0.121	0.119	0.489	0.454	0.179	0.166
47:00:04	0.225	0.230	0.245	0.252	0.120	0.119	0.120	0.120	0.537	0.570	0.151	0.168	0.233	0.197	0.218	0.218	0.123	0.119	0.119	0.121	0.459	0.497	0.146	0.168	0.233	0.205	0.210	0.225	0.124	0.125	0.121	0.121	0.421	0.441	0.152	0.165	0.226	0.181	0.210	0.210	0.120	0.122	0.121	0.122	0.420	0.396	0.161	0.143	0.213	0.187	0.210	0.212	0.121	0.120	0.122	0.124	0.419	0.430	0.111	0.159	0.222	0.165	0.206	0.216	0.126	0.123	0.122	0.120	0.401	0.422	0.144	0.144	0.220	0.190	0.207	0.217	0.122	0.114	0.124	0.123	0.427	0.459	0.151	0.141	0.210	0.219	0.235	0.220	0.121	0.120	0.121	0.119	0.488	0.455	0.179	0.166
47:20:04	0.225	0.230	0.245	0.252	0.120	0.119	0.120	0.120	0.539	0.569	0.151	0.167	0.233	0.198	0.218	0.218	0.123	0.119	0.119	0.121	0.458	0.499	0.147	0.168	0.233	0.206	0.210	0.226	0.124	0.125	0.121	0.121	0.421	0.441	0.153	0.165	0.227	0.182	0.210	0.210	0.120	0.122	0.121	0.122	0.420	0.396	0.161	0.144	0.213	0.187	0.210	0.213	0.121	0.120	0.122	0.124	0.418	0.429	0.111	0.161	0.223	0.165	0.206	0.216	0.126	0.123	0.122	0.120	0.400	0.422	0.144	0.145	0.221	0.190	0.207	0.217	0.122	0.114	0.124	0.123	0.430	0.459	0.152	0.141	0.210	0.220	0.236	0.220	0.121	0.120	0.121	0.119	0.488	0.456	0.180	0.166
47:40:04	0.225	0.231	0.246	0.253	0.120	0.118	0.120	0.120	0.540	0.569	0.151	0.167	0.234	0.199	0.219	0.218	0.123	0.119	0.119	0.121	0.459	0.498	0.147	0.168	0.234	0.206	0.210	0.226	0.124	0.125	0.120	0.121	0.421	0.441	0.153	0.166	0.227	0.182	0.210	0.210	0.120	0.122	0.121	0.122	0.420	0.396	0.162	0.144	0.214	0.188	0.210	0.213	0.121	0.120	0.122	0.124	0.418	0.429	0.111	0.162	0.223	0.165	0.206	0.216	0.126	0.123	0.122	0.120	0.399	0.421	0.144	0.146	0.221	0.191	0.207	0.217	0.122	0.114	0.124	0.123	0.428	0.459	0.153	0.141	0.209	0.220	0.236	0.220	0.121	0.120	0.121	0.119	0.489	0.455	0.180	0.165
48:00:04	0.225	0.231	0.246	0.253	0.120	0.118	0.120	0.120	0.541	0.574	0.151	0.167	0.234	0.200	0.219	0.219	0.123	0.119	0.119	0.121	0.459	0.499	0.147	0.168	0.234	0.207	0.210	0.226	0.124	0.125	0.121	0.122	0.420	0.440	0.154	0.166	0.227	0.182	0.210	0.210	0.120	0.122	0.120	0.122	0.419	0.395	0.162	0.145	0.214	0.188	0.210	0.213	0.121	0.120	0.122	0.124	0.418	0.429	0.111	0.163	0.223	0.165	0.206	0.216	0.126	0.123	0.122	0.120	0.399	0.420	0.144	0.147	0.221	0.191	0.207	0.217	0.122	0.114	0.124	0.123	0.426	0.459	0.154	0.142	0.209	0.221	0.237	0.220	0.121	0.120	0.121	0.119	0.492	0.456	0.180	0.165

