Field Group

Plate Comment:	
Procedure Summary
  Plate Type:              Corning 96 well for LogPhase600
  Plate Number:            1
  Discontinuous Kinetics:  Runtime 02:00:00 (D:HH:MM), Interval 00:20:00 (HH:MM:SS), 145 Reads (max)
  Read:                    600 nm
  Incubator:               On
    Temperature setpoint:  30 °C
    Temperature gradient:  Off
  Shaking:                 On
     Shaking frequency:    600 RPMs		
			
			

600

Time	A1	A2	A3	A4	A5	A6	A7	A8	A9	A10	A11	A12	B1	B2	B3	B4	B5	B6	B7	B8	B9	B10	B11	B12	C1	C2	C3	C4	C5	C6	C7	C8	C9	C10	C11	C12	D1	D2	D3	D4	D5	D6	D7	D8	D9	D10	D11	D12	E1	E2	E3	E4	E5	E6	E7	E8	E9	E10	E11	E12	F1	F2	F3	F4	F5	F6	F7	F8	F9	F10	F11	F12	G1	G2	G3	G4	G5	G6	G7	G8	G9	G10	G11	G12	H1	H2	H3	H4	H5	H6	H7	H8	H9	H10	H11	H12
0:00:00	0.115	0.121	0.121	0.118	0.117	0.121	0.119	0.118	0.086	0.121	0.117	0.116	0.114	0.115	0.119	0.117	0.121	0.121	0.120	0.115	0.116	0.116	0.117	0.119	0.117	0.116	0.116	0.117	0.085	0.091	0.117	0.117	0.117	0.118	0.118	0.117	0.117	0.116	0.121	0.118	0.120	0.119	0.122	0.095	0.123	0.083	0.116	0.118	0.115	0.116	0.118	0.120	0.120	0.119	0.118	0.115	0.108	0.084	0.116	0.118	0.115	0.117	0.120	0.117	0.117	0.118	0.120	0.083	0.086	0.115	0.117	0.119	0.118	0.117	0.119	0.118	0.117	0.118	0.118	0.116	0.121	0.118	0.118	0.117	0.116	0.115	0.117	0.116	0.119	0.116	0.117	0.117	0.117	0.120	0.117	0.116
0:20:00	0.115	0.121	0.122	0.118	0.117	0.121	0.119	0.118	0.085	0.121	0.117	0.116	0.114	0.115	0.119	0.117	0.121	0.120	0.120	0.116	0.116	0.115	0.117	0.118	0.117	0.116	0.116	0.118	0.086	0.090	0.118	0.118	0.116	0.116	0.117	0.117	0.117	0.116	0.121	0.119	0.119	0.118	0.122	0.097	0.123	0.083	0.116	0.119	0.115	0.116	0.119	0.121	0.120	0.118	0.119	0.115	0.099	0.084	0.117	0.118	0.115	0.116	0.117	0.117	0.117	0.117	0.120	0.084	0.087	0.115	0.117	0.119	0.118	0.117	0.119	0.118	0.117	0.119	0.118	0.117	0.121	0.118	0.119	0.117	0.115	0.114	0.117	0.117	0.118	0.116	0.117	0.117	0.117	0.120	0.117	0.116
0:40:00	0.115	0.121	0.122	0.119	0.117	0.121	0.120	0.118	0.085	0.121	0.117	0.116	0.114	0.115	0.119	0.117	0.121	0.120	0.120	0.116	0.116	0.115	0.117	0.119	0.117	0.116	0.117	0.118	0.086	0.089	0.118	0.118	0.116	0.116	0.118	0.118	0.117	0.116	0.121	0.118	0.120	0.117	0.123	0.097	0.122	0.082	0.116	0.119	0.115	0.115	0.120	0.121	0.120	0.118	0.119	0.116	0.098	0.084	0.118	0.118	0.116	0.115	0.118	0.117	0.117	0.116	0.119	0.084	0.085	0.115	0.118	0.119	0.118	0.117	0.120	0.119	0.117	0.119	0.118	0.117	0.122	0.118	0.120	0.117	0.115	0.114	0.117	0.117	0.119	0.116	0.118	0.118	0.117	0.120	0.118	0.116
1:00:00	0.115	0.122	0.123	0.119	0.117	0.121	0.121	0.119	0.085	0.121	0.118	0.117	0.115	0.115	0.120	0.118	0.121	0.120	0.121	0.116	0.116	0.115	0.118	0.119	0.117	0.116	0.117	0.119	0.086	0.089	0.119	0.119	0.117	0.116	0.119	0.118	0.117	0.116	0.122	0.119	0.120	0.117	0.124	0.098	0.121	0.083	0.117	0.120	0.116	0.115	0.120	0.121	0.120	0.118	0.120	0.116	0.098	0.084	0.119	0.118	0.117	0.116	0.118	0.117	0.117	0.116	0.120	0.084	0.086	0.115	0.119	0.120	0.118	0.117	0.120	0.119	0.117	0.119	0.119	0.117	0.122	0.118	0.121	0.117	0.115	0.114	0.118	0.117	0.118	0.117	0.118	0.118	0.118	0.120	0.119	0.117
1:20:00	0.115	0.122	0.124	0.120	0.117	0.121	0.121	0.119	0.086	0.121	0.120	0.118	0.115	0.115	0.121	0.118	0.121	0.120	0.122	0.117	0.116	0.116	0.119	0.120	0.117	0.116	0.118	0.119	0.086	0.090	0.120	0.119	0.117	0.117	0.120	0.119	0.117	0.116	0.123	0.119	0.120	0.117	0.125	0.098	0.121	0.083	0.118	0.120	0.116	0.115	0.120	0.122	0.120	0.119	0.121	0.116	0.098	0.084	0.120	0.119	0.117	0.115	0.119	0.117	0.117	0.116	0.120	0.084	0.086	0.115	0.120	0.121	0.118	0.117	0.121	0.120	0.118	0.119	0.120	0.117	0.122	0.118	0.122	0.118	0.115	0.115	0.119	0.118	0.118	0.116	0.119	0.118	0.118	0.120	0.120	0.117
1:40:00	0.116	0.122	0.125	0.120	0.117	0.121	0.122	0.120	0.086	0.121	0.121	0.119	0.115	0.115	0.122	0.119	0.121	0.120	0.122	0.118	0.116	0.116	0.120	0.121	0.118	0.116	0.119	0.120	0.086	0.090	0.121	0.120	0.117	0.117	0.121	0.120	0.118	0.116	0.123	0.119	0.120	0.117	0.126	0.098	0.121	0.082	0.120	0.121	0.116	0.116	0.121	0.122	0.120	0.119	0.121	0.117	0.098	0.084	0.121	0.119	0.117	0.116	0.120	0.118	0.117	0.116	0.121	0.085	0.086	0.115	0.122	0.121	0.118	0.117	0.122	0.120	0.118	0.119	0.121	0.118	0.122	0.119	0.124	0.119	0.115	0.115	0.120	0.119	0.118	0.117	0.120	0.119	0.118	0.120	0.122	0.118
2:00:00	0.116	0.122	0.126	0.121	0.117	0.122	0.123	0.120	0.086	0.121	0.123	0.119	0.115	0.115	0.123	0.119	0.122	0.121	0.123	0.118	0.116	0.116	0.121	0.122	0.118	0.116	0.121	0.121	0.087	0.090	0.122	0.121	0.117	0.117	0.123	0.121	0.118	0.116	0.124	0.120	0.120	0.117	0.127	0.099	0.122	0.083	0.121	0.122	0.116	0.116	0.122	0.123	0.120	0.119	0.122	0.117	0.098	0.085	0.123	0.120	0.117	0.115	0.121	0.118	0.117	0.116	0.122	0.085	0.086	0.116	0.124	0.122	0.118	0.117	0.124	0.121	0.118	0.119	0.122	0.118	0.122	0.119	0.126	0.120	0.116	0.115	0.121	0.119	0.118	0.117	0.122	0.119	0.118	0.120	0.124	0.119
2:20:00	0.116	0.122	0.127	0.121	0.118	0.122	0.124	0.121	0.086	0.122	0.125	0.121	0.115	0.115	0.124	0.119	0.122	0.121	0.125	0.118	0.117	0.117	0.124	0.123	0.118	0.116	0.122	0.121	0.087	0.090	0.123	0.121	0.117	0.117	0.125	0.122	0.118	0.116	0.126	0.120	0.120	0.117	0.128	0.100	0.122	0.083	0.124	0.123	0.116	0.116	0.123	0.123	0.120	0.119	0.123	0.117	0.098	0.085	0.126	0.120	0.117	0.116	0.122	0.119	0.118	0.116	0.123	0.086	0.086	0.116	0.126	0.123	0.119	0.117	0.125	0.121	0.118	0.118	0.123	0.119	0.122	0.119	0.129	0.121	0.116	0.115	0.123	0.120	0.118	0.117	0.123	0.120	0.118	0.120	0.129	0.120
2:40:00	0.116	0.122	0.129	0.122	0.118	0.122	0.126	0.121	0.086	0.122	0.129	0.122	0.116	0.115	0.126	0.120	0.122	0.121	0.126	0.119	0.117	0.117	0.127	0.124	0.118	0.117	0.124	0.122	0.087	0.090	0.125	0.122	0.117	0.117	0.128	0.123	0.118	0.116	0.128	0.121	0.120	0.117	0.129	0.100	0.122	0.083	0.127	0.124	0.117	0.116	0.125	0.123	0.120	0.119	0.125	0.118	0.098	0.085	0.129	0.121	0.117	0.116	0.124	0.119	0.118	0.116	0.125	0.086	0.086	0.116	0.129	0.124	0.119	0.118	0.127	0.122	0.118	0.119	0.124	0.119	0.123	0.119	0.133	0.122	0.116	0.115	0.124	0.120	0.118	0.117	0.125	0.120	0.118	0.120	0.134	0.122
3:00:00	0.117	0.123	0.131	0.122	0.118	0.122	0.127	0.122	0.087	0.122	0.133	0.124	0.116	0.115	0.127	0.120	0.122	0.121	0.128	0.120	0.117	0.117	0.131	0.125	0.119	0.117	0.126	0.123	0.087	0.090	0.127	0.123	0.118	0.117	0.132	0.125	0.119	0.116	0.130	0.122	0.120	0.117	0.131	0.101	0.122	0.083	0.130	0.126	0.117	0.116	0.127	0.124	0.121	0.120	0.127	0.119	0.099	0.085	0.133	0.122	0.118	0.116	0.126	0.120	0.118	0.117	0.127	0.086	0.086	0.116	0.133	0.125	0.119	0.118	0.129	0.123	0.118	0.119	0.126	0.120	0.123	0.119	0.138	0.123	0.116	0.115	0.127	0.121	0.118	0.117	0.127	0.121	0.119	0.120	0.141	0.124
3:20:00	0.118	0.123	0.133	0.123	0.118	0.123	0.130	0.123	0.088	0.122	0.138	0.125	0.117	0.116	0.130	0.121	0.123	0.121	0.129	0.121	0.118	0.118	0.135	0.127	0.119	0.117	0.128	0.123	0.088	0.091	0.129	0.123	0.119	0.118	0.137	0.126	0.119	0.117	0.132	0.123	0.121	0.118	0.132	0.102	0.123	0.084	0.135	0.127	0.118	0.116	0.129	0.125	0.121	0.120	0.129	0.119	0.099	0.085	0.138	0.124	0.118	0.116	0.128	0.121	0.119	0.117	0.129	0.087	0.087	0.116	0.138	0.126	0.120	0.118	0.132	0.123	0.119	0.119	0.128	0.121	0.124	0.119	0.144	0.124	0.117	0.116	0.129	0.122	0.119	0.117	0.130	0.122	0.119	0.120	0.150	0.126
3:40:00	0.118	0.123	0.136	0.124	0.119	0.123	0.132	0.123	0.088	0.123	0.144	0.127	0.117	0.116	0.132	0.122	0.123	0.122	0.132	0.121	0.119	0.119	0.141	0.128	0.120	0.117	0.131	0.124	0.088	0.091	0.132	0.124	0.119	0.118	0.143	0.128	0.120	0.117	0.135	0.124	0.122	0.119	0.134	0.102	0.123	0.084	0.140	0.128	0.118	0.117	0.132	0.126	0.122	0.121	0.132	0.120	0.100	0.086	0.144	0.125	0.119	0.117	0.131	0.121	0.119	0.117	0.131	0.087	0.088	0.117	0.143	0.127	0.121	0.119	0.134	0.124	0.119	0.119	0.131	0.121	0.124	0.120	0.151	0.125	0.118	0.116	0.132	0.123	0.119	0.118	0.133	0.123	0.120	0.121	0.160	0.127
4:00:00	0.119	0.124	0.138	0.125	0.119	0.124	0.134	0.124	0.090	0.124	0.152	0.128	0.118	0.117	0.135	0.122	0.124	0.122	0.134	0.122	0.120	0.120	0.147	0.129	0.121	0.118	0.134	0.125	0.089	0.091	0.136	0.125	0.121	0.119	0.149	0.129	0.121	0.117	0.138	0.124	0.122	0.119	0.137	0.103	0.125	0.085	0.145	0.129	0.119	0.117	0.135	0.126	0.122	0.121	0.135	0.120	0.102	0.086	0.150	0.126	0.120	0.117	0.134	0.122	0.119	0.118	0.135	0.088	0.088	0.118	0.149	0.128	0.122	0.119	0.138	0.124	0.120	0.119	0.134	0.122	0.126	0.120	0.157	0.126	0.118	0.117	0.135	0.123	0.120	0.118	0.136	0.123	0.122	0.122	0.168	0.129
4:20:00	0.120	0.124	0.142	0.125	0.120	0.124	0.138	0.125	0.091	0.124	0.158	0.130	0.119	0.117	0.138	0.123	0.124	0.123	0.138	0.122	0.121	0.122	0.154	0.130	0.122	0.118	0.138	0.125	0.089	0.092	0.139	0.126	0.122	0.120	0.157	0.130	0.122	0.118	0.143	0.125	0.123	0.120	0.141	0.104	0.126	0.086	0.152	0.130	0.120	0.118	0.139	0.127	0.123	0.122	0.139	0.121	0.103	0.087	0.157	0.126	0.121	0.118	0.138	0.123	0.120	0.119	0.140	0.089	0.091	0.119	0.156	0.129	0.123	0.120	0.141	0.126	0.121	0.120	0.137	0.122	0.127	0.121	0.165	0.128	0.119	0.117	0.139	0.124	0.120	0.119	0.140	0.124	0.123	0.123	0.176	0.131
4:40:00	0.122	0.125	0.146	0.126	0.121	0.125	0.141	0.125	0.093	0.126	0.164	0.131	0.121	0.118	0.142	0.124	0.125	0.123	0.141	0.123	0.123	0.124	0.160	0.130	0.122	0.119	0.142	0.126	0.090	0.092	0.144	0.126	0.124	0.121	0.163	0.131	0.123	0.119	0.147	0.125	0.124	0.121	0.146	0.105	0.128	0.086	0.158	0.131	0.121	0.119	0.144	0.128	0.123	0.122	0.145	0.122	0.105	0.088	0.163	0.127	0.123	0.118	0.142	0.123	0.121	0.120	0.145	0.089	0.093	0.119	0.163	0.129	0.124	0.120	0.145	0.126	0.121	0.120	0.141	0.123	0.129	0.122	0.172	0.128	0.121	0.118	0.143	0.124	0.121	0.120	0.145	0.124	0.126	0.124	0.183	0.132
5:00:00	0.124	0.126	0.151	0.126	0.122	0.126	0.145	0.126	0.095	0.126	0.169	0.131	0.122	0.118	0.148	0.124	0.125	0.124	0.146	0.123	0.126	0.125	0.165	0.131	0.125	0.120	0.148	0.126	0.091	0.093	0.149	0.127	0.127	0.122	0.168	0.132	0.125	0.120	0.152	0.126	0.125	0.122	0.152	0.105	0.130	0.088	0.163	0.132	0.123	0.120	0.149	0.129	0.125	0.123	0.151	0.122	0.108	0.089	0.168	0.128	0.124	0.119	0.147	0.124	0.122	0.121	0.152	0.090	0.097	0.121	0.168	0.130	0.126	0.121	0.151	0.127	0.123	0.121	0.146	0.123	0.131	0.123	0.178	0.129	0.123	0.119	0.149	0.125	0.122	0.121	0.150	0.124	0.127	0.125	0.190	0.134
5:20:00	0.126	0.127	0.157	0.126	0.122	0.127	0.151	0.126	0.098	0.128	0.174	0.132	0.122	0.120	0.153	0.124	0.127	0.126	0.151	0.123	0.128	0.127	0.170	0.132	0.127	0.121	0.152	0.127	0.093	0.095	0.155	0.127	0.132	0.124	0.172	0.132	0.127	0.120	0.157	0.127	0.126	0.123	0.158	0.106	0.135	0.089	0.167	0.132	0.126	0.121	0.154	0.129	0.126	0.124	0.157	0.123	0.113	0.091	0.171	0.128	0.127	0.120	0.152	0.124	0.123	0.123	0.159	0.091	0.101	0.122	0.172	0.130	0.129	0.122	0.157	0.127	0.123	0.122	0.152	0.124	0.136	0.125	0.184	0.129	0.126	0.120	0.153	0.125	0.123	0.122	0.156	0.125	0.134	0.127	0.194	0.134
5:40:00	0.129	0.128	0.161	0.126	0.123	0.128	0.156	0.126	0.104	0.129	0.174	0.132	0.127	0.122	0.158	0.124	0.127	0.127	0.156	0.124	0.134	0.129	0.169	0.132	0.130	0.122	0.156	0.127	0.094	0.095	0.160	0.127	0.134	0.125	0.172	0.133	0.130	0.122	0.161	0.127	0.127	0.125	0.163	0.106	0.137	0.091	0.167	0.133	0.128	0.122	0.158	0.130	0.127	0.126	0.162	0.124	0.114	0.093	0.171	0.129	0.130	0.122	0.156	0.125	0.124	0.125	0.164	0.092	0.101	0.123	0.171	0.131	0.132	0.123	0.161	0.127	0.124	0.123	0.157	0.124	0.136	0.126	0.185	0.130	0.128	0.120	0.158	0.125	0.124	0.123	0.161	0.125	0.134	0.129	0.196	0.135
6:00:00	0.132	0.130	0.165	0.127	0.124	0.129	0.161	0.126	0.103	0.131	0.173	0.133	0.129	0.123	0.162	0.125	0.129	0.128	0.160	0.124	0.132	0.129	0.169	0.133	0.129	0.124	0.161	0.128	0.095	0.098	0.163	0.128	0.135	0.129	0.172	0.133	0.131	0.124	0.166	0.127	0.129	0.126	0.167	0.107	0.138	0.093	0.167	0.133	0.130	0.125	0.162	0.130	0.129	0.127	0.166	0.125	0.114	0.096	0.171	0.129	0.133	0.123	0.161	0.126	0.126	0.126	0.168	0.093	0.103	0.127	0.172	0.131	0.134	0.125	0.164	0.128	0.126	0.124	0.161	0.125	0.136	0.128	0.186	0.130	0.130	0.123	0.161	0.126	0.125	0.125	0.166	0.126	0.132	0.132	0.199	0.136
6:20:00	0.130	0.132	0.170	0.127	0.126	0.131	0.164	0.127	0.105	0.134	0.173	0.133	0.129	0.124	0.165	0.125	0.131	0.131	0.164	0.124	0.133	0.132	0.169	0.133	0.131	0.126	0.166	0.127	0.098	0.100	0.168	0.128	0.133	0.132	0.172	0.133	0.132	0.126	0.168	0.128	0.130	0.129	0.171	0.107	0.137	0.099	0.167	0.133	0.131	0.127	0.167	0.131	0.130	0.129	0.170	0.126	0.113	0.099	0.171	0.129	0.132	0.125	0.166	0.127	0.127	0.128	0.172	0.093	0.102	0.131	0.172	0.131	0.133	0.127	0.168	0.128	0.128	0.125	0.166	0.126	0.138	0.133	0.188	0.131	0.130	0.124	0.163	0.126	0.126	0.128	0.169	0.126	0.133	0.135	0.201	0.136
6:40:00	0.133	0.133	0.176	0.127	0.127	0.133	0.168	0.127	0.106	0.138	0.173	0.134	0.131	0.127	0.169	0.125	0.131	0.131	0.166	0.125	0.139	0.132	0.170	0.133	0.133	0.128	0.171	0.128	0.099	0.101	0.171	0.128	0.138	0.132	0.171	0.133	0.135	0.128	0.171	0.128	0.133	0.130	0.174	0.108	0.141	0.099	0.167	0.134	0.131	0.129	0.172	0.132	0.131	0.132	0.174	0.126	0.117	0.100	0.170	0.130	0.133	0.128	0.170	0.126	0.130	0.128	0.177	0.094	0.106	0.130	0.172	0.132	0.135	0.127	0.168	0.127	0.129	0.127	0.170	0.126	0.142	0.134	0.190	0.131	0.131	0.127	0.164	0.127	0.127	0.128	0.170	0.126	0.136	0.134	0.203	0.136
7:00:00	0.138	0.133	0.174	0.127	0.129	0.133	0.168	0.127	0.108	0.135	0.173	0.134	0.137	0.127	0.165	0.125	0.132	0.132	0.167	0.125	0.143	0.132	0.169	0.134	0.138	0.127	0.167	0.128	0.101	0.102	0.172	0.129	0.140	0.131	0.172	0.134	0.139	0.128	0.172	0.129	0.135	0.131	0.176	0.109	0.143	0.098	0.167	0.134	0.136	0.128	0.171	0.133	0.134	0.132	0.177	0.127	0.118	0.098	0.171	0.130	0.139	0.127	0.172	0.127	0.130	0.129	0.181	0.096	0.107	0.128	0.172	0.132	0.138	0.130	0.168	0.127	0.131	0.130	0.171	0.127	0.143	0.134	0.193	0.131	0.134	0.127	0.163	0.127	0.129	0.132	0.170	0.126	0.139	0.134	0.206	0.137
7:20:00	0.141	0.135	0.173	0.126	0.130	0.137	0.169	0.127	0.110	0.137	0.174	0.135	0.143	0.129	0.166	0.125	0.134	0.136	0.167	0.125	0.149	0.134	0.170	0.134	0.144	0.130	0.170	0.128	0.101	0.104	0.171	0.129	0.142	0.132	0.172	0.134	0.143	0.130	0.173	0.129	0.134	0.133	0.176	0.109	0.145	0.099	0.168	0.134	0.144	0.129	0.177	0.134	0.134	0.133	0.180	0.128	0.121	0.101	0.170	0.130	0.147	0.131	0.169	0.128	0.133	0.130	0.183	0.097	0.107	0.131	0.172	0.132	0.144	0.132	0.168	0.127	0.131	0.131	0.172	0.127	0.146	0.135	0.194	0.131	0.140	0.130	0.163	0.127	0.130	0.133	0.171	0.127	0.143	0.135	0.210	0.138
7:40:00	0.145	0.137	0.170	0.126	0.132	0.138	0.169	0.127	0.113	0.138	0.177	0.135	0.142	0.130	0.164	0.125	0.135	0.137	0.168	0.125	0.151	0.136	0.170	0.134	0.147	0.132	0.169	0.128	0.101	0.105	0.171	0.129	0.146	0.134	0.173	0.134	0.145	0.131	0.172	0.129	0.136	0.136	0.176	0.110	0.150	0.100	0.168	0.135	0.145	0.132	0.176	0.135	0.134	0.135	0.180	0.130	0.123	0.102	0.171	0.130	0.148	0.133	0.169	0.129	0.134	0.132	0.185	0.098	0.113	0.133	0.175	0.132	0.149	0.133	0.167	0.128	0.134	0.133	0.172	0.128	0.153	0.135	0.196	0.132	0.145	0.133	0.163	0.127	0.131	0.134	0.171	0.126	0.152	0.135	0.212	0.138
8:00:00	0.147	0.139	0.170	0.126	0.133	0.140	0.170	0.127	0.119	0.139	0.173	0.135	0.145	0.133	0.170	0.125	0.137	0.139	0.169	0.126	0.160	0.138	0.170	0.135	0.149	0.134	0.172	0.128	0.102	0.107	0.172	0.129	0.158	0.136	0.174	0.134	0.147	0.133	0.173	0.130	0.136	0.138	0.177	0.110	0.152	0.102	0.169	0.135	0.140	0.134	0.178	0.136	0.136	0.136	0.180	0.130	0.126	0.103	0.171	0.131	0.152	0.136	0.171	0.129	0.134	0.134	0.186	0.099	0.115	0.135	0.176	0.133	0.151	0.136	0.168	0.128	0.133	0.134	0.174	0.129	0.157	0.136	0.198	0.132	0.148	0.136	0.164	0.128	0.133	0.135	0.172	0.127	0.150	0.138	0.215	0.139
8:20:00	0.150	0.141	0.174	0.126	0.134	0.141	0.171	0.127	0.123	0.141	0.178	0.137	0.142	0.136	0.176	0.125	0.138	0.141	0.170	0.125	0.165	0.142	0.170	0.135	0.152	0.136	0.174	0.129	0.103	0.110	0.172	0.129	0.149	0.138	0.174	0.135	0.145	0.135	0.186	0.130	0.137	0.139	0.177	0.110	0.147	0.104	0.169	0.135	0.142	0.137	0.176	0.137	0.137	0.137	0.183	0.131	0.127	0.105	0.170	0.131	0.156	0.139	0.171	0.130	0.135	0.136	0.187	0.100	0.118	0.138	0.173	0.133	0.148	0.138	0.169	0.128	0.134	0.134	0.174	0.129	0.153	0.139	0.198	0.132	0.150	0.140	0.168	0.127	0.134	0.135	0.174	0.127	0.151	0.141	0.217	0.140
8:40:00	0.150	0.142	0.170	0.127	0.135	0.143	0.172	0.127	0.126	0.143	0.174	0.137	0.145	0.137	0.180	0.125	0.139	0.141	0.171	0.126	0.165	0.146	0.175	0.136	0.151	0.136	0.170	0.129	0.103	0.110	0.173	0.129	0.149	0.140	0.174	0.135	0.147	0.135	0.193	0.130	0.138	0.140	0.178	0.111	0.148	0.105	0.169	0.135	0.149	0.138	0.177	0.137	0.137	0.139	0.183	0.132	0.134	0.106	0.171	0.131	0.155	0.139	0.180	0.130	0.136	0.138	0.188	0.101	0.124	0.141	0.174	0.133	0.152	0.140	0.170	0.128	0.135	0.136	0.177	0.131	0.155	0.141	0.200	0.133	0.151	0.141	0.167	0.126	0.135	0.137	0.176	0.127	0.154	0.144	0.218	0.140
9:00:00	0.152	0.145	0.181	0.127	0.136	0.145	0.174	0.128	0.129	0.143	0.175	0.138	0.154	0.138	0.179	0.125	0.140	0.143	0.172	0.126	0.164	0.145	0.177	0.136	0.154	0.138	0.187	0.129	0.104	0.111	0.174	0.130	0.151	0.139	0.175	0.136	0.153	0.136	0.176	0.130	0.140	0.142	0.179	0.111	0.152	0.104	0.173	0.135	0.161	0.139	0.179	0.138	0.139	0.142	0.185	0.133	0.130	0.106	0.172	0.131	0.159	0.139	0.195	0.131	0.137	0.141	0.191	0.102	0.122	0.140	0.174	0.133	0.159	0.141	0.171	0.129	0.136	0.138	0.179	0.132	0.156	0.142	0.201	0.133	0.155	0.143	0.167	0.128	0.136	0.140	0.178	0.127	0.152	0.145	0.220	0.141
9:20:00	0.157	0.148	0.193	0.127	0.136	0.148	0.175	0.127	0.131	0.144	0.179	0.139	0.173	0.140	0.185	0.125	0.140	0.146	0.174	0.126	0.164	0.144	0.176	0.137	0.159	0.140	0.194	0.129	0.106	0.113	0.177	0.130	0.154	0.140	0.175	0.136	0.160	0.139	0.179	0.131	0.140	0.145	0.182	0.111	0.158	0.106	0.178	0.136	0.170	0.140	0.188	0.139	0.140	0.146	0.190	0.134	0.134	0.110	0.172	0.132	0.174	0.141	0.196	0.132	0.138	0.146	0.200	0.102	0.121	0.142	0.175	0.134	0.164	0.144	0.173	0.129	0.137	0.142	0.185	0.132	0.158	0.142	0.201	0.133	0.167	0.147	0.172	0.126	0.136	0.145	0.182	0.127	0.155	0.147	0.224	0.142
9:40:00	0.168	0.152	0.196	0.127	0.137	0.153	0.177	0.127	0.134	0.145	0.191	0.139	0.186	0.145	0.172	0.126	0.140	0.151	0.175	0.126	0.165	0.144	0.181	0.137	0.165	0.145	0.206	0.129	0.107	0.118	0.181	0.130	0.159	0.142	0.175	0.137	0.170	0.144	0.180	0.131	0.141	0.148	0.185	0.112	0.163	0.108	0.180	0.137	0.177	0.143	0.191	0.139	0.141	0.152	0.200	0.135	0.137	0.113	0.172	0.132	0.182	0.145	0.200	0.132	0.139	0.150	0.215	0.104	0.131	0.144	0.177	0.134	0.170	0.150	0.175	0.129	0.138	0.148	0.188	0.133	0.163	0.144	0.202	0.134	0.173	0.155	0.175	0.127	0.137	0.152	0.189	0.128	0.164	0.147	0.227	0.142
10:00:00	0.178	0.156	0.215	0.127	0.137	0.163	0.183	0.127	0.135	0.146	0.193	0.140	0.192	0.149	0.174	0.126	0.141	0.158	0.176	0.126	0.168	0.145	0.176	0.138	0.175	0.150	0.216	0.129	0.107	0.124	0.188	0.130	0.164	0.142	0.181	0.137	0.176	0.149	0.188	0.131	0.143	0.169	0.195	0.112	0.169	0.108	0.184	0.137	0.183	0.149	0.221	0.139	0.143	0.156	0.205	0.136	0.142	0.111	0.192	0.132	0.186	0.157	0.223	0.132	0.140	0.161	0.222	0.105	0.138	0.144	0.178	0.135	0.180	0.161	0.176	0.129	0.138	0.155	0.198	0.134	0.166	0.144	0.205	0.135	0.178	0.159	0.201	0.125	0.137	0.166	0.195	0.128	0.167	0.145	0.233	0.143
10:20:00	0.185	0.163	0.182	0.127	0.140	0.176	0.188	0.127	0.138	0.147	0.198	0.141	0.202	0.157	0.179	0.126	0.142	0.172	0.181	0.126	0.173	0.147	0.214	0.138	0.188	0.155	0.218	0.129	0.108	0.142	0.191	0.131	0.169	0.141	0.182	0.138	0.192	0.158	0.257	0.132	0.145	0.181	0.199	0.113	0.173	0.108	0.194	0.137	0.197	0.163	0.231	0.140	0.145	0.171	0.222	0.137	0.147	0.109	0.199	0.133	0.193	0.171	0.243	0.133	0.142	0.179	0.231	0.106	0.140	0.144	0.185	0.135	0.188	0.167	0.182	0.129	0.139	0.165	0.209	0.135	0.171	0.145	0.208	0.135	0.199	0.167	0.182	0.126	0.137	0.173	0.202	0.129	0.173	0.145	0.237	0.145
10:40:00	0.196	0.170	0.193	0.127	0.143	0.190	0.196	0.128	0.142	0.149	0.198	0.141	0.212	0.165	0.254	0.126	0.145	0.181	0.184	0.126	0.178	0.153	0.177	0.139	0.197	0.162	0.191	0.129	0.111	0.150	0.199	0.131	0.175	0.146	0.197	0.138	0.203	0.163	0.241	0.132	0.148	0.190	0.205	0.114	0.178	0.113	0.196	0.138	0.207	0.171	0.256	0.140	0.149	0.180	0.228	0.138	0.153	0.111	0.178	0.133	0.208	0.175	0.250	0.133	0.145	0.188	0.233	0.107	0.148	0.152	0.185	0.136	0.195	0.173	0.189	0.129	0.141	0.172	0.209	0.136	0.177	0.149	0.209	0.135	0.211	0.175	0.185	0.128	0.139	0.181	0.204	0.128	0.178	0.150	0.239	0.145
11:00:00	0.211	0.175	0.265	0.127	0.146	0.192	0.201	0.128	0.147	0.155	0.207	0.142	0.226	0.170	0.266	0.126	0.148	0.185	0.188	0.126	0.187	0.170	0.178	0.139	0.210	0.168	0.191	0.132	0.115	0.155	0.201	0.131	0.181	0.161	0.222	0.139	0.217	0.169	0.264	0.132	0.153	0.198	0.206	0.114	0.186	0.125	0.199	0.138	0.214	0.178	0.234	0.140	0.154	0.186	0.233	0.138	0.158	0.120	0.180	0.133	0.222	0.184	0.200	0.133	0.149	0.195	0.230	0.108	0.152	0.158	0.188	0.136	0.205	0.178	0.223	0.130	0.144	0.179	0.213	0.137	0.183	0.159	0.209	0.136	0.221	0.182	0.254	0.128	0.142	0.187	0.206	0.128	0.185	0.158	0.245	0.146
11:20:00	0.234	0.186	0.280	0.130	0.149	0.207	0.203	0.128	0.153	0.170	0.211	0.144	0.240	0.180	0.273	0.126	0.151	0.199	0.189	0.127	0.197	0.174	0.179	0.140	0.230	0.178	0.193	0.132	0.119	0.168	0.202	0.131	0.185	0.163	0.233	0.139	0.228	0.181	0.284	0.133	0.159	0.208	0.208	0.114	0.194	0.139	0.199	0.138	0.237	0.198	0.244	0.142	0.160	0.197	0.232	0.139	0.165	0.129	0.179	0.133	0.235	0.202	0.217	0.134	0.154	0.214	0.240	0.109	0.156	0.161	0.188	0.136	0.224	0.185	0.219	0.130	0.149	0.188	0.217	0.136	0.186	0.179	0.266	0.136	0.229	0.201	0.246	0.127	0.145	0.203	0.213	0.129	0.192	0.167	0.245	0.148
11:40:01	0.245	0.199	0.275	0.129	0.154	0.224	0.208	0.128	0.156	0.175	0.210	0.144	0.251	0.194	0.286	0.126	0.155	0.217	0.192	0.127	0.195	0.175	0.180	0.140	0.243	0.191	0.197	0.132	0.122	0.183	0.205	0.132	0.194	0.164	0.243	0.140	0.243	0.193	0.292	0.133	0.162	0.227	0.211	0.115	0.200	0.131	0.204	0.139	0.253	0.216	0.281	0.142	0.165	0.211	0.235	0.141	0.173	0.145	0.181	0.134	0.245	0.224	0.239	0.134	0.158	0.232	0.241	0.110	0.165	0.163	0.190	0.136	0.243	0.193	0.225	0.130	0.153	0.203	0.222	0.138	0.196	0.175	0.212	0.136	0.238	0.217	0.272	0.127	0.149	0.215	0.214	0.129	0.202	0.184	0.247	0.149
12:00:01	0.261	0.213	0.260	0.130	0.160	0.235	0.212	0.128	0.164	0.173	0.214	0.145	0.256	0.210	0.295	0.126	0.160	0.234	0.193	0.127	0.214	0.174	0.182	0.141	0.257	0.208	0.233	0.132	0.127	0.197	0.207	0.132	0.199	0.170	0.238	0.140	0.256	0.206	0.299	0.133	0.166	0.239	0.214	0.115	0.208	0.134	0.203	0.140	0.267	0.238	0.297	0.142	0.170	0.222	0.237	0.141	0.182	0.138	0.182	0.134	0.255	0.250	0.250	0.134	0.165	0.245	0.242	0.111	0.173	0.169	0.190	0.137	0.263	0.204	0.228	0.130	0.158	0.217	0.225	0.139	0.207	0.173	0.214	0.137	0.248	0.225	0.268	0.129	0.152	0.229	0.219	0.129	0.212	0.177	0.248	0.150
12:20:00	0.265	0.229	0.248	0.128	0.167	0.232	0.215	0.128	0.174	0.177	0.207	0.145	0.284	0.223	0.292	0.126	0.166	0.246	0.195	0.127	0.218	0.179	0.182	0.142	0.278	0.218	0.235	0.132	0.133	0.207	0.209	0.132	0.208	0.176	0.256	0.140	0.267	0.227	0.311	0.133	0.172	0.252	0.216	0.116	0.218	0.140	0.210	0.140	0.282	0.250	0.313	0.142	0.178	0.233	0.240	0.142	0.193	0.141	0.209	0.134	0.269	0.255	0.220	0.135	0.171	0.265	0.245	0.111	0.183	0.175	0.191	0.137	0.281	0.217	0.245	0.131	0.164	0.236	0.229	0.141	0.219	0.174	0.270	0.137	0.258	0.243	0.331	0.128	0.158	0.251	0.220	0.130	0.222	0.177	0.249	0.151
12:40:01	0.288	0.238	0.310	0.127	0.174	0.263	0.217	0.128	0.180	0.181	0.210	0.146	0.372	0.231	0.302	0.126	0.172	0.262	0.197	0.127	0.237	0.179	0.242	0.142	0.295	0.232	0.224	0.133	0.140	0.224	0.211	0.132	0.219	0.179	0.241	0.141	0.287	0.245	0.309	0.133	0.178	0.273	0.220	0.116	0.228	0.144	0.212	0.140	0.300	0.264	0.268	0.142	0.186	0.250	0.241	0.143	0.208	0.148	0.227	0.135	0.357	0.273	0.213	0.135	0.178	0.281	0.250	0.112	0.194	0.180	0.193	0.138	0.299	0.235	0.268	0.130	0.171	0.252	0.232	0.141	0.230	0.179	0.269	0.137	0.334	0.257	0.295	0.128	0.165	0.266	0.221	0.130	0.231	0.181	0.250	0.152
13:00:01	0.314	0.246	0.267	0.127	0.183	0.282	0.219	0.128	0.189	0.189	0.210	0.147	0.402	0.248	0.311	0.127	0.181	0.283	0.199	0.127	0.253	0.186	0.251	0.143	0.319	0.249	0.279	0.133	0.147	0.243	0.213	0.132	0.230	0.185	0.259	0.141	0.315	0.261	0.319	0.133	0.184	0.291	0.221	0.116	0.239	0.153	0.215	0.141	0.318	0.283	0.323	0.143	0.192	0.265	0.243	0.144	0.221	0.153	0.227	0.134	0.374	0.285	0.218	0.136	0.185	0.294	0.252	0.113	0.208	0.186	0.194	0.138	0.320	0.255	0.277	0.131	0.178	0.274	0.232	0.142	0.239	0.187	0.278	0.138	0.375	0.267	0.309	0.127	0.172	0.282	0.223	0.130	0.241	0.185	0.255	0.153
13:20:01	0.330	0.264	0.278	0.128	0.201	0.292	0.220	0.128	0.201	0.196	0.204	0.149	0.410	0.265	0.326	0.126	0.194	0.303	0.200	0.128	0.264	0.195	0.245	0.143	0.339	0.266	0.216	0.132	0.165	0.261	0.214	0.132	0.244	0.201	0.259	0.141	0.332	0.280	0.332	0.135	0.199	0.306	0.223	0.117	0.251	0.157	0.214	0.147	0.332	0.299	0.320	0.144	0.207	0.283	0.243	0.145	0.233	0.162	0.236	0.135	0.382	0.294	0.217	0.137	0.192	0.308	0.257	0.114	0.217	0.195	0.195	0.139	0.343	0.270	0.279	0.131	0.184	0.290	0.235	0.141	0.250	0.193	0.282	0.138	0.379	0.275	0.303	0.128	0.181	0.292	0.226	0.130	0.252	0.193	0.254	0.154
13:40:01	0.348	0.280	0.305	0.128	0.214	0.295	0.224	0.128	0.211	0.200	0.211	0.148	0.412	0.286	0.325	0.126	0.209	0.316	0.202	0.127	0.275	0.190	0.253	0.144	0.360	0.290	0.213	0.133	0.183	0.283	0.215	0.133	0.253	0.203	0.252	0.142	0.347	0.303	0.339	0.133	0.215	0.319	0.225	0.117	0.262	0.164	0.214	0.146	0.349	0.311	0.329	0.143	0.222	0.298	0.247	0.146	0.242	0.165	0.226	0.135	0.386	0.304	0.258	0.136	0.199	0.322	0.258	0.115	0.230	0.205	0.196	0.139	0.358	0.283	0.262	0.131	0.195	0.304	0.235	0.143	0.260	0.197	0.280	0.139	0.386	0.284	0.246	0.128	0.195	0.312	0.228	0.130	0.261	0.198	0.256	0.155
14:00:01	0.372	0.295	0.257	0.130	0.223	0.310	0.225	0.129	0.223	0.205	0.215	0.149	0.416	0.302	0.335	0.127	0.221	0.318	0.204	0.128	0.281	0.213	0.255	0.145	0.378	0.309	0.215	0.133	0.192	0.298	0.217	0.133	0.262	0.212	0.249	0.143	0.363	0.313	0.343	0.134	0.228	0.334	0.228	0.118	0.272	0.171	0.219	0.147	0.366	0.321	0.338	0.144	0.240	0.321	0.250	0.147	0.257	0.170	0.238	0.135	0.393	0.317	0.241	0.137	0.209	0.336	0.262	0.116	0.239	0.215	0.198	0.139	0.376	0.305	0.290	0.131	0.204	0.316	0.238	0.144	0.272	0.202	0.281	0.139	0.396	0.297	0.324	0.129	0.205	0.335	0.230	0.130	0.271	0.201	0.254	0.157
14:20:01	0.395	0.317	0.272	0.131	0.232	0.327	0.229	0.129	0.238	0.205	0.209	0.150	0.420	0.321	0.211	0.127	0.233	0.343	0.205	0.128	0.288	0.214	0.249	0.145	0.390	0.330	0.224	0.133	0.203	0.322	0.219	0.133	0.274	0.229	0.259	0.143	0.379	0.333	0.336	0.134	0.234	0.374	0.231	0.119	0.282	0.177	0.214	0.146	0.382	0.332	0.341	0.144	0.248	0.344	0.251	0.148	0.261	0.178	0.184	0.136	0.400	0.328	0.348	0.137	0.223	0.352	0.264	0.116	0.249	0.231	0.199	0.140	0.396	0.328	0.290	0.132	0.216	0.334	0.241	0.145	0.280	0.213	0.283	0.140	0.406	0.324	0.320	0.129	0.217	0.358	0.231	0.131	0.281	0.215	0.258	0.158
14:40:01	0.416	0.346	0.322	0.128	0.243	0.324	0.232	0.129	0.247	0.214	0.213	0.151	0.425	0.338	0.211	0.127	0.246	0.377	0.207	0.128	0.293	0.246	0.255	0.146	0.405	0.348	0.258	0.132	0.213	0.341	0.220	0.133	0.285	0.247	0.257	0.144	0.398	0.354	0.343	0.134	0.245	0.432	0.232	0.119	0.289	0.186	0.217	0.141	0.402	0.344	0.338	0.145	0.256	0.363	0.252	0.148	0.269	0.188	0.189	0.136	0.407	0.345	0.226	0.137	0.236	0.409	0.265	0.117	0.260	0.247	0.198	0.140	0.410	0.349	0.275	0.132	0.230	0.356	0.245	0.146	0.292	0.224	0.280	0.140	0.418	0.387	0.361	0.130	0.228	0.376	0.235	0.131	0.295	0.226	0.255	0.159
15:00:01	0.435	0.371	0.362	0.129	0.257	0.357	0.235	0.129	0.261	0.223	0.209	0.151	0.431	0.364	0.326	0.127	0.265	0.393	0.209	0.128	0.300	0.254	0.259	0.146	0.425	0.362	0.229	0.133	0.224	0.350	0.223	0.133	0.295	0.261	0.246	0.144	0.406	0.380	0.354	0.135	0.256	0.462	0.234	0.120	0.299	0.197	0.221	0.146	0.452	0.390	0.350	0.145	0.269	0.388	0.253	0.149	0.276	0.200	0.185	0.137	0.413	0.408	0.250	0.137	0.246	0.451	0.267	0.118	0.268	0.258	0.199	0.141	0.421	0.376	0.290	0.132	0.245	0.385	0.246	0.147	0.298	0.236	0.287	0.141	0.428	0.428	0.359	0.127	0.240	0.393	0.239	0.132	0.305	0.237	0.256	0.161
15:20:01	0.450	0.391	0.324	0.129	0.270	0.392	0.236	0.129	0.267	0.236	0.212	0.153	0.435	0.395	0.215	0.129	0.277	0.415	0.210	0.128	0.305	0.260	0.263	0.147	0.440	0.397	0.223	0.132	0.238	0.381	0.224	0.134	0.303	0.269	0.261	0.145	0.424	0.390	0.336	0.135	0.267	0.471	0.237	0.120	0.306	0.208	0.216	0.146	0.498	0.438	0.349	0.145	0.281	0.413	0.257	0.150	0.286	0.212	0.186	0.137	0.421	0.444	0.264	0.138	0.257	0.472	0.269	0.119	0.275	0.267	0.200	0.141	0.432	0.403	0.287	0.132	0.260	0.412	0.249	0.148	0.302	0.247	0.277	0.141	0.437	0.445	0.325	0.130	0.252	0.426	0.240	0.132	0.313	0.247	0.256	0.162
15:40:01	0.461	0.418	0.363	0.130	0.287	0.424	0.239	0.129	0.276	0.248	0.213	0.154	0.440	0.425	0.222	0.129	0.294	0.441	0.212	0.128	0.309	0.267	0.242	0.147	0.449	0.426	0.227	0.133	0.250	0.405	0.226	0.134	0.310	0.278	0.261	0.146	0.438	0.415	0.350	0.136	0.282	0.477	0.239	0.121	0.314	0.221	0.221	0.144	0.525	0.453	0.355	0.147	0.293	0.439	0.258	0.151	0.296	0.224	0.186	0.137	0.428	0.457	0.331	0.138	0.268	0.480	0.270	0.120	0.282	0.276	0.201	0.141	0.443	0.429	0.295	0.132	0.274	0.439	0.251	0.148	0.309	0.259	0.283	0.141	0.446	0.455	0.383	0.129	0.264	0.442	0.243	0.133	0.320	0.259	0.259	0.163
16:00:01	0.472	0.447	0.331	0.128	0.301	0.445	0.241	0.129	0.290	0.262	0.215	0.158	0.446	0.448	0.286	0.129	0.304	0.468	0.215	0.129	0.312	0.273	0.256	0.150	0.450	0.449	0.226	0.134	0.268	0.438	0.229	0.134	0.320	0.287	0.266	0.148	0.452	0.445	0.353	0.136	0.302	0.478	0.242	0.121	0.324	0.235	0.225	0.143	0.540	0.455	0.364	0.148	0.309	0.467	0.260	0.153	0.302	0.236	0.188	0.138	0.436	0.463	0.293	0.137	0.278	0.480	0.273	0.121	0.291	0.285	0.203	0.143	0.456	0.453	0.314	0.132	0.286	0.457	0.250	0.149	0.317	0.270	0.294	0.143	0.453	0.460	0.341	0.131	0.273	0.463	0.243	0.133	0.325	0.268	0.260	0.168
16:20:01	0.478	0.476	0.338	0.128	0.321	0.457	0.242	0.129	0.304	0.280	0.220	0.158	0.451	0.473	0.221	0.129	0.315	0.487	0.214	0.129	0.314	0.278	0.264	0.150	0.476	0.471	0.228	0.134	0.283	0.458	0.228	0.134	0.331	0.297	0.270	0.147	0.462	0.466	0.356	0.137	0.312	0.479	0.243	0.122	0.327	0.250	0.216	0.147	0.548	0.464	0.353	0.150	0.320	0.491	0.261	0.153	0.312	0.251	0.189	0.138	0.448	0.466	0.222	0.139	0.294	0.482	0.274	0.122	0.293	0.294	0.201	0.142	0.471	0.477	0.317	0.133	0.299	0.480	0.254	0.148	0.325	0.285	0.295	0.143	0.461	0.465	0.385	0.130	0.283	0.486	0.247	0.133	0.333	0.279	0.260	0.168
16:40:01	0.492	0.494	0.410	0.128	0.334	0.473	0.246	0.129	0.308	0.293	0.215	0.161	0.456	0.494	0.220	0.129	0.312	0.507	0.217	0.129	0.321	0.282	0.261	0.152	0.485	0.493	0.263	0.134	0.296	0.476	0.231	0.134	0.336	0.308	0.269	0.150	0.476	0.484	0.359	0.137	0.328	0.482	0.247	0.122	0.335	0.264	0.224	0.145	0.559	0.467	0.371	0.148	0.334	0.511	0.262	0.154	0.317	0.264	0.189	0.138	0.457	0.469	0.282	0.137	0.307	0.484	0.277	0.122	0.302	0.305	0.204	0.143	0.484	0.498	0.319	0.132	0.314	0.499	0.252	0.150	0.332	0.296	0.282	0.144	0.467	0.468	0.344	0.131	0.292	0.501	0.246	0.133	0.337	0.293	0.257	0.172
17:00:01	0.499	0.510	0.373	0.128	0.351	0.484	0.247	0.129	0.316	0.307	0.216	0.159	0.463	0.507	0.223	0.129	0.334	0.523	0.218	0.128	0.323	0.289	0.246	0.151	0.490	0.509	0.237	0.134	0.317	0.499	0.231	0.135	0.343	0.316	0.258	0.149	0.491	0.501	0.363	0.137	0.340	0.485	0.246	0.123	0.339	0.277	0.216	0.143	0.566	0.471	0.365	0.150	0.344	0.524	0.263	0.154	0.320	0.279	0.190	0.139	0.466	0.476	0.227	0.139	0.321	0.488	0.277	0.123	0.307	0.314	0.203	0.143	0.495	0.517	0.320	0.134	0.329	0.522	0.256	0.152	0.339	0.311	0.280	0.144	0.476	0.472	0.388	0.131	0.303	0.522	0.250	0.134	0.343	0.307	0.263	0.171
17:20:01	0.512	0.519	0.366	0.128	0.364	0.504	0.250	0.129	0.324	0.323	0.217	0.161	0.472	0.521	0.222	0.128	0.347	0.539	0.220	0.129	0.329	0.300	0.251	0.152	0.499	0.524	0.241	0.134	0.334	0.515	0.232	0.135	0.347	0.326	0.264	0.150	0.503	0.528	0.361	0.138	0.356	0.489	0.247	0.123	0.346	0.288	0.225	0.145	0.573	0.476	0.368	0.149	0.359	0.542	0.265	0.155	0.327	0.289	0.189	0.138	0.474	0.479	0.259	0.139	0.336	0.491	0.279	0.124	0.315	0.323	0.205	0.144	0.506	0.534	0.312	0.134	0.347	0.535	0.257	0.153	0.345	0.327	0.282	0.145	0.482	0.480	0.363	0.131	0.317	0.541	0.251	0.136	0.351	0.321	0.260	0.173
17:40:01	0.527	0.538	0.338	0.128	0.376	0.526	0.252	0.129	0.334	0.341	0.213	0.165	0.484	0.536	0.232	0.130	0.362	0.555	0.223	0.129	0.335	0.311	0.264	0.156	0.516	0.543	0.239	0.134	0.346	0.527	0.235	0.135	0.356	0.334	0.261	0.154	0.515	0.544	0.373	0.138	0.371	0.494	0.249	0.124	0.356	0.298	0.222	0.145	0.579	0.482	0.379	0.149	0.379	0.562	0.266	0.157	0.332	0.307	0.191	0.139	0.483	0.481	0.241	0.138	0.355	0.494	0.281	0.124	0.325	0.330	0.206	0.145	0.519	0.547	0.325	0.133	0.360	0.551	0.256	0.153	0.351	0.335	0.299	0.146	0.488	0.487	0.353	0.131	0.321	0.551	0.252	0.135	0.356	0.329	0.260	0.179
18:00:01	0.534	0.549	0.381	0.128	0.392	0.543	0.254	0.129	0.335	0.350	0.217	0.164	0.494	0.549	0.225	0.128	0.378	0.562	0.223	0.128	0.342	0.323	0.265	0.156	0.517	0.557	0.233	0.134	0.357	0.543	0.235	0.135	0.356	0.339	0.260	0.153	0.526	0.550	0.385	0.137	0.382	0.497	0.249	0.125	0.360	0.305	0.221	0.148	0.585	0.489	0.378	0.150	0.384	0.572	0.267	0.156	0.335	0.319	0.189	0.140	0.491	0.487	0.236	0.139	0.371	0.497	0.281	0.125	0.331	0.340	0.204	0.145	0.529	0.557	0.328	0.135	0.371	0.567	0.258	0.155	0.359	0.340	0.289	0.146	0.495	0.490	0.413	0.132	0.332	0.569	0.255	0.137	0.367	0.341	0.262	0.178
18:20:01	0.546	0.568	0.354	0.128	0.406	0.552	0.256	0.129	0.342	0.361	0.219	0.166	0.502	0.564	0.227	0.130	0.389	0.570	0.224	0.129	0.346	0.333	0.248	0.157	0.526	0.573	0.293	0.134	0.373	0.553	0.235	0.135	0.363	0.345	0.273	0.154	0.534	0.562	0.364	0.137	0.397	0.502	0.250	0.124	0.370	0.321	0.219	0.149	0.589	0.492	0.383	0.150	0.398	0.585	0.268	0.157	0.342	0.328	0.189	0.140	0.497	0.492	0.226	0.140	0.386	0.500	0.282	0.125	0.336	0.348	0.204	0.146	0.540	0.570	0.317	0.136	0.384	0.582	0.261	0.155	0.364	0.351	0.297	0.147	0.502	0.496	0.354	0.131	0.352	0.584	0.257	0.138	0.376	0.349	0.258	0.180
18:40:01	0.563	0.586	0.348	0.128	0.417	0.566	0.257	0.130	0.353	0.376	0.210	0.173	0.511	0.579	0.231	0.130	0.414	0.591	0.227	0.129	0.349	0.343	0.254	0.161	0.545	0.588	0.295	0.134	0.382	0.558	0.238	0.135	0.375	0.352	0.274	0.157	0.542	0.572	0.400	0.137	0.413	0.507	0.251	0.125	0.375	0.333	0.223	0.148	0.593	0.498	0.387	0.150	0.413	0.602	0.268	0.157	0.352	0.334	0.192	0.141	0.504	0.496	0.381	0.139	0.405	0.504	0.283	0.126	0.345	0.355	0.207	0.147	0.550	0.581	0.328	0.134	0.396	0.592	0.261	0.154	0.370	0.360	0.302	0.148	0.508	0.500	0.398	0.132	0.359	0.595	0.257	0.137	0.382	0.361	0.260	0.185
19:00:01	0.570	0.594	0.337	0.129	0.431	0.587	0.261	0.130	0.355	0.386	0.222	0.173	0.519	0.585	0.242	0.130	0.416	0.599	0.228	0.129	0.354	0.353	0.253	0.162	0.551	0.598	0.246	0.134	0.393	0.573	0.239	0.135	0.373	0.358	0.273	0.160	0.558	0.583	0.368	0.137	0.424	0.510	0.253	0.125	0.379	0.344	0.233	0.151	0.597	0.501	0.387	0.150	0.424	0.614	0.270	0.157	0.356	0.342	0.194	0.142	0.508	0.498	0.270	0.139	0.418	0.505	0.284	0.126	0.350	0.363	0.209	0.147	0.558	0.607	0.325	0.135	0.408	0.602	0.261	0.156	0.377	0.368	0.294	0.148	0.514	0.501	0.352	0.131	0.372	0.605	0.258	0.137	0.386	0.368	0.265	0.186
19:20:01	0.588	0.602	0.342	0.128	0.445	0.611	0.263	0.130	0.358	0.396	0.215	0.174	0.526	0.597	0.237	0.127	0.434	0.616	0.230	0.129	0.357	0.360	0.265	0.164	0.562	0.611	0.259	0.134	0.404	0.586	0.240	0.136	0.380	0.366	0.274	0.161	0.565	0.591	0.406	0.138	0.435	0.514	0.253	0.126	0.386	0.353	0.226	0.149	0.601	0.504	0.397	0.151	0.435	0.625	0.270	0.158	0.363	0.354	0.193	0.141	0.513	0.502	0.345	0.139	0.430	0.509	0.286	0.127	0.355	0.367	0.209	0.147	0.571	0.612	0.340	0.135	0.418	0.618	0.262	0.157	0.382	0.377	0.303	0.149	0.520	0.503	0.393	0.132	0.384	0.610	0.259	0.138	0.393	0.383	0.261	0.188
19:40:01	0.609	0.616	0.423	0.128	0.455	0.637	0.263	0.130	0.367	0.406	0.212	0.177	0.533	0.610	0.240	0.128	0.440	0.626	0.231	0.129	0.363	0.368	0.256	0.166	0.574	0.616	0.266	0.135	0.415	0.599	0.240	0.136	0.382	0.374	0.265	0.161	0.581	0.611	0.387	0.138	0.446	0.519	0.253	0.126	0.392	0.364	0.221	0.150	0.604	0.509	0.402	0.152	0.447	0.636	0.270	0.158	0.369	0.360	0.191	0.142	0.520	0.507	0.283	0.140	0.443	0.515	0.287	0.128	0.360	0.374	0.208	0.148	0.590	0.629	0.334	0.135	0.430	0.627	0.264	0.156	0.387	0.386	0.303	0.150	0.527	0.508	0.391	0.132	0.395	0.628	0.261	0.138	0.398	0.394	0.260	0.190
20:00:01	0.658	0.630	0.366	0.129	0.467	0.650	0.267	0.130	0.367	0.417	0.217	0.176	0.538	0.616	0.242	0.131	0.453	0.635	0.233	0.129	0.364	0.374	0.266	0.167	0.580	0.625	0.252	0.135	0.424	0.603	0.242	0.136	0.393	0.380	0.271	0.163	0.597	0.625	0.399	0.138	0.453	0.522	0.256	0.126	0.401	0.373	0.220	0.153	0.607	0.511	0.399	0.151	0.459	0.649	0.272	0.159	0.374	0.370	0.192	0.143	0.521	0.509	0.418	0.139	0.453	0.517	0.289	0.128	0.366	0.377	0.210	0.147	0.613	0.640	0.346	0.136	0.442	0.641	0.265	0.159	0.395	0.395	0.303	0.150	0.532	0.508	0.417	0.131	0.409	0.639	0.262	0.139	0.399	0.408	0.260	0.191
20:20:01	0.641	0.640	0.396	0.129	0.478	0.667	0.269	0.130	0.368	0.428	0.223	0.175	0.543	0.624	0.241	0.127	0.465	0.639	0.234	0.129	0.373	0.378	0.258	0.165	0.592	0.630	0.247	0.134	0.436	0.626	0.242	0.135	0.391	0.385	0.266	0.162	0.638	0.631	0.395	0.136	0.461	0.525	0.254	0.128	0.404	0.380	0.231	0.151	0.611	0.512	0.394	0.153	0.468	0.659	0.272	0.158	0.378	0.380	0.192	0.142	0.525	0.509	0.354	0.141	0.462	0.520	0.289	0.129	0.369	0.384	0.208	0.147	0.642	0.632	0.327	0.139	0.454	0.647	0.268	0.160	0.400	0.406	0.284	0.150	0.538	0.511	0.403	0.132	0.425	0.647	0.266	0.142	0.406	0.423	0.259	0.190
20:40:01	0.651	0.651	0.319	0.128	0.491	0.703	0.271	0.130	0.373	0.440	0.223	0.175	0.547	0.633	0.239	0.128	0.472	0.655	0.236	0.129	0.381	0.384	0.260	0.167	0.632	0.637	0.280	0.135	0.443	0.636	0.243	0.135	0.395	0.391	0.274	0.165	0.674	0.646	0.377	0.139	0.474	0.526	0.256	0.128	0.405	0.391	0.218	0.152	0.615	0.513	0.397	0.153	0.478	0.671	0.273	0.159	0.381	0.389	0.192	0.143	0.529	0.513	0.302	0.141	0.471	0.524	0.289	0.130	0.374	0.390	0.208	0.147	0.645	0.648	0.349	0.140	0.466	0.651	0.269	0.161	0.403	0.414	0.287	0.151	0.543	0.514	0.390	0.133	0.436	0.668	0.267	0.142	0.409	0.430	0.259	0.192
21:00:01	0.664	0.670	0.453	0.128	0.502	0.755	0.274	0.130	0.380	0.449	0.223	0.176	0.550	0.644	0.262	0.128	0.487	0.668	0.238	0.129	0.383	0.390	0.257	0.168	0.637	0.646	0.264	0.134	0.451	0.660	0.244	0.135	0.397	0.395	0.282	0.167	0.674	0.664	0.413	0.138	0.487	0.530	0.257	0.128	0.412	0.400	0.222	0.152	0.618	0.515	0.403	0.154	0.487	0.680	0.274	0.159	0.387	0.396	0.196	0.143	0.531	0.516	0.241	0.142	0.480	0.527	0.291	0.130	0.380	0.394	0.209	0.147	0.658	0.659	0.351	0.140	0.477	0.668	0.271	0.162	0.408	0.423	0.291	0.152	0.547	0.518	0.365	0.133	0.449	0.716	0.268	0.143	0.407	0.446	0.264	0.192
21:20:01	0.672	0.726	0.391	0.128	0.514	0.791	0.274	0.130	0.391	0.458	0.222	0.181	0.554	0.655	0.242	0.128	0.503	0.722	0.238	0.130	0.387	0.395	0.267	0.171	0.651	0.654	0.331	0.135	0.461	0.705	0.245	0.136	0.403	0.399	0.280	0.168	0.686	0.674	0.390	0.140	0.497	0.535	0.257	0.128	0.416	0.407	0.223	0.152	0.621	0.521	0.407	0.155	0.497	0.699	0.275	0.160	0.396	0.403	0.193	0.143	0.536	0.519	0.265	0.143	0.491	0.532	0.291	0.131	0.384	0.399	0.209	0.148	0.666	0.706	0.346	0.141	0.490	0.695	0.273	0.161	0.414	0.431	0.293	0.153	0.552	0.518	0.441	0.132	0.458	0.730	0.270	0.144	0.415	0.454	0.259	0.194
21:40:01	0.677	0.733	0.404	0.128	0.529	0.794	0.278	0.130	0.390	0.467	0.223	0.180	0.557	0.666	0.260	0.128	0.509	0.748	0.241	0.131	0.387	0.399	0.257	0.171	0.659	0.662	0.278	0.134	0.471	0.726	0.247	0.136	0.409	0.402	0.273	0.170	0.690	0.674	0.403	0.138	0.505	0.537	0.259	0.129	0.418	0.416	0.222	0.153	0.624	0.522	0.406	0.154	0.506	0.732	0.277	0.161	0.394	0.410	0.193	0.142	0.536	0.522	0.350	0.143	0.498	0.534	0.293	0.131	0.391	0.403	0.211	0.148	0.669	0.747	0.357	0.141	0.504	0.741	0.273	0.163	0.418	0.439	0.287	0.153	0.555	0.520	0.445	0.133	0.464	0.729	0.271	0.146	0.417	0.464	0.261	0.194
22:00:01	0.682	0.745	0.431	0.128	0.563	0.790	0.280	0.130	0.398	0.474	0.216	0.184	0.559	0.704	0.247	0.128	0.523	0.740	0.243	0.130	0.391	0.402	0.265	0.175	0.661	0.671	0.374	0.135	0.483	0.711	0.249	0.136	0.419	0.407	0.286	0.175	0.699	0.704	0.423	0.137	0.514	0.534	0.260	0.130	0.424	0.427	0.227	0.156	0.626	0.524	0.411	0.154	0.515	0.747	0.277	0.162	0.396	0.420	0.197	0.142	0.538	0.525	0.450	0.142	0.507	0.538	0.295	0.132	0.398	0.407	0.213	0.148	0.675	0.737	0.345	0.140	0.509	0.740	0.272	0.164	0.424	0.448	0.307	0.157	0.559	0.519	0.385	0.133	0.473	0.747	0.271	0.145	0.418	0.464	0.266	0.196
22:20:01	0.693	0.757	0.457	0.128	0.594	0.786	0.282	0.131	0.400	0.478	0.215	0.183	0.561	0.713	0.261	0.128	0.550	0.743	0.244	0.131	0.395	0.406	0.270	0.175	0.678	0.679	0.293	0.134	0.498	0.722	0.249	0.136	0.419	0.413	0.275	0.175	0.703	0.724	0.390	0.139	0.525	0.540	0.261	0.131	0.427	0.430	0.218	0.155	0.629	0.527	0.408	0.155	0.526	0.734	0.279	0.162	0.403	0.431	0.194	0.143	0.542	0.525	0.283	0.144	0.518	0.544	0.295	0.133	0.401	0.410	0.211	0.149	0.676	0.738	0.363	0.143	0.519	0.731	0.275	0.165	0.426	0.456	0.302	0.156	0.564	0.526	0.368	0.133	0.486	0.746	0.274	0.149	0.423	0.473	0.265	0.195
22:40:01	0.704	0.752	0.399	0.129	0.617	0.795	0.284	0.131	0.409	0.486	0.224	0.186	0.563	0.713	0.252	0.128	0.585	0.742	0.245	0.131	0.398	0.410	0.261	0.180	0.679	0.702	0.269	0.135	0.539	0.719	0.251	0.137	0.418	0.419	0.288	0.178	0.711	0.725	0.430	0.139	0.552	0.544	0.263	0.131	0.428	0.437	0.223	0.157	0.632	0.529	0.419	0.155	0.548	0.746	0.280	0.164	0.405	0.438	0.197	0.144	0.543	0.528	0.293	0.143	0.539	0.547	0.298	0.133	0.402	0.415	0.215	0.148	0.681	0.734	0.349	0.141	0.546	0.730	0.274	0.166	0.432	0.460	0.306	0.159	0.567	0.527	0.424	0.132	0.517	0.743	0.274	0.148	0.425	0.477	0.267	0.198
23:00:01	0.707	0.751	0.461	0.129	0.617	0.790	0.287	0.131	0.413	0.493	0.225	0.186	0.564	0.727	0.264	0.128	0.595	0.739	0.246	0.130	0.400	0.414	0.259	0.179	0.683	0.715	0.288	0.135	0.567	0.722	0.252	0.137	0.418	0.424	0.274	0.177	0.708	0.726	0.399	0.140	0.578	0.546	0.264	0.133	0.429	0.440	0.224	0.157	0.635	0.532	0.421	0.158	0.576	0.748	0.282	0.165	0.408	0.443	0.195	0.144	0.544	0.532	0.407	0.145	0.568	0.553	0.297	0.134	0.403	0.419	0.211	0.148	0.692	0.726	0.349	0.145	0.582	0.733	0.277	0.168	0.438	0.466	0.286	0.158	0.571	0.533	0.410	0.133	0.549	0.744	0.277	0.152	0.430	0.474	0.261	0.196
23:20:01	0.707	0.752	0.433	0.129	0.618	0.778	0.288	0.131	0.417	0.501	0.219	0.188	0.566	0.727	0.253	0.129	0.606	0.738	0.249	0.131	0.405	0.421	0.254	0.181	0.694	0.712	0.281	0.135	0.581	0.720	0.253	0.137	0.424	0.428	0.258	0.180	0.712	0.726	0.440	0.140	0.581	0.548	0.265	0.134	0.433	0.448	0.234	0.158	0.639	0.535	0.415	0.159	0.578	0.744	0.283	0.166	0.409	0.452	0.197	0.145	0.546	0.534	0.458	0.146	0.579	0.556	0.298	0.135	0.406	0.423	0.213	0.149	0.694	0.725	0.364	0.146	0.588	0.731	0.277	0.168	0.443	0.474	0.288	0.159	0.575	0.536	0.430	0.134	0.586	0.736	0.278	0.153	0.435	0.486	0.264	0.198
23:40:01	0.711	0.756	0.360	0.129	0.629	0.773	0.290	0.131	0.425	0.515	0.221	0.191	0.569	0.723	0.275	0.129	0.624	0.734	0.251	0.132	0.406	0.425	0.274	0.185	0.697	0.710	0.304	0.136	0.590	0.725	0.256	0.138	0.432	0.433	0.287	0.184	0.702	0.723	0.417	0.141	0.603	0.554	0.268	0.134	0.438	0.452	0.234	0.161	0.640	0.539	0.430	0.157	0.602	0.734	0.284	0.168	0.414	0.462	0.198	0.145	0.547	0.537	0.322	0.146	0.593	0.557	0.301	0.135	0.410	0.426	0.215	0.149	0.705	0.720	0.361	0.144	0.595	0.732	0.277	0.169	0.445	0.479	0.302	0.161	0.579	0.537	0.387	0.134	0.596	0.740	0.278	0.153	0.436	0.484	0.263	0.200
24:00:01	0.715	0.761	0.428	0.129	0.649	0.727	0.293	0.131	0.425	0.524	0.220	0.190	0.571	0.720	0.278	0.128	0.643	0.742	0.253	0.132	0.410	0.430	0.266	0.185	0.703	0.716	0.295	0.137	0.610	0.720	0.256	0.139	0.432	0.436	0.265	0.182	0.723	0.727	0.404	0.140	0.614	0.559	0.269	0.136	0.438	0.469	0.222	0.159	0.643	0.542	0.428	0.155	0.614	0.728	0.287	0.169	0.418	0.468	0.200	0.147	0.549	0.542	0.255	0.148	0.604	0.562	0.301	0.136	0.415	0.429	0.214	0.149	0.709	0.724	0.375	0.148	0.611	0.729	0.280	0.170	0.449	0.484	0.289	0.159	0.583	0.541	0.390	0.135	0.613	0.742	0.281	0.157	0.437	0.493	0.261	0.199
24:20:01	0.716	0.765	0.382	0.129	0.662	0.710	0.295	0.131	0.430	0.535	0.224	0.192	0.574	0.718	0.272	0.128	0.654	0.741	0.254	0.132	0.413	0.434	0.258	0.187	0.706	0.716	0.298	0.137	0.621	0.719	0.257	0.139	0.438	0.441	0.285	0.184	0.725	0.726	0.425	0.143	0.630	0.562	0.271	0.136	0.440	0.466	0.221	0.164	0.644	0.545	0.429	0.156	0.629	0.730	0.289	0.170	0.427	0.469	0.200	0.145	0.550	0.545	0.427	0.149	0.620	0.565	0.302	0.137	0.421	0.432	0.215	0.149	0.714	0.733	0.370	0.149	0.629	0.738	0.281	0.172	0.452	0.493	0.305	0.160	0.586	0.544	0.454	0.135	0.613	0.745	0.282	0.157	0.444	0.499	0.265	0.199
24:40:01	0.723	0.753	0.444	0.134	0.642	0.715	0.297	0.131	0.434	0.544	0.221	0.193	0.575	0.723	0.259	0.128	0.661	0.752	0.256	0.131	0.415	0.438	0.252	0.188	0.709	0.716	0.390	0.137	0.640	0.728	0.259	0.139	0.446	0.446	0.276	0.185	0.727	0.718	0.441	0.146	0.645	0.563	0.272	0.137	0.446	0.471	0.221	0.161	0.646	0.547	0.430	0.156	0.647	0.737	0.289	0.171	0.431	0.481	0.200	0.145	0.553	0.547	0.348	0.149	0.635	0.569	0.303	0.137	0.427	0.435	0.214	0.149	0.715	0.738	0.355	0.150	0.641	0.734	0.282	0.172	0.450	0.508	0.291	0.161	0.591	0.547	0.408	0.135	0.611	0.742	0.284	0.158	0.444	0.505	0.261	0.201
25:00:01	0.728	0.748	0.461	0.134	0.639	0.720	0.298	0.131	0.446	0.544	0.225	0.195	0.579	0.727	0.282	0.128	0.672	0.753	0.257	0.131	0.418	0.443	0.266	0.192	0.707	0.713	0.332	0.137	0.638	0.738	0.261	0.140	0.454	0.451	0.284	0.188	0.734	0.728	0.421	0.145	0.659	0.568	0.273	0.138	0.455	0.483	0.236	0.165	0.648	0.549	0.435	0.156	0.658	0.738	0.289	0.172	0.440	0.492	0.200	0.145	0.556	0.549	0.253	0.148	0.647	0.570	0.305	0.138	0.432	0.441	0.218	0.150	0.715	0.749	0.378	0.148	0.651	0.739	0.281	0.173	0.454	0.513	0.295	0.164	0.594	0.548	0.436	0.134	0.614	0.742	0.283	0.157	0.448	0.514	0.262	0.203
25:20:01	0.724	0.748	0.487	0.134	0.642	0.723	0.300	0.131	0.453	0.549	0.227	0.196	0.581	0.730	0.268	0.128	0.681	0.751	0.259	0.132	0.419	0.445	0.259	0.193	0.716	0.714	0.313	0.137	0.652	0.734	0.262	0.140	0.453	0.453	0.276	0.188	0.724	0.729	0.456	0.142	0.667	0.569	0.275	0.139	0.458	0.496	0.227	0.166	0.649	0.554	0.441	0.156	0.663	0.741	0.290	0.173	0.447	0.503	0.234	0.147	0.560	0.549	0.275	0.148	0.651	0.573	0.306	0.139	0.436	0.444	0.220	0.150	0.724	0.749	0.370	0.149	0.658	0.736	0.281	0.173	0.458	0.511	0.291	0.165	0.598	0.551	0.422	0.135	0.609	0.747	0.284	0.158	0.453	0.530	0.261	0.203
25:40:01	0.700	0.748	0.466	0.134	0.644	0.723	0.302	0.131	0.453	0.555	0.218	0.195	0.582	0.733	0.266	0.128	0.695	0.749	0.259	0.132	0.421	0.448	0.262	0.193	0.717	0.715	0.346	0.137	0.657	0.736	0.262	0.139	0.457	0.459	0.276	0.188	0.698	0.741	0.440	0.143	0.671	0.573	0.274	0.140	0.459	0.503	0.232	0.164	0.652	0.558	0.438	0.158	0.672	0.745	0.293	0.173	0.447	0.501	0.232	0.144	0.565	0.556	0.265	0.151	0.654	0.577	0.305	0.140	0.439	0.450	0.216	0.150	0.730	0.757	0.363	0.153	0.668	0.739	0.284	0.174	0.460	0.520	0.303	0.162	0.601	0.557	0.463	0.136	0.624	0.755	0.287	0.161	0.461	0.530	0.266	0.202
26:00:01	0.683	0.736	0.522	0.134	0.648	0.724	0.303	0.131	0.458	0.564	0.220	0.196	0.584	0.732	0.295	0.128	0.696	0.744	0.261	0.134	0.424	0.454	0.272	0.194	0.715	0.723	0.362	0.139	0.669	0.736	0.263	0.140	0.455	0.461	0.277	0.188	0.679	0.751	0.438	0.145	0.680	0.575	0.275	0.141	0.464	0.505	0.233	0.166	0.653	0.560	0.434	0.159	0.677	0.747	0.293	0.174	0.450	0.502	0.228	0.145	0.569	0.558	0.310	0.151	0.665	0.581	0.307	0.140	0.442	0.453	0.216	0.149	0.730	0.757	0.387	0.153	0.675	0.745	0.285	0.175	0.466	0.522	0.298	0.164	0.606	0.559	0.402	0.135	0.624	0.753	0.288	0.162	0.459	0.539	0.262	0.203
26:20:01	0.678	0.727	0.516	0.134	0.650	0.726	0.305	0.131	0.464	0.571	0.226	0.197	0.586	0.728	0.268	0.128	0.693	0.750	0.261	0.132	0.428	0.459	0.270	0.195	0.700	0.726	0.324	0.137	0.682	0.732	0.264	0.140	0.461	0.464	0.260	0.189	0.675	0.751	0.405	0.147	0.686	0.577	0.276	0.141	0.466	0.504	0.222	0.166	0.654	0.563	0.444	0.164	0.688	0.748	0.294	0.174	0.452	0.505	0.234	0.146	0.571	0.563	0.413	0.151	0.676	0.584	0.308	0.141	0.442	0.456	0.218	0.149	0.716	0.753	0.384	0.155	0.680	0.744	0.286	0.176	0.473	0.531	0.310	0.164	0.610	0.561	0.435	0.136	0.627	0.750	0.289	0.162	0.464	0.538	0.266	0.203
26:40:01	0.677	0.726	0.520	0.131	0.652	0.726	0.307	0.131	0.464	0.574	0.226	0.198	0.588	0.725	0.289	0.128	0.682	0.752	0.262	0.134	0.427	0.461	0.263	0.197	0.680	0.729	0.382	0.137	0.681	0.738	0.265	0.140	0.460	0.468	0.289	0.190	0.676	0.749	0.410	0.148	0.688	0.579	0.276	0.141	0.467	0.508	0.229	0.171	0.656	0.565	0.446	0.164	0.691	0.747	0.295	0.175	0.454	0.511	0.241	0.146	0.574	0.566	0.366	0.152	0.678	0.586	0.308	0.142	0.444	0.458	0.218	0.149	0.692	0.741	0.369	0.155	0.678	0.751	0.287	0.177	0.476	0.533	0.303	0.166	0.613	0.564	0.455	0.136	0.631	0.729	0.291	0.164	0.470	0.541	0.260	0.203
27:00:01	0.677	0.724	0.486	0.130	0.654	0.727	0.310	0.132	0.469	0.581	0.217	0.198	0.590	0.726	0.303	0.128	0.669	0.748	0.264	0.134	0.430	0.464	0.257	0.198	0.671	0.718	0.323	0.138	0.678	0.737	0.266	0.140	0.466	0.470	0.287	0.192	0.675	0.756	0.435	0.148	0.689	0.581	0.277	0.142	0.473	0.514	0.233	0.168	0.657	0.568	0.444	0.161	0.693	0.754	0.295	0.175	0.460	0.512	0.239	0.145	0.577	0.570	0.288	0.152	0.679	0.590	0.308	0.142	0.448	0.460	0.218	0.149	0.672	0.696	0.397	0.157	0.666	0.751	0.288	0.178	0.481	0.539	0.306	0.167	0.615	0.567	0.444	0.134	0.632	0.702	0.292	0.166	0.470	0.548	0.261	0.204
27:20:01	0.676	0.722	0.488	0.130	0.656	0.728	0.312	0.132	0.473	0.584	0.232	0.201	0.592	0.731	0.273	0.128	0.664	0.725	0.265	0.134	0.434	0.468	0.276	0.200	0.670	0.720	0.392	0.137	0.672	0.731	0.268	0.141	0.468	0.473	0.291	0.196	0.673	0.749	0.423	0.150	0.683	0.583	0.280	0.143	0.474	0.517	0.228	0.172	0.659	0.569	0.451	0.165	0.691	0.755	0.296	0.177	0.459	0.517	0.244	0.146	0.579	0.574	0.357	0.152	0.673	0.592	0.312	0.142	0.446	0.465	0.222	0.150	0.671	0.700	0.398	0.155	0.643	0.744	0.287	0.178	0.477	0.542	0.312	0.171	0.618	0.569	0.454	0.137	0.632	0.699	0.292	0.162	0.472	0.554	0.266	0.205
27:40:01	0.675	0.722	0.455	0.131	0.658	0.728	0.314	0.132	0.478	0.590	0.228	0.202	0.594	0.727	0.285	0.128	0.666	0.708	0.267	0.133	0.435	0.469	0.266	0.201	0.670	0.722	0.356	0.136	0.658	0.713	0.270	0.142	0.472	0.474	0.277	0.196	0.670	0.742	0.414	0.148	0.667	0.587	0.281	0.144	0.480	0.514	0.237	0.174	0.661	0.573	0.457	0.162	0.681	0.748	0.298	0.179	0.462	0.515	0.240	0.146	0.581	0.575	0.328	0.153	0.661	0.595	0.313	0.143	0.448	0.468	0.222	0.150	0.671	0.703	0.378	0.156	0.640	0.722	0.288	0.179	0.484	0.534	0.291	0.172	0.619	0.571	0.412	0.138	0.633	0.699	0.292	0.162	0.475	0.555	0.265	0.205
28:00:01	0.672	0.723	0.470	0.132	0.657	0.728	0.316	0.132	0.478	0.598	0.224	0.200	0.595	0.708	0.279	0.128	0.668	0.711	0.267	0.134	0.437	0.471	0.260	0.200	0.669	0.731	0.376	0.139	0.646	0.687	0.270	0.142	0.474	0.477	0.290	0.195	0.668	0.709	0.437	0.150	0.656	0.591	0.283	0.146	0.483	0.516	0.227	0.172	0.664	0.577	0.452	0.169	0.665	0.732	0.300	0.181	0.465	0.518	0.233	0.145	0.584	0.577	0.325	0.155	0.650	0.599	0.313	0.144	0.451	0.471	0.220	0.150	0.672	0.705	0.402	0.160	0.643	0.697	0.291	0.180	0.488	0.536	0.294	0.170	0.621	0.574	0.411	0.139	0.636	0.699	0.295	0.165	0.479	0.574	0.261	0.205
28:20:01	0.670	0.723	0.456	0.132	0.658	0.730	0.315	0.133	0.487	0.600	0.234	0.204	0.599	0.699	0.289	0.129	0.668	0.713	0.269	0.134	0.441	0.474	0.272	0.202	0.668	0.733	0.318	0.137	0.644	0.682	0.273	0.144	0.481	0.481	0.288	0.197	0.666	0.695	0.443	0.153	0.656	0.596	0.284	0.148	0.490	0.518	0.240	0.174	0.665	0.580	0.460	0.171	0.658	0.704	0.301	0.184	0.471	0.519	0.202	0.146	0.587	0.581	0.499	0.156	0.648	0.601	0.315	0.145	0.454	0.473	0.221	0.150	0.672	0.704	0.402	0.158	0.644	0.693	0.292	0.179	0.489	0.548	0.312	0.174	0.624	0.576	0.431	0.138	0.635	0.699	0.295	0.161	0.481	0.571	0.265	0.207
28:40:01	0.667	0.721	0.500	0.131	0.657	0.728	0.320	0.133	0.486	0.608	0.221	0.202	0.600	0.701	0.279	0.130	0.667	0.714	0.271	0.134	0.440	0.475	0.271	0.201	0.666	0.722	0.313	0.138	0.646	0.685	0.274	0.143	0.481	0.483	0.255	0.196	0.663	0.698	0.462	0.155	0.658	0.598	0.285	0.148	0.492	0.520	0.228	0.174	0.666	0.581	0.455	0.170	0.659	0.694	0.303	0.185	0.472	0.525	0.203	0.151	0.588	0.581	0.347	0.158	0.650	0.604	0.315	0.146	0.460	0.475	0.220	0.149	0.671	0.704	0.397	0.162	0.645	0.696	0.292	0.181	0.490	0.554	0.299	0.171	0.625	0.579	0.415	0.141	0.636	0.700	0.298	0.166	0.485	0.583	0.260	0.206
29:00:01	0.665	0.721	0.519	0.131	0.657	0.728	0.319	0.133	0.492	0.614	0.230	0.202	0.602	0.701	0.301	0.129	0.666	0.713	0.273	0.134	0.442	0.478	0.260	0.201	0.664	0.701	0.405	0.137	0.647	0.685	0.275	0.143	0.484	0.486	0.269	0.197	0.660	0.699	0.478	0.154	0.658	0.600	0.288	0.150	0.495	0.528	0.226	0.174	0.668	0.584	0.458	0.172	0.661	0.694	0.305	0.186	0.475	0.530	0.203	0.145	0.590	0.584	0.270	0.159	0.651	0.607	0.317	0.147	0.463	0.477	0.221	0.150	0.670	0.702	0.390	0.163	0.645	0.696	0.293	0.182	0.494	0.557	0.302	0.172	0.627	0.581	0.509	0.142	0.635	0.699	0.299	0.166	0.491	0.604	0.264	0.205
29:20:02	0.663	0.719	0.474	0.130	0.658	0.728	0.321	0.133	0.495	0.621	0.219	0.203	0.604	0.699	0.282	0.130	0.665	0.711	0.274	0.135	0.443	0.481	0.274	0.202	0.662	0.690	0.333	0.139	0.646	0.685	0.276	0.144	0.491	0.487	0.260	0.198	0.658	0.699	0.451	0.150	0.656	0.602	0.288	0.150	0.501	0.526	0.235	0.174	0.668	0.585	0.461	0.172	0.660	0.695	0.305	0.187	0.478	0.530	0.203	0.145	0.592	0.585	0.304	0.159	0.651	0.610	0.317	0.147	0.465	0.478	0.221	0.150	0.669	0.700	0.387	0.164	0.643	0.696	0.294	0.183	0.497	0.560	0.292	0.172	0.628	0.582	0.487	0.142	0.634	0.698	0.300	0.166	0.488	0.607	0.263	0.205
29:40:02	0.662	0.720	0.554	0.130	0.658	0.730	0.323	0.133	0.499	0.629	0.224	0.203	0.606	0.699	0.315	0.129	0.662	0.710	0.275	0.134	0.445	0.483	0.262	0.203	0.662	0.692	0.333	0.139	0.645	0.686	0.277	0.144	0.494	0.490	0.264	0.199	0.656	0.699	0.482	0.153	0.655	0.606	0.290	0.151	0.503	0.530	0.226	0.176	0.670	0.589	0.464	0.174	0.659	0.697	0.307	0.188	0.482	0.532	0.240	0.148	0.595	0.589	0.309	0.159	0.650	0.612	0.319	0.148	0.467	0.479	0.221	0.150	0.668	0.700	0.385	0.165	0.642	0.696	0.295	0.184	0.501	0.560	0.313	0.173	0.631	0.587	0.421	0.142	0.633	0.696	0.301	0.168	0.482	0.606	0.264	0.206
30:00:02	0.661	0.718	0.516	0.132	0.658	0.730	0.324	0.133	0.501	0.631	0.224	0.203	0.609	0.697	0.327	0.129	0.660	0.709	0.275	0.134	0.446	0.487	0.249	0.203	0.660	0.692	0.336	0.140	0.642	0.684	0.278	0.144	0.492	0.491	0.276	0.200	0.654	0.698	0.447	0.154	0.655	0.609	0.290	0.152	0.506	0.534	0.239	0.175	0.671	0.591	0.465	0.174	0.657	0.696	0.308	0.189	0.487	0.541	0.259	0.149	0.597	0.590	0.322	0.160	0.648	0.615	0.320	0.149	0.472	0.481	0.221	0.150	0.666	0.698	0.396	0.165	0.641	0.695	0.296	0.185	0.503	0.559	0.296	0.175	0.632	0.591	0.418	0.143	0.632	0.695	0.302	0.168	0.499	0.606	0.265	0.206
30:20:02	0.658	0.717	0.557	0.132	0.658	0.730	0.324	0.133	0.502	0.633	0.223	0.204	0.611	0.695	0.288	0.130	0.658	0.706	0.276	0.134	0.447	0.489	0.248	0.204	0.659	0.691	0.322	0.139	0.640	0.683	0.278	0.145	0.497	0.494	0.287	0.199	0.653	0.696	0.415	0.152	0.652	0.611	0.290	0.152	0.508	0.538	0.233	0.177	0.673	0.593	0.468	0.173	0.655	0.696	0.308	0.189	0.489	0.543	0.257	0.148	0.600	0.591	0.280	0.164	0.646	0.616	0.320	0.149	0.475	0.484	0.222	0.149	0.664	0.696	0.419	0.166	0.639	0.693	0.296	0.185	0.505	0.567	0.306	0.176	0.634	0.593	0.492	0.144	0.630	0.693	0.303	0.169	0.501	0.617	0.266	0.206
30:40:02	0.656	0.716	0.563	0.132	0.658	0.730	0.326	0.133	0.508	0.632	0.223	0.204	0.612	0.693	0.308	0.129	0.655	0.704	0.278	0.134	0.446	0.493	0.266	0.204	0.656	0.689	0.371	0.140	0.637	0.681	0.279	0.145	0.502	0.495	0.266	0.201	0.650	0.694	0.451	0.155	0.649	0.611	0.292	0.153	0.514	0.544	0.235	0.178	0.673	0.596	0.468	0.175	0.652	0.694	0.309	0.191	0.494	0.543	0.233	0.146	0.602	0.593	0.337	0.167	0.644	0.618	0.320	0.150	0.479	0.487	0.222	0.149	0.661	0.694	0.420	0.167	0.637	0.691	0.297	0.187	0.509	0.569	0.296	0.176	0.636	0.593	0.491	0.144	0.628	0.689	0.303	0.169	0.497	0.624	0.260	0.207
31:00:02	0.654	0.715	0.550	0.131	0.658	0.731	0.327	0.133	0.501	0.635	0.224	0.205	0.615	0.691	0.294	0.130	0.653	0.701	0.278	0.136	0.446	0.494	0.275	0.205	0.655	0.688	0.365	0.140	0.634	0.680	0.281	0.145	0.505	0.499	0.276	0.202	0.649	0.690	0.472	0.153	0.647	0.614	0.293	0.154	0.520	0.542	0.229	0.176	0.675	0.599	0.471	0.176	0.650	0.693	0.310	0.192	0.495	0.542	0.205	0.150	0.605	0.595	0.391	0.165	0.641	0.620	0.322	0.151	0.483	0.488	0.223	0.150	0.659	0.692	0.394	0.167	0.635	0.688	0.298	0.187	0.512	0.572	0.306	0.178	0.638	0.601	0.482	0.144	0.626	0.686	0.305	0.170	0.496	0.628	0.266	0.207
31:20:02	0.653	0.714	0.551	0.132	0.657	0.732	0.329	0.133	0.512	0.642	0.229	0.205	0.617	0.689	0.318	0.130	0.651	0.700	0.281	0.136	0.449	0.497	0.252	0.205	0.653	0.687	0.436	0.142	0.632	0.678	0.281	0.146	0.505	0.502	0.273	0.202	0.647	0.688	0.498	0.156	0.645	0.615	0.294	0.155	0.517	0.544	0.234	0.177	0.677	0.602	0.475	0.176	0.648	0.691	0.311	0.193	0.501	0.551	0.242	0.153	0.607	0.597	0.392	0.162	0.639	0.622	0.322	0.152	0.485	0.492	0.223	0.150	0.657	0.690	0.394	0.167	0.633	0.686	0.299	0.188	0.515	0.574	0.290	0.179	0.639	0.598	0.496	0.144	0.625	0.684	0.306	0.170	0.497	0.625	0.266	0.207
31:40:02	0.651	0.713	0.543	0.132	0.658	0.731	0.330	0.133	0.510	0.644	0.230	0.205	0.619	0.686	0.299	0.130	0.648	0.697	0.280	0.135	0.452	0.500	0.273	0.206	0.651	0.684	0.359	0.141	0.630	0.675	0.282	0.146	0.507	0.503	0.274	0.204	0.645	0.686	0.446	0.152	0.642	0.617	0.294	0.156	0.520	0.546	0.232	0.179	0.677	0.604	0.472	0.177	0.645	0.689	0.311	0.193	0.502	0.552	0.206	0.147	0.610	0.599	0.437	0.166	0.636	0.623	0.323	0.152	0.488	0.495	0.222	0.149	0.654	0.687	0.396	0.167	0.631	0.683	0.299	0.189	0.515	0.576	0.298	0.179	0.641	0.604	0.481	0.144	0.623	0.681	0.307	0.170	0.502	0.628	0.260	0.208
32:00:02	0.649	0.714	0.572	0.132	0.659	0.732	0.331	0.133	0.518	0.650	0.232	0.206	0.622	0.684	0.294	0.130	0.647	0.696	0.284	0.136	0.453	0.500	0.278	0.206	0.649	0.682	0.340	0.142	0.628	0.673	0.282	0.145	0.511	0.504	0.293	0.204	0.643	0.685	0.436	0.151	0.640	0.618	0.294	0.155	0.524	0.548	0.239	0.181	0.678	0.606	0.473	0.177	0.642	0.687	0.310	0.191	0.504	0.553	0.236	0.149	0.611	0.603	0.352	0.163	0.634	0.624	0.323	0.153	0.492	0.496	0.223	0.149	0.652	0.685	0.397	0.167	0.629	0.681	0.300	0.191	0.518	0.574	0.302	0.182	0.643	0.606	0.438	0.145	0.622	0.678	0.307	0.170	0.506	0.627	0.261	0.208
32:20:02	0.648	0.715	0.568	0.131	0.659	0.732	0.333	0.134	0.520	0.651	0.225	0.207	0.623	0.682	0.304	0.130	0.645	0.694	0.283	0.135	0.455	0.502	0.259	0.207	0.647	0.680	0.405	0.140	0.626	0.670	0.282	0.145	0.514	0.505	0.276	0.205	0.641	0.682	0.492	0.152	0.637	0.620	0.293	0.155	0.527	0.549	0.234	0.182	0.679	0.609	0.481	0.177	0.640	0.685	0.309	0.190	0.509	0.551	0.246	0.148	0.614	0.603	0.284	0.164	0.632	0.625	0.323	0.154	0.496	0.499	0.224	0.149	0.651	0.683	0.430	0.166	0.627	0.679	0.301	0.191	0.519	0.574	0.279	0.182	0.645	0.608	0.456	0.145	0.620	0.676	0.308	0.170	0.505	0.635	0.262	0.209
32:40:02	0.646	0.715	0.572	0.133	0.659	0.732	0.334	0.134	0.521	0.655	0.235	0.208	0.625	0.679	0.318	0.130	0.643	0.692	0.282	0.136	0.455	0.504	0.273	0.207	0.646	0.677	0.348	0.140	0.623	0.668	0.282	0.145	0.515	0.507	0.276	0.206	0.638	0.680	0.430	0.151	0.635	0.622	0.293	0.156	0.523	0.550	0.233	0.183	0.680	0.609	0.483	0.177	0.637	0.683	0.309	0.190	0.511	0.556	0.243	0.149	0.616	0.606	0.316	0.162	0.629	0.624	0.323	0.154	0.497	0.499	0.224	0.149	0.649	0.681	0.400	0.167	0.625	0.676	0.301	0.192	0.519	0.581	0.310	0.184	0.647	0.611	0.535	0.146	0.619	0.674	0.310	0.172	0.503	0.633	0.260	0.209
33:00:02	0.644	0.716	0.565	0.133	0.658	0.731	0.335	0.134	0.523	0.659	0.230	0.208	0.626	0.678	0.313	0.130	0.641	0.691	0.286	0.137	0.457	0.507	0.260	0.208	0.645	0.675	0.365	0.140	0.622	0.668	0.283	0.145	0.521	0.510	0.272	0.206	0.636	0.678	0.504	0.151	0.633	0.622	0.293	0.157	0.531	0.549	0.233	0.186	0.682	0.610	0.485	0.177	0.635	0.682	0.310	0.190	0.511	0.563	0.207	0.151	0.618	0.608	0.279	0.163	0.627	0.627	0.324	0.155	0.499	0.503	0.226	0.150	0.647	0.679	0.410	0.167	0.623	0.674	0.302	0.194	0.518	0.582	0.292	0.184	0.648	0.610	0.443	0.147	0.618	0.672	0.311	0.173	0.507	0.638	0.263	0.209
33:20:02	0.643	0.716	0.587	0.133	0.658	0.731	0.337	0.134	0.530	0.662	0.225	0.208	0.628	0.676	0.355	0.130	0.640	0.690	0.287	0.134	0.458	0.510	0.281	0.208	0.643	0.673	0.367	0.140	0.620	0.665	0.284	0.145	0.523	0.512	0.270	0.206	0.634	0.677	0.467	0.152	0.630	0.624	0.295	0.158	0.531	0.557	0.230	0.186	0.685	0.613	0.478	0.177	0.634	0.680	0.311	0.192	0.520	0.555	0.208	0.151	0.620	0.611	0.319	0.164	0.625	0.627	0.324	0.156	0.506	0.505	0.224	0.149	0.645	0.677	0.421	0.167	0.621	0.672	0.303	0.195	0.523	0.586	0.314	0.185	0.649	0.613	0.526	0.149	0.617	0.670	0.312	0.175	0.511	0.644	0.261	0.209
33:40:02	0.642	0.718	0.598	0.133	0.658	0.732	0.336	0.134	0.538	0.672	0.222	0.209	0.631	0.675	0.352	0.130	0.638	0.688	0.287	0.136	0.462	0.510	0.253	0.209	0.642	0.671	0.378	0.141	0.619	0.664	0.285	0.147	0.527	0.514	0.283	0.206	0.632	0.676	0.464	0.156	0.629	0.628	0.294	0.160	0.535	0.561	0.233	0.195	0.692	0.617	0.486	0.178	0.633	0.679	0.311	0.194	0.520	0.560	0.232	0.152	0.623	0.613	0.286	0.166	0.624	0.630	0.325	0.158	0.503	0.508	0.224	0.150	0.644	0.677	0.437	0.168	0.619	0.671	0.305	0.195	0.524	0.589	0.304	0.188	0.652	0.619	0.473	0.148	0.616	0.670	0.314	0.175	0.518	0.642	0.262	0.210
34:00:02	0.639	0.717	0.593	0.132	0.658	0.731	0.340	0.135	0.540	0.675	0.229	0.208	0.630	0.671	0.329	0.130	0.635	0.685	0.288	0.135	0.460	0.510	0.251	0.209	0.639	0.668	0.378	0.137	0.616	0.661	0.286	0.147	0.530	0.517	0.261	0.207	0.629	0.672	0.512	0.153	0.626	0.627	0.298	0.160	0.534	0.561	0.232	0.190	0.701	0.616	0.485	0.179	0.630	0.675	0.314	0.195	0.523	0.564	0.233	0.152	0.625	0.612	0.295	0.165	0.621	0.629	0.327	0.158	0.503	0.508	0.225	0.150	0.641	0.675	0.415	0.169	0.617	0.668	0.304	0.197	0.521	0.597	0.307	0.186	0.652	0.616	0.446	0.148	0.614	0.667	0.313	0.178	0.518	0.644	0.262	0.210
34:20:02	0.637	0.716	0.594	0.134	0.658	0.731	0.339	0.135	0.539	0.681	0.228	0.208	0.633	0.669	0.321	0.131	0.634	0.683	0.290	0.136	0.461	0.514	0.246	0.210	0.637	0.666	0.318	0.141	0.614	0.659	0.288	0.147	0.524	0.520	0.273	0.206	0.627	0.670	0.475	0.156	0.625	0.627	0.299	0.162	0.539	0.566	0.232	0.190	0.714	0.618	0.483	0.182	0.628	0.674	0.315	0.198	0.529	0.564	0.253	0.155	0.626	0.615	0.487	0.167	0.619	0.630	0.329	0.159	0.504	0.512	0.226	0.150	0.638	0.673	0.434	0.169	0.614	0.666	0.304	0.197	0.526	0.595	0.311	0.188	0.653	0.624	0.456	0.150	0.612	0.664	0.314	0.179	0.519	0.650	0.261	0.210
34:40:02	0.636	0.717	0.600	0.134	0.657	0.731	0.341	0.134	0.541	0.687	0.232	0.208	0.635	0.668	0.340	0.131	0.632	0.682	0.288	0.136	0.463	0.517	0.280	0.210	0.635	0.664	0.411	0.142	0.612	0.658	0.290	0.148	0.526	0.522	0.273	0.206	0.626	0.668	0.508	0.157	0.623	0.628	0.302	0.163	0.539	0.569	0.238	0.197	0.724	0.618	0.495	0.182	0.626	0.671	0.318	0.200	0.524	0.570	0.240	0.155	0.627	0.615	0.512	0.168	0.617	0.632	0.329	0.160	0.512	0.513	0.226	0.150	0.636	0.673	0.424	0.170	0.612	0.664	0.305	0.198	0.528	0.600	0.301	0.188	0.655	0.625	0.454	0.150	0.610	0.663	0.314	0.180	0.519	0.656	0.262	0.210
35:00:02	0.636	0.718	0.591	0.133	0.657	0.731	0.340	0.134	0.547	0.692	0.225	0.209	0.639	0.668	0.316	0.131	0.632	0.681	0.290	0.138	0.466	0.518	0.277	0.211	0.634	0.663	0.444	0.143	0.611	0.657	0.290	0.150	0.534	0.527	0.260	0.207	0.625	0.666	0.462	0.162	0.622	0.633	0.301	0.166	0.540	0.564	0.232	0.189	0.727	0.624	0.488	0.186	0.625	0.671	0.318	0.202	0.528	0.569	0.210	0.155	0.630	0.619	0.331	0.170	0.616	0.635	0.329	0.161	0.507	0.518	0.225	0.150	0.635	0.672	0.444	0.171	0.611	0.663	0.308	0.198	0.532	0.605	0.297	0.190	0.658	0.625	0.515	0.150	0.609	0.663	0.316	0.181	0.524	0.660	0.266	0.211
35:20:02	0.634	0.718	0.593	0.133	0.658	0.731	0.341	0.135	0.553	0.702	0.223	0.210	0.641	0.666	0.338	0.131	0.630	0.679	0.292	0.138	0.469	0.521	0.272	0.211	0.633	0.661	0.371	0.143	0.609	0.655	0.290	0.151	0.537	0.527	0.265	0.208	0.623	0.664	0.480	0.165	0.620	0.636	0.301	0.166	0.543	0.570	0.234	0.192	0.734	0.625	0.499	0.187	0.623	0.669	0.318	0.204	0.536	0.578	0.209	0.154	0.632	0.620	0.460	0.171	0.614	0.636	0.330	0.163	0.510	0.518	0.226	0.150	0.634	0.671	0.443	0.171	0.609	0.660	0.309	0.199	0.527	0.612	0.295	0.191	0.659	0.630	0.540	0.152	0.608	0.660	0.317	0.183	0.525	0.668	0.263	0.211
35:40:02	0.632	0.718	0.586	0.133	0.657	0.730	0.345	0.134	0.553	0.706	0.230	0.209	0.641	0.662	0.330	0.132	0.628	0.677	0.291	0.139	0.467	0.522	0.233	0.211	0.630	0.658	0.377	0.143	0.606	0.652	0.293	0.150	0.538	0.530	0.257	0.208	0.621	0.661	0.438	0.161	0.617	0.633	0.306	0.167	0.546	0.569	0.233	0.196	0.735	0.624	0.492	0.182	0.620	0.665	0.321	0.206	0.531	0.574	0.211	0.156	0.633	0.619	0.306	0.171	0.611	0.635	0.333	0.163	0.508	0.520	0.227	0.150	0.631	0.669	0.412	0.172	0.606	0.658	0.308	0.201	0.536	0.610	0.294	0.191	0.660	0.631	0.546	0.152	0.606	0.657	0.317	0.185	0.525	0.668	0.262	0.211
36:00:02	0.631	0.718	0.590	0.133	0.656	0.730	0.347	0.135	0.559	0.713	0.228	0.209	0.645	0.661	0.321	0.131	0.626	0.676	0.294	0.136	0.470	0.524	0.230	0.212	0.629	0.656	0.367	0.143	0.604	0.651	0.294	0.151	0.536	0.534	0.265	0.210	0.620	0.660	0.480	0.161	0.615	0.634	0.307	0.169	0.549	0.572	0.244	0.198	0.733	0.625	0.493	0.183	0.618	0.664	0.323	0.208	0.536	0.575	0.212	0.158	0.635	0.618	0.360	0.172	0.609	0.636	0.333	0.164	0.515	0.524	0.227	0.150	0.630	0.668	0.431	0.172	0.605	0.656	0.308	0.202	0.534	0.612	0.293	0.192	0.662	0.631	0.485	0.152	0.605	0.655	0.318	0.185	0.533	0.679	0.261	0.211
36:20:02	0.629	0.719	0.613	0.133	0.656	0.730	0.348	0.135	0.559	0.719	0.230	0.210	0.645	0.659	0.385	0.132	0.625	0.674	0.295	0.137	0.472	0.527	0.258	0.212	0.627	0.653	0.420	0.141	0.602	0.649	0.295	0.151	0.537	0.537	0.261	0.210	0.618	0.658	0.525	0.164	0.613	0.634	0.307	0.169	0.549	0.576	0.245	0.196	0.729	0.627	0.488	0.184	0.616	0.661	0.324	0.209	0.536	0.582	0.212	0.158	0.636	0.619	0.474	0.173	0.607	0.636	0.334	0.165	0.516	0.524	0.227	0.150	0.628	0.667	0.414	0.173	0.602	0.654	0.309	0.203	0.535	0.621	0.291	0.192	0.664	0.633	0.489	0.153	0.604	0.654	0.319	0.187	0.533	0.681	0.264	0.211
36:40:02	0.628	0.720	0.609	0.133	0.656	0.729	0.349	0.135	0.569	0.728	0.227	0.210	0.649	0.658	0.341	0.132	0.624	0.673	0.296	0.136	0.473	0.528	0.260	0.213	0.626	0.651	0.374	0.145	0.600	0.648	0.296	0.152	0.535	0.538	0.251	0.211	0.617	0.656	0.500	0.163	0.611	0.635	0.308	0.171	0.545	0.576	0.233	0.200	0.736	0.628	0.501	0.185	0.614	0.659	0.325	0.211	0.533	0.583	0.212	0.159	0.637	0.622	0.298	0.174	0.605	0.637	0.334	0.166	0.517	0.529	0.227	0.150	0.626	0.666	0.417	0.174	0.601	0.652	0.310	0.204	0.535	0.624	0.307	0.191	0.665	0.630	0.556	0.153	0.603	0.653	0.320	0.187	0.530	0.680	0.268	0.211
37:00:02	0.627	0.720	0.619	0.133	0.656	0.728	0.348	0.135	0.575	0.733	0.226	0.211	0.650	0.657	0.323	0.132	0.623	0.671	0.297	0.137	0.474	0.530	0.284	0.214	0.624	0.649	0.424	0.144	0.598	0.646	0.298	0.153	0.538	0.539	0.238	0.211	0.616	0.655	0.490	0.164	0.609	0.636	0.311	0.172	0.554	0.581	0.241	0.198	0.744	0.629	0.507	0.186	0.612	0.657	0.326	0.212	0.536	0.581	0.213	0.164	0.640	0.622	0.374	0.174	0.602	0.637	0.337	0.167	0.515	0.531	0.228	0.150	0.625	0.665	0.423	0.174	0.598	0.650	0.310	0.206	0.540	0.625	0.305	0.191	0.667	0.635	0.481	0.155	0.602	0.651	0.320	0.188	0.536	0.696	0.267	0.211
37:20:02	0.627	0.721	0.625	0.134	0.656	0.729	0.347	0.135	0.575	0.734	0.231	0.212	0.654	0.658	0.328	0.132	0.622	0.671	0.298	0.137	0.480	0.532	0.249	0.214	0.624	0.649	0.415	0.144	0.597	0.646	0.298	0.156	0.541	0.542	0.249	0.210	0.615	0.654	0.467	0.169	0.608	0.639	0.311	0.175	0.553	0.586	0.238	0.204	0.745	0.633	0.496	0.189	0.611	0.657	0.327	0.215	0.538	0.586	0.213	0.161	0.642	0.627	0.369	0.177	0.601	0.641	0.336	0.168	0.519	0.535	0.227	0.150	0.624	0.665	0.455	0.176	0.597	0.650	0.313	0.206	0.535	0.626	0.297	0.193	0.669	0.638	0.528	0.155	0.602	0.651	0.322	0.189	0.536	0.693	0.262	0.212
37:40:02	0.625	0.720	0.621	0.134	0.655	0.728	0.352	0.135	0.574	0.741	0.234	0.212	0.654	0.654	0.361	0.132	0.620	0.668	0.297	0.137	0.476	0.533	0.257	0.214	0.622	0.645	0.450	0.144	0.594	0.643	0.300	0.154	0.542	0.542	0.266	0.210	0.613	0.652	0.525	0.166	0.605	0.637	0.313	0.175	0.553	0.590	0.237	0.206	0.745	0.631	0.515	0.189	0.608	0.653	0.329	0.216	0.536	0.588	0.213	0.163	0.642	0.625	0.330	0.177	0.598	0.639	0.339	0.169	0.515	0.535	0.230	0.150	0.621	0.663	0.453	0.176	0.595	0.647	0.311	0.208	0.538	0.628	0.308	0.192	0.670	0.640	0.503	0.156	0.601	0.648	0.321	0.192	0.538	0.702	0.264	0.212
38:00:02	0.624	0.720	0.605	0.134	0.655	0.727	0.352	0.136	0.577	0.746	0.231	0.212	0.657	0.654	0.327	0.133	0.620	0.667	0.299	0.138	0.480	0.536	0.287	0.214	0.621	0.644	0.375	0.141	0.593	0.641	0.301	0.155	0.546	0.543	0.291	0.210	0.612	0.651	0.486	0.167	0.604	0.640	0.314	0.177	0.555	0.588	0.235	0.201	0.747	0.632	0.495	0.190	0.607	0.651	0.330	0.218	0.536	0.589	0.214	0.165	0.645	0.629	0.435	0.178	0.596	0.640	0.340	0.170	0.519	0.536	0.229	0.151	0.620	0.663	0.451	0.177	0.593	0.645	0.312	0.209	0.540	0.629	0.293	0.192	0.673	0.643	0.533	0.157	0.599	0.647	0.323	0.193	0.539	0.703	0.268	0.213
38:20:02	0.623	0.720	0.618	0.134	0.655	0.727	0.352	0.136	0.583	0.751	0.234	0.213	0.661	0.653	0.354	0.133	0.619	0.666	0.299	0.138	0.481	0.538	0.252	0.215	0.619	0.643	0.401	0.143	0.591	0.639	0.302	0.157	0.549	0.542	0.255	0.211	0.610	0.650	0.510	0.168	0.602	0.640	0.316	0.178	0.552	0.590	0.236	0.208	0.751	0.635	0.492	0.191	0.605	0.649	0.332	0.220	0.543	0.595	0.214	0.165	0.646	0.631	0.393	0.179	0.595	0.642	0.341	0.171	0.520	0.537	0.229	0.151	0.618	0.662	0.446	0.178	0.591	0.643	0.312	0.210	0.548	0.630	0.314	0.193	0.677	0.642	0.569	0.158	0.599	0.646	0.323	0.194	0.542	0.707	0.268	0.212
38:40:02	0.623	0.721	0.611	0.134	0.656	0.727	0.350	0.137	0.591	0.756	0.230	0.214	0.669	0.655	0.349	0.133	0.618	0.665	0.299	0.139	0.483	0.541	0.286	0.216	0.619	0.643	0.384	0.145	0.590	0.639	0.302	0.159	0.554	0.544	0.266	0.212	0.609	0.649	0.482	0.172	0.601	0.643	0.316	0.180	0.561	0.597	0.243	0.201	0.746	0.639	0.517	0.194	0.604	0.649	0.331	0.222	0.545	0.597	0.214	0.164	0.650	0.634	0.477	0.181	0.593	0.646	0.340	0.172	0.524	0.540	0.228	0.151	0.618	0.662	0.448	0.179	0.590	0.643	0.315	0.210	0.545	0.635	0.300	0.195	0.684	0.645	0.532	0.158	0.599	0.646	0.324	0.194	0.548	0.714	0.266	0.214
39:00:02	0.620	0.720	0.624	0.136	0.656	0.726	0.353	0.137	0.594	0.760	0.231	0.213	0.676	0.651	0.342	0.133	0.616	0.663	0.299	0.139	0.483	0.541	0.270	0.216	0.616	0.640	0.361	0.142	0.587	0.636	0.305	0.158	0.551	0.540	0.247	0.211	0.608	0.646	0.495	0.169	0.598	0.641	0.318	0.180	0.558	0.599	0.235	0.202	0.747	0.637	0.516	0.193	0.601	0.646	0.333	0.223	0.544	0.601	0.215	0.168	0.656	0.633	0.551	0.181	0.590	0.645	0.341	0.173	0.520	0.541	0.229	0.151	0.616	0.660	0.430	0.179	0.587	0.640	0.313	0.212	0.546	0.638	0.292	0.194	0.695	0.643	0.526	0.159	0.597	0.644	0.324	0.195	0.550	0.713	0.267	0.212
39:20:02	0.619	0.720	0.627	0.136	0.656	0.725	0.354	0.137	0.599	0.762	0.228	0.213	0.687	0.651	0.331	0.133	0.615	0.662	0.303	0.139	0.483	0.541	0.288	0.216	0.616	0.638	0.372	0.142	0.586	0.635	0.304	0.158	0.557	0.541	0.252	0.213	0.607	0.645	0.540	0.168	0.596	0.643	0.317	0.180	0.565	0.601	0.236	0.203	0.754	0.639	0.506	0.194	0.599	0.644	0.333	0.222	0.545	0.602	0.215	0.168	0.663	0.637	0.532	0.182	0.589	0.645	0.342	0.174	0.524	0.541	0.230	0.151	0.615	0.659	0.421	0.180	0.586	0.638	0.314	0.214	0.550	0.639	0.292	0.195	0.707	0.647	0.548	0.159	0.596	0.643	0.324	0.196	0.554	0.716	0.266	0.213
39:40:02	0.619	0.719	0.636	0.136	0.655	0.725	0.356	0.136	0.604	0.766	0.233	0.214	0.697	0.650	0.336	0.133	0.614	0.661	0.302	0.138	0.486	0.544	0.285	0.216	0.614	0.637	0.469	0.143	0.584	0.633	0.303	0.158	0.556	0.541	0.255	0.213	0.605	0.644	0.458	0.168	0.595	0.642	0.316	0.180	0.567	0.604	0.248	0.213	0.757	0.640	0.508	0.194	0.597	0.642	0.332	0.221	0.548	0.603	0.217	0.169	0.672	0.638	0.335	0.181	0.587	0.646	0.341	0.175	0.528	0.541	0.230	0.152	0.613	0.658	0.426	0.181	0.584	0.637	0.315	0.215	0.547	0.644	0.292	0.195	0.713	0.648	0.551	0.159	0.595	0.642	0.325	0.197	0.555	0.717	0.268	0.212
40:00:02	0.618	0.719	0.620	0.135	0.655	0.723	0.356	0.137	0.608	0.766	0.232	0.215	0.702	0.649	0.401	0.134	0.613	0.660	0.302	0.138	0.490	0.551	0.252	0.216	0.613	0.635	0.430	0.142	0.583	0.632	0.303	0.158	0.560	0.544	0.276	0.211	0.604	0.642	0.473	0.169	0.593	0.643	0.316	0.180	0.570	0.602	0.247	0.216	0.760	0.644	0.500	0.194	0.595	0.641	0.331	0.221	0.548	0.606	0.217	0.171	0.679	0.640	0.382	0.181	0.585	0.646	0.342	0.175	0.526	0.541	0.230	0.151	0.612	0.658	0.428	0.181	0.583	0.635	0.315	0.216	0.552	0.640	0.309	0.196	0.716	0.651	0.520	0.160	0.595	0.641	0.326	0.198	0.554	0.721	0.270	0.213
40:20:02	0.617	0.719	0.638	0.135	0.655	0.723	0.357	0.137	0.608	0.771	0.229	0.215	0.695	0.648	0.335	0.134	0.613	0.658	0.306	0.139	0.491	0.547	0.276	0.217	0.612	0.633	0.502	0.144	0.581	0.630	0.304	0.158	0.564	0.547	0.252	0.213	0.603	0.641	0.462	0.170	0.591	0.643	0.315	0.181	0.571	0.604	0.244	0.217	0.763	0.646	0.523	0.195	0.594	0.638	0.331	0.221	0.554	0.605	0.217	0.172	0.686	0.642	0.421	0.182	0.584	0.646	0.343	0.176	0.533	0.544	0.232	0.153	0.612	0.657	0.458	0.183	0.581	0.634	0.316	0.217	0.551	0.645	0.291	0.197	0.720	0.653	0.531	0.161	0.594	0.640	0.326	0.199	0.558	0.721	0.271	0.214
40:40:02	0.616	0.720	0.621	0.135	0.654	0.722	0.357	0.137	0.613	0.773	0.234	0.215	0.701	0.648	0.409	0.135	0.612	0.657	0.303	0.138	0.493	0.546	0.260	0.217	0.611	0.632	0.401	0.144	0.580	0.629	0.304	0.158	0.565	0.548	0.239	0.212	0.601	0.639	0.510	0.171	0.590	0.644	0.316	0.181	0.571	0.609	0.238	0.206	0.764	0.647	0.529	0.195	0.592	0.636	0.331	0.221	0.554	0.607	0.218	0.172	0.689	0.642	0.508	0.182	0.582	0.647	0.343	0.177	0.534	0.545	0.231	0.153	0.610	0.656	0.468	0.183	0.580	0.632	0.316	0.218	0.551	0.648	0.308	0.198	0.724	0.652	0.475	0.162	0.593	0.639	0.327	0.200	0.562	0.726	0.263	0.214
41:00:02	0.615	0.720	0.641	0.137	0.654	0.722	0.359	0.138	0.613	0.771	0.231	0.216	0.701	0.647	0.430	0.135	0.611	0.656	0.307	0.138	0.497	0.545	0.270	0.218	0.610	0.630	0.468	0.142	0.579	0.628	0.304	0.158	0.566	0.550	0.265	0.211	0.600	0.638	0.514	0.171	0.587	0.645	0.314	0.182	0.573	0.611	0.243	0.206	0.767	0.649	0.495	0.196	0.591	0.634	0.330	0.221	0.556	0.609	0.218	0.174	0.689	0.646	0.344	0.182	0.580	0.650	0.342	0.178	0.538	0.546	0.232	0.154	0.610	0.655	0.464	0.186	0.579	0.630	0.317	0.219	0.556	0.646	0.296	0.199	0.728	0.655	0.578	0.163	0.592	0.638	0.328	0.201	0.569	0.727	0.268	0.215
41:20:02	0.614	0.720	0.621	0.137	0.653	0.721	0.360	0.138	0.615	0.769	0.229	0.216	0.695	0.646	0.410	0.135	0.610	0.654	0.308	0.139	0.497	0.547	0.256	0.218	0.609	0.629	0.473	0.143	0.578	0.626	0.304	0.159	0.569	0.554	0.246	0.213	0.598	0.637	0.478	0.171	0.585	0.646	0.315	0.182	0.576	0.610	0.246	0.207	0.768	0.651	0.503	0.196	0.589	0.632	0.331	0.222	0.557	0.609	0.218	0.175	0.686	0.645	0.356	0.182	0.579	0.647	0.343	0.179	0.539	0.546	0.231	0.154	0.608	0.654	0.447	0.187	0.577	0.629	0.317	0.220	0.555	0.651	0.292	0.198	0.722	0.658	0.555	0.164	0.591	0.637	0.328	0.201	0.572	0.729	0.265	0.213
41:40:02	0.612	0.720	0.648	0.136	0.653	0.720	0.361	0.139	0.623	0.770	0.236	0.216	0.697	0.645	0.353	0.135	0.609	0.653	0.306	0.139	0.499	0.549	0.284	0.218	0.608	0.627	0.392	0.142	0.577	0.625	0.304	0.159	0.572	0.556	0.256	0.213	0.597	0.635	0.541	0.172	0.584	0.645	0.315	0.183	0.577	0.608	0.247	0.208	0.770	0.651	0.531	0.197	0.587	0.630	0.330	0.221	0.559	0.611	0.216	0.178	0.679	0.650	0.386	0.182	0.576	0.648	0.343	0.179	0.541	0.546	0.231	0.155	0.608	0.653	0.467	0.187	0.576	0.627	0.318	0.221	0.560	0.654	0.292	0.200	0.719	0.661	0.575	0.164	0.590	0.635	0.329	0.202	0.568	0.735	0.265	0.213
42:00:02	0.611	0.720	0.623	0.135	0.652	0.720	0.361	0.139	0.623	0.773	0.233	0.216	0.706	0.644	0.433	0.135	0.607	0.652	0.307	0.139	0.499	0.548	0.248	0.218	0.606	0.626	0.405	0.143	0.576	0.624	0.305	0.159	0.570	0.553	0.245	0.212	0.596	0.634	0.535	0.173	0.583	0.646	0.315	0.184	0.579	0.610	0.240	0.206	0.771	0.658	0.528	0.198	0.586	0.629	0.331	0.223	0.561	0.613	0.217	0.178	0.683	0.652	0.550	0.184	0.575	0.648	0.342	0.180	0.540	0.547	0.231	0.155	0.607	0.651	0.431	0.189	0.575	0.625	0.318	0.222	0.560	0.657	0.297	0.200	0.720	0.662	0.511	0.165	0.589	0.634	0.329	0.203	0.573	0.738	0.268	0.213
42:20:02	0.610	0.721	0.624	0.135	0.652	0.719	0.362	0.141	0.628	0.769	0.236	0.217	0.706	0.643	0.451	0.135	0.606	0.651	0.311	0.139	0.502	0.553	0.279	0.218	0.606	0.625	0.393	0.143	0.575	0.622	0.306	0.160	0.572	0.556	0.233	0.212	0.595	0.633	0.481	0.174	0.581	0.649	0.316	0.185	0.580	0.613	0.239	0.208	0.773	0.664	0.530	0.199	0.584	0.627	0.332	0.224	0.563	0.617	0.220	0.181	0.701	0.660	0.289	0.184	0.574	0.650	0.344	0.181	0.543	0.547	0.231	0.156	0.606	0.650	0.435	0.189	0.574	0.624	0.319	0.224	0.559	0.662	0.301	0.201	0.723	0.666	0.512	0.166	0.588	0.632	0.329	0.204	0.568	0.740	0.271	0.214
42:40:02	0.609	0.721	0.635	0.135	0.652	0.719	0.364	0.141	0.635	0.766	0.235	0.217	0.709	0.642	0.394	0.135	0.605	0.650	0.309	0.139	0.505	0.551	0.250	0.219	0.605	0.623	0.389	0.142	0.573	0.621	0.306	0.160	0.577	0.558	0.248	0.213	0.593	0.632	0.551	0.174	0.580	0.650	0.315	0.185	0.581	0.616	0.250	0.220	0.774	0.667	0.527	0.200	0.583	0.625	0.331	0.225	0.562	0.613	0.219	0.181	0.711	0.662	0.447	0.185	0.573	0.651	0.344	0.183	0.541	0.545	0.232	0.157	0.605	0.649	0.437	0.190	0.572	0.623	0.319	0.225	0.563	0.660	0.302	0.201	0.730	0.668	0.573	0.167	0.587	0.632	0.330	0.205	0.572	0.745	0.264	0.213
43:00:02	0.608	0.721	0.629	0.136	0.652	0.719	0.365	0.142	0.638	0.759	0.238	0.218	0.715	0.641	0.445	0.136	0.604	0.649	0.309	0.139	0.504	0.553	0.243	0.219	0.604	0.623	0.431	0.146	0.572	0.620	0.305	0.160	0.576	0.558	0.277	0.213	0.593	0.631	0.462	0.173	0.578	0.651	0.317	0.185	0.580	0.619	0.250	0.221	0.774	0.670	0.536	0.200	0.581	0.623	0.331	0.224	0.564	0.615	0.220	0.180	0.718	0.663	0.416	0.184	0.571	0.652	0.344	0.183	0.544	0.545	0.234	0.158	0.604	0.648	0.432	0.191	0.572	0.622	0.320	0.226	0.565	0.663	0.317	0.202	0.741	0.670	0.573	0.167	0.586	0.630	0.331	0.206	0.574	0.748	0.269	0.213
43:20:02	0.607	0.722	0.634	0.136	0.653	0.718	0.366	0.142	0.645	0.751	0.236	0.218	0.722	0.641	0.451	0.136	0.603	0.648	0.313	0.139	0.507	0.555	0.258	0.219	0.604	0.621	0.385	0.144	0.571	0.618	0.306	0.160	0.577	0.562	0.274	0.214	0.592	0.630	0.544	0.173	0.578	0.651	0.315	0.186	0.581	0.614	0.247	0.210	0.774	0.676	0.511	0.200	0.580	0.622	0.330	0.223	0.564	0.618	0.218	0.181	0.722	0.672	0.546	0.184	0.569	0.656	0.344	0.184	0.544	0.545	0.234	0.159	0.603	0.647	0.437	0.192	0.571	0.620	0.320	0.227	0.567	0.669	0.309	0.203	0.753	0.677	0.579	0.168	0.585	0.629	0.332	0.208	0.580	0.750	0.266	0.214
43:40:02	0.606	0.722	0.635	0.137	0.652	0.718	0.366	0.142	0.646	0.745	0.230	0.219	0.721	0.639	0.502	0.136	0.603	0.646	0.313	0.139	0.509	0.555	0.262	0.220	0.603	0.620	0.452	0.147	0.569	0.617	0.305	0.159	0.580	0.558	0.242	0.215	0.590	0.629	0.490	0.173	0.576	0.653	0.314	0.185	0.585	0.624	0.252	0.210	0.774	0.687	0.509	0.200	0.578	0.619	0.329	0.223	0.565	0.625	0.219	0.181	0.723	0.675	0.491	0.185	0.568	0.657	0.344	0.185	0.546	0.545	0.233	0.160	0.602	0.646	0.478	0.193	0.569	0.618	0.320	0.228	0.568	0.663	0.293	0.203	0.762	0.683	0.599	0.169	0.583	0.627	0.332	0.209	0.584	0.754	0.266	0.214
44:00:02	0.605	0.723	0.624	0.137	0.651	0.718	0.366	0.142	0.649	0.737	0.237	0.219	0.727	0.638	0.420	0.135	0.602	0.645	0.311	0.138	0.513	0.548	0.252	0.220	0.601	0.618	0.429	0.145	0.568	0.616	0.305	0.160	0.578	0.549	0.295	0.214	0.589	0.627	0.486	0.172	0.575	0.654	0.314	0.185	0.585	0.620	0.251	0.209	0.772	0.674	0.520	0.201	0.577	0.617	0.328	0.222	0.565	0.619	0.219	0.182	0.725	0.679	0.393	0.184	0.567	0.664	0.344	0.186	0.547	0.540	0.233	0.161	0.601	0.645	0.435	0.194	0.568	0.617	0.321	0.229	0.570	0.674	0.290	0.204	0.768	0.683	0.595	0.169	0.583	0.626	0.334	0.209	0.581	0.761	0.273	0.213
44:20:02	0.603	0.723	0.630	0.137	0.651	0.717	0.367	0.142	0.652	0.729	0.232	0.220	0.732	0.636	0.584	0.136	0.600	0.644	0.312	0.138	0.512	0.543	0.284	0.220	0.600	0.617	0.548	0.145	0.567	0.614	0.306	0.159	0.583	0.554	0.265	0.215	0.588	0.626	0.490	0.174	0.572	0.660	0.314	0.187	0.584	0.624	0.251	0.212	0.771	0.670	0.513	0.208	0.576	0.615	0.328	0.223	0.568	0.619	0.221	0.181	0.726	0.674	0.386	0.186	0.565	0.664	0.343	0.186	0.547	0.543	0.235	0.162	0.599	0.644	0.477	0.195	0.567	0.615	0.321	0.230	0.572	0.675	0.293	0.204	0.774	0.694	0.553	0.170	0.581	0.624	0.333	0.210	0.587	0.763	0.269	0.214
44:40:02	0.603	0.723	0.663	0.138	0.651	0.716	0.367	0.143	0.658	0.722	0.238	0.220	0.737	0.636	0.437	0.137	0.600	0.642	0.314	0.137	0.516	0.546	0.289	0.220	0.599	0.615	0.434	0.145	0.566	0.613	0.306	0.160	0.582	0.555	0.261	0.215	0.586	0.625	0.486	0.175	0.571	0.665	0.313	0.188	0.584	0.622	0.247	0.215	0.768	0.667	0.545	0.208	0.574	0.614	0.327	0.223	0.567	0.625	0.220	0.182	0.730	0.668	0.440	0.185	0.563	0.674	0.344	0.187	0.545	0.541	0.233	0.163	0.599	0.643	0.469	0.196	0.566	0.614	0.322	0.232	0.575	0.677	0.301	0.204	0.779	0.684	0.604	0.170	0.580	0.623	0.335	0.211	0.585	0.767	0.269	0.214
45:00:02	0.602	0.724	0.632	0.139	0.650	0.715	0.369	0.144	0.663	0.715	0.235	0.220	0.737	0.635	0.405	0.136	0.599	0.641	0.315	0.141	0.518	0.545	0.259	0.221	0.597	0.614	0.519	0.147	0.565	0.611	0.306	0.160	0.585	0.557	0.263	0.215	0.585	0.624	0.528	0.174	0.569	0.669	0.313	0.188	0.585	0.627	0.244	0.213	0.763	0.670	0.538	0.207	0.573	0.612	0.327	0.224	0.563	0.625	0.220	0.183	0.730	0.667	0.387	0.187	0.562	0.678	0.344	0.188	0.548	0.542	0.234	0.166	0.598	0.642	0.442	0.197	0.564	0.612	0.322	0.233	0.577	0.683	0.294	0.205	0.782	0.674	0.500	0.172	0.579	0.622	0.336	0.212	0.591	0.770	0.267	0.215
45:20:02	0.600	0.724	0.653	0.140	0.651	0.715	0.370	0.145	0.665	0.710	0.241	0.220	0.739	0.634	0.409	0.137	0.598	0.639	0.315	0.143	0.519	0.544	0.277	0.222	0.596	0.612	0.496	0.146	0.564	0.610	0.307	0.160	0.584	0.549	0.265	0.214	0.584	0.622	0.534	0.176	0.568	0.673	0.314	0.189	0.589	0.628	0.255	0.211	0.755	0.665	0.517	0.209	0.571	0.610	0.328	0.225	0.564	0.627	0.222	0.187	0.732	0.672	0.369	0.187	0.561	0.670	0.344	0.189	0.551	0.545	0.236	0.168	0.597	0.641	0.457	0.198	0.563	0.611	0.323	0.234	0.575	0.679	0.318	0.205	0.785	0.670	0.597	0.174	0.577	0.620	0.335	0.212	0.596	0.773	0.275	0.214
45:40:02	0.600	0.724	0.663	0.142	0.650	0.714	0.370	0.147	0.673	0.706	0.233	0.220	0.741	0.632	0.419	0.137	0.596	0.638	0.313	0.140	0.524	0.545	0.244	0.221	0.595	0.611	0.542	0.144	0.563	0.609	0.308	0.161	0.589	0.550	0.267	0.214	0.583	0.620	0.563	0.177	0.567	0.683	0.314	0.190	0.594	0.623	0.255	0.219	0.744	0.666	0.534	0.211	0.570	0.608	0.330	0.227	0.569	0.629	0.221	0.185	0.733	0.666	0.556	0.190	0.559	0.665	0.346	0.191	0.554	0.545	0.235	0.169	0.595	0.640	0.437	0.199	0.562	0.609	0.323	0.235	0.577	0.684	0.291	0.206	0.788	0.671	0.545	0.175	0.576	0.619	0.337	0.213	0.593	0.775	0.271	0.215
46:00:02	0.598	0.724	0.656	0.144	0.650	0.713	0.371	0.149	0.678	0.705	0.237	0.220	0.741	0.631	0.415	0.137	0.595	0.637	0.314	0.142	0.525	0.542	0.264	0.221	0.594	0.609	0.513	0.147	0.562	0.607	0.308	0.161	0.588	0.548	0.269	0.214	0.581	0.619	0.523	0.186	0.565	0.683	0.316	0.191	0.594	0.630	0.245	0.213	0.727	0.666	0.532	0.213	0.568	0.606	0.330	0.228	0.571	0.631	0.221	0.187	0.733	0.665	0.579	0.189	0.558	0.660	0.346	0.192	0.546	0.543	0.234	0.170	0.594	0.639	0.439	0.200	0.561	0.607	0.324	0.236	0.579	0.682	0.308	0.206	0.790	0.674	0.522	0.178	0.575	0.617	0.336	0.215	0.594	0.778	0.273	0.215
46:20:03	0.597	0.724	0.669	0.146	0.650	0.713	0.373	0.151	0.681	0.702	0.231	0.220	0.742	0.630	0.489	0.138	0.594	0.636	0.316	0.142	0.528	0.544	0.289	0.222	0.593	0.608	0.547	0.147	0.561	0.606	0.310	0.162	0.587	0.550	0.252	0.214	0.579	0.618	0.529	0.191	0.564	0.678	0.317	0.192	0.592	0.630	0.243	0.218	0.709	0.668	0.547	0.214	0.567	0.605	0.331	0.230	0.571	0.632	0.221	0.186	0.733	0.668	0.384	0.190	0.557	0.661	0.347	0.193	0.557	0.542	0.235	0.172	0.593	0.638	0.487	0.201	0.560	0.606	0.325	0.237	0.581	0.688	0.316	0.207	0.793	0.672	0.504	0.177	0.574	0.616	0.337	0.216	0.593	0.783	0.272	0.215
46:40:03	0.597	0.724	0.642	0.147	0.650	0.712	0.374	0.153	0.686	0.699	0.235	0.220	0.741	0.630	0.477	0.139	0.593	0.635	0.316	0.144	0.529	0.545	0.280	0.222	0.592	0.607	0.556	0.148	0.560	0.605	0.310	0.162	0.588	0.552	0.275	0.216	0.578	0.616	0.480	0.188	0.563	0.671	0.317	0.194	0.593	0.634	0.245	0.223	0.694	0.670	0.515	0.213	0.566	0.603	0.332	0.231	0.574	0.633	0.223	0.187	0.732	0.673	0.393	0.191	0.555	0.662	0.347	0.194	0.557	0.542	0.234	0.172	0.592	0.637	0.455	0.200	0.559	0.605	0.325	0.238	0.583	0.689	0.308	0.207	0.795	0.673	0.578	0.178	0.573	0.615	0.338	0.217	0.593	0.785	0.274	0.215
47:00:03	0.596	0.724	0.653	0.149	0.650	0.712	0.372	0.155	0.691	0.692	0.237	0.221	0.741	0.628	0.347	0.138	0.592	0.633	0.317	0.144	0.531	0.545	0.238	0.222	0.591	0.605	0.417	0.148	0.559	0.603	0.311	0.163	0.592	0.552	0.256	0.216	0.576	0.615	0.480	0.190	0.562	0.671	0.318	0.195	0.597	0.633	0.245	0.217	0.689	0.669	0.537	0.215	0.565	0.601	0.332	0.232	0.576	0.634	0.222	0.187	0.731	0.671	0.527	0.192	0.553	0.663	0.348	0.195	0.559	0.542	0.235	0.174	0.591	0.636	0.488	0.202	0.558	0.603	0.326	0.239	0.586	0.690	0.312	0.207	0.797	0.677	0.546	0.179	0.572	0.613	0.338	0.218	0.598	0.788	0.270	0.215
47:20:03	0.596	0.725	0.666	0.150	0.650	0.711	0.374	0.157	0.697	0.672	0.237	0.221	0.741	0.628	0.520	0.139	0.591	0.632	0.319	0.143	0.533	0.542	0.266	0.222	0.590	0.604	0.531	0.147	0.558	0.603	0.310	0.162	0.591	0.553	0.257	0.216	0.575	0.614	0.489	0.190	0.560	0.668	0.318	0.195	0.595	0.638	0.256	0.211	0.691	0.676	0.525	0.217	0.564	0.600	0.331	0.232	0.574	0.639	0.222	0.189	0.729	0.672	0.422	0.193	0.553	0.662	0.349	0.196	0.559	0.543	0.237	0.176	0.590	0.635	0.466	0.203	0.557	0.602	0.326	0.240	0.589	0.692	0.317	0.208	0.799	0.679	0.618	0.181	0.571	0.612	0.338	0.218	0.601	0.791	0.273	0.216
47:40:03	0.595	0.724	0.645	0.152	0.650	0.710	0.375	0.160	0.699	0.656	0.240	0.221	0.741	0.627	0.523	0.139	0.590	0.631	0.322	0.142	0.534	0.540	0.269	0.223	0.589	0.602	0.496	0.148	0.558	0.601	0.311	0.164	0.593	0.556	0.253	0.217	0.573	0.613	0.471	0.194	0.559	0.669	0.317	0.195	0.599	0.638	0.246	0.212	0.692	0.672	0.541	0.216	0.563	0.599	0.331	0.233	0.574	0.637	0.222	0.190	0.728	0.675	0.407	0.194	0.551	0.661	0.348	0.197	0.561	0.543	0.235	0.177	0.589	0.633	0.471	0.203	0.556	0.601	0.326	0.241	0.590	0.693	0.307	0.208	0.800	0.685	0.573	0.181	0.570	0.611	0.340	0.219	0.603	0.794	0.268	0.216
48:00:03	0.595	0.726	0.641	0.157	0.650	0.711	0.372	0.165	0.703	0.657	0.234	0.222	0.742	0.628	0.577	0.139	0.590	0.630	0.319	0.143	0.537	0.543	0.287	0.223	0.588	0.603	0.479	0.152	0.559	0.602	0.310	0.167	0.593	0.558	0.291	0.215	0.573	0.613	0.554	0.199	0.559	0.670	0.315	0.197	0.597	0.642	0.251	0.223	0.693	0.685	0.529	0.220	0.563	0.599	0.330	0.233	0.576	0.643	0.222	0.188	0.729	0.686	0.443	0.196	0.551	0.659	0.347	0.198	0.564	0.544	0.234	0.179	0.589	0.633	0.480	0.206	0.556	0.601	0.329	0.241	0.589	0.700	0.297	0.209	0.801	0.693	0.570	0.183	0.569	0.611	0.339	0.219	0.608	0.797	0.278	0.216

