Field Group

Plate Comment:	
Procedure Summary
  Plate Type:              Corning 96 well for LogPhase600
  Plate Number:            3
  Discontinuous Kinetics:  Runtime 02:00:00 (D:HH:MM), Interval 00:20:00 (HH:MM:SS), 145 Reads (max)
  Read:                    600 nm
  Incubator:               On
    Temperature setpoint:  30 °C
    Temperature gradient:  Off
  Shaking:                 On
     Shaking frequency:    600 RPMs		
			
			

600

Time	A1	A2	A3	A4	A5	A6	A7	A8	A9	A10	A11	A12	B1	B2	B3	B4	B5	B6	B7	B8	B9	B10	B11	B12	C1	C2	C3	C4	C5	C6	C7	C8	C9	C10	C11	C12	D1	D2	D3	D4	D5	D6	D7	D8	D9	D10	D11	D12	E1	E2	E3	E4	E5	E6	E7	E8	E9	E10	E11	E12	F1	F2	F3	F4	F5	F6	F7	F8	F9	F10	F11	F12	G1	G2	G3	G4	G5	G6	G7	G8	G9	G10	G11	G12	H1	H2	H3	H4	H5	H6	H7	H8	H9	H10	H11	H12
0:00:00	0.132	0.141	0.132	0.134	0.132	0.131	0.132	0.133	0.133	0.133	0.139	0.134	0.132	0.133	0.132	0.134	0.132	0.132	0.129	0.130	0.132	0.135	0.136	0.133	0.131	0.133	0.133	0.135	0.133	0.131	0.133	0.131	0.134	0.132	0.136	0.133	0.133	0.135	0.132	0.135	0.133	0.130	0.134	0.131	0.134	0.132	0.136	0.135	0.138	0.132	0.134	0.134	0.136	0.131	0.131	0.134	0.132	0.135	0.141	0.139	0.133	0.136	0.133	0.134	0.135	0.137	0.132	0.136	0.135	0.134	0.136	0.138	0.136	0.133	0.136	0.134	0.139	0.134	0.139	0.135	0.140	0.140	0.136	0.133	0.133	0.135	0.136	0.135	0.139	0.136	0.137	0.137	0.138	0.144	0.138	0.136
0:20:00	0.131	0.141	0.132	0.135	0.132	0.131	0.132	0.133	0.133	0.134	0.140	0.134	0.132	0.133	0.132	0.134	0.131	0.132	0.129	0.130	0.131	0.136	0.136	0.133	0.131	0.132	0.133	0.135	0.133	0.131	0.133	0.131	0.134	0.132	0.136	0.133	0.133	0.135	0.133	0.136	0.133	0.130	0.134	0.131	0.133	0.132	0.136	0.135	0.138	0.132	0.134	0.134	0.136	0.131	0.131	0.134	0.132	0.135	0.141	0.139	0.133	0.136	0.133	0.135	0.137	0.135	0.132	0.136	0.136	0.134	0.135	0.139	0.135	0.133	0.136	0.134	0.140	0.134	0.139	0.135	0.140	0.140	0.139	0.134	0.133	0.135	0.136	0.136	0.138	0.135	0.138	0.135	0.137	0.144	0.138	0.136
0:40:00	0.131	0.140	0.132	0.135	0.132	0.131	0.132	0.133	0.133	0.133	0.141	0.134	0.132	0.133	0.132	0.135	0.131	0.132	0.129	0.130	0.131	0.135	0.136	0.133	0.131	0.132	0.133	0.135	0.133	0.131	0.132	0.131	0.135	0.132	0.137	0.133	0.133	0.135	0.133	0.136	0.133	0.130	0.133	0.131	0.134	0.132	0.136	0.135	0.138	0.132	0.134	0.134	0.136	0.131	0.131	0.134	0.132	0.134	0.141	0.139	0.133	0.137	0.133	0.135	0.137	0.134	0.131	0.136	0.137	0.135	0.136	0.139	0.135	0.133	0.136	0.135	0.140	0.133	0.139	0.134	0.140	0.140	0.141	0.134	0.133	0.134	0.136	0.136	0.138	0.135	0.138	0.135	0.137	0.145	0.138	0.136
1:00:00	0.131	0.141	0.133	0.136	0.132	0.131	0.131	0.133	0.133	0.133	0.141	0.135	0.132	0.133	0.133	0.135	0.131	0.131	0.129	0.130	0.131	0.135	0.137	0.133	0.132	0.132	0.134	0.136	0.133	0.131	0.132	0.131	0.134	0.132	0.137	0.134	0.133	0.135	0.133	0.136	0.133	0.130	0.133	0.131	0.133	0.132	0.137	0.135	0.138	0.132	0.135	0.135	0.135	0.131	0.131	0.134	0.133	0.136	0.141	0.140	0.133	0.137	0.133	0.136	0.137	0.134	0.132	0.136	0.137	0.134	0.136	0.140	0.136	0.133	0.137	0.135	0.140	0.133	0.140	0.134	0.140	0.140	0.142	0.135	0.133	0.134	0.137	0.137	0.137	0.134	0.138	0.134	0.137	0.145	0.139	0.136
1:20:00	0.132	0.141	0.134	0.137	0.132	0.131	0.132	0.133	0.134	0.133	0.143	0.136	0.132	0.133	0.134	0.136	0.132	0.132	0.129	0.130	0.131	0.135	0.137	0.134	0.132	0.133	0.135	0.137	0.135	0.131	0.133	0.132	0.135	0.132	0.139	0.135	0.133	0.135	0.134	0.137	0.133	0.131	0.133	0.131	0.134	0.132	0.137	0.135	0.138	0.132	0.136	0.136	0.137	0.133	0.132	0.135	0.133	0.136	0.142	0.141	0.133	0.138	0.134	0.137	0.136	0.134	0.132	0.136	0.137	0.135	0.137	0.141	0.136	0.133	0.138	0.136	0.140	0.133	0.140	0.134	0.140	0.140	0.143	0.136	0.133	0.134	0.138	0.138	0.137	0.134	0.138	0.134	0.138	0.145	0.140	0.136
1:40:00	0.132	0.142	0.135	0.138	0.134	0.133	0.132	0.134	0.134	0.133	0.144	0.136	0.133	0.134	0.137	0.140	0.137	0.138	0.132	0.134	0.133	0.135	0.139	0.134	0.134	0.136	0.140	0.142	0.142	0.137	0.134	0.138	0.138	0.133	0.140	0.135	0.135	0.136	0.136	0.138	0.136	0.139	0.134	0.131	0.138	0.134	0.138	0.136	0.139	0.135	0.140	0.140	0.144	0.140	0.139	0.141	0.135	0.137	0.145	0.141	0.134	0.139	0.137	0.139	0.141	0.136	0.132	0.136	0.137	0.135	0.138	0.141	0.136	0.133	0.139	0.137	0.142	0.136	0.141	0.134	0.141	0.140	0.145	0.137	0.133	0.135	0.139	0.139	0.137	0.135	0.139	0.133	0.138	0.145	0.141	0.137
2:00:00	0.133	0.144	0.137	0.141	0.139	0.137	0.135	0.137	0.134	0.135	0.145	0.137	0.136	0.137	0.142	0.146	0.144	0.145	0.139	0.141	0.138	0.136	0.140	0.135	0.139	0.140	0.145	0.147	0.148	0.144	0.139	0.145	0.144	0.136	0.141	0.137	0.140	0.140	0.140	0.142	0.142	0.145	0.140	0.135	0.143	0.140	0.141	0.137	0.144	0.140	0.145	0.145	0.150	0.147	0.145	0.148	0.141	0.143	0.148	0.142	0.135	0.142	0.142	0.145	0.147	0.143	0.134	0.138	0.140	0.137	0.139	0.142	0.136	0.137	0.144	0.142	0.149	0.144	0.149	0.136	0.141	0.141	0.146	0.137	0.133	0.135	0.141	0.141	0.138	0.136	0.140	0.134	0.139	0.145	0.142	0.138
2:20:00	0.134	0.148	0.140	0.146	0.144	0.141	0.139	0.140	0.135	0.136	0.147	0.138	0.140	0.141	0.146	0.151	0.149	0.150	0.144	0.146	0.143	0.136	0.143	0.137	0.144	0.144	0.149	0.152	0.152	0.148	0.144	0.149	0.148	0.141	0.144	0.138	0.144	0.144	0.144	0.147	0.147	0.149	0.145	0.140	0.148	0.145	0.147	0.139	0.149	0.144	0.149	0.149	0.154	0.151	0.149	0.152	0.147	0.149	0.153	0.143	0.139	0.147	0.146	0.150	0.151	0.147	0.136	0.140	0.145	0.143	0.141	0.143	0.138	0.141	0.148	0.147	0.154	0.149	0.154	0.140	0.143	0.142	0.147	0.139	0.134	0.136	0.144	0.144	0.141	0.141	0.143	0.134	0.139	0.145	0.144	0.139
2:40:00	0.135	0.152	0.143	0.151	0.148	0.145	0.142	0.144	0.136	0.138	0.148	0.140	0.143	0.145	0.150	0.155	0.152	0.153	0.148	0.150	0.146	0.137	0.147	0.138	0.147	0.148	0.153	0.157	0.156	0.151	0.148	0.153	0.151	0.145	0.150	0.140	0.147	0.147	0.148	0.152	0.150	0.152	0.149	0.144	0.151	0.148	0.153	0.141	0.152	0.147	0.152	0.154	0.157	0.154	0.152	0.155	0.150	0.152	0.161	0.144	0.143	0.150	0.149	0.154	0.154	0.150	0.140	0.144	0.150	0.147	0.142	0.144	0.141	0.146	0.151	0.152	0.158	0.152	0.158	0.144	0.145	0.144	0.149	0.140	0.134	0.138	0.149	0.148	0.145	0.145	0.148	0.136	0.139	0.145	0.145	0.140
3:00:00	0.138	0.156	0.147	0.156	0.153	0.150	0.147	0.148	0.137	0.141	0.151	0.141	0.146	0.148	0.153	0.160	0.155	0.156	0.152	0.153	0.150	0.140	0.153	0.140	0.150	0.152	0.156	0.162	0.158	0.154	0.151	0.155	0.154	0.149	0.156	0.143	0.150	0.151	0.152	0.157	0.153	0.155	0.153	0.148	0.153	0.151	0.158	0.144	0.155	0.150	0.155	0.158	0.160	0.157	0.155	0.158	0.154	0.156	0.166	0.145	0.147	0.154	0.152	0.159	0.157	0.153	0.144	0.149	0.154	0.151	0.145	0.145	0.145	0.150	0.154	0.156	0.161	0.155	0.161	0.148	0.150	0.148	0.151	0.141	0.136	0.142	0.154	0.153	0.149	0.150	0.153	0.138	0.140	0.146	0.147	0.141
3:20:00	0.141	0.158	0.150	0.160	0.156	0.153	0.151	0.151	0.138	0.144	0.154	0.142	0.149	0.151	0.156	0.165	0.157	0.158	0.154	0.155	0.153	0.143	0.158	0.143	0.154	0.156	0.158	0.166	0.160	0.156	0.153	0.157	0.157	0.151	0.161	0.147	0.153	0.155	0.155	0.162	0.155	0.157	0.156	0.151	0.156	0.155	0.163	0.148	0.159	0.153	0.158	0.162	0.162	0.159	0.157	0.159	0.157	0.159	0.171	0.147	0.150	0.158	0.155	0.164	0.159	0.155	0.148	0.152	0.158	0.154	0.149	0.146	0.148	0.153	0.157	0.161	0.164	0.158	0.163	0.152	0.155	0.152	0.153	0.143	0.138	0.146	0.158	0.158	0.153	0.154	0.156	0.141	0.140	0.146	0.149	0.142
3:40:00	0.142	0.160	0.152	0.164	0.158	0.155	0.152	0.153	0.139	0.145	0.157	0.144	0.151	0.153	0.158	0.169	0.159	0.160	0.156	0.157	0.155	0.144	0.162	0.145	0.156	0.158	0.161	0.170	0.162	0.157	0.155	0.159	0.160	0.154	0.166	0.149	0.155	0.160	0.158	0.167	0.157	0.159	0.159	0.154	0.158	0.158	0.167	0.150	0.161	0.156	0.160	0.167	0.163	0.160	0.158	0.161	0.160	0.162	0.174	0.148	0.153	0.161	0.158	0.168	0.161	0.157	0.151	0.155	0.162	0.157	0.152	0.147	0.150	0.156	0.159	0.165	0.166	0.160	0.166	0.155	0.158	0.154	0.155	0.145	0.139	0.149	0.162	0.162	0.155	0.157	0.159	0.142	0.141	0.147	0.150	0.143
4:00:00	0.143	0.164	0.153	0.169	0.160	0.157	0.154	0.155	0.140	0.147	0.160	0.146	0.153	0.156	0.160	0.173	0.160	0.161	0.158	0.159	0.158	0.147	0.166	0.147	0.158	0.161	0.162	0.174	0.163	0.159	0.156	0.160	0.162	0.155	0.170	0.151	0.156	0.163	0.159	0.171	0.158	0.160	0.160	0.156	0.161	0.160	0.171	0.152	0.162	0.158	0.161	0.171	0.165	0.162	0.159	0.163	0.162	0.165	0.179	0.150	0.154	0.165	0.159	0.172	0.162	0.158	0.152	0.157	0.163	0.158	0.155	0.149	0.151	0.159	0.160	0.169	0.167	0.161	0.167	0.156	0.160	0.159	0.158	0.147	0.139	0.151	0.164	0.165	0.156	0.158	0.161	0.143	0.142	0.149	0.153	0.145
4:20:00	0.145	0.167	0.154	0.173	0.161	0.158	0.156	0.156	0.141	0.149	0.165	0.147	0.155	0.158	0.161	0.178	0.161	0.162	0.159	0.159	0.160	0.149	0.170	0.149	0.159	0.164	0.163	0.179	0.164	0.160	0.157	0.161	0.165	0.157	0.175	0.154	0.158	0.166	0.161	0.175	0.159	0.161	0.161	0.157	0.163	0.163	0.176	0.155	0.164	0.160	0.163	0.175	0.166	0.163	0.161	0.163	0.166	0.167	0.184	0.151	0.155	0.168	0.161	0.177	0.163	0.160	0.155	0.158	0.166	0.161	0.159	0.151	0.154	0.161	0.162	0.173	0.168	0.163	0.168	0.158	0.164	0.162	0.160	0.149	0.141	0.154	0.166	0.169	0.158	0.160	0.162	0.144	0.143	0.148	0.155	0.146
4:40:00	0.147	0.166	0.156	0.178	0.162	0.160	0.158	0.158	0.143	0.152	0.170	0.148	0.157	0.163	0.163	0.183	0.163	0.164	0.161	0.161	0.162	0.153	0.176	0.152	0.160	0.166	0.165	0.184	0.165	0.161	0.158	0.162	0.166	0.160	0.181	0.157	0.159	0.168	0.164	0.181	0.160	0.163	0.164	0.160	0.166	0.166	0.182	0.159	0.165	0.162	0.164	0.179	0.167	0.164	0.162	0.164	0.168	0.169	0.189	0.154	0.157	0.170	0.163	0.182	0.166	0.161	0.158	0.162	0.170	0.164	0.164	0.153	0.155	0.164	0.162	0.177	0.170	0.164	0.169	0.160	0.165	0.163	0.162	0.151	0.143	0.158	0.170	0.173	0.160	0.162	0.165	0.146	0.144	0.150	0.158	0.148
5:00:00	0.149	0.169	0.157	0.183	0.163	0.161	0.159	0.160	0.145	0.154	0.176	0.150	0.158	0.166	0.164	0.189	0.163	0.165	0.162	0.162	0.164	0.155	0.181	0.154	0.161	0.170	0.166	0.189	0.166	0.161	0.159	0.163	0.169	0.162	0.187	0.160	0.161	0.173	0.165	0.186	0.161	0.163	0.165	0.161	0.168	0.168	0.188	0.161	0.167	0.165	0.165	0.184	0.168	0.165	0.162	0.165	0.169	0.169	0.193	0.155	0.158	0.173	0.164	0.188	0.166	0.162	0.160	0.164	0.174	0.167	0.169	0.155	0.157	0.167	0.164	0.182	0.171	0.165	0.170	0.162	0.169	0.168	0.166	0.153	0.145	0.161	0.173	0.177	0.162	0.164	0.167	0.148	0.145	0.149	0.162	0.149
5:20:00	0.149	0.175	0.158	0.190	0.164	0.162	0.160	0.161	0.148	0.161	0.182	0.151	0.159	0.170	0.165	0.195	0.164	0.165	0.162	0.162	0.166	0.157	0.187	0.155	0.162	0.174	0.168	0.194	0.166	0.162	0.160	0.164	0.173	0.164	0.194	0.161	0.161	0.176	0.165	0.192	0.162	0.164	0.166	0.163	0.173	0.172	0.195	0.163	0.167	0.168	0.166	0.189	0.168	0.166	0.163	0.166	0.174	0.173	0.199	0.157	0.159	0.177	0.165	0.193	0.167	0.163	0.162	0.165	0.179	0.169	0.175	0.156	0.157	0.169	0.165	0.188	0.172	0.165	0.171	0.163	0.173	0.171	0.169	0.154	0.145	0.164	0.174	0.182	0.162	0.165	0.168	0.148	0.147	0.151	0.166	0.150
5:40:00	0.150	0.178	0.159	0.196	0.165	0.163	0.161	0.162	0.152	0.163	0.187	0.152	0.160	0.172	0.166	0.202	0.165	0.166	0.163	0.163	0.168	0.158	0.191	0.157	0.162	0.171	0.169	0.200	0.167	0.163	0.160	0.165	0.177	0.168	0.200	0.163	0.162	0.178	0.167	0.197	0.162	0.165	0.166	0.164	0.177	0.174	0.202	0.163	0.168	0.172	0.168	0.195	0.169	0.166	0.164	0.167	0.179	0.176	0.205	0.158	0.160	0.177	0.166	0.199	0.168	0.163	0.162	0.166	0.180	0.173	0.180	0.157	0.158	0.172	0.166	0.194	0.172	0.166	0.172	0.165	0.176	0.169	0.174	0.156	0.145	0.165	0.178	0.187	0.163	0.165	0.169	0.148	0.151	0.152	0.170	0.151
6:00:00	0.150	0.184	0.159	0.202	0.165	0.163	0.161	0.162	0.154	0.164	0.193	0.154	0.160	0.172	0.166	0.209	0.165	0.166	0.163	0.163	0.169	0.162	0.198	0.158	0.163	0.176	0.169	0.206	0.167	0.163	0.161	0.165	0.176	0.171	0.206	0.165	0.162	0.177	0.167	0.203	0.163	0.165	0.167	0.164	0.177	0.178	0.208	0.165	0.169	0.174	0.168	0.201	0.169	0.167	0.164	0.167	0.180	0.181	0.211	0.159	0.160	0.181	0.167	0.205	0.168	0.164	0.162	0.166	0.183	0.178	0.187	0.158	0.157	0.170	0.166	0.200	0.172	0.167	0.172	0.165	0.179	0.172	0.177	0.157	0.145	0.166	0.180	0.192	0.163	0.166	0.169	0.149	0.154	0.155	0.175	0.153
6:20:00	0.152	0.187	0.160	0.209	0.166	0.164	0.162	0.163	0.157	0.167	0.201	0.156	0.161	0.174	0.167	0.216	0.165	0.167	0.164	0.164	0.173	0.168	0.205	0.160	0.163	0.179	0.170	0.213	0.168	0.164	0.161	0.166	0.179	0.176	0.214	0.167	0.162	0.181	0.167	0.210	0.163	0.166	0.168	0.165	0.180	0.184	0.215	0.167	0.169	0.176	0.169	0.208	0.170	0.168	0.165	0.168	0.184	0.182	0.218	0.161	0.160	0.185	0.167	0.212	0.169	0.164	0.164	0.167	0.184	0.181	0.194	0.159	0.158	0.174	0.167	0.207	0.173	0.167	0.173	0.166	0.181	0.180	0.183	0.159	0.147	0.173	0.179	0.198	0.164	0.166	0.170	0.149	0.156	0.159	0.180	0.153
6:40:00	0.152	0.187	0.161	0.216	0.167	0.164	0.163	0.164	0.160	0.168	0.205	0.157	0.161	0.176	0.167	0.222	0.166	0.167	0.164	0.164	0.178	0.168	0.210	0.161	0.164	0.182	0.170	0.220	0.168	0.164	0.162	0.166	0.183	0.175	0.219	0.168	0.163	0.186	0.168	0.217	0.163	0.166	0.169	0.166	0.182	0.179	0.221	0.169	0.170	0.180	0.169	0.215	0.170	0.168	0.165	0.168	0.187	0.184	0.223	0.161	0.162	0.192	0.168	0.219	0.169	0.164	0.166	0.168	0.187	0.180	0.202	0.161	0.159	0.179	0.167	0.214	0.174	0.168	0.173	0.167	0.185	0.182	0.189	0.160	0.147	0.176	0.181	0.204	0.165	0.167	0.171	0.151	0.158	0.163	0.184	0.154
7:00:00	0.152	0.188	0.161	0.223	0.167	0.164	0.163	0.164	0.164	0.171	0.206	0.157	0.161	0.180	0.168	0.229	0.166	0.168	0.165	0.165	0.178	0.169	0.213	0.161	0.164	0.184	0.171	0.226	0.169	0.164	0.162	0.167	0.186	0.177	0.223	0.168	0.163	0.188	0.168	0.224	0.163	0.166	0.169	0.166	0.186	0.179	0.225	0.169	0.171	0.182	0.170	0.221	0.171	0.169	0.166	0.168	0.192	0.180	0.229	0.161	0.162	0.192	0.168	0.225	0.169	0.165	0.166	0.169	0.190	0.182	0.206	0.161	0.159	0.180	0.168	0.221	0.174	0.168	0.173	0.168	0.189	0.182	0.192	0.161	0.147	0.179	0.182	0.210	0.165	0.167	0.171	0.150	0.161	0.161	0.188	0.155
7:20:00	0.152	0.192	0.161	0.228	0.167	0.164	0.163	0.163	0.169	0.179	0.207	0.157	0.161	0.182	0.168	0.235	0.167	0.168	0.165	0.165	0.180	0.172	0.214	0.161	0.164	0.185	0.171	0.233	0.169	0.165	0.162	0.167	0.189	0.181	0.224	0.167	0.163	0.188	0.168	0.230	0.163	0.167	0.169	0.166	0.190	0.181	0.228	0.170	0.170	0.184	0.170	0.228	0.171	0.169	0.166	0.168	0.196	0.185	0.230	0.163	0.161	0.193	0.168	0.232	0.169	0.165	0.166	0.169	0.195	0.183	0.210	0.162	0.159	0.182	0.168	0.229	0.174	0.168	0.173	0.168	0.192	0.183	0.196	0.161	0.147	0.179	0.185	0.218	0.165	0.167	0.171	0.150	0.164	0.164	0.190	0.156
7:40:00	0.153	0.223	0.161	0.232	0.167	0.164	0.163	0.164	0.169	0.178	0.210	0.158	0.162	0.196	0.168	0.240	0.167	0.168	0.165	0.166	0.182	0.180	0.216	0.162	0.165	0.202	0.172	0.237	0.169	0.165	0.162	0.167	0.193	0.183	0.225	0.169	0.164	0.195	0.168	0.235	0.163	0.167	0.169	0.166	0.193	0.184	0.228	0.170	0.170	0.191	0.171	0.233	0.172	0.169	0.166	0.169	0.199	0.187	0.231	0.162	0.162	0.208	0.169	0.239	0.169	0.165	0.166	0.169	0.201	0.186	0.212	0.163	0.159	0.191	0.168	0.234	0.174	0.168	0.173	0.168	0.192	0.192	0.198	0.162	0.148	0.195	0.185	0.226	0.165	0.167	0.171	0.150	0.164	0.168	0.191	0.156
8:00:00	0.153	0.239	0.161	0.236	0.167	0.164	0.163	0.164	0.171	0.176	0.212	0.158	0.162	0.214	0.168	0.244	0.167	0.169	0.165	0.166	0.185	0.181	0.218	0.161	0.165	0.223	0.172	0.241	0.169	0.165	0.162	0.167	0.200	0.187	0.227	0.169	0.164	0.221	0.169	0.239	0.163	0.168	0.170	0.166	0.199	0.186	0.231	0.170	0.171	0.214	0.171	0.237	0.172	0.170	0.167	0.169	0.205	0.190	0.233	0.162	0.162	0.233	0.169	0.242	0.169	0.165	0.166	0.169	0.210	0.187	0.214	0.164	0.160	0.215	0.168	0.239	0.174	0.168	0.173	0.168	0.194	0.196	0.199	0.162	0.148	0.207	0.187	0.230	0.165	0.167	0.171	0.150	0.164	0.168	0.192	0.157
8:20:00	0.154	0.249	0.162	0.240	0.167	0.165	0.163	0.164	0.185	0.179	0.213	0.160	0.162	0.227	0.169	0.248	0.167	0.169	0.165	0.166	0.188	0.184	0.220	0.162	0.165	0.233	0.172	0.245	0.169	0.165	0.162	0.168	0.213	0.191	0.229	0.170	0.164	0.233	0.169	0.245	0.163	0.168	0.170	0.167	0.209	0.191	0.233	0.171	0.171	0.226	0.172	0.241	0.172	0.170	0.167	0.169	0.217	0.195	0.235	0.163	0.162	0.245	0.170	0.247	0.169	0.165	0.167	0.171	0.224	0.191	0.217	0.164	0.160	0.224	0.169	0.244	0.174	0.169	0.174	0.169	0.201	0.196	0.201	0.163	0.148	0.217	0.188	0.235	0.165	0.167	0.171	0.151	0.172	0.169	0.192	0.158
8:40:00	0.154	0.259	0.162	0.244	0.167	0.165	0.163	0.164	0.217	0.205	0.216	0.160	0.161	0.242	0.169	0.253	0.168	0.169	0.165	0.166	0.193	0.195	0.221	0.164	0.165	0.243	0.172	0.250	0.169	0.165	0.162	0.168	0.232	0.199	0.231	0.171	0.164	0.243	0.169	0.250	0.163	0.168	0.170	0.167	0.226	0.201	0.233	0.171	0.171	0.241	0.172	0.246	0.172	0.171	0.167	0.169	0.234	0.201	0.235	0.163	0.162	0.257	0.170	0.254	0.169	0.165	0.167	0.171	0.240	0.199	0.218	0.164	0.160	0.234	0.169	0.250	0.174	0.168	0.174	0.169	0.212	0.197	0.202	0.163	0.148	0.229	0.189	0.240	0.165	0.167	0.171	0.151	0.182	0.173	0.192	0.159
9:00:01	0.154	0.276	0.162	0.248	0.168	0.165	0.164	0.164	0.234	0.223	0.220	0.161	0.162	0.256	0.169	0.257	0.168	0.169	0.166	0.167	0.200	0.221	0.224	0.165	0.165	0.256	0.173	0.254	0.170	0.166	0.163	0.168	0.266	0.216	0.234	0.172	0.165	0.255	0.169	0.255	0.163	0.168	0.171	0.168	0.249	0.214	0.236	0.173	0.171	0.257	0.172	0.250	0.173	0.171	0.168	0.169	0.266	0.210	0.235	0.164	0.162	0.270	0.169	0.261	0.169	0.165	0.168	0.171	0.260	0.210	0.219	0.165	0.160	0.247	0.169	0.254	0.174	0.168	0.174	0.170	0.236	0.203	0.202	0.164	0.150	0.242	0.187	0.246	0.166	0.167	0.172	0.151	0.195	0.180	0.193	0.159
9:20:01	0.155	0.290	0.162	0.252	0.168	0.165	0.164	0.165	0.243	0.241	0.220	0.162	0.162	0.271	0.169	0.261	0.168	0.170	0.166	0.167	0.211	0.237	0.226	0.165	0.166	0.267	0.173	0.258	0.170	0.166	0.163	0.168	0.278	0.242	0.231	0.172	0.164	0.269	0.170	0.262	0.163	0.169	0.171	0.168	0.287	0.234	0.234	0.173	0.172	0.271	0.172	0.255	0.173	0.171	0.168	0.168	0.284	0.226	0.234	0.164	0.162	0.283	0.170	0.268	0.169	0.165	0.169	0.172	0.290	0.233	0.219	0.166	0.161	0.260	0.169	0.260	0.174	0.169	0.173	0.170	0.254	0.218	0.202	0.165	0.150	0.259	0.190	0.252	0.166	0.168	0.172	0.152	0.207	0.202	0.192	0.160
9:40:01	0.156	0.297	0.163	0.255	0.168	0.166	0.165	0.165	0.258	0.252	0.223	0.163	0.163	0.279	0.170	0.264	0.168	0.170	0.166	0.167	0.234	0.253	0.230	0.167	0.166	0.279	0.173	0.261	0.170	0.166	0.163	0.168	0.284	0.266	0.238	0.174	0.165	0.281	0.170	0.267	0.163	0.169	0.172	0.169	0.293	0.252	0.237	0.175	0.172	0.280	0.173	0.258	0.173	0.172	0.168	0.169	0.294	0.241	0.239	0.166	0.164	0.294	0.170	0.271	0.169	0.165	0.170	0.173	0.294	0.252	0.222	0.166	0.162	0.270	0.169	0.265	0.175	0.168	0.174	0.171	0.266	0.232	0.203	0.166	0.152	0.272	0.189	0.257	0.167	0.168	0.173	0.154	0.215	0.215	0.192	0.160
10:00:01	0.156	0.311	0.164	0.258	0.169	0.166	0.166	0.165	0.263	0.264	0.223	0.164	0.163	0.294	0.170	0.267	0.169	0.170	0.166	0.168	0.261	0.266	0.228	0.167	0.166	0.292	0.174	0.267	0.171	0.167	0.163	0.168	0.296	0.282	0.237	0.175	0.166	0.291	0.171	0.271	0.163	0.170	0.173	0.169	0.293	0.268	0.238	0.176	0.172	0.296	0.173	0.262	0.173	0.172	0.169	0.169	0.304	0.257	0.240	0.168	0.164	0.313	0.171	0.277	0.169	0.165	0.171	0.174	0.304	0.271	0.225	0.167	0.162	0.283	0.169	0.271	0.174	0.168	0.174	0.172	0.285	0.244	0.204	0.167	0.151	0.286	0.192	0.262	0.167	0.169	0.174	0.155	0.227	0.227	0.192	0.161
10:20:01	0.156	0.343	0.164	0.261	0.169	0.166	0.166	0.165	0.322	0.277	0.227	0.164	0.163	0.321	0.170	0.270	0.169	0.170	0.166	0.168	0.282	0.276	0.232	0.168	0.166	0.308	0.174	0.268	0.171	0.167	0.163	0.169	0.311	0.297	0.240	0.175	0.165	0.308	0.172	0.274	0.163	0.170	0.173	0.170	0.295	0.283	0.238	0.176	0.172	0.309	0.173	0.266	0.174	0.172	0.169	0.169	0.316	0.269	0.240	0.168	0.163	0.330	0.171	0.280	0.169	0.165	0.172	0.175	0.305	0.288	0.225	0.167	0.161	0.300	0.170	0.274	0.175	0.168	0.174	0.173	0.299	0.256	0.203	0.167	0.151	0.306	0.190	0.265	0.167	0.169	0.174	0.155	0.237	0.241	0.192	0.161
10:40:01	0.156	0.353	0.164	0.263	0.169	0.166	0.166	0.165	0.368	0.282	0.226	0.164	0.163	0.335	0.170	0.273	0.169	0.171	0.167	0.168	0.295	0.284	0.228	0.168	0.166	0.336	0.175	0.271	0.171	0.167	0.163	0.169	0.335	0.310	0.239	0.174	0.165	0.333	0.172	0.279	0.163	0.170	0.173	0.170	0.302	0.296	0.241	0.177	0.172	0.340	0.173	0.268	0.174	0.173	0.169	0.169	0.328	0.283	0.241	0.169	0.163	0.353	0.171	0.285	0.169	0.165	0.172	0.175	0.316	0.305	0.226	0.168	0.162	0.330	0.170	0.279	0.174	0.168	0.174	0.173	0.318	0.271	0.204	0.168	0.151	0.332	0.194	0.269	0.167	0.169	0.174	0.156	0.254	0.251	0.192	0.161
11:00:01	0.157	0.383	0.164	0.265	0.169	0.167	0.166	0.164	0.382	0.422	0.230	0.165	0.163	0.357	0.170	0.275	0.169	0.171	0.167	0.168	0.306	0.320	0.231	0.168	0.166	0.369	0.174	0.274	0.172	0.167	0.163	0.169	0.350	0.325	0.241	0.176	0.165	0.362	0.172	0.282	0.162	0.170	0.174	0.171	0.316	0.306	0.242	0.178	0.172	0.364	0.173	0.271	0.174	0.173	0.170	0.169	0.347	0.297	0.241	0.168	0.163	0.384	0.171	0.288	0.169	0.165	0.173	0.176	0.329	0.321	0.227	0.169	0.161	0.347	0.169	0.282	0.174	0.168	0.174	0.173	0.335	0.286	0.203	0.168	0.151	0.348	0.191	0.273	0.167	0.169	0.174	0.156	0.265	0.268	0.193	0.162
11:20:01	0.157	0.423	0.164	0.268	0.169	0.167	0.167	0.164	0.393	0.443	0.228	0.166	0.164	0.397	0.171	0.278	0.169	0.171	0.167	0.167	0.308	0.435	0.230	0.170	0.166	0.406	0.175	0.277	0.171	0.168	0.163	0.170	0.386	0.331	0.241	0.175	0.166	0.398	0.172	0.286	0.163	0.171	0.174	0.171	0.338	0.324	0.243	0.178	0.172	0.403	0.174	0.273	0.174	0.173	0.170	0.169	0.353	0.322	0.241	0.168	0.164	0.417	0.171	0.294	0.169	0.165	0.173	0.176	0.340	0.337	0.228	0.168	0.162	0.392	0.170	0.286	0.174	0.168	0.174	0.174	0.348	0.305	0.205	0.169	0.152	0.392	0.196	0.277	0.168	0.170	0.175	0.157	0.280	0.281	0.193	0.162
11:40:01	0.157	0.466	0.164	0.270	0.170	0.167	0.167	0.163	0.392	0.434	0.233	0.166	0.164	0.444	0.171	0.280	0.169	0.171	0.167	0.167	0.403	0.429	0.233	0.170	0.167	0.454	0.175	0.279	0.172	0.168	0.163	0.170	0.530	0.352	0.244	0.177	0.166	0.444	0.172	0.289	0.162	0.171	0.174	0.171	0.352	0.342	0.244	0.178	0.172	0.451	0.174	0.276	0.174	0.173	0.169	0.169	0.366	0.332	0.241	0.169	0.164	0.470	0.171	0.296	0.169	0.166	0.174	0.176	0.350	0.355	0.229	0.167	0.162	0.442	0.170	0.289	0.175	0.168	0.174	0.174	0.359	0.316	0.204	0.169	0.152	0.444	0.193	0.280	0.168	0.170	0.175	0.157	0.289	0.294	0.193	0.162
12:00:01	0.157	0.504	0.164	0.271	0.170	0.167	0.167	0.162	0.393	0.426	0.230	0.165	0.163	0.484	0.171	0.281	0.170	0.172	0.167	0.166	0.457	0.425	0.230	0.169	0.167	0.497	0.176	0.282	0.172	0.168	0.163	0.170	0.525	0.365	0.243	0.175	0.166	0.488	0.172	0.294	0.163	0.171	0.173	0.170	0.363	0.358	0.243	0.178	0.172	0.503	0.175	0.278	0.175	0.174	0.170	0.169	0.391	0.342	0.241	0.169	0.164	0.509	0.171	0.300	0.170	0.166	0.173	0.176	0.372	0.364	0.228	0.169	0.162	0.497	0.170	0.294	0.175	0.168	0.174	0.174	0.387	0.338	0.204	0.169	0.151	0.468	0.197	0.283	0.168	0.170	0.175	0.157	0.310	0.308	0.193	0.162
12:20:01	0.157	0.541	0.164	0.273	0.170	0.167	0.167	0.162	0.397	0.422	0.233	0.165	0.164	0.525	0.172	0.283	0.170	0.172	0.167	0.166	0.458	0.419	0.233	0.170	0.167	0.537	0.176	0.285	0.172	0.168	0.163	0.170	0.521	0.384	0.243	0.176	0.166	0.534	0.173	0.297	0.163	0.172	0.174	0.171	0.388	0.382	0.243	0.177	0.173	0.556	0.176	0.280	0.175	0.174	0.170	0.169	0.426	0.368	0.242	0.170	0.164	0.547	0.172	0.304	0.170	0.165	0.174	0.177	0.397	0.392	0.231	0.170	0.162	0.553	0.170	0.298	0.175	0.169	0.174	0.175	0.411	0.363	0.204	0.171	0.151	0.521	0.198	0.286	0.168	0.170	0.175	0.157	0.342	0.329	0.193	0.162
12:40:01	0.157	0.536	0.164	0.274	0.170	0.168	0.167	0.162	0.399	0.424	0.238	0.166	0.164	0.526	0.172	0.285	0.170	0.172	0.168	0.166	0.450	0.419	0.236	0.171	0.167	0.543	0.175	0.286	0.173	0.168	0.164	0.170	0.515	0.411	0.247	0.176	0.165	0.539	0.173	0.299	0.163	0.172	0.174	0.171	0.431	0.410	0.245	0.179	0.172	0.544	0.175	0.282	0.176	0.174	0.170	0.169	0.461	0.397	0.244	0.170	0.164	0.535	0.171	0.306	0.169	0.166	0.174	0.177	0.410	0.417	0.230	0.169	0.162	0.532	0.170	0.300	0.175	0.168	0.174	0.175	0.442	0.392	0.204	0.171	0.152	0.509	0.196	0.289	0.168	0.170	0.175	0.155	0.377	0.369	0.195	0.163
13:00:01	0.158	0.541	0.164	0.276	0.170	0.168	0.168	0.162	0.401	0.427	0.239	0.167	0.164	0.527	0.173	0.287	0.170	0.172	0.168	0.166	0.445	0.421	0.237	0.172	0.167	0.542	0.175	0.289	0.173	0.169	0.164	0.169	0.511	0.431	0.247	0.179	0.166	0.545	0.174	0.303	0.163	0.172	0.174	0.171	0.474	0.451	0.247	0.179	0.172	0.544	0.176	0.284	0.176	0.175	0.171	0.169	0.502	0.444	0.244	0.170	0.164	0.548	0.172	0.309	0.170	0.166	0.174	0.176	0.484	0.443	0.234	0.168	0.162	0.541	0.170	0.304	0.175	0.168	0.175	0.175	0.475	0.430	0.204	0.171	0.152	0.503	0.197	0.292	0.168	0.170	0.175	0.155	0.395	0.413	0.194	0.162
13:20:01	0.157	0.538	0.164	0.277	0.171	0.168	0.168	0.162	0.403	0.430	0.241	0.167	0.164	0.540	0.173	0.288	0.171	0.173	0.168	0.165	0.446	0.426	0.239	0.172	0.167	0.541	0.176	0.290	0.173	0.169	0.164	0.169	0.509	0.458	0.247	0.179	0.166	0.544	0.174	0.306	0.164	0.173	0.175	0.171	0.519	0.490	0.249	0.178	0.172	0.534	0.176	0.286	0.177	0.175	0.171	0.169	0.544	0.489	0.245	0.171	0.164	0.550	0.172	0.313	0.171	0.166	0.174	0.176	0.477	0.493	0.233	0.169	0.162	0.518	0.170	0.307	0.175	0.169	0.175	0.174	0.524	0.450	0.204	0.171	0.152	0.533	0.199	0.295	0.168	0.170	0.175	0.153	0.441	0.467	0.195	0.164
13:40:01	0.158	0.532	0.165	0.279	0.171	0.168	0.168	0.162	0.407	0.435	0.245	0.166	0.165	0.520	0.174	0.290	0.171	0.173	0.168	0.165	0.449	0.432	0.240	0.173	0.167	0.525	0.177	0.292	0.173	0.169	0.164	0.169	0.513	0.502	0.250	0.181	0.166	0.521	0.174	0.309	0.164	0.173	0.175	0.171	0.498	0.540	0.252	0.180	0.172	0.530	0.176	0.288	0.177	0.175	0.171	0.169	0.549	0.538	0.245	0.170	0.164	0.532	0.173	0.318	0.171	0.167	0.174	0.176	0.481	0.535	0.239	0.170	0.162	0.546	0.170	0.311	0.176	0.169	0.175	0.174	0.526	0.480	0.204	0.170	0.152	0.528	0.201	0.297	0.168	0.170	0.175	0.153	0.429	0.511	0.196	0.165
14:00:01	0.158	0.554	0.165	0.280	0.171	0.168	0.169	0.162	0.413	0.437	0.245	0.167	0.165	0.533	0.174	0.291	0.171	0.173	0.168	0.166	0.454	0.437	0.239	0.173	0.167	0.528	0.177	0.295	0.173	0.169	0.164	0.169	0.514	0.525	0.249	0.181	0.166	0.531	0.174	0.314	0.164	0.173	0.174	0.171	0.493	0.583	0.252	0.180	0.172	0.545	0.176	0.290	0.177	0.176	0.172	0.169	0.536	0.573	0.246	0.170	0.163	0.541	0.173	0.321	0.171	0.166	0.175	0.176	0.481	0.570	0.241	0.170	0.162	0.545	0.171	0.316	0.176	0.169	0.175	0.174	0.532	0.543	0.204	0.171	0.153	0.541	0.208	0.300	0.169	0.171	0.175	0.153	0.452	0.516	0.196	0.165
14:20:01	0.158	0.570	0.165	0.281	0.171	0.169	0.169	0.163	0.421	0.441	0.250	0.168	0.165	0.560	0.174	0.292	0.171	0.173	0.169	0.165	0.460	0.441	0.244	0.173	0.167	0.539	0.178	0.296	0.173	0.169	0.164	0.169	0.518	0.533	0.254	0.183	0.167	0.547	0.175	0.316	0.164	0.174	0.175	0.171	0.486	0.581	0.252	0.181	0.172	0.565	0.176	0.291	0.177	0.176	0.172	0.169	0.515	0.571	0.248	0.171	0.163	0.559	0.174	0.323	0.171	0.167	0.175	0.175	0.480	0.579	0.241	0.170	0.163	0.565	0.171	0.318	0.176	0.169	0.175	0.174	0.518	0.532	0.204	0.170	0.153	0.560	0.208	0.303	0.169	0.171	0.175	0.152	0.439	0.518	0.197	0.165
14:40:01	0.159	0.576	0.166	0.282	0.172	0.169	0.170	0.163	0.430	0.443	0.253	0.169	0.165	0.550	0.175	0.294	0.171	0.174	0.169	0.165	0.461	0.445	0.249	0.175	0.168	0.554	0.179	0.297	0.173	0.169	0.164	0.169	0.518	0.531	0.255	0.185	0.167	0.554	0.175	0.320	0.164	0.174	0.176	0.172	0.484	0.561	0.255	0.182	0.172	0.585	0.177	0.293	0.177	0.176	0.172	0.170	0.518	0.566	0.251	0.171	0.164	0.582	0.175	0.325	0.171	0.167	0.175	0.175	0.485	0.564	0.247	0.171	0.163	0.556	0.171	0.321	0.176	0.169	0.175	0.174	0.501	0.521	0.206	0.173	0.154	0.578	0.212	0.305	0.170	0.172	0.176	0.154	0.452	0.522	0.198	0.165
15:00:01	0.160	0.584	0.166	0.283	0.172	0.170	0.171	0.164	0.439	0.445	0.251	0.169	0.165	0.565	0.175	0.295	0.172	0.174	0.169	0.166	0.462	0.446	0.247	0.174	0.168	0.556	0.181	0.301	0.174	0.170	0.165	0.169	0.516	0.527	0.254	0.183	0.167	0.583	0.176	0.324	0.165	0.174	0.176	0.172	0.482	0.575	0.255	0.181	0.172	0.587	0.177	0.295	0.177	0.177	0.172	0.170	0.536	0.556	0.251	0.171	0.164	0.604	0.176	0.328	0.172	0.167	0.176	0.176	0.486	0.561	0.249	0.172	0.164	0.586	0.172	0.326	0.176	0.170	0.175	0.174	0.515	0.536	0.207	0.172	0.155	0.589	0.222	0.308	0.170	0.172	0.176	0.155	0.445	0.523	0.198	0.165
15:20:01	0.160	0.604	0.167	0.284	0.172	0.170	0.171	0.164	0.446	0.447	0.257	0.170	0.165	0.580	0.176	0.296	0.172	0.174	0.169	0.166	0.462	0.450	0.248	0.175	0.168	0.585	0.181	0.302	0.174	0.170	0.165	0.169	0.516	0.541	0.256	0.186	0.167	0.591	0.177	0.326	0.165	0.174	0.176	0.172	0.484	0.580	0.257	0.182	0.173	0.602	0.177	0.297	0.178	0.177	0.173	0.170	0.537	0.574	0.251	0.172	0.164	0.599	0.178	0.329	0.172	0.167	0.176	0.176	0.488	0.577	0.251	0.171	0.164	0.598	0.172	0.330	0.176	0.170	0.175	0.174	0.516	0.537	0.208	0.172	0.154	0.547	0.227	0.311	0.171	0.172	0.176	0.154	0.449	0.543	0.199	0.166
15:40:01	0.160	0.587	0.167	0.285	0.173	0.171	0.172	0.165	0.451	0.448	0.260	0.170	0.166	0.582	0.176	0.298	0.172	0.174	0.169	0.166	0.462	0.453	0.251	0.176	0.169	0.569	0.182	0.304	0.174	0.170	0.165	0.170	0.515	0.557	0.258	0.188	0.168	0.599	0.178	0.328	0.165	0.175	0.177	0.172	0.487	0.583	0.262	0.184	0.173	0.593	0.178	0.299	0.178	0.177	0.173	0.170	0.534	0.579	0.252	0.172	0.164	0.603	0.180	0.333	0.172	0.168	0.177	0.176	0.491	0.582	0.250	0.171	0.165	0.579	0.173	0.331	0.177	0.170	0.176	0.174	0.503	0.549	0.209	0.172	0.155	0.572	0.233	0.313	0.171	0.172	0.177	0.155	0.448	0.503	0.199	0.167
16:00:01	0.160	0.575	0.168	0.286	0.173	0.171	0.172	0.165	0.454	0.452	0.263	0.170	0.165	0.584	0.177	0.299	0.172	0.174	0.169	0.166	0.463	0.454	0.252	0.176	0.169	0.573	0.183	0.306	0.174	0.170	0.165	0.170	0.515	0.561	0.258	0.186	0.168	0.602	0.178	0.331	0.166	0.175	0.177	0.173	0.490	0.588	0.264	0.183	0.173	0.563	0.179	0.300	0.178	0.177	0.173	0.171	0.525	0.582	0.253	0.173	0.164	0.562	0.182	0.337	0.172	0.168	0.177	0.176	0.493	0.575	0.254	0.172	0.165	0.545	0.174	0.334	0.177	0.170	0.176	0.174	0.491	0.554	0.210	0.173	0.156	0.573	0.238	0.315	0.171	0.173	0.177	0.155	0.446	0.512	0.201	0.167
16:20:01	0.161	0.579	0.168	0.287	0.173	0.171	0.173	0.166	0.456	0.457	0.264	0.171	0.165	0.584	0.179	0.300	0.172	0.175	0.170	0.166	0.466	0.460	0.254	0.177	0.169	0.578	0.184	0.307	0.174	0.171	0.165	0.170	0.515	0.565	0.260	0.191	0.168	0.588	0.180	0.332	0.166	0.175	0.178	0.173	0.493	0.591	0.266	0.185	0.173	0.553	0.180	0.302	0.179	0.178	0.173	0.171	0.514	0.580	0.255	0.173	0.165	0.553	0.184	0.339	0.173	0.168	0.178	0.177	0.498	0.580	0.257	0.172	0.166	0.539	0.174	0.337	0.177	0.171	0.176	0.174	0.486	0.534	0.212	0.175	0.157	0.551	0.242	0.318	0.172	0.174	0.178	0.156	0.447	0.510	0.201	0.167
16:40:01	0.162	0.533	0.169	0.288	0.174	0.172	0.173	0.166	0.458	0.462	0.269	0.172	0.165	0.576	0.180	0.301	0.172	0.175	0.170	0.166	0.468	0.462	0.257	0.178	0.169	0.544	0.184	0.308	0.175	0.171	0.166	0.171	0.516	0.568	0.264	0.194	0.169	0.553	0.183	0.333	0.166	0.176	0.179	0.174	0.505	0.577	0.269	0.185	0.173	0.565	0.181	0.303	0.179	0.178	0.174	0.171	0.503	0.586	0.258	0.174	0.165	0.538	0.186	0.340	0.173	0.169	0.179	0.177	0.502	0.570	0.259	0.173	0.166	0.551	0.175	0.338	0.177	0.171	0.177	0.175	0.484	0.533	0.212	0.173	0.157	0.549	0.242	0.320	0.172	0.174	0.178	0.156	0.452	0.510	0.204	0.167
17:00:01	0.161	0.535	0.169	0.288	0.174	0.172	0.173	0.165	0.458	0.464	0.267	0.171	0.165	0.580	0.180	0.302	0.173	0.175	0.170	0.166	0.469	0.463	0.256	0.177	0.170	0.569	0.186	0.310	0.175	0.171	0.166	0.171	0.514	0.568	0.263	0.193	0.169	0.563	0.186	0.334	0.167	0.176	0.179	0.174	0.514	0.570	0.269	0.184	0.174	0.556	0.182	0.305	0.179	0.179	0.174	0.171	0.506	0.574	0.258	0.174	0.165	0.565	0.190	0.341	0.174	0.169	0.179	0.178	0.505	0.573	0.260	0.174	0.166	0.539	0.177	0.341	0.178	0.171	0.177	0.175	0.484	0.536	0.213	0.176	0.162	0.527	0.249	0.323	0.172	0.174	0.178	0.156	0.455	0.510	0.203	0.168
17:20:01	0.161	0.535	0.169	0.289	0.174	0.172	0.173	0.165	0.458	0.464	0.267	0.171	0.166	0.577	0.181	0.303	0.173	0.175	0.170	0.166	0.472	0.463	0.256	0.177	0.170	0.558	0.188	0.313	0.175	0.172	0.166	0.171	0.514	0.569	0.264	0.193	0.169	0.553	0.188	0.336	0.167	0.176	0.179	0.173	0.533	0.581	0.270	0.185	0.174	0.567	0.184	0.306	0.179	0.179	0.175	0.171	0.525	0.573	0.260	0.173	0.165	0.543	0.193	0.343	0.175	0.169	0.179	0.178	0.509	0.560	0.262	0.174	0.166	0.548	0.178	0.344	0.178	0.171	0.177	0.175	0.484	0.547	0.213	0.175	0.198	0.519	0.251	0.326	0.172	0.174	0.178	0.155	0.460	0.511	0.203	0.168
17:40:01	0.161	0.554	0.170	0.289	0.174	0.172	0.173	0.164	0.458	0.463	0.268	0.172	0.166	0.569	0.183	0.304	0.173	0.176	0.170	0.167	0.474	0.465	0.257	0.177	0.170	0.566	0.191	0.315	0.175	0.172	0.166	0.171	0.513	0.582	0.264	0.195	0.170	0.553	0.191	0.337	0.167	0.176	0.179	0.173	0.536	0.563	0.269	0.185	0.174	0.574	0.186	0.307	0.179	0.179	0.175	0.172	0.535	0.583	0.258	0.173	0.165	0.542	0.198	0.345	0.175	0.169	0.179	0.177	0.514	0.563	0.262	0.175	0.167	0.558	0.180	0.345	0.178	0.172	0.177	0.175	0.485	0.534	0.214	0.175	0.212	0.524	0.253	0.327	0.172	0.174	0.178	0.155	0.464	0.510	0.204	0.168
18:00:01	0.161	0.566	0.170	0.289	0.174	0.172	0.172	0.163	0.458	0.461	0.270	0.171	0.167	0.567	0.186	0.305	0.173	0.176	0.171	0.167	0.475	0.462	0.258	0.176	0.169	0.569	0.192	0.316	0.176	0.172	0.167	0.171	0.512	0.578	0.265	0.196	0.170	0.560	0.194	0.340	0.168	0.177	0.179	0.173	0.553	0.567	0.273	0.184	0.174	0.574	0.188	0.309	0.179	0.179	0.175	0.172	0.556	0.588	0.259	0.175	0.165	0.549	0.202	0.346	0.176	0.170	0.180	0.177	0.525	0.556	0.263	0.175	0.167	0.562	0.182	0.348	0.178	0.172	0.177	0.175	0.489	0.531	0.215	0.175	0.157	0.535	0.255	0.327	0.172	0.173	0.178	0.156	0.475	0.513	0.205	0.169
18:20:01	0.160	0.574	0.170	0.289	0.174	0.171	0.171	0.162	0.455	0.461	0.271	0.171	0.167	0.548	0.188	0.306	0.173	0.176	0.171	0.167	0.477	0.464	0.258	0.177	0.169	0.569	0.195	0.317	0.176	0.172	0.167	0.172	0.512	0.572	0.265	0.197	0.170	0.568	0.198	0.342	0.168	0.177	0.179	0.173	0.552	0.566	0.272	0.183	0.174	0.575	0.191	0.310	0.180	0.180	0.175	0.172	0.564	0.571	0.259	0.175	0.164	0.556	0.207	0.348	0.175	0.170	0.179	0.177	0.536	0.558	0.263	0.176	0.167	0.564	0.185	0.351	0.178	0.172	0.178	0.175	0.509	0.528	0.215	0.175	0.157	0.546	0.257	0.331	0.171	0.172	0.177	0.154	0.484	0.517	0.205	0.170
18:40:01	0.160	0.573	0.171	0.290	0.174	0.171	0.170	0.161	0.454	0.461	0.273	0.173	0.167	0.539	0.192	0.306	0.173	0.176	0.171	0.167	0.479	0.462	0.259	0.176	0.170	0.568	0.197	0.317	0.177	0.172	0.167	0.172	0.511	0.566	0.267	0.200	0.170	0.570	0.203	0.343	0.167	0.178	0.180	0.173	0.555	0.567	0.275	0.185	0.174	0.575	0.194	0.310	0.180	0.180	0.175	0.172	0.569	0.582	0.261	0.177	0.164	0.568	0.211	0.348	0.175	0.171	0.179	0.177	0.543	0.566	0.264	0.177	0.165	0.564	0.188	0.350	0.179	0.172	0.178	0.175	0.512	0.525	0.215	0.176	0.161	0.556	0.257	0.330	0.170	0.172	0.176	0.153	0.492	0.520	0.205	0.171
19:00:01	0.161	0.573	0.172	0.290	0.174	0.171	0.170	0.161	0.453	0.460	0.274	0.173	0.166	0.548	0.196	0.307	0.174	0.176	0.172	0.167	0.479	0.465	0.260	0.177	0.171	0.569	0.201	0.319	0.177	0.172	0.168	0.172	0.512	0.569	0.267	0.199	0.172	0.569	0.208	0.346	0.168	0.178	0.179	0.173	0.548	0.566	0.275	0.186	0.174	0.576	0.197	0.311	0.179	0.181	0.175	0.173	0.570	0.583	0.261	0.177	0.164	0.574	0.216	0.349	0.175	0.171	0.178	0.176	0.551	0.575	0.265	0.178	0.166	0.565	0.191	0.352	0.179	0.172	0.178	0.174	0.526	0.528	0.215	0.176	0.169	0.557	0.260	0.328	0.170	0.172	0.176	0.153	0.500	0.525	0.205	0.172
19:20:01	0.162	0.573	0.173	0.291	0.174	0.171	0.170	0.162	0.451	0.459	0.274	0.174	0.167	0.544	0.197	0.308	0.174	0.177	0.172	0.167	0.479	0.462	0.260	0.176	0.172	0.570	0.204	0.320	0.176	0.173	0.168	0.173	0.512	0.564	0.266	0.200	0.176	0.572	0.215	0.350	0.168	0.179	0.179	0.172	0.559	0.570	0.273	0.186	0.174	0.576	0.202	0.313	0.178	0.181	0.175	0.173	0.571	0.588	0.260	0.176	0.164	0.577	0.223	0.352	0.176	0.171	0.179	0.176	0.559	0.581	0.267	0.178	0.165	0.568	0.196	0.360	0.179	0.173	0.178	0.174	0.518	0.537	0.217	0.177	0.198	0.558	0.265	0.333	0.170	0.172	0.176	0.154	0.503	0.532	0.206	0.173
19:40:01	0.162	0.574	0.175	0.291	0.174	0.171	0.170	0.161	0.451	0.460	0.276	0.174	0.167	0.541	0.200	0.310	0.174	0.177	0.172	0.167	0.480	0.464	0.261	0.177	0.173	0.571	0.206	0.320	0.177	0.173	0.168	0.173	0.512	0.558	0.269	0.204	0.179	0.571	0.220	0.351	0.169	0.179	0.179	0.172	0.577	0.567	0.274	0.187	0.175	0.576	0.205	0.312	0.178	0.182	0.176	0.173	0.566	0.585	0.263	0.178	0.163	0.578	0.229	0.361	0.175	0.171	0.179	0.176	0.566	0.575	0.267	0.179	0.170	0.567	0.200	0.356	0.179	0.173	0.179	0.174	0.517	0.534	0.217	0.177	0.197	0.558	0.267	0.331	0.170	0.172	0.175	0.153	0.506	0.542	0.206	0.172
20:00:01	0.163	0.574	0.177	0.293	0.174	0.170	0.170	0.161	0.449	0.460	0.276	0.174	0.166	0.542	0.203	0.311	0.175	0.177	0.172	0.167	0.480	0.460	0.260	0.177	0.174	0.572	0.210	0.321	0.177	0.173	0.168	0.173	0.512	0.563	0.266	0.201	0.182	0.574	0.227	0.354	0.169	0.179	0.179	0.172	0.586	0.564	0.275	0.186	0.174	0.577	0.210	0.314	0.178	0.182	0.176	0.173	0.571	0.588	0.262	0.177	0.163	0.579	0.236	0.363	0.176	0.172	0.178	0.176	0.573	0.574	0.268	0.180	0.168	0.569	0.205	0.358	0.180	0.173	0.179	0.174	0.531	0.541	0.217	0.177	0.201	0.561	0.271	0.332	0.170	0.171	0.175	0.153	0.507	0.547	0.208	0.173
20:20:01	0.166	0.574	0.179	0.293	0.174	0.171	0.170	0.162	0.448	0.461	0.279	0.175	0.167	0.551	0.208	0.313	0.175	0.177	0.172	0.167	0.479	0.462	0.263	0.178	0.176	0.571	0.213	0.320	0.178	0.174	0.169	0.173	0.512	0.559	0.271	0.207	0.186	0.574	0.231	0.355	0.169	0.180	0.179	0.172	0.591	0.563	0.276	0.189	0.175	0.577	0.213	0.314	0.179	0.182	0.176	0.173	0.575	0.584	0.261	0.180	0.163	0.580	0.242	0.357	0.176	0.172	0.179	0.176	0.577	0.584	0.269	0.182	0.171	0.568	0.210	0.359	0.180	0.174	0.179	0.174	0.535	0.539	0.218	0.178	0.222	0.562	0.273	0.331	0.170	0.172	0.175	0.154	0.509	0.551	0.207	0.173
20:40:01	0.168	0.573	0.182	0.293	0.174	0.171	0.171	0.162	0.448	0.461	0.280	0.175	0.167	0.564	0.212	0.314	0.175	0.178	0.173	0.168	0.478	0.456	0.265	0.180	0.178	0.572	0.217	0.321	0.178	0.174	0.169	0.173	0.513	0.568	0.272	0.209	0.190	0.574	0.239	0.354	0.170	0.180	0.181	0.173	0.596	0.577	0.279	0.191	0.175	0.577	0.217	0.314	0.179	0.182	0.176	0.173	0.583	0.583	0.264	0.180	0.163	0.580	0.249	0.361	0.178	0.172	0.180	0.178	0.583	0.585	0.272	0.185	0.177	0.568	0.216	0.358	0.180	0.174	0.179	0.174	0.542	0.542	0.218	0.178	0.244	0.564	0.278	0.331	0.171	0.173	0.176	0.155	0.515	0.554	0.208	0.176
21:00:01	0.170	0.574	0.186	0.294	0.174	0.171	0.172	0.163	0.447	0.460	0.282	0.176	0.168	0.571	0.216	0.313	0.176	0.178	0.174	0.168	0.479	0.456	0.267	0.181	0.180	0.572	0.222	0.322	0.179	0.175	0.169	0.174	0.513	0.572	0.274	0.211	0.195	0.572	0.243	0.355	0.170	0.181	0.181	0.174	0.601	0.576	0.280	0.192	0.175	0.577	0.222	0.315	0.179	0.183	0.177	0.174	0.587	0.584	0.263	0.182	0.163	0.582	0.255	0.354	0.178	0.172	0.181	0.178	0.588	0.587	0.274	0.186	0.177	0.568	0.222	0.359	0.181	0.174	0.180	0.174	0.551	0.556	0.219	0.179	0.279	0.565	0.281	0.331	0.171	0.173	0.177	0.156	0.519	0.556	0.208	0.177
21:20:01	0.171	0.575	0.189	0.294	0.175	0.171	0.172	0.162	0.445	0.461	0.282	0.176	0.168	0.575	0.220	0.315	0.176	0.178	0.174	0.168	0.480	0.459	0.266	0.179	0.181	0.571	0.226	0.323	0.179	0.175	0.170	0.174	0.514	0.573	0.275	0.210	0.197	0.574	0.247	0.355	0.170	0.181	0.182	0.174	0.606	0.574	0.280	0.191	0.176	0.576	0.226	0.316	0.179	0.183	0.177	0.174	0.589	0.579	0.264	0.180	0.163	0.586	0.261	0.356	0.178	0.173	0.181	0.179	0.590	0.577	0.274	0.186	0.180	0.568	0.227	0.360	0.181	0.175	0.180	0.174	0.553	0.557	0.219	0.178	0.322	0.566	0.283	0.330	0.171	0.173	0.177	0.155	0.524	0.562	0.208	0.178
21:40:01	0.172	0.575	0.193	0.296	0.174	0.171	0.171	0.162	0.444	0.460	0.283	0.176	0.169	0.575	0.224	0.317	0.176	0.178	0.174	0.168	0.480	0.461	0.266	0.179	0.182	0.571	0.229	0.324	0.180	0.175	0.170	0.174	0.515	0.573	0.275	0.211	0.210	0.575	0.251	0.356	0.171	0.181	0.182	0.174	0.613	0.581	0.281	0.193	0.176	0.576	0.231	0.317	0.180	0.183	0.177	0.174	0.588	0.586	0.265	0.183	0.163	0.585	0.267	0.354	0.178	0.173	0.181	0.178	0.592	0.586	0.275	0.188	0.181	0.567	0.233	0.360	0.181	0.175	0.180	0.174	0.554	0.568	0.219	0.178	0.380	0.565	0.286	0.331	0.171	0.173	0.176	0.155	0.525	0.567	0.210	0.179
22:00:01	0.173	0.575	0.198	0.297	0.174	0.171	0.172	0.162	0.443	0.460	0.284	0.176	0.170	0.577	0.229	0.317	0.177	0.179	0.174	0.168	0.482	0.461	0.268	0.180	0.184	0.571	0.234	0.324	0.180	0.175	0.170	0.175	0.516	0.573	0.276	0.212	0.226	0.575	0.258	0.356	0.170	0.182	0.182	0.174	0.616	0.590	0.281	0.193	0.176	0.577	0.233	0.318	0.180	0.184	0.177	0.174	0.591	0.591	0.268	0.184	0.163	0.585	0.272	0.355	0.179	0.173	0.182	0.179	0.595	0.590	0.276	0.189	0.183	0.566	0.238	0.360	0.181	0.175	0.180	0.174	0.557	0.574	0.220	0.179	0.435	0.566	0.289	0.331	0.171	0.173	0.177	0.156	0.528	0.573	0.210	0.180
22:20:01	0.176	0.575	0.202	0.297	0.174	0.172	0.173	0.163	0.444	0.464	0.286	0.177	0.171	0.578	0.231	0.317	0.177	0.179	0.175	0.168	0.481	0.462	0.269	0.182	0.186	0.570	0.237	0.324	0.181	0.176	0.170	0.175	0.517	0.579	0.277	0.214	0.243	0.574	0.258	0.357	0.171	0.182	0.182	0.174	0.615	0.601	0.282	0.193	0.177	0.576	0.237	0.319	0.180	0.184	0.177	0.175	0.593	0.601	0.269	0.186	0.163	0.585	0.277	0.356	0.179	0.173	0.182	0.179	0.593	0.592	0.277	0.190	0.186	0.565	0.243	0.360	0.181	0.176	0.180	0.175	0.560	0.579	0.221	0.180	0.478	0.567	0.294	0.332	0.172	0.174	0.177	0.157	0.530	0.577	0.211	0.180
22:40:01	0.178	0.574	0.207	0.297	0.175	0.172	0.173	0.164	0.443	0.465	0.286	0.178	0.172	0.579	0.235	0.318	0.177	0.179	0.175	0.169	0.480	0.464	0.270	0.182	0.186	0.570	0.239	0.324	0.181	0.176	0.171	0.175	0.517	0.581	0.278	0.214	0.258	0.575	0.262	0.357	0.171	0.182	0.183	0.174	0.614	0.610	0.282	0.195	0.178	0.575	0.240	0.319	0.180	0.184	0.178	0.175	0.593	0.612	0.271	0.185	0.163	0.585	0.283	0.364	0.180	0.174	0.183	0.179	0.593	0.596	0.278	0.190	0.189	0.564	0.247	0.360	0.182	0.176	0.181	0.175	0.562	0.581	0.221	0.180	0.488	0.566	0.300	0.339	0.172	0.174	0.178	0.157	0.529	0.583	0.210	0.181
23:00:01	0.180	0.574	0.212	0.298	0.175	0.173	0.174	0.164	0.443	0.465	0.287	0.178	0.173	0.579	0.240	0.319	0.177	0.180	0.175	0.169	0.481	0.466	0.271	0.183	0.188	0.570	0.243	0.324	0.181	0.177	0.171	0.175	0.517	0.582	0.279	0.214	0.272	0.575	0.264	0.357	0.171	0.183	0.183	0.175	0.611	0.622	0.283	0.196	0.179	0.574	0.243	0.320	0.181	0.185	0.178	0.175	0.591	0.622	0.272	0.187	0.163	0.583	0.288	0.365	0.180	0.174	0.183	0.180	0.596	0.600	0.280	0.193	0.194	0.564	0.252	0.361	0.182	0.176	0.181	0.175	0.564	0.584	0.222	0.180	0.482	0.565	0.303	0.333	0.173	0.175	0.178	0.158	0.531	0.587	0.211	0.183
23:20:01	0.182	0.573	0.217	0.298	0.175	0.173	0.174	0.164	0.443	0.465	0.289	0.178	0.175	0.581	0.242	0.318	0.178	0.180	0.175	0.169	0.480	0.465	0.271	0.183	0.190	0.570	0.245	0.325	0.181	0.177	0.171	0.176	0.517	0.585	0.280	0.215	0.284	0.574	0.268	0.358	0.171	0.183	0.183	0.175	0.609	0.627	0.284	0.199	0.181	0.575	0.246	0.321	0.181	0.185	0.179	0.176	0.588	0.629	0.273	0.189	0.163	0.585	0.293	0.356	0.180	0.174	0.183	0.180	0.597	0.604	0.280	0.194	0.200	0.564	0.256	0.360	0.182	0.176	0.181	0.176	0.566	0.584	0.222	0.180	0.485	0.565	0.307	0.333	0.173	0.175	0.178	0.158	0.532	0.589	0.212	0.184
23:40:01	0.184	0.572	0.222	0.299	0.176	0.173	0.175	0.165	0.442	0.465	0.289	0.179	0.177	0.583	0.245	0.318	0.178	0.180	0.175	0.169	0.479	0.469	0.272	0.184	0.193	0.569	0.248	0.325	0.182	0.177	0.172	0.176	0.517	0.589	0.282	0.218	0.291	0.573	0.271	0.356	0.171	0.184	0.184	0.175	0.604	0.627	0.285	0.199	0.182	0.575	0.251	0.321	0.181	0.185	0.179	0.176	0.587	0.630	0.274	0.191	0.163	0.585	0.297	0.357	0.181	0.174	0.184	0.181	0.597	0.606	0.281	0.195	0.207	0.564	0.260	0.360	0.182	0.176	0.181	0.176	0.568	0.588	0.222	0.181	0.489	0.564	0.310	0.333	0.174	0.176	0.179	0.158	0.532	0.590	0.211	0.184
24:00:01	0.188	0.572	0.226	0.299	0.176	0.174	0.175	0.166	0.442	0.465	0.291	0.180	0.179	0.582	0.248	0.318	0.178	0.180	0.175	0.169	0.480	0.469	0.273	0.185	0.199	0.569	0.251	0.325	0.181	0.177	0.172	0.176	0.517	0.590	0.282	0.219	0.300	0.572	0.274	0.357	0.171	0.184	0.184	0.175	0.600	0.625	0.285	0.201	0.183	0.573	0.255	0.321	0.182	0.185	0.179	0.176	0.585	0.627	0.275	0.192	0.163	0.585	0.302	0.357	0.180	0.175	0.184	0.180	0.593	0.611	0.281	0.196	0.215	0.564	0.264	0.360	0.182	0.177	0.181	0.176	0.566	0.591	0.223	0.181	0.494	0.564	0.314	0.334	0.174	0.176	0.180	0.159	0.531	0.587	0.213	0.186
24:20:01	0.193	0.571	0.230	0.300	0.176	0.174	0.175	0.165	0.442	0.467	0.291	0.180	0.181	0.582	0.250	0.318	0.178	0.180	0.175	0.169	0.482	0.468	0.274	0.185	0.209	0.567	0.255	0.325	0.180	0.177	0.172	0.176	0.518	0.594	0.282	0.220	0.315	0.572	0.279	0.356	0.171	0.184	0.184	0.175	0.599	0.622	0.286	0.200	0.184	0.572	0.258	0.321	0.182	0.186	0.179	0.176	0.583	0.623	0.276	0.192	0.163	0.585	0.305	0.368	0.180	0.175	0.184	0.180	0.589	0.616	0.282	0.197	0.233	0.563	0.267	0.360	0.182	0.177	0.181	0.176	0.566	0.593	0.223	0.181	0.498	0.562	0.317	0.338	0.174	0.176	0.180	0.158	0.530	0.582	0.213	0.186
24:40:01	0.199	0.569	0.232	0.299	0.176	0.174	0.175	0.164	0.441	0.468	0.290	0.180	0.182	0.581	0.255	0.319	0.178	0.180	0.175	0.169	0.482	0.468	0.273	0.185	0.246	0.566	0.262	0.325	0.179	0.177	0.172	0.176	0.518	0.596	0.282	0.219	0.331	0.573	0.284	0.356	0.172	0.184	0.184	0.175	0.596	0.620	0.286	0.201	0.185	0.570	0.264	0.321	0.182	0.185	0.179	0.176	0.584	0.621	0.276	0.194	0.163	0.585	0.308	0.369	0.180	0.175	0.183	0.180	0.586	0.618	0.281	0.198	0.244	0.561	0.270	0.360	0.182	0.176	0.181	0.176	0.565	0.593	0.222	0.180	0.503	0.560	0.320	0.335	0.174	0.176	0.179	0.156	0.529	0.577	0.213	0.188
25:00:01	0.225	0.569	0.235	0.299	0.176	0.174	0.175	0.164	0.442	0.469	0.291	0.180	0.184	0.580	0.257	0.318	0.178	0.180	0.175	0.169	0.482	0.468	0.273	0.185	0.258	0.564	0.264	0.325	0.178	0.177	0.172	0.176	0.518	0.599	0.282	0.220	0.347	0.572	0.288	0.356	0.172	0.184	0.184	0.175	0.595	0.619	0.286	0.201	0.186	0.568	0.269	0.319	0.182	0.185	0.179	0.176	0.584	0.621	0.276	0.194	0.162	0.583	0.310	0.361	0.180	0.175	0.183	0.179	0.582	0.621	0.282	0.198	0.261	0.560	0.275	0.360	0.182	0.176	0.181	0.175	0.565	0.596	0.223	0.180	0.514	0.558	0.322	0.335	0.174	0.175	0.179	0.156	0.531	0.574	0.214	0.189
25:20:01	0.259	0.568	0.238	0.299	0.176	0.174	0.175	0.165	0.442	0.471	0.293	0.182	0.185	0.578	0.263	0.319	0.177	0.180	0.175	0.169	0.483	0.470	0.275	0.188	0.266	0.561	0.269	0.325	0.178	0.177	0.172	0.176	0.518	0.601	0.283	0.222	0.360	0.571	0.291	0.355	0.172	0.184	0.184	0.175	0.596	0.618	0.286	0.205	0.186	0.567	0.271	0.319	0.182	0.184	0.179	0.176	0.585	0.621	0.277	0.197	0.162	0.582	0.314	0.358	0.180	0.174	0.183	0.179	0.582	0.621	0.284	0.201	0.283	0.560	0.279	0.359	0.182	0.176	0.181	0.175	0.565	0.601	0.224	0.182	0.508	0.558	0.327	0.337	0.174	0.176	0.179	0.157	0.530	0.571	0.214	0.192
25:40:01	0.270	0.567	0.241	0.299	0.176	0.174	0.176	0.166	0.444	0.470	0.294	0.183	0.187	0.578	0.264	0.319	0.177	0.179	0.175	0.168	0.483	0.473	0.276	0.189	0.278	0.558	0.273	0.325	0.178	0.177	0.172	0.176	0.517	0.603	0.284	0.223	0.374	0.570	0.294	0.353	0.172	0.184	0.184	0.175	0.596	0.618	0.287	0.207	0.188	0.566	0.277	0.318	0.182	0.184	0.179	0.176	0.587	0.621	0.278	0.198	0.162	0.582	0.319	0.369	0.180	0.173	0.184	0.180	0.580	0.623	0.286	0.202	0.303	0.558	0.286	0.359	0.182	0.176	0.181	0.175	0.565	0.600	0.225	0.183	0.513	0.557	0.332	0.333	0.175	0.176	0.180	0.159	0.530	0.569	0.215	0.192
26:00:01	0.280	0.565	0.244	0.298	0.176	0.174	0.176	0.166	0.444	0.471	0.294	0.183	0.190	0.578	0.267	0.316	0.177	0.179	0.174	0.168	0.485	0.474	0.276	0.189	0.290	0.556	0.278	0.323	0.178	0.177	0.172	0.176	0.519	0.602	0.285	0.223	0.405	0.569	0.298	0.353	0.172	0.184	0.183	0.175	0.596	0.616	0.287	0.206	0.189	0.563	0.280	0.317	0.182	0.184	0.179	0.176	0.588	0.620	0.279	0.198	0.162	0.582	0.321	0.367	0.180	0.173	0.184	0.180	0.578	0.623	0.286	0.203	0.330	0.556	0.287	0.358	0.182	0.176	0.181	0.175	0.564	0.602	0.225	0.183	0.533	0.555	0.334	0.340	0.175	0.177	0.180	0.158	0.529	0.567	0.216	0.193
26:20:01	0.289	0.564	0.247	0.297	0.176	0.174	0.175	0.164	0.443	0.474	0.294	0.182	0.193	0.577	0.271	0.315	0.177	0.179	0.174	0.168	0.486	0.475	0.275	0.187	0.297	0.554	0.284	0.321	0.178	0.176	0.172	0.175	0.519	0.604	0.284	0.222	0.443	0.570	0.301	0.353	0.172	0.184	0.183	0.175	0.593	0.614	0.288	0.205	0.190	0.562	0.284	0.315	0.182	0.184	0.179	0.176	0.587	0.618	0.279	0.198	0.162	0.583	0.324	0.357	0.180	0.173	0.184	0.180	0.576	0.621	0.285	0.202	0.340	0.554	0.289	0.360	0.181	0.176	0.181	0.175	0.563	0.602	0.225	0.183	0.537	0.553	0.338	0.334	0.175	0.176	0.180	0.157	0.527	0.565	0.218	0.193
26:40:01	0.302	0.563	0.250	0.296	0.176	0.173	0.173	0.162	0.443	0.474	0.294	0.181	0.197	0.577	0.275	0.315	0.177	0.179	0.174	0.168	0.487	0.474	0.274	0.187	0.400	0.553	0.285	0.321	0.178	0.176	0.171	0.176	0.518	0.603	0.283	0.221	0.454	0.568	0.304	0.353	0.172	0.184	0.183	0.174	0.593	0.611	0.287	0.204	0.191	0.560	0.288	0.314	0.182	0.184	0.179	0.176	0.586	0.616	0.279	0.198	0.162	0.580	0.327	0.363	0.180	0.173	0.183	0.179	0.575	0.619	0.285	0.202	0.354	0.553	0.291	0.357	0.181	0.176	0.181	0.175	0.560	0.599	0.225	0.182	0.542	0.551	0.342	0.332	0.174	0.175	0.179	0.155	0.524	0.563	0.218	0.192
27:00:01	0.320	0.561	0.253	0.296	0.175	0.172	0.172	0.161	0.444	0.475	0.295	0.181	0.203	0.576	0.278	0.312	0.177	0.179	0.174	0.168	0.488	0.474	0.274	0.187	0.430	0.552	0.289	0.319	0.178	0.176	0.171	0.175	0.518	0.602	0.282	0.220	0.464	0.567	0.308	0.351	0.173	0.184	0.183	0.174	0.590	0.611	0.287	0.203	0.194	0.559	0.290	0.312	0.182	0.184	0.179	0.176	0.584	0.615	0.278	0.199	0.161	0.578	0.331	0.363	0.180	0.173	0.183	0.179	0.573	0.617	0.285	0.203	0.372	0.551	0.295	0.357	0.181	0.176	0.181	0.174	0.559	0.597	0.224	0.181	0.553	0.548	0.343	0.331	0.173	0.174	0.177	0.154	0.523	0.562	0.219	0.194
27:20:02	0.333	0.559	0.255	0.296	0.175	0.171	0.169	0.158	0.443	0.473	0.294	0.180	0.208	0.575	0.282	0.312	0.177	0.179	0.174	0.168	0.489	0.474	0.272	0.185	0.438	0.550	0.294	0.317	0.178	0.176	0.172	0.176	0.519	0.599	0.280	0.219	0.473	0.563	0.310	0.352	0.173	0.184	0.183	0.173	0.590	0.611	0.287	0.202	0.199	0.557	0.293	0.311	0.182	0.185	0.179	0.176	0.586	0.614	0.276	0.199	0.161	0.577	0.335	0.365	0.180	0.174	0.181	0.177	0.572	0.615	0.283	0.202	0.391	0.549	0.300	0.357	0.182	0.176	0.181	0.173	0.556	0.595	0.224	0.180	0.502	0.545	0.344	0.328	0.172	0.173	0.175	0.153	0.522	0.561	0.221	0.195
27:40:02	0.437	0.556	0.258	0.294	0.174	0.169	0.166	0.155	0.442	0.473	0.293	0.179	0.217	0.572	0.284	0.312	0.176	0.179	0.174	0.167	0.489	0.475	0.270	0.184	0.441	0.548	0.297	0.315	0.178	0.176	0.171	0.176	0.520	0.600	0.277	0.217	0.476	0.561	0.312	0.352	0.173	0.184	0.182	0.171	0.589	0.611	0.286	0.199	0.206	0.556	0.296	0.311	0.182	0.184	0.179	0.176	0.587	0.614	0.274	0.199	0.160	0.575	0.339	0.362	0.180	0.174	0.179	0.175	0.570	0.613	0.281	0.203	0.406	0.547	0.301	0.358	0.182	0.176	0.181	0.171	0.554	0.593	0.224	0.180	0.495	0.541	0.343	0.329	0.170	0.171	0.172	0.150	0.523	0.560	0.221	0.194
28:00:02	0.461	0.555	0.260	0.292	0.173	0.167	0.163	0.153	0.443	0.475	0.292	0.177	0.241	0.571	0.286	0.310	0.177	0.179	0.174	0.167	0.489	0.476	0.268	0.181	0.448	0.548	0.300	0.314	0.178	0.176	0.171	0.176	0.519	0.600	0.275	0.215	0.477	0.560	0.317	0.352	0.173	0.184	0.180	0.169	0.588	0.610	0.283	0.198	0.238	0.555	0.297	0.311	0.182	0.184	0.179	0.176	0.588	0.613	0.271	0.198	0.159	0.574	0.343	0.366	0.181	0.174	0.177	0.173	0.570	0.612	0.280	0.202	0.422	0.545	0.304	0.359	0.181	0.176	0.181	0.169	0.553	0.592	0.224	0.179	0.470	0.539	0.344	0.328	0.167	0.168	0.169	0.150	0.523	0.560	0.224	0.198
28:20:02	0.463	0.554	0.261	0.291	0.172	0.164	0.160	0.151	0.444	0.472	0.292	0.177	0.259	0.570	0.288	0.310	0.177	0.179	0.174	0.167	0.488	0.475	0.267	0.180	0.453	0.546	0.302	0.313	0.178	0.176	0.171	0.175	0.519	0.599	0.273	0.213	0.473	0.558	0.319	0.352	0.173	0.184	0.176	0.167	0.588	0.610	0.280	0.197	0.258	0.553	0.300	0.311	0.182	0.184	0.179	0.176	0.588	0.612	0.271	0.198	0.158	0.573	0.348	0.365	0.180	0.174	0.175	0.171	0.568	0.611	0.279	0.202	0.435	0.543	0.306	0.358	0.181	0.176	0.181	0.166	0.551	0.587	0.224	0.178	0.464	0.537	0.344	0.325	0.165	0.166	0.166	0.147	0.523	0.559	0.225	0.198
28:40:02	0.468	0.553	0.261	0.289	0.170	0.162	0.158	0.150	0.445	0.472	0.293	0.176	0.270	0.568	0.290	0.309	0.176	0.179	0.174	0.166	0.487	0.473	0.266	0.180	0.459	0.545	0.305	0.314	0.178	0.176	0.171	0.175	0.520	0.597	0.273	0.213	0.469	0.556	0.320	0.351	0.173	0.184	0.174	0.165	0.586	0.610	0.278	0.197	0.271	0.552	0.302	0.312	0.182	0.184	0.179	0.176	0.588	0.612	0.270	0.199	0.158	0.572	0.350	0.364	0.180	0.174	0.173	0.169	0.565	0.608	0.279	0.203	0.440	0.541	0.309	0.359	0.181	0.176	0.180	0.163	0.548	0.585	0.224	0.179	0.465	0.535	0.344	0.325	0.164	0.164	0.164	0.147	0.522	0.557	0.227	0.199
29:00:02	0.468	0.550	0.263	0.287	0.169	0.160	0.157	0.149	0.445	0.471	0.293	0.177	0.277	0.566	0.291	0.310	0.177	0.179	0.174	0.165	0.486	0.473	0.267	0.180	0.464	0.543	0.305	0.313	0.178	0.176	0.171	0.175	0.520	0.594	0.272	0.213	0.467	0.553	0.323	0.351	0.173	0.184	0.170	0.163	0.585	0.610	0.275	0.197	0.282	0.551	0.303	0.311	0.182	0.184	0.179	0.176	0.588	0.612	0.270	0.200	0.157	0.569	0.350	0.368	0.180	0.174	0.171	0.167	0.563	0.607	0.278	0.203	0.447	0.539	0.311	0.356	0.181	0.176	0.180	0.160	0.547	0.583	0.225	0.179	0.482	0.532	0.346	0.325	0.162	0.162	0.162	0.146	0.521	0.557	0.228	0.200
29:20:02	0.472	0.548	0.265	0.287	0.166	0.158	0.155	0.148	0.448	0.472	0.295	0.178	0.287	0.565	0.293	0.310	0.176	0.178	0.174	0.164	0.486	0.474	0.268	0.182	0.469	0.541	0.306	0.312	0.178	0.176	0.171	0.175	0.520	0.593	0.273	0.215	0.467	0.551	0.325	0.349	0.172	0.184	0.168	0.162	0.583	0.610	0.274	0.199	0.292	0.548	0.304	0.310	0.182	0.184	0.178	0.176	0.586	0.611	0.272	0.202	0.156	0.566	0.348	0.366	0.180	0.174	0.170	0.166	0.559	0.605	0.279	0.204	0.453	0.537	0.313	0.355	0.181	0.176	0.181	0.158	0.544	0.582	0.224	0.179	0.506	0.529	0.346	0.321	0.161	0.161	0.161	0.145	0.519	0.555	0.228	0.197
29:40:02	0.477	0.546	0.266	0.285	0.165	0.157	0.154	0.147	0.447	0.472	0.294	0.176	0.289	0.563	0.293	0.308	0.177	0.179	0.174	0.163	0.486	0.475	0.267	0.181	0.471	0.540	0.307	0.314	0.178	0.176	0.171	0.175	0.522	0.593	0.272	0.213	0.467	0.551	0.328	0.349	0.173	0.184	0.165	0.161	0.583	0.610	0.273	0.198	0.307	0.547	0.306	0.310	0.183	0.184	0.178	0.176	0.588	0.611	0.270	0.202	0.155	0.566	0.349	0.359	0.180	0.174	0.169	0.164	0.558	0.604	0.279	0.205	0.458	0.535	0.316	0.356	0.181	0.176	0.180	0.157	0.545	0.582	0.226	0.180	0.512	0.527	0.346	0.323	0.160	0.160	0.160	0.145	0.520	0.555	0.232	0.201
30:00:02	0.478	0.544	0.267	0.286	0.162	0.155	0.153	0.146	0.448	0.474	0.296	0.178	0.310	0.560	0.295	0.309	0.176	0.178	0.174	0.162	0.485	0.476	0.268	0.183	0.473	0.537	0.308	0.313	0.178	0.176	0.171	0.175	0.523	0.593	0.273	0.215	0.467	0.549	0.332	0.346	0.173	0.184	0.164	0.160	0.582	0.610	0.271	0.199	0.314	0.545	0.307	0.309	0.183	0.184	0.178	0.176	0.586	0.609	0.271	0.204	0.155	0.564	0.348	0.358	0.180	0.174	0.168	0.163	0.554	0.602	0.279	0.207	0.463	0.533	0.318	0.354	0.181	0.176	0.180	0.155	0.541	0.579	0.225	0.180	0.512	0.524	0.345	0.319	0.159	0.159	0.159	0.144	0.517	0.553	0.230	0.200
30:20:02	0.481	0.542	0.268	0.285	0.161	0.154	0.152	0.146	0.448	0.474	0.294	0.176	0.338	0.560	0.296	0.307	0.176	0.179	0.173	0.161	0.485	0.478	0.267	0.180	0.476	0.536	0.310	0.315	0.178	0.176	0.171	0.175	0.523	0.592	0.272	0.213	0.467	0.549	0.332	0.348	0.173	0.184	0.161	0.159	0.581	0.611	0.271	0.198	0.422	0.543	0.307	0.310	0.183	0.185	0.179	0.176	0.586	0.608	0.271	0.202	0.154	0.562	0.349	0.362	0.180	0.174	0.167	0.162	0.552	0.600	0.279	0.206	0.467	0.531	0.321	0.355	0.181	0.176	0.180	0.154	0.540	0.577	0.226	0.180	0.511	0.522	0.349	0.323	0.158	0.158	0.158	0.144	0.518	0.553	0.233	0.202
30:40:02	0.485	0.540	0.270	0.285	0.160	0.154	0.152	0.146	0.449	0.475	0.296	0.176	0.363	0.559	0.297	0.307	0.177	0.179	0.173	0.160	0.485	0.479	0.267	0.181	0.479	0.535	0.311	0.315	0.178	0.176	0.171	0.175	0.524	0.592	0.273	0.214	0.467	0.548	0.332	0.349	0.173	0.184	0.159	0.158	0.580	0.610	0.271	0.199	0.458	0.542	0.308	0.311	0.183	0.185	0.179	0.177	0.585	0.607	0.271	0.202	0.153	0.561	0.350	0.366	0.181	0.174	0.167	0.161	0.550	0.599	0.280	0.207	0.471	0.530	0.322	0.355	0.181	0.176	0.180	0.154	0.539	0.577	0.227	0.180	0.511	0.521	0.348	0.319	0.158	0.158	0.158	0.144	0.519	0.552	0.234	0.203
31:00:02	0.487	0.538	0.271	0.284	0.159	0.153	0.151	0.145	0.451	0.477	0.296	0.176	0.400	0.555	0.299	0.306	0.177	0.179	0.173	0.159	0.484	0.481	0.267	0.181	0.483	0.533	0.313	0.316	0.178	0.176	0.171	0.175	0.524	0.592	0.273	0.213	0.465	0.546	0.333	0.348	0.174	0.184	0.157	0.157	0.579	0.609	0.271	0.199	0.459	0.541	0.309	0.311	0.183	0.185	0.179	0.177	0.585	0.606	0.272	0.203	0.153	0.559	0.351	0.359	0.180	0.174	0.166	0.160	0.548	0.597	0.280	0.207	0.472	0.528	0.324	0.354	0.181	0.176	0.180	0.153	0.537	0.575	0.227	0.180	0.512	0.519	0.348	0.319	0.157	0.157	0.157	0.143	0.519	0.551	0.236	0.203
31:20:02	0.489	0.536	0.272	0.284	0.157	0.152	0.150	0.144	0.453	0.477	0.296	0.176	0.426	0.553	0.299	0.307	0.177	0.179	0.173	0.157	0.485	0.481	0.267	0.181	0.487	0.532	0.314	0.316	0.178	0.176	0.171	0.175	0.524	0.593	0.273	0.213	0.464	0.544	0.331	0.348	0.173	0.184	0.156	0.157	0.578	0.608	0.271	0.199	0.456	0.539	0.310	0.312	0.183	0.185	0.179	0.177	0.583	0.606	0.272	0.203	0.152	0.557	0.353	0.361	0.181	0.174	0.166	0.160	0.545	0.596	0.281	0.207	0.475	0.527	0.325	0.353	0.181	0.176	0.180	0.153	0.537	0.575	0.228	0.180	0.513	0.516	0.349	0.324	0.157	0.156	0.156	0.144	0.519	0.550	0.237	0.204
31:40:02	0.492	0.534	0.273	0.286	0.156	0.151	0.149	0.144	0.455	0.481	0.298	0.178	0.467	0.550	0.301	0.308	0.176	0.179	0.173	0.156	0.485	0.481	0.268	0.184	0.492	0.529	0.315	0.315	0.179	0.176	0.171	0.175	0.525	0.592	0.273	0.215	0.465	0.543	0.332	0.345	0.172	0.185	0.155	0.156	0.576	0.607	0.271	0.201	0.459	0.538	0.311	0.311	0.184	0.185	0.179	0.177	0.581	0.604	0.273	0.205	0.151	0.554	0.352	0.358	0.181	0.174	0.165	0.158	0.542	0.594	0.281	0.209	0.478	0.525	0.325	0.351	0.181	0.177	0.180	0.151	0.533	0.571	0.227	0.180	0.514	0.514	0.350	0.315	0.156	0.155	0.155	0.142	0.517	0.548	0.236	0.201
32:00:02	0.494	0.533	0.274	0.285	0.155	0.151	0.149	0.143	0.453	0.484	0.298	0.176	0.477	0.549	0.301	0.308	0.177	0.179	0.173	0.155	0.484	0.483	0.268	0.181	0.492	0.529	0.317	0.317	0.179	0.176	0.171	0.175	0.525	0.591	0.273	0.213	0.464	0.542	0.335	0.347	0.173	0.184	0.152	0.155	0.575	0.606	0.270	0.200	0.460	0.537	0.312	0.311	0.183	0.185	0.179	0.177	0.580	0.603	0.272	0.204	0.151	0.553	0.355	0.362	0.181	0.174	0.164	0.158	0.540	0.593	0.281	0.209	0.476	0.524	0.327	0.353	0.181	0.177	0.180	0.151	0.533	0.569	0.229	0.181	0.515	0.513	0.351	0.321	0.155	0.154	0.154	0.142	0.519	0.549	0.241	0.205
32:20:02	0.499	0.531	0.275	0.285	0.154	0.150	0.148	0.143	0.454	0.484	0.299	0.176	0.468	0.547	0.302	0.307	0.177	0.179	0.173	0.153	0.484	0.485	0.268	0.182	0.494	0.528	0.318	0.317	0.179	0.176	0.171	0.175	0.526	0.589	0.273	0.214	0.464	0.541	0.332	0.347	0.173	0.184	0.151	0.154	0.573	0.604	0.271	0.200	0.465	0.535	0.313	0.311	0.184	0.185	0.179	0.178	0.578	0.602	0.273	0.204	0.150	0.552	0.357	0.356	0.181	0.174	0.163	0.157	0.537	0.590	0.281	0.209	0.470	0.522	0.325	0.352	0.181	0.176	0.180	0.150	0.532	0.568	0.230	0.181	0.515	0.512	0.350	0.321	0.155	0.154	0.154	0.142	0.519	0.549	0.242	0.206
32:40:02	0.503	0.529	0.276	0.285	0.153	0.149	0.147	0.142	0.453	0.484	0.298	0.176	0.466	0.545	0.303	0.308	0.177	0.179	0.173	0.152	0.484	0.485	0.268	0.182	0.494	0.527	0.319	0.317	0.179	0.176	0.171	0.175	0.527	0.589	0.273	0.213	0.464	0.539	0.333	0.347	0.173	0.185	0.149	0.153	0.571	0.602	0.270	0.200	0.469	0.534	0.314	0.313	0.183	0.185	0.179	0.178	0.577	0.600	0.272	0.205	0.149	0.550	0.358	0.360	0.181	0.174	0.162	0.156	0.535	0.588	0.281	0.208	0.476	0.520	0.323	0.352	0.181	0.177	0.179	0.149	0.529	0.566	0.230	0.181	0.514	0.509	0.351	0.323	0.153	0.152	0.152	0.142	0.518	0.548	0.244	0.207
33:00:02	0.507	0.528	0.277	0.285	0.152	0.148	0.146	0.141	0.453	0.484	0.298	0.176	0.484	0.544	0.304	0.309	0.177	0.179	0.173	0.151	0.484	0.486	0.267	0.181	0.494	0.526	0.320	0.318	0.179	0.177	0.172	0.175	0.527	0.588	0.272	0.213	0.466	0.536	0.335	0.346	0.173	0.185	0.148	0.152	0.569	0.601	0.271	0.200	0.473	0.533	0.315	0.314	0.183	0.186	0.179	0.178	0.576	0.597	0.274	0.206	0.149	0.550	0.359	0.356	0.182	0.175	0.162	0.155	0.532	0.586	0.281	0.210	0.497	0.518	0.322	0.352	0.181	0.177	0.179	0.149	0.528	0.564	0.230	0.182	0.513	0.507	0.353	0.321	0.153	0.152	0.152	0.141	0.519	0.547	0.246	0.207
33:20:02	0.509	0.526	0.278	0.285	0.150	0.147	0.145	0.141	0.454	0.484	0.299	0.176	0.505	0.542	0.304	0.308	0.176	0.179	0.173	0.149	0.483	0.488	0.267	0.181	0.492	0.524	0.321	0.317	0.179	0.177	0.171	0.175	0.528	0.586	0.272	0.212	0.466	0.534	0.332	0.345	0.173	0.185	0.147	0.150	0.567	0.599	0.270	0.199	0.477	0.532	0.315	0.313	0.184	0.185	0.179	0.178	0.573	0.593	0.273	0.206	0.148	0.550	0.359	0.359	0.181	0.174	0.160	0.154	0.529	0.581	0.281	0.210	0.484	0.517	0.320	0.351	0.180	0.177	0.179	0.148	0.525	0.562	0.231	0.182	0.513	0.506	0.353	0.322	0.152	0.151	0.151	0.141	0.519	0.547	0.246	0.207
33:40:02	0.511	0.524	0.279	0.285	0.149	0.145	0.143	0.140	0.455	0.485	0.299	0.175	0.497	0.541	0.305	0.309	0.176	0.179	0.173	0.147	0.483	0.487	0.267	0.181	0.490	0.522	0.321	0.317	0.179	0.177	0.172	0.175	0.529	0.583	0.271	0.212	0.466	0.532	0.332	0.345	0.173	0.185	0.146	0.148	0.566	0.597	0.269	0.199	0.480	0.530	0.316	0.313	0.184	0.185	0.179	0.178	0.571	0.591	0.272	0.207	0.147	0.547	0.359	0.360	0.181	0.175	0.157	0.152	0.526	0.575	0.281	0.210	0.473	0.515	0.319	0.351	0.180	0.177	0.179	0.146	0.522	0.560	0.231	0.182	0.511	0.505	0.352	0.323	0.150	0.149	0.148	0.140	0.519	0.547	0.247	0.206
34:00:02	0.512	0.522	0.279	0.285	0.147	0.144	0.142	0.139	0.455	0.485	0.299	0.175	0.498	0.539	0.305	0.309	0.176	0.179	0.172	0.145	0.482	0.487	0.267	0.181	0.487	0.521	0.320	0.317	0.179	0.177	0.171	0.175	0.530	0.582	0.271	0.212	0.467	0.531	0.334	0.345	0.173	0.185	0.146	0.146	0.564	0.594	0.268	0.199	0.484	0.529	0.316	0.313	0.182	0.185	0.179	0.178	0.569	0.588	0.272	0.207	0.146	0.545	0.360	0.356	0.181	0.174	0.156	0.150	0.524	0.568	0.281	0.210	0.472	0.513	0.317	0.350	0.180	0.176	0.179	0.145	0.520	0.558	0.232	0.181	0.510	0.503	0.350	0.320	0.149	0.147	0.147	0.139	0.519	0.547	0.249	0.207
34:20:02	0.512	0.520	0.279	0.286	0.146	0.143	0.141	0.139	0.456	0.485	0.300	0.175	0.498	0.538	0.305	0.309	0.176	0.179	0.172	0.144	0.482	0.490	0.267	0.181	0.484	0.520	0.319	0.317	0.179	0.177	0.171	0.174	0.530	0.580	0.270	0.212	0.466	0.529	0.333	0.344	0.173	0.185	0.145	0.145	0.563	0.591	0.268	0.199	0.486	0.528	0.317	0.313	0.183	0.185	0.180	0.178	0.567	0.585	0.272	0.208	0.145	0.542	0.361	0.354	0.181	0.174	0.155	0.150	0.521	0.562	0.281	0.211	0.475	0.511	0.316	0.349	0.180	0.176	0.178	0.144	0.519	0.556	0.232	0.181	0.508	0.502	0.348	0.319	0.148	0.146	0.146	0.139	0.519	0.547	0.252	0.208
34:40:02	0.510	0.518	0.279	0.286	0.145	0.142	0.140	0.138	0.456	0.486	0.300	0.175	0.497	0.535	0.304	0.310	0.176	0.179	0.172	0.143	0.481	0.489	0.267	0.181	0.479	0.519	0.318	0.318	0.179	0.177	0.171	0.174	0.530	0.577	0.271	0.212	0.466	0.527	0.332	0.344	0.173	0.185	0.145	0.143	0.560	0.588	0.269	0.200	0.488	0.526	0.316	0.313	0.182	0.185	0.179	0.178	0.565	0.582	0.272	0.208	0.144	0.541	0.361	0.357	0.181	0.174	0.154	0.149	0.519	0.558	0.282	0.211	0.477	0.509	0.317	0.348	0.179	0.176	0.178	0.144	0.517	0.555	0.233	0.181	0.506	0.501	0.346	0.319	0.147	0.145	0.145	0.139	0.519	0.547	0.253	0.209
35:00:02	0.508	0.516	0.280	0.287	0.145	0.142	0.140	0.138	0.457	0.486	0.301	0.174	0.497	0.534	0.304	0.311	0.176	0.178	0.171	0.142	0.481	0.492	0.268	0.181	0.475	0.517	0.317	0.318	0.179	0.177	0.171	0.173	0.530	0.574	0.272	0.212	0.465	0.526	0.332	0.344	0.173	0.185	0.145	0.143	0.558	0.586	0.269	0.200	0.490	0.525	0.315	0.314	0.182	0.185	0.179	0.178	0.563	0.576	0.273	0.209	0.144	0.540	0.360	0.362	0.182	0.174	0.154	0.149	0.517	0.556	0.282	0.212	0.477	0.508	0.316	0.347	0.179	0.176	0.177	0.143	0.516	0.553	0.234	0.182	0.505	0.499	0.345	0.318	0.146	0.145	0.145	0.139	0.519	0.547	0.255	0.209
35:20:02	0.505	0.514	0.280	0.287	0.144	0.141	0.139	0.138	0.458	0.486	0.301	0.175	0.496	0.532	0.302	0.311	0.176	0.178	0.171	0.140	0.480	0.492	0.268	0.182	0.472	0.516	0.315	0.319	0.179	0.177	0.171	0.173	0.530	0.571	0.271	0.213	0.466	0.523	0.334	0.344	0.173	0.185	0.144	0.141	0.556	0.582	0.268	0.201	0.494	0.524	0.314	0.315	0.182	0.185	0.179	0.178	0.560	0.571	0.273	0.209	0.143	0.539	0.361	0.356	0.181	0.174	0.152	0.147	0.514	0.551	0.283	0.212	0.475	0.506	0.315	0.345	0.178	0.176	0.176	0.142	0.514	0.551	0.234	0.183	0.503	0.499	0.343	0.317	0.145	0.143	0.144	0.138	0.519	0.548	0.255	0.210
35:40:02	0.504	0.512	0.280	0.287	0.143	0.140	0.138	0.138	0.458	0.487	0.301	0.175	0.496	0.531	0.301	0.310	0.176	0.178	0.170	0.140	0.480	0.494	0.268	0.181	0.470	0.515	0.314	0.319	0.179	0.177	0.171	0.172	0.528	0.570	0.272	0.212	0.465	0.522	0.334	0.343	0.173	0.185	0.144	0.141	0.555	0.578	0.269	0.200	0.497	0.522	0.313	0.315	0.182	0.185	0.179	0.178	0.557	0.567	0.273	0.209	0.143	0.537	0.366	0.357	0.181	0.174	0.151	0.147	0.512	0.549	0.283	0.212	0.475	0.505	0.314	0.345	0.178	0.175	0.175	0.142	0.512	0.550	0.235	0.184	0.502	0.497	0.342	0.317	0.144	0.143	0.144	0.138	0.519	0.548	0.257	0.209
36:00:02	0.502	0.511	0.281	0.288	0.142	0.140	0.138	0.137	0.458	0.488	0.302	0.174	0.495	0.529	0.299	0.311	0.175	0.178	0.169	0.139	0.481	0.494	0.268	0.181	0.468	0.514	0.313	0.319	0.179	0.177	0.171	0.172	0.529	0.569	0.272	0.211	0.464	0.521	0.332	0.343	0.173	0.185	0.144	0.141	0.552	0.575	0.268	0.200	0.501	0.521	0.312	0.315	0.182	0.185	0.179	0.178	0.556	0.562	0.273	0.210	0.142	0.536	0.369	0.357	0.181	0.174	0.151	0.146	0.511	0.548	0.283	0.211	0.473	0.503	0.314	0.344	0.177	0.175	0.173	0.141	0.512	0.548	0.235	0.183	0.501	0.498	0.341	0.320	0.144	0.142	0.143	0.138	0.520	0.549	0.258	0.210
36:20:02	0.500	0.509	0.282	0.289	0.142	0.140	0.138	0.137	0.459	0.490	0.303	0.174	0.494	0.528	0.298	0.312	0.175	0.178	0.169	0.139	0.481	0.495	0.269	0.182	0.465	0.513	0.312	0.320	0.179	0.177	0.171	0.171	0.528	0.568	0.272	0.212	0.462	0.520	0.332	0.343	0.173	0.185	0.144	0.141	0.551	0.572	0.269	0.200	0.504	0.521	0.310	0.316	0.183	0.185	0.179	0.178	0.555	0.558	0.274	0.210	0.142	0.534	0.372	0.361	0.180	0.174	0.151	0.146	0.510	0.546	0.284	0.213	0.473	0.502	0.315	0.343	0.177	0.175	0.171	0.141	0.511	0.546	0.236	0.185	0.499	0.496	0.340	0.317	0.144	0.142	0.143	0.138	0.520	0.548	0.259	0.211
36:40:02	0.499	0.508	0.282	0.290	0.142	0.139	0.138	0.137	0.461	0.490	0.303	0.174	0.494	0.526	0.296	0.313	0.176	0.178	0.167	0.138	0.481	0.497	0.269	0.183	0.462	0.512	0.311	0.320	0.179	0.177	0.171	0.170	0.527	0.565	0.273	0.212	0.462	0.519	0.333	0.342	0.173	0.185	0.144	0.140	0.548	0.567	0.269	0.202	0.504	0.519	0.309	0.316	0.183	0.185	0.179	0.179	0.552	0.555	0.276	0.211	0.142	0.533	0.373	0.361	0.181	0.174	0.150	0.146	0.508	0.544	0.285	0.214	0.471	0.500	0.315	0.342	0.176	0.174	0.169	0.141	0.509	0.544	0.237	0.185	0.498	0.497	0.339	0.320	0.143	0.142	0.143	0.138	0.519	0.549	0.260	0.209
37:00:02	0.499	0.507	0.283	0.291	0.142	0.139	0.138	0.137	0.462	0.492	0.304	0.175	0.494	0.525	0.296	0.313	0.176	0.178	0.166	0.138	0.480	0.497	0.270	0.183	0.459	0.511	0.310	0.320	0.179	0.177	0.171	0.169	0.527	0.563	0.273	0.212	0.460	0.516	0.334	0.342	0.173	0.185	0.144	0.141	0.546	0.564	0.270	0.201	0.504	0.518	0.310	0.316	0.183	0.186	0.180	0.179	0.549	0.554	0.277	0.211	0.143	0.531	0.373	0.358	0.181	0.174	0.151	0.146	0.508	0.544	0.285	0.213	0.472	0.499	0.315	0.342	0.175	0.174	0.167	0.141	0.509	0.543	0.237	0.183	0.498	0.495	0.338	0.321	0.143	0.142	0.143	0.138	0.518	0.549	0.261	0.211
37:20:02	0.498	0.506	0.283	0.292	0.141	0.139	0.137	0.137	0.463	0.493	0.305	0.174	0.494	0.524	0.295	0.314	0.175	0.177	0.164	0.137	0.480	0.499	0.270	0.183	0.457	0.510	0.310	0.321	0.179	0.177	0.171	0.168	0.527	0.561	0.273	0.212	0.459	0.515	0.332	0.342	0.173	0.185	0.144	0.140	0.544	0.561	0.270	0.202	0.502	0.517	0.309	0.317	0.183	0.185	0.179	0.179	0.546	0.552	0.276	0.212	0.143	0.531	0.373	0.357	0.181	0.173	0.150	0.146	0.507	0.543	0.286	0.214	0.471	0.498	0.315	0.341	0.174	0.173	0.165	0.141	0.507	0.542	0.238	0.186	0.496	0.495	0.338	0.318	0.143	0.142	0.143	0.138	0.519	0.550	0.261	0.210
37:40:02	0.496	0.505	0.283	0.292	0.141	0.139	0.137	0.137	0.464	0.493	0.305	0.174	0.494	0.523	0.294	0.313	0.175	0.177	0.162	0.137	0.481	0.502	0.271	0.183	0.456	0.509	0.309	0.320	0.179	0.177	0.170	0.167	0.527	0.561	0.274	0.213	0.460	0.514	0.333	0.341	0.173	0.185	0.144	0.140	0.541	0.558	0.271	0.201	0.500	0.516	0.308	0.318	0.183	0.185	0.179	0.179	0.543	0.552	0.277	0.211	0.143	0.529	0.374	0.353	0.181	0.173	0.150	0.146	0.506	0.543	0.286	0.214	0.471	0.497	0.315	0.341	0.173	0.173	0.162	0.141	0.507	0.542	0.239	0.186	0.496	0.496	0.338	0.319	0.143	0.141	0.143	0.138	0.519	0.549	0.264	0.211
38:00:02	0.495	0.504	0.282	0.293	0.141	0.138	0.137	0.137	0.464	0.496	0.305	0.174	0.494	0.521	0.293	0.312	0.175	0.177	0.160	0.136	0.481	0.500	0.272	0.183	0.454	0.508	0.308	0.320	0.179	0.177	0.170	0.165	0.528	0.561	0.274	0.213	0.460	0.513	0.335	0.340	0.173	0.185	0.144	0.140	0.539	0.555	0.271	0.201	0.498	0.515	0.308	0.318	0.183	0.185	0.179	0.179	0.541	0.550	0.277	0.211	0.143	0.528	0.373	0.354	0.181	0.173	0.150	0.145	0.505	0.541	0.286	0.214	0.471	0.496	0.316	0.341	0.172	0.172	0.160	0.141	0.506	0.541	0.239	0.185	0.495	0.493	0.337	0.320	0.143	0.141	0.142	0.137	0.518	0.549	0.264	0.211
38:20:02	0.494	0.503	0.282	0.295	0.141	0.138	0.137	0.137	0.465	0.496	0.305	0.174	0.493	0.520	0.292	0.312	0.175	0.177	0.158	0.136	0.481	0.500	0.271	0.184	0.455	0.507	0.308	0.321	0.179	0.177	0.170	0.163	0.528	0.560	0.275	0.213	0.459	0.511	0.337	0.340	0.173	0.185	0.144	0.140	0.536	0.553	0.272	0.202	0.496	0.514	0.307	0.319	0.183	0.186	0.179	0.179	0.538	0.549	0.278	0.212	0.144	0.526	0.373	0.353	0.181	0.173	0.150	0.145	0.504	0.540	0.287	0.214	0.472	0.494	0.317	0.340	0.171	0.171	0.158	0.141	0.505	0.539	0.240	0.185	0.494	0.492	0.337	0.326	0.143	0.142	0.143	0.138	0.517	0.550	0.266	0.212
38:40:02	0.493	0.502	0.281	0.296	0.140	0.138	0.137	0.137	0.466	0.496	0.307	0.174	0.493	0.519	0.292	0.315	0.175	0.177	0.156	0.135	0.481	0.502	0.272	0.184	0.454	0.507	0.308	0.321	0.179	0.177	0.170	0.162	0.528	0.558	0.275	0.213	0.460	0.510	0.337	0.340	0.173	0.185	0.144	0.140	0.533	0.552	0.272	0.203	0.493	0.513	0.307	0.319	0.183	0.186	0.179	0.179	0.536	0.548	0.279	0.213	0.144	0.526	0.373	0.352	0.180	0.173	0.150	0.145	0.503	0.538	0.288	0.213	0.472	0.494	0.317	0.339	0.169	0.169	0.155	0.140	0.504	0.538	0.240	0.183	0.494	0.493	0.337	0.323	0.143	0.141	0.142	0.137	0.517	0.550	0.266	0.213
39:00:02	0.492	0.502	0.281	0.297	0.141	0.138	0.138	0.138	0.467	0.498	0.307	0.175	0.494	0.519	0.292	0.315	0.175	0.176	0.155	0.136	0.482	0.505	0.273	0.184	0.455	0.507	0.308	0.322	0.179	0.177	0.170	0.160	0.529	0.557	0.276	0.214	0.460	0.510	0.338	0.340	0.174	0.185	0.144	0.140	0.531	0.552	0.273	0.203	0.491	0.512	0.307	0.319	0.183	0.186	0.180	0.179	0.534	0.548	0.281	0.213	0.145	0.525	0.373	0.360	0.180	0.172	0.150	0.146	0.504	0.540	0.288	0.214	0.473	0.494	0.318	0.340	0.168	0.168	0.154	0.141	0.504	0.538	0.241	0.184	0.494	0.494	0.337	0.325	0.143	0.142	0.143	0.138	0.518	0.551	0.268	0.213
39:20:02	0.490	0.501	0.280	0.299	0.141	0.138	0.138	0.138	0.469	0.498	0.308	0.174	0.493	0.518	0.291	0.316	0.175	0.176	0.153	0.136	0.483	0.506	0.273	0.184	0.454	0.505	0.308	0.322	0.179	0.177	0.170	0.159	0.530	0.557	0.277	0.213	0.462	0.508	0.337	0.339	0.174	0.185	0.144	0.140	0.528	0.551	0.273	0.204	0.488	0.512	0.307	0.319	0.183	0.186	0.180	0.179	0.530	0.547	0.280	0.214	0.146	0.523	0.374	0.356	0.180	0.172	0.150	0.146	0.503	0.538	0.289	0.215	0.472	0.493	0.318	0.340	0.167	0.167	0.153	0.141	0.504	0.537	0.242	0.186	0.494	0.493	0.337	0.327	0.143	0.142	0.143	0.138	0.518	0.552	0.269	0.214
39:40:02	0.488	0.499	0.279	0.299	0.140	0.137	0.137	0.137	0.469	0.497	0.307	0.174	0.492	0.516	0.291	0.315	0.175	0.176	0.151	0.135	0.482	0.506	0.273	0.184	0.456	0.504	0.309	0.323	0.179	0.177	0.170	0.157	0.530	0.556	0.276	0.214	0.462	0.507	0.337	0.338	0.174	0.185	0.144	0.139	0.525	0.550	0.273	0.205	0.486	0.511	0.307	0.320	0.183	0.186	0.180	0.179	0.527	0.546	0.281	0.215	0.147	0.523	0.373	0.359	0.179	0.172	0.149	0.144	0.502	0.536	0.289	0.215	0.471	0.492	0.320	0.339	0.166	0.165	0.151	0.140	0.503	0.536	0.242	0.185	0.492	0.493	0.336	0.328	0.142	0.141	0.142	0.137	0.517	0.551	0.270	0.215
40:00:02	0.487	0.499	0.279	0.301	0.140	0.138	0.137	0.137	0.470	0.498	0.308	0.175	0.492	0.515	0.291	0.317	0.174	0.175	0.150	0.136	0.482	0.505	0.274	0.185	0.455	0.504	0.309	0.323	0.179	0.177	0.169	0.155	0.531	0.556	0.277	0.214	0.463	0.506	0.337	0.338	0.174	0.185	0.144	0.140	0.522	0.549	0.274	0.204	0.484	0.510	0.308	0.320	0.183	0.186	0.180	0.179	0.525	0.545	0.281	0.214	0.149	0.521	0.372	0.354	0.181	0.172	0.150	0.146	0.502	0.536	0.290	0.216	0.472	0.491	0.321	0.340	0.165	0.163	0.151	0.141	0.502	0.535	0.243	0.188	0.493	0.492	0.337	0.329	0.143	0.141	0.142	0.138	0.516	0.551	0.271	0.215
40:20:02	0.486	0.498	0.279	0.302	0.140	0.138	0.137	0.137	0.471	0.498	0.309	0.174	0.492	0.513	0.291	0.316	0.175	0.175	0.149	0.135	0.482	0.507	0.274	0.185	0.455	0.503	0.309	0.324	0.180	0.177	0.169	0.154	0.532	0.554	0.277	0.214	0.463	0.505	0.336	0.337	0.174	0.186	0.144	0.140	0.520	0.547	0.274	0.204	0.482	0.510	0.308	0.320	0.183	0.186	0.180	0.179	0.523	0.544	0.281	0.215	0.150	0.521	0.371	0.352	0.180	0.171	0.150	0.146	0.501	0.536	0.290	0.216	0.471	0.492	0.322	0.340	0.164	0.162	0.150	0.141	0.501	0.534	0.243	0.187	0.492	0.493	0.337	0.329	0.143	0.141	0.142	0.138	0.516	0.550	0.272	0.214
40:40:02	0.488	0.497	0.278	0.303	0.140	0.137	0.137	0.137	0.471	0.498	0.309	0.175	0.491	0.512	0.291	0.316	0.175	0.175	0.148	0.135	0.481	0.505	0.274	0.185	0.457	0.502	0.310	0.324	0.180	0.177	0.169	0.152	0.532	0.553	0.278	0.214	0.462	0.503	0.336	0.337	0.174	0.186	0.144	0.139	0.517	0.548	0.275	0.205	0.481	0.509	0.308	0.321	0.184	0.186	0.180	0.179	0.521	0.544	0.281	0.215	0.152	0.519	0.371	0.355	0.180	0.171	0.150	0.145	0.500	0.534	0.291	0.217	0.471	0.490	0.323	0.339	0.162	0.160	0.149	0.140	0.500	0.533	0.244	0.189	0.492	0.491	0.337	0.329	0.143	0.141	0.142	0.138	0.515	0.551	0.271	0.216
41:00:02	0.492	0.497	0.279	0.304	0.140	0.138	0.138	0.138	0.472	0.500	0.310	0.175	0.490	0.512	0.292	0.316	0.175	0.174	0.147	0.136	0.483	0.507	0.275	0.185	0.458	0.501	0.312	0.325	0.180	0.178	0.169	0.151	0.533	0.553	0.278	0.214	0.461	0.503	0.337	0.336	0.174	0.186	0.145	0.140	0.515	0.547	0.276	0.206	0.479	0.508	0.309	0.321	0.184	0.187	0.180	0.179	0.519	0.543	0.284	0.216	0.153	0.518	0.370	0.360	0.180	0.171	0.151	0.146	0.500	0.534	0.291	0.218	0.471	0.490	0.325	0.340	0.161	0.158	0.149	0.141	0.501	0.532	0.245	0.189	0.492	0.491	0.337	0.328	0.143	0.142	0.143	0.138	0.515	0.551	0.272	0.216
41:20:02	0.493	0.496	0.279	0.306	0.140	0.138	0.138	0.138	0.474	0.500	0.310	0.175	0.490	0.511	0.292	0.318	0.175	0.173	0.147	0.136	0.484	0.508	0.276	0.186	0.459	0.501	0.313	0.325	0.180	0.177	0.168	0.150	0.534	0.554	0.279	0.214	0.462	0.502	0.337	0.336	0.174	0.186	0.145	0.140	0.515	0.546	0.276	0.206	0.478	0.507	0.309	0.322	0.184	0.186	0.180	0.179	0.517	0.542	0.284	0.216	0.154	0.516	0.370	0.351	0.180	0.170	0.151	0.146	0.499	0.533	0.292	0.218	0.471	0.490	0.327	0.340	0.160	0.157	0.149	0.141	0.500	0.532	0.245	0.189	0.492	0.491	0.338	0.327	0.143	0.142	0.143	0.138	0.515	0.552	0.274	0.217
41:40:02	0.498	0.496	0.279	0.307	0.140	0.138	0.138	0.138	0.474	0.500	0.310	0.175	0.489	0.511	0.293	0.318	0.174	0.172	0.146	0.136	0.483	0.509	0.276	0.186	0.460	0.500	0.314	0.325	0.180	0.177	0.167	0.148	0.536	0.553	0.280	0.215	0.462	0.500	0.337	0.336	0.174	0.186	0.145	0.140	0.514	0.545	0.276	0.207	0.478	0.507	0.310	0.323	0.184	0.186	0.180	0.179	0.515	0.541	0.285	0.217	0.154	0.516	0.369	0.351	0.180	0.169	0.151	0.146	0.499	0.532	0.293	0.217	0.470	0.489	0.328	0.340	0.159	0.155	0.149	0.141	0.499	0.533	0.246	0.188	0.492	0.491	0.338	0.328	0.143	0.142	0.143	0.138	0.514	0.551	0.273	0.217
42:00:02	0.496	0.495	0.279	0.308	0.140	0.138	0.138	0.138	0.475	0.501	0.311	0.175	0.489	0.510	0.294	0.318	0.174	0.171	0.145	0.136	0.483	0.510	0.277	0.186	0.461	0.500	0.316	0.326	0.180	0.177	0.167	0.147	0.536	0.552	0.280	0.215	0.462	0.500	0.338	0.335	0.174	0.186	0.145	0.140	0.513	0.544	0.277	0.206	0.478	0.506	0.310	0.323	0.184	0.186	0.180	0.179	0.514	0.540	0.285	0.215	0.156	0.514	0.368	0.352	0.179	0.168	0.151	0.146	0.498	0.531	0.293	0.218	0.470	0.489	0.329	0.341	0.158	0.153	0.148	0.141	0.499	0.532	0.247	0.190	0.491	0.491	0.338	0.327	0.143	0.142	0.143	0.138	0.514	0.550	0.274	0.216
42:20:02	0.491	0.494	0.279	0.309	0.139	0.137	0.137	0.137	0.475	0.502	0.311	0.176	0.487	0.508	0.293	0.319	0.174	0.170	0.144	0.135	0.483	0.510	0.277	0.186	0.461	0.499	0.317	0.326	0.180	0.177	0.166	0.146	0.538	0.551	0.279	0.214	0.465	0.499	0.338	0.334	0.174	0.186	0.144	0.139	0.511	0.543	0.276	0.207	0.478	0.505	0.311	0.323	0.184	0.186	0.180	0.179	0.512	0.539	0.285	0.217	0.157	0.513	0.367	0.359	0.179	0.167	0.150	0.145	0.496	0.530	0.293	0.218	0.470	0.488	0.331	0.340	0.157	0.152	0.147	0.140	0.498	0.533	0.247	0.190	0.490	0.491	0.338	0.327	0.143	0.141	0.142	0.138	0.513	0.551	0.274	0.218
42:40:02	0.488	0.494	0.279	0.311	0.140	0.138	0.138	0.138	0.476	0.504	0.311	0.176	0.487	0.507	0.295	0.320	0.173	0.168	0.144	0.136	0.484	0.511	0.277	0.186	0.463	0.498	0.318	0.326	0.180	0.177	0.165	0.145	0.539	0.552	0.280	0.215	0.466	0.499	0.339	0.334	0.174	0.186	0.144	0.140	0.510	0.543	0.277	0.207	0.478	0.504	0.312	0.323	0.184	0.186	0.180	0.179	0.511	0.540	0.287	0.216	0.159	0.511	0.366	0.352	0.179	0.167	0.151	0.146	0.497	0.529	0.294	0.219	0.470	0.487	0.332	0.341	0.156	0.151	0.148	0.141	0.497	0.531	0.247	0.191	0.490	0.490	0.338	0.333	0.143	0.142	0.143	0.138	0.513	0.551	0.275	0.219
43:00:02	0.489	0.493	0.279	0.311	0.139	0.137	0.137	0.137	0.477	0.505	0.312	0.176	0.485	0.506	0.294	0.320	0.173	0.166	0.143	0.135	0.483	0.511	0.278	0.187	0.463	0.498	0.319	0.326	0.180	0.177	0.164	0.144	0.539	0.550	0.280	0.215	0.467	0.498	0.340	0.333	0.174	0.185	0.144	0.139	0.510	0.541	0.277	0.208	0.477	0.504	0.312	0.324	0.184	0.186	0.180	0.179	0.509	0.538	0.286	0.217	0.160	0.512	0.366	0.361	0.178	0.165	0.149	0.145	0.495	0.528	0.294	0.218	0.469	0.487	0.334	0.340	0.155	0.149	0.147	0.140	0.498	0.530	0.248	0.190	0.489	0.491	0.338	0.328	0.143	0.141	0.142	0.138	0.513	0.551	0.274	0.220
43:20:02	0.489	0.492	0.279	0.313	0.138	0.137	0.137	0.137	0.477	0.504	0.312	0.176	0.484	0.506	0.294	0.319	0.172	0.165	0.142	0.135	0.483	0.510	0.277	0.187	0.464	0.497	0.320	0.327	0.180	0.177	0.163	0.143	0.540	0.550	0.280	0.214	0.467	0.496	0.339	0.332	0.174	0.185	0.144	0.139	0.509	0.540	0.277	0.208	0.478	0.503	0.313	0.324	0.184	0.186	0.180	0.179	0.507	0.537	0.287	0.218	0.161	0.509	0.365	0.354	0.178	0.165	0.149	0.144	0.494	0.527	0.294	0.218	0.469	0.486	0.335	0.339	0.154	0.148	0.147	0.140	0.498	0.529	0.248	0.191	0.489	0.489	0.338	0.329	0.142	0.141	0.142	0.138	0.512	0.551	0.275	0.221
43:40:02	0.490	0.492	0.280	0.314	0.139	0.137	0.137	0.137	0.479	0.504	0.312	0.177	0.483	0.505	0.295	0.320	0.171	0.164	0.142	0.135	0.483	0.511	0.278	0.188	0.468	0.496	0.321	0.327	0.180	0.177	0.162	0.143	0.541	0.549	0.280	0.215	0.467	0.496	0.339	0.332	0.174	0.186	0.144	0.139	0.509	0.540	0.277	0.209	0.478	0.503	0.313	0.324	0.184	0.186	0.180	0.179	0.506	0.536	0.288	0.218	0.164	0.508	0.364	0.352	0.177	0.164	0.149	0.145	0.494	0.526	0.295	0.219	0.469	0.486	0.337	0.339	0.153	0.147	0.147	0.140	0.497	0.528	0.249	0.192	0.489	0.488	0.338	0.329	0.142	0.141	0.142	0.138	0.512	0.551	0.275	0.220
44:00:02	0.482	0.490	0.279	0.314	0.138	0.137	0.137	0.137	0.480	0.506	0.313	0.177	0.481	0.504	0.296	0.320	0.170	0.162	0.142	0.135	0.484	0.512	0.278	0.188	0.472	0.495	0.323	0.327	0.180	0.177	0.161	0.142	0.541	0.548	0.280	0.215	0.467	0.494	0.340	0.331	0.174	0.185	0.143	0.138	0.508	0.539	0.277	0.208	0.477	0.502	0.314	0.325	0.184	0.186	0.180	0.178	0.505	0.535	0.287	0.218	0.167	0.507	0.363	0.354	0.177	0.162	0.148	0.144	0.493	0.524	0.295	0.219	0.467	0.485	0.337	0.338	0.152	0.146	0.146	0.139	0.495	0.527	0.249	0.192	0.488	0.489	0.338	0.329	0.141	0.140	0.141	0.137	0.512	0.552	0.274	0.221
44:20:02	0.489	0.491	0.281	0.316	0.139	0.137	0.137	0.137	0.479	0.504	0.313	0.178	0.481	0.504	0.298	0.321	0.169	0.161	0.142	0.135	0.484	0.511	0.278	0.188	0.477	0.495	0.324	0.328	0.179	0.177	0.160	0.141	0.542	0.548	0.281	0.215	0.468	0.494	0.341	0.332	0.174	0.185	0.144	0.139	0.507	0.539	0.278	0.209	0.478	0.501	0.314	0.325	0.184	0.186	0.180	0.178	0.504	0.535	0.287	0.218	0.174	0.506	0.362	0.358	0.177	0.161	0.150	0.145	0.493	0.523	0.296	0.219	0.469	0.485	0.339	0.338	0.151	0.145	0.147	0.140	0.494	0.526	0.250	0.193	0.490	0.489	0.338	0.335	0.142	0.141	0.142	0.138	0.511	0.551	0.274	0.221
44:40:02	0.491	0.491	0.282	0.318	0.139	0.138	0.138	0.138	0.481	0.506	0.314	0.178	0.481	0.502	0.297	0.321	0.168	0.159	0.142	0.136	0.485	0.512	0.279	0.189	0.479	0.495	0.324	0.328	0.179	0.177	0.159	0.141	0.543	0.548	0.282	0.216	0.467	0.495	0.341	0.332	0.174	0.186	0.145	0.140	0.507	0.538	0.279	0.210	0.479	0.501	0.315	0.326	0.184	0.186	0.180	0.178	0.504	0.535	0.289	0.219	0.184	0.506	0.361	0.352	0.176	0.160	0.151	0.146	0.493	0.524	0.297	0.220	0.469	0.486	0.340	0.339	0.151	0.145	0.148	0.141	0.495	0.525	0.251	0.193	0.489	0.489	0.339	0.332	0.143	0.142	0.143	0.138	0.512	0.551	0.275	0.222
45:00:02	0.492	0.490	0.282	0.318	0.139	0.138	0.138	0.137	0.481	0.508	0.314	0.177	0.480	0.502	0.301	0.321	0.168	0.158	0.142	0.136	0.485	0.512	0.279	0.188	0.480	0.494	0.325	0.328	0.179	0.177	0.158	0.141	0.544	0.547	0.281	0.215	0.466	0.492	0.341	0.330	0.174	0.185	0.144	0.139	0.506	0.539	0.279	0.209	0.479	0.500	0.316	0.325	0.184	0.186	0.180	0.177	0.503	0.534	0.288	0.219	0.196	0.504	0.360	0.355	0.176	0.159	0.149	0.145	0.492	0.523	0.297	0.220	0.468	0.485	0.341	0.338	0.151	0.144	0.147	0.140	0.494	0.525	0.251	0.194	0.488	0.488	0.338	0.331	0.142	0.141	0.141	0.137	0.511	0.551	0.274	0.223
45:20:03	0.500	0.489	0.283	0.319	0.139	0.137	0.137	0.137	0.482	0.507	0.315	0.178	0.479	0.501	0.299	0.321	0.166	0.156	0.141	0.135	0.486	0.515	0.280	0.189	0.480	0.493	0.325	0.328	0.179	0.177	0.156	0.140	0.545	0.546	0.282	0.216	0.467	0.493	0.341	0.330	0.174	0.186	0.144	0.139	0.505	0.536	0.279	0.209	0.479	0.499	0.316	0.325	0.183	0.186	0.179	0.177	0.501	0.532	0.289	0.218	0.212	0.504	0.359	0.351	0.176	0.157	0.150	0.145	0.491	0.522	0.297	0.220	0.468	0.484	0.341	0.337	0.149	0.143	0.147	0.140	0.494	0.526	0.251	0.194	0.488	0.489	0.339	0.334	0.142	0.141	0.142	0.138	0.510	0.551	0.272	0.222
45:40:02	0.501	0.489	0.283	0.320	0.138	0.137	0.137	0.137	0.484	0.509	0.315	0.178	0.478	0.500	0.300	0.320	0.165	0.155	0.141	0.135	0.486	0.513	0.280	0.190	0.478	0.493	0.325	0.328	0.179	0.177	0.155	0.139	0.546	0.545	0.281	0.216	0.465	0.492	0.341	0.330	0.174	0.185	0.144	0.139	0.504	0.536	0.279	0.210	0.480	0.499	0.317	0.326	0.183	0.186	0.179	0.176	0.501	0.532	0.289	0.219	0.223	0.503	0.358	0.352	0.175	0.156	0.149	0.145	0.490	0.520	0.298	0.220	0.468	0.484	0.342	0.337	0.149	0.142	0.146	0.140	0.493	0.525	0.252	0.195	0.488	0.488	0.339	0.333	0.142	0.140	0.141	0.138	0.510	0.550	0.272	0.222
46:00:03	0.510	0.488	0.285	0.321	0.138	0.137	0.137	0.137	0.484	0.510	0.316	0.179	0.477	0.499	0.302	0.321	0.164	0.154	0.140	0.135	0.486	0.515	0.280	0.190	0.477	0.492	0.325	0.328	0.179	0.176	0.154	0.139	0.546	0.543	0.282	0.216	0.463	0.491	0.341	0.327	0.174	0.185	0.144	0.139	0.504	0.535	0.279	0.210	0.481	0.499	0.317	0.325	0.183	0.186	0.179	0.176	0.501	0.532	0.290	0.220	0.234	0.501	0.357	0.355	0.173	0.155	0.149	0.145	0.489	0.520	0.298	0.220	0.467	0.483	0.343	0.337	0.148	0.142	0.147	0.140	0.492	0.525	0.252	0.194	0.486	0.487	0.339	0.335	0.142	0.141	0.141	0.138	0.510	0.551	0.271	0.224
46:20:03	0.518	0.487	0.286	0.322	0.138	0.137	0.137	0.137	0.485	0.508	0.316	0.179	0.477	0.498	0.302	0.320	0.163	0.153	0.140	0.135	0.487	0.514	0.280	0.191	0.476	0.492	0.326	0.329	0.179	0.176	0.153	0.139	0.547	0.544	0.282	0.216	0.464	0.491	0.341	0.327	0.174	0.185	0.144	0.139	0.503	0.535	0.279	0.210	0.482	0.497	0.318	0.326	0.183	0.186	0.179	0.175	0.500	0.532	0.290	0.220	0.243	0.501	0.356	0.351	0.174	0.155	0.149	0.145	0.489	0.518	0.298	0.220	0.467	0.483	0.344	0.337	0.148	0.142	0.147	0.140	0.492	0.524	0.252	0.195	0.486	0.486	0.339	0.335	0.142	0.141	0.141	0.138	0.510	0.551	0.271	0.223
46:40:03	0.527	0.487	0.287	0.324	0.139	0.138	0.138	0.138	0.486	0.510	0.316	0.180	0.476	0.498	0.304	0.321	0.161	0.152	0.140	0.136	0.488	0.515	0.281	0.191	0.475	0.491	0.327	0.329	0.178	0.176	0.152	0.140	0.548	0.544	0.282	0.216	0.461	0.490	0.341	0.327	0.173	0.184	0.144	0.139	0.504	0.535	0.280	0.211	0.486	0.497	0.319	0.326	0.183	0.185	0.179	0.174	0.500	0.532	0.290	0.220	0.252	0.500	0.356	0.352	0.173	0.154	0.150	0.146	0.489	0.519	0.299	0.220	0.467	0.483	0.346	0.338	0.148	0.142	0.147	0.141	0.493	0.524	0.252	0.195	0.486	0.487	0.340	0.335	0.142	0.141	0.142	0.138	0.510	0.552	0.270	0.224
47:00:03	0.531	0.485	0.288	0.324	0.138	0.137	0.137	0.137	0.486	0.510	0.316	0.180	0.475	0.496	0.304	0.321	0.160	0.152	0.139	0.135	0.487	0.514	0.281	0.192	0.478	0.490	0.327	0.329	0.178	0.176	0.152	0.139	0.547	0.543	0.282	0.216	0.460	0.489	0.340	0.325	0.173	0.185	0.143	0.138	0.502	0.534	0.279	0.210	0.488	0.497	0.319	0.326	0.182	0.185	0.178	0.174	0.498	0.530	0.290	0.220	0.265	0.499	0.354	0.352	0.173	0.153	0.149	0.144	0.488	0.518	0.299	0.220	0.467	0.482	0.349	0.337	0.147	0.142	0.147	0.140	0.491	0.523	0.253	0.195	0.485	0.486	0.339	0.335	0.142	0.140	0.141	0.137	0.509	0.551	0.269	0.223
47:20:03	0.532	0.485	0.290	0.326	0.139	0.138	0.138	0.137	0.486	0.510	0.316	0.181	0.475	0.496	0.304	0.321	0.160	0.152	0.141	0.136	0.487	0.514	0.281	0.192	0.480	0.490	0.327	0.329	0.178	0.176	0.151	0.140	0.548	0.543	0.283	0.216	0.460	0.488	0.340	0.325	0.173	0.185	0.144	0.139	0.503	0.534	0.280	0.212	0.490	0.496	0.320	0.326	0.182	0.185	0.178	0.173	0.499	0.530	0.292	0.220	0.286	0.499	0.354	0.351	0.172	0.153	0.151	0.147	0.488	0.518	0.300	0.221	0.467	0.482	0.350	0.340	0.149	0.143	0.148	0.141	0.491	0.523	0.253	0.196	0.484	0.485	0.340	0.335	0.143	0.141	0.142	0.138	0.508	0.551	0.269	0.224
47:40:03	0.532	0.484	0.292	0.327	0.139	0.138	0.137	0.137	0.486	0.510	0.317	0.182	0.475	0.495	0.305	0.320	0.160	0.152	0.140	0.136	0.488	0.516	0.280	0.193	0.481	0.489	0.327	0.329	0.178	0.176	0.151	0.140	0.548	0.541	0.282	0.217	0.459	0.488	0.340	0.324	0.173	0.185	0.144	0.139	0.502	0.532	0.280	0.211	0.492	0.495	0.320	0.326	0.182	0.185	0.178	0.172	0.499	0.529	0.291	0.221	0.291	0.498	0.353	0.349	0.171	0.153	0.151	0.146	0.487	0.517	0.301	0.221	0.466	0.481	0.349	0.339	0.149	0.143	0.148	0.141	0.490	0.522	0.253	0.198	0.483	0.485	0.340	0.337	0.142	0.141	0.142	0.138	0.508	0.551	0.270	0.224
48:00:03	0.529	0.483	0.293	0.327	0.138	0.137	0.137	0.137	0.485	0.511	0.316	0.182	0.473	0.493	0.308	0.321	0.159	0.150	0.139	0.135	0.487	0.514	0.280	0.193	0.480	0.488	0.328	0.329	0.178	0.175	0.150	0.139	0.548	0.539	0.281	0.215	0.460	0.487	0.340	0.322	0.173	0.184	0.143	0.139	0.500	0.531	0.279	0.212	0.493	0.495	0.321	0.326	0.182	0.185	0.178	0.171	0.498	0.528	0.291	0.221	0.316	0.497	0.352	0.353	0.171	0.151	0.149	0.144	0.486	0.515	0.301	0.222	0.466	0.480	0.348	0.338	0.147	0.141	0.146	0.140	0.489	0.521	0.253	0.199	0.483	0.483	0.340	0.340	0.142	0.140	0.141	0.137	0.508	0.552	0.269	0.224

