Field Group

Plate Comment:	
Procedure Summary
  Plate Type:              Corning 96 well for LogPhase600
  Plate Number:            4
  Discontinuous Kinetics:  Runtime 02:00:00 (D:HH:MM), Interval 00:20:00 (HH:MM:SS), 145 Reads (max)
  Read:                    600 nm
  Incubator:               On
    Temperature setpoint:  30 °C
    Temperature gradient:  Off
  Shaking:                 On
     Shaking frequency:    600 RPMs		
			
			

600

Time	A1	A2	A3	A4	A5	A6	A7	A8	A9	A10	A11	A12	B1	B2	B3	B4	B5	B6	B7	B8	B9	B10	B11	B12	C1	C2	C3	C4	C5	C6	C7	C8	C9	C10	C11	C12	D1	D2	D3	D4	D5	D6	D7	D8	D9	D10	D11	D12	E1	E2	E3	E4	E5	E6	E7	E8	E9	E10	E11	E12	F1	F2	F3	F4	F5	F6	F7	F8	F9	F10	F11	F12	G1	G2	G3	G4	G5	G6	G7	G8	G9	G10	G11	G12	H1	H2	H3	H4	H5	H6	H7	H8	H9	H10	H11	H12
0:00:00	0.115	0.117	0.121	0.117	0.116	0.117	0.128	0.117	0.120	0.123	0.124	0.118	0.119	0.117	0.117	0.119	0.120	0.115	0.116	0.114	0.121	0.120	0.119	0.125	0.118	0.118	0.115	0.120	0.119	0.115	0.116	0.116	0.117	0.119	0.118	0.121	0.117	0.119	0.105	0.120	0.121	0.114	0.121	0.102	0.101	0.105	0.112	0.121	0.116	0.116	0.124	0.117	0.115	0.116	0.116	0.116	0.119	0.118	0.119	0.121	0.118	0.117	0.116	0.117	0.116	0.115	0.121	0.115	0.119	0.117	0.122	0.124	0.117	0.115	0.117	0.122	0.115	0.124	0.119	0.117	0.120	0.120	0.119	0.117	0.119	0.119	0.118	0.122	0.115	0.115	0.115	0.116	0.118	0.118	0.117	0.122
0:20:00	0.115	0.117	0.121	0.117	0.116	0.117	0.129	0.117	0.121	0.123	0.125	0.119	0.118	0.116	0.117	0.118	0.119	0.114	0.116	0.114	0.121	0.120	0.120	0.126	0.117	0.118	0.115	0.120	0.119	0.114	0.116	0.116	0.117	0.119	0.118	0.121	0.117	0.119	0.116	0.120	0.121	0.120	0.120	0.102	0.101	0.105	0.112	0.121	0.117	0.116	0.124	0.117	0.115	0.116	0.116	0.116	0.120	0.118	0.120	0.121	0.118	0.117	0.116	0.117	0.115	0.115	0.121	0.114	0.119	0.117	0.122	0.124	0.117	0.115	0.117	0.123	0.115	0.124	0.118	0.116	0.120	0.119	0.119	0.117	0.120	0.119	0.117	0.122	0.116	0.115	0.115	0.115	0.118	0.119	0.118	0.122
0:40:00	0.115	0.116	0.121	0.117	0.115	0.117	0.129	0.117	0.121	0.123	0.126	0.119	0.118	0.116	0.116	0.118	0.118	0.114	0.116	0.114	0.121	0.120	0.120	0.126	0.117	0.118	0.116	0.121	0.119	0.114	0.116	0.116	0.117	0.118	0.118	0.122	0.117	0.119	0.121	0.121	0.120	0.120	0.120	0.102	0.101	0.105	0.112	0.121	0.117	0.116	0.124	0.117	0.115	0.116	0.116	0.116	0.120	0.118	0.120	0.121	0.118	0.116	0.117	0.117	0.114	0.114	0.120	0.114	0.118	0.117	0.122	0.124	0.117	0.115	0.117	0.123	0.115	0.124	0.118	0.115	0.120	0.118	0.119	0.117	0.121	0.119	0.118	0.123	0.115	0.114	0.115	0.115	0.118	0.119	0.118	0.122
1:00:00	0.116	0.116	0.122	0.118	0.116	0.117	0.129	0.117	0.121	0.123	0.127	0.120	0.118	0.116	0.117	0.118	0.118	0.114	0.116	0.114	0.121	0.120	0.121	0.127	0.116	0.118	0.116	0.121	0.119	0.114	0.115	0.116	0.117	0.118	0.119	0.122	0.117	0.118	0.122	0.121	0.120	0.120	0.120	0.102	0.101	0.105	0.113	0.122	0.117	0.116	0.125	0.118	0.115	0.116	0.116	0.116	0.120	0.118	0.120	0.122	0.118	0.116	0.117	0.118	0.114	0.114	0.120	0.114	0.118	0.118	0.122	0.124	0.117	0.115	0.118	0.124	0.115	0.124	0.117	0.115	0.120	0.118	0.120	0.118	0.121	0.119	0.119	0.123	0.115	0.114	0.114	0.115	0.118	0.118	0.119	0.123
1:20:00	0.116	0.116	0.124	0.119	0.116	0.117	0.129	0.117	0.121	0.124	0.128	0.121	0.119	0.116	0.119	0.119	0.117	0.113	0.115	0.114	0.121	0.119	0.121	0.127	0.116	0.118	0.118	0.122	0.119	0.114	0.115	0.116	0.117	0.118	0.120	0.123	0.117	0.119	0.123	0.122	0.120	0.119	0.120	0.101	0.101	0.105	0.114	0.123	0.117	0.116	0.126	0.119	0.115	0.116	0.116	0.116	0.120	0.118	0.121	0.123	0.118	0.116	0.118	0.119	0.114	0.114	0.120	0.113	0.117	0.117	0.124	0.126	0.117	0.115	0.119	0.126	0.115	0.124	0.117	0.114	0.120	0.118	0.121	0.119	0.121	0.119	0.120	0.124	0.115	0.114	0.114	0.115	0.118	0.118	0.121	0.124
1:40:00	0.116	0.116	0.126	0.120	0.116	0.117	0.129	0.117	0.121	0.124	0.129	0.122	0.118	0.116	0.120	0.120	0.117	0.114	0.115	0.114	0.121	0.119	0.123	0.128	0.116	0.118	0.120	0.123	0.119	0.114	0.115	0.116	0.117	0.119	0.122	0.124	0.117	0.119	0.126	0.123	0.120	0.119	0.120	0.101	0.101	0.105	0.115	0.124	0.117	0.116	0.128	0.121	0.115	0.116	0.116	0.117	0.120	0.119	0.123	0.124	0.119	0.117	0.120	0.120	0.114	0.114	0.120	0.114	0.117	0.117	0.126	0.126	0.117	0.115	0.121	0.127	0.115	0.124	0.117	0.114	0.120	0.118	0.122	0.119	0.121	0.119	0.121	0.125	0.114	0.114	0.114	0.115	0.119	0.117	0.122	0.125
2:00:00	0.116	0.117	0.128	0.122	0.116	0.117	0.129	0.117	0.121	0.125	0.131	0.123	0.118	0.116	0.122	0.123	0.117	0.113	0.115	0.113	0.122	0.120	0.124	0.130	0.116	0.118	0.122	0.125	0.118	0.114	0.115	0.116	0.117	0.119	0.123	0.126	0.117	0.119	0.127	0.125	0.120	0.119	0.120	0.101	0.101	0.105	0.117	0.125	0.117	0.117	0.130	0.123	0.116	0.118	0.118	0.119	0.123	0.120	0.124	0.125	0.119	0.117	0.122	0.122	0.114	0.116	0.123	0.115	0.118	0.117	0.126	0.128	0.117	0.115	0.123	0.129	0.115	0.124	0.117	0.114	0.120	0.118	0.124	0.120	0.121	0.119	0.123	0.126	0.115	0.114	0.114	0.115	0.119	0.118	0.123	0.126
2:20:00	0.116	0.117	0.130	0.124	0.116	0.117	0.129	0.117	0.121	0.124	0.132	0.124	0.118	0.116	0.124	0.125	0.117	0.114	0.115	0.114	0.121	0.121	0.124	0.130	0.116	0.119	0.123	0.127	0.118	0.114	0.115	0.117	0.118	0.119	0.124	0.127	0.117	0.119	0.128	0.127	0.120	0.119	0.120	0.101	0.101	0.106	0.117	0.126	0.117	0.117	0.132	0.126	0.118	0.120	0.121	0.122	0.125	0.121	0.125	0.126	0.119	0.117	0.124	0.125	0.114	0.118	0.125	0.118	0.120	0.117	0.126	0.128	0.117	0.115	0.124	0.130	0.115	0.124	0.117	0.114	0.120	0.119	0.124	0.121	0.121	0.119	0.125	0.128	0.115	0.114	0.114	0.115	0.118	0.119	0.124	0.128
2:40:00	0.116	0.117	0.131	0.127	0.116	0.117	0.129	0.116	0.121	0.124	0.132	0.125	0.119	0.117	0.125	0.128	0.117	0.114	0.115	0.114	0.122	0.120	0.125	0.132	0.116	0.119	0.125	0.130	0.119	0.114	0.115	0.117	0.118	0.119	0.124	0.128	0.117	0.120	0.129	0.130	0.120	0.119	0.120	0.101	0.102	0.106	0.117	0.127	0.118	0.117	0.134	0.130	0.120	0.123	0.124	0.124	0.128	0.122	0.126	0.128	0.119	0.117	0.125	0.129	0.115	0.120	0.127	0.120	0.122	0.118	0.127	0.130	0.117	0.116	0.125	0.133	0.115	0.124	0.117	0.115	0.120	0.119	0.125	0.123	0.121	0.119	0.126	0.130	0.115	0.114	0.114	0.114	0.119	0.118	0.124	0.129
3:00:00	0.117	0.117	0.132	0.130	0.116	0.117	0.129	0.116	0.121	0.127	0.132	0.127	0.118	0.117	0.126	0.131	0.117	0.113	0.115	0.113	0.122	0.120	0.125	0.133	0.116	0.120	0.126	0.133	0.119	0.115	0.116	0.118	0.119	0.119	0.124	0.129	0.117	0.121	0.130	0.133	0.120	0.120	0.120	0.101	0.103	0.106	0.117	0.128	0.118	0.118	0.135	0.135	0.122	0.124	0.125	0.125	0.129	0.126	0.126	0.129	0.119	0.119	0.126	0.134	0.116	0.121	0.128	0.121	0.124	0.119	0.128	0.131	0.117	0.116	0.126	0.136	0.115	0.124	0.117	0.115	0.121	0.119	0.125	0.124	0.121	0.119	0.126	0.133	0.114	0.114	0.114	0.115	0.119	0.118	0.125	0.130
3:20:00	0.116	0.118	0.132	0.135	0.116	0.117	0.129	0.116	0.122	0.128	0.133	0.128	0.118	0.118	0.126	0.136	0.117	0.113	0.115	0.114	0.123	0.122	0.125	0.135	0.117	0.120	0.126	0.138	0.119	0.115	0.117	0.119	0.120	0.120	0.124	0.132	0.118	0.121	0.131	0.137	0.121	0.120	0.121	0.102	0.106	0.107	0.118	0.130	0.118	0.118	0.137	0.141	0.123	0.126	0.126	0.126	0.131	0.126	0.127	0.130	0.119	0.118	0.127	0.139	0.117	0.122	0.129	0.122	0.126	0.120	0.128	0.132	0.118	0.116	0.127	0.140	0.116	0.125	0.117	0.115	0.121	0.122	0.125	0.126	0.121	0.120	0.127	0.136	0.115	0.114	0.114	0.114	0.120	0.119	0.125	0.132
3:40:00	0.117	0.121	0.133	0.140	0.116	0.117	0.129	0.116	0.123	0.127	0.133	0.130	0.118	0.119	0.127	0.141	0.117	0.113	0.115	0.114	0.123	0.124	0.125	0.136	0.117	0.121	0.126	0.143	0.119	0.115	0.117	0.120	0.121	0.120	0.124	0.133	0.118	0.122	0.131	0.141	0.121	0.120	0.121	0.102	0.107	0.109	0.118	0.131	0.118	0.119	0.138	0.148	0.124	0.126	0.127	0.127	0.131	0.130	0.127	0.132	0.119	0.119	0.128	0.144	0.117	0.123	0.129	0.123	0.128	0.121	0.128	0.134	0.118	0.117	0.127	0.144	0.116	0.125	0.118	0.115	0.122	0.121	0.125	0.127	0.122	0.121	0.127	0.139	0.114	0.114	0.114	0.114	0.120	0.119	0.125	0.133
4:00:00	0.117	0.122	0.134	0.147	0.116	0.117	0.129	0.116	0.123	0.124	0.134	0.132	0.118	0.120	0.127	0.147	0.117	0.113	0.115	0.114	0.124	0.123	0.126	0.138	0.117	0.122	0.126	0.150	0.119	0.116	0.117	0.120	0.122	0.121	0.125	0.135	0.118	0.124	0.131	0.147	0.121	0.120	0.121	0.102	0.108	0.109	0.118	0.133	0.118	0.120	0.139	0.155	0.124	0.126	0.127	0.127	0.133	0.132	0.128	0.134	0.119	0.120	0.129	0.150	0.118	0.123	0.129	0.122	0.130	0.122	0.128	0.136	0.118	0.117	0.127	0.150	0.116	0.126	0.118	0.116	0.123	0.122	0.126	0.129	0.122	0.121	0.128	0.146	0.114	0.114	0.114	0.115	0.121	0.119	0.125	0.135
4:20:00	0.117	0.124	0.135	0.155	0.116	0.117	0.128	0.116	0.124	0.126	0.134	0.133	0.119	0.123	0.128	0.155	0.118	0.114	0.116	0.114	0.125	0.125	0.127	0.140	0.117	0.123	0.127	0.158	0.119	0.116	0.117	0.120	0.123	0.121	0.125	0.137	0.118	0.125	0.132	0.154	0.122	0.121	0.122	0.104	0.110	0.108	0.117	0.134	0.119	0.121	0.140	0.164	0.125	0.126	0.127	0.127	0.133	0.129	0.128	0.135	0.119	0.122	0.130	0.158	0.119	0.123	0.130	0.123	0.130	0.124	0.129	0.138	0.118	0.119	0.127	0.156	0.116	0.125	0.118	0.116	0.123	0.121	0.126	0.130	0.121	0.123	0.129	0.153	0.115	0.114	0.114	0.115	0.122	0.123	0.126	0.136
4:40:00	0.117	0.125	0.135	0.164	0.116	0.117	0.129	0.116	0.126	0.126	0.135	0.134	0.119	0.124	0.128	0.167	0.118	0.114	0.116	0.114	0.126	0.122	0.127	0.141	0.117	0.125	0.127	0.168	0.119	0.116	0.118	0.121	0.125	0.122	0.125	0.139	0.118	0.126	0.132	0.164	0.122	0.122	0.122	0.102	0.113	0.113	0.119	0.136	0.118	0.126	0.140	0.173	0.125	0.127	0.128	0.127	0.137	0.130	0.129	0.136	0.120	0.124	0.131	0.166	0.120	0.124	0.130	0.123	0.132	0.125	0.130	0.139	0.118	0.121	0.128	0.165	0.116	0.127	0.118	0.116	0.124	0.121	0.126	0.131	0.122	0.124	0.129	0.161	0.115	0.114	0.114	0.115	0.124	0.121	0.126	0.138
5:00:00	0.117	0.127	0.135	0.175	0.116	0.117	0.129	0.116	0.127	0.127	0.136	0.136	0.119	0.125	0.128	0.177	0.118	0.114	0.116	0.114	0.128	0.127	0.127	0.142	0.117	0.124	0.128	0.180	0.119	0.117	0.118	0.122	0.127	0.125	0.126	0.138	0.118	0.129	0.132	0.174	0.122	0.122	0.122	0.103	0.116	0.110	0.120	0.137	0.119	0.127	0.141	0.184	0.125	0.127	0.128	0.127	0.136	0.130	0.129	0.138	0.119	0.128	0.133	0.176	0.121	0.124	0.130	0.123	0.136	0.127	0.130	0.141	0.118	0.122	0.128	0.176	0.116	0.128	0.119	0.117	0.127	0.123	0.127	0.133	0.122	0.125	0.130	0.171	0.115	0.114	0.114	0.115	0.126	0.121	0.126	0.139
5:20:00	0.117	0.129	0.135	0.188	0.116	0.117	0.129	0.116	0.129	0.128	0.137	0.136	0.119	0.126	0.128	0.190	0.118	0.114	0.116	0.114	0.130	0.127	0.128	0.143	0.117	0.129	0.128	0.193	0.119	0.117	0.118	0.122	0.128	0.124	0.126	0.139	0.118	0.130	0.132	0.185	0.123	0.122	0.122	0.103	0.118	0.113	0.119	0.138	0.118	0.129	0.141	0.197	0.126	0.127	0.128	0.127	0.138	0.135	0.130	0.139	0.119	0.129	0.133	0.188	0.121	0.124	0.129	0.123	0.137	0.127	0.130	0.141	0.118	0.124	0.128	0.187	0.116	0.128	0.119	0.117	0.129	0.124	0.127	0.133	0.122	0.127	0.129	0.182	0.115	0.114	0.114	0.115	0.128	0.122	0.127	0.141
5:40:00	0.117	0.130	0.135	0.205	0.116	0.117	0.128	0.116	0.132	0.131	0.138	0.138	0.119	0.129	0.129	0.204	0.117	0.114	0.116	0.114	0.132	0.126	0.128	0.145	0.117	0.127	0.128	0.209	0.119	0.117	0.118	0.122	0.131	0.126	0.127	0.141	0.118	0.131	0.133	0.198	0.122	0.122	0.122	0.105	0.122	0.110	0.118	0.140	0.119	0.130	0.142	0.211	0.126	0.126	0.128	0.127	0.141	0.133	0.130	0.141	0.119	0.131	0.134	0.201	0.121	0.123	0.129	0.123	0.142	0.128	0.131	0.142	0.118	0.127	0.128	0.201	0.116	0.126	0.119	0.117	0.136	0.125	0.127	0.135	0.122	0.128	0.130	0.194	0.115	0.114	0.114	0.115	0.130	0.128	0.128	0.141
6:00:00	0.117	0.134	0.136	0.221	0.116	0.117	0.129	0.116	0.135	0.133	0.140	0.139	0.119	0.132	0.129	0.223	0.117	0.114	0.116	0.114	0.137	0.133	0.129	0.145	0.117	0.129	0.129	0.225	0.119	0.117	0.119	0.122	0.135	0.128	0.127	0.141	0.118	0.133	0.133	0.214	0.123	0.122	0.122	0.104	0.125	0.113	0.120	0.141	0.119	0.132	0.142	0.228	0.126	0.126	0.128	0.127	0.146	0.138	0.130	0.142	0.119	0.134	0.134	0.216	0.121	0.123	0.129	0.123	0.149	0.129	0.132	0.143	0.118	0.129	0.129	0.217	0.116	0.127	0.119	0.117	0.136	0.127	0.128	0.136	0.122	0.133	0.130	0.210	0.115	0.114	0.114	0.115	0.132	0.125	0.128	0.143
6:20:00	0.118	0.133	0.136	0.241	0.116	0.117	0.129	0.116	0.138	0.133	0.142	0.139	0.118	0.131	0.129	0.242	0.117	0.114	0.116	0.114	0.138	0.129	0.129	0.146	0.117	0.134	0.130	0.244	0.119	0.117	0.119	0.123	0.138	0.131	0.128	0.142	0.118	0.136	0.133	0.232	0.122	0.122	0.122	0.104	0.130	0.116	0.120	0.141	0.118	0.135	0.142	0.246	0.126	0.126	0.128	0.127	0.147	0.138	0.132	0.143	0.120	0.137	0.135	0.235	0.122	0.123	0.129	0.122	0.144	0.133	0.132	0.143	0.118	0.134	0.129	0.237	0.116	0.128	0.120	0.117	0.138	0.130	0.129	0.137	0.122	0.133	0.130	0.229	0.115	0.114	0.114	0.115	0.135	0.127	0.129	0.144
6:40:00	0.117	0.148	0.137	0.253	0.116	0.117	0.128	0.116	0.139	0.138	0.143	0.141	0.118	0.142	0.129	0.256	0.117	0.113	0.115	0.114	0.140	0.133	0.130	0.147	0.117	0.146	0.130	0.258	0.119	0.118	0.119	0.123	0.141	0.134	0.130	0.143	0.118	0.141	0.133	0.248	0.123	0.123	0.123	0.107	0.132	0.116	0.119	0.142	0.118	0.138	0.144	0.259	0.126	0.126	0.128	0.127	0.149	0.141	0.132	0.143	0.120	0.138	0.135	0.253	0.123	0.123	0.129	0.122	0.145	0.139	0.133	0.145	0.118	0.136	0.130	0.252	0.117	0.127	0.120	0.117	0.139	0.133	0.129	0.137	0.122	0.139	0.130	0.246	0.115	0.114	0.114	0.115	0.136	0.130	0.130	0.144
7:00:00	0.118	0.148	0.138	0.273	0.116	0.117	0.129	0.116	0.141	0.140	0.147	0.141	0.119	0.152	0.130	0.276	0.117	0.114	0.115	0.114	0.141	0.135	0.131	0.148	0.117	0.155	0.131	0.273	0.119	0.117	0.119	0.123	0.143	0.136	0.131	0.146	0.118	0.156	0.133	0.260	0.123	0.122	0.123	0.105	0.134	0.120	0.122	0.143	0.118	0.147	0.143	0.277	0.126	0.126	0.127	0.127	0.151	0.142	0.133	0.144	0.120	0.151	0.135	0.263	0.123	0.123	0.128	0.122	0.145	0.139	0.135	0.144	0.118	0.151	0.130	0.267	0.117	0.128	0.120	0.117	0.141	0.135	0.131	0.138	0.122	0.145	0.131	0.258	0.115	0.114	0.114	0.115	0.137	0.133	0.131	0.145
7:20:00	0.118	0.149	0.139	0.296	0.116	0.117	0.129	0.116	0.140	0.140	0.152	0.142	0.118	0.149	0.130	0.297	0.117	0.113	0.115	0.114	0.141	0.138	0.130	0.149	0.117	0.146	0.131	0.294	0.119	0.117	0.119	0.122	0.146	0.140	0.132	0.146	0.118	0.154	0.133	0.282	0.122	0.122	0.122	0.104	0.137	0.121	0.123	0.144	0.118	0.146	0.143	0.301	0.126	0.126	0.127	0.127	0.152	0.143	0.134	0.142	0.119	0.146	0.136	0.285	0.122	0.122	0.128	0.122	0.144	0.141	0.135	0.145	0.118	0.148	0.130	0.289	0.116	0.128	0.119	0.117	0.141	0.137	0.132	0.136	0.122	0.146	0.131	0.277	0.114	0.114	0.114	0.115	0.138	0.135	0.133	0.146
7:40:01	0.117	0.156	0.139	0.319	0.116	0.117	0.127	0.116	0.140	0.140	0.154	0.143	0.119	0.152	0.131	0.319	0.117	0.113	0.116	0.114	0.142	0.138	0.133	0.150	0.117	0.147	0.131	0.318	0.119	0.117	0.119	0.122	0.149	0.136	0.134	0.145	0.118	0.152	0.134	0.304	0.122	0.122	0.123	0.107	0.143	0.121	0.122	0.144	0.118	0.146	0.145	0.326	0.126	0.125	0.127	0.127	0.155	0.144	0.136	0.144	0.119	0.148	0.137	0.307	0.122	0.122	0.128	0.122	0.146	0.140	0.137	0.144	0.118	0.152	0.130	0.313	0.117	0.127	0.119	0.117	0.142	0.138	0.133	0.137	0.122	0.147	0.131	0.301	0.114	0.114	0.114	0.114	0.139	0.135	0.134	0.145
8:00:01	0.118	0.168	0.140	0.335	0.116	0.117	0.127	0.116	0.142	0.142	0.160	0.143	0.118	0.164	0.131	0.337	0.117	0.113	0.115	0.114	0.146	0.137	0.135	0.149	0.117	0.152	0.132	0.336	0.119	0.117	0.119	0.123	0.156	0.137	0.135	0.147	0.118	0.154	0.135	0.323	0.122	0.123	0.123	0.107	0.152	0.119	0.124	0.145	0.118	0.154	0.145	0.342	0.126	0.125	0.127	0.126	0.161	0.145	0.137	0.145	0.119	0.152	0.137	0.329	0.123	0.122	0.128	0.121	0.151	0.142	0.138	0.144	0.118	0.156	0.130	0.332	0.117	0.127	0.119	0.117	0.145	0.138	0.135	0.138	0.122	0.150	0.132	0.324	0.114	0.114	0.113	0.114	0.141	0.137	0.137	0.146
8:20:01	0.118	0.185	0.141	0.341	0.116	0.117	0.127	0.116	0.147	0.146	0.166	0.144	0.118	0.179	0.132	0.344	0.117	0.113	0.115	0.114	0.151	0.138	0.137	0.151	0.118	0.178	0.133	0.347	0.119	0.117	0.119	0.123	0.165	0.142	0.138	0.148	0.118	0.173	0.135	0.332	0.122	0.123	0.123	0.107	0.163	0.123	0.126	0.146	0.119	0.177	0.146	0.351	0.126	0.125	0.127	0.126	0.167	0.149	0.139	0.146	0.119	0.169	0.138	0.344	0.123	0.122	0.128	0.121	0.157	0.145	0.141	0.144	0.118	0.167	0.131	0.344	0.117	0.127	0.119	0.117	0.151	0.140	0.137	0.139	0.122	0.159	0.133	0.338	0.114	0.114	0.114	0.115	0.148	0.144	0.139	0.147
8:40:01	0.118	0.200	0.144	0.344	0.116	0.117	0.129	0.116	0.152	0.153	0.179	0.145	0.118	0.194	0.133	0.348	0.117	0.114	0.116	0.114	0.158	0.143	0.140	0.152	0.118	0.202	0.134	0.353	0.119	0.117	0.119	0.123	0.177	0.146	0.140	0.148	0.118	0.189	0.136	0.338	0.122	0.123	0.122	0.105	0.169	0.131	0.130	0.146	0.118	0.195	0.145	0.357	0.125	0.125	0.127	0.126	0.174	0.154	0.142	0.147	0.119	0.184	0.138	0.351	0.123	0.122	0.128	0.121	0.168	0.151	0.142	0.145	0.118	0.181	0.131	0.346	0.117	0.128	0.120	0.117	0.159	0.149	0.139	0.139	0.122	0.173	0.133	0.342	0.115	0.114	0.114	0.115	0.157	0.164	0.141	0.149
9:00:01	0.118	0.223	0.143	0.344	0.116	0.117	0.127	0.116	0.159	0.163	0.184	0.145	0.118	0.214	0.134	0.350	0.117	0.113	0.115	0.114	0.164	0.148	0.142	0.151	0.118	0.220	0.135	0.357	0.119	0.117	0.119	0.123	0.189	0.160	0.144	0.148	0.118	0.200	0.137	0.341	0.122	0.122	0.123	0.107	0.179	0.134	0.130	0.147	0.119	0.215	0.147	0.361	0.125	0.125	0.127	0.126	0.185	0.161	0.144	0.146	0.119	0.194	0.140	0.357	0.123	0.122	0.127	0.121	0.182	0.156	0.145	0.146	0.118	0.201	0.132	0.350	0.117	0.127	0.119	0.117	0.165	0.160	0.142	0.141	0.122	0.191	0.134	0.344	0.114	0.114	0.114	0.115	0.160	0.165	0.145	0.147
9:20:01	0.117	0.244	0.144	0.344	0.116	0.117	0.127	0.116	0.167	0.176	0.194	0.144	0.117	0.232	0.134	0.352	0.117	0.113	0.116	0.114	0.173	0.154	0.145	0.153	0.118	0.238	0.136	0.361	0.119	0.117	0.119	0.123	0.211	0.171	0.148	0.150	0.118	0.213	0.138	0.343	0.122	0.123	0.123	0.108	0.190	0.136	0.133	0.148	0.119	0.225	0.148	0.364	0.125	0.125	0.127	0.126	0.202	0.188	0.147	0.147	0.119	0.207	0.141	0.362	0.123	0.122	0.127	0.121	0.191	0.169	0.148	0.147	0.118	0.221	0.132	0.351	0.117	0.127	0.120	0.117	0.179	0.168	0.146	0.142	0.121	0.205	0.135	0.343	0.114	0.114	0.114	0.115	0.172	0.169	0.150	0.148
9:40:01	0.117	0.260	0.147	0.343	0.116	0.117	0.129	0.116	0.181	0.191	0.207	0.145	0.117	0.249	0.136	0.352	0.117	0.113	0.115	0.114	0.193	0.184	0.151	0.154	0.118	0.255	0.137	0.363	0.119	0.118	0.120	0.124	0.227	0.182	0.153	0.152	0.118	0.230	0.139	0.345	0.123	0.124	0.123	0.106	0.205	0.157	0.139	0.148	0.119	0.246	0.149	0.368	0.125	0.125	0.127	0.126	0.215	0.202	0.152	0.148	0.119	0.225	0.143	0.365	0.124	0.122	0.127	0.121	0.202	0.192	0.152	0.147	0.118	0.236	0.133	0.350	0.117	0.128	0.120	0.118	0.193	0.182	0.150	0.143	0.122	0.218	0.136	0.338	0.114	0.114	0.114	0.115	0.185	0.175	0.154	0.150
10:00:01	0.117	0.276	0.148	0.341	0.116	0.117	0.129	0.116	0.192	0.205	0.215	0.146	0.117	0.266	0.137	0.350	0.117	0.114	0.115	0.114	0.210	0.199	0.155	0.154	0.118	0.272	0.139	0.364	0.119	0.118	0.120	0.124	0.239	0.195	0.159	0.153	0.118	0.245	0.140	0.346	0.123	0.124	0.123	0.106	0.227	0.187	0.143	0.149	0.119	0.261	0.150	0.373	0.125	0.125	0.127	0.126	0.226	0.216	0.156	0.149	0.119	0.244	0.144	0.368	0.124	0.122	0.127	0.121	0.203	0.207	0.157	0.147	0.118	0.253	0.134	0.350	0.117	0.128	0.120	0.118	0.205	0.198	0.154	0.143	0.122	0.229	0.137	0.336	0.114	0.114	0.114	0.115	0.198	0.188	0.160	0.151
10:20:01	0.117	0.295	0.151	0.339	0.116	0.117	0.129	0.116	0.198	0.215	0.223	0.146	0.117	0.285	0.139	0.348	0.117	0.113	0.115	0.114	0.220	0.209	0.161	0.154	0.118	0.289	0.140	0.366	0.119	0.118	0.119	0.123	0.246	0.208	0.165	0.153	0.118	0.249	0.142	0.346	0.122	0.123	0.123	0.106	0.234	0.198	0.148	0.149	0.119	0.282	0.151	0.374	0.125	0.125	0.126	0.125	0.239	0.227	0.162	0.149	0.119	0.258	0.146	0.369	0.124	0.122	0.127	0.121	0.216	0.220	0.163	0.147	0.118	0.270	0.135	0.348	0.117	0.128	0.120	0.117	0.216	0.212	0.159	0.143	0.122	0.237	0.139	0.332	0.114	0.114	0.114	0.115	0.209	0.202	0.165	0.151
10:40:01	0.117	0.316	0.153	0.336	0.116	0.117	0.127	0.116	0.211	0.229	0.230	0.147	0.116	0.303	0.140	0.346	0.117	0.113	0.115	0.114	0.231	0.215	0.162	0.155	0.118	0.305	0.143	0.366	0.119	0.118	0.120	0.124	0.253	0.222	0.170	0.153	0.118	0.268	0.145	0.347	0.122	0.123	0.123	0.108	0.248	0.206	0.152	0.149	0.119	0.302	0.154	0.377	0.126	0.124	0.126	0.125	0.253	0.236	0.167	0.149	0.119	0.283	0.149	0.371	0.124	0.122	0.127	0.121	0.228	0.228	0.169	0.148	0.118	0.283	0.137	0.349	0.117	0.127	0.120	0.118	0.227	0.226	0.164	0.144	0.121	0.257	0.141	0.331	0.114	0.114	0.114	0.114	0.222	0.219	0.170	0.149
11:00:01	0.117	0.332	0.156	0.333	0.116	0.117	0.127	0.116	0.231	0.245	0.236	0.147	0.117	0.319	0.142	0.343	0.117	0.114	0.115	0.114	0.244	0.228	0.167	0.154	0.118	0.321	0.145	0.366	0.119	0.118	0.120	0.124	0.261	0.236	0.173	0.155	0.118	0.288	0.148	0.347	0.122	0.123	0.123	0.108	0.266	0.219	0.157	0.149	0.119	0.319	0.157	0.378	0.126	0.124	0.126	0.125	0.267	0.247	0.171	0.149	0.119	0.308	0.152	0.372	0.124	0.122	0.127	0.121	0.243	0.244	0.179	0.148	0.118	0.298	0.138	0.348	0.117	0.127	0.120	0.118	0.240	0.236	0.169	0.144	0.121	0.282	0.143	0.328	0.115	0.114	0.114	0.115	0.236	0.236	0.175	0.151
11:20:01	0.116	0.347	0.161	0.333	0.116	0.117	0.129	0.116	0.246	0.257	0.240	0.147	0.117	0.336	0.144	0.341	0.118	0.114	0.115	0.114	0.259	0.251	0.174	0.155	0.118	0.338	0.148	0.366	0.119	0.118	0.120	0.124	0.272	0.253	0.177	0.156	0.118	0.304	0.151	0.346	0.123	0.124	0.123	0.107	0.281	0.233	0.164	0.150	0.119	0.335	0.159	0.378	0.126	0.124	0.126	0.125	0.279	0.257	0.177	0.150	0.119	0.329	0.157	0.371	0.125	0.122	0.127	0.120	0.253	0.255	0.189	0.149	0.118	0.322	0.140	0.345	0.117	0.129	0.120	0.118	0.252	0.247	0.172	0.145	0.122	0.293	0.145	0.325	0.115	0.114	0.114	0.115	0.248	0.253	0.175	0.153
11:40:01	0.117	0.361	0.164	0.329	0.116	0.117	0.127	0.116	0.265	0.278	0.242	0.147	0.117	0.346	0.147	0.337	0.117	0.113	0.115	0.114	0.276	0.276	0.175	0.156	0.118	0.352	0.152	0.367	0.119	0.118	0.120	0.124	0.285	0.270	0.175	0.156	0.118	0.341	0.156	0.345	0.123	0.124	0.123	0.109	0.302	0.257	0.166	0.151	0.119	0.347	0.163	0.381	0.126	0.124	0.126	0.125	0.295	0.266	0.181	0.150	0.119	0.344	0.161	0.372	0.125	0.122	0.127	0.121	0.266	0.269	0.197	0.148	0.119	0.340	0.143	0.347	0.117	0.128	0.120	0.118	0.265	0.268	0.175	0.145	0.122	0.315	0.149	0.323	0.114	0.114	0.114	0.114	0.264	0.263	0.174	0.151
12:00:01	0.117	0.365	0.170	0.326	0.116	0.117	0.127	0.116	0.284	0.294	0.246	0.149	0.116	0.354	0.151	0.335	0.117	0.113	0.115	0.114	0.294	0.298	0.175	0.156	0.117	0.377	0.157	0.367	0.119	0.118	0.120	0.124	0.303	0.290	0.177	0.158	0.118	0.359	0.161	0.345	0.123	0.124	0.123	0.109	0.323	0.280	0.169	0.151	0.119	0.348	0.167	0.381	0.126	0.124	0.126	0.125	0.319	0.287	0.182	0.150	0.119	0.351	0.166	0.373	0.124	0.122	0.127	0.121	0.282	0.291	0.205	0.149	0.118	0.343	0.145	0.345	0.117	0.127	0.120	0.118	0.287	0.286	0.175	0.145	0.121	0.342	0.153	0.321	0.115	0.114	0.114	0.114	0.280	0.277	0.177	0.151
12:20:01	0.117	0.379	0.177	0.326	0.116	0.117	0.129	0.116	0.306	0.323	0.250	0.148	0.116	0.379	0.156	0.335	0.118	0.114	0.115	0.114	0.318	0.321	0.176	0.156	0.117	0.405	0.163	0.365	0.119	0.118	0.120	0.124	0.327	0.313	0.178	0.158	0.118	0.379	0.167	0.347	0.123	0.124	0.123	0.107	0.338	0.307	0.171	0.151	0.119	0.364	0.171	0.381	0.125	0.124	0.126	0.125	0.340	0.306	0.179	0.150	0.119	0.353	0.172	0.371	0.124	0.122	0.127	0.121	0.303	0.311	0.211	0.149	0.119	0.351	0.149	0.342	0.117	0.129	0.120	0.118	0.314	0.302	0.175	0.145	0.122	0.387	0.159	0.317	0.115	0.114	0.114	0.115	0.296	0.299	0.173	0.153
12:40:01	0.117	0.418	0.182	0.324	0.116	0.117	0.127	0.116	0.333	0.352	0.253	0.148	0.116	0.426	0.162	0.332	0.118	0.114	0.115	0.114	0.343	0.347	0.177	0.157	0.117	0.424	0.168	0.364	0.119	0.118	0.120	0.124	0.344	0.336	0.178	0.157	0.118	0.397	0.174	0.347	0.123	0.124	0.124	0.109	0.361	0.333	0.170	0.152	0.119	0.393	0.178	0.383	0.126	0.124	0.126	0.125	0.343	0.332	0.179	0.150	0.119	0.379	0.179	0.374	0.125	0.122	0.127	0.121	0.318	0.335	0.217	0.149	0.118	0.384	0.153	0.344	0.117	0.128	0.120	0.118	0.328	0.324	0.176	0.146	0.122	0.393	0.165	0.319	0.115	0.114	0.114	0.114	0.315	0.319	0.176	0.152
13:00:01	0.117	0.441	0.189	0.324	0.116	0.117	0.129	0.116	0.355	0.377	0.257	0.149	0.115	0.439	0.168	0.333	0.117	0.114	0.115	0.114	0.360	0.366	0.178	0.158	0.117	0.431	0.174	0.363	0.119	0.119	0.121	0.125	0.353	0.355	0.179	0.162	0.118	0.431	0.182	0.348	0.123	0.125	0.124	0.108	0.380	0.352	0.173	0.153	0.119	0.416	0.182	0.385	0.126	0.124	0.126	0.124	0.381	0.353	0.181	0.151	0.119	0.408	0.185	0.371	0.125	0.122	0.127	0.120	0.371	0.352	0.220	0.149	0.118	0.414	0.158	0.341	0.117	0.129	0.121	0.118	0.340	0.343	0.177	0.146	0.122	0.436	0.173	0.317	0.115	0.114	0.114	0.114	0.324	0.346	0.177	0.153
13:20:01	0.116	0.449	0.195	0.322	0.116	0.117	0.127	0.116	0.380	0.404	0.258	0.149	0.115	0.444	0.176	0.331	0.117	0.113	0.115	0.114	0.380	0.395	0.178	0.158	0.117	0.436	0.183	0.362	0.119	0.118	0.120	0.124	0.424	0.371	0.179	0.160	0.118	0.464	0.192	0.347	0.123	0.124	0.124	0.110	0.392	0.376	0.171	0.151	0.119	0.425	0.190	0.385	0.126	0.124	0.126	0.124	0.423	0.372	0.180	0.151	0.119	0.421	0.193	0.375	0.125	0.122	0.127	0.121	0.416	0.366	0.225	0.149	0.118	0.423	0.165	0.344	0.117	0.128	0.120	0.118	0.406	0.359	0.176	0.146	0.122	0.474	0.183	0.320	0.115	0.114	0.114	0.114	0.376	0.364	0.179	0.154
13:40:01	0.116	0.451	0.204	0.322	0.116	0.117	0.127	0.116	0.395	0.428	0.259	0.149	0.115	0.447	0.185	0.332	0.117	0.114	0.115	0.114	0.386	0.416	0.178	0.159	0.117	0.437	0.192	0.360	0.119	0.118	0.120	0.124	0.454	0.385	0.179	0.163	0.118	0.526	0.204	0.348	0.123	0.124	0.124	0.109	0.402	0.399	0.173	0.152	0.119	0.429	0.199	0.385	0.126	0.124	0.126	0.124	0.433	0.390	0.182	0.152	0.118	0.423	0.202	0.376	0.125	0.122	0.126	0.121	0.424	0.383	0.225	0.150	0.117	0.426	0.171	0.345	0.117	0.128	0.121	0.118	0.421	0.374	0.177	0.146	0.121	0.556	0.195	0.320	0.115	0.114	0.114	0.114	0.415	0.378	0.180	0.154
14:00:01	0.116	0.453	0.216	0.323	0.116	0.117	0.129	0.116	0.406	0.447	0.261	0.149	0.115	0.453	0.197	0.333	0.117	0.114	0.115	0.114	0.398	0.435	0.177	0.159	0.117	0.436	0.202	0.357	0.119	0.119	0.121	0.124	0.463	0.404	0.179	0.164	0.118	0.532	0.215	0.348	0.123	0.125	0.124	0.108	0.411	0.423	0.175	0.152	0.119	0.431	0.206	0.385	0.126	0.124	0.126	0.124	0.432	0.404	0.184	0.152	0.118	0.423	0.212	0.373	0.126	0.122	0.126	0.120	0.426	0.396	0.233	0.149	0.117	0.428	0.179	0.342	0.117	0.129	0.121	0.119	0.424	0.388	0.178	0.147	0.122	0.539	0.207	0.318	0.115	0.114	0.114	0.114	0.420	0.385	0.179	0.155
14:20:01	0.116	0.452	0.228	0.324	0.116	0.117	0.129	0.116	0.430	0.470	0.262	0.150	0.115	0.454	0.211	0.333	0.117	0.114	0.115	0.114	0.417	0.459	0.180	0.159	0.117	0.435	0.213	0.358	0.119	0.119	0.121	0.125	0.461	0.424	0.181	0.168	0.118	0.513	0.226	0.350	0.124	0.125	0.124	0.108	0.425	0.452	0.176	0.153	0.119	0.439	0.216	0.386	0.126	0.124	0.126	0.124	0.435	0.413	0.186	0.152	0.118	0.430	0.223	0.376	0.125	0.122	0.126	0.120	0.426	0.408	0.230	0.149	0.117	0.431	0.188	0.343	0.118	0.129	0.121	0.119	0.423	0.401	0.177	0.147	0.122	0.545	0.222	0.319	0.115	0.114	0.114	0.114	0.422	0.395	0.178	0.155
14:40:01	0.116	0.449	0.236	0.323	0.116	0.117	0.127	0.116	0.425	0.507	0.265	0.151	0.115	0.452	0.225	0.332	0.117	0.113	0.115	0.114	0.456	0.476	0.176	0.160	0.116	0.435	0.222	0.357	0.119	0.119	0.121	0.125	0.460	0.454	0.180	0.167	0.118	0.519	0.234	0.349	0.124	0.126	0.125	0.112	0.434	0.476	0.174	0.154	0.119	0.447	0.228	0.387	0.126	0.124	0.126	0.124	0.439	0.420	0.185	0.152	0.118	0.433	0.234	0.377	0.126	0.122	0.126	0.120	0.431	0.424	0.236	0.151	0.117	0.431	0.198	0.348	0.118	0.129	0.122	0.119	0.426	0.412	0.179	0.147	0.121	0.500	0.237	0.326	0.115	0.114	0.114	0.114	0.428	0.410	0.181	0.155
15:00:01	0.116	0.445	0.247	0.324	0.116	0.117	0.127	0.116	0.473	0.509	0.269	0.152	0.116	0.446	0.238	0.333	0.117	0.113	0.115	0.114	0.469	0.490	0.179	0.160	0.117	0.437	0.232	0.357	0.119	0.119	0.121	0.125	0.462	0.472	0.181	0.169	0.118	0.508	0.244	0.350	0.124	0.125	0.125	0.112	0.465	0.487	0.175	0.154	0.119	0.452	0.235	0.387	0.127	0.124	0.126	0.124	0.444	0.433	0.186	0.152	0.117	0.435	0.243	0.375	0.126	0.122	0.127	0.120	0.437	0.440	0.236	0.150	0.117	0.425	0.207	0.349	0.118	0.129	0.121	0.119	0.429	0.431	0.179	0.147	0.121	0.487	0.250	0.330	0.115	0.114	0.114	0.114	0.432	0.429	0.181	0.155
15:20:01	0.116	0.440	0.260	0.326	0.116	0.117	0.128	0.116	0.473	0.518	0.268	0.153	0.115	0.443	0.251	0.334	0.117	0.113	0.115	0.114	0.464	0.522	0.180	0.162	0.116	0.435	0.244	0.357	0.119	0.119	0.121	0.125	0.464	0.479	0.181	0.173	0.118	0.545	0.254	0.352	0.124	0.126	0.124	0.110	0.472	0.524	0.177	0.154	0.119	0.451	0.242	0.387	0.126	0.124	0.126	0.124	0.452	0.451	0.187	0.152	0.117	0.428	0.253	0.374	0.126	0.122	0.127	0.120	0.442	0.451	0.238	0.152	0.117	0.418	0.214	0.346	0.118	0.130	0.121	0.118	0.438	0.449	0.180	0.147	0.122	0.498	0.263	0.329	0.115	0.114	0.114	0.114	0.435	0.440	0.181	0.157
15:40:01	0.116	0.438	0.272	0.328	0.116	0.117	0.128	0.116	0.490	0.511	0.271	0.153	0.116	0.438	0.256	0.335	0.117	0.114	0.115	0.114	0.471	0.552	0.179	0.162	0.116	0.440	0.255	0.359	0.119	0.120	0.121	0.125	0.468	0.481	0.182	0.173	0.119	0.570	0.265	0.352	0.124	0.126	0.125	0.111	0.482	0.547	0.179	0.154	0.119	0.448	0.252	0.388	0.126	0.124	0.126	0.124	0.459	0.466	0.190	0.153	0.117	0.428	0.263	0.373	0.127	0.122	0.126	0.120	0.447	0.460	0.241	0.152	0.117	0.417	0.222	0.347	0.118	0.130	0.122	0.118	0.443	0.455	0.180	0.148	0.122	0.520	0.276	0.334	0.115	0.114	0.114	0.114	0.438	0.446	0.184	0.157
16:00:01	0.116	0.446	0.283	0.327	0.116	0.117	0.127	0.116	0.510	0.540	0.274	0.153	0.115	0.441	0.258	0.335	0.117	0.114	0.115	0.114	0.502	0.561	0.181	0.162	0.116	0.454	0.267	0.358	0.119	0.120	0.122	0.125	0.474	0.483	0.183	0.174	0.119	0.561	0.276	0.353	0.124	0.126	0.125	0.113	0.500	0.547	0.177	0.155	0.119	0.458	0.263	0.390	0.127	0.124	0.126	0.124	0.463	0.477	0.189	0.153	0.117	0.434	0.276	0.374	0.127	0.123	0.127	0.121	0.455	0.466	0.245	0.153	0.117	0.422	0.232	0.353	0.118	0.129	0.122	0.117	0.453	0.460	0.181	0.148	0.121	0.547	0.290	0.346	0.114	0.114	0.114	0.114	0.446	0.450	0.186	0.157
16:20:01	0.117	0.454	0.297	0.331	0.116	0.117	0.128	0.116	0.514	0.548	0.275	0.154	0.115	0.446	0.267	0.338	0.118	0.114	0.115	0.114	0.508	0.583	0.181	0.163	0.117	0.463	0.276	0.358	0.119	0.120	0.122	0.126	0.478	0.488	0.188	0.178	0.119	0.559	0.285	0.355	0.125	0.127	0.125	0.112	0.501	0.562	0.179	0.156	0.119	0.465	0.271	0.390	0.127	0.124	0.126	0.124	0.468	0.484	0.190	0.153	0.117	0.442	0.285	0.372	0.127	0.123	0.127	0.121	0.459	0.470	0.247	0.151	0.117	0.433	0.242	0.350	0.118	0.131	0.123	0.116	0.462	0.462	0.182	0.148	0.122	0.540	0.300	0.344	0.114	0.114	0.114	0.114	0.451	0.449	0.190	0.158
16:40:01	0.116	0.457	0.309	0.333	0.116	0.117	0.128	0.116	0.517	0.557	0.287	0.155	0.116	0.448	0.278	0.338	0.117	0.114	0.115	0.114	0.511	0.618	0.185	0.164	0.117	0.474	0.284	0.359	0.119	0.120	0.122	0.126	0.482	0.493	0.190	0.180	0.119	0.576	0.295	0.355	0.125	0.127	0.126	0.113	0.503	0.574	0.182	0.156	0.119	0.471	0.282	0.390	0.127	0.124	0.126	0.124	0.473	0.492	0.194	0.153	0.117	0.457	0.296	0.372	0.127	0.123	0.127	0.121	0.465	0.475	0.250	0.153	0.118	0.450	0.254	0.352	0.118	0.131	0.123	0.116	0.465	0.470	0.184	0.148	0.122	0.556	0.308	0.350	0.114	0.114	0.114	0.114	0.458	0.453	0.192	0.158
17:00:01	0.116	0.459	0.318	0.336	0.116	0.117	0.128	0.116	0.520	0.560	0.285	0.155	0.116	0.448	0.285	0.341	0.118	0.114	0.116	0.114	0.514	0.590	0.185	0.165	0.116	0.487	0.291	0.360	0.119	0.120	0.122	0.126	0.488	0.496	0.194	0.182	0.119	0.561	0.299	0.358	0.125	0.127	0.126	0.113	0.504	0.589	0.181	0.157	0.119	0.473	0.291	0.391	0.127	0.124	0.126	0.124	0.478	0.498	0.194	0.154	0.117	0.464	0.307	0.373	0.127	0.122	0.127	0.121	0.470	0.482	0.254	0.153	0.118	0.460	0.265	0.355	0.118	0.131	0.123	0.116	0.469	0.475	0.184	0.149	0.122	0.582	0.311	0.355	0.115	0.114	0.114	0.114	0.463	0.455	0.193	0.159
17:20:01	0.116	0.460	0.325	0.335	0.116	0.117	0.127	0.116	0.522	0.559	0.288	0.156	0.117	0.446	0.288	0.340	0.117	0.114	0.115	0.114	0.516	0.577	0.187	0.164	0.116	0.500	0.295	0.360	0.119	0.120	0.122	0.125	0.491	0.501	0.193	0.181	0.119	0.577	0.302	0.361	0.125	0.127	0.126	0.115	0.503	0.572	0.182	0.158	0.119	0.478	0.298	0.392	0.127	0.124	0.126	0.124	0.478	0.506	0.196	0.154	0.117	0.470	0.320	0.375	0.127	0.123	0.127	0.121	0.476	0.486	0.257	0.154	0.118	0.466	0.274	0.362	0.118	0.130	0.122	0.116	0.478	0.484	0.186	0.149	0.122	0.562	0.314	0.372	0.115	0.114	0.114	0.114	0.470	0.463	0.198	0.158
17:40:01	0.122	0.463	0.334	0.341	0.116	0.117	0.128	0.116	0.526	0.559	0.290	0.158	0.117	0.449	0.292	0.346	0.117	0.114	0.115	0.114	0.519	0.552	0.187	0.165	0.116	0.507	0.297	0.361	0.119	0.120	0.122	0.126	0.497	0.507	0.195	0.185	0.120	0.601	0.304	0.360	0.125	0.127	0.126	0.113	0.505	0.532	0.185	0.158	0.119	0.477	0.300	0.392	0.127	0.124	0.126	0.124	0.481	0.511	0.202	0.154	0.117	0.474	0.330	0.373	0.127	0.122	0.126	0.120	0.480	0.495	0.261	0.154	0.118	0.471	0.277	0.359	0.118	0.131	0.123	0.116	0.481	0.492	0.186	0.149	0.122	0.569	0.312	0.370	0.114	0.114	0.114	0.114	0.471	0.464	0.200	0.159
18:00:01	0.116	0.465	0.342	0.341	0.116	0.117	0.127	0.116	0.529	0.562	0.292	0.158	0.117	0.451	0.295	0.345	0.117	0.114	0.115	0.114	0.521	0.555	0.189	0.165	0.116	0.515	0.302	0.362	0.119	0.120	0.122	0.125	0.505	0.513	0.195	0.185	0.120	0.586	0.309	0.365	0.125	0.127	0.126	0.115	0.509	0.531	0.185	0.158	0.119	0.481	0.307	0.393	0.127	0.123	0.126	0.124	0.487	0.518	0.200	0.155	0.117	0.474	0.348	0.376	0.127	0.122	0.126	0.121	0.485	0.504	0.265	0.152	0.118	0.475	0.280	0.367	0.118	0.130	0.122	0.116	0.482	0.507	0.187	0.149	0.122	0.597	0.317	0.383	0.115	0.114	0.114	0.114	0.474	0.475	0.202	0.159
18:20:01	0.125	0.464	0.354	0.344	0.116	0.117	0.127	0.116	0.533	0.566	0.295	0.159	0.119	0.452	0.299	0.347	0.117	0.114	0.115	0.114	0.523	0.557	0.191	0.165	0.117	0.518	0.307	0.364	0.119	0.120	0.122	0.125	0.510	0.522	0.197	0.188	0.119	0.572	0.313	0.363	0.125	0.127	0.126	0.114	0.513	0.537	0.186	0.158	0.119	0.487	0.311	0.393	0.126	0.123	0.126	0.124	0.492	0.528	0.204	0.155	0.117	0.478	0.362	0.376	0.126	0.122	0.126	0.121	0.488	0.521	0.267	0.154	0.118	0.470	0.283	0.370	0.118	0.129	0.122	0.116	0.483	0.514	0.190	0.150	0.122	0.587	0.322	0.390	0.115	0.114	0.114	0.114	0.478	0.485	0.202	0.160
18:40:01	0.125	0.471	0.367	0.350	0.116	0.117	0.129	0.116	0.537	0.568	0.295	0.163	0.120	0.459	0.305	0.350	0.118	0.114	0.116	0.114	0.525	0.558	0.194	0.166	0.117	0.524	0.312	0.365	0.119	0.120	0.122	0.125	0.516	0.530	0.197	0.193	0.119	0.525	0.317	0.365	0.125	0.127	0.126	0.111	0.514	0.537	0.192	0.159	0.119	0.492	0.315	0.394	0.126	0.123	0.126	0.124	0.495	0.540	0.204	0.155	0.117	0.479	0.370	0.375	0.127	0.122	0.126	0.120	0.492	0.532	0.268	0.155	0.119	0.475	0.287	0.367	0.118	0.130	0.122	0.116	0.482	0.519	0.191	0.150	0.122	0.561	0.325	0.388	0.114	0.114	0.114	0.114	0.477	0.490	0.204	0.162
19:00:01	0.130	0.473	0.374	0.351	0.116	0.117	0.128	0.116	0.540	0.571	0.298	0.163	0.122	0.467	0.308	0.350	0.117	0.114	0.116	0.114	0.528	0.560	0.192	0.165	0.117	0.519	0.319	0.367	0.119	0.120	0.122	0.125	0.524	0.538	0.197	0.192	0.120	0.534	0.323	0.367	0.125	0.127	0.126	0.113	0.517	0.537	0.192	0.158	0.119	0.502	0.326	0.394	0.126	0.123	0.126	0.124	0.498	0.548	0.205	0.156	0.117	0.487	0.382	0.378	0.127	0.122	0.126	0.120	0.497	0.540	0.271	0.155	0.119	0.486	0.300	0.375	0.118	0.129	0.122	0.116	0.489	0.526	0.194	0.151	0.122	0.559	0.338	0.401	0.115	0.114	0.114	0.114	0.482	0.505	0.205	0.162
19:20:01	0.138	0.480	0.385	0.357	0.116	0.117	0.129	0.116	0.542	0.574	0.299	0.166	0.125	0.477	0.317	0.354	0.118	0.114	0.116	0.114	0.530	0.562	0.193	0.166	0.117	0.517	0.325	0.369	0.119	0.120	0.122	0.125	0.528	0.544	0.201	0.196	0.119	0.536	0.326	0.371	0.126	0.128	0.126	0.112	0.517	0.541	0.196	0.159	0.119	0.507	0.330	0.394	0.126	0.123	0.126	0.124	0.501	0.555	0.210	0.156	0.117	0.494	0.386	0.377	0.127	0.122	0.126	0.119	0.500	0.546	0.271	0.154	0.120	0.488	0.307	0.373	0.119	0.131	0.123	0.116	0.491	0.535	0.195	0.151	0.122	0.556	0.338	0.398	0.115	0.114	0.114	0.114	0.487	0.510	0.205	0.163
19:40:01	0.148	0.491	0.391	0.357	0.116	0.117	0.128	0.116	0.544	0.577	0.298	0.165	0.127	0.487	0.321	0.357	0.117	0.114	0.115	0.114	0.532	0.561	0.193	0.166	0.117	0.517	0.334	0.371	0.119	0.120	0.122	0.125	0.526	0.549	0.200	0.196	0.120	0.540	0.336	0.372	0.125	0.127	0.126	0.113	0.519	0.543	0.194	0.159	0.119	0.518	0.340	0.398	0.126	0.123	0.126	0.124	0.509	0.557	0.206	0.157	0.117	0.509	0.394	0.380	0.127	0.122	0.126	0.119	0.503	0.555	0.272	0.155	0.120	0.498	0.321	0.381	0.118	0.130	0.122	0.116	0.503	0.539	0.195	0.152	0.122	0.554	0.352	0.409	0.115	0.114	0.113	0.114	0.504	0.519	0.206	0.164
20:00:01	0.163	0.496	0.400	0.363	0.116	0.117	0.129	0.116	0.547	0.580	0.300	0.169	0.128	0.496	0.328	0.361	0.117	0.114	0.115	0.114	0.534	0.564	0.195	0.167	0.117	0.514	0.341	0.372	0.119	0.120	0.122	0.125	0.531	0.552	0.200	0.198	0.120	0.546	0.342	0.374	0.126	0.127	0.126	0.111	0.519	0.545	0.198	0.160	0.120	0.519	0.343	0.395	0.126	0.123	0.126	0.124	0.506	0.561	0.210	0.157	0.117	0.510	0.395	0.379	0.127	0.122	0.126	0.119	0.508	0.563	0.273	0.154	0.121	0.502	0.324	0.379	0.118	0.131	0.122	0.116	0.509	0.546	0.196	0.152	0.122	0.553	0.351	0.407	0.115	0.114	0.114	0.114	0.491	0.525	0.206	0.165
20:20:01	0.180	0.504	0.403	0.362	0.116	0.117	0.128	0.116	0.548	0.583	0.299	0.168	0.130	0.505	0.331	0.361	0.118	0.114	0.116	0.114	0.535	0.565	0.196	0.166	0.118	0.513	0.348	0.375	0.119	0.121	0.122	0.125	0.542	0.556	0.201	0.198	0.120	0.558	0.351	0.375	0.125	0.128	0.127	0.114	0.520	0.548	0.197	0.159	0.120	0.519	0.351	0.397	0.126	0.123	0.126	0.124	0.522	0.568	0.210	0.157	0.117	0.513	0.401	0.383	0.127	0.122	0.126	0.119	0.519	0.567	0.275	0.156	0.121	0.505	0.339	0.386	0.119	0.130	0.123	0.116	0.503	0.553	0.197	0.152	0.122	0.552	0.366	0.416	0.115	0.114	0.114	0.114	0.518	0.533	0.206	0.164
20:40:01	0.203	0.506	0.411	0.371	0.116	0.117	0.129	0.116	0.549	0.586	0.299	0.172	0.134	0.503	0.332	0.362	0.118	0.114	0.116	0.115	0.535	0.571	0.199	0.169	0.119	0.507	0.356	0.378	0.120	0.121	0.123	0.126	0.536	0.561	0.201	0.202	0.120	0.562	0.349	0.374	0.127	0.129	0.127	0.112	0.519	0.551	0.204	0.161	0.120	0.520	0.353	0.399	0.126	0.123	0.125	0.124	0.517	0.574	0.212	0.157	0.117	0.511	0.399	0.380	0.128	0.122	0.126	0.120	0.505	0.572	0.284	0.158	0.123	0.502	0.340	0.383	0.119	0.132	0.123	0.116	0.510	0.562	0.195	0.152	0.123	0.551	0.361	0.412	0.115	0.114	0.114	0.115	0.500	0.539	0.207	0.167
21:00:01	0.226	0.514	0.415	0.374	0.116	0.117	0.129	0.116	0.550	0.588	0.299	0.172	0.136	0.509	0.337	0.364	0.118	0.114	0.116	0.115	0.535	0.573	0.199	0.170	0.120	0.510	0.362	0.380	0.120	0.121	0.123	0.126	0.539	0.569	0.203	0.202	0.123	0.561	0.357	0.376	0.127	0.129	0.128	0.113	0.520	0.554	0.205	0.160	0.121	0.521	0.358	0.398	0.126	0.123	0.125	0.124	0.522	0.580	0.214	0.157	0.118	0.516	0.402	0.381	0.129	0.122	0.126	0.120	0.507	0.580	0.285	0.157	0.124	0.495	0.347	0.386	0.119	0.132	0.124	0.117	0.514	0.567	0.198	0.152	0.123	0.550	0.367	0.415	0.115	0.114	0.114	0.115	0.484	0.545	0.207	0.168
21:20:01	0.247	0.508	0.419	0.376	0.116	0.117	0.129	0.116	0.551	0.590	0.299	0.174	0.139	0.507	0.342	0.366	0.118	0.114	0.116	0.115	0.535	0.573	0.199	0.171	0.122	0.511	0.367	0.381	0.120	0.121	0.123	0.126	0.542	0.571	0.203	0.204	0.121	0.562	0.362	0.377	0.127	0.129	0.127	0.112	0.520	0.555	0.205	0.161	0.120	0.520	0.362	0.399	0.126	0.123	0.125	0.124	0.522	0.591	0.214	0.157	0.118	0.504	0.405	0.383	0.128	0.122	0.126	0.119	0.511	0.591	0.288	0.158	0.125	0.505	0.353	0.388	0.119	0.132	0.123	0.116	0.521	0.574	0.198	0.152	0.123	0.549	0.373	0.417	0.115	0.114	0.114	0.115	0.485	0.560	0.207	0.169
21:40:01	0.265	0.519	0.422	0.380	0.116	0.117	0.129	0.116	0.552	0.592	0.298	0.176	0.140	0.510	0.345	0.368	0.118	0.114	0.116	0.115	0.536	0.573	0.200	0.172	0.125	0.511	0.372	0.383	0.120	0.121	0.123	0.126	0.559	0.579	0.205	0.205	0.120	0.564	0.368	0.382	0.127	0.129	0.127	0.113	0.518	0.556	0.206	0.161	0.121	0.530	0.366	0.401	0.126	0.123	0.125	0.124	0.528	0.593	0.213	0.158	0.118	0.500	0.406	0.384	0.128	0.122	0.126	0.119	0.535	0.595	0.286	0.158	0.126	0.504	0.360	0.391	0.119	0.132	0.123	0.117	0.532	0.585	0.196	0.152	0.124	0.548	0.378	0.419	0.115	0.114	0.114	0.115	0.507	0.580	0.208	0.170
22:00:01	0.284	0.524	0.424	0.382	0.116	0.117	0.129	0.116	0.552	0.594	0.298	0.177	0.142	0.519	0.352	0.371	0.118	0.114	0.116	0.115	0.535	0.570	0.200	0.173	0.129	0.515	0.377	0.385	0.120	0.121	0.123	0.126	0.574	0.587	0.205	0.206	0.121	0.570	0.374	0.382	0.127	0.130	0.128	0.113	0.518	0.556	0.207	0.161	0.121	0.524	0.370	0.400	0.126	0.123	0.125	0.124	0.557	0.601	0.214	0.157	0.119	0.514	0.407	0.385	0.129	0.122	0.126	0.119	0.549	0.602	0.290	0.158	0.128	0.513	0.365	0.394	0.119	0.132	0.124	0.117	0.534	0.595	0.198	0.152	0.125	0.547	0.384	0.421	0.115	0.114	0.114	0.115	0.504	0.585	0.208	0.172
22:20:01	0.300	0.527	0.426	0.385	0.116	0.117	0.129	0.116	0.552	0.598	0.299	0.179	0.149	0.518	0.357	0.373	0.118	0.114	0.116	0.115	0.535	0.571	0.201	0.174	0.132	0.517	0.381	0.388	0.120	0.122	0.124	0.127	0.590	0.591	0.206	0.207	0.122	0.572	0.378	0.386	0.128	0.130	0.128	0.114	0.517	0.558	0.207	0.162	0.122	0.530	0.374	0.403	0.127	0.123	0.125	0.124	0.563	0.615	0.214	0.158	0.118	0.522	0.409	0.387	0.129	0.122	0.126	0.119	0.554	0.600	0.291	0.158	0.129	0.520	0.371	0.396	0.119	0.133	0.124	0.117	0.538	0.613	0.196	0.152	0.127	0.547	0.390	0.422	0.115	0.114	0.114	0.115	0.503	0.588	0.209	0.172
22:40:01	0.309	0.535	0.428	0.387	0.116	0.117	0.128	0.116	0.551	0.600	0.299	0.180	0.160	0.525	0.359	0.375	0.118	0.114	0.116	0.115	0.534	0.571	0.201	0.175	0.135	0.518	0.385	0.389	0.120	0.122	0.124	0.127	0.604	0.602	0.206	0.207	0.126	0.574	0.382	0.388	0.128	0.130	0.128	0.114	0.517	0.559	0.209	0.162	0.123	0.531	0.377	0.403	0.127	0.123	0.125	0.124	0.574	0.596	0.214	0.157	0.123	0.528	0.410	0.388	0.129	0.122	0.126	0.119	0.562	0.578	0.291	0.159	0.131	0.524	0.375	0.398	0.119	0.132	0.124	0.117	0.534	0.595	0.198	0.153	0.130	0.546	0.394	0.423	0.115	0.114	0.114	0.115	0.500	0.576	0.209	0.173
23:00:01	0.313	0.533	0.430	0.390	0.116	0.117	0.128	0.116	0.552	0.603	0.300	0.181	0.180	0.532	0.362	0.377	0.118	0.114	0.116	0.115	0.532	0.572	0.201	0.176	0.137	0.521	0.389	0.391	0.120	0.122	0.124	0.127	0.608	0.607	0.207	0.209	0.129	0.575	0.386	0.389	0.128	0.130	0.129	0.114	0.516	0.561	0.209	0.162	0.125	0.538	0.380	0.404	0.127	0.123	0.125	0.124	0.593	0.600	0.216	0.157	0.125	0.528	0.410	0.390	0.129	0.123	0.126	0.119	0.575	0.590	0.292	0.158	0.133	0.526	0.379	0.400	0.119	0.133	0.124	0.117	0.515	0.589	0.200	0.152	0.133	0.546	0.398	0.424	0.115	0.114	0.114	0.115	0.496	0.569	0.209	0.174
23:20:01	0.321	0.531	0.431	0.392	0.116	0.117	0.128	0.116	0.551	0.605	0.300	0.181	0.201	0.537	0.367	0.379	0.118	0.114	0.116	0.115	0.531	0.572	0.202	0.178	0.140	0.523	0.392	0.393	0.120	0.122	0.124	0.127	0.597	0.603	0.208	0.210	0.131	0.577	0.390	0.392	0.128	0.131	0.129	0.115	0.515	0.561	0.209	0.163	0.128	0.538	0.383	0.405	0.127	0.123	0.125	0.124	0.590	0.586	0.218	0.158	0.123	0.533	0.411	0.391	0.129	0.123	0.126	0.120	0.562	0.597	0.296	0.159	0.134	0.537	0.383	0.402	0.120	0.133	0.125	0.117	0.507	0.588	0.200	0.153	0.136	0.545	0.402	0.425	0.115	0.114	0.114	0.115	0.494	0.590	0.209	0.176
23:40:01	0.330	0.544	0.432	0.395	0.116	0.117	0.128	0.116	0.552	0.606	0.300	0.184	0.210	0.536	0.369	0.381	0.118	0.114	0.116	0.115	0.530	0.572	0.202	0.180	0.144	0.531	0.394	0.395	0.120	0.122	0.124	0.127	0.556	0.593	0.207	0.211	0.128	0.576	0.395	0.393	0.128	0.131	0.129	0.115	0.513	0.561	0.211	0.164	0.129	0.548	0.386	0.405	0.127	0.123	0.125	0.124	0.564	0.596	0.217	0.158	0.132	0.530	0.410	0.391	0.130	0.123	0.126	0.120	0.532	0.607	0.297	0.159	0.135	0.533	0.387	0.405	0.120	0.133	0.125	0.117	0.502	0.590	0.201	0.152	0.139	0.544	0.404	0.426	0.115	0.114	0.114	0.115	0.496	0.602	0.210	0.177
24:00:01	0.337	0.544	0.433	0.396	0.116	0.117	0.129	0.116	0.551	0.609	0.299	0.185	0.221	0.537	0.371	0.382	0.118	0.114	0.116	0.115	0.529	0.572	0.203	0.181	0.151	0.544	0.397	0.397	0.120	0.123	0.124	0.127	0.524	0.593	0.208	0.211	0.135	0.575	0.399	0.394	0.129	0.132	0.130	0.116	0.512	0.561	0.212	0.165	0.132	0.548	0.388	0.406	0.127	0.123	0.125	0.124	0.530	0.583	0.219	0.158	0.129	0.536	0.409	0.393	0.130	0.123	0.126	0.120	0.516	0.609	0.300	0.160	0.136	0.530	0.389	0.407	0.120	0.133	0.125	0.117	0.502	0.610	0.201	0.152	0.140	0.545	0.407	0.426	0.115	0.114	0.114	0.115	0.499	0.603	0.210	0.178
24:20:01	0.351	0.551	0.434	0.398	0.116	0.117	0.129	0.116	0.551	0.612	0.298	0.187	0.234	0.541	0.377	0.383	0.118	0.114	0.116	0.115	0.528	0.572	0.203	0.182	0.160	0.559	0.400	0.398	0.120	0.122	0.124	0.127	0.520	0.594	0.209	0.212	0.138	0.573	0.402	0.396	0.128	0.131	0.128	0.114	0.511	0.561	0.213	0.165	0.133	0.545	0.389	0.406	0.127	0.123	0.125	0.124	0.516	0.594	0.219	0.158	0.131	0.536	0.410	0.395	0.129	0.122	0.126	0.120	0.512	0.584	0.299	0.162	0.136	0.532	0.391	0.408	0.119	0.133	0.124	0.117	0.504	0.601	0.202	0.152	0.141	0.544	0.410	0.427	0.115	0.114	0.114	0.115	0.502	0.584	0.210	0.179
24:40:01	0.377	0.557	0.436	0.400	0.116	0.117	0.129	0.116	0.552	0.613	0.298	0.189	0.250	0.548	0.378	0.383	0.118	0.114	0.116	0.115	0.528	0.573	0.204	0.184	0.170	0.528	0.402	0.399	0.120	0.121	0.123	0.126	0.523	0.593	0.209	0.213	0.140	0.571	0.404	0.398	0.127	0.129	0.127	0.112	0.509	0.561	0.213	0.166	0.140	0.547	0.391	0.406	0.127	0.122	0.125	0.123	0.513	0.609	0.218	0.158	0.133	0.544	0.408	0.394	0.128	0.122	0.126	0.119	0.511	0.585	0.300	0.162	0.137	0.537	0.394	0.409	0.119	0.132	0.123	0.116	0.508	0.592	0.199	0.152	0.144	0.543	0.411	0.428	0.115	0.114	0.114	0.115	0.505	0.564	0.211	0.181
25:00:01	0.394	0.557	0.437	0.401	0.116	0.117	0.129	0.116	0.552	0.616	0.298	0.190	0.267	0.542	0.379	0.385	0.118	0.114	0.116	0.115	0.527	0.573	0.205	0.185	0.182	0.542	0.404	0.401	0.119	0.121	0.123	0.126	0.529	0.604	0.210	0.213	0.141	0.572	0.407	0.399	0.127	0.129	0.127	0.112	0.506	0.561	0.214	0.167	0.139	0.553	0.392	0.408	0.126	0.122	0.125	0.123	0.516	0.624	0.219	0.158	0.135	0.558	0.409	0.396	0.128	0.122	0.125	0.119	0.514	0.603	0.301	0.164	0.138	0.546	0.395	0.411	0.119	0.131	0.123	0.116	0.511	0.589	0.203	0.152	0.150	0.542	0.413	0.428	0.115	0.114	0.114	0.114	0.506	0.567	0.211	0.182
25:20:01	0.398	0.567	0.438	0.403	0.116	0.117	0.128	0.116	0.552	0.620	0.296	0.190	0.281	0.554	0.382	0.387	0.118	0.114	0.116	0.115	0.526	0.572	0.205	0.186	0.193	0.552	0.406	0.402	0.119	0.121	0.123	0.126	0.533	0.619	0.211	0.213	0.143	0.571	0.408	0.401	0.127	0.129	0.127	0.113	0.506	0.559	0.214	0.168	0.142	0.573	0.394	0.407	0.126	0.122	0.125	0.123	0.518	0.638	0.218	0.158	0.137	0.564	0.408	0.397	0.128	0.122	0.125	0.119	0.516	0.615	0.301	0.163	0.140	0.560	0.396	0.411	0.119	0.132	0.123	0.116	0.513	0.592	0.200	0.152	0.157	0.541	0.415	0.429	0.115	0.114	0.114	0.115	0.508	0.581	0.212	0.183
25:40:01	0.406	0.593	0.439	0.404	0.116	0.117	0.128	0.116	0.552	0.623	0.295	0.191	0.287	0.574	0.384	0.388	0.118	0.114	0.116	0.115	0.526	0.571	0.205	0.187	0.204	0.503	0.407	0.403	0.120	0.121	0.123	0.126	0.536	0.631	0.211	0.214	0.145	0.569	0.409	0.402	0.127	0.130	0.128	0.114	0.506	0.557	0.216	0.168	0.143	0.589	0.395	0.409	0.126	0.122	0.125	0.123	0.522	0.630	0.220	0.158	0.138	0.573	0.409	0.397	0.129	0.122	0.125	0.119	0.518	0.614	0.302	0.164	0.144	0.557	0.399	0.413	0.119	0.132	0.123	0.116	0.516	0.604	0.202	0.152	0.171	0.541	0.416	0.429	0.115	0.114	0.114	0.115	0.510	0.569	0.212	0.185
26:00:02	0.420	0.592	0.439	0.406	0.116	0.117	0.128	0.116	0.553	0.626	0.295	0.192	0.287	0.550	0.387	0.388	0.118	0.114	0.116	0.115	0.526	0.570	0.205	0.188	0.216	0.521	0.409	0.405	0.119	0.121	0.123	0.126	0.538	0.636	0.210	0.215	0.149	0.568	0.411	0.403	0.127	0.129	0.127	0.112	0.505	0.554	0.216	0.170	0.143	0.587	0.397	0.408	0.126	0.122	0.124	0.123	0.525	0.624	0.220	0.158	0.141	0.581	0.409	0.399	0.128	0.122	0.125	0.119	0.519	0.602	0.302	0.165	0.145	0.535	0.400	0.414	0.119	0.131	0.122	0.116	0.517	0.596	0.201	0.152	0.186	0.539	0.417	0.430	0.115	0.114	0.114	0.115	0.512	0.548	0.212	0.186
26:20:02	0.423	0.599	0.441	0.408	0.116	0.117	0.128	0.116	0.553	0.629	0.297	0.192	0.345	0.553	0.386	0.390	0.118	0.114	0.116	0.114	0.525	0.569	0.206	0.189	0.239	0.536	0.410	0.408	0.119	0.120	0.122	0.125	0.540	0.635	0.211	0.215	0.155	0.568	0.412	0.405	0.126	0.129	0.127	0.111	0.503	0.553	0.217	0.171	0.144	0.588	0.398	0.408	0.126	0.122	0.124	0.123	0.527	0.621	0.219	0.158	0.143	0.562	0.407	0.399	0.128	0.122	0.125	0.119	0.521	0.553	0.302	0.164	0.146	0.518	0.402	0.416	0.119	0.131	0.122	0.116	0.518	0.576	0.203	0.152	0.194	0.539	0.417	0.431	0.115	0.114	0.114	0.115	0.512	0.542	0.212	0.187
26:40:02	0.420	0.583	0.441	0.406	0.116	0.117	0.127	0.116	0.551	0.632	0.296	0.191	0.367	0.579	0.388	0.389	0.118	0.114	0.116	0.115	0.525	0.569	0.205	0.188	0.248	0.549	0.411	0.409	0.119	0.120	0.121	0.124	0.541	0.635	0.211	0.215	0.164	0.569	0.415	0.406	0.126	0.128	0.126	0.112	0.502	0.552	0.214	0.170	0.146	0.594	0.402	0.410	0.126	0.122	0.124	0.123	0.529	0.589	0.219	0.158	0.145	0.567	0.410	0.400	0.127	0.122	0.125	0.119	0.523	0.545	0.305	0.166	0.148	0.525	0.407	0.420	0.118	0.129	0.121	0.116	0.519	0.542	0.203	0.151	0.205	0.539	0.422	0.434	0.115	0.114	0.114	0.114	0.514	0.541	0.214	0.188
27:00:02	0.421	0.572	0.443	0.411	0.116	0.117	0.129	0.116	0.552	0.634	0.296	0.195	0.380	0.580	0.390	0.392	0.118	0.114	0.116	0.114	0.525	0.570	0.207	0.192	0.261	0.557	0.412	0.411	0.119	0.119	0.121	0.124	0.542	0.624	0.211	0.216	0.175	0.569	0.416	0.407	0.125	0.128	0.125	0.109	0.501	0.552	0.218	0.172	0.151	0.587	0.400	0.407	0.125	0.122	0.124	0.122	0.530	0.546	0.218	0.159	0.149	0.567	0.409	0.400	0.126	0.121	0.125	0.118	0.523	0.544	0.303	0.167	0.154	0.539	0.405	0.418	0.118	0.129	0.121	0.116	0.521	0.538	0.203	0.152	0.225	0.537	0.419	0.432	0.115	0.114	0.114	0.114	0.513	0.540	0.214	0.189
27:20:02	0.430	0.569	0.444	0.410	0.116	0.117	0.127	0.116	0.552	0.638	0.296	0.192	0.393	0.569	0.391	0.393	0.118	0.114	0.116	0.114	0.524	0.568	0.206	0.190	0.278	0.557	0.413	0.413	0.118	0.118	0.119	0.122	0.542	0.570	0.210	0.216	0.187	0.570	0.416	0.410	0.124	0.126	0.124	0.109	0.499	0.550	0.216	0.172	0.157	0.563	0.404	0.408	0.125	0.121	0.124	0.122	0.531	0.544	0.217	0.158	0.152	0.560	0.409	0.402	0.125	0.121	0.124	0.118	0.523	0.545	0.305	0.168	0.163	0.552	0.410	0.423	0.118	0.127	0.120	0.116	0.521	0.538	0.203	0.152	0.241	0.538	0.424	0.434	0.115	0.115	0.114	0.114	0.515	0.543	0.215	0.191
27:40:02	0.452	0.567	0.445	0.415	0.116	0.117	0.129	0.116	0.552	0.639	0.294	0.196	0.399	0.565	0.395	0.395	0.119	0.114	0.116	0.114	0.524	0.568	0.209	0.194	0.301	0.558	0.413	0.415	0.118	0.117	0.118	0.121	0.541	0.556	0.212	0.217	0.199	0.569	0.418	0.410	0.123	0.125	0.124	0.106	0.499	0.550	0.220	0.175	0.166	0.552	0.402	0.408	0.123	0.121	0.124	0.122	0.530	0.546	0.219	0.159	0.157	0.551	0.407	0.399	0.123	0.120	0.124	0.117	0.522	0.547	0.303	0.169	0.175	0.552	0.408	0.421	0.117	0.128	0.119	0.115	0.522	0.539	0.203	0.152	0.251	0.535	0.422	0.433	0.116	0.115	0.114	0.115	0.513	0.545	0.214	0.190
28:00:02	0.461	0.567	0.446	0.417	0.116	0.117	0.129	0.116	0.552	0.642	0.294	0.197	0.408	0.562	0.398	0.397	0.118	0.114	0.116	0.114	0.523	0.567	0.209	0.196	0.322	0.558	0.414	0.416	0.118	0.117	0.118	0.121	0.541	0.556	0.213	0.217	0.210	0.569	0.419	0.411	0.123	0.125	0.123	0.105	0.498	0.550	0.221	0.177	0.176	0.547	0.403	0.407	0.122	0.121	0.123	0.122	0.531	0.550	0.219	0.159	0.162	0.548	0.408	0.400	0.123	0.119	0.124	0.117	0.523	0.550	0.303	0.169	0.190	0.547	0.409	0.422	0.117	0.127	0.119	0.115	0.522	0.541	0.202	0.152	0.260	0.533	0.422	0.434	0.115	0.114	0.114	0.114	0.513	0.547	0.215	0.190
28:20:02	0.465	0.568	0.447	0.419	0.116	0.117	0.129	0.116	0.552	0.643	0.294	0.198	0.411	0.561	0.400	0.400	0.118	0.114	0.115	0.114	0.523	0.566	0.210	0.196	0.346	0.559	0.415	0.418	0.118	0.117	0.118	0.120	0.541	0.557	0.214	0.217	0.221	0.570	0.419	0.413	0.123	0.124	0.123	0.105	0.497	0.549	0.221	0.176	0.185	0.546	0.405	0.408	0.122	0.121	0.123	0.121	0.531	0.553	0.221	0.160	0.167	0.545	0.409	0.402	0.122	0.119	0.123	0.116	0.523	0.553	0.304	0.170	0.207	0.544	0.410	0.424	0.117	0.127	0.119	0.115	0.521	0.544	0.204	0.152	0.266	0.533	0.423	0.434	0.115	0.115	0.114	0.114	0.511	0.548	0.216	0.192
28:40:02	0.474	0.570	0.449	0.419	0.116	0.117	0.129	0.116	0.552	0.645	0.293	0.199	0.411	0.561	0.403	0.401	0.118	0.114	0.115	0.114	0.523	0.567	0.209	0.198	0.358	0.560	0.415	0.419	0.118	0.117	0.118	0.120	0.541	0.559	0.213	0.218	0.230	0.570	0.419	0.413	0.123	0.124	0.123	0.105	0.497	0.548	0.223	0.177	0.195	0.545	0.406	0.408	0.121	0.121	0.123	0.121	0.532	0.555	0.217	0.160	0.171	0.544	0.409	0.402	0.122	0.118	0.123	0.116	0.523	0.554	0.303	0.170	0.222	0.543	0.411	0.425	0.117	0.127	0.119	0.115	0.521	0.545	0.204	0.152	0.301	0.532	0.425	0.435	0.115	0.115	0.114	0.114	0.511	0.550	0.215	0.194
29:00:02	0.490	0.571	0.450	0.418	0.116	0.117	0.127	0.116	0.551	0.647	0.294	0.197	0.419	0.562	0.404	0.399	0.118	0.114	0.115	0.114	0.521	0.566	0.209	0.196	0.373	0.560	0.416	0.421	0.118	0.117	0.117	0.120	0.541	0.563	0.213	0.218	0.239	0.571	0.420	0.416	0.122	0.123	0.123	0.107	0.495	0.546	0.218	0.174	0.212	0.546	0.411	0.407	0.121	0.120	0.123	0.121	0.532	0.556	0.218	0.160	0.175	0.543	0.412	0.404	0.121	0.118	0.122	0.116	0.523	0.556	0.305	0.171	0.230	0.542	0.416	0.430	0.117	0.125	0.119	0.115	0.522	0.546	0.205	0.152	0.332	0.532	0.430	0.438	0.115	0.115	0.114	0.114	0.510	0.551	0.216	0.195
29:20:02	0.501	0.573	0.451	0.419	0.116	0.117	0.127	0.116	0.550	0.649	0.292	0.198	0.428	0.562	0.405	0.400	0.118	0.114	0.115	0.114	0.522	0.565	0.209	0.196	0.391	0.560	0.417	0.424	0.118	0.117	0.117	0.119	0.540	0.564	0.214	0.218	0.262	0.571	0.421	0.417	0.122	0.124	0.123	0.107	0.495	0.545	0.220	0.175	0.222	0.548	0.411	0.408	0.121	0.120	0.123	0.120	0.533	0.559	0.220	0.161	0.179	0.544	0.411	0.405	0.121	0.118	0.122	0.116	0.523	0.557	0.306	0.173	0.241	0.542	0.417	0.430	0.117	0.125	0.119	0.115	0.522	0.548	0.203	0.152	0.366	0.531	0.431	0.438	0.115	0.115	0.114	0.114	0.509	0.551	0.217	0.197
29:40:02	0.497	0.574	0.453	0.422	0.116	0.117	0.127	0.116	0.550	0.650	0.292	0.200	0.436	0.562	0.405	0.401	0.118	0.115	0.115	0.114	0.521	0.565	0.211	0.198	0.405	0.561	0.417	0.428	0.117	0.116	0.117	0.119	0.540	0.566	0.213	0.218	0.275	0.571	0.421	0.417	0.122	0.123	0.123	0.106	0.494	0.545	0.221	0.176	0.236	0.548	0.413	0.408	0.120	0.120	0.122	0.120	0.532	0.562	0.220	0.161	0.184	0.545	0.412	0.406	0.121	0.118	0.122	0.116	0.522	0.556	0.306	0.174	0.251	0.542	0.418	0.432	0.117	0.125	0.119	0.115	0.522	0.549	0.204	0.152	0.358	0.530	0.432	0.438	0.115	0.115	0.114	0.114	0.507	0.551	0.218	0.197
30:00:02	0.501	0.574	0.454	0.426	0.116	0.117	0.128	0.116	0.550	0.653	0.291	0.199	0.445	0.563	0.409	0.402	0.118	0.114	0.115	0.114	0.520	0.564	0.210	0.199	0.407	0.562	0.417	0.430	0.117	0.116	0.117	0.119	0.540	0.565	0.215	0.218	0.286	0.570	0.421	0.419	0.122	0.123	0.123	0.106	0.493	0.544	0.222	0.176	0.249	0.548	0.414	0.407	0.120	0.120	0.122	0.120	0.532	0.563	0.221	0.161	0.187	0.545	0.414	0.406	0.121	0.118	0.121	0.116	0.522	0.557	0.306	0.173	0.261	0.542	0.419	0.433	0.117	0.125	0.119	0.115	0.520	0.550	0.205	0.152	0.343	0.529	0.433	0.439	0.115	0.115	0.114	0.114	0.505	0.552	0.218	0.198
30:20:02	0.510	0.574	0.455	0.433	0.116	0.117	0.129	0.116	0.550	0.654	0.291	0.202	0.452	0.563	0.410	0.407	0.118	0.114	0.115	0.114	0.520	0.564	0.213	0.202	0.416	0.562	0.417	0.432	0.117	0.116	0.117	0.119	0.539	0.566	0.215	0.219	0.290	0.567	0.421	0.421	0.122	0.123	0.122	0.104	0.492	0.545	0.226	0.180	0.272	0.548	0.413	0.408	0.120	0.120	0.122	0.119	0.532	0.562	0.222	0.163	0.188	0.545	0.412	0.406	0.121	0.118	0.121	0.116	0.520	0.557	0.306	0.176	0.267	0.542	0.418	0.432	0.117	0.126	0.119	0.115	0.519	0.550	0.204	0.153	0.358	0.527	0.431	0.439	0.115	0.115	0.114	0.114	0.503	0.551	0.218	0.198
30:40:02	0.520	0.576	0.456	0.434	0.116	0.117	0.127	0.116	0.550	0.657	0.291	0.200	0.456	0.564	0.411	0.409	0.118	0.114	0.115	0.114	0.519	0.563	0.213	0.201	0.423	0.562	0.418	0.433	0.117	0.116	0.117	0.119	0.538	0.566	0.216	0.219	0.306	0.567	0.422	0.424	0.122	0.123	0.123	0.106	0.491	0.543	0.223	0.178	0.281	0.549	0.417	0.409	0.120	0.119	0.122	0.119	0.532	0.562	0.220	0.163	0.188	0.546	0.414	0.408	0.121	0.118	0.121	0.116	0.520	0.558	0.306	0.177	0.272	0.542	0.421	0.435	0.117	0.125	0.119	0.115	0.519	0.550	0.204	0.153	0.376	0.528	0.435	0.441	0.115	0.115	0.114	0.114	0.503	0.551	0.219	0.199
31:00:02	0.513	0.576	0.457	0.437	0.116	0.117	0.127	0.116	0.550	0.658	0.290	0.201	0.461	0.565	0.413	0.413	0.118	0.114	0.115	0.114	0.519	0.562	0.213	0.202	0.426	0.563	0.419	0.435	0.117	0.116	0.117	0.119	0.538	0.567	0.216	0.220	0.306	0.566	0.424	0.425	0.122	0.123	0.122	0.106	0.489	0.542	0.223	0.178	0.305	0.550	0.418	0.408	0.120	0.119	0.121	0.118	0.532	0.562	0.219	0.164	0.185	0.547	0.414	0.409	0.121	0.117	0.121	0.116	0.520	0.557	0.306	0.178	0.284	0.543	0.422	0.436	0.117	0.125	0.119	0.115	0.517	0.550	0.205	0.153	0.410	0.528	0.436	0.441	0.115	0.115	0.114	0.114	0.501	0.550	0.219	0.199
31:20:02	0.492	0.578	0.458	0.439	0.116	0.117	0.127	0.116	0.550	0.659	0.289	0.202	0.463	0.565	0.417	0.415	0.118	0.114	0.115	0.114	0.517	0.561	0.213	0.202	0.431	0.564	0.419	0.437	0.117	0.116	0.117	0.118	0.537	0.567	0.216	0.219	0.296	0.565	0.423	0.425	0.122	0.123	0.122	0.105	0.488	0.542	0.225	0.179	0.318	0.550	0.420	0.408	0.119	0.119	0.121	0.118	0.530	0.562	0.221	0.164	0.183	0.547	0.417	0.408	0.120	0.117	0.121	0.116	0.519	0.556	0.308	0.179	0.301	0.543	0.422	0.438	0.117	0.125	0.119	0.115	0.515	0.550	0.205	0.153	0.435	0.526	0.437	0.442	0.115	0.115	0.114	0.114	0.501	0.549	0.220	0.201
31:40:02	0.491	0.579	0.459	0.440	0.116	0.117	0.128	0.116	0.550	0.661	0.289	0.202	0.462	0.566	0.418	0.416	0.118	0.115	0.115	0.114	0.517	0.561	0.215	0.203	0.441	0.565	0.420	0.439	0.117	0.116	0.117	0.118	0.537	0.568	0.216	0.220	0.308	0.565	0.424	0.426	0.122	0.122	0.122	0.105	0.488	0.541	0.225	0.180	0.326	0.551	0.421	0.409	0.119	0.118	0.120	0.118	0.530	0.562	0.221	0.165	0.180	0.548	0.418	0.410	0.120	0.117	0.121	0.116	0.519	0.557	0.307	0.179	0.310	0.544	0.423	0.443	0.117	0.125	0.119	0.115	0.515	0.551	0.203	0.154	0.444	0.526	0.439	0.443	0.115	0.115	0.114	0.114	0.501	0.547	0.220	0.202
32:00:02	0.496	0.579	0.460	0.441	0.116	0.117	0.128	0.116	0.550	0.663	0.289	0.204	0.466	0.567	0.419	0.419	0.118	0.115	0.115	0.114	0.516	0.561	0.214	0.204	0.445	0.565	0.420	0.439	0.117	0.116	0.117	0.118	0.536	0.568	0.218	0.220	0.311	0.563	0.424	0.425	0.122	0.123	0.122	0.105	0.487	0.540	0.226	0.181	0.335	0.551	0.423	0.409	0.119	0.118	0.120	0.118	0.530	0.563	0.220	0.166	0.189	0.548	0.418	0.411	0.120	0.117	0.122	0.116	0.518	0.556	0.309	0.181	0.327	0.544	0.425	0.447	0.117	0.125	0.119	0.115	0.514	0.551	0.205	0.154	0.452	0.526	0.439	0.444	0.115	0.115	0.114	0.114	0.500	0.546	0.221	0.201
32:20:02	0.512	0.580	0.461	0.443	0.116	0.117	0.128	0.116	0.550	0.665	0.289	0.206	0.467	0.568	0.420	0.419	0.118	0.115	0.115	0.114	0.515	0.560	0.216	0.205	0.457	0.566	0.421	0.440	0.117	0.116	0.117	0.118	0.536	0.568	0.218	0.220	0.350	0.563	0.425	0.425	0.122	0.123	0.122	0.105	0.486	0.540	0.227	0.182	0.349	0.552	0.424	0.409	0.119	0.118	0.120	0.118	0.530	0.562	0.221	0.167	0.212	0.549	0.419	0.413	0.120	0.117	0.121	0.116	0.518	0.556	0.310	0.182	0.323	0.543	0.426	0.449	0.116	0.125	0.119	0.115	0.514	0.551	0.205	0.155	0.457	0.526	0.440	0.445	0.115	0.115	0.114	0.114	0.500	0.545	0.221	0.203
32:40:02	0.532	0.579	0.462	0.443	0.116	0.117	0.127	0.116	0.550	0.665	0.286	0.206	0.466	0.567	0.421	0.419	0.118	0.114	0.115	0.114	0.515	0.558	0.216	0.206	0.465	0.565	0.422	0.441	0.117	0.116	0.116	0.118	0.534	0.568	0.219	0.220	0.389	0.561	0.425	0.424	0.122	0.122	0.122	0.105	0.485	0.539	0.228	0.182	0.370	0.552	0.425	0.409	0.119	0.118	0.119	0.118	0.528	0.561	0.222	0.168	0.217	0.548	0.419	0.414	0.120	0.117	0.121	0.115	0.516	0.555	0.310	0.182	0.333	0.543	0.426	0.450	0.116	0.124	0.118	0.115	0.513	0.551	0.205	0.155	0.461	0.525	0.441	0.446	0.115	0.115	0.114	0.114	0.498	0.543	0.222	0.203
33:00:02	0.531	0.580	0.463	0.444	0.116	0.117	0.127	0.116	0.550	0.666	0.286	0.206	0.464	0.567	0.422	0.421	0.118	0.115	0.115	0.114	0.514	0.557	0.217	0.206	0.467	0.566	0.422	0.441	0.117	0.116	0.116	0.117	0.534	0.567	0.219	0.220	0.385	0.561	0.425	0.423	0.122	0.122	0.122	0.105	0.484	0.538	0.229	0.183	0.415	0.552	0.426	0.409	0.118	0.117	0.119	0.117	0.527	0.561	0.222	0.168	0.235	0.548	0.419	0.416	0.119	0.116	0.121	0.115	0.515	0.554	0.310	0.184	0.353	0.543	0.427	0.450	0.116	0.124	0.118	0.115	0.511	0.551	0.205	0.156	0.464	0.524	0.442	0.447	0.115	0.115	0.114	0.114	0.498	0.541	0.222	0.203
33:20:02	0.531	0.580	0.464	0.445	0.116	0.117	0.128	0.116	0.550	0.666	0.284	0.207	0.466	0.568	0.426	0.422	0.118	0.115	0.115	0.114	0.513	0.557	0.218	0.207	0.493	0.566	0.423	0.441	0.117	0.116	0.116	0.118	0.533	0.566	0.219	0.220	0.376	0.559	0.426	0.424	0.122	0.122	0.122	0.105	0.484	0.537	0.230	0.184	0.435	0.553	0.427	0.410	0.118	0.117	0.119	0.117	0.527	0.560	0.222	0.169	0.252	0.548	0.419	0.418	0.119	0.117	0.121	0.115	0.514	0.553	0.310	0.184	0.365	0.543	0.428	0.450	0.116	0.124	0.118	0.115	0.509	0.550	0.206	0.156	0.469	0.524	0.442	0.448	0.115	0.115	0.114	0.114	0.497	0.540	0.222	0.204
33:40:02	0.508	0.579	0.466	0.445	0.116	0.117	0.128	0.116	0.551	0.668	0.283	0.207	0.466	0.568	0.426	0.424	0.118	0.115	0.115	0.114	0.513	0.556	0.220	0.207	0.504	0.566	0.424	0.442	0.117	0.115	0.116	0.117	0.532	0.566	0.220	0.221	0.358	0.559	0.426	0.423	0.121	0.122	0.122	0.104	0.483	0.536	0.230	0.184	0.434	0.553	0.428	0.409	0.118	0.117	0.118	0.117	0.526	0.561	0.223	0.170	0.261	0.547	0.420	0.420	0.119	0.116	0.120	0.115	0.513	0.553	0.311	0.186	0.408	0.543	0.429	0.450	0.116	0.124	0.118	0.115	0.509	0.548	0.204	0.157	0.473	0.524	0.443	0.448	0.115	0.115	0.114	0.114	0.497	0.540	0.223	0.204
34:00:02	0.501	0.580	0.467	0.446	0.116	0.117	0.128	0.116	0.552	0.671	0.280	0.207	0.464	0.568	0.427	0.426	0.118	0.115	0.115	0.114	0.511	0.555	0.220	0.208	0.479	0.566	0.425	0.442	0.117	0.115	0.115	0.117	0.531	0.565	0.220	0.220	0.373	0.558	0.427	0.423	0.121	0.121	0.122	0.104	0.482	0.535	0.231	0.186	0.447	0.553	0.429	0.410	0.117	0.117	0.118	0.116	0.525	0.561	0.222	0.171	0.280	0.547	0.420	0.422	0.118	0.116	0.120	0.115	0.512	0.552	0.310	0.187	0.396	0.544	0.430	0.449	0.116	0.124	0.118	0.114	0.508	0.547	0.205	0.157	0.476	0.524	0.443	0.448	0.115	0.115	0.114	0.114	0.496	0.538	0.224	0.205
34:20:02	0.501	0.580	0.469	0.445	0.116	0.117	0.128	0.116	0.552	0.673	0.278	0.207	0.464	0.568	0.427	0.425	0.118	0.114	0.115	0.114	0.512	0.554	0.221	0.209	0.467	0.565	0.425	0.442	0.117	0.115	0.115	0.117	0.530	0.566	0.221	0.221	0.399	0.557	0.429	0.423	0.121	0.121	0.121	0.103	0.481	0.535	0.232	0.187	0.455	0.554	0.430	0.412	0.117	0.117	0.118	0.116	0.525	0.560	0.221	0.172	0.298	0.548	0.421	0.421	0.118	0.116	0.120	0.114	0.511	0.551	0.310	0.187	0.393	0.544	0.430	0.448	0.116	0.124	0.118	0.114	0.507	0.546	0.204	0.157	0.480	0.525	0.445	0.448	0.114	0.114	0.114	0.114	0.496	0.537	0.223	0.205
34:40:02	0.503	0.579	0.470	0.446	0.116	0.117	0.127	0.116	0.552	0.676	0.276	0.208	0.460	0.568	0.428	0.425	0.118	0.114	0.115	0.114	0.511	0.554	0.221	0.209	0.474	0.566	0.425	0.442	0.117	0.115	0.115	0.117	0.528	0.566	0.222	0.221	0.424	0.555	0.430	0.421	0.121	0.121	0.121	0.104	0.481	0.534	0.232	0.187	0.472	0.553	0.431	0.413	0.117	0.117	0.118	0.116	0.524	0.560	0.224	0.173	0.323	0.547	0.421	0.420	0.118	0.116	0.120	0.115	0.510	0.549	0.310	0.189	0.378	0.543	0.430	0.448	0.116	0.124	0.118	0.114	0.506	0.545	0.205	0.158	0.483	0.525	0.446	0.449	0.114	0.114	0.114	0.114	0.496	0.537	0.225	0.205
35:00:02	0.506	0.579	0.471	0.446	0.116	0.117	0.127	0.116	0.552	0.679	0.275	0.208	0.465	0.568	0.430	0.426	0.118	0.115	0.115	0.114	0.510	0.554	0.222	0.210	0.474	0.565	0.426	0.443	0.117	0.115	0.115	0.117	0.527	0.564	0.223	0.221	0.433	0.553	0.430	0.421	0.121	0.121	0.121	0.104	0.480	0.533	0.233	0.189	0.481	0.554	0.433	0.413	0.117	0.117	0.117	0.116	0.523	0.559	0.225	0.174	0.325	0.547	0.422	0.420	0.118	0.116	0.120	0.115	0.508	0.549	0.312	0.189	0.397	0.543	0.431	0.448	0.116	0.124	0.118	0.114	0.505	0.543	0.206	0.159	0.485	0.526	0.446	0.449	0.114	0.114	0.114	0.114	0.495	0.536	0.226	0.205
35:20:02	0.510	0.578	0.472	0.447	0.116	0.117	0.127	0.116	0.553	0.681	0.272	0.208	0.464	0.569	0.432	0.428	0.118	0.114	0.115	0.113	0.510	0.553	0.223	0.210	0.476	0.565	0.426	0.443	0.117	0.115	0.115	0.117	0.527	0.565	0.222	0.221	0.443	0.552	0.431	0.420	0.120	0.121	0.121	0.104	0.479	0.533	0.234	0.189	0.454	0.553	0.434	0.413	0.117	0.116	0.117	0.116	0.522	0.558	0.222	0.175	0.337	0.547	0.423	0.420	0.118	0.116	0.120	0.114	0.508	0.549	0.313	0.190	0.410	0.543	0.432	0.448	0.116	0.123	0.118	0.114	0.504	0.541	0.207	0.160	0.486	0.526	0.449	0.449	0.114	0.114	0.114	0.114	0.495	0.535	0.226	0.206
35:40:02	0.513	0.578	0.473	0.447	0.116	0.117	0.128	0.116	0.553	0.684	0.270	0.208	0.490	0.569	0.432	0.427	0.118	0.114	0.115	0.114	0.509	0.553	0.224	0.211	0.477	0.565	0.427	0.443	0.117	0.115	0.115	0.117	0.526	0.563	0.223	0.221	0.450	0.551	0.430	0.421	0.121	0.121	0.121	0.104	0.479	0.532	0.234	0.191	0.475	0.554	0.435	0.412	0.117	0.116	0.117	0.116	0.522	0.558	0.226	0.174	0.346	0.547	0.423	0.420	0.118	0.116	0.120	0.114	0.507	0.548	0.313	0.191	0.428	0.543	0.432	0.447	0.116	0.123	0.118	0.114	0.504	0.541	0.206	0.161	0.487	0.526	0.448	0.450	0.114	0.114	0.114	0.114	0.496	0.535	0.226	0.207
36:00:02	0.516	0.578	0.474	0.447	0.116	0.117	0.128	0.116	0.554	0.687	0.267	0.209	0.487	0.568	0.434	0.428	0.118	0.115	0.115	0.114	0.509	0.551	0.224	0.211	0.480	0.565	0.427	0.443	0.117	0.115	0.115	0.117	0.525	0.563	0.224	0.221	0.457	0.550	0.432	0.421	0.121	0.121	0.121	0.104	0.478	0.531	0.235	0.192	0.480	0.554	0.436	0.412	0.117	0.116	0.117	0.116	0.522	0.556	0.225	0.177	0.357	0.548	0.424	0.420	0.118	0.116	0.120	0.114	0.506	0.547	0.311	0.191	0.440	0.543	0.432	0.447	0.116	0.123	0.118	0.114	0.503	0.539	0.207	0.161	0.488	0.527	0.450	0.450	0.114	0.114	0.114	0.114	0.495	0.535	0.226	0.206
36:20:02	0.519	0.579	0.477	0.451	0.116	0.117	0.127	0.116	0.556	0.691	0.268	0.209	0.499	0.570	0.439	0.437	0.118	0.115	0.115	0.114	0.509	0.551	0.225	0.211	0.483	0.566	0.429	0.445	0.117	0.115	0.115	0.117	0.524	0.563	0.224	0.220	0.463	0.550	0.433	0.424	0.120	0.121	0.121	0.103	0.478	0.531	0.234	0.189	0.484	0.554	0.441	0.414	0.117	0.116	0.117	0.116	0.522	0.555	0.223	0.175	0.381	0.550	0.426	0.421	0.118	0.115	0.120	0.114	0.506	0.548	0.310	0.187	0.447	0.544	0.436	0.447	0.116	0.123	0.118	0.114	0.503	0.537	0.206	0.158	0.490	0.529	0.453	0.451	0.114	0.114	0.114	0.114	0.497	0.534	0.225	0.204
36:40:02	0.520	0.578	0.476	0.446	0.116	0.117	0.127	0.116	0.555	0.694	0.265	0.209	0.489	0.569	0.437	0.430	0.118	0.114	0.115	0.113	0.507	0.549	0.226	0.211	0.485	0.565	0.428	0.443	0.117	0.115	0.115	0.116	0.524	0.561	0.224	0.221	0.467	0.549	0.432	0.421	0.120	0.121	0.121	0.103	0.478	0.531	0.236	0.194	0.486	0.555	0.438	0.411	0.117	0.116	0.117	0.116	0.520	0.556	0.225	0.178	0.395	0.547	0.425	0.419	0.117	0.115	0.120	0.114	0.505	0.547	0.313	0.193	0.453	0.541	0.434	0.446	0.116	0.123	0.118	0.114	0.501	0.535	0.206	0.163	0.490	0.528	0.451	0.450	0.114	0.114	0.113	0.114	0.496	0.533	0.227	0.208
37:00:02	0.521	0.577	0.476	0.447	0.116	0.117	0.128	0.116	0.555	0.696	0.259	0.209	0.493	0.569	0.437	0.429	0.118	0.114	0.115	0.113	0.506	0.549	0.227	0.211	0.489	0.564	0.428	0.443	0.117	0.115	0.115	0.116	0.523	0.561	0.225	0.221	0.471	0.548	0.433	0.421	0.121	0.121	0.121	0.103	0.477	0.531	0.237	0.193	0.489	0.554	0.439	0.411	0.117	0.116	0.117	0.116	0.520	0.554	0.226	0.180	0.409	0.546	0.426	0.418	0.117	0.116	0.120	0.114	0.503	0.546	0.313	0.194	0.457	0.542	0.434	0.446	0.116	0.123	0.118	0.114	0.501	0.535	0.205	0.164	0.490	0.529	0.452	0.450	0.114	0.114	0.113	0.114	0.496	0.532	0.228	0.206
37:20:02	0.525	0.577	0.477	0.446	0.116	0.117	0.127	0.116	0.556	0.698	0.258	0.209	0.496	0.569	0.438	0.431	0.118	0.114	0.115	0.113	0.507	0.547	0.228	0.212	0.491	0.564	0.428	0.443	0.117	0.115	0.115	0.116	0.522	0.561	0.226	0.221	0.474	0.547	0.433	0.421	0.121	0.121	0.121	0.103	0.476	0.531	0.237	0.195	0.492	0.554	0.440	0.410	0.117	0.116	0.117	0.116	0.520	0.554	0.225	0.180	0.422	0.546	0.426	0.418	0.117	0.116	0.120	0.114	0.503	0.545	0.313	0.195	0.460	0.541	0.435	0.446	0.116	0.123	0.118	0.114	0.501	0.533	0.208	0.164	0.492	0.529	0.454	0.450	0.114	0.114	0.113	0.114	0.496	0.532	0.229	0.208
37:40:02	0.529	0.577	0.478	0.447	0.116	0.117	0.128	0.116	0.556	0.699	0.255	0.210	0.497	0.569	0.439	0.430	0.118	0.114	0.115	0.113	0.506	0.547	0.229	0.212	0.495	0.564	0.429	0.443	0.117	0.115	0.115	0.116	0.520	0.559	0.226	0.221	0.479	0.548	0.434	0.421	0.121	0.121	0.121	0.103	0.475	0.531	0.239	0.196	0.494	0.553	0.441	0.410	0.117	0.116	0.117	0.116	0.519	0.553	0.224	0.181	0.435	0.546	0.427	0.418	0.117	0.116	0.120	0.114	0.502	0.544	0.312	0.196	0.463	0.541	0.436	0.445	0.116	0.123	0.118	0.114	0.500	0.532	0.207	0.166	0.493	0.530	0.455	0.451	0.114	0.114	0.114	0.114	0.496	0.531	0.228	0.208
38:00:02	0.530	0.577	0.479	0.447	0.116	0.117	0.127	0.116	0.557	0.705	0.255	0.210	0.500	0.569	0.441	0.430	0.118	0.114	0.114	0.113	0.505	0.546	0.229	0.213	0.497	0.564	0.429	0.443	0.117	0.115	0.115	0.116	0.520	0.558	0.227	0.221	0.483	0.547	0.433	0.421	0.121	0.121	0.121	0.103	0.475	0.531	0.239	0.196	0.496	0.552	0.441	0.410	0.117	0.116	0.117	0.116	0.518	0.552	0.227	0.182	0.448	0.545	0.428	0.418	0.117	0.116	0.120	0.114	0.501	0.543	0.314	0.196	0.466	0.541	0.436	0.445	0.116	0.123	0.118	0.114	0.499	0.533	0.207	0.166	0.493	0.531	0.456	0.450	0.114	0.114	0.114	0.114	0.496	0.530	0.229	0.209
38:20:02	0.531	0.576	0.480	0.446	0.116	0.117	0.127	0.116	0.558	0.705	0.252	0.210	0.504	0.568	0.442	0.431	0.118	0.114	0.115	0.113	0.505	0.545	0.231	0.213	0.499	0.563	0.430	0.443	0.116	0.115	0.115	0.116	0.520	0.557	0.227	0.221	0.486	0.547	0.434	0.421	0.120	0.121	0.121	0.103	0.474	0.530	0.240	0.198	0.498	0.552	0.443	0.410	0.117	0.116	0.117	0.116	0.517	0.550	0.228	0.183	0.452	0.544	0.428	0.417	0.117	0.116	0.120	0.114	0.500	0.542	0.313	0.196	0.469	0.541	0.437	0.445	0.116	0.123	0.118	0.114	0.498	0.530	0.207	0.168	0.493	0.532	0.455	0.450	0.114	0.114	0.114	0.114	0.497	0.529	0.230	0.208
38:40:02	0.533	0.576	0.484	0.449	0.116	0.117	0.127	0.116	0.559	0.708	0.253	0.210	0.508	0.569	0.444	0.437	0.118	0.114	0.115	0.113	0.506	0.546	0.231	0.213	0.502	0.565	0.432	0.445	0.116	0.115	0.115	0.116	0.520	0.555	0.227	0.220	0.490	0.549	0.437	0.422	0.120	0.121	0.121	0.103	0.475	0.529	0.239	0.197	0.500	0.553	0.447	0.412	0.117	0.116	0.117	0.116	0.517	0.551	0.221	0.181	0.466	0.546	0.430	0.419	0.117	0.115	0.120	0.114	0.499	0.541	0.311	0.193	0.472	0.542	0.441	0.446	0.116	0.123	0.118	0.114	0.499	0.530	0.206	0.164	0.493	0.534	0.459	0.451	0.114	0.114	0.114	0.114	0.499	0.529	0.229	0.205
39:00:02	0.533	0.576	0.483	0.446	0.116	0.117	0.128	0.116	0.558	0.714	0.250	0.210	0.511	0.568	0.443	0.433	0.118	0.114	0.115	0.114	0.505	0.545	0.232	0.214	0.504	0.563	0.431	0.443	0.117	0.115	0.115	0.116	0.518	0.555	0.229	0.221	0.492	0.547	0.436	0.421	0.121	0.121	0.121	0.103	0.473	0.530	0.240	0.199	0.501	0.551	0.445	0.410	0.117	0.117	0.117	0.116	0.517	0.550	0.226	0.185	0.467	0.546	0.429	0.417	0.117	0.116	0.120	0.115	0.499	0.540	0.314	0.198	0.474	0.541	0.438	0.445	0.116	0.123	0.118	0.114	0.498	0.529	0.207	0.169	0.492	0.533	0.458	0.451	0.114	0.114	0.113	0.114	0.498	0.529	0.231	0.209
39:20:02	0.532	0.576	0.483	0.446	0.116	0.117	0.128	0.116	0.559	0.718	0.249	0.210	0.514	0.567	0.443	0.432	0.118	0.115	0.115	0.113	0.504	0.545	0.234	0.214	0.507	0.562	0.432	0.443	0.117	0.115	0.115	0.116	0.517	0.555	0.230	0.221	0.494	0.546	0.435	0.421	0.120	0.121	0.121	0.103	0.473	0.530	0.241	0.200	0.502	0.553	0.446	0.410	0.117	0.117	0.117	0.116	0.517	0.548	0.230	0.186	0.476	0.545	0.430	0.417	0.118	0.116	0.120	0.115	0.498	0.538	0.313	0.198	0.476	0.541	0.439	0.445	0.116	0.123	0.118	0.114	0.498	0.527	0.208	0.170	0.491	0.534	0.460	0.451	0.114	0.114	0.113	0.114	0.498	0.528	0.231	0.210
39:40:02	0.532	0.576	0.482	0.446	0.116	0.117	0.128	0.116	0.560	0.720	0.248	0.209	0.517	0.566	0.445	0.432	0.118	0.115	0.115	0.113	0.503	0.545	0.234	0.214	0.509	0.562	0.434	0.443	0.116	0.115	0.115	0.116	0.516	0.554	0.229	0.220	0.496	0.547	0.436	0.420	0.121	0.121	0.121	0.103	0.473	0.529	0.242	0.201	0.503	0.552	0.446	0.409	0.117	0.116	0.117	0.116	0.516	0.547	0.230	0.187	0.479	0.543	0.430	0.416	0.117	0.116	0.120	0.114	0.498	0.538	0.315	0.200	0.478	0.541	0.440	0.445	0.116	0.123	0.118	0.114	0.498	0.527	0.208	0.171	0.491	0.535	0.464	0.451	0.114	0.114	0.113	0.114	0.498	0.528	0.232	0.210
40:00:02	0.532	0.575	0.481	0.446	0.116	0.117	0.127	0.116	0.561	0.723	0.250	0.209	0.520	0.566	0.445	0.432	0.118	0.114	0.114	0.114	0.502	0.544	0.235	0.214	0.509	0.561	0.433	0.442	0.117	0.115	0.115	0.116	0.516	0.553	0.230	0.220	0.496	0.547	0.438	0.420	0.121	0.121	0.121	0.103	0.472	0.529	0.242	0.202	0.504	0.551	0.447	0.409	0.117	0.117	0.117	0.116	0.515	0.546	0.229	0.188	0.486	0.543	0.432	0.416	0.118	0.116	0.120	0.115	0.496	0.536	0.314	0.200	0.480	0.540	0.440	0.444	0.116	0.123	0.118	0.114	0.497	0.525	0.208	0.172	0.491	0.535	0.464	0.451	0.114	0.114	0.114	0.114	0.498	0.528	0.232	0.210
40:20:02	0.532	0.575	0.481	0.445	0.116	0.117	0.127	0.116	0.561	0.727	0.247	0.209	0.523	0.566	0.445	0.430	0.118	0.114	0.114	0.113	0.502	0.543	0.236	0.214	0.510	0.560	0.433	0.442	0.116	0.115	0.115	0.116	0.516	0.553	0.230	0.220	0.497	0.547	0.437	0.420	0.121	0.121	0.121	0.103	0.472	0.529	0.244	0.201	0.505	0.551	0.448	0.408	0.117	0.117	0.117	0.116	0.514	0.544	0.226	0.189	0.491	0.543	0.432	0.415	0.118	0.116	0.120	0.114	0.496	0.535	0.314	0.200	0.482	0.540	0.441	0.444	0.116	0.123	0.118	0.114	0.497	0.524	0.207	0.171	0.490	0.536	0.465	0.451	0.114	0.114	0.114	0.114	0.498	0.527	0.232	0.210
40:40:02	0.532	0.574	0.480	0.445	0.116	0.117	0.127	0.116	0.562	0.730	0.248	0.210	0.526	0.565	0.447	0.431	0.118	0.114	0.115	0.113	0.502	0.543	0.237	0.215	0.510	0.561	0.432	0.442	0.116	0.115	0.115	0.116	0.514	0.552	0.230	0.220	0.496	0.547	0.436	0.419	0.120	0.121	0.121	0.103	0.472	0.528	0.244	0.203	0.506	0.550	0.449	0.408	0.117	0.116	0.117	0.116	0.513	0.544	0.229	0.189	0.495	0.542	0.432	0.414	0.117	0.116	0.120	0.115	0.495	0.534	0.315	0.202	0.482	0.539	0.442	0.444	0.116	0.123	0.118	0.114	0.497	0.524	0.208	0.173	0.489	0.536	0.464	0.451	0.114	0.114	0.114	0.114	0.498	0.527	0.232	0.210
41:00:02	0.532	0.575	0.480	0.445	0.116	0.117	0.128	0.116	0.564	0.734	0.248	0.210	0.530	0.566	0.448	0.431	0.118	0.115	0.115	0.114	0.503	0.543	0.238	0.215	0.511	0.560	0.432	0.441	0.116	0.115	0.115	0.116	0.513	0.550	0.232	0.220	0.496	0.549	0.436	0.420	0.121	0.121	0.121	0.103	0.472	0.529	0.244	0.203	0.506	0.550	0.450	0.408	0.117	0.117	0.117	0.116	0.512	0.543	0.231	0.191	0.499	0.542	0.434	0.415	0.117	0.116	0.120	0.115	0.495	0.534	0.314	0.203	0.484	0.540	0.443	0.444	0.116	0.124	0.118	0.114	0.497	0.522	0.207	0.174	0.489	0.538	0.463	0.451	0.114	0.114	0.114	0.114	0.498	0.527	0.233	0.210
41:20:02	0.532	0.575	0.480	0.444	0.116	0.117	0.128	0.116	0.565	0.736	0.248	0.210	0.532	0.565	0.451	0.431	0.118	0.114	0.115	0.114	0.502	0.542	0.239	0.215	0.510	0.560	0.431	0.441	0.116	0.115	0.115	0.116	0.512	0.549	0.231	0.220	0.496	0.549	0.435	0.419	0.121	0.121	0.121	0.103	0.471	0.529	0.245	0.204	0.505	0.549	0.451	0.408	0.117	0.117	0.117	0.116	0.512	0.542	0.230	0.191	0.516	0.541	0.435	0.415	0.117	0.116	0.120	0.114	0.494	0.533	0.315	0.204	0.484	0.540	0.444	0.444	0.116	0.124	0.118	0.114	0.497	0.522	0.206	0.174	0.490	0.539	0.463	0.451	0.114	0.114	0.113	0.114	0.498	0.526	0.233	0.210
41:40:02	0.532	0.574	0.479	0.443	0.116	0.117	0.128	0.116	0.565	0.739	0.247	0.211	0.534	0.564	0.451	0.431	0.118	0.115	0.114	0.114	0.501	0.541	0.239	0.215	0.510	0.560	0.431	0.441	0.116	0.115	0.115	0.116	0.512	0.548	0.233	0.220	0.496	0.550	0.434	0.419	0.121	0.121	0.121	0.103	0.470	0.529	0.246	0.205	0.505	0.549	0.451	0.407	0.117	0.117	0.117	0.116	0.512	0.540	0.230	0.192	0.512	0.540	0.438	0.414	0.117	0.116	0.120	0.115	0.494	0.533	0.316	0.204	0.484	0.539	0.444	0.443	0.116	0.124	0.118	0.114	0.498	0.521	0.209	0.176	0.490	0.539	0.461	0.451	0.114	0.114	0.113	0.114	0.498	0.527	0.234	0.210
42:00:02	0.531	0.575	0.479	0.443	0.116	0.117	0.128	0.116	0.566	0.741	0.245	0.211	0.535	0.564	0.452	0.432	0.118	0.114	0.115	0.113	0.500	0.541	0.240	0.215	0.509	0.560	0.430	0.440	0.116	0.115	0.115	0.116	0.511	0.548	0.233	0.219	0.496	0.550	0.434	0.418	0.121	0.121	0.121	0.103	0.470	0.528	0.246	0.205	0.504	0.548	0.452	0.408	0.117	0.117	0.117	0.116	0.511	0.539	0.232	0.193	0.529	0.540	0.437	0.413	0.117	0.116	0.120	0.114	0.494	0.531	0.316	0.205	0.484	0.539	0.445	0.443	0.116	0.124	0.119	0.114	0.497	0.520	0.209	0.177	0.491	0.540	0.462	0.452	0.114	0.114	0.113	0.114	0.498	0.527	0.235	0.211
42:20:02	0.531	0.575	0.478	0.443	0.116	0.117	0.128	0.116	0.567	0.745	0.247	0.211	0.537	0.564	0.450	0.432	0.118	0.114	0.115	0.113	0.500	0.541	0.241	0.216	0.510	0.560	0.430	0.440	0.116	0.115	0.115	0.116	0.511	0.546	0.233	0.219	0.496	0.551	0.433	0.418	0.121	0.121	0.121	0.103	0.469	0.528	0.247	0.206	0.504	0.548	0.453	0.407	0.117	0.116	0.117	0.116	0.510	0.539	0.231	0.194	0.524	0.539	0.435	0.414	0.117	0.116	0.120	0.114	0.493	0.530	0.314	0.206	0.484	0.538	0.449	0.443	0.116	0.124	0.118	0.114	0.497	0.520	0.208	0.178	0.491	0.542	0.462	0.452	0.114	0.114	0.113	0.114	0.497	0.526	0.235	0.210
42:40:02	0.530	0.575	0.478	0.442	0.116	0.117	0.128	0.116	0.568	0.747	0.245	0.211	0.538	0.564	0.450	0.431	0.117	0.114	0.115	0.114	0.499	0.540	0.241	0.215	0.509	0.560	0.429	0.439	0.116	0.115	0.115	0.116	0.509	0.545	0.233	0.219	0.495	0.551	0.434	0.418	0.121	0.121	0.121	0.103	0.469	0.528	0.248	0.206	0.503	0.549	0.455	0.407	0.117	0.117	0.117	0.116	0.509	0.538	0.229	0.195	0.505	0.539	0.434	0.413	0.117	0.116	0.120	0.115	0.492	0.529	0.315	0.206	0.483	0.537	0.449	0.442	0.116	0.124	0.119	0.114	0.497	0.518	0.208	0.178	0.491	0.543	0.461	0.452	0.114	0.114	0.113	0.114	0.498	0.525	0.235	0.211
43:00:02	0.530	0.575	0.477	0.441	0.116	0.117	0.128	0.116	0.569	0.750	0.244	0.212	0.540	0.564	0.449	0.432	0.118	0.114	0.115	0.113	0.498	0.540	0.242	0.216	0.509	0.560	0.429	0.438	0.116	0.115	0.115	0.116	0.508	0.544	0.234	0.219	0.493	0.552	0.433	0.417	0.121	0.121	0.121	0.103	0.469	0.527	0.249	0.207	0.503	0.548	0.458	0.407	0.117	0.116	0.117	0.116	0.508	0.536	0.231	0.195	0.435	0.538	0.433	0.413	0.117	0.116	0.120	0.114	0.491	0.528	0.314	0.206	0.484	0.536	0.448	0.442	0.116	0.124	0.119	0.114	0.496	0.518	0.207	0.179	0.492	0.543	0.461	0.452	0.114	0.114	0.113	0.114	0.497	0.525	0.236	0.210
43:20:02	0.530	0.576	0.477	0.440	0.116	0.117	0.128	0.116	0.570	0.753	0.244	0.212	0.541	0.564	0.448	0.430	0.118	0.114	0.115	0.113	0.498	0.539	0.243	0.215	0.508	0.560	0.428	0.438	0.116	0.115	0.115	0.116	0.507	0.543	0.234	0.219	0.493	0.553	0.432	0.418	0.121	0.121	0.121	0.103	0.469	0.527	0.249	0.208	0.503	0.547	0.458	0.406	0.117	0.116	0.117	0.116	0.507	0.535	0.232	0.196	0.446	0.537	0.432	0.413	0.117	0.116	0.120	0.114	0.490	0.528	0.315	0.208	0.484	0.535	0.447	0.441	0.116	0.124	0.118	0.114	0.496	0.516	0.208	0.180	0.493	0.544	0.460	0.452	0.114	0.114	0.113	0.114	0.496	0.525	0.237	0.210
43:40:02	0.530	0.576	0.476	0.440	0.116	0.117	0.128	0.116	0.571	0.756	0.243	0.211	0.541	0.563	0.448	0.431	0.118	0.114	0.115	0.113	0.498	0.539	0.243	0.215	0.507	0.560	0.428	0.438	0.116	0.115	0.115	0.116	0.506	0.542	0.234	0.218	0.492	0.553	0.433	0.417	0.121	0.121	0.121	0.103	0.468	0.526	0.250	0.208	0.503	0.546	0.457	0.406	0.117	0.117	0.117	0.116	0.505	0.534	0.230	0.197	0.460	0.536	0.432	0.413	0.117	0.116	0.120	0.114	0.490	0.526	0.315	0.208	0.484	0.535	0.445	0.441	0.116	0.124	0.118	0.114	0.495	0.517	0.208	0.181	0.494	0.545	0.458	0.453	0.114	0.114	0.113	0.114	0.495	0.525	0.237	0.211
44:00:02	0.530	0.577	0.476	0.440	0.116	0.117	0.127	0.116	0.572	0.760	0.245	0.212	0.541	0.564	0.447	0.430	0.118	0.114	0.115	0.113	0.498	0.539	0.244	0.215	0.507	0.560	0.427	0.437	0.116	0.115	0.115	0.116	0.504	0.541	0.235	0.218	0.492	0.554	0.431	0.417	0.120	0.120	0.121	0.103	0.467	0.526	0.250	0.209	0.503	0.546	0.456	0.406	0.117	0.117	0.117	0.116	0.504	0.534	0.228	0.197	0.467	0.535	0.431	0.413	0.117	0.116	0.120	0.114	0.489	0.525	0.313	0.208	0.484	0.534	0.444	0.441	0.116	0.124	0.118	0.114	0.495	0.515	0.207	0.182	0.495	0.546	0.459	0.453	0.114	0.114	0.113	0.114	0.495	0.525	0.237	0.210
44:20:03	0.530	0.578	0.476	0.439	0.116	0.117	0.127	0.116	0.573	0.762	0.245	0.212	0.541	0.563	0.446	0.430	0.118	0.114	0.115	0.113	0.497	0.539	0.244	0.215	0.506	0.559	0.427	0.436	0.116	0.115	0.115	0.115	0.503	0.539	0.234	0.218	0.491	0.555	0.430	0.417	0.121	0.121	0.121	0.103	0.467	0.525	0.251	0.209	0.502	0.546	0.455	0.406	0.117	0.117	0.117	0.116	0.503	0.532	0.231	0.198	0.469	0.535	0.430	0.412	0.117	0.116	0.120	0.114	0.488	0.524	0.314	0.209	0.484	0.533	0.444	0.440	0.116	0.124	0.118	0.114	0.493	0.514	0.207	0.183	0.496	0.547	0.458	0.453	0.114	0.114	0.113	0.114	0.494	0.525	0.239	0.209
44:40:03	0.529	0.579	0.475	0.438	0.116	0.117	0.128	0.116	0.574	0.765	0.242	0.212	0.542	0.562	0.446	0.430	0.118	0.114	0.114	0.113	0.497	0.539	0.245	0.215	0.505	0.560	0.426	0.436	0.116	0.115	0.115	0.116	0.502	0.538	0.234	0.218	0.490	0.555	0.430	0.416	0.121	0.121	0.121	0.103	0.466	0.525	0.251	0.209	0.501	0.545	0.454	0.406	0.117	0.117	0.117	0.116	0.503	0.531	0.231	0.199	0.470	0.534	0.430	0.412	0.117	0.116	0.120	0.115	0.487	0.523	0.314	0.209	0.484	0.534	0.442	0.440	0.116	0.124	0.119	0.114	0.492	0.515	0.208	0.184	0.497	0.548	0.458	0.454	0.114	0.114	0.113	0.114	0.493	0.525	0.239	0.209
45:00:03	0.529	0.580	0.474	0.438	0.116	0.117	0.127	0.116	0.576	0.768	0.241	0.212	0.542	0.562	0.445	0.429	0.118	0.114	0.115	0.113	0.497	0.539	0.245	0.214	0.505	0.560	0.426	0.435	0.116	0.115	0.115	0.115	0.501	0.537	0.235	0.218	0.490	0.556	0.430	0.417	0.121	0.120	0.121	0.103	0.466	0.523	0.252	0.209	0.500	0.544	0.453	0.405	0.117	0.117	0.117	0.116	0.501	0.530	0.229	0.199	0.472	0.534	0.429	0.412	0.117	0.116	0.120	0.114	0.486	0.522	0.314	0.209	0.484	0.533	0.442	0.440	0.116	0.124	0.118	0.114	0.492	0.513	0.207	0.185	0.499	0.549	0.457	0.454	0.114	0.114	0.113	0.114	0.493	0.526	0.239	0.209
45:20:03	0.529	0.581	0.474	0.437	0.116	0.117	0.127	0.116	0.577	0.769	0.244	0.211	0.542	0.562	0.444	0.429	0.118	0.114	0.114	0.113	0.497	0.538	0.246	0.214	0.503	0.560	0.425	0.435	0.116	0.115	0.115	0.115	0.500	0.537	0.236	0.218	0.490	0.558	0.430	0.416	0.120	0.120	0.121	0.103	0.466	0.523	0.253	0.210	0.500	0.543	0.452	0.405	0.117	0.117	0.117	0.116	0.501	0.529	0.232	0.200	0.475	0.533	0.428	0.411	0.117	0.116	0.120	0.114	0.486	0.521	0.315	0.209	0.484	0.533	0.441	0.439	0.116	0.124	0.118	0.114	0.490	0.511	0.208	0.186	0.500	0.549	0.456	0.454	0.114	0.114	0.113	0.114	0.493	0.525	0.239	0.209
45:40:03	0.530	0.583	0.473	0.437	0.116	0.117	0.127	0.116	0.578	0.773	0.242	0.211	0.542	0.561	0.443	0.428	0.118	0.114	0.115	0.113	0.495	0.537	0.246	0.215	0.503	0.560	0.425	0.434	0.116	0.115	0.115	0.115	0.498	0.537	0.236	0.217	0.489	0.557	0.429	0.416	0.120	0.120	0.121	0.103	0.466	0.522	0.252	0.210	0.500	0.544	0.451	0.405	0.117	0.117	0.117	0.116	0.499	0.528	0.229	0.200	0.480	0.533	0.428	0.412	0.117	0.116	0.120	0.114	0.485	0.520	0.314	0.210	0.485	0.533	0.440	0.439	0.116	0.124	0.118	0.114	0.489	0.512	0.209	0.186	0.502	0.550	0.456	0.454	0.114	0.113	0.113	0.114	0.494	0.525	0.240	0.207
46:00:03	0.530	0.584	0.476	0.438	0.116	0.117	0.127	0.116	0.580	0.775	0.242	0.211	0.542	0.562	0.445	0.432	0.118	0.114	0.114	0.113	0.496	0.537	0.247	0.214	0.503	0.561	0.427	0.436	0.116	0.115	0.115	0.115	0.497	0.535	0.236	0.217	0.490	0.559	0.430	0.418	0.120	0.120	0.121	0.102	0.467	0.521	0.252	0.209	0.500	0.545	0.453	0.407	0.117	0.116	0.117	0.116	0.499	0.528	0.230	0.199	0.484	0.534	0.429	0.413	0.117	0.116	0.120	0.114	0.484	0.519	0.314	0.209	0.487	0.535	0.443	0.440	0.116	0.124	0.118	0.114	0.489	0.512	0.207	0.183	0.504	0.552	0.457	0.455	0.114	0.114	0.113	0.114	0.494	0.526	0.238	0.207
46:20:03	0.529	0.584	0.473	0.436	0.116	0.117	0.127	0.116	0.582	0.780	0.241	0.211	0.542	0.561	0.443	0.428	0.118	0.114	0.114	0.113	0.495	0.537	0.247	0.214	0.501	0.559	0.425	0.433	0.116	0.115	0.115	0.115	0.496	0.534	0.237	0.217	0.489	0.559	0.429	0.416	0.120	0.120	0.121	0.103	0.465	0.521	0.254	0.210	0.497	0.543	0.449	0.405	0.117	0.117	0.117	0.116	0.497	0.526	0.233	0.201	0.486	0.532	0.426	0.411	0.117	0.116	0.120	0.114	0.482	0.518	0.314	0.211	0.486	0.534	0.439	0.438	0.116	0.124	0.118	0.114	0.487	0.510	0.209	0.187	0.504	0.552	0.455	0.455	0.114	0.114	0.113	0.114	0.494	0.526	0.241	0.208
46:40:03	0.529	0.585	0.472	0.435	0.116	0.117	0.127	0.116	0.583	0.782	0.241	0.210	0.540	0.560	0.442	0.427	0.118	0.114	0.114	0.113	0.495	0.536	0.247	0.214	0.500	0.559	0.424	0.433	0.116	0.115	0.115	0.115	0.494	0.533	0.237	0.217	0.488	0.560	0.429	0.416	0.121	0.120	0.121	0.103	0.465	0.520	0.254	0.210	0.498	0.541	0.448	0.404	0.117	0.117	0.117	0.116	0.496	0.525	0.233	0.201	0.486	0.532	0.426	0.411	0.117	0.116	0.120	0.114	0.481	0.517	0.313	0.211	0.487	0.532	0.438	0.438	0.116	0.124	0.118	0.114	0.486	0.509	0.209	0.188	0.505	0.552	0.453	0.455	0.114	0.114	0.113	0.114	0.494	0.525	0.242	0.208
47:00:03	0.530	0.586	0.471	0.435	0.116	0.117	0.127	0.116	0.584	0.784	0.240	0.210	0.540	0.560	0.441	0.427	0.117	0.114	0.114	0.113	0.494	0.534	0.248	0.214	0.499	0.559	0.423	0.432	0.116	0.115	0.115	0.115	0.493	0.533	0.237	0.217	0.488	0.560	0.427	0.415	0.120	0.120	0.121	0.103	0.464	0.519	0.254	0.211	0.498	0.540	0.448	0.404	0.117	0.116	0.117	0.116	0.494	0.524	0.232	0.202	0.487	0.531	0.425	0.411	0.117	0.116	0.120	0.114	0.480	0.516	0.313	0.212	0.488	0.533	0.437	0.437	0.116	0.124	0.118	0.114	0.485	0.509	0.207	0.189	0.506	0.553	0.453	0.456	0.114	0.114	0.113	0.114	0.494	0.526	0.242	0.208
47:20:03	0.530	0.587	0.471	0.435	0.116	0.117	0.127	0.116	0.586	0.786	0.239	0.211	0.540	0.559	0.440	0.426	0.118	0.114	0.114	0.113	0.493	0.534	0.249	0.214	0.498	0.558	0.423	0.432	0.116	0.115	0.115	0.115	0.492	0.532	0.238	0.216	0.487	0.561	0.428	0.415	0.121	0.120	0.121	0.103	0.463	0.519	0.255	0.212	0.496	0.540	0.447	0.404	0.117	0.117	0.117	0.116	0.493	0.523	0.234	0.202	0.487	0.531	0.424	0.410	0.117	0.116	0.120	0.114	0.479	0.515	0.314	0.213	0.488	0.533	0.436	0.437	0.116	0.124	0.118	0.114	0.484	0.509	0.208	0.190	0.508	0.553	0.453	0.456	0.114	0.114	0.113	0.114	0.494	0.526	0.243	0.208
47:40:03	0.531	0.588	0.471	0.435	0.116	0.117	0.127	0.116	0.588	0.789	0.241	0.211	0.539	0.559	0.440	0.427	0.118	0.114	0.114	0.113	0.493	0.534	0.249	0.213	0.498	0.557	0.423	0.431	0.116	0.115	0.115	0.115	0.492	0.532	0.238	0.216	0.488	0.562	0.428	0.415	0.121	0.120	0.121	0.103	0.463	0.519	0.255	0.212	0.497	0.539	0.446	0.404	0.117	0.117	0.117	0.116	0.492	0.522	0.233	0.203	0.487	0.531	0.423	0.410	0.117	0.116	0.120	0.114	0.478	0.515	0.314	0.212	0.490	0.532	0.435	0.437	0.116	0.124	0.118	0.114	0.484	0.508	0.209	0.191	0.509	0.554	0.451	0.457	0.114	0.114	0.113	0.114	0.494	0.526	0.243	0.207
48:00:03	0.531	0.589	0.470	0.434	0.116	0.117	0.127	0.116	0.590	0.791	0.241	0.211	0.539	0.558	0.440	0.426	0.118	0.114	0.115	0.113	0.493	0.534	0.250	0.214	0.497	0.557	0.422	0.431	0.116	0.115	0.115	0.115	0.491	0.530	0.239	0.216	0.488	0.563	0.427	0.415	0.121	0.120	0.121	0.102	0.464	0.519	0.256	0.212	0.496	0.539	0.446	0.403	0.117	0.116	0.117	0.116	0.491	0.521	0.234	0.203	0.489	0.530	0.423	0.409	0.117	0.116	0.120	0.114	0.477	0.514	0.314	0.212	0.491	0.532	0.435	0.437	0.116	0.124	0.118	0.114	0.482	0.507	0.209	0.192	0.510	0.555	0.451	0.457	0.114	0.114	0.113	0.114	0.493	0.527	0.244	0.207

