Field Group

Plate Comment:	
Procedure Summary
  Plate Type:              Corning 96 well for LogPhase600
  Plate Number:            2
  Discontinuous Kinetics:  Runtime 02:00:00 (D:HH:MM), Interval 00:20:00 (HH:MM:SS), 145 Reads (max)
  Read:                    600 nm
  Incubator:               On
    Temperature setpoint:  30 °C
    Temperature gradient:  Off
  Shaking:                 On
     Shaking frequency:    600 RPMs		
			
			

600

Time	A1	A2	A3	A4	A5	A6	A7	A8	A9	A10	A11	A12	B1	B2	B3	B4	B5	B6	B7	B8	B9	B10	B11	B12	C1	C2	C3	C4	C5	C6	C7	C8	C9	C10	C11	C12	D1	D2	D3	D4	D5	D6	D7	D8	D9	D10	D11	D12	E1	E2	E3	E4	E5	E6	E7	E8	E9	E10	E11	E12	F1	F2	F3	F4	F5	F6	F7	F8	F9	F10	F11	F12	G1	G2	G3	G4	G5	G6	G7	G8	G9	G10	G11	G12	H1	H2	H3	H4	H5	H6	H7	H8	H9	H10	H11	H12
0:00:00	0.117	0.126	0.118	0.116	0.115	0.116	0.114	0.114	0.116	0.118	0.120	0.119	0.116	0.116	0.116	0.117	0.115	0.116	0.115	0.114	0.116	0.121	0.118	0.119	0.117	0.116	0.120	0.118	0.116	0.115	0.115	0.115	0.116	0.117	0.120	0.117	0.117	0.120	0.121	0.116	0.119	0.117	0.116	0.114	0.117	0.116	0.117	0.118	0.117	0.116	0.119	0.118	0.120	0.121	0.116	0.117	0.118	0.119	0.120	0.122	0.115	0.117	0.117	0.117	0.114	0.120	0.116	0.117	0.122	0.119	0.121	0.121	0.115	0.118	0.116	0.117	0.115	0.117	0.115	0.117	0.120	0.118	0.119	0.117	0.118	0.115	0.117	0.116	0.115	0.116	0.117	0.115	0.118	0.120	0.119	0.116
0:20:00	0.117	0.125	0.118	0.116	0.115	0.116	0.114	0.114	0.116	0.118	0.120	0.119	0.116	0.115	0.116	0.117	0.115	0.115	0.114	0.113	0.116	0.121	0.119	0.120	0.116	0.115	0.118	0.117	0.115	0.114	0.115	0.115	0.117	0.117	0.119	0.117	0.116	0.119	0.121	0.116	0.118	0.117	0.115	0.114	0.117	0.116	0.117	0.118	0.117	0.116	0.120	0.118	0.120	0.121	0.116	0.117	0.118	0.119	0.120	0.123	0.115	0.117	0.117	0.117	0.114	0.120	0.116	0.117	0.121	0.119	0.121	0.121	0.116	0.117	0.116	0.117	0.114	0.116	0.115	0.117	0.120	0.118	0.119	0.118	0.117	0.116	0.117	0.116	0.114	0.115	0.117	0.114	0.121	0.120	0.119	0.116
0:40:00	0.116	0.126	0.118	0.116	0.115	0.115	0.114	0.114	0.116	0.118	0.121	0.119	0.115	0.115	0.116	0.116	0.114	0.115	0.114	0.113	0.116	0.122	0.119	0.119	0.116	0.115	0.120	0.118	0.114	0.114	0.115	0.115	0.116	0.117	0.119	0.116	0.116	0.119	0.121	0.116	0.118	0.116	0.115	0.114	0.117	0.116	0.117	0.118	0.117	0.116	0.121	0.119	0.120	0.121	0.116	0.117	0.119	0.119	0.120	0.123	0.115	0.116	0.117	0.117	0.114	0.119	0.116	0.117	0.121	0.119	0.122	0.121	0.116	0.117	0.117	0.117	0.114	0.115	0.115	0.117	0.120	0.118	0.119	0.118	0.117	0.115	0.117	0.116	0.113	0.114	0.117	0.114	0.121	0.120	0.119	0.116
1:00:00	0.116	0.126	0.119	0.117	0.114	0.115	0.114	0.114	0.116	0.119	0.122	0.120	0.115	0.115	0.117	0.116	0.114	0.114	0.114	0.113	0.116	0.120	0.120	0.120	0.116	0.115	0.117	0.118	0.113	0.114	0.115	0.115	0.116	0.117	0.120	0.117	0.117	0.119	0.122	0.116	0.118	0.116	0.115	0.114	0.117	0.116	0.118	0.119	0.117	0.116	0.122	0.119	0.120	0.121	0.116	0.117	0.119	0.119	0.121	0.123	0.115	0.116	0.117	0.117	0.114	0.119	0.116	0.117	0.121	0.118	0.123	0.121	0.116	0.116	0.118	0.118	0.114	0.115	0.115	0.117	0.120	0.118	0.120	0.118	0.117	0.114	0.118	0.116	0.113	0.114	0.116	0.114	0.122	0.120	0.120	0.117
1:20:00	0.117	0.126	0.121	0.118	0.115	0.114	0.114	0.114	0.117	0.119	0.123	0.121	0.116	0.115	0.118	0.117	0.113	0.114	0.114	0.113	0.116	0.120	0.121	0.121	0.116	0.115	0.119	0.119	0.113	0.114	0.115	0.115	0.116	0.117	0.121	0.117	0.117	0.119	0.123	0.117	0.117	0.116	0.115	0.114	0.117	0.116	0.120	0.119	0.117	0.116	0.123	0.120	0.120	0.121	0.116	0.117	0.119	0.119	0.123	0.124	0.115	0.115	0.119	0.118	0.113	0.119	0.116	0.117	0.121	0.118	0.124	0.122	0.116	0.116	0.119	0.119	0.114	0.115	0.115	0.117	0.120	0.119	0.121	0.119	0.117	0.114	0.119	0.117	0.113	0.114	0.116	0.113	0.122	0.120	0.121	0.117
1:40:00	0.117	0.126	0.123	0.120	0.115	0.114	0.114	0.113	0.117	0.119	0.125	0.122	0.116	0.115	0.120	0.118	0.114	0.114	0.114	0.113	0.116	0.122	0.123	0.122	0.117	0.115	0.121	0.120	0.113	0.114	0.115	0.115	0.117	0.117	0.123	0.118	0.117	0.119	0.125	0.118	0.117	0.115	0.114	0.114	0.117	0.116	0.121	0.120	0.117	0.117	0.125	0.122	0.120	0.121	0.116	0.117	0.119	0.119	0.124	0.125	0.116	0.116	0.120	0.119	0.113	0.119	0.116	0.117	0.121	0.118	0.126	0.123	0.116	0.116	0.121	0.120	0.114	0.115	0.115	0.117	0.120	0.119	0.123	0.120	0.117	0.114	0.120	0.118	0.113	0.114	0.116	0.114	0.122	0.119	0.123	0.118
2:00:00	0.117	0.126	0.126	0.121	0.115	0.114	0.114	0.113	0.117	0.120	0.127	0.122	0.116	0.115	0.123	0.120	0.113	0.114	0.114	0.113	0.117	0.121	0.125	0.123	0.117	0.115	0.124	0.122	0.113	0.114	0.115	0.115	0.117	0.118	0.125	0.120	0.117	0.119	0.128	0.120	0.117	0.116	0.114	0.114	0.117	0.116	0.124	0.121	0.118	0.116	0.128	0.123	0.120	0.121	0.116	0.117	0.120	0.119	0.126	0.126	0.116	0.116	0.123	0.120	0.113	0.119	0.116	0.117	0.122	0.118	0.128	0.124	0.116	0.117	0.124	0.121	0.114	0.115	0.115	0.117	0.120	0.119	0.125	0.121	0.118	0.114	0.123	0.120	0.113	0.114	0.116	0.113	0.122	0.120	0.125	0.119
2:20:00	0.118	0.127	0.130	0.124	0.115	0.114	0.114	0.113	0.117	0.120	0.129	0.124	0.117	0.115	0.127	0.121	0.113	0.114	0.114	0.113	0.117	0.118	0.127	0.124	0.118	0.115	0.127	0.124	0.113	0.114	0.115	0.115	0.117	0.118	0.128	0.120	0.118	0.120	0.131	0.121	0.117	0.115	0.114	0.114	0.118	0.116	0.126	0.123	0.118	0.117	0.132	0.125	0.120	0.121	0.116	0.117	0.120	0.120	0.128	0.127	0.117	0.116	0.126	0.122	0.113	0.119	0.116	0.117	0.122	0.119	0.130	0.125	0.117	0.117	0.127	0.123	0.114	0.115	0.115	0.117	0.121	0.119	0.127	0.122	0.119	0.115	0.126	0.121	0.113	0.114	0.116	0.113	0.123	0.120	0.126	0.120
2:40:00	0.118	0.128	0.135	0.126	0.115	0.114	0.114	0.113	0.118	0.121	0.132	0.124	0.117	0.116	0.132	0.123	0.113	0.114	0.114	0.113	0.117	0.118	0.130	0.125	0.119	0.116	0.133	0.126	0.113	0.114	0.115	0.115	0.117	0.119	0.131	0.121	0.118	0.120	0.136	0.124	0.117	0.116	0.114	0.114	0.118	0.116	0.129	0.123	0.119	0.118	0.137	0.127	0.120	0.121	0.116	0.117	0.120	0.120	0.132	0.127	0.118	0.117	0.131	0.124	0.113	0.119	0.116	0.117	0.122	0.119	0.134	0.125	0.117	0.117	0.133	0.126	0.114	0.115	0.115	0.117	0.121	0.120	0.130	0.123	0.119	0.115	0.131	0.123	0.113	0.114	0.116	0.113	0.123	0.120	0.130	0.121
3:00:00	0.119	0.128	0.143	0.130	0.115	0.114	0.114	0.113	0.119	0.121	0.136	0.126	0.118	0.116	0.140	0.126	0.114	0.114	0.114	0.113	0.118	0.118	0.134	0.126	0.119	0.117	0.143	0.129	0.114	0.115	0.115	0.115	0.118	0.118	0.136	0.123	0.119	0.121	0.144	0.127	0.117	0.116	0.114	0.114	0.118	0.117	0.133	0.124	0.120	0.118	0.144	0.130	0.120	0.121	0.116	0.117	0.120	0.121	0.136	0.128	0.118	0.117	0.138	0.127	0.113	0.119	0.116	0.118	0.123	0.119	0.138	0.126	0.118	0.118	0.140	0.129	0.114	0.115	0.115	0.117	0.121	0.121	0.135	0.124	0.120	0.116	0.139	0.126	0.113	0.114	0.116	0.113	0.123	0.121	0.134	0.122
3:20:00	0.120	0.130	0.154	0.133	0.115	0.114	0.114	0.113	0.120	0.120	0.141	0.127	0.120	0.117	0.152	0.129	0.113	0.115	0.114	0.113	0.119	0.118	0.140	0.128	0.120	0.118	0.153	0.133	0.114	0.115	0.116	0.115	0.118	0.118	0.142	0.124	0.120	0.122	0.154	0.130	0.118	0.116	0.115	0.115	0.119	0.117	0.139	0.126	0.121	0.119	0.155	0.134	0.120	0.121	0.116	0.117	0.122	0.122	0.141	0.130	0.121	0.118	0.147	0.130	0.113	0.119	0.116	0.118	0.124	0.119	0.144	0.128	0.119	0.119	0.150	0.132	0.114	0.115	0.115	0.117	0.122	0.120	0.140	0.126	0.121	0.116	0.149	0.130	0.113	0.114	0.116	0.113	0.124	0.121	0.139	0.124
3:40:00	0.121	0.132	0.169	0.138	0.115	0.114	0.114	0.113	0.120	0.123	0.147	0.129	0.121	0.118	0.168	0.133	0.114	0.115	0.114	0.113	0.119	0.122	0.145	0.129	0.121	0.119	0.178	0.136	0.114	0.115	0.116	0.115	0.120	0.118	0.146	0.126	0.122	0.122	0.168	0.135	0.118	0.116	0.115	0.115	0.120	0.118	0.146	0.128	0.122	0.120	0.170	0.138	0.120	0.121	0.116	0.117	0.123	0.121	0.147	0.132	0.121	0.119	0.161	0.135	0.113	0.118	0.116	0.117	0.123	0.120	0.151	0.130	0.121	0.120	0.164	0.137	0.114	0.115	0.115	0.116	0.123	0.120	0.146	0.128	0.122	0.117	0.163	0.134	0.113	0.114	0.116	0.113	0.125	0.122	0.145	0.125
4:00:00	0.122	0.132	0.187	0.144	0.115	0.114	0.114	0.113	0.120	0.123	0.154	0.131	0.122	0.118	0.185	0.138	0.114	0.115	0.114	0.113	0.120	0.123	0.153	0.131	0.124	0.120	0.186	0.144	0.114	0.116	0.116	0.115	0.120	0.119	0.155	0.127	0.124	0.124	0.185	0.140	0.118	0.116	0.115	0.115	0.120	0.119	0.154	0.129	0.123	0.121	0.189	0.144	0.120	0.122	0.116	0.117	0.124	0.122	0.154	0.133	0.124	0.121	0.179	0.141	0.113	0.118	0.116	0.118	0.125	0.121	0.159	0.131	0.122	0.120	0.181	0.141	0.114	0.115	0.115	0.116	0.124	0.120	0.153	0.129	0.124	0.118	0.180	0.139	0.113	0.114	0.116	0.113	0.125	0.121	0.150	0.127
4:20:00	0.124	0.133	0.206	0.151	0.115	0.114	0.114	0.113	0.121	0.124	0.161	0.132	0.124	0.120	0.205	0.144	0.114	0.115	0.114	0.113	0.121	0.124	0.160	0.132	0.125	0.120	0.214	0.151	0.115	0.116	0.116	0.115	0.123	0.119	0.162	0.129	0.125	0.123	0.205	0.147	0.118	0.116	0.115	0.115	0.122	0.120	0.161	0.130	0.126	0.121	0.208	0.151	0.120	0.122	0.116	0.117	0.127	0.123	0.163	0.135	0.127	0.120	0.199	0.147	0.113	0.118	0.116	0.118	0.126	0.121	0.167	0.132	0.124	0.121	0.201	0.149	0.114	0.115	0.115	0.116	0.126	0.124	0.162	0.132	0.125	0.120	0.200	0.145	0.112	0.114	0.116	0.113	0.127	0.122	0.162	0.128
4:40:00	0.126	0.136	0.226	0.159	0.114	0.114	0.114	0.113	0.125	0.125	0.170	0.132	0.127	0.122	0.226	0.152	0.115	0.115	0.114	0.113	0.125	0.122	0.167	0.134	0.128	0.123	0.225	0.160	0.115	0.116	0.116	0.115	0.124	0.119	0.171	0.130	0.126	0.125	0.227	0.156	0.118	0.117	0.115	0.116	0.124	0.121	0.172	0.132	0.127	0.122	0.229	0.159	0.120	0.122	0.116	0.117	0.127	0.123	0.171	0.136	0.127	0.124	0.218	0.156	0.114	0.119	0.116	0.118	0.130	0.123	0.174	0.134	0.127	0.124	0.222	0.158	0.114	0.115	0.115	0.116	0.126	0.122	0.170	0.135	0.128	0.121	0.219	0.153	0.113	0.114	0.116	0.114	0.128	0.123	0.169	0.129
5:00:00	0.133	0.136	0.245	0.169	0.115	0.114	0.114	0.113	0.129	0.124	0.176	0.134	0.132	0.123	0.245	0.161	0.115	0.115	0.114	0.113	0.126	0.122	0.175	0.135	0.130	0.124	0.245	0.172	0.115	0.117	0.117	0.115	0.130	0.123	0.176	0.131	0.131	0.127	0.246	0.165	0.119	0.117	0.115	0.116	0.129	0.121	0.178	0.135	0.132	0.123	0.247	0.169	0.120	0.122	0.117	0.117	0.132	0.124	0.177	0.137	0.131	0.122	0.239	0.166	0.114	0.119	0.116	0.118	0.131	0.125	0.183	0.136	0.129	0.126	0.241	0.167	0.114	0.115	0.115	0.116	0.133	0.123	0.174	0.136	0.133	0.122	0.237	0.163	0.113	0.114	0.116	0.114	0.130	0.125	0.175	0.130
5:20:00	0.141	0.138	0.256	0.179	0.115	0.114	0.114	0.113	0.135	0.124	0.180	0.135	0.140	0.124	0.257	0.171	0.115	0.115	0.114	0.113	0.130	0.125	0.180	0.136	0.137	0.125	0.262	0.184	0.115	0.117	0.117	0.115	0.132	0.127	0.182	0.132	0.136	0.129	0.261	0.176	0.119	0.117	0.115	0.116	0.132	0.123	0.181	0.134	0.136	0.125	0.261	0.179	0.120	0.122	0.117	0.117	0.135	0.129	0.183	0.137	0.135	0.124	0.258	0.177	0.114	0.118	0.116	0.118	0.136	0.125	0.188	0.136	0.135	0.128	0.256	0.178	0.114	0.115	0.115	0.116	0.136	0.127	0.181	0.138	0.135	0.124	0.252	0.174	0.113	0.114	0.116	0.114	0.134	0.124	0.181	0.131
5:40:00	0.148	0.142	0.271	0.193	0.115	0.114	0.114	0.113	0.138	0.131	0.183	0.136	0.146	0.129	0.272	0.182	0.115	0.116	0.115	0.113	0.134	0.126	0.183	0.137	0.144	0.126	0.280	0.198	0.116	0.117	0.117	0.116	0.135	0.123	0.188	0.133	0.144	0.130	0.277	0.189	0.119	0.117	0.116	0.116	0.135	0.126	0.186	0.136	0.144	0.129	0.277	0.193	0.120	0.122	0.117	0.118	0.137	0.125	0.186	0.139	0.141	0.127	0.273	0.192	0.114	0.118	0.116	0.118	0.137	0.131	0.193	0.137	0.143	0.127	0.272	0.192	0.114	0.115	0.115	0.116	0.139	0.125	0.186	0.139	0.144	0.127	0.268	0.186	0.113	0.114	0.116	0.114	0.139	0.125	0.186	0.132
6:00:00	0.144	0.148	0.287	0.211	0.115	0.114	0.114	0.113	0.138	0.131	0.184	0.136	0.142	0.131	0.286	0.198	0.115	0.115	0.114	0.113	0.137	0.129	0.185	0.137	0.142	0.131	0.284	0.215	0.116	0.117	0.117	0.116	0.136	0.126	0.191	0.134	0.142	0.135	0.293	0.204	0.119	0.117	0.115	0.116	0.138	0.126	0.192	0.136	0.145	0.133	0.293	0.209	0.120	0.122	0.117	0.117	0.139	0.128	0.189	0.139	0.141	0.130	0.290	0.208	0.114	0.118	0.116	0.118	0.139	0.130	0.198	0.138	0.141	0.132	0.287	0.208	0.114	0.115	0.115	0.116	0.141	0.130	0.190	0.140	0.144	0.129	0.283	0.201	0.113	0.114	0.116	0.114	0.141	0.127	0.187	0.133
6:20:00	0.150	0.158	0.302	0.228	0.115	0.114	0.114	0.113	0.141	0.132	0.185	0.137	0.153	0.137	0.302	0.215	0.115	0.115	0.114	0.113	0.139	0.133	0.184	0.138	0.146	0.137	0.310	0.236	0.116	0.117	0.117	0.116	0.139	0.129	0.192	0.134	0.146	0.140	0.310	0.221	0.119	0.117	0.115	0.116	0.141	0.131	0.192	0.137	0.146	0.139	0.307	0.228	0.120	0.122	0.117	0.118	0.141	0.131	0.189	0.140	0.146	0.137	0.305	0.231	0.114	0.118	0.116	0.118	0.143	0.135	0.199	0.139	0.146	0.138	0.302	0.229	0.114	0.115	0.115	0.116	0.142	0.135	0.192	0.142	0.146	0.135	0.298	0.221	0.113	0.114	0.116	0.113	0.144	0.131	0.190	0.133
6:40:00	0.171	0.162	0.316	0.248	0.115	0.114	0.114	0.113	0.147	0.136	0.186	0.138	0.175	0.149	0.315	0.236	0.115	0.115	0.114	0.113	0.140	0.136	0.185	0.139	0.166	0.145	0.316	0.257	0.116	0.117	0.117	0.116	0.143	0.133	0.195	0.135	0.165	0.147	0.324	0.241	0.119	0.117	0.115	0.116	0.146	0.133	0.195	0.138	0.155	0.146	0.320	0.246	0.121	0.123	0.117	0.118	0.146	0.133	0.191	0.141	0.162	0.144	0.319	0.253	0.114	0.118	0.116	0.118	0.147	0.135	0.202	0.140	0.160	0.147	0.315	0.248	0.114	0.115	0.115	0.116	0.144	0.136	0.194	0.144	0.160	0.145	0.313	0.239	0.112	0.114	0.116	0.113	0.146	0.134	0.191	0.134
7:00:00	0.183	0.160	0.329	0.265	0.115	0.114	0.114	0.113	0.159	0.138	0.188	0.139	0.185	0.146	0.326	0.252	0.115	0.115	0.114	0.113	0.145	0.137	0.185	0.139	0.184	0.143	0.329	0.275	0.116	0.117	0.117	0.116	0.150	0.135	0.197	0.135	0.183	0.144	0.337	0.256	0.119	0.117	0.115	0.116	0.152	0.134	0.196	0.139	0.172	0.144	0.332	0.262	0.121	0.122	0.117	0.118	0.153	0.135	0.192	0.142	0.180	0.143	0.330	0.274	0.114	0.118	0.116	0.118	0.154	0.135	0.204	0.141	0.180	0.146	0.328	0.265	0.114	0.115	0.115	0.116	0.149	0.136	0.197	0.144	0.177	0.149	0.327	0.258	0.113	0.114	0.116	0.113	0.149	0.135	0.194	0.135
7:20:00	0.194	0.166	0.342	0.288	0.115	0.114	0.114	0.113	0.185	0.140	0.186	0.138	0.196	0.145	0.337	0.270	0.115	0.115	0.114	0.113	0.162	0.137	0.186	0.139	0.195	0.144	0.345	0.305	0.116	0.117	0.117	0.116	0.178	0.137	0.196	0.136	0.197	0.146	0.348	0.272	0.118	0.116	0.115	0.116	0.166	0.135	0.198	0.139	0.187	0.143	0.341	0.284	0.120	0.122	0.117	0.118	0.159	0.136	0.197	0.143	0.196	0.143	0.339	0.299	0.114	0.118	0.116	0.118	0.159	0.136	0.204	0.141	0.197	0.147	0.338	0.289	0.114	0.115	0.115	0.116	0.156	0.137	0.200	0.146	0.198	0.148	0.340	0.283	0.113	0.114	0.116	0.113	0.155	0.136	0.199	0.135
7:40:00	0.216	0.177	0.350	0.314	0.115	0.114	0.114	0.113	0.204	0.142	0.186	0.139	0.221	0.151	0.347	0.293	0.115	0.115	0.114	0.113	0.180	0.137	0.184	0.141	0.216	0.152	0.353	0.332	0.116	0.117	0.117	0.116	0.194	0.138	0.200	0.137	0.217	0.155	0.355	0.293	0.119	0.116	0.115	0.116	0.192	0.135	0.201	0.141	0.207	0.150	0.350	0.305	0.121	0.122	0.117	0.118	0.176	0.136	0.196	0.143	0.216	0.150	0.347	0.323	0.114	0.118	0.116	0.118	0.174	0.137	0.207	0.141	0.217	0.153	0.347	0.314	0.114	0.115	0.115	0.116	0.180	0.137	0.202	0.146	0.217	0.153	0.352	0.309	0.113	0.114	0.116	0.113	0.164	0.138	0.198	0.136
8:00:00	0.224	0.196	0.355	0.328	0.115	0.114	0.114	0.113	0.217	0.145	0.184	0.141	0.233	0.168	0.350	0.316	0.115	0.115	0.114	0.113	0.195	0.140	0.184	0.141	0.235	0.173	0.352	0.349	0.116	0.117	0.117	0.116	0.203	0.140	0.200	0.138	0.236	0.173	0.364	0.314	0.119	0.117	0.115	0.116	0.208	0.139	0.202	0.140	0.226	0.162	0.361	0.322	0.121	0.123	0.117	0.118	0.202	0.139	0.223	0.144	0.235	0.166	0.354	0.338	0.114	0.118	0.116	0.118	0.192	0.138	0.208	0.142	0.237	0.167	0.367	0.334	0.114	0.115	0.115	0.116	0.199	0.140	0.202	0.148	0.238	0.164	0.365	0.336	0.112	0.114	0.116	0.113	0.178	0.140	0.200	0.137
8:20:00	0.239	0.213	0.355	0.339	0.115	0.114	0.114	0.113	0.230	0.153	0.185	0.142	0.251	0.187	0.352	0.333	0.114	0.115	0.114	0.113	0.207	0.148	0.186	0.143	0.254	0.192	0.367	0.356	0.116	0.117	0.117	0.116	0.212	0.144	0.202	0.138	0.257	0.191	0.371	0.327	0.119	0.117	0.115	0.116	0.219	0.144	0.202	0.141	0.246	0.173	0.371	0.333	0.121	0.122	0.117	0.118	0.215	0.143	0.220	0.145	0.255	0.184	0.367	0.349	0.114	0.118	0.117	0.118	0.203	0.143	0.211	0.143	0.258	0.184	0.379	0.345	0.114	0.115	0.115	0.116	0.214	0.145	0.204	0.149	0.258	0.180	0.367	0.351	0.112	0.114	0.116	0.113	0.190	0.144	0.222	0.136
8:40:00	0.276	0.238	0.355	0.341	0.115	0.114	0.114	0.113	0.244	0.169	0.185	0.142	0.256	0.203	0.350	0.340	0.114	0.115	0.114	0.113	0.216	0.165	0.191	0.143	0.263	0.206	0.364	0.360	0.116	0.117	0.117	0.116	0.222	0.161	0.210	0.140	0.269	0.210	0.375	0.338	0.119	0.117	0.115	0.116	0.230	0.163	0.233	0.143	0.261	0.197	0.376	0.343	0.121	0.122	0.117	0.118	0.231	0.147	0.213	0.147	0.269	0.203	0.375	0.358	0.113	0.118	0.117	0.118	0.214	0.149	0.217	0.144	0.273	0.203	0.386	0.353	0.114	0.115	0.115	0.116	0.229	0.153	0.208	0.152	0.274	0.199	0.373	0.360	0.113	0.114	0.115	0.113	0.204	0.152	0.246	0.138
9:00:00	0.298	0.256	0.355	0.343	0.115	0.114	0.114	0.113	0.261	0.175	0.192	0.143	0.268	0.225	0.350	0.344	0.115	0.115	0.114	0.113	0.227	0.175	0.188	0.144	0.269	0.221	0.374	0.364	0.116	0.117	0.117	0.116	0.236	0.174	0.209	0.141	0.277	0.224	0.378	0.345	0.119	0.116	0.115	0.116	0.242	0.175	0.206	0.143	0.287	0.219	0.380	0.349	0.121	0.122	0.117	0.118	0.247	0.159	0.246	0.146	0.276	0.223	0.380	0.364	0.114	0.118	0.116	0.118	0.226	0.153	0.219	0.146	0.281	0.226	0.391	0.359	0.114	0.115	0.115	0.116	0.240	0.159	0.210	0.153	0.287	0.220	0.380	0.366	0.112	0.114	0.116	0.113	0.218	0.160	0.261	0.139
9:20:00	0.315	0.266	0.355	0.344	0.115	0.114	0.114	0.113	0.281	0.181	0.200	0.144	0.299	0.236	0.349	0.347	0.115	0.115	0.114	0.113	0.238	0.183	0.215	0.146	0.285	0.248	0.385	0.367	0.116	0.117	0.117	0.116	0.249	0.184	0.216	0.141	0.286	0.242	0.381	0.350	0.119	0.117	0.115	0.116	0.255	0.188	0.212	0.145	0.308	0.235	0.383	0.354	0.121	0.123	0.117	0.118	0.266	0.170	0.258	0.149	0.288	0.244	0.385	0.367	0.114	0.118	0.117	0.118	0.248	0.169	0.227	0.149	0.295	0.247	0.396	0.364	0.114	0.115	0.115	0.116	0.254	0.178	0.214	0.156	0.299	0.241	0.382	0.370	0.113	0.114	0.116	0.113	0.235	0.173	0.252	0.139
9:40:00	0.305	0.284	0.354	0.345	0.115	0.114	0.114	0.113	0.307	0.191	0.201	0.144	0.314	0.253	0.349	0.349	0.115	0.116	0.114	0.113	0.259	0.194	0.213	0.148	0.309	0.267	0.387	0.370	0.117	0.118	0.117	0.116	0.275	0.197	0.216	0.142	0.302	0.265	0.383	0.354	0.118	0.117	0.115	0.116	0.277	0.199	0.238	0.144	0.325	0.246	0.388	0.358	0.121	0.123	0.117	0.118	0.288	0.181	0.269	0.149	0.306	0.263	0.390	0.369	0.114	0.118	0.117	0.118	0.269	0.183	0.226	0.150	0.311	0.267	0.399	0.368	0.114	0.115	0.115	0.116	0.266	0.193	0.221	0.158	0.313	0.261	0.388	0.373	0.112	0.114	0.116	0.113	0.258	0.184	0.268	0.139
10:00:00	0.327	0.306	0.352	0.344	0.115	0.114	0.114	0.113	0.328	0.202	0.218	0.144	0.317	0.268	0.349	0.351	0.114	0.116	0.114	0.113	0.285	0.205	0.199	0.148	0.310	0.285	0.384	0.373	0.116	0.117	0.117	0.116	0.305	0.211	0.217	0.144	0.315	0.284	0.387	0.358	0.119	0.117	0.115	0.116	0.300	0.218	0.210	0.146	0.338	0.263	0.394	0.363	0.121	0.123	0.117	0.118	0.314	0.193	0.263	0.149	0.314	0.283	0.395	0.372	0.114	0.118	0.117	0.118	0.293	0.199	0.225	0.149	0.321	0.288	0.404	0.372	0.114	0.115	0.115	0.116	0.281	0.202	0.215	0.158	0.322	0.282	0.397	0.377	0.113	0.114	0.116	0.113	0.284	0.193	0.291	0.141
10:20:00	0.495	0.336	0.350	0.342	0.115	0.114	0.114	0.113	0.332	0.215	0.251	0.143	0.363	0.286	0.349	0.351	0.114	0.115	0.114	0.113	0.308	0.217	0.257	0.149	0.335	0.302	0.392	0.375	0.116	0.117	0.117	0.116	0.322	0.229	0.222	0.145	0.325	0.304	0.390	0.360	0.119	0.117	0.115	0.116	0.319	0.236	0.265	0.146	0.362	0.282	0.399	0.365	0.121	0.123	0.117	0.118	0.343	0.203	0.276	0.151	0.323	0.302	0.398	0.373	0.113	0.118	0.117	0.118	0.315	0.209	0.231	0.151	0.327	0.308	0.407	0.374	0.114	0.115	0.115	0.116	0.303	0.212	0.221	0.160	0.325	0.302	0.401	0.379	0.113	0.114	0.115	0.113	0.309	0.201	0.299	0.142
10:40:00	0.425	0.353	0.349	0.342	0.115	0.114	0.114	0.113	0.340	0.227	0.211	0.145	0.428	0.309	0.350	0.351	0.114	0.116	0.114	0.113	0.320	0.229	0.249	0.152	0.427	0.317	0.396	0.378	0.116	0.118	0.117	0.116	0.330	0.247	0.222	0.144	0.384	0.323	0.390	0.362	0.118	0.117	0.115	0.116	0.334	0.255	0.245	0.148	0.374	0.302	0.401	0.366	0.121	0.123	0.117	0.118	0.365	0.215	0.262	0.153	0.382	0.316	0.400	0.373	0.114	0.118	0.117	0.118	0.335	0.222	0.241	0.154	0.396	0.324	0.406	0.375	0.114	0.115	0.115	0.116	0.328	0.229	0.222	0.162	0.401	0.319	0.402	0.379	0.113	0.114	0.115	0.113	0.336	0.213	0.298	0.142
11:00:01	0.417	0.371	0.347	0.339	0.115	0.114	0.114	0.113	0.394	0.236	0.237	0.145	0.415	0.330	0.350	0.351	0.115	0.115	0.114	0.113	0.331	0.242	0.265	0.151	0.418	0.325	0.392	0.379	0.116	0.117	0.117	0.116	0.343	0.267	0.224	0.146	0.431	0.337	0.395	0.364	0.119	0.117	0.115	0.116	0.350	0.276	0.221	0.150	0.405	0.316	0.407	0.369	0.121	0.123	0.117	0.118	0.384	0.235	0.269	0.156	0.420	0.326	0.404	0.375	0.114	0.118	0.117	0.118	0.364	0.237	0.246	0.154	0.444	0.335	0.409	0.377	0.114	0.115	0.115	0.116	0.345	0.246	0.285	0.162	0.438	0.330	0.409	0.381	0.112	0.113	0.116	0.113	0.359	0.231	0.300	0.144
11:20:00	0.419	0.362	0.346	0.339	0.115	0.114	0.115	0.113	0.465	0.258	0.238	0.147	0.419	0.338	0.350	0.350	0.115	0.116	0.114	0.113	0.341	0.271	0.264	0.154	0.414	0.340	0.384	0.381	0.117	0.118	0.117	0.116	0.394	0.286	0.227	0.146	0.413	0.347	0.394	0.364	0.118	0.117	0.115	0.116	0.360	0.295	0.303	0.153	0.406	0.343	0.408	0.369	0.121	0.123	0.117	0.118	0.404	0.265	0.270	0.158	0.408	0.338	0.405	0.376	0.114	0.118	0.117	0.118	0.382	0.264	0.238	0.157	0.421	0.345	0.407	0.377	0.114	0.115	0.115	0.116	0.364	0.273	0.251	0.165	0.422	0.342	0.406	0.379	0.113	0.114	0.116	0.113	0.384	0.250	0.285	0.145
11:40:01	0.425	0.372	0.344	0.337	0.115	0.114	0.115	0.113	0.458	0.289	0.277	0.149	0.423	0.344	0.350	0.350	0.115	0.116	0.114	0.113	0.373	0.299	0.265	0.156	0.415	0.352	0.391	0.383	0.117	0.118	0.117	0.116	0.470	0.307	0.249	0.147	0.421	0.359	0.395	0.366	0.119	0.117	0.115	0.116	0.420	0.315	0.273	0.153	0.412	0.376	0.410	0.370	0.121	0.123	0.117	0.118	0.427	0.288	0.285	0.160	0.414	0.354	0.407	0.377	0.114	0.118	0.117	0.118	0.410	0.291	0.243	0.159	0.422	0.360	0.407	0.377	0.114	0.115	0.115	0.116	0.385	0.298	0.266	0.167	0.422	0.354	0.407	0.379	0.112	0.114	0.116	0.113	0.407	0.279	0.312	0.146
12:00:01	0.426	0.391	0.343	0.336	0.115	0.114	0.115	0.113	0.463	0.319	0.251	0.149	0.424	0.356	0.350	0.349	0.114	0.115	0.114	0.113	0.458	0.329	0.273	0.157	0.417	0.355	0.393	0.384	0.116	0.117	0.117	0.116	0.470	0.329	0.257	0.148	0.423	0.372	0.396	0.366	0.118	0.116	0.114	0.116	0.476	0.336	0.248	0.155	0.463	0.399	0.411	0.370	0.121	0.123	0.117	0.118	0.449	0.314	0.275	0.162	0.417	0.359	0.408	0.378	0.114	0.118	0.117	0.118	0.429	0.317	0.244	0.161	0.424	0.365	0.406	0.376	0.114	0.115	0.115	0.116	0.404	0.322	0.261	0.169	0.419	0.358	0.408	0.378	0.113	0.114	0.115	0.113	0.428	0.307	0.333	0.147
12:20:01	0.425	0.419	0.341	0.333	0.115	0.114	0.115	0.113	0.466	0.350	0.269	0.149	0.421	0.381	0.350	0.347	0.115	0.115	0.114	0.113	0.464	0.349	0.274	0.157	0.417	0.378	0.396	0.384	0.117	0.118	0.117	0.116	0.471	0.352	0.270	0.149	0.425	0.386	0.399	0.367	0.119	0.117	0.115	0.116	0.473	0.355	0.253	0.154	0.486	0.431	0.414	0.370	0.121	0.123	0.117	0.118	0.461	0.335	0.287	0.162	0.414	0.370	0.410	0.379	0.114	0.117	0.116	0.118	0.435	0.334	0.260	0.160	0.422	0.377	0.408	0.377	0.114	0.115	0.115	0.116	0.420	0.348	0.266	0.169	0.420	0.365	0.412	0.379	0.113	0.114	0.115	0.113	0.438	0.329	0.314	0.148
12:40:01	0.428	0.439	0.341	0.333	0.115	0.114	0.115	0.113	0.472	0.372	0.266	0.153	0.426	0.408	0.351	0.345	0.115	0.116	0.114	0.113	0.460	0.383	0.270	0.159	0.417	0.397	0.393	0.388	0.117	0.118	0.117	0.116	0.469	0.368	0.277	0.152	0.426	0.399	0.397	0.364	0.119	0.117	0.115	0.116	0.470	0.367	0.285	0.156	0.482	0.462	0.412	0.368	0.121	0.123	0.117	0.118	0.492	0.360	0.277	0.166	0.422	0.384	0.409	0.378	0.114	0.118	0.117	0.119	0.479	0.359	0.253	0.165	0.428	0.400	0.405	0.375	0.114	0.115	0.115	0.116	0.429	0.371	0.236	0.171	0.426	0.392	0.409	0.375	0.113	0.114	0.116	0.113	0.468	0.351	0.309	0.150
13:00:01	0.439	0.444	0.341	0.332	0.115	0.114	0.115	0.113	0.478	0.411	0.251	0.154	0.432	0.420	0.350	0.345	0.115	0.116	0.115	0.113	0.455	0.401	0.277	0.161	0.421	0.412	0.393	0.388	0.117	0.118	0.118	0.116	0.470	0.381	0.236	0.153	0.432	0.408	0.398	0.363	0.119	0.117	0.115	0.116	0.463	0.379	0.252	0.158	0.472	0.483	0.412	0.366	0.121	0.123	0.117	0.118	0.503	0.384	0.294	0.168	0.426	0.406	0.410	0.377	0.114	0.118	0.117	0.119	0.502	0.380	0.265	0.168	0.435	0.413	0.404	0.373	0.114	0.115	0.115	0.116	0.442	0.393	0.247	0.175	0.433	0.413	0.409	0.373	0.113	0.114	0.116	0.113	0.482	0.377	0.308	0.151
13:20:01	0.450	0.448	0.341	0.330	0.115	0.114	0.115	0.113	0.482	0.419	0.293	0.156	0.437	0.424	0.350	0.342	0.115	0.116	0.114	0.113	0.454	0.421	0.267	0.163	0.430	0.417	0.391	0.389	0.117	0.118	0.117	0.116	0.470	0.391	0.232	0.157	0.440	0.418	0.398	0.362	0.119	0.117	0.115	0.116	0.461	0.392	0.303	0.160	0.484	0.525	0.413	0.365	0.121	0.123	0.117	0.118	0.526	0.404	0.291	0.170	0.427	0.417	0.410	0.376	0.114	0.118	0.117	0.119	0.506	0.400	0.244	0.169	0.439	0.419	0.404	0.371	0.114	0.115	0.115	0.116	0.455	0.412	0.248	0.175	0.436	0.420	0.409	0.372	0.113	0.114	0.116	0.113	0.479	0.396	0.326	0.151
13:40:01	0.459	0.451	0.341	0.329	0.115	0.114	0.115	0.113	0.484	0.443	0.250	0.155	0.440	0.425	0.350	0.341	0.115	0.116	0.115	0.113	0.457	0.440	0.267	0.165	0.440	0.417	0.390	0.389	0.117	0.118	0.118	0.116	0.474	0.401	0.230	0.158	0.442	0.428	0.398	0.360	0.119	0.117	0.115	0.116	0.463	0.405	0.291	0.163	0.493	0.532	0.412	0.363	0.121	0.123	0.117	0.118	0.546	0.426	0.292	0.175	0.425	0.425	0.410	0.374	0.114	0.118	0.117	0.119	0.540	0.421	0.243	0.170	0.441	0.424	0.403	0.369	0.114	0.115	0.115	0.116	0.470	0.433	0.256	0.178	0.436	0.426	0.410	0.370	0.113	0.114	0.116	0.113	0.482	0.420	0.327	0.154
14:00:01	0.464	0.449	0.340	0.326	0.115	0.114	0.115	0.113	0.487	0.470	0.286	0.156	0.447	0.423	0.350	0.339	0.115	0.116	0.115	0.113	0.466	0.463	0.277	0.164	0.447	0.415	0.387	0.389	0.117	0.118	0.118	0.116	0.480	0.411	0.231	0.158	0.441	0.444	0.402	0.361	0.119	0.117	0.115	0.116	0.468	0.417	0.297	0.162	0.502	0.517	0.415	0.364	0.121	0.123	0.118	0.118	0.520	0.447	0.293	0.173	0.420	0.430	0.411	0.375	0.114	0.117	0.117	0.118	0.521	0.445	0.240	0.171	0.439	0.428	0.405	0.370	0.114	0.115	0.115	0.116	0.488	0.458	0.258	0.178	0.433	0.433	0.413	0.371	0.113	0.114	0.116	0.113	0.497	0.445	0.300	0.156
14:20:01	0.464	0.444	0.340	0.325	0.115	0.114	0.115	0.113	0.498	0.491	0.274	0.157	0.460	0.417	0.350	0.338	0.115	0.116	0.115	0.113	0.473	0.476	0.289	0.165	0.452	0.415	0.390	0.388	0.117	0.118	0.118	0.116	0.489	0.424	0.229	0.161	0.438	0.458	0.402	0.359	0.119	0.117	0.115	0.116	0.475	0.427	0.231	0.164	0.517	0.511	0.414	0.362	0.121	0.123	0.118	0.118	0.519	0.473	0.294	0.177	0.417	0.429	0.410	0.374	0.114	0.118	0.117	0.118	0.512	0.457	0.251	0.174	0.434	0.428	0.405	0.368	0.114	0.115	0.115	0.116	0.505	0.465	0.237	0.177	0.435	0.434	0.414	0.369	0.113	0.114	0.115	0.113	0.498	0.460	0.315	0.159
14:40:01	0.460	0.439	0.339	0.325	0.115	0.114	0.115	0.113	0.502	0.494	0.273	0.164	0.467	0.416	0.350	0.336	0.115	0.116	0.115	0.112	0.483	0.495	0.282	0.167	0.456	0.417	0.388	0.388	0.117	0.119	0.118	0.116	0.493	0.430	0.231	0.161	0.437	0.469	0.400	0.357	0.119	0.117	0.115	0.116	0.477	0.431	0.299	0.170	0.553	0.515	0.414	0.361	0.121	0.123	0.118	0.118	0.518	0.485	0.282	0.179	0.419	0.426	0.411	0.372	0.114	0.118	0.117	0.118	0.513	0.472	0.251	0.176	0.433	0.427	0.404	0.366	0.114	0.115	0.115	0.116	0.520	0.499	0.281	0.181	0.434	0.432	0.413	0.366	0.113	0.114	0.116	0.113	0.499	0.483	0.324	0.159
15:00:01	0.461	0.437	0.342	0.329	0.115	0.114	0.115	0.113	0.509	0.517	0.277	0.161	0.475	0.420	0.352	0.336	0.115	0.116	0.114	0.113	0.496	0.512	0.276	0.169	0.464	0.424	0.390	0.390	0.117	0.119	0.118	0.116	0.500	0.435	0.231	0.161	0.444	0.474	0.403	0.358	0.119	0.117	0.115	0.116	0.487	0.435	0.280	0.171	0.497	0.513	0.415	0.362	0.121	0.123	0.118	0.118	0.519	0.525	0.289	0.180	0.422	0.429	0.412	0.372	0.114	0.118	0.117	0.119	0.513	0.506	0.242	0.178	0.436	0.432	0.403	0.364	0.114	0.115	0.115	0.116	0.514	0.527	0.245	0.182	0.436	0.430	0.411	0.364	0.112	0.114	0.115	0.113	0.500	0.527	0.336	0.161
15:20:01	0.465	0.443	0.339	0.326	0.115	0.114	0.115	0.113	0.518	0.549	0.301	0.163	0.472	0.425	0.349	0.335	0.115	0.116	0.114	0.113	0.506	0.531	0.270	0.169	0.462	0.431	0.387	0.387	0.117	0.119	0.118	0.116	0.509	0.440	0.232	0.166	0.439	0.481	0.401	0.355	0.119	0.117	0.115	0.116	0.491	0.438	0.292	0.174	0.512	0.518	0.412	0.360	0.121	0.123	0.118	0.118	0.517	0.539	0.300	0.181	0.418	0.433	0.410	0.369	0.114	0.117	0.117	0.118	0.513	0.538	0.247	0.181	0.432	0.436	0.401	0.363	0.114	0.115	0.115	0.116	0.508	0.549	0.251	0.182	0.432	0.429	0.411	0.362	0.113	0.114	0.115	0.113	0.499	0.538	0.318	0.166
15:40:01	0.461	0.454	0.340	0.328	0.115	0.114	0.115	0.113	0.518	0.585	0.290	0.166	0.475	0.436	0.349	0.333	0.115	0.116	0.115	0.113	0.511	0.556	0.291	0.170	0.461	0.444	0.384	0.386	0.118	0.119	0.118	0.116	0.517	0.448	0.267	0.169	0.441	0.487	0.400	0.355	0.119	0.117	0.115	0.116	0.493	0.447	0.295	0.176	0.512	0.521	0.411	0.361	0.121	0.123	0.118	0.118	0.516	0.555	0.299	0.184	0.422	0.440	0.410	0.367	0.114	0.117	0.117	0.118	0.514	0.545	0.257	0.181	0.430	0.442	0.399	0.361	0.114	0.115	0.115	0.116	0.519	0.558	0.263	0.184	0.432	0.437	0.410	0.360	0.113	0.114	0.115	0.113	0.499	0.562	0.333	0.167
16:00:01	0.459	0.461	0.341	0.329	0.115	0.114	0.115	0.113	0.517	0.598	0.271	0.167	0.481	0.452	0.349	0.334	0.115	0.116	0.115	0.113	0.517	0.587	0.270	0.171	0.461	0.458	0.385	0.385	0.118	0.119	0.118	0.116	0.525	0.459	0.262	0.172	0.447	0.493	0.400	0.356	0.119	0.117	0.115	0.117	0.496	0.458	0.287	0.178	0.509	0.527	0.409	0.362	0.121	0.124	0.118	0.118	0.516	0.575	0.300	0.186	0.430	0.450	0.409	0.367	0.114	0.117	0.117	0.118	0.513	0.557	0.267	0.184	0.435	0.453	0.399	0.360	0.114	0.115	0.115	0.116	0.521	0.593	0.272	0.185	0.435	0.443	0.410	0.360	0.113	0.114	0.115	0.113	0.500	0.580	0.323	0.169
16:20:01	0.456	0.467	0.342	0.333	0.115	0.114	0.115	0.113	0.520	0.543	0.262	0.169	0.481	0.465	0.351	0.334	0.116	0.117	0.115	0.112	0.520	0.603	0.275	0.177	0.462	0.467	0.382	0.384	0.118	0.119	0.118	0.116	0.533	0.470	0.233	0.174	0.451	0.498	0.398	0.356	0.119	0.117	0.115	0.117	0.499	0.468	0.279	0.181	0.508	0.536	0.406	0.363	0.121	0.124	0.118	0.118	0.514	0.583	0.295	0.189	0.435	0.457	0.406	0.363	0.114	0.118	0.117	0.119	0.510	0.578	0.246	0.187	0.439	0.459	0.395	0.357	0.114	0.115	0.115	0.116	0.519	0.547	0.233	0.187	0.434	0.451	0.406	0.354	0.113	0.114	0.115	0.113	0.499	0.546	0.326	0.169
16:40:01	0.457	0.470	0.343	0.335	0.115	0.114	0.115	0.113	0.520	0.537	0.295	0.174	0.485	0.472	0.349	0.336	0.115	0.116	0.115	0.113	0.524	0.562	0.272	0.179	0.471	0.476	0.382	0.382	0.118	0.119	0.118	0.116	0.542	0.483	0.234	0.173	0.456	0.502	0.398	0.357	0.119	0.117	0.115	0.117	0.498	0.479	0.294	0.184	0.509	0.530	0.405	0.364	0.121	0.124	0.118	0.118	0.516	0.580	0.302	0.191	0.441	0.471	0.406	0.363	0.114	0.118	0.117	0.119	0.511	0.588	0.249	0.190	0.445	0.469	0.394	0.356	0.114	0.115	0.115	0.116	0.517	0.529	0.254	0.188	0.440	0.451	0.405	0.354	0.113	0.114	0.115	0.113	0.500	0.531	0.320	0.170
17:00:01	0.456	0.475	0.343	0.335	0.115	0.114	0.115	0.113	0.526	0.540	0.296	0.175	0.489	0.474	0.351	0.336	0.115	0.116	0.115	0.113	0.532	0.534	0.273	0.178	0.481	0.480	0.383	0.382	0.118	0.119	0.118	0.116	0.546	0.498	0.231	0.173	0.463	0.507	0.401	0.359	0.119	0.117	0.115	0.117	0.512	0.495	0.290	0.183	0.510	0.539	0.406	0.365	0.121	0.124	0.118	0.118	0.519	0.532	0.299	0.190	0.450	0.482	0.407	0.364	0.114	0.117	0.117	0.118	0.512	0.526	0.261	0.189	0.454	0.478	0.397	0.360	0.114	0.115	0.115	0.116	0.489	0.532	0.251	0.191	0.454	0.455	0.408	0.358	0.113	0.114	0.115	0.113	0.503	0.533	0.328	0.171
17:20:01	0.455	0.480	0.344	0.337	0.115	0.114	0.115	0.113	0.529	0.542	0.299	0.179	0.493	0.479	0.352	0.338	0.115	0.116	0.114	0.112	0.526	0.542	0.278	0.181	0.484	0.484	0.386	0.381	0.118	0.119	0.118	0.116	0.547	0.511	0.233	0.174	0.468	0.509	0.401	0.361	0.119	0.117	0.115	0.116	0.522	0.507	0.279	0.185	0.511	0.540	0.405	0.368	0.121	0.123	0.118	0.118	0.519	0.536	0.291	0.191	0.455	0.491	0.406	0.365	0.114	0.117	0.117	0.118	0.513	0.531	0.246	0.191	0.460	0.484	0.396	0.360	0.114	0.115	0.115	0.116	0.489	0.533	0.254	0.191	0.460	0.464	0.408	0.358	0.112	0.114	0.115	0.113	0.504	0.533	0.316	0.174
17:40:01	0.459	0.482	0.345	0.340	0.115	0.114	0.115	0.113	0.544	0.545	0.275	0.180	0.494	0.483	0.351	0.337	0.115	0.116	0.115	0.113	0.523	0.545	0.284	0.182	0.487	0.488	0.386	0.380	0.118	0.119	0.118	0.116	0.543	0.520	0.232	0.179	0.472	0.517	0.401	0.361	0.119	0.117	0.115	0.116	0.507	0.516	0.258	0.187	0.511	0.538	0.403	0.368	0.121	0.123	0.118	0.118	0.520	0.540	0.302	0.193	0.462	0.494	0.407	0.364	0.114	0.117	0.117	0.118	0.512	0.533	0.255	0.194	0.464	0.491	0.396	0.361	0.114	0.115	0.115	0.116	0.493	0.535	0.258	0.192	0.468	0.475	0.407	0.358	0.113	0.114	0.115	0.113	0.505	0.534	0.339	0.176
18:00:01	0.468	0.487	0.348	0.345	0.115	0.114	0.115	0.113	0.512	0.547	0.306	0.185	0.496	0.485	0.353	0.340	0.115	0.116	0.115	0.112	0.532	0.544	0.293	0.186	0.489	0.490	0.382	0.380	0.117	0.119	0.118	0.116	0.537	0.528	0.232	0.182	0.472	0.520	0.398	0.362	0.119	0.117	0.115	0.116	0.510	0.522	0.253	0.189	0.510	0.544	0.399	0.369	0.121	0.123	0.118	0.118	0.518	0.540	0.292	0.196	0.465	0.494	0.403	0.362	0.114	0.117	0.117	0.119	0.510	0.534	0.253	0.195	0.468	0.494	0.392	0.359	0.114	0.115	0.115	0.116	0.495	0.535	0.256	0.194	0.468	0.482	0.402	0.353	0.112	0.114	0.116	0.113	0.505	0.533	0.301	0.177
18:20:01	0.468	0.496	0.349	0.345	0.115	0.114	0.115	0.113	0.545	0.549	0.283	0.183	0.494	0.491	0.351	0.340	0.115	0.116	0.114	0.113	0.550	0.544	0.278	0.186	0.494	0.500	0.382	0.379	0.117	0.118	0.118	0.116	0.545	0.533	0.233	0.181	0.478	0.515	0.399	0.364	0.119	0.117	0.115	0.116	0.511	0.530	0.268	0.190	0.512	0.541	0.400	0.371	0.121	0.123	0.118	0.118	0.520	0.540	0.296	0.196	0.470	0.499	0.404	0.366	0.114	0.117	0.117	0.118	0.511	0.535	0.257	0.196	0.473	0.502	0.395	0.363	0.114	0.115	0.115	0.116	0.500	0.539	0.260	0.194	0.484	0.489	0.406	0.359	0.113	0.114	0.115	0.113	0.505	0.535	0.328	0.176
18:40:01	0.469	0.505	0.351	0.346	0.115	0.114	0.115	0.113	0.575	0.552	0.287	0.185	0.496	0.500	0.354	0.340	0.115	0.116	0.114	0.113	0.545	0.544	0.276	0.187	0.491	0.500	0.385	0.379	0.117	0.118	0.118	0.116	0.564	0.542	0.232	0.184	0.485	0.518	0.401	0.367	0.119	0.117	0.115	0.116	0.524	0.536	0.266	0.203	0.513	0.549	0.400	0.373	0.121	0.123	0.118	0.118	0.520	0.539	0.297	0.197	0.460	0.501	0.403	0.368	0.114	0.117	0.117	0.118	0.511	0.535	0.245	0.198	0.470	0.506	0.394	0.364	0.114	0.115	0.115	0.116	0.503	0.540	0.250	0.194	0.482	0.501	0.407	0.359	0.113	0.113	0.115	0.113	0.504	0.535	0.338	0.179
19:00:01	0.481	0.511	0.354	0.349	0.115	0.114	0.115	0.113	0.569	0.557	0.295	0.187	0.489	0.507	0.355	0.342	0.115	0.116	0.115	0.113	0.558	0.546	0.283	0.188	0.489	0.507	0.384	0.379	0.117	0.119	0.118	0.116	0.582	0.550	0.234	0.186	0.468	0.513	0.399	0.366	0.119	0.117	0.115	0.116	0.557	0.543	0.230	0.196	0.514	0.559	0.398	0.375	0.121	0.123	0.118	0.118	0.520	0.540	0.296	0.198	0.476	0.513	0.398	0.368	0.114	0.117	0.117	0.119	0.511	0.535	0.249	0.199	0.460	0.505	0.395	0.365	0.114	0.115	0.115	0.116	0.506	0.541	0.241	0.194	0.485	0.498	0.406	0.360	0.113	0.114	0.116	0.113	0.505	0.536	0.327	0.181
19:20:01	0.485	0.517	0.357	0.355	0.115	0.114	0.115	0.113	0.585	0.559	0.307	0.188	0.515	0.510	0.354	0.344	0.115	0.116	0.115	0.113	0.562	0.546	0.281	0.192	0.497	0.499	0.382	0.379	0.118	0.119	0.118	0.117	0.593	0.556	0.235	0.189	0.491	0.511	0.395	0.368	0.119	0.117	0.115	0.117	0.562	0.547	0.240	0.196	0.514	0.582	0.394	0.375	0.121	0.124	0.118	0.118	0.518	0.540	0.308	0.199	0.495	0.499	0.396	0.366	0.115	0.118	0.117	0.119	0.509	0.534	0.250	0.200	0.478	0.504	0.392	0.363	0.114	0.115	0.115	0.116	0.506	0.541	0.245	0.194	0.487	0.509	0.400	0.356	0.113	0.114	0.115	0.113	0.503	0.534	0.305	0.180
19:40:01	0.486	0.514	0.359	0.355	0.115	0.114	0.115	0.113	0.560	0.561	0.309	0.189	0.488	0.500	0.358	0.345	0.115	0.116	0.115	0.113	0.557	0.549	0.281	0.191	0.527	0.501	0.383	0.379	0.118	0.119	0.118	0.116	0.590	0.562	0.232	0.187	0.517	0.516	0.398	0.369	0.119	0.117	0.115	0.117	0.566	0.553	0.278	0.211	0.514	0.596	0.394	0.378	0.121	0.123	0.118	0.118	0.519	0.542	0.299	0.199	0.491	0.499	0.398	0.371	0.114	0.117	0.117	0.118	0.510	0.535	0.247	0.200	0.500	0.512	0.395	0.367	0.114	0.115	0.115	0.116	0.510	0.543	0.254	0.197	0.479	0.513	0.402	0.362	0.113	0.114	0.115	0.113	0.503	0.535	0.327	0.183
20:00:01	0.528	0.511	0.363	0.360	0.115	0.114	0.115	0.113	0.577	0.564	0.314	0.190	0.466	0.511	0.359	0.345	0.115	0.116	0.115	0.113	0.544	0.551	0.281	0.195	0.525	0.504	0.384	0.379	0.117	0.119	0.118	0.116	0.588	0.568	0.237	0.192	0.490	0.517	0.396	0.370	0.119	0.117	0.115	0.116	0.561	0.557	0.240	0.202	0.514	0.589	0.391	0.378	0.121	0.123	0.118	0.118	0.517	0.542	0.298	0.197	0.495	0.507	0.394	0.369	0.115	0.117	0.117	0.119	0.507	0.534	0.252	0.201	0.492	0.516	0.390	0.364	0.114	0.115	0.115	0.116	0.508	0.543	0.245	0.195	0.486	0.496	0.396	0.357	0.112	0.114	0.115	0.113	0.501	0.536	0.329	0.183
20:20:01	0.516	0.515	0.365	0.362	0.115	0.114	0.115	0.113	0.560	0.566	0.287	0.192	0.482	0.502	0.361	0.346	0.116	0.117	0.115	0.113	0.523	0.552	0.298	0.196	0.507	0.500	0.384	0.380	0.118	0.119	0.118	0.117	0.588	0.575	0.237	0.194	0.486	0.516	0.395	0.373	0.119	0.117	0.115	0.117	0.552	0.565	0.241	0.211	0.514	0.583	0.390	0.380	0.121	0.124	0.118	0.118	0.516	0.543	0.303	0.199	0.476	0.505	0.393	0.369	0.115	0.118	0.117	0.119	0.506	0.536	0.262	0.194	0.476	0.510	0.389	0.365	0.114	0.115	0.115	0.116	0.508	0.543	0.235	0.195	0.483	0.495	0.396	0.357	0.113	0.114	0.115	0.113	0.500	0.537	0.322	0.184
20:40:01	0.495	0.520	0.367	0.364	0.115	0.114	0.115	0.113	0.538	0.567	0.278	0.191	0.482	0.506	0.360	0.346	0.116	0.117	0.115	0.113	0.519	0.553	0.286	0.196	0.497	0.492	0.385	0.380	0.118	0.120	0.119	0.117	0.558	0.580	0.236	0.196	0.479	0.522	0.392	0.372	0.119	0.118	0.116	0.117	0.528	0.569	0.246	0.214	0.515	0.564	0.389	0.381	0.122	0.124	0.118	0.118	0.515	0.544	0.310	0.201	0.478	0.513	0.392	0.373	0.115	0.118	0.117	0.119	0.504	0.537	0.264	0.196	0.477	0.515	0.389	0.366	0.114	0.115	0.115	0.116	0.508	0.544	0.247	0.196	0.493	0.490	0.393	0.358	0.113	0.114	0.116	0.113	0.499	0.535	0.335	0.185
21:00:01	0.495	0.519	0.372	0.368	0.115	0.114	0.115	0.113	0.535	0.569	0.271	0.194	0.487	0.511	0.356	0.344	0.116	0.117	0.115	0.113	0.525	0.554	0.267	0.196	0.488	0.501	0.388	0.381	0.118	0.120	0.119	0.117	0.521	0.597	0.236	0.195	0.476	0.522	0.388	0.373	0.120	0.118	0.116	0.117	0.510	0.578	0.242	0.212	0.516	0.549	0.389	0.383	0.122	0.124	0.118	0.118	0.513	0.545	0.298	0.202	0.492	0.509	0.387	0.369	0.115	0.118	0.117	0.119	0.503	0.537	0.258	0.198	0.488	0.514	0.388	0.366	0.114	0.115	0.115	0.116	0.508	0.544	0.243	0.198	0.496	0.504	0.390	0.354	0.113	0.114	0.116	0.113	0.498	0.533	0.363	0.188
21:20:01	0.496	0.524	0.374	0.369	0.115	0.114	0.115	0.113	0.540	0.572	0.276	0.194	0.497	0.508	0.358	0.346	0.116	0.117	0.115	0.113	0.528	0.556	0.267	0.198	0.493	0.506	0.390	0.381	0.118	0.119	0.119	0.117	0.518	0.571	0.235	0.194	0.495	0.526	0.388	0.374	0.120	0.118	0.116	0.117	0.508	0.563	0.241	0.222	0.515	0.544	0.389	0.385	0.121	0.124	0.118	0.118	0.513	0.547	0.302	0.203	0.497	0.507	0.388	0.371	0.115	0.118	0.117	0.119	0.503	0.538	0.254	0.196	0.492	0.517	0.388	0.369	0.114	0.115	0.115	0.116	0.508	0.544	0.234	0.197	0.494	0.503	0.390	0.354	0.113	0.114	0.116	0.114	0.497	0.534	0.361	0.186
21:40:01	0.505	0.527	0.377	0.371	0.115	0.114	0.115	0.113	0.542	0.573	0.272	0.196	0.509	0.512	0.360	0.347	0.116	0.117	0.115	0.113	0.529	0.557	0.277	0.197	0.506	0.512	0.391	0.379	0.118	0.119	0.119	0.117	0.526	0.557	0.239	0.196	0.502	0.520	0.389	0.376	0.120	0.118	0.116	0.117	0.513	0.553	0.287	0.216	0.515	0.544	0.389	0.385	0.121	0.124	0.118	0.118	0.511	0.548	0.302	0.203	0.498	0.511	0.387	0.371	0.115	0.118	0.117	0.119	0.502	0.538	0.254	0.204	0.495	0.522	0.388	0.369	0.114	0.115	0.115	0.116	0.507	0.543	0.242	0.197	0.494	0.503	0.391	0.356	0.113	0.114	0.116	0.113	0.496	0.535	0.319	0.190
22:00:01	0.518	0.538	0.377	0.371	0.115	0.114	0.115	0.113	0.545	0.575	0.328	0.195	0.517	0.521	0.361	0.346	0.116	0.117	0.115	0.113	0.528	0.558	0.289	0.199	0.513	0.514	0.392	0.380	0.118	0.120	0.119	0.117	0.533	0.572	0.236	0.197	0.507	0.519	0.390	0.376	0.120	0.118	0.116	0.117	0.519	0.553	0.248	0.208	0.515	0.544	0.391	0.388	0.122	0.124	0.118	0.118	0.511	0.548	0.309	0.201	0.498	0.513	0.388	0.373	0.115	0.118	0.117	0.119	0.500	0.538	0.263	0.203	0.495	0.523	0.388	0.370	0.114	0.115	0.115	0.116	0.508	0.544	0.245	0.197	0.496	0.516	0.391	0.358	0.113	0.114	0.116	0.113	0.496	0.534	0.333	0.188
22:20:01	0.526	0.534	0.380	0.373	0.115	0.114	0.115	0.113	0.545	0.576	0.301	0.195	0.518	0.528	0.363	0.348	0.116	0.117	0.115	0.113	0.529	0.558	0.282	0.200	0.515	0.522	0.392	0.381	0.118	0.120	0.119	0.117	0.536	0.574	0.237	0.198	0.507	0.522	0.389	0.379	0.120	0.118	0.116	0.118	0.524	0.561	0.267	0.213	0.514	0.544	0.392	0.389	0.122	0.124	0.119	0.118	0.510	0.547	0.312	0.200	0.500	0.519	0.387	0.374	0.115	0.118	0.117	0.119	0.498	0.539	0.251	0.197	0.496	0.525	0.387	0.371	0.114	0.115	0.115	0.116	0.507	0.544	0.237	0.201	0.499	0.517	0.388	0.356	0.113	0.114	0.116	0.113	0.495	0.533	0.293	0.191
22:40:01	0.527	0.527	0.382	0.377	0.115	0.114	0.115	0.113	0.544	0.576	0.278	0.197	0.517	0.529	0.364	0.348	0.116	0.117	0.115	0.113	0.529	0.558	0.279	0.201	0.515	0.525	0.392	0.381	0.118	0.120	0.119	0.117	0.538	0.589	0.238	0.202	0.507	0.537	0.391	0.380	0.120	0.118	0.116	0.118	0.528	0.575	0.295	0.223	0.513	0.545	0.394	0.390	0.122	0.124	0.118	0.118	0.508	0.547	0.301	0.202	0.501	0.515	0.387	0.374	0.115	0.118	0.117	0.119	0.497	0.539	0.254	0.197	0.497	0.525	0.386	0.372	0.114	0.115	0.115	0.116	0.505	0.544	0.251	0.201	0.502	0.511	0.389	0.356	0.113	0.114	0.116	0.113	0.494	0.532	0.291	0.189
23:00:01	0.526	0.535	0.384	0.378	0.115	0.114	0.115	0.113	0.544	0.576	0.273	0.196	0.518	0.528	0.364	0.350	0.116	0.117	0.115	0.113	0.529	0.557	0.298	0.201	0.515	0.526	0.391	0.381	0.118	0.120	0.119	0.117	0.540	0.603	0.239	0.202	0.506	0.536	0.392	0.382	0.120	0.118	0.116	0.118	0.529	0.579	0.291	0.215	0.512	0.545	0.395	0.391	0.122	0.124	0.119	0.118	0.507	0.545	0.306	0.203	0.501	0.521	0.389	0.378	0.116	0.118	0.117	0.119	0.494	0.538	0.271	0.202	0.498	0.530	0.387	0.373	0.114	0.115	0.115	0.116	0.504	0.543	0.266	0.199	0.504	0.525	0.389	0.359	0.113	0.114	0.116	0.113	0.494	0.530	0.349	0.191
23:20:01	0.526	0.536	0.388	0.379	0.115	0.114	0.115	0.113	0.545	0.576	0.331	0.198	0.519	0.535	0.366	0.351	0.116	0.117	0.115	0.113	0.528	0.557	0.281	0.201	0.516	0.519	0.391	0.381	0.118	0.120	0.119	0.117	0.541	0.616	0.238	0.200	0.508	0.549	0.393	0.382	0.120	0.118	0.116	0.118	0.531	0.601	0.238	0.220	0.512	0.546	0.396	0.392	0.122	0.124	0.119	0.118	0.504	0.545	0.308	0.208	0.504	0.519	0.390	0.376	0.115	0.118	0.117	0.119	0.492	0.539	0.264	0.204	0.500	0.529	0.386	0.373	0.114	0.115	0.115	0.116	0.502	0.541	0.265	0.200	0.507	0.521	0.389	0.360	0.113	0.114	0.116	0.113	0.493	0.528	0.329	0.192
23:40:01	0.526	0.535	0.390	0.381	0.115	0.114	0.115	0.113	0.546	0.575	0.273	0.199	0.519	0.532	0.368	0.353	0.117	0.118	0.115	0.113	0.528	0.555	0.296	0.202	0.517	0.525	0.390	0.383	0.119	0.121	0.119	0.117	0.541	0.621	0.236	0.201	0.509	0.555	0.393	0.383	0.120	0.118	0.116	0.118	0.531	0.609	0.249	0.205	0.510	0.546	0.398	0.393	0.122	0.125	0.119	0.118	0.503	0.544	0.302	0.207	0.506	0.524	0.392	0.377	0.116	0.118	0.117	0.119	0.489	0.537	0.252	0.201	0.500	0.526	0.387	0.375	0.114	0.115	0.115	0.116	0.501	0.539	0.245	0.203	0.510	0.530	0.392	0.362	0.113	0.114	0.116	0.113	0.493	0.527	0.304	0.190
24:00:01	0.526	0.542	0.392	0.382	0.115	0.114	0.115	0.113	0.547	0.575	0.296	0.198	0.521	0.531	0.369	0.354	0.117	0.118	0.115	0.113	0.529	0.554	0.301	0.202	0.517	0.535	0.390	0.384	0.119	0.121	0.120	0.117	0.541	0.595	0.236	0.204	0.510	0.563	0.394	0.382	0.120	0.119	0.116	0.118	0.531	0.590	0.250	0.223	0.510	0.547	0.398	0.393	0.122	0.125	0.119	0.118	0.501	0.543	0.302	0.209	0.507	0.532	0.390	0.376	0.116	0.118	0.117	0.119	0.488	0.536	0.264	0.203	0.502	0.530	0.389	0.376	0.114	0.115	0.115	0.116	0.499	0.537	0.237	0.202	0.511	0.525	0.393	0.360	0.113	0.114	0.116	0.113	0.493	0.525	0.308	0.192
24:20:01	0.527	0.542	0.394	0.384	0.115	0.114	0.115	0.113	0.547	0.575	0.286	0.199	0.521	0.541	0.370	0.358	0.116	0.117	0.115	0.113	0.529	0.552	0.287	0.202	0.519	0.554	0.391	0.383	0.119	0.120	0.119	0.117	0.542	0.584	0.240	0.200	0.510	0.559	0.395	0.384	0.120	0.118	0.116	0.118	0.532	0.578	0.242	0.206	0.509	0.546	0.398	0.393	0.122	0.124	0.119	0.118	0.499	0.542	0.305	0.208	0.507	0.525	0.391	0.378	0.116	0.118	0.117	0.119	0.486	0.535	0.263	0.205	0.505	0.534	0.389	0.378	0.114	0.115	0.115	0.116	0.497	0.535	0.243	0.201	0.514	0.521	0.392	0.359	0.113	0.114	0.116	0.113	0.493	0.523	0.285	0.190
24:40:01	0.527	0.585	0.396	0.385	0.115	0.114	0.115	0.113	0.547	0.575	0.338	0.198	0.522	0.578	0.372	0.355	0.116	0.117	0.115	0.113	0.530	0.551	0.304	0.203	0.519	0.551	0.391	0.382	0.118	0.120	0.119	0.117	0.541	0.569	0.238	0.201	0.512	0.560	0.396	0.383	0.120	0.118	0.116	0.117	0.532	0.557	0.254	0.201	0.508	0.544	0.397	0.394	0.122	0.124	0.118	0.118	0.498	0.541	0.307	0.209	0.509	0.545	0.390	0.380	0.115	0.118	0.117	0.119	0.484	0.533	0.253	0.204	0.507	0.547	0.391	0.376	0.114	0.115	0.115	0.116	0.495	0.532	0.238	0.202	0.516	0.533	0.394	0.358	0.113	0.114	0.116	0.113	0.494	0.521	0.351	0.191
25:00:01	0.528	0.580	0.397	0.386	0.115	0.114	0.115	0.113	0.549	0.573	0.338	0.199	0.523	0.567	0.373	0.356	0.116	0.117	0.115	0.113	0.529	0.550	0.281	0.203	0.520	0.562	0.390	0.383	0.118	0.120	0.119	0.117	0.541	0.540	0.238	0.203	0.513	0.546	0.395	0.385	0.120	0.118	0.116	0.117	0.532	0.527	0.251	0.223	0.507	0.545	0.398	0.394	0.122	0.124	0.118	0.118	0.497	0.539	0.310	0.208	0.511	0.539	0.390	0.379	0.115	0.118	0.117	0.119	0.482	0.532	0.255	0.206	0.509	0.540	0.392	0.378	0.114	0.115	0.115	0.116	0.494	0.532	0.239	0.203	0.519	0.544	0.395	0.359	0.113	0.114	0.116	0.113	0.495	0.520	0.340	0.191
25:20:01	0.528	0.569	0.398	0.387	0.115	0.114	0.115	0.113	0.549	0.573	0.332	0.200	0.523	0.547	0.373	0.357	0.116	0.117	0.115	0.113	0.529	0.550	0.276	0.203	0.521	0.530	0.391	0.384	0.118	0.120	0.119	0.117	0.541	0.536	0.240	0.202	0.515	0.535	0.398	0.385	0.120	0.118	0.116	0.117	0.531	0.530	0.241	0.209	0.506	0.545	0.399	0.396	0.122	0.124	0.118	0.118	0.496	0.538	0.313	0.208	0.512	0.513	0.393	0.383	0.115	0.118	0.117	0.119	0.483	0.531	0.265	0.206	0.510	0.500	0.393	0.377	0.114	0.115	0.115	0.116	0.492	0.530	0.242	0.201	0.521	0.520	0.397	0.359	0.113	0.114	0.116	0.113	0.496	0.519	0.310	0.190
25:40:01	0.529	0.563	0.399	0.388	0.115	0.114	0.115	0.113	0.549	0.572	0.285	0.199	0.524	0.525	0.375	0.357	0.116	0.117	0.115	0.113	0.530	0.550	0.296	0.203	0.523	0.533	0.391	0.383	0.118	0.120	0.119	0.117	0.542	0.544	0.237	0.201	0.516	0.533	0.396	0.385	0.120	0.118	0.116	0.118	0.531	0.537	0.246	0.211	0.505	0.545	0.400	0.395	0.122	0.124	0.119	0.118	0.494	0.537	0.315	0.208	0.513	0.522	0.393	0.380	0.115	0.118	0.117	0.119	0.481	0.530	0.256	0.205	0.511	0.514	0.394	0.378	0.114	0.115	0.115	0.116	0.490	0.529	0.241	0.202	0.523	0.548	0.398	0.360	0.113	0.114	0.116	0.113	0.497	0.518	0.310	0.192
26:00:01	0.529	0.564	0.401	0.389	0.115	0.114	0.115	0.113	0.548	0.572	0.309	0.198	0.525	0.532	0.377	0.358	0.116	0.117	0.115	0.113	0.529	0.549	0.290	0.204	0.523	0.541	0.393	0.383	0.118	0.119	0.118	0.117	0.542	0.549	0.239	0.204	0.517	0.532	0.398	0.387	0.119	0.118	0.116	0.117	0.530	0.542	0.302	0.218	0.504	0.545	0.400	0.397	0.121	0.124	0.118	0.118	0.493	0.537	0.305	0.209	0.515	0.541	0.393	0.380	0.115	0.118	0.117	0.119	0.480	0.529	0.265	0.204	0.513	0.537	0.395	0.378	0.114	0.115	0.115	0.115	0.488	0.526	0.240	0.202	0.524	0.556	0.397	0.359	0.113	0.114	0.116	0.113	0.498	0.516	0.290	0.193
26:20:01	0.530	0.569	0.400	0.387	0.115	0.114	0.115	0.113	0.548	0.571	0.329	0.199	0.525	0.544	0.380	0.357	0.116	0.117	0.115	0.113	0.529	0.548	0.278	0.204	0.525	0.546	0.396	0.385	0.118	0.119	0.118	0.116	0.542	0.551	0.239	0.201	0.519	0.532	0.402	0.387	0.119	0.117	0.116	0.117	0.531	0.545	0.239	0.211	0.503	0.545	0.402	0.397	0.121	0.124	0.118	0.118	0.494	0.535	0.314	0.209	0.516	0.543	0.396	0.386	0.115	0.118	0.117	0.119	0.479	0.528	0.252	0.205	0.515	0.544	0.400	0.383	0.114	0.115	0.115	0.115	0.488	0.525	0.252	0.202	0.526	0.549	0.401	0.367	0.113	0.114	0.115	0.113	0.500	0.516	0.300	0.191
26:40:01	0.531	0.569	0.401	0.388	0.115	0.114	0.115	0.113	0.548	0.572	0.327	0.198	0.526	0.551	0.380	0.358	0.116	0.117	0.115	0.113	0.530	0.547	0.295	0.204	0.526	0.546	0.397	0.387	0.117	0.118	0.118	0.116	0.541	0.551	0.237	0.203	0.519	0.532	0.400	0.388	0.119	0.117	0.115	0.117	0.530	0.547	0.247	0.206	0.502	0.545	0.402	0.397	0.121	0.123	0.118	0.118	0.492	0.535	0.314	0.209	0.517	0.541	0.397	0.386	0.115	0.117	0.117	0.119	0.478	0.527	0.253	0.206	0.517	0.541	0.400	0.384	0.114	0.115	0.115	0.115	0.487	0.523	0.260	0.204	0.526	0.541	0.402	0.367	0.113	0.114	0.115	0.113	0.501	0.515	0.326	0.192
27:00:01	0.532	0.566	0.403	0.389	0.115	0.114	0.115	0.113	0.548	0.573	0.323	0.197	0.527	0.551	0.382	0.359	0.116	0.116	0.115	0.113	0.530	0.546	0.298	0.204	0.526	0.545	0.399	0.386	0.117	0.118	0.118	0.116	0.541	0.552	0.239	0.203	0.520	0.531	0.401	0.388	0.119	0.117	0.115	0.117	0.530	0.547	0.288	0.208	0.502	0.545	0.403	0.397	0.121	0.123	0.118	0.117	0.491	0.535	0.308	0.209	0.517	0.538	0.396	0.386	0.115	0.117	0.117	0.119	0.475	0.527	0.249	0.205	0.518	0.537	0.402	0.384	0.114	0.115	0.115	0.115	0.485	0.521	0.241	0.204	0.527	0.537	0.403	0.367	0.113	0.114	0.115	0.113	0.503	0.515	0.308	0.191
27:20:01	0.531	0.562	0.405	0.390	0.115	0.114	0.115	0.113	0.547	0.573	0.332	0.198	0.526	0.548	0.383	0.360	0.116	0.117	0.115	0.113	0.529	0.545	0.294	0.205	0.526	0.544	0.402	0.386	0.117	0.118	0.117	0.116	0.540	0.552	0.238	0.202	0.520	0.531	0.402	0.387	0.119	0.117	0.115	0.116	0.529	0.547	0.248	0.212	0.500	0.543	0.404	0.397	0.121	0.123	0.118	0.118	0.489	0.532	0.310	0.209	0.517	0.537	0.397	0.389	0.115	0.118	0.117	0.119	0.475	0.525	0.254	0.209	0.519	0.534	0.402	0.385	0.114	0.115	0.115	0.116	0.483	0.519	0.242	0.204	0.526	0.536	0.403	0.369	0.113	0.114	0.116	0.113	0.504	0.513	0.304	0.192
27:40:01	0.531	0.560	0.407	0.394	0.115	0.114	0.115	0.113	0.546	0.573	0.331	0.199	0.527	0.546	0.386	0.363	0.115	0.116	0.115	0.113	0.529	0.543	0.279	0.206	0.526	0.544	0.402	0.385	0.117	0.117	0.117	0.116	0.538	0.553	0.240	0.201	0.520	0.532	0.402	0.388	0.119	0.117	0.115	0.116	0.528	0.547	0.248	0.204	0.499	0.543	0.403	0.398	0.121	0.123	0.117	0.117	0.487	0.530	0.318	0.209	0.517	0.536	0.396	0.386	0.115	0.118	0.117	0.119	0.471	0.522	0.255	0.207	0.518	0.534	0.401	0.381	0.114	0.115	0.115	0.116	0.480	0.516	0.260	0.204	0.525	0.536	0.400	0.359	0.113	0.114	0.116	0.114	0.503	0.511	0.314	0.191
28:00:01	0.532	0.560	0.407	0.392	0.115	0.114	0.115	0.113	0.545	0.573	0.313	0.198	0.527	0.546	0.388	0.364	0.115	0.116	0.115	0.113	0.528	0.543	0.295	0.206	0.527	0.544	0.405	0.388	0.116	0.117	0.117	0.116	0.538	0.554	0.240	0.206	0.520	0.532	0.403	0.389	0.119	0.116	0.115	0.116	0.529	0.548	0.240	0.204	0.499	0.544	0.406	0.398	0.121	0.122	0.117	0.117	0.488	0.529	0.319	0.209	0.517	0.537	0.397	0.389	0.115	0.117	0.117	0.119	0.472	0.522	0.254	0.209	0.520	0.534	0.405	0.388	0.114	0.115	0.115	0.115	0.479	0.516	0.258	0.204	0.527	0.537	0.405	0.368	0.113	0.114	0.115	0.113	0.506	0.511	0.310	0.193
28:20:01	0.532	0.558	0.411	0.396	0.115	0.114	0.115	0.113	0.545	0.574	0.318	0.201	0.526	0.545	0.392	0.366	0.115	0.116	0.114	0.113	0.528	0.543	0.302	0.207	0.527	0.543	0.407	0.387	0.116	0.117	0.117	0.116	0.537	0.554	0.242	0.202	0.520	0.532	0.403	0.387	0.119	0.116	0.115	0.116	0.526	0.548	0.248	0.209	0.497	0.542	0.404	0.397	0.121	0.122	0.117	0.117	0.486	0.526	0.320	0.210	0.517	0.536	0.396	0.389	0.115	0.118	0.117	0.119	0.468	0.519	0.255	0.208	0.520	0.534	0.402	0.382	0.114	0.115	0.115	0.116	0.476	0.513	0.246	0.203	0.525	0.537	0.403	0.359	0.113	0.114	0.116	0.113	0.505	0.508	0.288	0.193
28:40:01	0.533	0.559	0.410	0.395	0.115	0.114	0.115	0.113	0.545	0.574	0.297	0.199	0.526	0.545	0.390	0.365	0.115	0.116	0.114	0.113	0.527	0.542	0.308	0.206	0.527	0.543	0.406	0.387	0.116	0.116	0.116	0.116	0.537	0.555	0.240	0.203	0.521	0.532	0.406	0.388	0.118	0.116	0.115	0.115	0.527	0.547	0.250	0.210	0.497	0.542	0.406	0.400	0.121	0.122	0.117	0.117	0.486	0.526	0.322	0.210	0.517	0.537	0.400	0.391	0.115	0.117	0.117	0.118	0.469	0.519	0.254	0.206	0.520	0.536	0.405	0.390	0.114	0.115	0.115	0.115	0.477	0.514	0.243	0.204	0.526	0.538	0.407	0.369	0.113	0.114	0.115	0.113	0.508	0.510	0.315	0.194
29:00:01	0.534	0.558	0.413	0.398	0.115	0.114	0.115	0.113	0.544	0.573	0.292	0.200	0.527	0.545	0.394	0.368	0.115	0.116	0.114	0.113	0.526	0.541	0.278	0.206	0.526	0.542	0.406	0.387	0.116	0.116	0.116	0.116	0.535	0.555	0.241	0.204	0.520	0.532	0.405	0.390	0.118	0.116	0.114	0.115	0.525	0.547	0.252	0.223	0.495	0.540	0.406	0.398	0.121	0.122	0.117	0.117	0.483	0.523	0.316	0.210	0.516	0.537	0.399	0.387	0.114	0.118	0.117	0.119	0.467	0.518	0.257	0.210	0.520	0.537	0.404	0.386	0.113	0.115	0.115	0.116	0.475	0.511	0.271	0.203	0.524	0.538	0.406	0.362	0.113	0.114	0.115	0.113	0.508	0.507	0.316	0.192
29:20:01	0.534	0.559	0.413	0.396	0.115	0.114	0.115	0.113	0.543	0.573	0.298	0.199	0.526	0.545	0.394	0.368	0.115	0.115	0.114	0.113	0.526	0.541	0.287	0.206	0.527	0.543	0.411	0.389	0.116	0.116	0.116	0.115	0.535	0.555	0.239	0.204	0.520	0.533	0.407	0.389	0.118	0.116	0.114	0.115	0.525	0.548	0.249	0.222	0.495	0.540	0.408	0.399	0.121	0.122	0.117	0.117	0.483	0.523	0.320	0.209	0.517	0.537	0.401	0.396	0.114	0.117	0.117	0.118	0.467	0.518	0.255	0.209	0.520	0.538	0.407	0.392	0.114	0.115	0.115	0.115	0.474	0.511	0.263	0.203	0.525	0.539	0.410	0.371	0.113	0.114	0.115	0.113	0.511	0.507	0.292	0.196
29:40:01	0.533	0.559	0.415	0.398	0.114	0.114	0.115	0.113	0.542	0.574	0.295	0.201	0.526	0.545	0.394	0.367	0.115	0.116	0.114	0.113	0.525	0.541	0.309	0.206	0.527	0.543	0.410	0.390	0.115	0.116	0.116	0.115	0.535	0.555	0.241	0.206	0.520	0.532	0.408	0.388	0.118	0.116	0.114	0.115	0.524	0.547	0.255	0.224	0.495	0.539	0.409	0.401	0.120	0.122	0.117	0.117	0.482	0.523	0.312	0.211	0.517	0.536	0.399	0.394	0.114	0.117	0.117	0.118	0.466	0.516	0.256	0.209	0.520	0.538	0.407	0.393	0.113	0.115	0.115	0.115	0.473	0.509	0.257	0.205	0.524	0.539	0.409	0.372	0.113	0.114	0.115	0.113	0.512	0.505	0.276	0.192
30:00:02	0.533	0.557	0.417	0.401	0.114	0.114	0.115	0.113	0.541	0.574	0.328	0.202	0.526	0.545	0.397	0.371	0.115	0.115	0.114	0.113	0.525	0.541	0.275	0.206	0.526	0.543	0.408	0.389	0.115	0.116	0.116	0.115	0.533	0.554	0.242	0.206	0.519	0.532	0.407	0.389	0.118	0.116	0.114	0.115	0.522	0.546	0.251	0.220	0.494	0.539	0.408	0.399	0.120	0.121	0.117	0.117	0.479	0.521	0.312	0.211	0.516	0.537	0.399	0.390	0.114	0.117	0.117	0.119	0.464	0.515	0.275	0.207	0.519	0.538	0.406	0.389	0.113	0.115	0.114	0.115	0.471	0.506	0.252	0.204	0.523	0.539	0.408	0.363	0.113	0.114	0.115	0.113	0.512	0.504	0.322	0.192
30:20:01	0.533	0.558	0.418	0.400	0.114	0.114	0.115	0.113	0.540	0.575	0.336	0.201	0.525	0.545	0.397	0.371	0.115	0.115	0.114	0.113	0.524	0.541	0.293	0.206	0.526	0.543	0.409	0.391	0.115	0.116	0.116	0.115	0.533	0.554	0.240	0.206	0.519	0.532	0.409	0.390	0.118	0.116	0.114	0.115	0.523	0.546	0.251	0.222	0.493	0.539	0.410	0.399	0.120	0.121	0.117	0.117	0.480	0.521	0.324	0.211	0.516	0.537	0.401	0.397	0.114	0.117	0.117	0.118	0.464	0.514	0.267	0.207	0.519	0.538	0.409	0.395	0.113	0.115	0.115	0.115	0.471	0.507	0.254	0.205	0.523	0.540	0.412	0.373	0.113	0.114	0.115	0.113	0.514	0.506	0.359	0.193
30:40:02	0.532	0.556	0.419	0.403	0.114	0.114	0.115	0.113	0.539	0.575	0.307	0.203	0.524	0.544	0.399	0.376	0.115	0.115	0.114	0.113	0.524	0.541	0.295	0.206	0.525	0.543	0.410	0.392	0.115	0.116	0.116	0.115	0.532	0.554	0.240	0.204	0.518	0.532	0.409	0.389	0.118	0.116	0.114	0.115	0.521	0.544	0.253	0.225	0.492	0.537	0.410	0.399	0.120	0.121	0.117	0.117	0.478	0.519	0.321	0.211	0.514	0.538	0.401	0.394	0.114	0.117	0.117	0.119	0.462	0.511	0.279	0.209	0.518	0.538	0.408	0.391	0.113	0.115	0.114	0.115	0.468	0.504	0.273	0.204	0.521	0.539	0.410	0.365	0.113	0.114	0.115	0.113	0.513	0.503	0.319	0.194
31:00:02	0.532	0.557	0.418	0.402	0.114	0.114	0.115	0.113	0.538	0.575	0.340	0.201	0.524	0.544	0.400	0.374	0.115	0.115	0.114	0.113	0.524	0.541	0.289	0.205	0.525	0.544	0.412	0.394	0.115	0.116	0.116	0.115	0.532	0.554	0.242	0.207	0.518	0.532	0.410	0.389	0.118	0.115	0.114	0.115	0.521	0.544	0.253	0.226	0.492	0.537	0.411	0.400	0.120	0.121	0.116	0.117	0.479	0.520	0.314	0.210	0.514	0.538	0.402	0.396	0.114	0.117	0.117	0.118	0.463	0.511	0.257	0.208	0.518	0.538	0.410	0.398	0.113	0.115	0.114	0.115	0.469	0.505	0.254	0.203	0.520	0.540	0.413	0.376	0.113	0.114	0.115	0.113	0.516	0.505	0.306	0.196
31:20:02	0.532	0.557	0.420	0.403	0.114	0.114	0.115	0.113	0.538	0.575	0.308	0.202	0.524	0.544	0.400	0.376	0.115	0.115	0.114	0.113	0.523	0.540	0.287	0.206	0.525	0.544	0.413	0.394	0.115	0.115	0.116	0.115	0.531	0.554	0.242	0.209	0.518	0.532	0.412	0.389	0.118	0.116	0.114	0.115	0.520	0.543	0.252	0.222	0.491	0.536	0.412	0.399	0.120	0.121	0.116	0.117	0.477	0.519	0.315	0.211	0.513	0.538	0.403	0.398	0.114	0.117	0.117	0.118	0.462	0.510	0.257	0.205	0.517	0.538	0.411	0.399	0.113	0.115	0.114	0.115	0.468	0.505	0.266	0.203	0.520	0.540	0.414	0.376	0.113	0.114	0.115	0.113	0.517	0.505	0.313	0.195
31:40:02	0.532	0.557	0.421	0.404	0.114	0.114	0.115	0.113	0.538	0.576	0.338	0.202	0.523	0.544	0.402	0.377	0.115	0.115	0.114	0.113	0.523	0.540	0.281	0.206	0.524	0.544	0.412	0.395	0.115	0.116	0.116	0.115	0.531	0.553	0.240	0.207	0.517	0.532	0.413	0.391	0.118	0.116	0.114	0.115	0.519	0.542	0.253	0.225	0.491	0.536	0.412	0.400	0.120	0.121	0.117	0.117	0.477	0.518	0.318	0.210	0.512	0.539	0.402	0.400	0.114	0.117	0.117	0.118	0.461	0.510	0.258	0.208	0.517	0.538	0.412	0.401	0.113	0.115	0.115	0.115	0.467	0.503	0.253	0.203	0.519	0.541	0.415	0.378	0.113	0.114	0.115	0.113	0.517	0.504	0.304	0.194
32:00:02	0.532	0.558	0.423	0.405	0.114	0.114	0.115	0.113	0.538	0.577	0.312	0.203	0.523	0.545	0.404	0.380	0.115	0.115	0.114	0.113	0.523	0.541	0.283	0.208	0.524	0.545	0.413	0.397	0.115	0.115	0.116	0.115	0.530	0.552	0.243	0.207	0.517	0.533	0.414	0.391	0.118	0.116	0.114	0.115	0.519	0.542	0.257	0.225	0.490	0.535	0.413	0.400	0.120	0.121	0.116	0.117	0.475	0.517	0.316	0.212	0.512	0.539	0.403	0.401	0.114	0.117	0.117	0.118	0.460	0.507	0.257	0.206	0.517	0.538	0.412	0.403	0.113	0.115	0.114	0.115	0.466	0.503	0.252	0.203	0.519	0.541	0.416	0.379	0.113	0.114	0.115	0.113	0.518	0.506	0.357	0.194
32:20:02	0.531	0.556	0.425	0.408	0.114	0.114	0.115	0.113	0.537	0.577	0.277	0.204	0.522	0.545	0.405	0.383	0.115	0.115	0.114	0.113	0.522	0.541	0.298	0.208	0.522	0.544	0.413	0.396	0.115	0.115	0.116	0.115	0.529	0.551	0.245	0.207	0.516	0.530	0.413	0.389	0.118	0.116	0.114	0.115	0.517	0.540	0.258	0.220	0.489	0.534	0.413	0.401	0.120	0.121	0.116	0.117	0.473	0.515	0.324	0.212	0.510	0.538	0.402	0.397	0.114	0.118	0.117	0.118	0.459	0.505	0.274	0.208	0.515	0.537	0.411	0.398	0.113	0.115	0.114	0.115	0.464	0.500	0.241	0.204	0.516	0.540	0.413	0.371	0.113	0.114	0.115	0.113	0.517	0.504	0.298	0.194
32:40:02	0.531	0.557	0.424	0.407	0.114	0.114	0.115	0.113	0.537	0.578	0.297	0.204	0.522	0.545	0.404	0.382	0.115	0.115	0.114	0.113	0.522	0.541	0.304	0.208	0.522	0.545	0.414	0.398	0.115	0.115	0.115	0.115	0.528	0.551	0.244	0.208	0.516	0.530	0.413	0.389	0.118	0.116	0.114	0.115	0.517	0.542	0.255	0.225	0.489	0.534	0.415	0.401	0.120	0.121	0.116	0.117	0.474	0.515	0.324	0.212	0.510	0.538	0.402	0.402	0.114	0.117	0.117	0.118	0.459	0.505	0.257	0.208	0.514	0.537	0.413	0.404	0.113	0.115	0.114	0.115	0.465	0.501	0.265	0.205	0.517	0.540	0.416	0.382	0.113	0.114	0.115	0.113	0.520	0.507	0.294	0.197
33:00:02	0.530	0.557	0.424	0.407	0.114	0.114	0.115	0.113	0.536	0.578	0.290	0.203	0.521	0.544	0.405	0.384	0.115	0.115	0.114	0.113	0.521	0.541	0.313	0.209	0.521	0.545	0.414	0.399	0.114	0.115	0.115	0.115	0.527	0.550	0.242	0.206	0.515	0.529	0.413	0.390	0.118	0.115	0.114	0.114	0.516	0.540	0.257	0.222	0.488	0.533	0.415	0.400	0.120	0.121	0.116	0.117	0.473	0.513	0.322	0.212	0.509	0.537	0.403	0.404	0.114	0.117	0.117	0.118	0.457	0.504	0.257	0.209	0.514	0.536	0.414	0.405	0.113	0.115	0.114	0.115	0.464	0.500	0.246	0.205	0.516	0.539	0.417	0.384	0.113	0.114	0.115	0.113	0.520	0.507	0.343	0.200
33:20:02	0.530	0.556	0.425	0.408	0.114	0.114	0.115	0.113	0.536	0.579	0.325	0.204	0.520	0.545	0.406	0.384	0.114	0.115	0.114	0.113	0.521	0.541	0.280	0.209	0.521	0.545	0.413	0.400	0.114	0.115	0.115	0.115	0.527	0.549	0.242	0.207	0.514	0.529	0.414	0.390	0.118	0.115	0.114	0.114	0.515	0.538	0.255	0.228	0.487	0.532	0.415	0.401	0.120	0.121	0.116	0.117	0.473	0.512	0.318	0.210	0.508	0.537	0.404	0.404	0.114	0.117	0.117	0.118	0.457	0.503	0.258	0.208	0.513	0.536	0.414	0.407	0.113	0.115	0.114	0.115	0.463	0.498	0.265	0.205	0.515	0.538	0.418	0.386	0.113	0.114	0.115	0.113	0.521	0.506	0.317	0.201
33:40:02	0.530	0.556	0.427	0.409	0.114	0.114	0.115	0.113	0.536	0.580	0.334	0.202	0.520	0.543	0.409	0.388	0.114	0.115	0.114	0.113	0.521	0.541	0.285	0.209	0.520	0.545	0.414	0.402	0.114	0.115	0.115	0.115	0.526	0.548	0.244	0.208	0.514	0.529	0.414	0.391	0.118	0.115	0.114	0.114	0.515	0.538	0.259	0.227	0.486	0.532	0.416	0.401	0.120	0.121	0.116	0.117	0.472	0.511	0.318	0.210	0.508	0.537	0.406	0.404	0.114	0.117	0.117	0.118	0.456	0.502	0.258	0.208	0.512	0.536	0.415	0.408	0.113	0.115	0.114	0.115	0.463	0.498	0.244	0.203	0.515	0.537	0.420	0.389	0.113	0.114	0.115	0.113	0.522	0.506	0.293	0.202
34:00:02	0.529	0.556	0.428	0.410	0.114	0.114	0.115	0.113	0.535	0.582	0.315	0.204	0.519	0.543	0.408	0.390	0.114	0.115	0.114	0.113	0.520	0.541	0.306	0.209	0.519	0.545	0.412	0.402	0.114	0.115	0.115	0.115	0.525	0.547	0.243	0.209	0.512	0.529	0.416	0.391	0.118	0.115	0.114	0.114	0.514	0.537	0.249	0.224	0.486	0.531	0.417	0.401	0.120	0.121	0.116	0.117	0.471	0.510	0.330	0.210	0.506	0.537	0.405	0.405	0.114	0.117	0.117	0.118	0.455	0.501	0.258	0.206	0.511	0.536	0.415	0.409	0.113	0.115	0.114	0.115	0.462	0.497	0.265	0.205	0.514	0.537	0.419	0.392	0.113	0.114	0.115	0.113	0.522	0.505	0.309	0.201
34:20:02	0.529	0.556	0.429	0.411	0.114	0.114	0.115	0.113	0.535	0.583	0.311	0.204	0.518	0.543	0.408	0.389	0.114	0.115	0.114	0.113	0.520	0.542	0.313	0.209	0.518	0.544	0.413	0.403	0.114	0.115	0.115	0.115	0.525	0.547	0.243	0.209	0.512	0.528	0.415	0.391	0.118	0.115	0.114	0.114	0.513	0.535	0.257	0.227	0.486	0.531	0.417	0.402	0.120	0.121	0.116	0.117	0.470	0.509	0.324	0.210	0.506	0.537	0.405	0.409	0.114	0.117	0.117	0.118	0.455	0.500	0.258	0.208	0.511	0.536	0.416	0.410	0.113	0.115	0.114	0.115	0.462	0.496	0.261	0.205	0.514	0.536	0.420	0.397	0.113	0.114	0.115	0.113	0.523	0.506	0.315	0.201
34:40:02	0.528	0.555	0.430	0.413	0.114	0.114	0.115	0.113	0.534	0.585	0.321	0.203	0.517	0.543	0.409	0.391	0.114	0.115	0.114	0.113	0.520	0.542	0.290	0.210	0.518	0.544	0.414	0.405	0.114	0.115	0.115	0.115	0.525	0.545	0.245	0.211	0.511	0.528	0.417	0.391	0.118	0.115	0.114	0.114	0.513	0.534	0.251	0.226	0.485	0.530	0.418	0.401	0.120	0.121	0.116	0.117	0.470	0.508	0.323	0.210	0.505	0.537	0.406	0.410	0.114	0.117	0.117	0.118	0.454	0.498	0.277	0.205	0.510	0.536	0.416	0.413	0.113	0.115	0.114	0.115	0.461	0.495	0.247	0.204	0.513	0.535	0.421	0.401	0.113	0.114	0.115	0.113	0.524	0.506	0.316	0.201
35:00:02	0.528	0.556	0.431	0.416	0.114	0.114	0.115	0.113	0.534	0.585	0.319	0.204	0.517	0.542	0.410	0.395	0.114	0.115	0.114	0.113	0.520	0.543	0.287	0.210	0.517	0.543	0.414	0.407	0.114	0.115	0.115	0.115	0.524	0.543	0.244	0.209	0.510	0.528	0.417	0.392	0.118	0.115	0.114	0.114	0.513	0.533	0.260	0.222	0.484	0.530	0.418	0.401	0.120	0.121	0.116	0.117	0.470	0.506	0.321	0.209	0.504	0.537	0.409	0.411	0.114	0.117	0.117	0.118	0.454	0.498	0.277	0.207	0.509	0.535	0.417	0.416	0.113	0.115	0.114	0.115	0.460	0.495	0.242	0.204	0.513	0.535	0.422	0.404	0.113	0.114	0.115	0.113	0.524	0.506	0.302	0.200
35:20:02	0.528	0.555	0.432	0.417	0.114	0.114	0.115	0.113	0.534	0.587	0.287	0.203	0.516	0.541	0.412	0.397	0.114	0.115	0.114	0.113	0.519	0.543	0.315	0.210	0.517	0.542	0.414	0.409	0.114	0.115	0.115	0.115	0.524	0.543	0.244	0.210	0.509	0.527	0.416	0.391	0.117	0.115	0.114	0.114	0.512	0.532	0.258	0.226	0.482	0.530	0.418	0.401	0.120	0.121	0.116	0.117	0.469	0.505	0.321	0.210	0.503	0.536	0.408	0.413	0.114	0.117	0.117	0.118	0.453	0.497	0.260	0.206	0.508	0.535	0.417	0.418	0.113	0.115	0.114	0.115	0.459	0.494	0.242	0.204	0.512	0.534	0.422	0.407	0.113	0.114	0.115	0.113	0.524	0.506	0.316	0.200
35:40:02	0.527	0.555	0.432	0.419	0.114	0.114	0.115	0.113	0.534	0.588	0.277	0.205	0.516	0.541	0.411	0.400	0.114	0.115	0.114	0.113	0.519	0.542	0.312	0.209	0.516	0.542	0.414	0.409	0.114	0.114	0.115	0.115	0.522	0.543	0.246	0.209	0.508	0.527	0.418	0.392	0.117	0.115	0.113	0.114	0.511	0.531	0.260	0.222	0.482	0.529	0.419	0.401	0.120	0.121	0.116	0.117	0.468	0.505	0.332	0.212	0.503	0.536	0.407	0.415	0.114	0.117	0.117	0.118	0.453	0.495	0.260	0.208	0.507	0.534	0.417	0.419	0.113	0.115	0.114	0.115	0.458	0.493	0.234	0.205	0.511	0.534	0.422	0.409	0.113	0.114	0.115	0.113	0.525	0.506	0.310	0.199
36:00:02	0.528	0.554	0.435	0.419	0.114	0.114	0.115	0.113	0.534	0.590	0.319	0.204	0.515	0.540	0.412	0.401	0.114	0.115	0.114	0.112	0.519	0.543	0.293	0.210	0.516	0.541	0.412	0.411	0.114	0.114	0.115	0.115	0.523	0.542	0.247	0.210	0.508	0.526	0.418	0.393	0.117	0.115	0.113	0.114	0.510	0.530	0.261	0.224	0.482	0.529	0.419	0.402	0.120	0.121	0.116	0.117	0.468	0.504	0.329	0.210	0.502	0.536	0.407	0.418	0.114	0.117	0.116	0.118	0.452	0.494	0.261	0.205	0.508	0.534	0.418	0.419	0.113	0.115	0.114	0.115	0.457	0.493	0.234	0.203	0.512	0.533	0.424	0.411	0.113	0.114	0.115	0.113	0.526	0.506	0.299	0.200
36:20:02	0.528	0.553	0.437	0.420	0.114	0.114	0.115	0.113	0.534	0.592	0.320	0.206	0.515	0.539	0.412	0.402	0.114	0.115	0.114	0.113	0.518	0.543	0.285	0.210	0.515	0.541	0.418	0.413	0.114	0.114	0.115	0.115	0.522	0.539	0.244	0.210	0.507	0.526	0.418	0.392	0.117	0.115	0.113	0.114	0.510	0.529	0.261	0.226	0.481	0.527	0.420	0.402	0.120	0.121	0.116	0.117	0.468	0.503	0.334	0.212	0.502	0.535	0.408	0.417	0.114	0.117	0.116	0.118	0.452	0.494	0.268	0.207	0.507	0.534	0.419	0.421	0.113	0.115	0.114	0.115	0.456	0.492	0.235	0.204	0.512	0.532	0.426	0.412	0.113	0.114	0.115	0.113	0.526	0.506	0.285	0.199
36:40:02	0.528	0.553	0.437	0.421	0.114	0.114	0.115	0.113	0.534	0.594	0.292	0.205	0.515	0.539	0.414	0.403	0.114	0.115	0.114	0.112	0.518	0.542	0.284	0.210	0.515	0.541	0.418	0.414	0.114	0.114	0.115	0.115	0.522	0.540	0.245	0.212	0.507	0.525	0.420	0.391	0.117	0.115	0.113	0.114	0.509	0.527	0.262	0.223	0.481	0.527	0.421	0.402	0.120	0.120	0.116	0.117	0.467	0.502	0.322	0.213	0.502	0.535	0.408	0.416	0.114	0.117	0.116	0.118	0.452	0.493	0.268	0.207	0.506	0.533	0.419	0.421	0.113	0.115	0.114	0.115	0.455	0.492	0.236	0.205	0.513	0.531	0.427	0.414	0.113	0.114	0.115	0.113	0.527	0.506	0.318	0.199
37:00:02	0.528	0.552	0.437	0.421	0.114	0.114	0.115	0.113	0.534	0.596	0.307	0.204	0.514	0.538	0.415	0.405	0.113	0.115	0.114	0.112	0.519	0.542	0.298	0.210	0.514	0.540	0.418	0.414	0.114	0.114	0.115	0.115	0.521	0.540	0.247	0.212	0.506	0.525	0.420	0.392	0.117	0.115	0.113	0.114	0.509	0.526	0.260	0.224	0.482	0.526	0.421	0.402	0.120	0.120	0.116	0.117	0.467	0.501	0.324	0.212	0.501	0.535	0.411	0.415	0.113	0.117	0.116	0.118	0.451	0.492	0.264	0.209	0.506	0.533	0.420	0.421	0.113	0.115	0.114	0.115	0.455	0.492	0.236	0.204	0.513	0.531	0.426	0.416	0.112	0.113	0.115	0.113	0.528	0.506	0.314	0.199
37:20:02	0.528	0.553	0.438	0.421	0.114	0.114	0.115	0.113	0.534	0.599	0.291	0.206	0.514	0.536	0.417	0.405	0.114	0.115	0.114	0.112	0.519	0.542	0.316	0.210	0.514	0.539	0.422	0.415	0.114	0.114	0.115	0.115	0.521	0.537	0.247	0.209	0.505	0.525	0.419	0.392	0.117	0.115	0.113	0.114	0.508	0.525	0.259	0.224	0.482	0.526	0.422	0.402	0.120	0.120	0.116	0.117	0.467	0.501	0.325	0.213	0.500	0.534	0.411	0.415	0.113	0.117	0.116	0.118	0.450	0.491	0.270	0.208	0.506	0.532	0.422	0.421	0.113	0.115	0.114	0.115	0.453	0.491	0.235	0.204	0.514	0.530	0.426	0.417	0.112	0.113	0.115	0.113	0.529	0.507	0.288	0.199
37:40:02	0.528	0.552	0.438	0.421	0.114	0.114	0.115	0.113	0.534	0.602	0.265	0.204	0.513	0.537	0.420	0.407	0.114	0.115	0.114	0.112	0.519	0.541	0.313	0.210	0.513	0.539	0.424	0.415	0.114	0.114	0.115	0.115	0.520	0.536	0.247	0.209	0.505	0.524	0.420	0.392	0.117	0.115	0.113	0.114	0.508	0.524	0.260	0.226	0.482	0.525	0.422	0.402	0.120	0.120	0.116	0.116	0.466	0.499	0.327	0.213	0.500	0.533	0.412	0.416	0.114	0.117	0.116	0.118	0.450	0.490	0.277	0.207	0.505	0.532	0.423	0.421	0.113	0.115	0.114	0.115	0.453	0.491	0.236	0.205	0.514	0.530	0.425	0.418	0.112	0.114	0.115	0.113	0.530	0.507	0.315	0.200
38:00:02	0.528	0.551	0.438	0.422	0.114	0.114	0.115	0.113	0.535	0.602	0.264	0.206	0.513	0.536	0.421	0.406	0.114	0.114	0.114	0.112	0.519	0.540	0.298	0.210	0.513	0.537	0.425	0.416	0.114	0.114	0.115	0.115	0.520	0.536	0.246	0.209	0.504	0.523	0.420	0.392	0.117	0.115	0.113	0.114	0.508	0.523	0.260	0.222	0.483	0.524	0.422	0.403	0.120	0.120	0.116	0.117	0.465	0.498	0.336	0.212	0.500	0.532	0.411	0.417	0.114	0.117	0.116	0.118	0.449	0.489	0.262	0.205	0.505	0.531	0.423	0.421	0.113	0.115	0.114	0.115	0.452	0.491	0.235	0.204	0.515	0.529	0.424	0.419	0.112	0.114	0.115	0.113	0.531	0.508	0.347	0.200
38:20:02	0.530	0.552	0.441	0.426	0.114	0.114	0.115	0.113	0.535	0.604	0.309	0.206	0.516	0.537	0.424	0.411	0.113	0.115	0.114	0.112	0.520	0.540	0.306	0.209	0.515	0.539	0.427	0.421	0.114	0.114	0.115	0.115	0.520	0.534	0.247	0.211	0.506	0.525	0.423	0.397	0.117	0.115	0.113	0.114	0.508	0.523	0.260	0.229	0.485	0.525	0.427	0.406	0.120	0.120	0.116	0.116	0.467	0.499	0.331	0.212	0.501	0.533	0.414	0.421	0.114	0.117	0.117	0.118	0.449	0.489	0.265	0.208	0.507	0.532	0.425	0.424	0.113	0.115	0.114	0.115	0.453	0.492	0.236	0.205	0.517	0.531	0.425	0.422	0.113	0.114	0.115	0.113	0.532	0.509	0.318	0.200
38:40:02	0.528	0.551	0.438	0.422	0.114	0.114	0.115	0.113	0.535	0.604	0.281	0.205	0.513	0.535	0.421	0.408	0.114	0.115	0.114	0.112	0.518	0.539	0.287	0.209	0.512	0.537	0.425	0.417	0.114	0.114	0.115	0.115	0.519	0.534	0.248	0.210	0.503	0.525	0.423	0.395	0.117	0.115	0.113	0.114	0.506	0.522	0.263	0.225	0.483	0.522	0.424	0.404	0.120	0.120	0.116	0.116	0.465	0.497	0.328	0.212	0.499	0.531	0.413	0.418	0.114	0.117	0.116	0.118	0.448	0.486	0.263	0.205	0.504	0.529	0.422	0.422	0.113	0.115	0.114	0.115	0.450	0.490	0.235	0.206	0.516	0.528	0.424	0.421	0.113	0.114	0.115	0.113	0.532	0.509	0.279	0.200
39:00:02	0.529	0.551	0.438	0.422	0.114	0.114	0.115	0.113	0.535	0.604	0.298	0.204	0.513	0.535	0.420	0.408	0.114	0.115	0.114	0.113	0.519	0.538	0.309	0.209	0.512	0.537	0.425	0.417	0.114	0.114	0.115	0.115	0.518	0.533	0.246	0.211	0.503	0.524	0.421	0.395	0.117	0.115	0.113	0.114	0.506	0.521	0.262	0.223	0.483	0.522	0.424	0.405	0.120	0.121	0.116	0.117	0.465	0.497	0.328	0.213	0.499	0.531	0.415	0.417	0.113	0.117	0.117	0.118	0.448	0.486	0.270	0.206	0.505	0.529	0.421	0.422	0.113	0.115	0.114	0.115	0.450	0.489	0.237	0.207	0.518	0.528	0.424	0.423	0.113	0.114	0.115	0.113	0.533	0.510	0.297	0.199
39:20:02	0.529	0.551	0.438	0.423	0.114	0.114	0.115	0.113	0.536	0.605	0.293	0.204	0.513	0.535	0.419	0.409	0.114	0.115	0.114	0.112	0.519	0.538	0.313	0.209	0.512	0.536	0.425	0.417	0.114	0.114	0.115	0.115	0.518	0.532	0.248	0.210	0.503	0.522	0.421	0.396	0.117	0.115	0.113	0.114	0.506	0.519	0.262	0.227	0.484	0.521	0.424	0.405	0.120	0.120	0.116	0.117	0.464	0.496	0.332	0.211	0.499	0.530	0.416	0.416	0.114	0.117	0.116	0.118	0.447	0.485	0.265	0.206	0.505	0.528	0.421	0.421	0.113	0.115	0.114	0.115	0.449	0.489	0.236	0.205	0.519	0.527	0.423	0.424	0.113	0.114	0.115	0.113	0.534	0.511	0.284	0.201
39:40:02	0.529	0.551	0.438	0.423	0.114	0.114	0.115	0.113	0.536	0.607	0.281	0.204	0.513	0.534	0.420	0.409	0.114	0.115	0.114	0.112	0.517	0.536	0.308	0.209	0.512	0.535	0.425	0.417	0.114	0.114	0.115	0.115	0.517	0.531	0.249	0.210	0.503	0.522	0.420	0.396	0.117	0.115	0.113	0.114	0.505	0.519	0.263	0.226	0.483	0.520	0.424	0.405	0.120	0.120	0.116	0.117	0.464	0.494	0.326	0.212	0.499	0.530	0.415	0.416	0.114	0.117	0.116	0.118	0.448	0.484	0.262	0.207	0.505	0.528	0.420	0.422	0.113	0.115	0.114	0.115	0.448	0.489	0.237	0.206	0.520	0.527	0.422	0.425	0.112	0.113	0.115	0.113	0.536	0.512	0.311	0.201
40:00:02	0.529	0.551	0.437	0.422	0.114	0.114	0.115	0.113	0.535	0.607	0.295	0.204	0.513	0.533	0.419	0.409	0.114	0.115	0.114	0.112	0.517	0.535	0.316	0.209	0.512	0.535	0.425	0.417	0.114	0.114	0.115	0.115	0.516	0.531	0.246	0.209	0.502	0.522	0.420	0.395	0.117	0.115	0.113	0.114	0.505	0.518	0.262	0.225	0.483	0.519	0.423	0.404	0.120	0.120	0.116	0.117	0.464	0.495	0.325	0.212	0.499	0.529	0.413	0.415	0.114	0.117	0.116	0.118	0.447	0.483	0.262	0.206	0.505	0.528	0.419	0.421	0.113	0.115	0.114	0.115	0.448	0.488	0.238	0.207	0.521	0.526	0.420	0.425	0.112	0.113	0.115	0.113	0.537	0.513	0.314	0.201
40:20:02	0.532	0.551	0.439	0.426	0.114	0.114	0.115	0.113	0.537	0.609	0.240	0.205	0.516	0.535	0.421	0.412	0.113	0.115	0.114	0.112	0.517	0.535	0.308	0.210	0.515	0.536	0.425	0.422	0.114	0.114	0.115	0.115	0.516	0.530	0.248	0.211	0.504	0.523	0.422	0.398	0.117	0.115	0.113	0.114	0.505	0.518	0.265	0.223	0.486	0.521	0.426	0.406	0.120	0.120	0.116	0.116	0.465	0.495	0.329	0.212	0.500	0.530	0.417	0.419	0.114	0.117	0.117	0.118	0.448	0.483	0.262	0.205	0.507	0.529	0.422	0.424	0.113	0.115	0.114	0.115	0.449	0.489	0.237	0.204	0.523	0.528	0.423	0.427	0.112	0.114	0.115	0.113	0.538	0.514	0.280	0.201
40:40:02	0.530	0.550	0.437	0.423	0.114	0.114	0.115	0.113	0.537	0.609	0.265	0.204	0.513	0.531	0.419	0.409	0.114	0.115	0.114	0.112	0.515	0.533	0.306	0.210	0.512	0.533	0.424	0.419	0.114	0.114	0.115	0.115	0.514	0.529	0.246	0.211	0.502	0.521	0.419	0.394	0.117	0.115	0.113	0.114	0.504	0.517	0.263	0.224	0.484	0.518	0.423	0.404	0.120	0.120	0.116	0.116	0.462	0.493	0.326	0.212	0.498	0.528	0.413	0.415	0.114	0.117	0.116	0.118	0.446	0.480	0.263	0.207	0.506	0.527	0.419	0.421	0.113	0.115	0.114	0.115	0.447	0.487	0.238	0.204	0.523	0.525	0.420	0.425	0.112	0.114	0.115	0.113	0.538	0.515	0.320	0.199
41:00:02	0.530	0.550	0.436	0.422	0.114	0.114	0.115	0.113	0.536	0.609	0.245	0.203	0.513	0.531	0.418	0.410	0.114	0.115	0.114	0.112	0.514	0.532	0.303	0.210	0.511	0.533	0.423	0.419	0.114	0.114	0.115	0.115	0.513	0.528	0.249	0.211	0.501	0.519	0.419	0.394	0.117	0.115	0.113	0.114	0.502	0.515	0.266	0.225	0.484	0.517	0.423	0.403	0.120	0.120	0.116	0.116	0.462	0.492	0.331	0.212	0.498	0.527	0.413	0.415	0.114	0.117	0.116	0.118	0.445	0.479	0.264	0.208	0.506	0.526	0.418	0.420	0.113	0.115	0.114	0.115	0.447	0.487	0.239	0.204	0.523	0.524	0.419	0.427	0.112	0.113	0.115	0.113	0.539	0.517	0.315	0.200
41:20:02	0.531	0.550	0.436	0.422	0.114	0.114	0.115	0.113	0.536	0.611	0.273	0.204	0.514	0.532	0.418	0.411	0.114	0.115	0.114	0.113	0.514	0.532	0.312	0.210	0.512	0.533	0.422	0.419	0.114	0.115	0.115	0.115	0.513	0.528	0.247	0.211	0.501	0.519	0.419	0.395	0.117	0.115	0.114	0.114	0.501	0.514	0.266	0.224	0.483	0.516	0.422	0.403	0.120	0.121	0.116	0.117	0.462	0.492	0.326	0.211	0.498	0.526	0.414	0.415	0.114	0.117	0.117	0.118	0.445	0.478	0.264	0.207	0.506	0.526	0.418	0.421	0.113	0.115	0.114	0.115	0.446	0.487	0.238	0.204	0.524	0.524	0.419	0.427	0.113	0.114	0.115	0.113	0.540	0.519	0.280	0.202
41:40:02	0.531	0.550	0.436	0.422	0.114	0.114	0.115	0.113	0.536	0.611	0.294	0.203	0.514	0.532	0.417	0.411	0.114	0.115	0.114	0.113	0.513	0.531	0.300	0.210	0.511	0.532	0.422	0.419	0.114	0.114	0.115	0.115	0.511	0.527	0.249	0.211	0.501	0.519	0.420	0.395	0.117	0.115	0.113	0.114	0.500	0.513	0.266	0.228	0.483	0.515	0.422	0.403	0.120	0.120	0.116	0.117	0.461	0.491	0.331	0.210	0.498	0.526	0.412	0.415	0.114	0.117	0.117	0.118	0.445	0.477	0.265	0.205	0.506	0.525	0.417	0.421	0.113	0.115	0.114	0.115	0.446	0.487	0.238	0.206	0.525	0.523	0.418	0.428	0.113	0.114	0.115	0.113	0.542	0.521	0.330	0.199
42:00:02	0.531	0.550	0.436	0.422	0.114	0.114	0.115	0.113	0.536	0.614	0.288	0.204	0.514	0.530	0.419	0.411	0.114	0.115	0.114	0.113	0.512	0.530	0.302	0.210	0.512	0.532	0.421	0.419	0.114	0.114	0.115	0.115	0.509	0.527	0.248	0.210	0.501	0.517	0.418	0.394	0.117	0.115	0.113	0.114	0.499	0.512	0.266	0.228	0.484	0.513	0.421	0.403	0.120	0.120	0.116	0.116	0.461	0.491	0.337	0.211	0.499	0.527	0.412	0.415	0.114	0.117	0.116	0.118	0.445	0.478	0.264	0.206	0.507	0.525	0.417	0.421	0.113	0.115	0.114	0.115	0.445	0.487	0.238	0.205	0.527	0.525	0.417	0.429	0.112	0.113	0.115	0.113	0.543	0.522	0.349	0.200
42:20:02	0.532	0.550	0.435	0.422	0.114	0.114	0.115	0.113	0.535	0.614	0.256	0.204	0.514	0.530	0.417	0.411	0.114	0.115	0.114	0.112	0.511	0.529	0.311	0.210	0.511	0.532	0.420	0.420	0.114	0.114	0.115	0.115	0.508	0.527	0.250	0.209	0.501	0.517	0.418	0.394	0.117	0.115	0.113	0.114	0.497	0.511	0.266	0.224	0.484	0.512	0.421	0.403	0.120	0.120	0.116	0.116	0.461	0.490	0.330	0.210	0.499	0.526	0.412	0.414	0.114	0.117	0.116	0.118	0.445	0.477	0.265	0.208	0.507	0.525	0.416	0.421	0.113	0.115	0.114	0.115	0.444	0.487	0.237	0.204	0.528	0.525	0.417	0.429	0.112	0.113	0.115	0.113	0.544	0.524	0.312	0.199
42:40:02	0.532	0.550	0.435	0.422	0.114	0.114	0.115	0.113	0.535	0.615	0.263	0.204	0.514	0.531	0.416	0.411	0.114	0.115	0.114	0.112	0.510	0.528	0.299	0.210	0.511	0.531	0.421	0.420	0.114	0.114	0.115	0.115	0.506	0.525	0.250	0.210	0.501	0.517	0.418	0.395	0.117	0.115	0.113	0.114	0.496	0.510	0.266	0.228	0.483	0.511	0.421	0.403	0.120	0.120	0.116	0.116	0.460	0.490	0.332	0.210	0.499	0.525	0.413	0.414	0.114	0.117	0.116	0.118	0.444	0.477	0.265	0.206	0.507	0.524	0.415	0.420	0.113	0.115	0.114	0.115	0.444	0.487	0.238	0.203	0.530	0.524	0.417	0.429	0.112	0.113	0.115	0.113	0.546	0.526	0.285	0.200
43:00:02	0.533	0.550	0.434	0.422	0.114	0.114	0.115	0.113	0.533	0.616	0.235	0.204	0.515	0.530	0.417	0.412	0.114	0.115	0.114	0.112	0.508	0.528	0.300	0.209	0.512	0.531	0.420	0.420	0.114	0.114	0.115	0.115	0.505	0.524	0.251	0.208	0.500	0.515	0.417	0.394	0.117	0.115	0.113	0.114	0.494	0.510	0.267	0.226	0.484	0.511	0.420	0.403	0.120	0.120	0.116	0.116	0.460	0.489	0.333	0.210	0.500	0.525	0.412	0.415	0.114	0.117	0.116	0.118	0.443	0.476	0.265	0.208	0.508	0.524	0.415	0.420	0.113	0.115	0.114	0.115	0.443	0.487	0.238	0.205	0.531	0.523	0.416	0.429	0.112	0.113	0.115	0.113	0.547	0.527	0.281	0.198
43:20:02	0.534	0.551	0.434	0.422	0.114	0.114	0.115	0.113	0.532	0.617	0.285	0.203	0.515	0.530	0.416	0.412	0.114	0.115	0.114	0.112	0.507	0.528	0.315	0.209	0.512	0.531	0.419	0.421	0.114	0.114	0.115	0.115	0.504	0.524	0.251	0.210	0.501	0.517	0.417	0.394	0.117	0.115	0.113	0.114	0.492	0.509	0.266	0.228	0.484	0.509	0.420	0.403	0.120	0.120	0.116	0.116	0.460	0.488	0.330	0.209	0.500	0.524	0.411	0.414	0.113	0.117	0.116	0.118	0.444	0.475	0.266	0.206	0.508	0.524	0.414	0.420	0.113	0.115	0.114	0.115	0.441	0.487	0.237	0.204	0.532	0.522	0.415	0.430	0.112	0.113	0.115	0.113	0.548	0.528	0.348	0.200
43:40:02	0.535	0.551	0.434	0.421	0.114	0.114	0.115	0.113	0.530	0.619	0.269	0.203	0.515	0.529	0.416	0.412	0.114	0.115	0.114	0.112	0.506	0.526	0.318	0.209	0.511	0.531	0.419	0.421	0.114	0.114	0.115	0.115	0.502	0.523	0.251	0.210	0.500	0.515	0.416	0.394	0.117	0.115	0.113	0.114	0.490	0.508	0.266	0.223	0.484	0.509	0.420	0.403	0.120	0.120	0.116	0.116	0.459	0.487	0.336	0.210	0.500	0.524	0.410	0.413	0.114	0.117	0.116	0.118	0.443	0.474	0.266	0.207	0.508	0.524	0.414	0.419	0.113	0.115	0.114	0.115	0.441	0.486	0.239	0.204	0.534	0.523	0.415	0.430	0.112	0.113	0.115	0.113	0.549	0.529	0.287	0.198
44:00:02	0.535	0.551	0.433	0.421	0.114	0.114	0.115	0.113	0.529	0.622	0.241	0.204	0.516	0.530	0.416	0.411	0.114	0.115	0.114	0.112	0.504	0.525	0.285	0.209	0.512	0.530	0.419	0.421	0.114	0.114	0.115	0.115	0.501	0.522	0.251	0.209	0.501	0.516	0.416	0.394	0.117	0.115	0.113	0.114	0.489	0.508	0.265	0.223	0.484	0.509	0.420	0.403	0.120	0.120	0.116	0.116	0.459	0.486	0.327	0.210	0.501	0.523	0.411	0.414	0.114	0.117	0.116	0.118	0.442	0.474	0.266	0.205	0.509	0.524	0.414	0.419	0.113	0.115	0.114	0.115	0.440	0.486	0.238	0.203	0.535	0.522	0.415	0.430	0.113	0.114	0.115	0.113	0.551	0.530	0.293	0.199
44:20:02	0.536	0.550	0.433	0.420	0.114	0.114	0.115	0.113	0.528	0.625	0.288	0.204	0.516	0.529	0.416	0.412	0.114	0.115	0.114	0.112	0.503	0.524	0.317	0.209	0.512	0.529	0.418	0.421	0.114	0.114	0.115	0.115	0.499	0.520	0.251	0.208	0.501	0.514	0.416	0.394	0.117	0.114	0.113	0.114	0.487	0.507	0.265	0.227	0.484	0.508	0.419	0.403	0.120	0.120	0.116	0.116	0.459	0.487	0.336	0.210	0.501	0.524	0.411	0.414	0.113	0.117	0.116	0.118	0.443	0.473	0.266	0.207	0.509	0.523	0.414	0.419	0.113	0.115	0.114	0.115	0.440	0.487	0.239	0.203	0.537	0.523	0.415	0.430	0.112	0.113	0.115	0.113	0.552	0.531	0.311	0.199
44:40:02	0.537	0.550	0.433	0.420	0.114	0.114	0.115	0.113	0.527	0.628	0.239	0.204	0.517	0.529	0.416	0.413	0.114	0.114	0.114	0.112	0.502	0.523	0.301	0.209	0.512	0.529	0.418	0.422	0.114	0.114	0.115	0.115	0.497	0.519	0.249	0.210	0.501	0.513	0.415	0.394	0.117	0.114	0.113	0.114	0.486	0.506	0.268	0.226	0.484	0.507	0.419	0.403	0.120	0.120	0.116	0.116	0.458	0.486	0.328	0.209	0.501	0.524	0.410	0.414	0.114	0.117	0.116	0.118	0.442	0.473	0.267	0.205	0.510	0.523	0.413	0.419	0.113	0.115	0.114	0.115	0.440	0.486	0.238	0.204	0.538	0.522	0.414	0.430	0.112	0.113	0.115	0.113	0.554	0.531	0.305	0.199
45:00:02	0.538	0.550	0.433	0.420	0.114	0.114	0.115	0.113	0.526	0.629	0.252	0.203	0.517	0.529	0.415	0.412	0.114	0.115	0.114	0.112	0.501	0.522	0.307	0.209	0.513	0.529	0.417	0.421	0.114	0.114	0.115	0.115	0.496	0.519	0.251	0.209	0.501	0.513	0.415	0.393	0.117	0.115	0.113	0.114	0.484	0.505	0.268	0.225	0.484	0.506	0.419	0.402	0.120	0.120	0.116	0.116	0.458	0.484	0.327	0.209	0.502	0.523	0.411	0.413	0.113	0.117	0.116	0.118	0.442	0.472	0.267	0.204	0.510	0.523	0.413	0.418	0.113	0.115	0.114	0.115	0.439	0.487	0.239	0.203	0.539	0.523	0.414	0.431	0.112	0.113	0.115	0.113	0.556	0.532	0.306	0.199
45:20:02	0.539	0.549	0.432	0.420	0.114	0.114	0.115	0.113	0.524	0.632	0.272	0.203	0.518	0.528	0.416	0.412	0.114	0.115	0.114	0.112	0.499	0.521	0.300	0.209	0.513	0.528	0.417	0.421	0.114	0.114	0.115	0.115	0.495	0.519	0.252	0.209	0.502	0.512	0.414	0.393	0.117	0.115	0.113	0.114	0.482	0.504	0.265	0.222	0.484	0.506	0.419	0.402	0.120	0.120	0.116	0.116	0.458	0.485	0.327	0.209	0.502	0.523	0.410	0.413	0.113	0.117	0.116	0.118	0.441	0.472	0.267	0.205	0.511	0.523	0.412	0.418	0.113	0.115	0.114	0.115	0.439	0.487	0.239	0.204	0.541	0.523	0.414	0.430	0.112	0.113	0.115	0.113	0.557	0.533	0.279	0.199
45:40:02	0.540	0.550	0.432	0.420	0.114	0.114	0.114	0.113	0.524	0.634	0.243	0.202	0.518	0.528	0.415	0.412	0.114	0.115	0.114	0.112	0.499	0.520	0.291	0.209	0.513	0.528	0.416	0.421	0.114	0.114	0.115	0.114	0.494	0.518	0.252	0.208	0.502	0.510	0.415	0.393	0.117	0.115	0.113	0.114	0.481	0.504	0.267	0.223	0.484	0.506	0.419	0.402	0.120	0.120	0.116	0.116	0.458	0.485	0.328	0.208	0.503	0.521	0.410	0.413	0.114	0.117	0.116	0.118	0.440	0.471	0.267	0.206	0.512	0.523	0.412	0.417	0.113	0.115	0.114	0.115	0.439	0.488	0.239	0.203	0.543	0.522	0.414	0.430	0.112	0.113	0.115	0.113	0.559	0.535	0.299	0.199
46:00:02	0.540	0.550	0.432	0.419	0.114	0.114	0.114	0.113	0.522	0.637	0.260	0.203	0.519	0.528	0.415	0.412	0.114	0.115	0.114	0.112	0.497	0.519	0.298	0.209	0.513	0.527	0.416	0.421	0.114	0.114	0.115	0.114	0.493	0.518	0.252	0.208	0.502	0.510	0.413	0.393	0.117	0.114	0.113	0.113	0.479	0.502	0.269	0.227	0.484	0.506	0.418	0.402	0.120	0.120	0.116	0.116	0.457	0.484	0.335	0.207	0.503	0.520	0.410	0.412	0.114	0.117	0.116	0.118	0.441	0.471	0.267	0.205	0.513	0.522	0.411	0.417	0.113	0.115	0.114	0.115	0.439	0.490	0.239	0.202	0.544	0.522	0.413	0.430	0.112	0.113	0.115	0.113	0.561	0.535	0.306	0.200
46:20:02	0.541	0.549	0.431	0.419	0.114	0.113	0.114	0.113	0.521	0.639	0.296	0.203	0.519	0.529	0.414	0.412	0.114	0.114	0.114	0.112	0.497	0.518	0.306	0.209	0.513	0.526	0.415	0.421	0.114	0.114	0.114	0.115	0.491	0.517	0.253	0.208	0.502	0.508	0.413	0.392	0.117	0.115	0.113	0.114	0.478	0.502	0.268	0.226	0.484	0.505	0.418	0.402	0.120	0.120	0.116	0.116	0.457	0.484	0.331	0.208	0.503	0.521	0.410	0.412	0.114	0.117	0.116	0.118	0.440	0.471	0.269	0.205	0.513	0.522	0.411	0.416	0.113	0.115	0.114	0.115	0.438	0.490	0.239	0.202	0.546	0.523	0.413	0.430	0.112	0.113	0.115	0.113	0.563	0.535	0.287	0.199
46:40:02	0.542	0.548	0.431	0.418	0.114	0.114	0.114	0.113	0.520	0.641	0.259	0.203	0.520	0.527	0.415	0.412	0.114	0.115	0.114	0.112	0.495	0.518	0.308	0.209	0.514	0.526	0.415	0.421	0.114	0.114	0.115	0.114	0.491	0.517	0.250	0.208	0.503	0.507	0.415	0.393	0.117	0.115	0.113	0.114	0.478	0.502	0.267	0.224	0.484	0.504	0.418	0.402	0.120	0.120	0.116	0.116	0.457	0.484	0.329	0.208	0.504	0.520	0.411	0.412	0.114	0.117	0.116	0.118	0.440	0.471	0.269	0.205	0.514	0.521	0.411	0.416	0.113	0.115	0.114	0.115	0.438	0.490	0.239	0.203	0.547	0.522	0.413	0.430	0.112	0.113	0.114	0.113	0.565	0.536	0.303	0.200
47:00:02	0.543	0.548	0.430	0.418	0.114	0.113	0.114	0.113	0.518	0.645	0.261	0.203	0.520	0.525	0.415	0.413	0.114	0.114	0.114	0.112	0.494	0.516	0.285	0.208	0.514	0.525	0.415	0.421	0.114	0.114	0.115	0.114	0.490	0.517	0.253	0.208	0.503	0.505	0.414	0.393	0.117	0.115	0.113	0.114	0.476	0.500	0.266	0.221	0.484	0.504	0.418	0.402	0.120	0.120	0.116	0.116	0.457	0.484	0.328	0.208	0.505	0.519	0.409	0.412	0.113	0.117	0.116	0.118	0.439	0.470	0.269	0.205	0.514	0.520	0.410	0.416	0.113	0.115	0.114	0.115	0.437	0.490	0.239	0.202	0.549	0.521	0.411	0.429	0.112	0.113	0.114	0.113	0.567	0.536	0.308	0.200
47:20:02	0.543	0.547	0.430	0.417	0.114	0.113	0.114	0.113	0.517	0.646	0.267	0.201	0.521	0.524	0.412	0.412	0.114	0.114	0.114	0.112	0.492	0.515	0.285	0.208	0.515	0.523	0.415	0.421	0.114	0.114	0.115	0.114	0.488	0.516	0.251	0.210	0.503	0.504	0.414	0.392	0.117	0.115	0.113	0.114	0.474	0.499	0.270	0.221	0.483	0.503	0.418	0.402	0.120	0.120	0.116	0.116	0.456	0.483	0.334	0.208	0.505	0.518	0.409	0.411	0.114	0.117	0.116	0.118	0.439	0.470	0.269	0.205	0.515	0.519	0.410	0.415	0.113	0.115	0.114	0.115	0.437	0.490	0.239	0.202	0.551	0.519	0.411	0.429	0.112	0.113	0.115	0.113	0.569	0.536	0.309	0.201
47:40:02	0.544	0.546	0.430	0.417	0.115	0.113	0.114	0.113	0.516	0.648	0.273	0.202	0.521	0.525	0.413	0.411	0.114	0.115	0.114	0.112	0.490	0.514	0.301	0.208	0.515	0.522	0.414	0.420	0.114	0.114	0.115	0.115	0.487	0.515	0.252	0.210	0.503	0.502	0.413	0.392	0.117	0.115	0.113	0.114	0.472	0.498	0.268	0.222	0.483	0.504	0.418	0.402	0.120	0.120	0.116	0.116	0.456	0.482	0.328	0.208	0.505	0.516	0.408	0.411	0.114	0.117	0.117	0.118	0.439	0.470	0.270	0.205	0.515	0.518	0.410	0.415	0.113	0.115	0.114	0.115	0.436	0.490	0.239	0.204	0.552	0.519	0.410	0.428	0.113	0.113	0.115	0.113	0.571	0.537	0.342	0.197
48:00:02	0.544	0.545	0.429	0.417	0.115	0.113	0.114	0.113	0.515	0.650	0.210	0.201	0.521	0.524	0.412	0.412	0.114	0.115	0.114	0.112	0.490	0.514	0.304	0.208	0.515	0.521	0.414	0.420	0.114	0.114	0.115	0.115	0.486	0.513	0.254	0.209	0.503	0.504	0.412	0.393	0.117	0.115	0.113	0.114	0.471	0.497	0.270	0.221	0.483	0.504	0.418	0.402	0.120	0.120	0.116	0.117	0.456	0.482	0.338	0.207	0.506	0.517	0.408	0.411	0.114	0.117	0.116	0.118	0.439	0.470	0.269	0.206	0.516	0.517	0.410	0.415	0.113	0.115	0.114	0.115	0.436	0.491	0.240	0.204	0.553	0.518	0.410	0.428	0.113	0.114	0.115	0.113	0.574	0.538	0.312	0.198

