Field Group

Plate Comment:	
Procedure Summary
  Plate Type:              Corning 96 well for LogPhase600
  Plate Number:            2
  Discontinuous Kinetics:  Runtime 02:00:00 (D:HH:MM), Interval 00:20:00 (HH:MM:SS), 145 Reads (max)
  Read:                    600 nm
  Incubator:               On
    Temperature setpoint:  30 °C
    Temperature gradient:  Off
  Shaking:                 On
     Shaking frequency:    600 RPMs		
			
			

600

Time	A1	A2	A3	A4	A5	A6	A7	A8	A9	A10	A11	A12	B1	B2	B3	B4	B5	B6	B7	B8	B9	B10	B11	B12	C1	C2	C3	C4	C5	C6	C7	C8	C9	C10	C11	C12	D1	D2	D3	D4	D5	D6	D7	D8	D9	D10	D11	D12	E1	E2	E3	E4	E5	E6	E7	E8	E9	E10	E11	E12	F1	F2	F3	F4	F5	F6	F7	F8	F9	F10	F11	F12	G1	G2	G3	G4	G5	G6	G7	G8	G9	G10	G11	G12	H1	H2	H3	H4	H5	H6	H7	H8	H9	H10	H11	H12
0:00:00	0.118	0.117	0.118	0.116	0.116	0.116	0.118	0.117	0.116	0.116	0.116	0.116	0.119	0.117	0.116	0.116	0.116	0.116	0.116	0.118	0.117	0.117	0.116	0.116	0.118	0.120	0.117	0.117	0.119	0.117	0.120	0.119	0.115	0.116	0.119	0.117	0.116	0.117	0.117	0.116	0.116	0.118	0.120	0.116	0.115	0.119	0.117	0.118	0.117	0.116	0.118	0.118	0.118	0.123	0.119	0.119	0.120	0.120	0.121	0.118	0.118	0.118	0.116	0.119	0.117	0.117	0.116	0.116	0.117	0.115	0.119	0.118	0.119	0.117	0.118	0.117	0.118	0.117	0.118	0.118	0.118	0.116	0.117	0.118	0.120	0.115	0.125	0.120	0.117	0.119	0.121	0.123	0.120	0.122	0.089	0.116
0:20:00	0.118	0.117	0.117	0.116	0.115	0.116	0.118	0.117	0.116	0.116	0.117	0.116	0.121	0.117	0.116	0.116	0.116	0.117	0.116	0.117	0.117	0.117	0.117	0.116	0.119	0.120	0.117	0.117	0.120	0.117	0.120	0.119	0.115	0.116	0.119	0.117	0.117	0.117	0.117	0.116	0.116	0.119	0.117	0.116	0.116	0.120	0.118	0.118	0.117	0.116	0.118	0.119	0.118	0.122	0.119	0.119	0.121	0.120	0.121	0.118	0.118	0.117	0.116	0.120	0.117	0.117	0.116	0.116	0.118	0.116	0.119	0.119	0.119	0.116	0.117	0.117	0.119	0.117	0.118	0.118	0.119	0.117	0.118	0.118	0.119	0.115	0.124	0.120	0.117	0.118	0.122	0.123	0.120	0.122	0.089	0.117
0:40:00	0.118	0.117	0.117	0.116	0.116	0.116	0.118	0.117	0.116	0.117	0.117	0.117	0.121	0.117	0.116	0.116	0.117	0.117	0.116	0.116	0.117	0.118	0.117	0.117	0.119	0.121	0.117	0.117	0.121	0.118	0.120	0.119	0.116	0.117	0.119	0.117	0.118	0.118	0.117	0.116	0.117	0.119	0.117	0.116	0.116	0.120	0.118	0.118	0.118	0.117	0.118	0.119	0.119	0.123	0.119	0.119	0.121	0.121	0.121	0.118	0.118	0.117	0.116	0.119	0.117	0.117	0.116	0.116	0.119	0.116	0.119	0.119	0.120	0.117	0.117	0.117	0.119	0.117	0.118	0.118	0.119	0.118	0.118	0.118	0.120	0.116	0.124	0.119	0.118	0.119	0.121	0.123	0.123	0.123	0.089	0.117
1:00:00	0.119	0.118	0.117	0.116	0.117	0.116	0.118	0.117	0.116	0.117	0.117	0.117	0.122	0.117	0.116	0.117	0.117	0.118	0.116	0.116	0.117	0.119	0.118	0.117	0.120	0.122	0.117	0.117	0.122	0.119	0.121	0.119	0.116	0.118	0.119	0.117	0.119	0.119	0.117	0.116	0.118	0.120	0.117	0.116	0.117	0.121	0.118	0.118	0.119	0.118	0.118	0.119	0.120	0.124	0.119	0.119	0.122	0.122	0.122	0.118	0.119	0.118	0.116	0.119	0.118	0.118	0.116	0.116	0.119	0.117	0.120	0.119	0.121	0.118	0.118	0.117	0.120	0.118	0.118	0.118	0.120	0.119	0.118	0.118	0.122	0.116	0.125	0.119	0.118	0.119	0.121	0.123	0.124	0.123	0.089	0.117
1:20:00	0.120	0.119	0.118	0.117	0.118	0.116	0.118	0.117	0.116	0.118	0.118	0.117	0.122	0.118	0.116	0.117	0.118	0.119	0.116	0.117	0.117	0.119	0.118	0.117	0.121	0.123	0.118	0.118	0.123	0.120	0.121	0.119	0.117	0.119	0.120	0.117	0.120	0.120	0.117	0.116	0.119	0.121	0.117	0.117	0.118	0.122	0.118	0.118	0.121	0.120	0.118	0.119	0.121	0.125	0.119	0.119	0.124	0.123	0.122	0.118	0.120	0.119	0.117	0.119	0.119	0.119	0.116	0.116	0.120	0.118	0.120	0.119	0.122	0.118	0.118	0.117	0.121	0.119	0.118	0.119	0.121	0.120	0.118	0.119	0.123	0.117	0.125	0.119	0.120	0.120	0.122	0.123	0.124	0.124	0.090	0.117
1:40:00	0.121	0.120	0.118	0.117	0.118	0.116	0.119	0.118	0.116	0.119	0.118	0.117	0.123	0.119	0.117	0.117	0.119	0.120	0.117	0.117	0.117	0.120	0.118	0.117	0.122	0.124	0.118	0.119	0.124	0.120	0.121	0.119	0.118	0.119	0.120	0.118	0.122	0.121	0.118	0.117	0.120	0.121	0.117	0.117	0.119	0.123	0.119	0.119	0.122	0.121	0.119	0.119	0.122	0.125	0.119	0.119	0.125	0.124	0.122	0.119	0.122	0.120	0.117	0.120	0.120	0.119	0.117	0.116	0.121	0.119	0.120	0.119	0.122	0.119	0.118	0.117	0.122	0.120	0.119	0.119	0.122	0.121	0.119	0.119	0.125	0.118	0.126	0.119	0.121	0.121	0.122	0.124	0.125	0.125	0.090	0.117
2:00:00	0.122	0.121	0.118	0.117	0.119	0.116	0.119	0.118	0.116	0.119	0.119	0.118	0.124	0.120	0.117	0.118	0.120	0.120	0.117	0.117	0.117	0.121	0.119	0.117	0.123	0.125	0.119	0.119	0.125	0.121	0.121	0.120	0.119	0.120	0.120	0.118	0.123	0.122	0.119	0.120	0.123	0.123	0.119	0.118	0.120	0.123	0.119	0.119	0.124	0.122	0.119	0.119	0.123	0.126	0.119	0.120	0.126	0.124	0.123	0.119	0.123	0.121	0.118	0.120	0.121	0.121	0.117	0.117	0.122	0.119	0.121	0.120	0.123	0.121	0.119	0.118	0.123	0.120	0.119	0.119	0.123	0.122	0.119	0.119	0.126	0.119	0.126	0.120	0.121	0.121	0.123	0.124	0.126	0.126	0.091	0.118
2:20:00	0.124	0.122	0.119	0.118	0.120	0.117	0.119	0.118	0.116	0.121	0.119	0.118	0.125	0.122	0.117	0.118	0.121	0.121	0.118	0.117	0.117	0.122	0.119	0.118	0.125	0.127	0.119	0.120	0.126	0.122	0.122	0.120	0.119	0.121	0.121	0.119	0.124	0.123	0.122	0.124	0.127	0.127	0.122	0.121	0.121	0.125	0.120	0.119	0.125	0.123	0.120	0.120	0.125	0.129	0.120	0.120	0.128	0.126	0.123	0.120	0.124	0.123	0.119	0.122	0.123	0.124	0.118	0.117	0.124	0.121	0.121	0.120	0.123	0.122	0.119	0.118	0.124	0.121	0.120	0.119	0.125	0.123	0.120	0.120	0.127	0.120	0.127	0.120	0.122	0.122	0.124	0.124	0.125	0.127	0.092	0.118
2:40:00	0.126	0.123	0.120	0.118	0.121	0.117	0.120	0.118	0.116	0.121	0.120	0.118	0.125	0.122	0.118	0.118	0.122	0.122	0.118	0.118	0.117	0.123	0.120	0.118	0.127	0.129	0.120	0.120	0.127	0.123	0.122	0.120	0.120	0.122	0.122	0.119	0.126	0.125	0.124	0.126	0.130	0.130	0.125	0.123	0.123	0.127	0.121	0.120	0.126	0.124	0.121	0.121	0.128	0.132	0.122	0.121	0.129	0.128	0.124	0.120	0.125	0.124	0.119	0.125	0.126	0.127	0.120	0.118	0.126	0.123	0.122	0.120	0.124	0.124	0.120	0.118	0.125	0.122	0.120	0.120	0.127	0.124	0.121	0.121	0.128	0.121	0.127	0.120	0.123	0.123	0.125	0.125	0.126	0.127	0.092	0.119
3:00:01	0.127	0.124	0.120	0.119	0.122	0.117	0.120	0.119	0.115	0.123	0.120	0.119	0.126	0.125	0.119	0.119	0.123	0.123	0.118	0.118	0.117	0.125	0.120	0.118	0.127	0.131	0.121	0.121	0.128	0.125	0.123	0.121	0.121	0.124	0.122	0.119	0.126	0.128	0.126	0.128	0.133	0.132	0.127	0.126	0.123	0.129	0.122	0.120	0.127	0.126	0.122	0.122	0.131	0.136	0.123	0.122	0.131	0.130	0.125	0.121	0.126	0.126	0.121	0.127	0.129	0.130	0.122	0.119	0.128	0.124	0.123	0.121	0.123	0.125	0.121	0.119	0.126	0.122	0.120	0.120	0.127	0.127	0.121	0.121	0.128	0.123	0.127	0.121	0.124	0.123	0.125	0.125	0.128	0.128	0.093	0.119
3:20:01	0.127	0.125	0.121	0.119	0.123	0.117	0.120	0.119	0.116	0.123	0.121	0.119	0.126	0.125	0.120	0.120	0.124	0.124	0.119	0.119	0.118	0.127	0.122	0.119	0.127	0.132	0.121	0.122	0.129	0.127	0.123	0.121	0.119	0.125	0.123	0.120	0.126	0.129	0.128	0.129	0.135	0.135	0.129	0.128	0.125	0.131	0.123	0.121	0.127	0.128	0.123	0.123	0.133	0.138	0.125	0.124	0.131	0.131	0.126	0.121	0.126	0.127	0.123	0.129	0.131	0.133	0.124	0.120	0.131	0.126	0.124	0.122	0.126	0.127	0.122	0.119	0.127	0.123	0.121	0.121	0.128	0.129	0.122	0.122	0.129	0.124	0.129	0.121	0.125	0.125	0.126	0.125	0.129	0.132	0.095	0.120
3:40:01	0.127	0.127	0.122	0.120	0.124	0.117	0.121	0.120	0.116	0.127	0.122	0.120	0.127	0.126	0.121	0.120	0.125	0.125	0.119	0.119	0.118	0.126	0.123	0.120	0.127	0.133	0.122	0.122	0.130	0.128	0.124	0.121	0.122	0.124	0.124	0.121	0.126	0.130	0.130	0.130	0.137	0.136	0.130	0.129	0.127	0.132	0.124	0.122	0.127	0.130	0.124	0.124	0.135	0.141	0.127	0.125	0.133	0.134	0.127	0.122	0.127	0.128	0.124	0.130	0.134	0.135	0.126	0.121	0.132	0.127	0.125	0.122	0.127	0.127	0.122	0.120	0.128	0.124	0.122	0.121	0.128	0.129	0.123	0.123	0.129	0.125	0.129	0.122	0.126	0.126	0.126	0.126	0.128	0.132	0.096	0.121
4:00:01	0.127	0.127	0.123	0.120	0.124	0.119	0.121	0.120	0.116	0.127	0.123	0.121	0.130	0.127	0.121	0.121	0.126	0.126	0.120	0.119	0.118	0.129	0.124	0.121	0.127	0.133	0.123	0.123	0.130	0.129	0.125	0.122	0.124	0.126	0.126	0.122	0.125	0.132	0.131	0.131	0.138	0.138	0.131	0.130	0.128	0.133	0.125	0.122	0.127	0.132	0.125	0.126	0.136	0.143	0.128	0.127	0.135	0.135	0.128	0.123	0.127	0.129	0.125	0.131	0.135	0.136	0.128	0.122	0.133	0.128	0.126	0.123	0.128	0.128	0.123	0.121	0.128	0.125	0.123	0.122	0.128	0.129	0.125	0.124	0.129	0.126	0.129	0.122	0.126	0.127	0.127	0.126	0.129	0.134	0.097	0.121
4:20:01	0.129	0.128	0.123	0.121	0.124	0.119	0.122	0.121	0.116	0.128	0.125	0.121	0.129	0.128	0.123	0.122	0.126	0.127	0.121	0.120	0.119	0.130	0.125	0.121	0.128	0.135	0.124	0.124	0.131	0.131	0.126	0.123	0.123	0.129	0.127	0.123	0.127	0.134	0.132	0.131	0.138	0.139	0.131	0.131	0.127	0.135	0.127	0.123	0.128	0.136	0.127	0.127	0.138	0.145	0.131	0.129	0.136	0.135	0.129	0.123	0.128	0.130	0.127	0.132	0.137	0.137	0.130	0.124	0.134	0.131	0.127	0.124	0.128	0.129	0.124	0.122	0.129	0.126	0.124	0.122	0.128	0.131	0.126	0.124	0.131	0.127	0.130	0.123	0.126	0.128	0.127	0.127	0.129	0.134	0.099	0.122
4:40:01	0.130	0.128	0.124	0.122	0.125	0.120	0.122	0.121	0.116	0.129	0.126	0.122	0.137	0.129	0.123	0.122	0.126	0.127	0.121	0.120	0.119	0.131	0.126	0.122	0.131	0.136	0.124	0.125	0.131	0.131	0.126	0.123	0.126	0.131	0.128	0.123	0.132	0.135	0.133	0.132	0.139	0.140	0.132	0.132	0.131	0.135	0.128	0.124	0.132	0.138	0.128	0.128	0.139	0.146	0.132	0.131	0.140	0.137	0.131	0.124	0.133	0.132	0.128	0.133	0.137	0.139	0.131	0.125	0.139	0.132	0.129	0.125	0.134	0.128	0.125	0.122	0.129	0.126	0.124	0.123	0.130	0.131	0.128	0.125	0.136	0.129	0.131	0.124	0.126	0.128	0.128	0.128	0.136	0.135	0.100	0.124
5:00:01	0.139	0.129	0.125	0.122	0.125	0.121	0.123	0.122	0.116	0.130	0.127	0.123	0.150	0.130	0.124	0.123	0.127	0.127	0.122	0.121	0.120	0.133	0.128	0.123	0.142	0.138	0.125	0.125	0.131	0.131	0.127	0.124	0.126	0.133	0.130	0.124	0.146	0.138	0.134	0.132	0.139	0.140	0.133	0.133	0.136	0.134	0.130	0.125	0.146	0.139	0.129	0.129	0.139	0.146	0.133	0.131	0.144	0.137	0.133	0.125	0.147	0.133	0.129	0.134	0.137	0.139	0.131	0.126	0.144	0.133	0.130	0.126	0.148	0.133	0.126	0.123	0.129	0.127	0.125	0.123	0.139	0.132	0.129	0.126	0.148	0.130	0.132	0.124	0.126	0.129	0.129	0.128	0.143	0.138	0.102	0.125
5:20:01	0.162	0.133	0.125	0.123	0.125	0.121	0.123	0.122	0.116	0.132	0.129	0.124	0.183	0.134	0.125	0.124	0.127	0.127	0.123	0.121	0.121	0.136	0.129	0.124	0.161	0.141	0.126	0.126	0.132	0.132	0.128	0.124	0.128	0.135	0.132	0.126	0.169	0.141	0.135	0.133	0.139	0.141	0.133	0.133	0.146	0.140	0.132	0.126	0.165	0.143	0.129	0.129	0.139	0.146	0.133	0.131	0.159	0.140	0.134	0.127	0.167	0.137	0.129	0.134	0.138	0.139	0.131	0.126	0.159	0.136	0.132	0.127	0.165	0.137	0.127	0.123	0.129	0.127	0.126	0.124	0.152	0.139	0.131	0.127	0.158	0.135	0.132	0.125	0.126	0.129	0.130	0.129	0.160	0.143	0.104	0.126
5:40:01	0.170	0.142	0.126	0.124	0.125	0.123	0.124	0.122	0.116	0.140	0.131	0.125	0.183	0.143	0.125	0.125	0.127	0.127	0.123	0.122	0.121	0.144	0.131	0.126	0.162	0.149	0.127	0.127	0.132	0.132	0.129	0.125	0.135	0.139	0.133	0.127	0.160	0.151	0.135	0.133	0.139	0.141	0.133	0.133	0.175	0.150	0.134	0.127	0.158	0.153	0.130	0.130	0.139	0.146	0.133	0.132	0.178	0.151	0.136	0.128	0.159	0.147	0.130	0.135	0.137	0.139	0.132	0.127	0.176	0.150	0.134	0.128	0.157	0.145	0.127	0.124	0.129	0.127	0.127	0.125	0.171	0.151	0.133	0.129	0.153	0.146	0.134	0.126	0.126	0.129	0.131	0.130	0.171	0.152	0.106	0.127
6:00:01	0.156	0.162	0.127	0.124	0.125	0.125	0.125	0.123	0.116	0.166	0.132	0.126	0.168	0.161	0.127	0.125	0.127	0.127	0.124	0.123	0.123	0.171	0.133	0.127	0.151	0.172	0.128	0.128	0.132	0.133	0.131	0.126	0.145	0.157	0.135	0.128	0.147	0.166	0.136	0.133	0.139	0.141	0.133	0.134	0.163	0.174	0.136	0.129	0.146	0.169	0.131	0.131	0.139	0.146	0.135	0.133	0.167	0.172	0.139	0.129	0.147	0.160	0.131	0.135	0.139	0.140	0.133	0.128	0.164	0.170	0.136	0.129	0.146	0.154	0.128	0.125	0.129	0.127	0.128	0.126	0.159	0.169	0.135	0.130	0.145	0.158	0.134	0.127	0.127	0.129	0.132	0.131	0.159	0.161	0.109	0.128
6:20:01	0.145	0.156	0.128	0.125	0.126	0.126	0.125	0.123	0.116	0.173	0.134	0.127	0.155	0.152	0.128	0.126	0.128	0.127	0.124	0.123	0.124	0.165	0.135	0.128	0.143	0.160	0.129	0.129	0.132	0.133	0.131	0.127	0.165	0.153	0.138	0.129	0.138	0.154	0.137	0.134	0.140	0.141	0.134	0.135	0.152	0.162	0.138	0.130	0.138	0.159	0.132	0.132	0.140	0.147	0.136	0.134	0.158	0.160	0.141	0.130	0.140	0.150	0.133	0.136	0.139	0.140	0.134	0.129	0.155	0.155	0.139	0.131	0.140	0.146	0.129	0.126	0.130	0.127	0.129	0.127	0.150	0.155	0.138	0.132	0.138	0.148	0.135	0.128	0.128	0.130	0.133	0.132	0.151	0.153	0.111	0.130
6:40:01	0.137	0.145	0.129	0.126	0.126	0.127	0.126	0.124	0.116	0.156	0.136	0.129	0.144	0.142	0.128	0.127	0.129	0.127	0.125	0.124	0.125	0.152	0.138	0.129	0.137	0.147	0.129	0.130	0.133	0.133	0.132	0.128	0.152	0.144	0.140	0.130	0.134	0.145	0.138	0.135	0.141	0.142	0.135	0.135	0.144	0.152	0.140	0.131	0.134	0.149	0.133	0.133	0.141	0.147	0.137	0.135	0.149	0.151	0.143	0.131	0.136	0.142	0.134	0.137	0.141	0.140	0.135	0.130	0.147	0.146	0.141	0.132	0.136	0.139	0.130	0.127	0.131	0.128	0.130	0.128	0.141	0.145	0.140	0.133	0.136	0.140	0.136	0.128	0.129	0.130	0.134	0.132	0.144	0.146	0.114	0.131
7:00:01	0.134	0.139	0.129	0.127	0.127	0.127	0.126	0.125	0.116	0.145	0.139	0.129	0.140	0.137	0.129	0.128	0.130	0.128	0.126	0.124	0.124	0.143	0.140	0.131	0.136	0.141	0.130	0.130	0.134	0.134	0.133	0.129	0.142	0.137	0.143	0.132	0.133	0.140	0.138	0.135	0.141	0.142	0.135	0.136	0.137	0.145	0.143	0.133	0.133	0.145	0.134	0.133	0.142	0.148	0.138	0.137	0.143	0.143	0.146	0.133	0.135	0.137	0.134	0.138	0.141	0.141	0.135	0.131	0.142	0.139	0.144	0.133	0.135	0.136	0.131	0.127	0.132	0.128	0.131	0.129	0.136	0.138	0.142	0.134	0.136	0.136	0.136	0.129	0.130	0.131	0.135	0.134	0.141	0.141	0.117	0.133
7:20:01	0.134	0.136	0.130	0.127	0.128	0.128	0.127	0.125	0.116	0.137	0.141	0.131	0.139	0.135	0.130	0.129	0.131	0.129	0.127	0.125	0.123	0.137	0.142	0.132	0.136	0.138	0.131	0.131	0.135	0.135	0.134	0.130	0.136	0.134	0.145	0.133	0.133	0.138	0.138	0.136	0.141	0.143	0.136	0.136	0.135	0.141	0.145	0.134	0.134	0.143	0.135	0.134	0.143	0.148	0.138	0.138	0.142	0.140	0.149	0.134	0.135	0.137	0.135	0.139	0.141	0.141	0.136	0.133	0.141	0.136	0.146	0.135	0.136	0.135	0.131	0.128	0.132	0.129	0.132	0.130	0.135	0.135	0.145	0.136	0.135	0.135	0.137	0.130	0.130	0.132	0.135	0.134	0.140	0.139	0.119	0.135
7:40:01	0.134	0.136	0.131	0.128	0.129	0.129	0.128	0.126	0.116	0.134	0.143	0.132	0.139	0.135	0.131	0.130	0.132	0.130	0.127	0.126	0.124	0.136	0.145	0.134	0.135	0.138	0.131	0.132	0.135	0.136	0.135	0.131	0.132	0.133	0.147	0.135	0.133	0.139	0.139	0.137	0.142	0.144	0.137	0.137	0.135	0.141	0.147	0.136	0.134	0.144	0.136	0.135	0.144	0.150	0.140	0.139	0.142	0.140	0.151	0.136	0.136	0.137	0.136	0.140	0.141	0.142	0.137	0.134	0.141	0.135	0.149	0.137	0.136	0.135	0.132	0.129	0.133	0.130	0.133	0.130	0.135	0.135	0.148	0.137	0.137	0.134	0.138	0.131	0.130	0.132	0.137	0.136	0.141	0.139	0.123	0.137
8:00:01	0.137	0.136	0.131	0.129	0.129	0.130	0.128	0.126	0.116	0.134	0.146	0.133	0.139	0.136	0.131	0.130	0.133	0.130	0.127	0.126	0.124	0.136	0.147	0.134	0.138	0.138	0.132	0.132	0.136	0.136	0.135	0.132	0.131	0.133	0.150	0.136	0.135	0.139	0.140	0.137	0.143	0.144	0.137	0.137	0.136	0.141	0.149	0.137	0.135	0.144	0.136	0.135	0.145	0.150	0.140	0.140	0.143	0.140	0.153	0.137	0.138	0.139	0.136	0.140	0.142	0.142	0.137	0.134	0.142	0.136	0.151	0.138	0.137	0.137	0.133	0.129	0.134	0.130	0.133	0.131	0.135	0.136	0.150	0.139	0.137	0.136	0.139	0.131	0.131	0.133	0.137	0.136	0.140	0.139	0.125	0.138
8:20:01	0.136	0.137	0.132	0.129	0.129	0.131	0.129	0.127	0.116	0.135	0.148	0.135	0.141	0.137	0.132	0.131	0.134	0.131	0.128	0.127	0.128	0.137	0.150	0.136	0.137	0.139	0.132	0.133	0.137	0.137	0.136	0.132	0.131	0.134	0.152	0.138	0.135	0.140	0.140	0.138	0.143	0.145	0.138	0.138	0.137	0.142	0.152	0.139	0.135	0.145	0.137	0.136	0.146	0.151	0.141	0.141	0.143	0.141	0.156	0.139	0.137	0.138	0.137	0.141	0.142	0.143	0.138	0.136	0.143	0.137	0.154	0.140	0.137	0.135	0.133	0.130	0.135	0.131	0.134	0.131	0.136	0.136	0.153	0.141	0.136	0.135	0.139	0.132	0.131	0.134	0.138	0.137	0.142	0.139	0.128	0.141
8:40:01	0.136	0.136	0.132	0.130	0.129	0.131	0.129	0.127	0.116	0.135	0.151	0.136	0.141	0.136	0.132	0.131	0.134	0.132	0.128	0.127	0.128	0.137	0.152	0.138	0.137	0.139	0.133	0.134	0.138	0.138	0.136	0.133	0.132	0.134	0.155	0.140	0.135	0.139	0.140	0.138	0.143	0.146	0.138	0.138	0.138	0.141	0.154	0.140	0.135	0.144	0.138	0.137	0.145	0.151	0.141	0.142	0.144	0.140	0.158	0.141	0.137	0.138	0.137	0.141	0.142	0.143	0.138	0.136	0.144	0.136	0.156	0.142	0.136	0.135	0.134	0.131	0.135	0.131	0.135	0.132	0.137	0.136	0.155	0.142	0.136	0.135	0.140	0.133	0.131	0.134	0.138	0.137	0.143	0.140	0.130	0.142
9:00:01	0.135	0.136	0.133	0.130	0.130	0.131	0.129	0.128	0.116	0.136	0.153	0.138	0.140	0.136	0.133	0.132	0.134	0.132	0.128	0.127	0.132	0.139	0.154	0.139	0.137	0.138	0.133	0.134	0.137	0.139	0.137	0.133	0.133	0.136	0.157	0.141	0.135	0.139	0.141	0.138	0.143	0.146	0.138	0.139	0.138	0.144	0.156	0.142	0.135	0.144	0.138	0.137	0.145	0.152	0.141	0.142	0.143	0.142	0.160	0.143	0.137	0.138	0.138	0.142	0.142	0.143	0.139	0.137	0.142	0.139	0.158	0.143	0.136	0.135	0.134	0.131	0.134	0.132	0.135	0.132	0.137	0.139	0.157	0.144	0.136	0.134	0.140	0.133	0.130	0.135	0.138	0.138	0.144	0.141	0.132	0.144
9:20:01	0.135	0.136	0.133	0.130	0.130	0.132	0.129	0.128	0.116	0.138	0.155	0.139	0.140	0.137	0.133	0.132	0.133	0.132	0.128	0.128	0.141	0.140	0.156	0.140	0.137	0.138	0.133	0.135	0.137	0.138	0.137	0.134	0.133	0.136	0.159	0.143	0.135	0.138	0.141	0.139	0.142	0.146	0.138	0.138	0.140	0.145	0.158	0.144	0.135	0.143	0.138	0.137	0.143	0.151	0.141	0.141	0.145	0.143	0.162	0.145	0.137	0.138	0.137	0.142	0.141	0.143	0.138	0.136	0.145	0.139	0.160	0.145	0.136	0.135	0.134	0.131	0.133	0.133	0.135	0.133	0.140	0.139	0.159	0.145	0.136	0.135	0.141	0.134	0.130	0.134	0.139	0.138	0.147	0.141	0.133	0.146
9:40:01	0.135	0.136	0.133	0.131	0.129	0.132	0.129	0.128	0.116	0.138	0.157	0.141	0.140	0.137	0.133	0.132	0.132	0.132	0.129	0.128	0.162	0.140	0.158	0.142	0.138	0.139	0.134	0.135	0.136	0.138	0.137	0.134	0.133	0.136	0.160	0.145	0.135	0.138	0.141	0.139	0.141	0.145	0.138	0.139	0.142	0.145	0.160	0.145	0.135	0.144	0.138	0.137	0.142	0.151	0.141	0.142	0.146	0.143	0.163	0.146	0.138	0.138	0.138	0.142	0.141	0.143	0.138	0.137	0.147	0.140	0.162	0.147	0.137	0.135	0.135	0.131	0.133	0.133	0.136	0.133	0.141	0.139	0.161	0.147	0.137	0.135	0.142	0.134	0.129	0.134	0.139	0.138	0.146	0.142	0.135	0.147
10:00:01	0.136	0.137	0.133	0.131	0.129	0.132	0.130	0.128	0.117	0.138	0.159	0.142	0.141	0.137	0.134	0.133	0.132	0.132	0.129	0.128	0.146	0.140	0.160	0.143	0.138	0.140	0.134	0.135	0.135	0.137	0.138	0.135	0.135	0.137	0.162	0.146	0.136	0.138	0.141	0.139	0.141	0.145	0.138	0.138	0.143	0.145	0.161	0.147	0.136	0.144	0.138	0.138	0.141	0.150	0.140	0.141	0.146	0.143	0.165	0.148	0.138	0.138	0.138	0.143	0.139	0.143	0.138	0.136	0.147	0.140	0.164	0.148	0.137	0.136	0.135	0.132	0.132	0.132	0.136	0.134	0.141	0.139	0.163	0.148	0.137	0.135	0.141	0.135	0.129	0.133	0.140	0.139	0.147	0.143	0.137	0.149
10:20:01	0.137	0.138	0.134	0.132	0.129	0.132	0.130	0.129	0.117	0.138	0.161	0.144	0.142	0.138	0.134	0.133	0.131	0.132	0.129	0.128	0.137	0.141	0.162	0.145	0.139	0.140	0.134	0.136	0.135	0.137	0.138	0.135	0.138	0.138	0.164	0.148	0.137	0.139	0.140	0.139	0.140	0.143	0.138	0.138	0.143	0.145	0.163	0.149	0.137	0.144	0.139	0.137	0.140	0.149	0.140	0.141	0.146	0.143	0.167	0.150	0.139	0.139	0.138	0.142	0.138	0.142	0.137	0.136	0.147	0.140	0.166	0.150	0.138	0.136	0.135	0.132	0.132	0.132	0.136	0.134	0.142	0.140	0.165	0.150	0.138	0.136	0.142	0.135	0.129	0.133	0.140	0.139	0.147	0.143	0.139	0.151
10:40:01	0.138	0.138	0.135	0.132	0.128	0.131	0.130	0.129	0.117	0.138	0.162	0.145	0.142	0.139	0.134	0.133	0.130	0.132	0.129	0.129	0.132	0.141	0.164	0.146	0.140	0.141	0.135	0.136	0.134	0.136	0.138	0.136	0.138	0.138	0.165	0.150	0.138	0.140	0.141	0.139	0.139	0.143	0.138	0.138	0.144	0.146	0.165	0.150	0.138	0.145	0.139	0.137	0.139	0.148	0.140	0.141	0.147	0.144	0.168	0.151	0.140	0.140	0.138	0.142	0.138	0.141	0.137	0.136	0.147	0.140	0.168	0.152	0.139	0.137	0.136	0.132	0.131	0.131	0.136	0.134	0.142	0.140	0.167	0.151	0.139	0.136	0.143	0.136	0.128	0.132	0.140	0.139	0.148	0.144	0.141	0.153
11:00:01	0.139	0.139	0.135	0.132	0.128	0.131	0.131	0.129	0.119	0.139	0.164	0.147	0.143	0.139	0.135	0.134	0.130	0.131	0.129	0.128	0.131	0.141	0.165	0.148	0.141	0.143	0.135	0.136	0.134	0.136	0.138	0.136	0.139	0.139	0.167	0.151	0.140	0.141	0.141	0.139	0.139	0.143	0.138	0.138	0.145	0.147	0.166	0.152	0.139	0.146	0.139	0.138	0.139	0.148	0.140	0.141	0.147	0.144	0.170	0.153	0.141	0.140	0.138	0.143	0.137	0.141	0.137	0.136	0.148	0.141	0.169	0.153	0.139	0.138	0.136	0.133	0.131	0.131	0.136	0.135	0.143	0.141	0.168	0.153	0.140	0.137	0.143	0.136	0.128	0.132	0.141	0.140	0.148	0.146	0.143	0.154
11:20:01	0.139	0.139	0.135	0.133	0.128	0.130	0.130	0.129	0.119	0.139	0.166	0.149	0.144	0.140	0.135	0.134	0.130	0.131	0.129	0.129	0.130	0.142	0.167	0.149	0.141	0.144	0.135	0.136	0.133	0.136	0.138	0.136	0.140	0.140	0.169	0.153	0.141	0.142	0.142	0.139	0.138	0.142	0.138	0.138	0.145	0.147	0.168	0.153	0.139	0.146	0.140	0.138	0.138	0.148	0.142	0.141	0.147	0.145	0.171	0.154	0.142	0.141	0.139	0.143	0.137	0.141	0.137	0.136	0.149	0.141	0.171	0.154	0.140	0.140	0.136	0.133	0.131	0.130	0.136	0.135	0.144	0.141	0.170	0.154	0.142	0.138	0.143	0.136	0.128	0.132	0.140	0.140	0.149	0.146	0.144	0.155
11:40:01	0.142	0.140	0.136	0.133	0.127	0.130	0.131	0.129	0.119	0.140	0.168	0.151	0.144	0.141	0.136	0.134	0.129	0.131	0.129	0.129	0.131	0.142	0.168	0.150	0.143	0.146	0.136	0.136	0.133	0.135	0.138	0.136	0.140	0.140	0.171	0.154	0.143	0.143	0.142	0.139	0.138	0.142	0.138	0.137	0.146	0.147	0.170	0.154	0.141	0.148	0.140	0.138	0.138	0.147	0.141	0.141	0.147	0.145	0.173	0.155	0.144	0.143	0.139	0.143	0.137	0.140	0.137	0.137	0.149	0.141	0.172	0.156	0.142	0.141	0.137	0.133	0.131	0.130	0.136	0.135	0.145	0.142	0.171	0.155	0.143	0.140	0.144	0.137	0.128	0.132	0.140	0.140	0.150	0.146	0.145	0.157
12:00:01	0.142	0.141	0.136	0.133	0.127	0.130	0.131	0.129	0.122	0.140	0.169	0.152	0.147	0.142	0.137	0.134	0.130	0.131	0.130	0.129	0.131	0.143	0.170	0.152	0.144	0.147	0.136	0.137	0.133	0.135	0.139	0.136	0.142	0.141	0.172	0.155	0.143	0.144	0.143	0.139	0.138	0.142	0.138	0.138	0.146	0.148	0.171	0.156	0.142	0.149	0.141	0.139	0.138	0.148	0.142	0.141	0.147	0.146	0.174	0.157	0.144	0.144	0.139	0.144	0.137	0.141	0.138	0.137	0.149	0.142	0.174	0.157	0.143	0.141	0.138	0.133	0.131	0.130	0.137	0.135	0.145	0.142	0.172	0.157	0.144	0.141	0.144	0.137	0.128	0.132	0.141	0.141	0.150	0.147	0.147	0.158
12:20:01	0.143	0.142	0.137	0.133	0.127	0.130	0.131	0.129	0.122	0.140	0.170	0.154	0.147	0.143	0.137	0.135	0.129	0.131	0.129	0.129	0.132	0.143	0.171	0.153	0.145	0.148	0.137	0.137	0.133	0.135	0.138	0.136	0.142	0.141	0.173	0.156	0.144	0.145	0.144	0.140	0.138	0.142	0.139	0.138	0.146	0.148	0.172	0.157	0.143	0.149	0.141	0.139	0.138	0.148	0.142	0.141	0.147	0.146	0.176	0.158	0.144	0.144	0.140	0.144	0.137	0.140	0.137	0.137	0.149	0.142	0.175	0.158	0.143	0.142	0.138	0.134	0.130	0.130	0.136	0.135	0.145	0.142	0.174	0.158	0.145	0.141	0.146	0.137	0.128	0.131	0.140	0.140	0.151	0.147	0.148	0.159
12:40:01	0.143	0.142	0.137	0.134	0.127	0.130	0.131	0.130	0.124	0.141	0.171	0.155	0.147	0.143	0.138	0.135	0.129	0.131	0.129	0.129	0.134	0.143	0.172	0.154	0.145	0.149	0.137	0.137	0.133	0.135	0.139	0.136	0.143	0.141	0.175	0.157	0.144	0.145	0.144	0.140	0.138	0.142	0.139	0.138	0.146	0.149	0.173	0.158	0.143	0.150	0.142	0.139	0.138	0.148	0.142	0.142	0.148	0.146	0.177	0.159	0.144	0.145	0.141	0.144	0.137	0.141	0.138	0.137	0.150	0.142	0.177	0.160	0.143	0.142	0.139	0.134	0.130	0.130	0.136	0.135	0.145	0.142	0.175	0.160	0.145	0.141	0.147	0.138	0.127	0.131	0.140	0.140	0.150	0.147	0.149	0.161
13:00:01	0.143	0.142	0.138	0.134	0.127	0.130	0.131	0.130	0.123	0.141	0.172	0.157	0.147	0.143	0.139	0.135	0.129	0.131	0.130	0.129	0.134	0.143	0.173	0.156	0.145	0.150	0.138	0.137	0.133	0.135	0.139	0.136	0.143	0.142	0.176	0.159	0.145	0.145	0.145	0.140	0.138	0.142	0.139	0.138	0.146	0.149	0.174	0.159	0.143	0.150	0.142	0.139	0.138	0.148	0.142	0.142	0.148	0.147	0.178	0.160	0.144	0.145	0.141	0.144	0.137	0.141	0.138	0.137	0.150	0.142	0.178	0.161	0.144	0.143	0.140	0.134	0.130	0.130	0.136	0.135	0.145	0.143	0.176	0.161	0.145	0.142	0.148	0.138	0.127	0.131	0.140	0.140	0.150	0.147	0.150	0.162
13:20:01	0.144	0.143	0.139	0.134	0.127	0.129	0.131	0.130	0.124	0.141	0.173	0.158	0.146	0.143	0.140	0.135	0.129	0.131	0.130	0.129	0.136	0.143	0.174	0.158	0.145	0.150	0.139	0.138	0.133	0.135	0.139	0.136	0.143	0.142	0.178	0.160	0.145	0.146	0.146	0.141	0.139	0.143	0.139	0.138	0.146	0.149	0.174	0.161	0.143	0.150	0.143	0.139	0.139	0.149	0.143	0.142	0.149	0.147	0.180	0.162	0.144	0.145	0.142	0.145	0.138	0.141	0.138	0.138	0.151	0.143	0.179	0.162	0.144	0.143	0.140	0.135	0.130	0.129	0.136	0.135	0.145	0.143	0.177	0.163	0.147	0.142	0.149	0.139	0.127	0.131	0.140	0.140	0.150	0.148	0.151	0.164
13:40:01	0.144	0.143	0.139	0.135	0.127	0.129	0.131	0.130	0.126	0.141	0.174	0.160	0.146	0.144	0.140	0.136	0.129	0.131	0.129	0.129	0.137	0.144	0.175	0.160	0.145	0.154	0.139	0.138	0.133	0.135	0.138	0.137	0.143	0.143	0.179	0.161	0.145	0.146	0.147	0.141	0.139	0.143	0.139	0.139	0.146	0.149	0.176	0.162	0.143	0.150	0.144	0.140	0.139	0.149	0.143	0.142	0.149	0.148	0.181	0.163	0.144	0.146	0.143	0.146	0.138	0.141	0.138	0.138	0.151	0.143	0.180	0.163	0.144	0.146	0.141	0.135	0.130	0.129	0.136	0.135	0.145	0.143	0.178	0.164	0.149	0.144	0.150	0.139	0.127	0.131	0.140	0.140	0.148	0.149	0.152	0.165
14:00:01	0.145	0.146	0.140	0.135	0.127	0.129	0.131	0.130	0.128	0.141	0.174	0.162	0.147	0.145	0.141	0.136	0.129	0.131	0.130	0.129	0.139	0.145	0.176	0.163	0.144	0.154	0.140	0.138	0.133	0.135	0.139	0.136	0.143	0.145	0.179	0.162	0.144	0.146	0.147	0.142	0.139	0.143	0.139	0.138	0.147	0.150	0.176	0.163	0.143	0.150	0.145	0.140	0.139	0.149	0.143	0.142	0.149	0.150	0.182	0.164	0.144	0.148	0.143	0.146	0.138	0.141	0.138	0.138	0.151	0.143	0.180	0.165	0.145	0.147	0.142	0.136	0.130	0.129	0.137	0.135	0.145	0.144	0.178	0.166	0.149	0.145	0.150	0.140	0.127	0.131	0.140	0.141	0.149	0.151	0.153	0.166
14:20:01	0.148	0.146	0.141	0.135	0.127	0.129	0.131	0.130	0.128	0.143	0.175	0.163	0.147	0.146	0.142	0.136	0.129	0.131	0.129	0.129	0.140	0.145	0.176	0.164	0.147	0.154	0.141	0.139	0.133	0.135	0.138	0.137	0.144	0.145	0.180	0.164	0.147	0.148	0.148	0.142	0.139	0.143	0.139	0.138	0.147	0.151	0.177	0.164	0.145	0.152	0.145	0.140	0.139	0.149	0.143	0.142	0.150	0.150	0.183	0.165	0.146	0.148	0.144	0.146	0.138	0.141	0.138	0.138	0.151	0.145	0.181	0.166	0.147	0.147	0.142	0.136	0.130	0.129	0.136	0.135	0.147	0.145	0.179	0.168	0.149	0.145	0.151	0.140	0.127	0.131	0.140	0.140	0.151	0.150	0.153	0.167
14:40:01	0.147	0.146	0.142	0.136	0.127	0.129	0.130	0.130	0.129	0.143	0.176	0.165	0.150	0.146	0.143	0.137	0.129	0.131	0.129	0.129	0.141	0.146	0.177	0.166	0.148	0.154	0.141	0.139	0.133	0.135	0.138	0.137	0.145	0.145	0.181	0.165	0.148	0.149	0.149	0.143	0.139	0.143	0.139	0.139	0.147	0.151	0.178	0.165	0.146	0.152	0.146	0.141	0.139	0.150	0.143	0.143	0.151	0.150	0.184	0.167	0.147	0.148	0.145	0.147	0.138	0.142	0.138	0.138	0.154	0.145	0.182	0.167	0.147	0.148	0.143	0.136	0.130	0.129	0.136	0.135	0.147	0.145	0.180	0.171	0.149	0.145	0.152	0.140	0.127	0.131	0.139	0.140	0.149	0.150	0.152	0.169
15:00:01	0.147	0.146	0.142	0.136	0.127	0.129	0.130	0.130	0.133	0.143	0.176	0.166	0.150	0.146	0.143	0.137	0.129	0.130	0.129	0.129	0.141	0.145	0.178	0.168	0.147	0.154	0.142	0.139	0.133	0.136	0.138	0.136	0.145	0.145	0.181	0.165	0.147	0.149	0.150	0.143	0.140	0.144	0.139	0.139	0.149	0.151	0.179	0.166	0.146	0.152	0.147	0.141	0.139	0.150	0.144	0.143	0.152	0.150	0.184	0.168	0.146	0.148	0.146	0.148	0.139	0.142	0.138	0.138	0.154	0.145	0.183	0.168	0.147	0.148	0.144	0.137	0.130	0.129	0.136	0.135	0.147	0.145	0.181	0.172	0.149	0.146	0.153	0.141	0.127	0.131	0.140	0.140	0.151	0.151	0.153	0.170
15:20:01	0.147	0.146	0.143	0.136	0.127	0.129	0.130	0.129	0.145	0.143	0.176	0.168	0.150	0.146	0.144	0.137	0.129	0.130	0.129	0.129	0.142	0.146	0.178	0.170	0.147	0.155	0.142	0.140	0.133	0.136	0.138	0.136	0.146	0.146	0.182	0.166	0.147	0.149	0.150	0.144	0.139	0.144	0.139	0.139	0.148	0.151	0.179	0.167	0.146	0.152	0.147	0.141	0.139	0.151	0.143	0.143	0.152	0.150	0.185	0.168	0.146	0.149	0.147	0.148	0.138	0.142	0.138	0.138	0.153	0.145	0.183	0.169	0.147	0.148	0.144	0.137	0.130	0.129	0.136	0.135	0.147	0.145	0.181	0.175	0.149	0.146	0.153	0.141	0.127	0.131	0.139	0.140	0.151	0.151	0.154	0.171
15:40:01	0.146	0.146	0.144	0.137	0.127	0.129	0.130	0.129	0.175	0.143	0.177	0.169	0.149	0.147	0.145	0.138	0.129	0.131	0.129	0.129	0.142	0.146	0.179	0.172	0.147	0.155	0.143	0.140	0.133	0.136	0.138	0.136	0.147	0.146	0.183	0.167	0.147	0.149	0.151	0.145	0.140	0.144	0.139	0.139	0.148	0.151	0.180	0.168	0.146	0.152	0.148	0.142	0.140	0.151	0.144	0.143	0.152	0.150	0.186	0.170	0.146	0.149	0.148	0.149	0.139	0.143	0.138	0.138	0.153	0.145	0.184	0.170	0.147	0.148	0.146	0.138	0.130	0.129	0.136	0.135	0.146	0.145	0.182	0.177	0.149	0.146	0.154	0.142	0.127	0.131	0.139	0.140	0.152	0.151	0.155	0.172
16:00:01	0.146	0.146	0.144	0.137	0.126	0.129	0.130	0.129	0.156	0.143	0.178	0.170	0.149	0.147	0.145	0.138	0.129	0.130	0.129	0.129	0.143	0.146	0.180	0.173	0.147	0.155	0.144	0.140	0.133	0.136	0.138	0.136	0.147	0.147	0.184	0.168	0.147	0.149	0.151	0.145	0.140	0.144	0.139	0.139	0.148	0.151	0.181	0.169	0.146	0.152	0.149	0.142	0.140	0.151	0.144	0.143	0.152	0.151	0.187	0.170	0.146	0.149	0.147	0.149	0.139	0.143	0.138	0.139	0.153	0.145	0.184	0.171	0.147	0.148	0.146	0.138	0.130	0.129	0.136	0.135	0.146	0.145	0.182	0.179	0.149	0.147	0.154	0.142	0.127	0.131	0.139	0.140	0.152	0.151	0.156	0.173
16:20:01	0.146	0.147	0.144	0.138	0.126	0.129	0.130	0.129	0.144	0.143	0.179	0.172	0.149	0.147	0.146	0.139	0.129	0.130	0.129	0.129	0.143	0.146	0.180	0.173	0.147	0.155	0.144	0.141	0.133	0.136	0.138	0.136	0.146	0.149	0.184	0.169	0.147	0.149	0.151	0.146	0.139	0.144	0.139	0.139	0.148	0.151	0.182	0.170	0.146	0.152	0.149	0.142	0.139	0.151	0.143	0.143	0.152	0.152	0.187	0.171	0.146	0.149	0.148	0.149	0.139	0.143	0.138	0.138	0.153	0.146	0.185	0.172	0.147	0.149	0.146	0.139	0.130	0.129	0.136	0.135	0.146	0.146	0.183	0.181	0.150	0.147	0.154	0.143	0.127	0.131	0.139	0.140	0.152	0.152	0.157	0.174
16:40:01	0.147	0.147	0.145	0.138	0.126	0.129	0.130	0.129	0.137	0.143	0.179	0.174	0.149	0.147	0.146	0.139	0.129	0.130	0.129	0.129	0.142	0.146	0.181	0.174	0.147	0.155	0.145	0.141	0.133	0.136	0.138	0.136	0.146	0.150	0.185	0.169	0.147	0.149	0.151	0.146	0.139	0.144	0.138	0.138	0.147	0.151	0.182	0.171	0.146	0.152	0.149	0.143	0.139	0.151	0.143	0.142	0.152	0.152	0.188	0.171	0.146	0.149	0.148	0.150	0.138	0.143	0.138	0.138	0.152	0.146	0.185	0.172	0.147	0.149	0.146	0.139	0.130	0.129	0.136	0.135	0.146	0.146	0.183	0.182	0.150	0.147	0.153	0.143	0.127	0.131	0.140	0.140	0.152	0.153	0.158	0.174
17:00:01	0.147	0.147	0.145	0.139	0.126	0.128	0.130	0.129	0.132	0.144	0.180	0.175	0.149	0.147	0.146	0.139	0.129	0.130	0.128	0.129	0.142	0.146	0.181	0.174	0.147	0.156	0.145	0.142	0.133	0.136	0.138	0.136	0.146	0.151	0.186	0.170	0.147	0.149	0.151	0.146	0.139	0.144	0.138	0.138	0.147	0.152	0.183	0.171	0.147	0.152	0.150	0.143	0.139	0.151	0.143	0.142	0.152	0.153	0.189	0.172	0.147	0.149	0.148	0.150	0.138	0.143	0.137	0.138	0.152	0.146	0.186	0.173	0.147	0.149	0.147	0.140	0.130	0.129	0.136	0.135	0.146	0.146	0.184	0.183	0.150	0.147	0.154	0.144	0.126	0.131	0.140	0.140	0.151	0.153	0.159	0.175
17:20:01	0.147	0.147	0.145	0.139	0.126	0.128	0.130	0.129	0.131	0.144	0.181	0.174	0.149	0.147	0.146	0.140	0.129	0.130	0.128	0.128	0.142	0.147	0.182	0.172	0.148	0.156	0.145	0.142	0.132	0.136	0.138	0.136	0.146	0.153	0.187	0.170	0.148	0.149	0.152	0.147	0.139	0.143	0.138	0.138	0.147	0.152	0.184	0.172	0.147	0.152	0.150	0.143	0.139	0.151	0.143	0.142	0.152	0.155	0.190	0.173	0.147	0.150	0.148	0.151	0.138	0.144	0.137	0.138	0.152	0.146	0.187	0.174	0.148	0.149	0.147	0.140	0.130	0.129	0.135	0.135	0.147	0.146	0.184	0.186	0.151	0.147	0.154	0.144	0.126	0.131	0.139	0.140	0.150	0.153	0.159	0.177
17:40:01	0.147	0.147	0.145	0.140	0.126	0.128	0.129	0.129	0.131	0.144	0.181	0.174	0.149	0.148	0.146	0.140	0.128	0.130	0.128	0.128	0.142	0.147	0.182	0.171	0.148	0.156	0.145	0.142	0.132	0.136	0.138	0.136	0.146	0.154	0.187	0.171	0.148	0.149	0.152	0.147	0.139	0.143	0.138	0.138	0.147	0.152	0.184	0.172	0.147	0.153	0.150	0.143	0.139	0.152	0.143	0.142	0.153	0.156	0.191	0.173	0.147	0.150	0.149	0.151	0.138	0.144	0.137	0.138	0.152	0.147	0.187	0.174	0.148	0.150	0.147	0.140	0.130	0.129	0.135	0.135	0.147	0.147	0.185	0.187	0.151	0.148	0.155	0.145	0.126	0.130	0.139	0.140	0.152	0.153	0.160	0.178
18:00:01	0.148	0.148	0.146	0.141	0.126	0.128	0.129	0.129	0.131	0.144	0.182	0.174	0.149	0.148	0.147	0.141	0.129	0.130	0.128	0.128	0.143	0.147	0.183	0.171	0.148	0.156	0.146	0.143	0.133	0.136	0.138	0.136	0.147	0.156	0.188	0.171	0.148	0.150	0.152	0.148	0.139	0.144	0.138	0.138	0.147	0.152	0.185	0.173	0.147	0.153	0.150	0.144	0.139	0.152	0.143	0.142	0.153	0.157	0.191	0.174	0.147	0.150	0.149	0.152	0.138	0.144	0.137	0.138	0.153	0.148	0.188	0.174	0.148	0.150	0.147	0.140	0.130	0.129	0.135	0.135	0.147	0.147	0.186	0.188	0.151	0.148	0.155	0.146	0.126	0.131	0.139	0.140	0.152	0.153	0.161	0.178
18:20:01	0.148	0.148	0.146	0.141	0.126	0.128	0.129	0.129	0.132	0.145	0.183	0.173	0.149	0.148	0.147	0.141	0.128	0.130	0.128	0.128	0.143	0.148	0.184	0.171	0.148	0.156	0.146	0.143	0.132	0.136	0.137	0.136	0.147	0.158	0.189	0.171	0.148	0.150	0.152	0.148	0.139	0.144	0.137	0.138	0.147	0.152	0.186	0.173	0.148	0.153	0.150	0.144	0.138	0.152	0.142	0.142	0.153	0.159	0.192	0.174	0.148	0.150	0.149	0.152	0.138	0.144	0.136	0.138	0.153	0.148	0.189	0.175	0.148	0.150	0.147	0.141	0.130	0.129	0.135	0.135	0.147	0.147	0.186	0.188	0.151	0.148	0.155	0.146	0.126	0.131	0.138	0.140	0.151	0.154	0.163	0.178
18:40:01	0.148	0.148	0.146	0.142	0.126	0.128	0.129	0.128	0.133	0.145	0.184	0.172	0.150	0.148	0.147	0.142	0.128	0.130	0.128	0.128	0.144	0.148	0.184	0.171	0.149	0.157	0.146	0.144	0.132	0.136	0.137	0.136	0.147	0.159	0.189	0.172	0.149	0.150	0.152	0.148	0.139	0.143	0.137	0.137	0.147	0.153	0.187	0.173	0.148	0.153	0.150	0.144	0.138	0.152	0.142	0.141	0.153	0.160	0.193	0.174	0.148	0.150	0.149	0.152	0.137	0.144	0.136	0.137	0.152	0.149	0.189	0.175	0.149	0.150	0.147	0.141	0.130	0.129	0.135	0.135	0.147	0.147	0.187	0.186	0.152	0.148	0.155	0.146	0.126	0.130	0.138	0.139	0.151	0.154	0.164	0.178
19:00:02	0.148	0.148	0.146	0.142	0.126	0.128	0.129	0.128	0.134	0.145	0.185	0.172	0.150	0.148	0.147	0.142	0.128	0.130	0.128	0.128	0.144	0.148	0.185	0.171	0.149	0.157	0.146	0.144	0.132	0.135	0.137	0.136	0.147	0.160	0.190	0.172	0.149	0.150	0.152	0.149	0.138	0.143	0.137	0.137	0.147	0.153	0.188	0.173	0.148	0.153	0.150	0.145	0.138	0.152	0.142	0.141	0.154	0.161	0.194	0.174	0.148	0.150	0.149	0.152	0.137	0.144	0.136	0.137	0.153	0.150	0.190	0.175	0.149	0.150	0.147	0.141	0.130	0.129	0.135	0.134	0.148	0.147	0.188	0.186	0.152	0.148	0.155	0.146	0.126	0.130	0.138	0.139	0.152	0.154	0.165	0.177
19:20:01	0.148	0.148	0.146	0.142	0.126	0.128	0.129	0.128	0.136	0.145	0.186	0.171	0.150	0.148	0.147	0.142	0.128	0.130	0.128	0.128	0.146	0.148	0.185	0.172	0.149	0.157	0.146	0.144	0.132	0.135	0.137	0.135	0.147	0.161	0.191	0.172	0.149	0.149	0.151	0.149	0.137	0.143	0.135	0.136	0.147	0.153	0.189	0.174	0.148	0.153	0.150	0.144	0.137	0.151	0.141	0.140	0.153	0.162	0.195	0.174	0.148	0.150	0.148	0.152	0.136	0.143	0.134	0.136	0.152	0.150	0.190	0.175	0.149	0.150	0.147	0.141	0.130	0.129	0.134	0.134	0.148	0.147	0.188	0.185	0.152	0.149	0.155	0.146	0.126	0.130	0.138	0.139	0.153	0.154	0.167	0.177
19:40:02	0.149	0.149	0.146	0.143	0.126	0.128	0.129	0.128	0.135	0.145	0.187	0.171	0.150	0.148	0.146	0.143	0.128	0.130	0.127	0.128	0.146	0.148	0.186	0.172	0.149	0.157	0.146	0.145	0.132	0.135	0.137	0.135	0.148	0.162	0.191	0.172	0.149	0.149	0.151	0.149	0.137	0.142	0.135	0.136	0.147	0.154	0.190	0.173	0.148	0.153	0.150	0.145	0.137	0.151	0.141	0.140	0.154	0.163	0.196	0.174	0.148	0.150	0.148	0.152	0.136	0.144	0.134	0.136	0.152	0.151	0.191	0.175	0.149	0.151	0.147	0.141	0.129	0.129	0.134	0.134	0.148	0.148	0.189	0.187	0.152	0.149	0.155	0.147	0.126	0.130	0.138	0.139	0.154	0.155	0.170	0.177
20:00:02	0.149	0.149	0.146	0.143	0.125	0.128	0.129	0.128	0.140	0.146	0.188	0.172	0.150	0.149	0.147	0.143	0.128	0.130	0.127	0.128	0.146	0.149	0.187	0.173	0.149	0.157	0.146	0.145	0.132	0.135	0.137	0.135	0.148	0.163	0.192	0.172	0.149	0.150	0.152	0.150	0.139	0.144	0.137	0.137	0.148	0.155	0.191	0.174	0.149	0.153	0.151	0.146	0.138	0.153	0.142	0.141	0.155	0.165	0.197	0.174	0.149	0.151	0.149	0.154	0.137	0.145	0.136	0.137	0.154	0.152	0.192	0.175	0.149	0.151	0.148	0.141	0.129	0.129	0.134	0.134	0.148	0.148	0.190	0.188	0.153	0.149	0.155	0.147	0.126	0.130	0.138	0.139	0.153	0.155	0.173	0.178
20:20:02	0.149	0.149	0.146	0.143	0.125	0.128	0.128	0.128	0.141	0.146	0.189	0.172	0.150	0.149	0.147	0.144	0.128	0.130	0.127	0.128	0.146	0.148	0.187	0.174	0.150	0.157	0.147	0.146	0.132	0.136	0.137	0.135	0.148	0.164	0.193	0.172	0.149	0.150	0.153	0.150	0.139	0.145	0.137	0.137	0.148	0.157	0.192	0.173	0.149	0.154	0.151	0.147	0.139	0.153	0.143	0.142	0.157	0.166	0.199	0.174	0.149	0.151	0.150	0.154	0.138	0.146	0.136	0.138	0.155	0.154	0.194	0.175	0.149	0.151	0.148	0.142	0.129	0.129	0.134	0.134	0.148	0.148	0.190	0.190	0.153	0.149	0.155	0.147	0.126	0.130	0.137	0.139	0.153	0.156	0.178	0.179
20:40:02	0.149	0.149	0.146	0.143	0.125	0.128	0.128	0.127	0.142	0.146	0.189	0.172	0.150	0.149	0.147	0.144	0.128	0.130	0.127	0.128	0.146	0.149	0.188	0.174	0.150	0.157	0.147	0.146	0.132	0.136	0.137	0.135	0.148	0.165	0.193	0.173	0.150	0.150	0.153	0.151	0.139	0.145	0.137	0.138	0.149	0.158	0.193	0.174	0.149	0.154	0.151	0.147	0.139	0.154	0.143	0.142	0.157	0.167	0.201	0.175	0.149	0.151	0.150	0.155	0.138	0.146	0.137	0.138	0.155	0.155	0.195	0.176	0.150	0.151	0.148	0.142	0.129	0.129	0.134	0.134	0.149	0.148	0.191	0.192	0.153	0.149	0.155	0.147	0.126	0.130	0.137	0.139	0.154	0.156	0.182	0.180
21:00:02	0.149	0.149	0.146	0.144	0.125	0.128	0.128	0.127	0.142	0.146	0.190	0.172	0.151	0.149	0.147	0.144	0.128	0.130	0.127	0.128	0.146	0.149	0.189	0.175	0.150	0.158	0.147	0.147	0.133	0.136	0.137	0.135	0.149	0.166	0.194	0.174	0.150	0.151	0.154	0.152	0.141	0.146	0.138	0.139	0.149	0.159	0.195	0.175	0.149	0.154	0.151	0.148	0.140	0.156	0.144	0.143	0.158	0.168	0.203	0.175	0.149	0.151	0.151	0.156	0.140	0.148	0.138	0.139	0.157	0.156	0.197	0.176	0.150	0.151	0.148	0.142	0.129	0.129	0.134	0.134	0.149	0.148	0.192	0.196	0.153	0.149	0.155	0.147	0.126	0.130	0.137	0.139	0.155	0.157	0.186	0.180
21:20:02	0.149	0.149	0.146	0.144	0.125	0.128	0.128	0.127	0.143	0.146	0.191	0.173	0.151	0.149	0.147	0.145	0.128	0.130	0.127	0.127	0.146	0.149	0.189	0.175	0.150	0.158	0.147	0.147	0.133	0.136	0.137	0.135	0.149	0.167	0.195	0.174	0.150	0.151	0.154	0.153	0.141	0.147	0.139	0.139	0.150	0.160	0.196	0.175	0.149	0.155	0.152	0.149	0.140	0.157	0.145	0.144	0.159	0.169	0.204	0.176	0.149	0.152	0.151	0.156	0.140	0.148	0.138	0.139	0.157	0.157	0.199	0.177	0.150	0.151	0.148	0.142	0.129	0.129	0.134	0.134	0.149	0.148	0.193	0.198	0.154	0.149	0.155	0.147	0.126	0.130	0.137	0.138	0.153	0.157	0.190	0.182
21:40:02	0.150	0.149	0.146	0.144	0.125	0.128	0.128	0.127	0.143	0.146	0.192	0.173	0.151	0.149	0.147	0.145	0.128	0.130	0.127	0.127	0.146	0.149	0.190	0.176	0.150	0.158	0.147	0.147	0.133	0.137	0.137	0.135	0.149	0.168	0.196	0.174	0.150	0.151	0.155	0.153	0.142	0.147	0.139	0.140	0.150	0.161	0.198	0.175	0.149	0.155	0.152	0.149	0.141	0.157	0.145	0.144	0.160	0.170	0.207	0.176	0.149	0.152	0.151	0.157	0.140	0.148	0.139	0.139	0.158	0.158	0.200	0.177	0.150	0.151	0.148	0.142	0.129	0.129	0.134	0.134	0.149	0.148	0.194	0.200	0.154	0.149	0.154	0.147	0.126	0.130	0.137	0.138	0.155	0.157	0.195	0.182
22:00:02	0.150	0.149	0.146	0.144	0.125	0.128	0.128	0.127	0.144	0.146	0.193	0.173	0.151	0.149	0.147	0.145	0.128	0.130	0.127	0.127	0.146	0.149	0.190	0.177	0.151	0.158	0.147	0.147	0.133	0.137	0.136	0.135	0.149	0.169	0.196	0.174	0.150	0.152	0.155	0.154	0.142	0.148	0.139	0.140	0.151	0.162	0.201	0.175	0.150	0.155	0.152	0.150	0.141	0.158	0.145	0.144	0.161	0.171	0.210	0.176	0.149	0.152	0.151	0.157	0.140	0.148	0.139	0.140	0.159	0.159	0.203	0.178	0.150	0.151	0.148	0.143	0.129	0.129	0.134	0.134	0.149	0.149	0.195	0.204	0.154	0.149	0.154	0.147	0.125	0.130	0.137	0.138	0.155	0.158	0.199	0.183
22:20:02	0.150	0.149	0.146	0.144	0.125	0.128	0.128	0.127	0.146	0.147	0.194	0.174	0.151	0.149	0.147	0.145	0.128	0.130	0.127	0.127	0.146	0.149	0.191	0.179	0.151	0.158	0.147	0.148	0.133	0.137	0.136	0.135	0.149	0.169	0.197	0.175	0.150	0.152	0.155	0.154	0.142	0.148	0.139	0.140	0.151	0.163	0.203	0.176	0.150	0.155	0.152	0.150	0.141	0.158	0.145	0.144	0.161	0.172	0.213	0.177	0.150	0.152	0.151	0.157	0.140	0.148	0.139	0.140	0.159	0.160	0.206	0.178	0.150	0.152	0.148	0.143	0.129	0.129	0.134	0.134	0.149	0.149	0.196	0.207	0.154	0.149	0.155	0.147	0.125	0.130	0.137	0.138	0.154	0.158	0.204	0.186
22:40:02	0.150	0.149	0.146	0.144	0.125	0.128	0.128	0.127	0.145	0.147	0.197	0.174	0.151	0.150	0.147	0.146	0.128	0.130	0.127	0.127	0.146	0.150	0.191	0.180	0.151	0.158	0.147	0.148	0.133	0.137	0.136	0.135	0.150	0.170	0.197	0.175	0.151	0.152	0.155	0.154	0.143	0.148	0.139	0.140	0.152	0.164	0.207	0.176	0.150	0.155	0.152	0.150	0.141	0.158	0.146	0.145	0.162	0.173	0.217	0.177	0.150	0.152	0.151	0.157	0.140	0.148	0.139	0.140	0.160	0.160	0.209	0.180	0.150	0.152	0.148	0.143	0.129	0.129	0.134	0.133	0.150	0.149	0.198	0.213	0.154	0.150	0.155	0.147	0.126	0.130	0.136	0.138	0.153	0.158	0.210	0.188
23:00:02	0.150	0.149	0.146	0.144	0.125	0.128	0.128	0.127	0.144	0.147	0.200	0.175	0.151	0.150	0.148	0.146	0.129	0.130	0.127	0.127	0.147	0.150	0.192	0.182	0.151	0.158	0.147	0.148	0.133	0.137	0.136	0.135	0.150	0.171	0.198	0.176	0.151	0.152	0.155	0.155	0.143	0.148	0.139	0.140	0.152	0.166	0.210	0.177	0.150	0.156	0.152	0.151	0.142	0.159	0.146	0.145	0.163	0.173	0.221	0.178	0.150	0.152	0.152	0.157	0.140	0.149	0.139	0.140	0.161	0.161	0.214	0.181	0.151	0.152	0.148	0.143	0.129	0.129	0.134	0.133	0.150	0.149	0.200	0.217	0.154	0.150	0.155	0.148	0.125	0.130	0.136	0.138	0.155	0.159	0.215	0.191
23:20:02	0.150	0.150	0.146	0.145	0.125	0.128	0.127	0.127	0.144	0.147	0.203	0.176	0.152	0.150	0.148	0.146	0.129	0.130	0.127	0.127	0.147	0.150	0.192	0.183	0.151	0.159	0.147	0.149	0.134	0.138	0.136	0.135	0.151	0.172	0.199	0.176	0.151	0.153	0.156	0.155	0.144	0.149	0.140	0.141	0.154	0.168	0.215	0.178	0.150	0.157	0.154	0.152	0.143	0.161	0.148	0.148	0.166	0.175	0.226	0.178	0.150	0.153	0.153	0.159	0.142	0.150	0.141	0.142	0.163	0.163	0.218	0.184	0.151	0.153	0.149	0.144	0.130	0.129	0.135	0.133	0.150	0.149	0.202	0.222	0.154	0.150	0.155	0.148	0.125	0.130	0.136	0.138	0.155	0.160	0.221	0.195
23:40:02	0.150	0.150	0.146	0.144	0.125	0.128	0.127	0.126	0.143	0.147	0.209	0.176	0.152	0.150	0.148	0.146	0.129	0.130	0.127	0.127	0.147	0.150	0.193	0.186	0.151	0.159	0.147	0.149	0.135	0.139	0.137	0.135	0.151	0.173	0.200	0.177	0.151	0.153	0.156	0.156	0.145	0.150	0.140	0.142	0.156	0.170	0.220	0.178	0.150	0.157	0.154	0.153	0.144	0.162	0.149	0.149	0.167	0.176	0.230	0.179	0.150	0.153	0.153	0.159	0.142	0.151	0.141	0.142	0.164	0.164	0.222	0.186	0.151	0.153	0.149	0.144	0.130	0.129	0.135	0.133	0.150	0.149	0.205	0.226	0.154	0.150	0.154	0.148	0.125	0.130	0.136	0.138	0.156	0.161	0.226	0.200
24:00:02	0.151	0.150	0.146	0.144	0.125	0.128	0.127	0.126	0.143	0.147	0.215	0.177	0.152	0.150	0.148	0.146	0.129	0.130	0.127	0.127	0.147	0.151	0.193	0.188	0.151	0.160	0.147	0.150	0.135	0.139	0.137	0.135	0.152	0.174	0.201	0.177	0.151	0.154	0.156	0.157	0.145	0.151	0.141	0.142	0.157	0.172	0.225	0.180	0.151	0.158	0.155	0.155	0.145	0.163	0.150	0.150	0.169	0.176	0.235	0.180	0.150	0.154	0.154	0.160	0.143	0.151	0.142	0.143	0.166	0.165	0.226	0.189	0.151	0.153	0.149	0.145	0.130	0.129	0.135	0.133	0.151	0.150	0.207	0.230	0.155	0.150	0.155	0.148	0.125	0.129	0.136	0.138	0.156	0.162	0.230	0.204
24:20:02	0.151	0.150	0.146	0.144	0.125	0.128	0.127	0.126	0.144	0.148	0.222	0.178	0.152	0.150	0.148	0.146	0.129	0.130	0.127	0.127	0.148	0.151	0.194	0.191	0.152	0.160	0.147	0.150	0.135	0.139	0.137	0.134	0.153	0.174	0.202	0.178	0.151	0.154	0.157	0.158	0.146	0.151	0.141	0.143	0.158	0.173	0.230	0.181	0.151	0.158	0.155	0.155	0.146	0.164	0.151	0.151	0.170	0.177	0.239	0.181	0.150	0.154	0.154	0.160	0.144	0.152	0.142	0.143	0.167	0.166	0.230	0.192	0.151	0.154	0.149	0.146	0.130	0.129	0.135	0.133	0.151	0.150	0.211	0.233	0.155	0.150	0.154	0.148	0.125	0.130	0.136	0.138	0.156	0.163	0.234	0.209
24:40:02	0.151	0.150	0.146	0.144	0.125	0.128	0.127	0.126	0.144	0.148	0.228	0.179	0.152	0.150	0.148	0.147	0.130	0.130	0.127	0.127	0.148	0.151	0.194	0.194	0.152	0.160	0.147	0.150	0.136	0.140	0.137	0.134	0.153	0.175	0.203	0.178	0.151	0.155	0.157	0.158	0.147	0.152	0.142	0.143	0.159	0.175	0.235	0.182	0.151	0.159	0.156	0.157	0.147	0.165	0.152	0.152	0.172	0.178	0.243	0.182	0.150	0.155	0.155	0.161	0.144	0.153	0.143	0.144	0.169	0.168	0.233	0.196	0.151	0.154	0.149	0.146	0.130	0.129	0.136	0.133	0.151	0.151	0.214	0.236	0.155	0.150	0.154	0.148	0.125	0.129	0.136	0.138	0.157	0.164	0.237	0.214
25:00:02	0.151	0.150	0.146	0.144	0.125	0.128	0.127	0.126	0.145	0.148	0.234	0.179	0.152	0.151	0.148	0.147	0.130	0.130	0.127	0.127	0.148	0.152	0.195	0.197	0.152	0.160	0.147	0.151	0.136	0.141	0.137	0.134	0.154	0.175	0.204	0.179	0.152	0.155	0.157	0.159	0.147	0.153	0.142	0.144	0.161	0.177	0.239	0.183	0.151	0.159	0.156	0.158	0.148	0.166	0.154	0.154	0.175	0.180	0.247	0.183	0.151	0.155	0.155	0.161	0.145	0.154	0.144	0.145	0.170	0.169	0.237	0.198	0.151	0.154	0.149	0.147	0.130	0.129	0.137	0.133	0.152	0.151	0.217	0.238	0.155	0.150	0.154	0.147	0.125	0.129	0.136	0.138	0.157	0.165	0.240	0.218
25:20:02	0.151	0.150	0.146	0.144	0.125	0.127	0.127	0.126	0.146	0.148	0.239	0.180	0.152	0.151	0.148	0.147	0.130	0.130	0.127	0.127	0.148	0.152	0.196	0.200	0.152	0.160	0.147	0.151	0.136	0.140	0.137	0.134	0.154	0.176	0.205	0.180	0.152	0.155	0.157	0.159	0.147	0.153	0.142	0.144	0.161	0.178	0.243	0.185	0.151	0.159	0.156	0.157	0.148	0.167	0.154	0.154	0.175	0.181	0.251	0.185	0.151	0.155	0.155	0.161	0.145	0.155	0.144	0.145	0.171	0.170	0.240	0.204	0.151	0.155	0.149	0.147	0.130	0.129	0.137	0.133	0.152	0.151	0.220	0.241	0.156	0.150	0.154	0.147	0.125	0.129	0.136	0.137	0.157	0.166	0.243	0.223
25:40:02	0.151	0.150	0.146	0.144	0.125	0.127	0.127	0.126	0.148	0.148	0.245	0.181	0.152	0.151	0.148	0.147	0.130	0.130	0.127	0.127	0.148	0.152	0.196	0.203	0.152	0.161	0.147	0.151	0.136	0.141	0.137	0.134	0.155	0.177	0.207	0.180	0.152	0.155	0.157	0.160	0.148	0.153	0.143	0.144	0.162	0.179	0.247	0.187	0.151	0.159	0.156	0.158	0.148	0.167	0.154	0.154	0.176	0.182	0.254	0.187	0.151	0.155	0.155	0.161	0.145	0.155	0.144	0.146	0.172	0.171	0.244	0.207	0.152	0.155	0.149	0.147	0.130	0.129	0.137	0.133	0.152	0.151	0.223	0.243	0.156	0.150	0.153	0.147	0.125	0.130	0.136	0.137	0.155	0.167	0.246	0.228
26:00:02	0.152	0.150	0.146	0.144	0.125	0.128	0.127	0.126	0.149	0.149	0.250	0.182	0.153	0.151	0.148	0.147	0.130	0.130	0.127	0.127	0.149	0.153	0.197	0.206	0.152	0.161	0.147	0.150	0.136	0.141	0.137	0.134	0.156	0.178	0.209	0.182	0.152	0.155	0.157	0.160	0.148	0.154	0.143	0.145	0.163	0.180	0.250	0.190	0.151	0.159	0.156	0.158	0.149	0.168	0.154	0.155	0.177	0.183	0.257	0.190	0.151	0.155	0.155	0.162	0.146	0.156	0.145	0.146	0.173	0.172	0.248	0.212	0.152	0.156	0.150	0.148	0.130	0.129	0.137	0.133	0.153	0.152	0.226	0.245	0.157	0.150	0.154	0.148	0.125	0.130	0.136	0.137	0.158	0.168	0.248	0.232
26:20:02	0.152	0.150	0.146	0.144	0.125	0.128	0.127	0.126	0.148	0.150	0.254	0.183	0.153	0.151	0.148	0.147	0.130	0.131	0.127	0.127	0.149	0.154	0.198	0.210	0.152	0.161	0.147	0.151	0.136	0.141	0.137	0.134	0.157	0.178	0.211	0.183	0.152	0.155	0.157	0.159	0.148	0.154	0.143	0.145	0.164	0.181	0.253	0.193	0.151	0.159	0.156	0.158	0.149	0.168	0.155	0.155	0.179	0.184	0.260	0.193	0.151	0.155	0.155	0.162	0.146	0.156	0.145	0.146	0.174	0.173	0.250	0.216	0.152	0.157	0.150	0.148	0.130	0.129	0.137	0.133	0.153	0.152	0.229	0.247	0.158	0.150	0.154	0.148	0.125	0.129	0.136	0.137	0.158	0.169	0.251	0.235
26:40:02	0.152	0.150	0.146	0.144	0.125	0.127	0.126	0.126	0.148	0.151	0.258	0.184	0.153	0.151	0.148	0.147	0.130	0.131	0.127	0.127	0.149	0.154	0.199	0.213	0.152	0.162	0.147	0.151	0.137	0.141	0.137	0.134	0.157	0.179	0.213	0.185	0.152	0.155	0.157	0.160	0.148	0.154	0.143	0.145	0.165	0.183	0.256	0.195	0.152	0.160	0.157	0.159	0.149	0.169	0.155	0.156	0.181	0.185	0.262	0.195	0.151	0.155	0.155	0.162	0.146	0.157	0.145	0.147	0.175	0.174	0.253	0.218	0.152	0.157	0.150	0.149	0.130	0.129	0.138	0.133	0.154	0.152	0.232	0.248	0.159	0.150	0.153	0.147	0.125	0.129	0.136	0.137	0.159	0.170	0.252	0.238
27:00:02	0.153	0.150	0.146	0.144	0.125	0.127	0.126	0.125	0.148	0.152	0.262	0.186	0.153	0.151	0.148	0.147	0.130	0.130	0.127	0.127	0.149	0.155	0.201	0.216	0.152	0.162	0.147	0.151	0.137	0.142	0.137	0.134	0.158	0.180	0.215	0.188	0.152	0.156	0.157	0.159	0.148	0.155	0.143	0.145	0.167	0.184	0.260	0.198	0.152	0.160	0.157	0.159	0.150	0.169	0.156	0.157	0.183	0.186	0.265	0.198	0.151	0.155	0.155	0.162	0.146	0.157	0.145	0.147	0.176	0.175	0.255	0.224	0.152	0.158	0.150	0.149	0.130	0.129	0.138	0.133	0.154	0.153	0.235	0.251	0.159	0.150	0.153	0.147	0.125	0.129	0.135	0.137	0.161	0.171	0.255	0.241
27:20:02	0.153	0.150	0.146	0.144	0.125	0.127	0.126	0.125	0.148	0.153	0.265	0.187	0.153	0.151	0.148	0.147	0.130	0.131	0.127	0.127	0.150	0.156	0.202	0.220	0.152	0.162	0.147	0.151	0.137	0.142	0.137	0.134	0.159	0.180	0.218	0.190	0.152	0.156	0.157	0.159	0.148	0.154	0.143	0.146	0.168	0.185	0.263	0.203	0.152	0.160	0.157	0.159	0.150	0.170	0.156	0.157	0.184	0.187	0.268	0.203	0.151	0.156	0.155	0.162	0.146	0.158	0.146	0.148	0.178	0.176	0.259	0.228	0.153	0.159	0.150	0.149	0.130	0.129	0.138	0.133	0.154	0.153	0.238	0.252	0.160	0.150	0.153	0.147	0.125	0.129	0.135	0.137	0.161	0.172	0.257	0.243
27:40:02	0.154	0.151	0.145	0.144	0.125	0.127	0.126	0.125	0.147	0.154	0.268	0.188	0.153	0.151	0.148	0.147	0.130	0.131	0.127	0.127	0.150	0.157	0.204	0.222	0.152	0.163	0.147	0.151	0.138	0.143	0.137	0.134	0.160	0.182	0.221	0.194	0.152	0.157	0.157	0.159	0.148	0.155	0.143	0.146	0.171	0.188	0.266	0.207	0.152	0.161	0.158	0.160	0.151	0.171	0.158	0.159	0.187	0.189	0.271	0.208	0.151	0.156	0.156	0.163	0.147	0.159	0.147	0.149	0.179	0.179	0.262	0.233	0.153	0.160	0.150	0.150	0.130	0.129	0.140	0.133	0.155	0.153	0.242	0.254	0.161	0.150	0.153	0.147	0.125	0.129	0.135	0.137	0.163	0.174	0.259	0.245
28:00:02	0.154	0.151	0.145	0.144	0.125	0.127	0.126	0.125	0.148	0.155	0.270	0.190	0.153	0.152	0.148	0.147	0.131	0.131	0.127	0.127	0.150	0.158	0.206	0.225	0.153	0.164	0.147	0.152	0.138	0.143	0.138	0.134	0.161	0.182	0.224	0.198	0.152	0.157	0.157	0.159	0.149	0.155	0.143	0.147	0.172	0.189	0.269	0.212	0.152	0.161	0.158	0.161	0.152	0.172	0.158	0.159	0.189	0.191	0.274	0.213	0.151	0.157	0.156	0.163	0.148	0.159	0.147	0.149	0.181	0.180	0.265	0.235	0.153	0.160	0.150	0.151	0.131	0.129	0.140	0.133	0.155	0.154	0.245	0.255	0.162	0.150	0.153	0.147	0.125	0.129	0.135	0.137	0.163	0.175	0.261	0.247
28:20:02	0.154	0.151	0.145	0.144	0.125	0.127	0.126	0.125	0.147	0.156	0.273	0.191	0.153	0.152	0.148	0.147	0.131	0.131	0.127	0.127	0.150	0.159	0.208	0.227	0.153	0.164	0.147	0.152	0.138	0.143	0.137	0.134	0.162	0.183	0.227	0.202	0.152	0.157	0.157	0.159	0.149	0.155	0.142	0.147	0.172	0.189	0.271	0.216	0.152	0.161	0.158	0.161	0.152	0.173	0.158	0.159	0.190	0.191	0.276	0.218	0.151	0.157	0.156	0.163	0.148	0.159	0.148	0.150	0.182	0.181	0.268	0.239	0.153	0.161	0.150	0.151	0.130	0.129	0.140	0.132	0.156	0.154	0.248	0.257	0.162	0.150	0.153	0.146	0.125	0.129	0.135	0.137	0.164	0.176	0.263	0.249
28:40:02	0.156	0.151	0.145	0.144	0.125	0.128	0.126	0.125	0.148	0.158	0.276	0.195	0.153	0.152	0.148	0.147	0.131	0.131	0.127	0.127	0.151	0.160	0.213	0.230	0.153	0.165	0.147	0.152	0.138	0.143	0.137	0.134	0.163	0.184	0.231	0.205	0.152	0.157	0.157	0.158	0.149	0.157	0.142	0.146	0.173	0.190	0.273	0.218	0.152	0.161	0.158	0.161	0.152	0.173	0.158	0.159	0.190	0.192	0.277	0.219	0.151	0.156	0.156	0.163	0.148	0.159	0.148	0.149	0.182	0.181	0.267	0.240	0.154	0.162	0.150	0.151	0.131	0.129	0.140	0.132	0.155	0.153	0.248	0.259	0.164	0.151	0.152	0.147	0.125	0.129	0.135	0.137	0.165	0.177	0.265	0.251
29:00:02	0.156	0.151	0.145	0.144	0.125	0.127	0.126	0.125	0.148	0.159	0.278	0.195	0.153	0.152	0.148	0.147	0.131	0.131	0.127	0.127	0.151	0.161	0.213	0.231	0.153	0.165	0.147	0.152	0.139	0.143	0.137	0.134	0.164	0.184	0.234	0.211	0.153	0.157	0.157	0.158	0.148	0.155	0.142	0.146	0.174	0.191	0.276	0.224	0.152	0.161	0.158	0.161	0.152	0.173	0.159	0.159	0.192	0.193	0.281	0.227	0.151	0.157	0.155	0.162	0.148	0.160	0.147	0.149	0.183	0.183	0.273	0.246	0.154	0.162	0.150	0.151	0.131	0.129	0.140	0.132	0.156	0.155	0.253	0.260	0.164	0.150	0.152	0.146	0.125	0.129	0.135	0.136	0.165	0.178	0.267	0.252
29:20:02	0.156	0.151	0.145	0.144	0.125	0.127	0.126	0.125	0.148	0.160	0.280	0.197	0.153	0.152	0.148	0.147	0.131	0.131	0.127	0.127	0.152	0.162	0.217	0.233	0.153	0.165	0.147	0.152	0.139	0.144	0.138	0.134	0.165	0.185	0.237	0.216	0.153	0.157	0.157	0.157	0.148	0.155	0.142	0.146	0.176	0.193	0.278	0.227	0.152	0.161	0.158	0.161	0.153	0.174	0.159	0.160	0.193	0.195	0.283	0.230	0.151	0.157	0.156	0.162	0.148	0.160	0.148	0.150	0.184	0.184	0.275	0.247	0.154	0.163	0.150	0.152	0.131	0.129	0.141	0.132	0.157	0.155	0.256	0.262	0.164	0.150	0.153	0.146	0.125	0.129	0.135	0.137	0.166	0.179	0.269	0.254
29:40:02	0.156	0.151	0.145	0.144	0.125	0.127	0.126	0.125	0.148	0.161	0.282	0.199	0.153	0.152	0.148	0.147	0.131	0.131	0.127	0.127	0.152	0.163	0.220	0.234	0.153	0.165	0.147	0.152	0.139	0.144	0.137	0.134	0.165	0.186	0.241	0.221	0.153	0.157	0.157	0.157	0.148	0.155	0.141	0.145	0.176	0.192	0.280	0.230	0.152	0.161	0.158	0.161	0.153	0.174	0.159	0.160	0.194	0.195	0.286	0.232	0.152	0.157	0.156	0.162	0.148	0.160	0.147	0.150	0.185	0.184	0.277	0.250	0.154	0.163	0.150	0.152	0.131	0.129	0.141	0.132	0.157	0.155	0.258	0.264	0.165	0.151	0.152	0.146	0.125	0.128	0.135	0.136	0.167	0.180	0.271	0.255
30:00:02	0.157	0.151	0.145	0.144	0.125	0.127	0.126	0.125	0.148	0.162	0.285	0.201	0.153	0.152	0.148	0.147	0.131	0.131	0.126	0.127	0.152	0.164	0.223	0.236	0.153	0.165	0.147	0.152	0.139	0.143	0.137	0.134	0.166	0.187	0.244	0.227	0.152	0.157	0.157	0.157	0.148	0.154	0.141	0.145	0.177	0.193	0.283	0.234	0.152	0.161	0.158	0.161	0.153	0.174	0.159	0.160	0.194	0.195	0.288	0.237	0.151	0.157	0.155	0.162	0.148	0.160	0.147	0.149	0.186	0.185	0.280	0.254	0.154	0.164	0.150	0.151	0.131	0.129	0.140	0.132	0.157	0.155	0.261	0.266	0.165	0.151	0.152	0.146	0.125	0.128	0.134	0.136	0.169	0.181	0.273	0.257
30:20:02	0.157	0.151	0.145	0.144	0.125	0.127	0.125	0.124	0.148	0.164	0.287	0.204	0.153	0.152	0.148	0.147	0.131	0.131	0.126	0.127	0.153	0.165	0.226	0.238	0.153	0.165	0.147	0.151	0.138	0.143	0.137	0.133	0.167	0.187	0.247	0.231	0.152	0.157	0.156	0.157	0.147	0.153	0.141	0.145	0.177	0.193	0.284	0.239	0.152	0.161	0.157	0.161	0.152	0.174	0.159	0.159	0.194	0.196	0.290	0.243	0.151	0.157	0.155	0.161	0.148	0.160	0.147	0.149	0.186	0.185	0.282	0.256	0.154	0.164	0.150	0.151	0.130	0.129	0.140	0.132	0.157	0.156	0.263	0.267	0.166	0.151	0.153	0.146	0.125	0.128	0.134	0.136	0.167	0.181	0.275	0.258
30:40:02	0.158	0.151	0.145	0.144	0.125	0.127	0.125	0.124	0.148	0.165	0.289	0.206	0.153	0.152	0.147	0.147	0.131	0.130	0.126	0.127	0.153	0.166	0.230	0.239	0.153	0.165	0.147	0.151	0.138	0.143	0.137	0.133	0.168	0.188	0.251	0.237	0.152	0.157	0.156	0.156	0.147	0.153	0.140	0.144	0.177	0.193	0.287	0.243	0.152	0.161	0.157	0.160	0.152	0.174	0.158	0.158	0.194	0.196	0.293	0.247	0.151	0.157	0.155	0.161	0.147	0.160	0.146	0.148	0.186	0.185	0.284	0.258	0.154	0.165	0.149	0.151	0.130	0.129	0.140	0.132	0.158	0.156	0.265	0.268	0.167	0.151	0.152	0.146	0.125	0.129	0.134	0.136	0.169	0.182	0.276	0.259
31:00:02	0.158	0.151	0.144	0.144	0.125	0.127	0.125	0.124	0.148	0.167	0.291	0.209	0.153	0.152	0.147	0.147	0.131	0.131	0.126	0.127	0.154	0.168	0.233	0.240	0.153	0.166	0.147	0.151	0.139	0.143	0.137	0.133	0.169	0.189	0.254	0.241	0.152	0.157	0.156	0.156	0.146	0.153	0.140	0.144	0.179	0.195	0.289	0.245	0.152	0.161	0.157	0.160	0.152	0.173	0.158	0.158	0.195	0.197	0.295	0.249	0.151	0.157	0.155	0.161	0.147	0.160	0.146	0.148	0.187	0.186	0.287	0.261	0.155	0.165	0.150	0.152	0.130	0.129	0.140	0.132	0.158	0.156	0.268	0.270	0.167	0.151	0.153	0.146	0.125	0.129	0.134	0.136	0.170	0.183	0.278	0.261
31:20:02	0.159	0.151	0.144	0.144	0.125	0.127	0.125	0.124	0.148	0.168	0.294	0.212	0.153	0.152	0.147	0.147	0.131	0.131	0.126	0.126	0.154	0.169	0.237	0.241	0.153	0.165	0.147	0.151	0.139	0.143	0.137	0.133	0.169	0.189	0.258	0.245	0.152	0.157	0.155	0.155	0.146	0.153	0.139	0.144	0.179	0.195	0.291	0.249	0.152	0.161	0.157	0.160	0.152	0.174	0.158	0.158	0.196	0.197	0.296	0.253	0.151	0.157	0.155	0.160	0.147	0.160	0.146	0.148	0.188	0.187	0.290	0.263	0.155	0.165	0.149	0.151	0.130	0.129	0.140	0.132	0.158	0.157	0.270	0.272	0.168	0.151	0.152	0.146	0.125	0.129	0.134	0.136	0.170	0.184	0.280	0.262
31:40:02	0.159	0.151	0.144	0.144	0.125	0.127	0.125	0.124	0.149	0.169	0.296	0.215	0.153	0.152	0.147	0.146	0.131	0.130	0.126	0.126	0.155	0.169	0.241	0.243	0.153	0.165	0.146	0.151	0.138	0.142	0.136	0.133	0.170	0.190	0.261	0.249	0.152	0.156	0.155	0.155	0.146	0.153	0.139	0.143	0.178	0.194	0.292	0.252	0.152	0.160	0.156	0.159	0.151	0.173	0.157	0.157	0.194	0.196	0.298	0.256	0.151	0.156	0.154	0.160	0.146	0.160	0.145	0.147	0.187	0.186	0.291	0.265	0.155	0.165	0.149	0.151	0.130	0.129	0.138	0.132	0.158	0.157	0.272	0.273	0.169	0.151	0.152	0.146	0.125	0.128	0.134	0.136	0.170	0.185	0.282	0.263
32:00:02	0.160	0.151	0.144	0.143	0.125	0.127	0.125	0.124	0.149	0.170	0.298	0.218	0.153	0.152	0.147	0.146	0.131	0.130	0.126	0.126	0.155	0.171	0.245	0.244	0.153	0.165	0.146	0.151	0.137	0.142	0.136	0.133	0.171	0.191	0.264	0.252	0.152	0.156	0.155	0.155	0.145	0.152	0.139	0.143	0.179	0.194	0.294	0.255	0.152	0.160	0.156	0.159	0.150	0.172	0.156	0.155	0.194	0.196	0.300	0.259	0.151	0.156	0.154	0.160	0.146	0.160	0.145	0.146	0.187	0.186	0.293	0.267	0.155	0.166	0.149	0.151	0.130	0.129	0.138	0.132	0.159	0.158	0.274	0.274	0.171	0.151	0.152	0.146	0.125	0.129	0.134	0.136	0.172	0.185	0.283	0.264
32:20:02	0.161	0.151	0.144	0.143	0.125	0.127	0.125	0.124	0.149	0.172	0.301	0.221	0.153	0.152	0.147	0.146	0.131	0.130	0.126	0.126	0.156	0.172	0.249	0.245	0.153	0.165	0.146	0.151	0.137	0.141	0.136	0.133	0.172	0.191	0.268	0.255	0.153	0.156	0.154	0.154	0.145	0.153	0.138	0.142	0.179	0.195	0.296	0.258	0.152	0.160	0.155	0.158	0.150	0.172	0.155	0.155	0.195	0.196	0.302	0.262	0.151	0.156	0.153	0.159	0.145	0.159	0.144	0.145	0.187	0.186	0.296	0.269	0.155	0.167	0.149	0.151	0.130	0.129	0.137	0.132	0.160	0.159	0.277	0.276	0.172	0.151	0.152	0.146	0.125	0.128	0.134	0.136	0.173	0.186	0.286	0.265
32:40:02	0.161	0.151	0.144	0.143	0.125	0.127	0.125	0.124	0.149	0.174	0.303	0.224	0.153	0.152	0.147	0.146	0.131	0.130	0.126	0.126	0.157	0.173	0.253	0.246	0.153	0.165	0.146	0.151	0.137	0.141	0.136	0.133	0.173	0.191	0.271	0.258	0.152	0.156	0.154	0.154	0.145	0.153	0.138	0.141	0.180	0.195	0.297	0.260	0.153	0.160	0.155	0.158	0.149	0.171	0.155	0.154	0.195	0.197	0.304	0.264	0.152	0.156	0.153	0.159	0.145	0.159	0.144	0.145	0.188	0.187	0.298	0.270	0.156	0.167	0.149	0.151	0.130	0.129	0.137	0.131	0.161	0.160	0.279	0.277	0.173	0.152	0.152	0.145	0.125	0.128	0.134	0.136	0.173	0.186	0.287	0.266
33:00:02	0.162	0.151	0.144	0.143	0.125	0.127	0.125	0.124	0.149	0.175	0.306	0.226	0.153	0.152	0.147	0.146	0.131	0.130	0.126	0.126	0.158	0.175	0.257	0.247	0.153	0.166	0.146	0.151	0.137	0.141	0.136	0.133	0.174	0.192	0.274	0.260	0.153	0.156	0.154	0.154	0.145	0.152	0.138	0.141	0.180	0.196	0.299	0.262	0.153	0.160	0.155	0.158	0.149	0.170	0.154	0.154	0.195	0.197	0.306	0.266	0.152	0.156	0.153	0.158	0.144	0.159	0.143	0.144	0.188	0.187	0.299	0.272	0.156	0.168	0.148	0.151	0.130	0.129	0.137	0.131	0.162	0.161	0.281	0.279	0.174	0.152	0.152	0.145	0.125	0.128	0.134	0.136	0.174	0.187	0.288	0.268
33:20:02	0.163	0.151	0.144	0.143	0.125	0.127	0.125	0.124	0.149	0.176	0.308	0.229	0.153	0.152	0.146	0.146	0.131	0.130	0.126	0.126	0.158	0.176	0.261	0.248	0.153	0.166	0.146	0.150	0.137	0.141	0.136	0.133	0.175	0.193	0.277	0.262	0.153	0.156	0.154	0.154	0.145	0.152	0.138	0.140	0.181	0.196	0.300	0.264	0.153	0.159	0.155	0.158	0.148	0.170	0.154	0.154	0.196	0.198	0.307	0.268	0.152	0.156	0.153	0.158	0.144	0.159	0.142	0.144	0.188	0.188	0.301	0.273	0.156	0.169	0.148	0.151	0.130	0.129	0.137	0.131	0.162	0.162	0.283	0.280	0.175	0.152	0.151	0.145	0.125	0.128	0.134	0.136	0.174	0.188	0.290	0.269
33:40:02	0.164	0.151	0.144	0.143	0.125	0.127	0.125	0.124	0.150	0.178	0.311	0.232	0.153	0.153	0.146	0.146	0.131	0.130	0.126	0.126	0.159	0.178	0.266	0.249	0.153	0.167	0.146	0.150	0.137	0.141	0.136	0.132	0.175	0.193	0.280	0.264	0.153	0.156	0.153	0.154	0.144	0.152	0.137	0.140	0.182	0.197	0.302	0.267	0.153	0.159	0.155	0.158	0.148	0.169	0.154	0.153	0.196	0.198	0.309	0.271	0.152	0.156	0.152	0.157	0.143	0.159	0.142	0.144	0.189	0.189	0.303	0.274	0.157	0.170	0.148	0.152	0.130	0.129	0.137	0.131	0.163	0.164	0.285	0.281	0.177	0.153	0.151	0.145	0.125	0.128	0.134	0.136	0.176	0.188	0.292	0.270
34:00:02	0.165	0.152	0.144	0.143	0.125	0.127	0.125	0.124	0.150	0.179	0.314	0.234	0.153	0.153	0.146	0.146	0.131	0.130	0.125	0.126	0.160	0.179	0.270	0.250	0.153	0.167	0.146	0.150	0.137	0.141	0.136	0.132	0.176	0.194	0.283	0.265	0.153	0.156	0.152	0.153	0.144	0.153	0.137	0.140	0.182	0.197	0.303	0.268	0.153	0.159	0.155	0.157	0.148	0.168	0.153	0.153	0.197	0.199	0.310	0.272	0.152	0.156	0.152	0.157	0.142	0.158	0.141	0.143	0.189	0.189	0.304	0.276	0.157	0.171	0.148	0.152	0.130	0.129	0.137	0.131	0.163	0.165	0.287	0.282	0.178	0.153	0.151	0.145	0.125	0.128	0.134	0.135	0.178	0.189	0.293	0.271
34:20:02	0.166	0.152	0.143	0.143	0.125	0.127	0.125	0.124	0.150	0.180	0.316	0.236	0.153	0.153	0.146	0.146	0.131	0.130	0.126	0.126	0.161	0.180	0.272	0.251	0.153	0.167	0.146	0.150	0.137	0.141	0.135	0.132	0.177	0.195	0.285	0.266	0.153	0.156	0.153	0.153	0.144	0.152	0.137	0.139	0.183	0.198	0.304	0.270	0.153	0.159	0.155	0.157	0.147	0.168	0.153	0.153	0.198	0.199	0.311	0.274	0.152	0.156	0.152	0.156	0.142	0.158	0.140	0.143	0.190	0.190	0.307	0.277	0.158	0.172	0.148	0.152	0.130	0.129	0.137	0.131	0.164	0.166	0.288	0.283	0.178	0.153	0.151	0.145	0.125	0.128	0.133	0.135	0.178	0.189	0.295	0.272
34:40:02	0.166	0.152	0.143	0.143	0.125	0.127	0.125	0.124	0.150	0.181	0.318	0.238	0.153	0.153	0.146	0.146	0.131	0.130	0.125	0.126	0.161	0.181	0.275	0.252	0.153	0.168	0.146	0.150	0.137	0.141	0.135	0.132	0.177	0.195	0.287	0.268	0.153	0.156	0.152	0.153	0.144	0.152	0.136	0.139	0.183	0.198	0.305	0.271	0.153	0.159	0.154	0.157	0.147	0.168	0.153	0.153	0.198	0.200	0.312	0.275	0.152	0.156	0.152	0.156	0.142	0.158	0.140	0.143	0.190	0.190	0.308	0.278	0.158	0.172	0.148	0.152	0.130	0.129	0.136	0.131	0.165	0.166	0.289	0.285	0.179	0.154	0.151	0.145	0.125	0.128	0.133	0.135	0.180	0.189	0.296	0.273
35:00:02	0.167	0.152	0.143	0.143	0.124	0.127	0.124	0.124	0.150	0.183	0.321	0.240	0.153	0.153	0.146	0.146	0.131	0.130	0.125	0.125	0.162	0.183	0.278	0.254	0.153	0.167	0.145	0.150	0.137	0.141	0.135	0.132	0.178	0.196	0.289	0.269	0.153	0.156	0.152	0.153	0.143	0.152	0.136	0.138	0.184	0.199	0.306	0.273	0.153	0.159	0.154	0.157	0.147	0.168	0.153	0.152	0.199	0.200	0.314	0.277	0.152	0.156	0.152	0.155	0.141	0.157	0.139	0.143	0.190	0.190	0.309	0.279	0.158	0.173	0.148	0.152	0.130	0.129	0.136	0.131	0.166	0.167	0.291	0.286	0.180	0.154	0.151	0.144	0.125	0.128	0.133	0.135	0.180	0.190	0.298	0.274
35:20:02	0.168	0.152	0.143	0.143	0.125	0.127	0.124	0.124	0.151	0.184	0.323	0.242	0.153	0.153	0.146	0.146	0.131	0.130	0.125	0.126	0.163	0.184	0.281	0.255	0.153	0.168	0.145	0.150	0.137	0.140	0.135	0.132	0.179	0.196	0.291	0.271	0.153	0.156	0.151	0.152	0.143	0.153	0.136	0.138	0.184	0.199	0.308	0.275	0.153	0.159	0.154	0.156	0.146	0.168	0.152	0.152	0.199	0.200	0.315	0.279	0.152	0.156	0.151	0.155	0.141	0.157	0.138	0.142	0.190	0.190	0.310	0.280	0.159	0.173	0.147	0.152	0.130	0.129	0.136	0.131	0.166	0.167	0.293	0.288	0.181	0.155	0.151	0.144	0.125	0.128	0.133	0.135	0.182	0.190	0.300	0.275
35:40:02	0.169	0.152	0.143	0.143	0.125	0.127	0.124	0.123	0.151	0.185	0.325	0.244	0.153	0.153	0.145	0.145	0.131	0.130	0.125	0.126	0.164	0.186	0.283	0.255	0.153	0.168	0.145	0.150	0.137	0.140	0.135	0.132	0.179	0.197	0.293	0.272	0.153	0.155	0.151	0.152	0.143	0.153	0.136	0.137	0.184	0.199	0.308	0.276	0.153	0.159	0.153	0.156	0.146	0.167	0.152	0.152	0.199	0.200	0.316	0.280	0.152	0.155	0.151	0.154	0.141	0.157	0.138	0.142	0.191	0.191	0.312	0.281	0.160	0.175	0.147	0.152	0.130	0.129	0.135	0.131	0.167	0.168	0.294	0.289	0.181	0.155	0.150	0.144	0.125	0.128	0.133	0.135	0.181	0.190	0.301	0.276
36:00:02	0.170	0.152	0.143	0.142	0.125	0.127	0.124	0.123	0.151	0.186	0.328	0.245	0.153	0.153	0.145	0.145	0.131	0.130	0.125	0.125	0.165	0.187	0.286	0.257	0.153	0.169	0.145	0.150	0.137	0.140	0.135	0.132	0.180	0.198	0.296	0.273	0.153	0.155	0.151	0.152	0.143	0.153	0.135	0.136	0.185	0.200	0.309	0.277	0.153	0.159	0.153	0.155	0.146	0.167	0.152	0.151	0.199	0.201	0.317	0.281	0.152	0.155	0.151	0.154	0.140	0.156	0.137	0.142	0.191	0.191	0.313	0.282	0.161	0.175	0.147	0.152	0.130	0.129	0.135	0.131	0.167	0.169	0.296	0.290	0.183	0.156	0.151	0.144	0.126	0.128	0.133	0.135	0.184	0.190	0.303	0.277
36:20:02	0.171	0.152	0.143	0.142	0.125	0.127	0.124	0.123	0.151	0.187	0.330	0.247	0.154	0.153	0.145	0.145	0.130	0.130	0.125	0.125	0.166	0.188	0.289	0.258	0.153	0.169	0.145	0.150	0.136	0.140	0.135	0.132	0.182	0.198	0.298	0.274	0.153	0.155	0.150	0.152	0.142	0.153	0.135	0.135	0.185	0.200	0.310	0.278	0.154	0.159	0.153	0.155	0.145	0.167	0.152	0.151	0.200	0.201	0.318	0.282	0.152	0.155	0.150	0.153	0.139	0.156	0.136	0.141	0.191	0.191	0.314	0.283	0.161	0.176	0.147	0.153	0.130	0.129	0.135	0.131	0.167	0.170	0.297	0.292	0.184	0.157	0.150	0.144	0.126	0.128	0.133	0.135	0.184	0.190	0.305	0.278
36:40:02	0.172	0.153	0.143	0.142	0.125	0.127	0.124	0.123	0.152	0.188	0.332	0.248	0.154	0.154	0.145	0.145	0.131	0.130	0.125	0.125	0.166	0.190	0.291	0.259	0.154	0.169	0.145	0.149	0.136	0.140	0.135	0.132	0.182	0.199	0.300	0.275	0.153	0.155	0.150	0.152	0.142	0.152	0.135	0.135	0.186	0.200	0.311	0.279	0.154	0.159	0.153	0.155	0.145	0.167	0.152	0.151	0.201	0.202	0.319	0.283	0.152	0.155	0.150	0.153	0.139	0.156	0.136	0.141	0.191	0.192	0.315	0.284	0.162	0.177	0.147	0.153	0.129	0.129	0.135	0.131	0.168	0.171	0.298	0.293	0.185	0.158	0.150	0.144	0.125	0.128	0.133	0.135	0.182	0.191	0.306	0.278
37:00:03	0.173	0.153	0.143	0.142	0.124	0.127	0.124	0.123	0.152	0.189	0.334	0.250	0.154	0.154	0.145	0.145	0.130	0.130	0.124	0.125	0.166	0.190	0.293	0.260	0.153	0.170	0.145	0.149	0.136	0.139	0.134	0.131	0.183	0.199	0.302	0.276	0.153	0.155	0.150	0.152	0.142	0.153	0.134	0.134	0.185	0.200	0.312	0.280	0.154	0.158	0.152	0.154	0.144	0.167	0.150	0.150	0.200	0.201	0.320	0.284	0.152	0.155	0.150	0.152	0.139	0.155	0.135	0.140	0.191	0.191	0.316	0.285	0.163	0.178	0.146	0.152	0.129	0.128	0.134	0.130	0.169	0.172	0.299	0.294	0.186	0.158	0.150	0.144	0.125	0.128	0.133	0.135	0.186	0.191	0.307	0.280
37:20:02	0.173	0.153	0.143	0.142	0.124	0.127	0.124	0.123	0.152	0.190	0.337	0.251	0.153	0.154	0.144	0.144	0.130	0.130	0.124	0.125	0.167	0.191	0.295	0.261	0.154	0.170	0.145	0.148	0.135	0.139	0.134	0.131	0.184	0.200	0.303	0.277	0.154	0.155	0.149	0.152	0.142	0.152	0.134	0.133	0.185	0.200	0.313	0.281	0.154	0.158	0.151	0.153	0.144	0.167	0.150	0.149	0.200	0.201	0.321	0.285	0.152	0.154	0.149	0.152	0.138	0.155	0.135	0.140	0.191	0.191	0.317	0.286	0.163	0.179	0.146	0.152	0.129	0.129	0.134	0.130	0.169	0.173	0.301	0.296	0.187	0.159	0.149	0.143	0.125	0.127	0.133	0.135	0.185	0.191	0.309	0.280
37:40:03	0.174	0.154	0.143	0.142	0.124	0.127	0.124	0.123	0.153	0.191	0.339	0.253	0.154	0.154	0.144	0.144	0.130	0.130	0.124	0.125	0.168	0.192	0.297	0.262	0.154	0.171	0.145	0.149	0.136	0.139	0.134	0.131	0.184	0.201	0.305	0.279	0.154	0.155	0.149	0.151	0.142	0.152	0.134	0.132	0.187	0.201	0.314	0.282	0.154	0.158	0.152	0.154	0.144	0.168	0.151	0.150	0.202	0.203	0.321	0.286	0.153	0.155	0.149	0.152	0.138	0.154	0.135	0.140	0.192	0.193	0.319	0.287	0.164	0.179	0.146	0.153	0.129	0.129	0.134	0.130	0.170	0.174	0.302	0.297	0.188	0.160	0.149	0.143	0.125	0.128	0.133	0.135	0.186	0.191	0.310	0.281
38:00:03	0.177	0.155	0.142	0.142	0.124	0.127	0.124	0.123	0.154	0.193	0.342	0.255	0.154	0.156	0.145	0.145	0.130	0.130	0.124	0.125	0.169	0.194	0.300	0.264	0.154	0.173	0.144	0.149	0.136	0.140	0.134	0.131	0.184	0.202	0.307	0.280	0.155	0.155	0.149	0.151	0.142	0.153	0.134	0.132	0.188	0.202	0.315	0.283	0.156	0.158	0.152	0.154	0.144	0.168	0.150	0.150	0.202	0.203	0.322	0.288	0.153	0.155	0.149	0.152	0.138	0.154	0.135	0.140	0.193	0.193	0.319	0.288	0.166	0.182	0.146	0.153	0.129	0.129	0.134	0.130	0.170	0.172	0.302	0.299	0.190	0.161	0.149	0.143	0.126	0.128	0.134	0.136	0.186	0.191	0.312	0.283
38:20:03	0.178	0.156	0.142	0.142	0.124	0.127	0.124	0.123	0.154	0.194	0.344	0.256	0.154	0.156	0.144	0.144	0.130	0.130	0.124	0.125	0.170	0.195	0.303	0.265	0.154	0.174	0.144	0.149	0.136	0.140	0.134	0.131	0.185	0.203	0.309	0.281	0.155	0.155	0.149	0.151	0.142	0.154	0.133	0.132	0.188	0.202	0.315	0.284	0.156	0.158	0.151	0.154	0.144	0.169	0.150	0.150	0.202	0.204	0.323	0.288	0.153	0.155	0.149	0.151	0.137	0.154	0.135	0.140	0.193	0.193	0.320	0.289	0.167	0.183	0.146	0.153	0.129	0.129	0.134	0.130	0.172	0.173	0.304	0.300	0.191	0.162	0.148	0.143	0.125	0.128	0.134	0.135	0.186	0.191	0.314	0.284
38:40:03	0.177	0.154	0.142	0.142	0.124	0.127	0.124	0.123	0.155	0.194	0.345	0.256	0.154	0.156	0.144	0.144	0.130	0.130	0.124	0.125	0.170	0.195	0.302	0.265	0.154	0.172	0.144	0.148	0.136	0.139	0.134	0.131	0.186	0.203	0.309	0.282	0.155	0.155	0.148	0.151	0.141	0.151	0.133	0.132	0.188	0.202	0.316	0.284	0.155	0.158	0.151	0.153	0.144	0.168	0.150	0.150	0.203	0.204	0.323	0.289	0.153	0.155	0.149	0.151	0.138	0.154	0.135	0.139	0.194	0.193	0.321	0.290	0.166	0.181	0.146	0.154	0.129	0.129	0.134	0.130	0.174	0.177	0.305	0.301	0.190	0.162	0.149	0.143	0.125	0.127	0.133	0.135	0.189	0.191	0.314	0.284
39:00:03	0.177	0.155	0.142	0.142	0.124	0.127	0.124	0.123	0.155	0.195	0.348	0.257	0.153	0.155	0.144	0.144	0.130	0.130	0.124	0.124	0.171	0.196	0.305	0.266	0.154	0.173	0.144	0.148	0.135	0.138	0.134	0.131	0.186	0.203	0.311	0.283	0.155	0.155	0.148	0.151	0.141	0.151	0.133	0.132	0.188	0.202	0.316	0.285	0.156	0.157	0.151	0.152	0.143	0.168	0.149	0.148	0.202	0.204	0.324	0.290	0.153	0.154	0.149	0.151	0.137	0.154	0.134	0.138	0.193	0.193	0.323	0.291	0.166	0.182	0.145	0.153	0.129	0.128	0.133	0.130	0.175	0.178	0.307	0.303	0.190	0.163	0.149	0.143	0.125	0.128	0.133	0.135	0.189	0.191	0.317	0.285
39:20:03	0.178	0.155	0.142	0.142	0.124	0.127	0.124	0.123	0.156	0.196	0.350	0.259	0.154	0.156	0.144	0.144	0.130	0.130	0.124	0.125	0.172	0.197	0.306	0.268	0.155	0.174	0.144	0.148	0.135	0.139	0.134	0.131	0.187	0.204	0.312	0.285	0.155	0.155	0.148	0.151	0.140	0.151	0.133	0.132	0.189	0.203	0.317	0.286	0.156	0.158	0.151	0.152	0.144	0.168	0.149	0.149	0.203	0.204	0.325	0.291	0.153	0.155	0.149	0.151	0.137	0.154	0.134	0.139	0.194	0.194	0.324	0.292	0.167	0.183	0.145	0.154	0.129	0.129	0.133	0.130	0.175	0.179	0.308	0.304	0.192	0.164	0.150	0.143	0.126	0.128	0.133	0.135	0.189	0.191	0.318	0.286
39:40:03	0.181	0.158	0.142	0.142	0.124	0.127	0.124	0.123	0.157	0.197	0.353	0.260	0.154	0.158	0.144	0.144	0.130	0.129	0.124	0.124	0.173	0.198	0.308	0.269	0.155	0.178	0.144	0.148	0.135	0.139	0.134	0.131	0.187	0.204	0.314	0.286	0.157	0.155	0.148	0.150	0.141	0.153	0.132	0.132	0.190	0.203	0.318	0.287	0.158	0.158	0.151	0.152	0.144	0.169	0.150	0.149	0.203	0.205	0.325	0.292	0.154	0.155	0.148	0.151	0.137	0.154	0.134	0.139	0.195	0.194	0.324	0.293	0.169	0.186	0.146	0.154	0.129	0.129	0.133	0.130	0.175	0.178	0.308	0.306	0.194	0.167	0.148	0.143	0.125	0.128	0.133	0.135	0.190	0.192	0.321	0.288
40:00:03	0.180	0.157	0.142	0.142	0.124	0.127	0.124	0.123	0.157	0.198	0.354	0.260	0.154	0.157	0.144	0.144	0.130	0.130	0.124	0.124	0.173	0.199	0.309	0.269	0.155	0.176	0.144	0.148	0.135	0.139	0.133	0.131	0.188	0.205	0.315	0.287	0.156	0.155	0.148	0.150	0.140	0.151	0.132	0.131	0.190	0.203	0.318	0.288	0.157	0.157	0.150	0.152	0.143	0.168	0.149	0.148	0.204	0.205	0.326	0.293	0.154	0.155	0.148	0.150	0.137	0.155	0.134	0.138	0.195	0.195	0.325	0.294	0.169	0.185	0.145	0.154	0.129	0.128	0.133	0.130	0.177	0.181	0.310	0.307	0.193	0.166	0.149	0.143	0.125	0.128	0.133	0.135	0.192	0.192	0.321	0.288
40:20:03	0.181	0.157	0.142	0.141	0.124	0.127	0.124	0.123	0.157	0.199	0.357	0.262	0.154	0.157	0.143	0.144	0.130	0.130	0.124	0.124	0.174	0.200	0.310	0.271	0.155	0.177	0.144	0.148	0.135	0.139	0.133	0.131	0.189	0.205	0.316	0.288	0.157	0.155	0.148	0.150	0.139	0.151	0.132	0.132	0.191	0.204	0.319	0.289	0.158	0.158	0.150	0.152	0.144	0.169	0.150	0.149	0.205	0.206	0.327	0.294	0.154	0.155	0.149	0.150	0.137	0.155	0.134	0.139	0.196	0.196	0.326	0.294	0.169	0.186	0.145	0.154	0.129	0.128	0.133	0.130	0.178	0.182	0.311	0.309	0.195	0.167	0.149	0.142	0.125	0.128	0.133	0.135	0.189	0.192	0.323	0.289
40:40:03	0.182	0.158	0.142	0.141	0.124	0.127	0.124	0.123	0.158	0.200	0.359	0.262	0.154	0.158	0.144	0.144	0.130	0.130	0.124	0.125	0.175	0.200	0.311	0.272	0.156	0.178	0.144	0.148	0.136	0.140	0.134	0.131	0.190	0.206	0.317	0.289	0.157	0.156	0.148	0.150	0.139	0.151	0.131	0.132	0.192	0.204	0.319	0.290	0.158	0.158	0.151	0.153	0.144	0.170	0.150	0.150	0.207	0.207	0.327	0.294	0.155	0.155	0.149	0.151	0.138	0.155	0.135	0.139	0.197	0.197	0.327	0.295	0.170	0.187	0.145	0.155	0.129	0.129	0.134	0.130	0.178	0.183	0.312	0.310	0.195	0.169	0.149	0.143	0.125	0.128	0.133	0.135	0.193	0.192	0.324	0.290
41:00:03	0.184	0.159	0.142	0.141	0.124	0.127	0.124	0.123	0.159	0.201	0.361	0.263	0.154	0.158	0.143	0.143	0.130	0.130	0.124	0.125	0.175	0.201	0.312	0.272	0.156	0.178	0.144	0.148	0.136	0.139	0.134	0.131	0.190	0.206	0.318	0.290	0.158	0.156	0.148	0.150	0.139	0.151	0.131	0.132	0.193	0.205	0.320	0.290	0.159	0.158	0.150	0.152	0.144	0.170	0.150	0.150	0.207	0.207	0.328	0.296	0.155	0.155	0.149	0.150	0.138	0.155	0.135	0.139	0.197	0.197	0.328	0.296	0.171	0.188	0.145	0.155	0.129	0.128	0.134	0.130	0.179	0.184	0.313	0.311	0.196	0.170	0.149	0.142	0.125	0.128	0.133	0.134	0.193	0.191	0.325	0.291
41:20:03	0.185	0.160	0.142	0.141	0.124	0.127	0.124	0.123	0.159	0.201	0.362	0.264	0.154	0.159	0.143	0.143	0.130	0.130	0.124	0.124	0.176	0.202	0.313	0.273	0.157	0.178	0.144	0.147	0.135	0.140	0.134	0.131	0.190	0.207	0.319	0.291	0.158	0.156	0.148	0.149	0.139	0.151	0.131	0.132	0.193	0.205	0.320	0.291	0.160	0.158	0.150	0.152	0.144	0.170	0.150	0.149	0.207	0.208	0.328	0.296	0.155	0.155	0.148	0.150	0.138	0.155	0.135	0.139	0.197	0.197	0.328	0.297	0.172	0.189	0.145	0.155	0.129	0.128	0.134	0.130	0.180	0.185	0.314	0.312	0.196	0.171	0.149	0.142	0.126	0.128	0.133	0.134	0.195	0.191	0.326	0.292
41:40:03	0.187	0.161	0.142	0.141	0.124	0.127	0.124	0.123	0.160	0.202	0.363	0.265	0.154	0.160	0.143	0.143	0.130	0.130	0.124	0.124	0.176	0.202	0.314	0.274	0.158	0.179	0.143	0.147	0.135	0.139	0.133	0.131	0.191	0.207	0.320	0.292	0.159	0.156	0.148	0.149	0.139	0.153	0.131	0.132	0.194	0.206	0.321	0.292	0.161	0.158	0.150	0.152	0.145	0.171	0.150	0.149	0.208	0.208	0.329	0.297	0.156	0.155	0.148	0.150	0.138	0.156	0.135	0.139	0.198	0.198	0.329	0.298	0.173	0.189	0.145	0.156	0.129	0.128	0.134	0.130	0.181	0.186	0.314	0.313	0.197	0.173	0.149	0.142	0.126	0.128	0.133	0.134	0.195	0.190	0.328	0.292
42:00:03	0.188	0.162	0.142	0.141	0.124	0.127	0.124	0.123	0.160	0.203	0.364	0.266	0.154	0.160	0.143	0.143	0.130	0.130	0.124	0.124	0.176	0.203	0.315	0.275	0.158	0.179	0.144	0.147	0.136	0.140	0.133	0.131	0.191	0.208	0.320	0.293	0.160	0.157	0.148	0.149	0.139	0.153	0.131	0.132	0.194	0.206	0.321	0.293	0.162	0.158	0.150	0.153	0.145	0.171	0.150	0.150	0.209	0.208	0.329	0.297	0.157	0.155	0.148	0.151	0.138	0.156	0.135	0.139	0.199	0.198	0.329	0.298	0.174	0.190	0.145	0.156	0.129	0.129	0.134	0.130	0.182	0.187	0.315	0.314	0.197	0.174	0.149	0.142	0.125	0.128	0.133	0.134	0.193	0.191	0.329	0.293
42:20:03	0.189	0.163	0.142	0.141	0.124	0.127	0.124	0.123	0.160	0.204	0.367	0.267	0.154	0.161	0.143	0.143	0.130	0.130	0.124	0.124	0.177	0.204	0.316	0.276	0.159	0.180	0.143	0.147	0.136	0.140	0.134	0.131	0.192	0.208	0.321	0.294	0.161	0.157	0.148	0.149	0.139	0.153	0.130	0.132	0.195	0.207	0.322	0.294	0.163	0.158	0.151	0.153	0.145	0.172	0.151	0.151	0.211	0.209	0.329	0.299	0.157	0.156	0.149	0.151	0.138	0.157	0.136	0.139	0.200	0.199	0.330	0.300	0.175	0.192	0.145	0.157	0.129	0.129	0.134	0.130	0.182	0.188	0.316	0.317	0.198	0.175	0.149	0.142	0.125	0.127	0.133	0.134	0.194	0.190	0.331	0.294
42:40:03	0.190	0.164	0.142	0.141	0.124	0.127	0.123	0.123	0.161	0.205	0.369	0.268	0.154	0.162	0.143	0.143	0.130	0.130	0.124	0.124	0.178	0.205	0.317	0.277	0.159	0.181	0.143	0.147	0.136	0.140	0.134	0.131	0.192	0.209	0.322	0.296	0.161	0.157	0.148	0.149	0.139	0.153	0.130	0.133	0.196	0.208	0.322	0.295	0.164	0.158	0.151	0.153	0.146	0.172	0.152	0.151	0.212	0.210	0.330	0.300	0.157	0.156	0.149	0.151	0.139	0.157	0.136	0.140	0.200	0.200	0.330	0.301	0.175	0.192	0.145	0.157	0.129	0.129	0.134	0.130	0.183	0.189	0.317	0.318	0.199	0.175	0.149	0.142	0.125	0.127	0.132	0.134	0.194	0.190	0.333	0.295
43:00:03	0.192	0.167	0.141	0.141	0.124	0.127	0.124	0.122	0.162	0.206	0.372	0.271	0.154	0.165	0.143	0.143	0.131	0.130	0.124	0.124	0.179	0.205	0.319	0.279	0.160	0.185	0.143	0.147	0.136	0.141	0.134	0.130	0.193	0.209	0.323	0.297	0.162	0.158	0.148	0.149	0.140	0.156	0.130	0.133	0.197	0.208	0.323	0.296	0.165	0.159	0.151	0.154	0.147	0.173	0.152	0.151	0.212	0.210	0.331	0.301	0.158	0.156	0.149	0.151	0.139	0.158	0.136	0.140	0.201	0.200	0.331	0.302	0.177	0.195	0.145	0.158	0.129	0.129	0.135	0.130	0.182	0.188	0.317	0.320	0.200	0.177	0.148	0.142	0.126	0.128	0.133	0.135	0.194	0.191	0.335	0.297
43:20:03	0.191	0.164	0.142	0.141	0.124	0.127	0.123	0.122	0.162	0.207	0.374	0.272	0.154	0.162	0.143	0.143	0.130	0.130	0.124	0.124	0.179	0.206	0.320	0.280	0.159	0.182	0.143	0.147	0.136	0.140	0.133	0.130	0.194	0.210	0.324	0.298	0.161	0.157	0.148	0.149	0.139	0.154	0.130	0.133	0.196	0.208	0.324	0.297	0.164	0.158	0.150	0.153	0.146	0.173	0.151	0.150	0.212	0.210	0.331	0.302	0.157	0.156	0.148	0.151	0.139	0.158	0.136	0.139	0.201	0.200	0.332	0.303	0.176	0.193	0.145	0.157	0.129	0.128	0.134	0.130	0.184	0.190	0.319	0.322	0.200	0.177	0.148	0.142	0.126	0.128	0.132	0.134	0.196	0.190	0.337	0.298
43:40:03	0.192	0.164	0.142	0.141	0.124	0.127	0.123	0.122	0.162	0.208	0.376	0.273	0.154	0.162	0.143	0.142	0.130	0.130	0.123	0.124	0.180	0.207	0.321	0.281	0.159	0.182	0.143	0.147	0.135	0.139	0.133	0.130	0.194	0.210	0.325	0.300	0.161	0.157	0.148	0.149	0.139	0.154	0.129	0.132	0.196	0.208	0.325	0.298	0.164	0.158	0.150	0.152	0.145	0.172	0.150	0.150	0.212	0.211	0.332	0.303	0.157	0.155	0.148	0.150	0.138	0.157	0.136	0.139	0.200	0.200	0.332	0.304	0.176	0.194	0.145	0.157	0.129	0.128	0.134	0.129	0.184	0.191	0.319	0.323	0.200	0.178	0.149	0.142	0.126	0.128	0.132	0.134	0.198	0.190	0.338	0.299
44:00:03	0.193	0.164	0.141	0.141	0.124	0.127	0.123	0.122	0.162	0.208	0.379	0.274	0.154	0.163	0.142	0.142	0.130	0.130	0.123	0.124	0.180	0.208	0.323	0.282	0.159	0.182	0.143	0.146	0.135	0.139	0.133	0.130	0.194	0.211	0.326	0.301	0.161	0.156	0.147	0.149	0.139	0.153	0.129	0.131	0.196	0.208	0.325	0.299	0.164	0.157	0.149	0.151	0.144	0.172	0.149	0.148	0.211	0.211	0.333	0.304	0.157	0.155	0.147	0.149	0.137	0.157	0.135	0.138	0.200	0.201	0.333	0.305	0.177	0.195	0.144	0.157	0.129	0.128	0.133	0.129	0.185	0.191	0.320	0.325	0.201	0.179	0.148	0.142	0.126	0.128	0.132	0.134	0.198	0.190	0.340	0.300
44:20:03	0.194	0.165	0.141	0.140	0.124	0.127	0.123	0.122	0.163	0.209	0.380	0.275	0.154	0.163	0.142	0.142	0.130	0.129	0.123	0.124	0.181	0.208	0.323	0.283	0.159	0.183	0.143	0.146	0.135	0.139	0.133	0.130	0.195	0.211	0.327	0.303	0.161	0.157	0.147	0.148	0.138	0.153	0.129	0.131	0.197	0.209	0.326	0.300	0.165	0.157	0.149	0.151	0.144	0.172	0.149	0.148	0.211	0.211	0.333	0.305	0.157	0.155	0.147	0.149	0.137	0.157	0.134	0.138	0.200	0.201	0.334	0.306	0.178	0.195	0.144	0.157	0.129	0.129	0.133	0.129	0.186	0.192	0.321	0.326	0.201	0.180	0.149	0.141	0.125	0.128	0.132	0.134	0.197	0.190	0.341	0.301
44:40:03	0.195	0.166	0.141	0.140	0.123	0.127	0.123	0.122	0.163	0.210	0.382	0.276	0.154	0.164	0.142	0.142	0.130	0.129	0.123	0.124	0.181	0.209	0.324	0.284	0.160	0.184	0.143	0.146	0.135	0.138	0.133	0.130	0.195	0.212	0.327	0.303	0.162	0.157	0.147	0.148	0.138	0.153	0.129	0.131	0.196	0.209	0.326	0.301	0.165	0.157	0.149	0.150	0.143	0.171	0.148	0.148	0.211	0.211	0.334	0.306	0.158	0.155	0.147	0.149	0.137	0.156	0.134	0.138	0.200	0.201	0.334	0.307	0.179	0.196	0.144	0.157	0.129	0.129	0.133	0.129	0.186	0.193	0.322	0.327	0.201	0.181	0.148	0.141	0.125	0.128	0.132	0.134	0.199	0.189	0.343	0.302
45:00:03	0.195	0.167	0.141	0.140	0.123	0.127	0.123	0.122	0.164	0.211	0.384	0.277	0.154	0.164	0.142	0.142	0.130	0.129	0.123	0.124	0.182	0.210	0.325	0.285	0.161	0.185	0.142	0.145	0.134	0.138	0.132	0.130	0.196	0.212	0.328	0.305	0.163	0.156	0.146	0.148	0.137	0.152	0.128	0.130	0.196	0.208	0.327	0.302	0.166	0.156	0.148	0.149	0.142	0.171	0.147	0.146	0.209	0.211	0.334	0.307	0.159	0.154	0.146	0.148	0.136	0.156	0.133	0.137	0.199	0.200	0.335	0.307	0.179	0.197	0.144	0.157	0.128	0.129	0.132	0.129	0.187	0.194	0.322	0.328	0.202	0.182	0.148	0.141	0.126	0.128	0.132	0.134	0.198	0.190	0.343	0.303
45:20:03	0.196	0.168	0.141	0.140	0.123	0.127	0.123	0.122	0.164	0.211	0.385	0.278	0.154	0.165	0.142	0.142	0.129	0.129	0.123	0.124	0.182	0.210	0.326	0.285	0.162	0.186	0.142	0.145	0.134	0.138	0.132	0.130	0.196	0.212	0.328	0.306	0.164	0.157	0.146	0.148	0.137	0.152	0.128	0.130	0.196	0.209	0.327	0.303	0.167	0.156	0.148	0.149	0.142	0.171	0.147	0.146	0.209	0.211	0.334	0.307	0.159	0.155	0.146	0.148	0.136	0.156	0.133	0.136	0.199	0.201	0.335	0.308	0.180	0.197	0.144	0.157	0.128	0.129	0.132	0.129	0.188	0.194	0.323	0.329	0.202	0.184	0.148	0.141	0.125	0.128	0.132	0.134	0.199	0.189	0.343	0.304
45:40:03	0.198	0.172	0.141	0.140	0.123	0.127	0.123	0.122	0.165	0.212	0.389	0.280	0.155	0.166	0.142	0.142	0.130	0.129	0.123	0.124	0.183	0.211	0.328	0.287	0.163	0.189	0.142	0.146	0.134	0.138	0.133	0.130	0.196	0.213	0.329	0.308	0.166	0.157	0.147	0.148	0.137	0.154	0.128	0.130	0.197	0.209	0.328	0.304	0.169	0.157	0.148	0.150	0.143	0.172	0.148	0.147	0.210	0.212	0.335	0.309	0.161	0.155	0.146	0.148	0.136	0.156	0.133	0.137	0.200	0.201	0.335	0.309	0.182	0.200	0.144	0.157	0.128	0.128	0.132	0.129	0.187	0.194	0.323	0.330	0.203	0.186	0.147	0.141	0.125	0.128	0.133	0.134	0.201	0.190	0.346	0.305
46:00:03	0.198	0.170	0.141	0.140	0.123	0.127	0.123	0.122	0.164	0.212	0.390	0.280	0.154	0.165	0.142	0.141	0.130	0.130	0.123	0.124	0.183	0.211	0.328	0.287	0.162	0.187	0.142	0.145	0.134	0.138	0.132	0.130	0.196	0.214	0.329	0.308	0.165	0.156	0.146	0.148	0.137	0.152	0.128	0.130	0.197	0.209	0.328	0.304	0.168	0.156	0.148	0.149	0.142	0.172	0.147	0.146	0.210	0.212	0.335	0.309	0.160	0.155	0.146	0.148	0.136	0.157	0.133	0.137	0.200	0.202	0.336	0.310	0.181	0.198	0.143	0.157	0.128	0.129	0.132	0.129	0.188	0.195	0.324	0.331	0.202	0.185	0.148	0.141	0.126	0.127	0.132	0.134	0.200	0.189	0.345	0.305
46:20:03	0.199	0.171	0.141	0.140	0.123	0.127	0.123	0.122	0.165	0.213	0.392	0.281	0.154	0.167	0.142	0.141	0.130	0.130	0.123	0.124	0.183	0.212	0.329	0.288	0.163	0.188	0.142	0.145	0.134	0.138	0.133	0.130	0.197	0.214	0.330	0.309	0.166	0.157	0.146	0.147	0.137	0.152	0.128	0.131	0.198	0.210	0.329	0.305	0.170	0.157	0.148	0.149	0.143	0.172	0.148	0.147	0.211	0.213	0.336	0.310	0.161	0.155	0.146	0.148	0.136	0.157	0.133	0.137	0.201	0.203	0.336	0.310	0.182	0.199	0.143	0.158	0.128	0.128	0.132	0.129	0.189	0.196	0.324	0.331	0.203	0.187	0.148	0.141	0.124	0.129	0.132	0.134	0.199	0.189	0.347	0.306
46:40:03	0.200	0.173	0.141	0.140	0.123	0.127	0.123	0.122	0.165	0.214	0.394	0.282	0.154	0.167	0.141	0.141	0.130	0.129	0.123	0.124	0.183	0.213	0.330	0.289	0.164	0.189	0.142	0.145	0.134	0.138	0.132	0.130	0.197	0.214	0.330	0.310	0.167	0.157	0.146	0.147	0.137	0.153	0.128	0.130	0.198	0.210	0.329	0.306	0.171	0.157	0.148	0.149	0.143	0.172	0.147	0.146	0.211	0.213	0.336	0.311	0.162	0.155	0.146	0.148	0.136	0.157	0.133	0.137	0.201	0.203	0.336	0.311	0.183	0.200	0.143	0.158	0.128	0.128	0.132	0.129	0.190	0.197	0.325	0.333	0.203	0.188	0.149	0.141	0.125	0.128	0.132	0.134	0.200	0.189	0.348	0.307
47:00:03	0.201	0.174	0.141	0.140	0.123	0.127	0.123	0.122	0.166	0.214	0.397	0.283	0.155	0.168	0.142	0.141	0.130	0.130	0.123	0.124	0.184	0.213	0.332	0.290	0.165	0.190	0.142	0.145	0.135	0.138	0.133	0.130	0.198	0.215	0.331	0.312	0.167	0.158	0.146	0.147	0.137	0.154	0.128	0.131	0.199	0.211	0.329	0.307	0.172	0.157	0.148	0.150	0.143	0.173	0.148	0.147	0.213	0.214	0.337	0.312	0.163	0.156	0.147	0.148	0.137	0.158	0.133	0.137	0.203	0.203	0.337	0.312	0.184	0.201	0.143	0.158	0.128	0.129	0.133	0.129	0.190	0.197	0.326	0.335	0.204	0.190	0.148	0.141	0.125	0.128	0.132	0.134	0.202	0.189	0.350	0.308
47:20:03	0.202	0.175	0.141	0.140	0.123	0.127	0.123	0.122	0.166	0.215	0.399	0.284	0.155	0.168	0.142	0.142	0.130	0.130	0.123	0.124	0.184	0.214	0.333	0.291	0.165	0.191	0.142	0.145	0.135	0.138	0.133	0.130	0.198	0.215	0.331	0.313	0.167	0.158	0.147	0.147	0.137	0.154	0.128	0.131	0.199	0.211	0.330	0.307	0.172	0.157	0.148	0.150	0.144	0.173	0.149	0.148	0.214	0.214	0.337	0.313	0.163	0.156	0.147	0.148	0.137	0.159	0.134	0.138	0.203	0.204	0.337	0.313	0.185	0.202	0.143	0.159	0.129	0.129	0.133	0.129	0.191	0.198	0.326	0.336	0.204	0.190	0.148	0.141	0.125	0.129	0.132	0.134	0.201	0.189	0.351	0.309
47:40:03	0.203	0.175	0.141	0.140	0.123	0.127	0.123	0.122	0.166	0.216	0.401	0.285	0.155	0.169	0.141	0.141	0.130	0.130	0.123	0.124	0.185	0.215	0.334	0.292	0.166	0.191	0.142	0.145	0.134	0.138	0.132	0.130	0.198	0.216	0.332	0.314	0.168	0.158	0.146	0.147	0.137	0.154	0.128	0.131	0.198	0.211	0.331	0.308	0.173	0.157	0.147	0.149	0.143	0.173	0.147	0.146	0.212	0.214	0.338	0.314	0.164	0.156	0.146	0.148	0.137	0.159	0.133	0.136	0.202	0.203	0.337	0.314	0.186	0.202	0.143	0.158	0.128	0.128	0.132	0.129	0.191	0.198	0.327	0.337	0.205	0.191	0.148	0.141	0.125	0.128	0.132	0.134	0.203	0.189	0.353	0.310
48:00:03	0.204	0.180	0.141	0.140	0.123	0.127	0.123	0.122	0.167	0.216	0.404	0.287	0.156	0.172	0.141	0.141	0.130	0.129	0.123	0.124	0.186	0.215	0.337	0.295	0.168	0.195	0.142	0.145	0.134	0.138	0.133	0.129	0.199	0.217	0.333	0.316	0.171	0.160	0.146	0.147	0.137	0.156	0.128	0.130	0.198	0.211	0.331	0.310	0.176	0.157	0.147	0.149	0.143	0.173	0.147	0.146	0.211	0.214	0.338	0.315	0.166	0.157	0.145	0.148	0.136	0.159	0.133	0.136	0.202	0.203	0.337	0.315	0.188	0.205	0.143	0.159	0.128	0.128	0.132	0.129	0.191	0.198	0.327	0.338	0.206	0.195	0.147	0.141	0.126	0.128	0.133	0.134	0.202	0.189	0.354	0.312

