Field Group

Plate Comment:	
Procedure Summary
  Plate Type:              Corning 96 well for LogPhase600
  Plate Number:            3
  Discontinuous Kinetics:  Runtime 02:00:00 (D:HH:MM), Interval 00:20:00 (HH:MM:SS), 145 Reads (max)
  Read:                    600 nm
  Incubator:               On
    Temperature setpoint:  30 °C
    Temperature gradient:  On
  Shaking:                 On
     Shaking frequency:    600 RPMs		
			
			

600

Time	A1	A2	A3	A4	A5	A6	A7	A8	A9	A10	A11	A12	B1	B2	B3	B4	B5	B6	B7	B8	B9	B10	B11	B12	C1	C2	C3	C4	C5	C6	C7	C8	C9	C10	C11	C12	D1	D2	D3	D4	D5	D6	D7	D8	D9	D10	D11	D12	E1	E2	E3	E4	E5	E6	E7	E8	E9	E10	E11	E12	F1	F2	F3	F4	F5	F6	F7	F8	F9	F10	F11	F12	G1	G2	G3	G4	G5	G6	G7	G8	G9	G10	G11	G12	H1	H2	H3	H4	H5	H6	H7	H8	H9	H10	H11	H12
0:00:00	0.116	0.116	0.117	0.116	0.116	0.116	0.116	0.116	0.117	0.116	0.118	0.116	0.114	0.116	0.116	0.116	0.118	0.118	0.116	0.117	0.116	0.118	0.117	0.116	0.118	0.115	0.115	0.116	0.119	0.115	0.118	0.116	0.115	0.119	0.115	0.119	0.116	0.116	0.117	0.119	0.120	0.121	0.116	0.120	0.113	0.113	0.116	0.119	0.116	0.117	0.117	0.119	0.123	0.118	0.120	0.119	0.118	0.115	0.118	0.116	0.115	0.116	0.120	0.119	0.116	0.118	0.118	0.116	0.121	0.117	0.119	0.117	0.116	0.114	0.115	0.116	0.116	0.116	0.120	0.123	0.119	0.109	0.085	0.124	0.121	0.117	0.121	0.115	0.120	0.117	0.117	0.119	0.120	0.116	0.117	0.119
0:20:00	0.115	0.116	0.116	0.115	0.115	0.116	0.116	0.116	0.117	0.116	0.118	0.117	0.115	0.116	0.116	0.116	0.118	0.117	0.116	0.117	0.116	0.119	0.117	0.116	0.118	0.114	0.115	0.116	0.118	0.115	0.117	0.116	0.115	0.118	0.115	0.119	0.116	0.115	0.116	0.118	0.119	0.121	0.116	0.120	0.113	0.113	0.116	0.119	0.116	0.117	0.117	0.119	0.123	0.118	0.119	0.119	0.117	0.115	0.118	0.116	0.114	0.116	0.120	0.119	0.116	0.118	0.118	0.116	0.121	0.117	0.119	0.117	0.116	0.114	0.115	0.116	0.116	0.116	0.120	0.123	0.120	0.110	0.084	0.124	0.121	0.116	0.121	0.117	0.120	0.117	0.117	0.119	0.120	0.117	0.117	0.119
0:40:00	0.116	0.116	0.116	0.116	0.116	0.116	0.116	0.116	0.118	0.117	0.118	0.116	0.117	0.116	0.116	0.116	0.118	0.117	0.116	0.117	0.117	0.119	0.117	0.116	0.118	0.115	0.115	0.116	0.118	0.116	0.118	0.116	0.116	0.118	0.115	0.119	0.116	0.115	0.116	0.118	0.118	0.121	0.116	0.121	0.114	0.113	0.116	0.119	0.117	0.117	0.117	0.118	0.123	0.118	0.120	0.119	0.118	0.116	0.118	0.116	0.115	0.116	0.120	0.119	0.117	0.118	0.118	0.116	0.121	0.117	0.119	0.118	0.117	0.115	0.115	0.116	0.117	0.116	0.120	0.123	0.120	0.110	0.084	0.124	0.120	0.116	0.121	0.116	0.120	0.117	0.117	0.119	0.121	0.117	0.117	0.119
1:00:00	0.117	0.117	0.117	0.116	0.116	0.117	0.117	0.116	0.118	0.117	0.119	0.117	0.118	0.117	0.116	0.116	0.118	0.118	0.116	0.118	0.118	0.119	0.117	0.117	0.119	0.115	0.115	0.116	0.119	0.116	0.118	0.117	0.117	0.120	0.116	0.119	0.116	0.116	0.116	0.118	0.118	0.121	0.116	0.121	0.114	0.113	0.117	0.119	0.117	0.117	0.117	0.117	0.123	0.119	0.120	0.120	0.119	0.116	0.119	0.117	0.115	0.117	0.120	0.120	0.117	0.119	0.119	0.117	0.122	0.118	0.119	0.118	0.117	0.115	0.115	0.117	0.117	0.117	0.120	0.123	0.121	0.111	0.085	0.124	0.118	0.117	0.121	0.117	0.120	0.117	0.117	0.119	0.121	0.118	0.117	0.119
1:20:00	0.118	0.117	0.117	0.116	0.117	0.117	0.117	0.117	0.119	0.118	0.119	0.117	0.118	0.117	0.116	0.116	0.119	0.118	0.116	0.117	0.118	0.120	0.118	0.117	0.120	0.116	0.116	0.117	0.120	0.116	0.118	0.117	0.117	0.120	0.116	0.119	0.117	0.116	0.116	0.118	0.118	0.122	0.116	0.121	0.115	0.115	0.117	0.119	0.118	0.118	0.117	0.118	0.124	0.119	0.120	0.120	0.119	0.117	0.118	0.117	0.116	0.118	0.121	0.120	0.118	0.119	0.119	0.117	0.122	0.119	0.119	0.117	0.118	0.116	0.116	0.117	0.117	0.117	0.120	0.124	0.122	0.111	0.085	0.124	0.123	0.117	0.121	0.117	0.120	0.118	0.118	0.119	0.122	0.118	0.118	0.119
1:40:00	0.120	0.118	0.118	0.117	0.117	0.118	0.118	0.117	0.120	0.119	0.119	0.118	0.120	0.118	0.116	0.116	0.119	0.118	0.116	0.118	0.119	0.120	0.118	0.117	0.122	0.116	0.116	0.117	0.120	0.117	0.118	0.117	0.118	0.121	0.116	0.120	0.119	0.117	0.117	0.117	0.118	0.122	0.117	0.121	0.116	0.115	0.117	0.120	0.120	0.119	0.117	0.118	0.124	0.120	0.120	0.120	0.120	0.118	0.119	0.117	0.118	0.118	0.121	0.120	0.118	0.119	0.119	0.117	0.123	0.119	0.120	0.119	0.120	0.116	0.116	0.118	0.118	0.117	0.121	0.124	0.123	0.113	0.086	0.126	0.122	0.118	0.121	0.117	0.121	0.118	0.118	0.120	0.124	0.119	0.119	0.121
2:00:00	0.121	0.119	0.118	0.118	0.118	0.118	0.118	0.118	0.122	0.120	0.121	0.119	0.121	0.118	0.117	0.117	0.120	0.119	0.117	0.118	0.121	0.121	0.119	0.118	0.122	0.117	0.117	0.117	0.120	0.117	0.119	0.117	0.119	0.122	0.117	0.122	0.120	0.118	0.118	0.118	0.119	0.122	0.117	0.121	0.117	0.115	0.118	0.122	0.121	0.119	0.118	0.119	0.125	0.120	0.121	0.120	0.121	0.119	0.120	0.119	0.119	0.119	0.122	0.121	0.118	0.120	0.120	0.118	0.125	0.120	0.121	0.119	0.121	0.117	0.117	0.119	0.119	0.118	0.121	0.125	0.125	0.114	0.087	0.126	0.124	0.119	0.123	0.118	0.122	0.118	0.119	0.121	0.125	0.119	0.120	0.121
2:20:00	0.123	0.120	0.119	0.118	0.119	0.119	0.118	0.118	0.124	0.121	0.122	0.119	0.123	0.119	0.118	0.118	0.121	0.119	0.117	0.119	0.123	0.122	0.120	0.119	0.124	0.118	0.118	0.118	0.121	0.118	0.119	0.118	0.121	0.123	0.118	0.122	0.121	0.118	0.119	0.119	0.121	0.123	0.117	0.122	0.118	0.116	0.119	0.122	0.123	0.120	0.119	0.120	0.126	0.121	0.121	0.121	0.123	0.120	0.121	0.119	0.121	0.120	0.123	0.122	0.119	0.120	0.120	0.119	0.127	0.121	0.122	0.120	0.122	0.118	0.118	0.120	0.120	0.118	0.122	0.126	0.127	0.114	0.087	0.127	0.126	0.120	0.123	0.119	0.122	0.119	0.119	0.121	0.127	0.120	0.121	0.122
2:40:00	0.126	0.120	0.119	0.119	0.120	0.119	0.118	0.119	0.127	0.122	0.123	0.120	0.126	0.119	0.118	0.119	0.122	0.120	0.118	0.120	0.125	0.123	0.121	0.120	0.127	0.119	0.119	0.119	0.122	0.118	0.119	0.118	0.123	0.124	0.119	0.123	0.124	0.119	0.120	0.121	0.123	0.124	0.118	0.122	0.121	0.117	0.120	0.122	0.126	0.121	0.120	0.121	0.128	0.121	0.122	0.122	0.126	0.121	0.122	0.120	0.123	0.121	0.123	0.122	0.120	0.121	0.121	0.119	0.130	0.123	0.123	0.121	0.125	0.118	0.118	0.120	0.120	0.119	0.122	0.126	0.130	0.116	0.088	0.128	0.129	0.121	0.124	0.119	0.123	0.119	0.119	0.122	0.130	0.122	0.122	0.123
3:00:00	0.130	0.121	0.120	0.120	0.121	0.120	0.119	0.119	0.132	0.124	0.124	0.121	0.130	0.120	0.119	0.120	0.123	0.120	0.118	0.120	0.128	0.125	0.123	0.121	0.131	0.120	0.120	0.121	0.124	0.119	0.120	0.119	0.128	0.126	0.121	0.124	0.128	0.121	0.122	0.122	0.125	0.125	0.120	0.123	0.124	0.119	0.121	0.124	0.130	0.122	0.121	0.123	0.129	0.123	0.123	0.123	0.130	0.123	0.123	0.121	0.127	0.122	0.124	0.123	0.122	0.122	0.122	0.120	0.134	0.124	0.124	0.122	0.128	0.120	0.119	0.121	0.121	0.119	0.122	0.126	0.134	0.117	0.090	0.128	0.133	0.122	0.125	0.120	0.124	0.120	0.120	0.122	0.134	0.123	0.123	0.125
3:20:00	0.133	0.123	0.121	0.121	0.123	0.120	0.119	0.120	0.136	0.125	0.125	0.123	0.133	0.121	0.121	0.121	0.124	0.121	0.118	0.120	0.133	0.126	0.125	0.122	0.134	0.121	0.121	0.122	0.126	0.120	0.121	0.120	0.132	0.127	0.122	0.125	0.132	0.122	0.123	0.124	0.127	0.126	0.121	0.123	0.129	0.121	0.122	0.125	0.134	0.123	0.122	0.125	0.132	0.123	0.125	0.125	0.134	0.124	0.125	0.122	0.131	0.124	0.126	0.125	0.123	0.123	0.123	0.121	0.138	0.126	0.125	0.123	0.132	0.121	0.120	0.122	0.123	0.120	0.123	0.127	0.139	0.118	0.091	0.130	0.136	0.124	0.126	0.121	0.126	0.120	0.120	0.123	0.138	0.124	0.125	0.126
3:40:01	0.135	0.124	0.122	0.122	0.125	0.121	0.120	0.120	0.138	0.126	0.127	0.124	0.136	0.123	0.122	0.121	0.126	0.122	0.119	0.121	0.136	0.128	0.126	0.124	0.135	0.123	0.122	0.123	0.129	0.121	0.121	0.120	0.135	0.127	0.124	0.126	0.134	0.123	0.124	0.126	0.131	0.127	0.123	0.124	0.132	0.121	0.124	0.127	0.136	0.125	0.123	0.127	0.134	0.125	0.126	0.126	0.136	0.126	0.126	0.124	0.133	0.125	0.127	0.125	0.126	0.124	0.124	0.121	0.142	0.127	0.127	0.125	0.135	0.122	0.121	0.123	0.125	0.121	0.123	0.127	0.141	0.120	0.093	0.131	0.139	0.124	0.127	0.122	0.127	0.121	0.120	0.123	0.141	0.126	0.126	0.128
4:00:01	0.138	0.125	0.123	0.123	0.127	0.122	0.120	0.121	0.140	0.127	0.129	0.126	0.137	0.125	0.123	0.123	0.128	0.123	0.119	0.121	0.139	0.129	0.128	0.126	0.138	0.124	0.124	0.125	0.132	0.122	0.122	0.121	0.137	0.129	0.126	0.128	0.136	0.125	0.126	0.128	0.135	0.128	0.125	0.125	0.135	0.123	0.126	0.128	0.138	0.126	0.124	0.130	0.138	0.126	0.128	0.128	0.140	0.128	0.129	0.126	0.136	0.126	0.128	0.127	0.129	0.126	0.126	0.123	0.145	0.128	0.129	0.126	0.138	0.123	0.122	0.124	0.127	0.122	0.123	0.128	0.143	0.120	0.095	0.133	0.140	0.126	0.128	0.123	0.129	0.121	0.121	0.124	0.144	0.127	0.129	0.129
4:20:01	0.153	0.127	0.124	0.124	0.129	0.123	0.120	0.121	0.151	0.128	0.131	0.128	0.145	0.126	0.124	0.124	0.130	0.124	0.119	0.121	0.149	0.129	0.130	0.128	0.146	0.125	0.126	0.126	0.135	0.124	0.123	0.121	0.143	0.128	0.129	0.130	0.146	0.125	0.128	0.130	0.138	0.130	0.126	0.126	0.141	0.123	0.129	0.130	0.148	0.127	0.126	0.132	0.141	0.128	0.129	0.129	0.148	0.128	0.131	0.127	0.146	0.126	0.130	0.128	0.131	0.128	0.127	0.123	0.156	0.129	0.131	0.128	0.148	0.124	0.123	0.126	0.130	0.122	0.124	0.128	0.152	0.121	0.097	0.135	0.144	0.126	0.129	0.125	0.131	0.122	0.121	0.124	0.159	0.127	0.131	0.131
4:40:01	0.201	0.127	0.125	0.125	0.130	0.124	0.121	0.121	0.186	0.128	0.134	0.129	0.182	0.127	0.126	0.125	0.132	0.124	0.119	0.122	0.176	0.129	0.135	0.130	0.175	0.126	0.127	0.127	0.138	0.125	0.123	0.122	0.159	0.129	0.131	0.132	0.181	0.126	0.130	0.132	0.141	0.132	0.127	0.126	0.166	0.124	0.131	0.133	0.198	0.127	0.127	0.134	0.144	0.129	0.130	0.131	0.170	0.129	0.134	0.129	0.189	0.127	0.131	0.130	0.134	0.129	0.128	0.124	0.187	0.129	0.134	0.130	0.184	0.125	0.125	0.127	0.132	0.123	0.124	0.129	0.171	0.121	0.100	0.137	0.158	0.127	0.130	0.126	0.133	0.123	0.121	0.124	0.183	0.128	0.134	0.133
5:00:01	0.212	0.129	0.126	0.126	0.132	0.124	0.121	0.122	0.194	0.129	0.136	0.131	0.192	0.128	0.127	0.127	0.134	0.125	0.120	0.122	0.181	0.130	0.137	0.132	0.189	0.127	0.129	0.129	0.139	0.126	0.123	0.122	0.165	0.129	0.135	0.134	0.192	0.127	0.131	0.133	0.142	0.133	0.128	0.127	0.167	0.124	0.135	0.135	0.212	0.129	0.128	0.135	0.145	0.130	0.131	0.131	0.174	0.129	0.137	0.132	0.202	0.128	0.133	0.131	0.135	0.130	0.129	0.124	0.189	0.129	0.137	0.133	0.191	0.126	0.126	0.129	0.133	0.124	0.125	0.129	0.179	0.122	0.103	0.139	0.165	0.128	0.132	0.128	0.134	0.124	0.122	0.125	0.179	0.129	0.138	0.136
5:20:01	0.208	0.130	0.128	0.127	0.134	0.125	0.122	0.122	0.188	0.130	0.141	0.134	0.190	0.129	0.129	0.128	0.135	0.126	0.120	0.123	0.178	0.131	0.141	0.136	0.177	0.128	0.131	0.130	0.141	0.127	0.124	0.123	0.167	0.129	0.139	0.138	0.192	0.128	0.133	0.135	0.144	0.134	0.129	0.128	0.168	0.126	0.139	0.138	0.207	0.129	0.130	0.137	0.147	0.131	0.132	0.132	0.178	0.130	0.141	0.135	0.204	0.129	0.134	0.133	0.137	0.131	0.130	0.125	0.186	0.130	0.141	0.136	0.196	0.128	0.128	0.130	0.134	0.125	0.125	0.130	0.177	0.122	0.107	0.142	0.159	0.129	0.133	0.129	0.135	0.125	0.122	0.126	0.177	0.130	0.142	0.140
5:40:01	0.192	0.131	0.130	0.129	0.135	0.126	0.122	0.123	0.186	0.131	0.144	0.137	0.177	0.131	0.130	0.130	0.137	0.127	0.121	0.123	0.174	0.132	0.144	0.139	0.166	0.129	0.132	0.132	0.141	0.128	0.124	0.123	0.168	0.131	0.142	0.141	0.179	0.129	0.135	0.137	0.146	0.135	0.130	0.129	0.168	0.126	0.142	0.141	0.187	0.130	0.131	0.139	0.150	0.132	0.133	0.134	0.179	0.131	0.144	0.138	0.189	0.130	0.136	0.134	0.139	0.132	0.131	0.126	0.185	0.131	0.145	0.140	0.186	0.129	0.129	0.131	0.135	0.126	0.126	0.130	0.175	0.123	0.111	0.145	0.156	0.130	0.134	0.131	0.137	0.125	0.123	0.126	0.173	0.130	0.146	0.143
6:00:01	0.172	0.133	0.131	0.130	0.136	0.126	0.122	0.123	0.170	0.137	0.147	0.140	0.167	0.133	0.131	0.131	0.137	0.127	0.121	0.123	0.158	0.136	0.148	0.142	0.168	0.132	0.134	0.134	0.142	0.128	0.125	0.124	0.155	0.135	0.147	0.144	0.169	0.132	0.136	0.138	0.146	0.136	0.130	0.129	0.150	0.130	0.147	0.144	0.171	0.133	0.132	0.140	0.152	0.132	0.133	0.134	0.158	0.134	0.149	0.142	0.173	0.131	0.137	0.136	0.140	0.133	0.131	0.126	0.169	0.134	0.149	0.143	0.174	0.131	0.130	0.133	0.135	0.126	0.126	0.131	0.162	0.127	0.115	0.149	0.158	0.133	0.136	0.133	0.138	0.126	0.123	0.127	0.162	0.132	0.150	0.147
6:20:01	0.185	0.140	0.132	0.132	0.136	0.126	0.122	0.123	0.153	0.151	0.152	0.144	0.180	0.139	0.133	0.133	0.138	0.128	0.121	0.123	0.146	0.145	0.153	0.146	0.197	0.138	0.135	0.135	0.142	0.129	0.125	0.124	0.144	0.141	0.152	0.147	0.178	0.138	0.138	0.140	0.148	0.136	0.131	0.130	0.137	0.138	0.151	0.149	0.179	0.138	0.134	0.142	0.154	0.134	0.135	0.136	0.146	0.140	0.154	0.146	0.174	0.136	0.139	0.137	0.142	0.134	0.132	0.127	0.156	0.141	0.154	0.147	0.174	0.136	0.132	0.134	0.136	0.126	0.127	0.131	0.149	0.138	0.120	0.153	0.181	0.138	0.138	0.134	0.139	0.126	0.123	0.127	0.151	0.141	0.155	0.150
6:40:01	0.214	0.155	0.133	0.133	0.136	0.127	0.123	0.124	0.144	0.183	0.156	0.148	0.203	0.153	0.134	0.134	0.138	0.128	0.121	0.124	0.138	0.173	0.158	0.150	0.222	0.146	0.137	0.136	0.142	0.129	0.125	0.124	0.140	0.150	0.157	0.152	0.201	0.144	0.139	0.141	0.147	0.136	0.131	0.130	0.136	0.165	0.156	0.153	0.201	0.145	0.135	0.143	0.154	0.134	0.135	0.136	0.141	0.158	0.158	0.149	0.202	0.143	0.141	0.138	0.142	0.133	0.132	0.127	0.147	0.156	0.159	0.150	0.199	0.144	0.133	0.135	0.137	0.127	0.127	0.132	0.143	0.162	0.124	0.157	0.189	0.145	0.140	0.135	0.139	0.127	0.124	0.128	0.143	0.160	0.160	0.154
7:00:01	0.220	0.170	0.134	0.135	0.135	0.127	0.123	0.124	0.148	0.168	0.161	0.152	0.216	0.166	0.136	0.136	0.138	0.129	0.122	0.124	0.143	0.165	0.162	0.154	0.240	0.153	0.138	0.138	0.142	0.130	0.126	0.125	0.144	0.150	0.161	0.156	0.207	0.153	0.140	0.143	0.148	0.137	0.132	0.131	0.137	0.159	0.160	0.157	0.212	0.155	0.137	0.145	0.153	0.135	0.136	0.137	0.148	0.156	0.164	0.154	0.209	0.154	0.142	0.140	0.141	0.134	0.133	0.128	0.154	0.155	0.164	0.155	0.204	0.157	0.135	0.136	0.136	0.126	0.128	0.133	0.147	0.157	0.130	0.161	0.199	0.152	0.141	0.137	0.139	0.127	0.125	0.128	0.147	0.161	0.164	0.158
7:20:01	0.220	0.173	0.136	0.136	0.134	0.127	0.124	0.125	0.144	0.154	0.166	0.156	0.202	0.169	0.138	0.137	0.138	0.129	0.122	0.124	0.141	0.151	0.166	0.157	0.242	0.157	0.140	0.139	0.142	0.130	0.126	0.125	0.144	0.144	0.165	0.159	0.210	0.158	0.142	0.145	0.148	0.138	0.132	0.132	0.135	0.146	0.164	0.160	0.216	0.161	0.139	0.147	0.151	0.135	0.137	0.138	0.147	0.147	0.167	0.158	0.208	0.161	0.144	0.141	0.140	0.135	0.134	0.128	0.151	0.146	0.168	0.158	0.198	0.164	0.137	0.137	0.135	0.127	0.128	0.133	0.144	0.144	0.134	0.164	0.200	0.158	0.143	0.138	0.138	0.128	0.125	0.129	0.145	0.149	0.169	0.162
7:40:01	0.215	0.172	0.137	0.137	0.133	0.127	0.124	0.125	0.142	0.145	0.169	0.159	0.220	0.170	0.140	0.138	0.137	0.129	0.122	0.124	0.140	0.143	0.170	0.161	0.244	0.162	0.141	0.140	0.142	0.130	0.127	0.125	0.142	0.140	0.170	0.163	0.211	0.162	0.143	0.146	0.148	0.138	0.133	0.133	0.134	0.140	0.169	0.164	0.225	0.165	0.141	0.148	0.151	0.135	0.137	0.138	0.145	0.141	0.171	0.162	0.206	0.165	0.146	0.143	0.139	0.135	0.135	0.129	0.149	0.141	0.172	0.161	0.203	0.167	0.138	0.139	0.134	0.127	0.129	0.134	0.143	0.136	0.138	0.168	0.220	0.162	0.145	0.139	0.136	0.128	0.126	0.129	0.143	0.143	0.173	0.166
8:00:01	0.213	0.172	0.139	0.138	0.132	0.127	0.125	0.125	0.140	0.139	0.174	0.162	0.214	0.170	0.141	0.139	0.136	0.129	0.122	0.124	0.139	0.138	0.174	0.164	0.260	0.165	0.143	0.141	0.142	0.131	0.127	0.126	0.141	0.138	0.174	0.166	0.209	0.166	0.144	0.147	0.147	0.139	0.133	0.133	0.135	0.133	0.172	0.167	0.227	0.168	0.142	0.149	0.149	0.135	0.137	0.138	0.144	0.139	0.175	0.164	0.205	0.167	0.147	0.144	0.138	0.135	0.135	0.129	0.148	0.139	0.175	0.164	0.202	0.169	0.140	0.140	0.133	0.128	0.129	0.134	0.142	0.132	0.141	0.170	0.241	0.165	0.147	0.141	0.135	0.128	0.125	0.129	0.143	0.138	0.177	0.168
8:20:01	0.235	0.171	0.141	0.140	0.132	0.128	0.125	0.126	0.140	0.138	0.178	0.164	0.233	0.169	0.143	0.140	0.136	0.129	0.122	0.125	0.138	0.137	0.178	0.167	0.294	0.169	0.144	0.142	0.141	0.131	0.127	0.127	0.140	0.139	0.179	0.169	0.228	0.172	0.146	0.148	0.147	0.139	0.133	0.133	0.132	0.133	0.177	0.170	0.224	0.169	0.144	0.151	0.149	0.136	0.138	0.139	0.144	0.138	0.180	0.168	0.214	0.168	0.149	0.145	0.137	0.136	0.136	0.129	0.148	0.139	0.180	0.168	0.212	0.168	0.141	0.141	0.133	0.128	0.130	0.134	0.142	0.130	0.146	0.173	0.260	0.173	0.148	0.142	0.135	0.128	0.126	0.130	0.142	0.137	0.181	0.171
8:40:01	0.258	0.183	0.143	0.141	0.132	0.129	0.126	0.126	0.139	0.138	0.183	0.168	0.249	0.187	0.145	0.142	0.135	0.129	0.123	0.125	0.138	0.137	0.182	0.170	0.345	0.179	0.146	0.144	0.141	0.131	0.128	0.127	0.140	0.139	0.184	0.172	0.254	0.178	0.147	0.150	0.147	0.140	0.134	0.134	0.134	0.131	0.181	0.173	0.240	0.177	0.146	0.152	0.149	0.136	0.138	0.139	0.143	0.138	0.184	0.170	0.229	0.176	0.151	0.146	0.137	0.136	0.136	0.130	0.147	0.139	0.184	0.170	0.231	0.176	0.142	0.142	0.132	0.128	0.130	0.135	0.141	0.131	0.150	0.175	0.306	0.175	0.150	0.143	0.134	0.128	0.126	0.130	0.142	0.137	0.186	0.174
9:00:01	0.290	0.201	0.144	0.142	0.132	0.129	0.126	0.126	0.139	0.140	0.187	0.171	0.300	0.195	0.147	0.143	0.134	0.130	0.123	0.125	0.138	0.139	0.186	0.173	0.408	0.184	0.147	0.145	0.141	0.132	0.128	0.127	0.140	0.140	0.189	0.175	0.286	0.180	0.149	0.151	0.146	0.141	0.134	0.134	0.134	0.132	0.186	0.176	0.315	0.183	0.147	0.153	0.148	0.137	0.139	0.139	0.143	0.139	0.189	0.173	0.270	0.181	0.152	0.147	0.137	0.137	0.137	0.130	0.147	0.141	0.189	0.172	0.258	0.180	0.144	0.143	0.132	0.129	0.131	0.135	0.141	0.133	0.155	0.178	0.362	0.179	0.152	0.145	0.134	0.129	0.127	0.131	0.142	0.139	0.191	0.176
9:20:01	0.317	0.201	0.146	0.144	0.131	0.130	0.127	0.126	0.139	0.140	0.192	0.174	0.348	0.198	0.148	0.145	0.135	0.131	0.123	0.125	0.138	0.139	0.189	0.176	0.433	0.184	0.149	0.144	0.141	0.133	0.128	0.127	0.140	0.140	0.195	0.177	0.335	0.182	0.150	0.153	0.146	0.141	0.134	0.135	0.134	0.133	0.190	0.178	0.376	0.184	0.149	0.155	0.148	0.138	0.139	0.140	0.143	0.140	0.194	0.175	0.327	0.184	0.154	0.149	0.137	0.138	0.137	0.130	0.147	0.141	0.194	0.175	0.299	0.181	0.146	0.144	0.132	0.130	0.131	0.136	0.142	0.132	0.160	0.180	0.398	0.180	0.155	0.146	0.134	0.130	0.128	0.131	0.142	0.138	0.196	0.179
9:40:01	0.350	0.203	0.148	0.145	0.131	0.131	0.127	0.127	0.139	0.139	0.196	0.177	0.385	0.200	0.150	0.146	0.134	0.132	0.123	0.126	0.138	0.139	0.193	0.178	0.321	0.192	0.150	0.146	0.140	0.134	0.128	0.127	0.141	0.139	0.198	0.179	0.372	0.189	0.151	0.154	0.146	0.141	0.134	0.135	0.133	0.134	0.195	0.180	0.421	0.191	0.151	0.156	0.148	0.138	0.139	0.139	0.143	0.140	0.198	0.178	0.371	0.188	0.155	0.150	0.136	0.138	0.137	0.130	0.148	0.140	0.198	0.177	0.359	0.186	0.148	0.146	0.132	0.130	0.132	0.136	0.142	0.131	0.164	0.183	0.423	0.187	0.156	0.147	0.134	0.131	0.128	0.131	0.142	0.138	0.200	0.181
10:00:01	0.365	0.205	0.150	0.147	0.131	0.131	0.128	0.127	0.140	0.140	0.200	0.180	0.317	0.205	0.151	0.148	0.134	0.133	0.123	0.126	0.139	0.139	0.196	0.181	0.538	0.204	0.152	0.150	0.141	0.135	0.129	0.128	0.142	0.140	0.203	0.182	0.390	0.201	0.153	0.157	0.148	0.143	0.136	0.136	0.136	0.133	0.199	0.183	0.327	0.201	0.153	0.160	0.149	0.139	0.141	0.141	0.145	0.141	0.203	0.180	0.405	0.200	0.157	0.152	0.137	0.140	0.139	0.131	0.148	0.141	0.203	0.180	0.396	0.196	0.150	0.147	0.132	0.131	0.132	0.136	0.144	0.132	0.169	0.186	0.410	0.200	0.158	0.149	0.133	0.131	0.129	0.132	0.143	0.138	0.203	0.183
10:20:01	0.363	0.219	0.151	0.149	0.131	0.131	0.128	0.127	0.141	0.140	0.203	0.183	0.504	0.222	0.153	0.149	0.134	0.134	0.124	0.125	0.141	0.139	0.198	0.184	0.475	0.219	0.154	0.153	0.142	0.135	0.129	0.128	0.142	0.141	0.206	0.185	0.363	0.217	0.155	0.158	0.147	0.144	0.136	0.137	0.135	0.134	0.202	0.186	0.420	0.215	0.155	0.161	0.149	0.140	0.141	0.141	0.146	0.141	0.207	0.183	0.398	0.213	0.158	0.154	0.137	0.140	0.139	0.131	0.150	0.142	0.206	0.181	0.405	0.208	0.152	0.148	0.132	0.131	0.132	0.136	0.145	0.131	0.172	0.188	0.356	0.213	0.160	0.150	0.133	0.132	0.130	0.132	0.144	0.138	0.206	0.186
10:40:01	0.330	0.239	0.152	0.150	0.131	0.132	0.129	0.127	0.142	0.141	0.206	0.186	0.530	0.244	0.154	0.151	0.134	0.134	0.124	0.126	0.142	0.140	0.201	0.187	0.455	0.233	0.155	0.155	0.141	0.136	0.129	0.128	0.143	0.141	0.209	0.188	0.336	0.231	0.156	0.160	0.147	0.144	0.136	0.137	0.136	0.134	0.205	0.189	0.524	0.230	0.157	0.163	0.148	0.140	0.142	0.141	0.147	0.141	0.211	0.186	0.331	0.227	0.160	0.156	0.137	0.140	0.140	0.130	0.151	0.142	0.210	0.185	0.352	0.223	0.154	0.149	0.132	0.132	0.133	0.137	0.146	0.132	0.175	0.191	0.441	0.228	0.162	0.151	0.133	0.132	0.130	0.132	0.146	0.139	0.209	0.188
11:00:01	0.395	0.258	0.154	0.152	0.131	0.132	0.129	0.128	0.143	0.141	0.208	0.188	0.432	0.262	0.156	0.153	0.134	0.135	0.124	0.126	0.143	0.140	0.203	0.190	0.373	0.248	0.157	0.158	0.142	0.136	0.130	0.129	0.143	0.141	0.211	0.190	0.423	0.246	0.158	0.163	0.147	0.145	0.137	0.138	0.136	0.134	0.208	0.191	0.501	0.246	0.159	0.166	0.149	0.141	0.143	0.143	0.148	0.142	0.214	0.189	0.425	0.243	0.162	0.158	0.138	0.141	0.141	0.131	0.152	0.142	0.213	0.188	0.424	0.239	0.156	0.151	0.132	0.132	0.133	0.137	0.146	0.133	0.177	0.193	0.443	0.244	0.164	0.153	0.133	0.132	0.131	0.133	0.146	0.140	0.211	0.190
11:20:01	0.409	0.287	0.156	0.153	0.131	0.131	0.129	0.128	0.144	0.141	0.210	0.190	0.361	0.288	0.158	0.154	0.134	0.134	0.124	0.126	0.143	0.141	0.205	0.192	0.395	0.263	0.158	0.159	0.141	0.136	0.130	0.129	0.142	0.142	0.213	0.192	0.434	0.265	0.159	0.164	0.147	0.145	0.137	0.138	0.135	0.137	0.210	0.193	0.389	0.264	0.161	0.167	0.149	0.141	0.143	0.142	0.148	0.142	0.216	0.191	0.449	0.263	0.163	0.159	0.137	0.141	0.140	0.131	0.153	0.143	0.215	0.188	0.455	0.258	0.157	0.152	0.132	0.132	0.134	0.137	0.146	0.132	0.179	0.195	0.446	0.260	0.165	0.154	0.133	0.133	0.131	0.133	0.147	0.140	0.213	0.192
11:40:01	0.410	0.290	0.157	0.155	0.131	0.131	0.130	0.128	0.144	0.142	0.212	0.192	0.406	0.304	0.160	0.156	0.134	0.134	0.124	0.126	0.143	0.141	0.206	0.194	0.360	0.281	0.160	0.161	0.142	0.137	0.130	0.129	0.143	0.143	0.215	0.194	0.433	0.281	0.161	0.166	0.147	0.146	0.138	0.139	0.138	0.136	0.213	0.196	0.405	0.283	0.162	0.170	0.149	0.141	0.144	0.143	0.149	0.143	0.219	0.193	0.450	0.284	0.164	0.161	0.138	0.142	0.142	0.132	0.154	0.144	0.217	0.191	0.456	0.277	0.159	0.153	0.132	0.132	0.134	0.137	0.146	0.134	0.181	0.198	0.450	0.279	0.166	0.156	0.133	0.133	0.131	0.133	0.147	0.141	0.215	0.194
12:00:01	0.415	0.310	0.159	0.156	0.131	0.131	0.130	0.129	0.143	0.143	0.214	0.194	0.398	0.302	0.161	0.158	0.135	0.134	0.125	0.127	0.142	0.142	0.208	0.196	0.376	0.298	0.161	0.162	0.141	0.136	0.130	0.129	0.146	0.143	0.217	0.196	0.441	0.295	0.162	0.167	0.147	0.145	0.137	0.139	0.140	0.138	0.215	0.197	0.370	0.301	0.164	0.171	0.149	0.141	0.144	0.143	0.148	0.144	0.221	0.195	0.444	0.301	0.166	0.162	0.137	0.141	0.142	0.131	0.155	0.144	0.219	0.193	0.461	0.298	0.160	0.154	0.132	0.132	0.135	0.137	0.148	0.134	0.182	0.199	0.457	0.301	0.168	0.157	0.133	0.132	0.132	0.133	0.147	0.142	0.217	0.195
12:20:01	0.423	0.287	0.161	0.158	0.131	0.131	0.130	0.129	0.144	0.144	0.215	0.195	0.331	0.294	0.163	0.159	0.135	0.134	0.125	0.126	0.144	0.143	0.209	0.197	0.369	0.298	0.163	0.164	0.142	0.136	0.130	0.129	0.147	0.144	0.218	0.197	0.451	0.306	0.164	0.169	0.147	0.145	0.138	0.139	0.143	0.137	0.217	0.199	0.356	0.304	0.165	0.172	0.149	0.140	0.144	0.143	0.151	0.144	0.222	0.197	0.454	0.310	0.167	0.163	0.138	0.141	0.142	0.132	0.154	0.145	0.221	0.195	0.465	0.311	0.161	0.155	0.132	0.131	0.135	0.138	0.149	0.136	0.184	0.201	0.465	0.307	0.169	0.158	0.133	0.132	0.132	0.133	0.146	0.143	0.218	0.196
12:40:01	0.435	0.337	0.162	0.159	0.131	0.130	0.131	0.129	0.145	0.144	0.216	0.196	0.348	0.376	0.164	0.161	0.135	0.133	0.125	0.126	0.145	0.144	0.210	0.198	0.345	0.295	0.164	0.165	0.142	0.136	0.131	0.129	0.147	0.144	0.219	0.198	0.567	0.298	0.165	0.171	0.148	0.145	0.138	0.139	0.143	0.138	0.218	0.200	0.361	0.291	0.166	0.174	0.149	0.140	0.144	0.143	0.152	0.145	0.223	0.198	0.454	0.294	0.168	0.165	0.138	0.141	0.143	0.132	0.156	0.146	0.222	0.196	0.510	0.295	0.162	0.157	0.132	0.131	0.135	0.138	0.149	0.137	0.185	0.201	0.469	0.299	0.170	0.159	0.133	0.132	0.132	0.134	0.148	0.144	0.219	0.197
13:00:01	0.441	0.398	0.163	0.161	0.131	0.130	0.131	0.129	0.145	0.145	0.216	0.197	0.364	0.388	0.165	0.162	0.135	0.133	0.124	0.126	0.145	0.144	0.210	0.199	0.339	0.341	0.164	0.167	0.142	0.136	0.131	0.129	0.147	0.144	0.220	0.199	0.444	0.315	0.166	0.172	0.148	0.145	0.138	0.139	0.144	0.138	0.220	0.201	0.361	0.331	0.167	0.175	0.149	0.140	0.145	0.143	0.152	0.145	0.224	0.199	0.541	0.309	0.169	0.166	0.138	0.141	0.143	0.132	0.156	0.146	0.223	0.196	0.533	0.310	0.163	0.157	0.132	0.131	0.135	0.138	0.149	0.137	0.186	0.202	0.474	0.342	0.171	0.160	0.133	0.131	0.132	0.134	0.149	0.144	0.220	0.198
13:20:01	0.421	0.492	0.165	0.163	0.131	0.130	0.131	0.129	0.145	0.145	0.217	0.197	0.349	0.466	0.166	0.164	0.135	0.133	0.125	0.126	0.145	0.144	0.211	0.199	0.321	0.361	0.165	0.168	0.142	0.136	0.130	0.129	0.147	0.145	0.220	0.200	0.415	0.341	0.167	0.173	0.146	0.144	0.137	0.139	0.144	0.139	0.221	0.202	0.343	0.363	0.168	0.176	0.148	0.139	0.143	0.142	0.152	0.145	0.225	0.200	0.453	0.355	0.170	0.167	0.137	0.140	0.142	0.131	0.156	0.146	0.224	0.197	0.469	0.358	0.164	0.158	0.132	0.131	0.135	0.138	0.150	0.137	0.186	0.203	0.462	0.364	0.172	0.161	0.133	0.131	0.133	0.134	0.149	0.144	0.221	0.198
13:40:01	0.415	0.498	0.166	0.165	0.131	0.130	0.131	0.129	0.146	0.145	0.218	0.197	0.338	0.378	0.167	0.165	0.135	0.133	0.125	0.126	0.145	0.144	0.212	0.200	0.320	0.373	0.166	0.169	0.141	0.136	0.130	0.128	0.147	0.146	0.221	0.200	0.400	0.356	0.168	0.174	0.146	0.143	0.136	0.139	0.143	0.140	0.222	0.202	0.341	0.383	0.169	0.176	0.148	0.139	0.143	0.141	0.152	0.145	0.226	0.200	0.419	0.372	0.171	0.167	0.137	0.139	0.141	0.131	0.156	0.146	0.224	0.197	0.433	0.375	0.165	0.159	0.132	0.130	0.136	0.138	0.150	0.137	0.187	0.203	0.448	0.378	0.172	0.162	0.133	0.131	0.133	0.134	0.149	0.144	0.221	0.198
14:00:01	0.399	0.442	0.167	0.166	0.131	0.130	0.131	0.129	0.146	0.146	0.217	0.198	0.332	0.367	0.167	0.166	0.134	0.132	0.125	0.126	0.145	0.145	0.212	0.200	0.313	0.383	0.166	0.169	0.141	0.135	0.130	0.128	0.147	0.150	0.221	0.201	0.391	0.373	0.168	0.173	0.144	0.142	0.135	0.138	0.145	0.139	0.222	0.202	0.329	0.401	0.169	0.176	0.146	0.138	0.142	0.140	0.151	0.145	0.226	0.201	0.400	0.389	0.170	0.168	0.136	0.138	0.140	0.130	0.154	0.146	0.224	0.197	0.410	0.387	0.165	0.160	0.132	0.130	0.135	0.138	0.150	0.138	0.187	0.204	0.429	0.388	0.173	0.163	0.133	0.131	0.132	0.134	0.149	0.144	0.221	0.199
14:20:01	0.418	0.355	0.168	0.168	0.131	0.130	0.131	0.130	0.146	0.147	0.218	0.197	0.325	0.316	0.168	0.167	0.134	0.132	0.125	0.126	0.145	0.147	0.213	0.200	0.306	0.393	0.167	0.170	0.140	0.135	0.130	0.128	0.147	0.150	0.221	0.201	0.386	0.385	0.169	0.174	0.143	0.141	0.135	0.138	0.144	0.143	0.223	0.203	0.321	0.414	0.170	0.177	0.146	0.138	0.142	0.140	0.151	0.147	0.226	0.201	0.380	0.404	0.171	0.169	0.136	0.138	0.140	0.130	0.155	0.148	0.224	0.198	0.383	0.407	0.166	0.161	0.132	0.130	0.136	0.138	0.151	0.139	0.187	0.204	0.421	0.402	0.173	0.164	0.133	0.131	0.133	0.134	0.150	0.146	0.221	0.198
14:40:01	0.411	0.329	0.169	0.169	0.131	0.130	0.131	0.129	0.146	0.148	0.217	0.197	0.317	0.326	0.168	0.168	0.134	0.132	0.125	0.125	0.146	0.147	0.213	0.200	0.305	0.417	0.168	0.171	0.141	0.136	0.130	0.128	0.147	0.150	0.220	0.201	0.400	0.403	0.170	0.175	0.144	0.142	0.135	0.138	0.146	0.143	0.223	0.202	0.306	0.429	0.171	0.178	0.146	0.138	0.142	0.140	0.151	0.148	0.226	0.201	0.384	0.419	0.172	0.170	0.136	0.138	0.140	0.130	0.154	0.149	0.224	0.196	0.387	0.423	0.167	0.161	0.132	0.130	0.135	0.138	0.151	0.139	0.187	0.203	0.413	0.411	0.174	0.165	0.132	0.130	0.132	0.134	0.150	0.146	0.221	0.198
15:00:01	0.416	0.331	0.169	0.170	0.131	0.130	0.131	0.130	0.146	0.148	0.217	0.197	0.310	0.320	0.169	0.169	0.134	0.132	0.125	0.126	0.146	0.147	0.213	0.199	0.299	0.435	0.168	0.172	0.140	0.135	0.130	0.128	0.148	0.151	0.220	0.201	0.388	0.417	0.170	0.176	0.143	0.141	0.134	0.138	0.147	0.143	0.223	0.202	0.305	0.466	0.172	0.178	0.145	0.137	0.141	0.139	0.151	0.149	0.226	0.201	0.391	0.441	0.172	0.170	0.136	0.138	0.140	0.130	0.154	0.149	0.224	0.197	0.396	0.442	0.167	0.162	0.131	0.130	0.135	0.138	0.151	0.140	0.187	0.204	0.415	0.452	0.174	0.165	0.132	0.130	0.133	0.134	0.150	0.147	0.221	0.198
15:20:01	0.423	0.342	0.170	0.171	0.130	0.130	0.131	0.129	0.147	0.148	0.216	0.197	0.305	0.323	0.170	0.169	0.134	0.132	0.125	0.126	0.146	0.147	0.212	0.199	0.295	0.416	0.169	0.173	0.141	0.135	0.130	0.128	0.148	0.151	0.220	0.200	0.376	0.441	0.171	0.177	0.143	0.141	0.134	0.137	0.147	0.143	0.222	0.202	0.299	0.443	0.172	0.178	0.145	0.137	0.141	0.138	0.151	0.149	0.226	0.200	0.403	0.466	0.173	0.171	0.136	0.137	0.139	0.130	0.155	0.149	0.223	0.197	0.395	0.464	0.167	0.163	0.131	0.130	0.135	0.138	0.152	0.141	0.186	0.203	0.401	0.459	0.175	0.166	0.132	0.131	0.133	0.134	0.151	0.147	0.220	0.198
15:40:01	0.404	0.333	0.171	0.172	0.130	0.130	0.131	0.129	0.147	0.148	0.216	0.197	0.301	0.318	0.171	0.170	0.134	0.132	0.125	0.126	0.146	0.147	0.212	0.199	0.292	0.388	0.169	0.173	0.140	0.135	0.130	0.127	0.148	0.151	0.220	0.200	0.352	0.453	0.171	0.177	0.142	0.141	0.133	0.137	0.148	0.143	0.222	0.202	0.296	0.409	0.173	0.179	0.144	0.137	0.140	0.137	0.151	0.149	0.225	0.200	0.384	0.443	0.174	0.172	0.135	0.137	0.138	0.130	0.154	0.149	0.223	0.196	0.381	0.449	0.168	0.163	0.131	0.130	0.135	0.138	0.152	0.141	0.186	0.203	0.379	0.456	0.176	0.166	0.132	0.130	0.132	0.134	0.151	0.147	0.220	0.198
16:00:01	0.380	0.324	0.172	0.172	0.130	0.130	0.131	0.129	0.147	0.149	0.216	0.196	0.297	0.309	0.172	0.171	0.134	0.132	0.125	0.126	0.146	0.148	0.212	0.199	0.290	0.387	0.170	0.175	0.140	0.136	0.130	0.128	0.149	0.152	0.219	0.200	0.316	0.448	0.173	0.178	0.143	0.141	0.134	0.138	0.149	0.143	0.222	0.202	0.292	0.396	0.174	0.180	0.145	0.137	0.141	0.139	0.152	0.150	0.225	0.200	0.384	0.415	0.175	0.172	0.136	0.138	0.140	0.131	0.155	0.150	0.223	0.197	0.369	0.419	0.169	0.164	0.131	0.130	0.135	0.138	0.152	0.141	0.185	0.203	0.348	0.422	0.177	0.167	0.132	0.130	0.132	0.134	0.151	0.148	0.219	0.197
16:20:01	0.341	0.313	0.172	0.173	0.130	0.130	0.131	0.129	0.148	0.149	0.215	0.195	0.294	0.308	0.172	0.172	0.134	0.132	0.126	0.126	0.147	0.148	0.211	0.198	0.288	0.377	0.171	0.175	0.140	0.136	0.130	0.128	0.149	0.152	0.218	0.200	0.310	0.441	0.173	0.178	0.143	0.141	0.134	0.137	0.149	0.144	0.221	0.201	0.288	0.376	0.175	0.180	0.145	0.137	0.140	0.138	0.151	0.150	0.224	0.199	0.367	0.403	0.175	0.173	0.135	0.137	0.139	0.130	0.155	0.150	0.222	0.195	0.348	0.405	0.170	0.164	0.131	0.130	0.135	0.138	0.152	0.141	0.184	0.202	0.324	0.405	0.178	0.167	0.132	0.130	0.132	0.134	0.152	0.148	0.218	0.196
16:40:01	0.321	0.311	0.174	0.173	0.130	0.130	0.131	0.129	0.148	0.149	0.215	0.195	0.291	0.304	0.173	0.172	0.134	0.132	0.125	0.126	0.147	0.149	0.211	0.198	0.286	0.386	0.171	0.176	0.139	0.135	0.130	0.127	0.149	0.153	0.218	0.200	0.308	0.423	0.173	0.178	0.141	0.140	0.133	0.137	0.148	0.146	0.221	0.201	0.285	0.374	0.175	0.179	0.144	0.137	0.139	0.137	0.152	0.150	0.224	0.199	0.321	0.379	0.176	0.173	0.134	0.136	0.138	0.129	0.155	0.150	0.221	0.195	0.314	0.391	0.170	0.165	0.131	0.130	0.135	0.138	0.153	0.142	0.183	0.202	0.310	0.389	0.178	0.168	0.132	0.130	0.132	0.134	0.152	0.149	0.218	0.196
17:00:01	0.319	0.306	0.174	0.173	0.130	0.130	0.131	0.129	0.148	0.150	0.214	0.194	0.288	0.297	0.174	0.172	0.134	0.132	0.125	0.126	0.147	0.149	0.211	0.196	0.283	0.386	0.172	0.177	0.139	0.135	0.129	0.127	0.150	0.154	0.217	0.199	0.303	0.407	0.174	0.178	0.140	0.140	0.132	0.137	0.150	0.144	0.220	0.200	0.282	0.378	0.176	0.180	0.143	0.136	0.139	0.136	0.152	0.151	0.223	0.198	0.302	0.381	0.176	0.174	0.134	0.136	0.138	0.129	0.155	0.150	0.220	0.195	0.302	0.381	0.171	0.166	0.131	0.129	0.135	0.138	0.153	0.142	0.183	0.201	0.306	0.382	0.178	0.168	0.132	0.130	0.132	0.133	0.152	0.149	0.217	0.196
17:20:01	0.315	0.300	0.175	0.174	0.130	0.130	0.131	0.129	0.148	0.150	0.213	0.193	0.285	0.292	0.174	0.172	0.133	0.132	0.125	0.125	0.147	0.149	0.210	0.196	0.281	0.394	0.172	0.177	0.139	0.136	0.129	0.127	0.150	0.155	0.216	0.197	0.292	0.410	0.175	0.179	0.140	0.140	0.132	0.137	0.150	0.145	0.219	0.199	0.280	0.372	0.177	0.180	0.143	0.136	0.139	0.136	0.152	0.151	0.222	0.197	0.291	0.380	0.177	0.174	0.134	0.136	0.137	0.129	0.154	0.151	0.220	0.192	0.302	0.383	0.172	0.166	0.131	0.129	0.135	0.138	0.153	0.142	0.182	0.200	0.307	0.394	0.179	0.169	0.132	0.130	0.132	0.133	0.152	0.148	0.217	0.195
17:40:01	0.312	0.296	0.175	0.175	0.130	0.130	0.131	0.129	0.149	0.150	0.212	0.193	0.282	0.288	0.175	0.173	0.133	0.132	0.125	0.126	0.147	0.149	0.209	0.196	0.280	0.366	0.173	0.177	0.139	0.135	0.129	0.127	0.151	0.155	0.216	0.197	0.298	0.408	0.175	0.179	0.140	0.140	0.132	0.136	0.152	0.145	0.219	0.199	0.278	0.359	0.177	0.181	0.143	0.136	0.139	0.136	0.153	0.153	0.222	0.197	0.287	0.376	0.177	0.175	0.134	0.136	0.138	0.130	0.155	0.150	0.219	0.194	0.288	0.379	0.172	0.167	0.131	0.129	0.135	0.137	0.153	0.142	0.182	0.200	0.306	0.378	0.180	0.169	0.132	0.130	0.132	0.133	0.153	0.150	0.216	0.195
18:00:01	0.314	0.292	0.176	0.175	0.130	0.130	0.131	0.129	0.149	0.151	0.211	0.192	0.281	0.284	0.175	0.174	0.133	0.132	0.125	0.126	0.147	0.149	0.209	0.194	0.280	0.349	0.173	0.178	0.139	0.135	0.129	0.127	0.151	0.157	0.216	0.197	0.303	0.390	0.175	0.179	0.139	0.140	0.132	0.136	0.152	0.145	0.219	0.199	0.276	0.334	0.178	0.181	0.143	0.136	0.138	0.136	0.153	0.154	0.222	0.197	0.293	0.359	0.178	0.175	0.134	0.136	0.137	0.129	0.155	0.151	0.219	0.194	0.298	0.367	0.172	0.167	0.131	0.129	0.135	0.137	0.153	0.143	0.182	0.200	0.306	0.363	0.181	0.170	0.132	0.130	0.132	0.133	0.153	0.150	0.216	0.193
18:20:02	0.312	0.289	0.177	0.175	0.130	0.129	0.131	0.129	0.149	0.151	0.210	0.192	0.280	0.281	0.176	0.175	0.133	0.132	0.125	0.126	0.147	0.150	0.208	0.194	0.281	0.325	0.174	0.179	0.139	0.136	0.129	0.127	0.152	0.158	0.215	0.196	0.304	0.376	0.176	0.180	0.139	0.140	0.132	0.136	0.152	0.146	0.218	0.197	0.275	0.312	0.179	0.182	0.143	0.136	0.138	0.136	0.153	0.155	0.221	0.196	0.298	0.338	0.178	0.176	0.134	0.136	0.137	0.129	0.155	0.151	0.218	0.191	0.303	0.346	0.173	0.168	0.131	0.129	0.134	0.137	0.153	0.143	0.181	0.198	0.307	0.345	0.181	0.171	0.132	0.130	0.132	0.133	0.153	0.150	0.215	0.193
18:40:02	0.311	0.285	0.177	0.176	0.129	0.130	0.131	0.129	0.149	0.151	0.210	0.191	0.279	0.278	0.177	0.175	0.133	0.132	0.125	0.125	0.147	0.149	0.208	0.194	0.281	0.310	0.175	0.179	0.139	0.135	0.129	0.127	0.152	0.158	0.215	0.196	0.304	0.351	0.177	0.181	0.140	0.140	0.133	0.136	0.153	0.146	0.218	0.197	0.274	0.304	0.179	0.182	0.143	0.136	0.139	0.136	0.155	0.157	0.222	0.195	0.299	0.317	0.179	0.176	0.134	0.136	0.137	0.129	0.155	0.151	0.218	0.192	0.303	0.319	0.174	0.168	0.131	0.129	0.134	0.137	0.153	0.144	0.181	0.198	0.307	0.321	0.182	0.171	0.132	0.130	0.132	0.133	0.153	0.150	0.215	0.192
19:00:02	0.310	0.282	0.178	0.177	0.130	0.130	0.131	0.129	0.150	0.152	0.209	0.190	0.279	0.275	0.177	0.176	0.133	0.132	0.126	0.125	0.148	0.150	0.207	0.193	0.282	0.303	0.175	0.180	0.140	0.135	0.129	0.127	0.153	0.160	0.214	0.195	0.302	0.325	0.178	0.181	0.140	0.140	0.133	0.136	0.154	0.147	0.218	0.196	0.272	0.299	0.180	0.183	0.144	0.137	0.139	0.137	0.155	0.158	0.222	0.195	0.298	0.307	0.180	0.177	0.135	0.137	0.138	0.130	0.156	0.152	0.218	0.191	0.301	0.306	0.174	0.169	0.131	0.130	0.135	0.137	0.154	0.144	0.181	0.197	0.306	0.307	0.182	0.172	0.132	0.130	0.132	0.133	0.153	0.150	0.215	0.191
19:20:02	0.309	0.279	0.179	0.177	0.129	0.130	0.130	0.129	0.150	0.152	0.209	0.190	0.278	0.274	0.178	0.177	0.133	0.132	0.125	0.125	0.148	0.150	0.206	0.192	0.282	0.301	0.176	0.180	0.139	0.135	0.129	0.127	0.153	0.160	0.214	0.194	0.301	0.316	0.178	0.181	0.139	0.140	0.132	0.136	0.154	0.148	0.218	0.195	0.272	0.304	0.180	0.183	0.142	0.136	0.138	0.135	0.155	0.159	0.222	0.194	0.297	0.302	0.180	0.178	0.134	0.136	0.137	0.129	0.155	0.151	0.218	0.190	0.301	0.298	0.175	0.169	0.131	0.129	0.134	0.137	0.154	0.144	0.180	0.196	0.306	0.302	0.183	0.172	0.132	0.130	0.132	0.133	0.154	0.150	0.214	0.191
19:40:02	0.307	0.278	0.180	0.178	0.129	0.130	0.130	0.129	0.150	0.152	0.208	0.189	0.278	0.274	0.178	0.177	0.133	0.132	0.125	0.126	0.148	0.150	0.206	0.192	0.284	0.302	0.176	0.180	0.139	0.135	0.129	0.126	0.153	0.161	0.213	0.193	0.298	0.313	0.178	0.181	0.138	0.139	0.131	0.136	0.155	0.149	0.218	0.195	0.271	0.310	0.181	0.183	0.142	0.136	0.137	0.135	0.155	0.160	0.222	0.193	0.296	0.299	0.181	0.178	0.134	0.136	0.136	0.129	0.155	0.151	0.217	0.190	0.299	0.293	0.176	0.170	0.131	0.129	0.134	0.137	0.154	0.144	0.179	0.195	0.304	0.302	0.183	0.173	0.132	0.130	0.132	0.133	0.154	0.151	0.213	0.191
20:00:02	0.303	0.277	0.180	0.179	0.129	0.130	0.130	0.129	0.150	0.152	0.207	0.188	0.279	0.273	0.179	0.178	0.133	0.132	0.125	0.126	0.148	0.150	0.205	0.191	0.286	0.296	0.177	0.181	0.139	0.135	0.129	0.126	0.154	0.162	0.212	0.193	0.295	0.312	0.179	0.182	0.139	0.140	0.131	0.136	0.156	0.150	0.218	0.195	0.270	0.307	0.181	0.183	0.142	0.136	0.137	0.135	0.155	0.161	0.223	0.192	0.295	0.300	0.181	0.179	0.134	0.136	0.136	0.129	0.155	0.152	0.217	0.190	0.298	0.290	0.176	0.170	0.131	0.129	0.134	0.137	0.154	0.144	0.179	0.195	0.302	0.299	0.184	0.173	0.132	0.130	0.132	0.133	0.154	0.151	0.213	0.190
20:20:02	0.301	0.277	0.181	0.180	0.129	0.130	0.130	0.129	0.150	0.152	0.207	0.188	0.280	0.273	0.180	0.179	0.133	0.132	0.125	0.125	0.148	0.150	0.204	0.190	0.287	0.300	0.177	0.181	0.138	0.135	0.129	0.126	0.154	0.163	0.212	0.192	0.292	0.310	0.179	0.182	0.138	0.139	0.131	0.135	0.156	0.151	0.218	0.194	0.270	0.303	0.182	0.183	0.141	0.135	0.137	0.134	0.155	0.162	0.223	0.192	0.294	0.303	0.182	0.179	0.133	0.135	0.135	0.128	0.155	0.151	0.217	0.189	0.297	0.297	0.177	0.171	0.131	0.129	0.134	0.137	0.154	0.145	0.178	0.194	0.299	0.296	0.184	0.174	0.132	0.130	0.132	0.133	0.154	0.151	0.212	0.190
20:40:02	0.298	0.275	0.182	0.180	0.129	0.130	0.130	0.129	0.150	0.152	0.206	0.187	0.281	0.272	0.180	0.179	0.132	0.132	0.125	0.125	0.148	0.150	0.203	0.190	0.290	0.298	0.178	0.182	0.138	0.135	0.129	0.126	0.155	0.164	0.211	0.192	0.291	0.308	0.180	0.182	0.138	0.139	0.130	0.135	0.156	0.152	0.218	0.193	0.270	0.299	0.182	0.184	0.141	0.136	0.137	0.134	0.156	0.163	0.224	0.192	0.293	0.298	0.182	0.179	0.133	0.135	0.135	0.128	0.155	0.152	0.217	0.189	0.295	0.300	0.177	0.171	0.130	0.129	0.134	0.137	0.154	0.144	0.177	0.194	0.297	0.293	0.185	0.174	0.131	0.130	0.131	0.133	0.154	0.151	0.212	0.189
21:00:02	0.297	0.274	0.183	0.181	0.129	0.130	0.130	0.129	0.150	0.153	0.206	0.187	0.282	0.271	0.181	0.180	0.132	0.131	0.125	0.125	0.148	0.150	0.203	0.189	0.291	0.294	0.178	0.182	0.138	0.135	0.128	0.126	0.155	0.165	0.211	0.191	0.288	0.304	0.181	0.182	0.137	0.139	0.130	0.135	0.157	0.153	0.219	0.192	0.269	0.297	0.183	0.184	0.141	0.136	0.136	0.134	0.156	0.164	0.226	0.192	0.291	0.296	0.182	0.180	0.133	0.135	0.135	0.128	0.155	0.152	0.216	0.187	0.293	0.297	0.178	0.172	0.130	0.129	0.134	0.137	0.154	0.144	0.177	0.193	0.295	0.292	0.185	0.175	0.131	0.130	0.131	0.133	0.154	0.151	0.211	0.189
21:20:02	0.294	0.273	0.183	0.181	0.129	0.130	0.130	0.128	0.150	0.152	0.205	0.186	0.283	0.270	0.181	0.180	0.132	0.131	0.125	0.125	0.148	0.150	0.202	0.189	0.292	0.290	0.179	0.183	0.138	0.135	0.128	0.126	0.156	0.167	0.210	0.191	0.286	0.302	0.181	0.183	0.138	0.140	0.131	0.135	0.157	0.155	0.219	0.192	0.270	0.294	0.183	0.185	0.141	0.136	0.137	0.134	0.157	0.165	0.227	0.191	0.289	0.294	0.183	0.180	0.133	0.135	0.135	0.128	0.155	0.152	0.216	0.187	0.291	0.292	0.178	0.172	0.130	0.129	0.134	0.137	0.154	0.145	0.176	0.192	0.293	0.291	0.186	0.175	0.131	0.130	0.131	0.132	0.154	0.151	0.210	0.188
21:40:02	0.292	0.272	0.184	0.182	0.129	0.129	0.130	0.128	0.150	0.153	0.204	0.185	0.286	0.269	0.182	0.180	0.132	0.131	0.124	0.124	0.148	0.150	0.202	0.188	0.292	0.289	0.179	0.184	0.138	0.135	0.128	0.126	0.157	0.167	0.209	0.190	0.284	0.300	0.182	0.183	0.137	0.139	0.130	0.134	0.158	0.156	0.220	0.191	0.270	0.293	0.184	0.185	0.141	0.135	0.136	0.133	0.157	0.165	0.229	0.190	0.287	0.293	0.183	0.180	0.132	0.135	0.134	0.128	0.155	0.152	0.216	0.187	0.289	0.289	0.179	0.172	0.130	0.129	0.133	0.136	0.154	0.144	0.175	0.192	0.292	0.290	0.186	0.175	0.131	0.130	0.131	0.132	0.154	0.151	0.209	0.188
22:00:02	0.290	0.271	0.185	0.182	0.128	0.130	0.130	0.128	0.150	0.153	0.204	0.185	0.288	0.269	0.182	0.181	0.132	0.131	0.124	0.124	0.148	0.150	0.201	0.187	0.294	0.286	0.180	0.184	0.139	0.136	0.128	0.126	0.158	0.169	0.208	0.189	0.283	0.298	0.182	0.184	0.137	0.140	0.130	0.134	0.158	0.157	0.221	0.191	0.271	0.291	0.184	0.186	0.141	0.136	0.136	0.134	0.158	0.166	0.230	0.190	0.285	0.292	0.184	0.181	0.133	0.135	0.134	0.128	0.155	0.152	0.217	0.187	0.287	0.288	0.179	0.173	0.130	0.129	0.133	0.137	0.154	0.145	0.175	0.192	0.290	0.289	0.187	0.176	0.131	0.130	0.131	0.132	0.154	0.151	0.209	0.187
22:20:02	0.289	0.272	0.185	0.183	0.128	0.129	0.129	0.128	0.150	0.153	0.203	0.184	0.292	0.270	0.182	0.182	0.132	0.132	0.125	0.124	0.148	0.150	0.201	0.187	0.298	0.285	0.181	0.185	0.139	0.137	0.128	0.126	0.158	0.170	0.207	0.189	0.282	0.296	0.183	0.184	0.138	0.141	0.130	0.135	0.159	0.159	0.221	0.190	0.272	0.289	0.185	0.186	0.141	0.135	0.136	0.134	0.158	0.166	0.230	0.189	0.283	0.291	0.185	0.182	0.133	0.136	0.135	0.128	0.155	0.152	0.217	0.186	0.285	0.287	0.180	0.174	0.130	0.129	0.133	0.137	0.154	0.144	0.174	0.192	0.289	0.288	0.188	0.177	0.131	0.130	0.131	0.132	0.154	0.151	0.208	0.187
22:40:02	0.287	0.270	0.186	0.183	0.128	0.130	0.129	0.128	0.150	0.153	0.203	0.184	0.293	0.270	0.183	0.182	0.132	0.131	0.124	0.124	0.148	0.150	0.200	0.186	0.298	0.285	0.181	0.186	0.139	0.136	0.128	0.126	0.159	0.171	0.207	0.188	0.280	0.294	0.184	0.185	0.138	0.141	0.130	0.135	0.160	0.160	0.223	0.190	0.272	0.287	0.185	0.187	0.141	0.136	0.136	0.134	0.159	0.168	0.235	0.190	0.281	0.289	0.185	0.182	0.133	0.136	0.135	0.129	0.156	0.152	0.219	0.187	0.284	0.286	0.180	0.174	0.130	0.129	0.133	0.136	0.154	0.145	0.173	0.192	0.288	0.287	0.188	0.177	0.131	0.130	0.131	0.132	0.154	0.152	0.208	0.187
23:00:02	0.285	0.270	0.187	0.184	0.128	0.129	0.129	0.128	0.150	0.153	0.202	0.183	0.296	0.270	0.184	0.182	0.132	0.131	0.124	0.124	0.148	0.150	0.200	0.185	0.300	0.283	0.182	0.186	0.139	0.136	0.128	0.126	0.160	0.171	0.206	0.188	0.280	0.292	0.184	0.185	0.138	0.141	0.130	0.134	0.160	0.161	0.224	0.189	0.273	0.285	0.185	0.187	0.141	0.136	0.136	0.134	0.160	0.169	0.238	0.190	0.279	0.288	0.185	0.183	0.132	0.135	0.134	0.128	0.155	0.152	0.220	0.188	0.282	0.286	0.181	0.175	0.130	0.129	0.133	0.136	0.154	0.144	0.172	0.193	0.286	0.286	0.188	0.177	0.131	0.130	0.131	0.132	0.155	0.151	0.207	0.186
23:20:02	0.285	0.272	0.188	0.184	0.128	0.129	0.129	0.128	0.150	0.153	0.202	0.183	0.300	0.272	0.184	0.183	0.132	0.131	0.124	0.124	0.148	0.150	0.199	0.184	0.302	0.282	0.182	0.187	0.139	0.136	0.128	0.125	0.160	0.172	0.206	0.187	0.279	0.290	0.185	0.186	0.138	0.141	0.130	0.134	0.161	0.162	0.226	0.189	0.272	0.283	0.186	0.187	0.141	0.136	0.136	0.134	0.160	0.170	0.241	0.191	0.278	0.287	0.186	0.183	0.132	0.135	0.134	0.128	0.156	0.153	0.222	0.189	0.281	0.285	0.181	0.175	0.130	0.129	0.133	0.136	0.154	0.145	0.172	0.194	0.286	0.284	0.189	0.178	0.131	0.130	0.130	0.132	0.154	0.152	0.206	0.186
23:40:02	0.284	0.273	0.188	0.185	0.128	0.129	0.129	0.128	0.150	0.153	0.201	0.182	0.301	0.273	0.185	0.184	0.132	0.131	0.124	0.124	0.148	0.150	0.199	0.184	0.303	0.280	0.183	0.187	0.140	0.136	0.128	0.125	0.161	0.172	0.205	0.186	0.278	0.289	0.186	0.186	0.138	0.141	0.130	0.135	0.161	0.163	0.228	0.189	0.273	0.281	0.186	0.188	0.141	0.136	0.136	0.134	0.161	0.171	0.243	0.192	0.278	0.285	0.187	0.184	0.133	0.136	0.135	0.128	0.156	0.153	0.223	0.190	0.280	0.284	0.182	0.176	0.130	0.129	0.133	0.136	0.154	0.144	0.171	0.195	0.285	0.283	0.189	0.178	0.131	0.130	0.130	0.132	0.154	0.152	0.205	0.186
24:00:02	0.283	0.275	0.189	0.185	0.128	0.129	0.129	0.128	0.150	0.153	0.200	0.182	0.303	0.275	0.185	0.184	0.132	0.131	0.124	0.124	0.148	0.150	0.199	0.183	0.304	0.279	0.184	0.188	0.140	0.137	0.128	0.126	0.162	0.173	0.205	0.186	0.277	0.286	0.187	0.187	0.138	0.141	0.131	0.135	0.162	0.165	0.230	0.189	0.273	0.280	0.187	0.189	0.142	0.136	0.137	0.135	0.162	0.172	0.246	0.193	0.277	0.283	0.187	0.184	0.133	0.136	0.135	0.129	0.156	0.153	0.224	0.193	0.279	0.282	0.183	0.176	0.130	0.129	0.133	0.136	0.154	0.144	0.171	0.197	0.284	0.281	0.190	0.179	0.131	0.130	0.130	0.132	0.155	0.152	0.205	0.186
24:20:02	0.282	0.276	0.190	0.186	0.128	0.129	0.129	0.128	0.150	0.153	0.200	0.181	0.306	0.276	0.186	0.184	0.132	0.131	0.124	0.124	0.148	0.150	0.198	0.183	0.306	0.277	0.184	0.189	0.140	0.136	0.128	0.125	0.163	0.174	0.204	0.185	0.277	0.284	0.187	0.187	0.138	0.141	0.130	0.135	0.163	0.166	0.232	0.188	0.273	0.279	0.187	0.189	0.141	0.136	0.136	0.134	0.162	0.172	0.249	0.195	0.275	0.281	0.188	0.185	0.132	0.136	0.135	0.128	0.156	0.153	0.226	0.195	0.278	0.281	0.183	0.177	0.130	0.129	0.132	0.136	0.154	0.145	0.170	0.199	0.284	0.280	0.190	0.179	0.131	0.130	0.130	0.132	0.155	0.152	0.204	0.186
24:40:02	0.282	0.278	0.190	0.186	0.128	0.129	0.129	0.128	0.150	0.153	0.199	0.181	0.308	0.278	0.186	0.185	0.131	0.131	0.124	0.124	0.148	0.150	0.198	0.182	0.307	0.275	0.185	0.189	0.140	0.137	0.127	0.125	0.163	0.175	0.204	0.185	0.277	0.283	0.188	0.188	0.138	0.141	0.130	0.134	0.163	0.167	0.234	0.188	0.274	0.277	0.187	0.189	0.141	0.136	0.136	0.134	0.163	0.173	0.251	0.196	0.275	0.280	0.188	0.185	0.133	0.136	0.134	0.128	0.156	0.153	0.228	0.197	0.278	0.279	0.184	0.177	0.130	0.129	0.132	0.136	0.154	0.145	0.170	0.201	0.284	0.278	0.191	0.180	0.131	0.130	0.130	0.132	0.154	0.152	0.203	0.188
25:00:02	0.283	0.280	0.191	0.187	0.128	0.129	0.129	0.128	0.150	0.153	0.198	0.180	0.309	0.281	0.187	0.186	0.131	0.131	0.124	0.124	0.148	0.150	0.197	0.181	0.307	0.274	0.186	0.190	0.140	0.137	0.128	0.125	0.164	0.175	0.203	0.184	0.277	0.281	0.188	0.188	0.138	0.141	0.131	0.134	0.164	0.167	0.234	0.188	0.274	0.277	0.188	0.190	0.141	0.136	0.136	0.135	0.164	0.174	0.254	0.198	0.274	0.279	0.189	0.186	0.133	0.136	0.135	0.128	0.156	0.154	0.229	0.200	0.277	0.278	0.184	0.178	0.130	0.129	0.132	0.135	0.154	0.145	0.170	0.204	0.284	0.277	0.191	0.180	0.130	0.129	0.130	0.131	0.154	0.152	0.203	0.189
25:20:02	0.283	0.281	0.192	0.187	0.127	0.129	0.128	0.128	0.150	0.153	0.198	0.180	0.310	0.280	0.188	0.186	0.131	0.131	0.124	0.124	0.148	0.150	0.197	0.181	0.307	0.273	0.186	0.191	0.140	0.137	0.128	0.125	0.165	0.176	0.203	0.184	0.277	0.280	0.189	0.189	0.138	0.142	0.131	0.134	0.165	0.168	0.238	0.189	0.276	0.276	0.188	0.191	0.142	0.136	0.137	0.135	0.164	0.175	0.256	0.202	0.273	0.278	0.190	0.186	0.134	0.136	0.135	0.129	0.157	0.154	0.235	0.207	0.277	0.276	0.185	0.179	0.130	0.129	0.132	0.135	0.154	0.145	0.169	0.208	0.285	0.277	0.192	0.181	0.131	0.130	0.130	0.132	0.155	0.152	0.203	0.192
25:40:02	0.284	0.283	0.192	0.188	0.128	0.129	0.128	0.127	0.150	0.153	0.197	0.179	0.312	0.280	0.188	0.187	0.132	0.131	0.124	0.124	0.148	0.150	0.196	0.181	0.310	0.273	0.187	0.191	0.140	0.137	0.128	0.125	0.165	0.177	0.203	0.183	0.278	0.279	0.190	0.189	0.139	0.141	0.131	0.134	0.166	0.170	0.241	0.190	0.275	0.277	0.189	0.191	0.141	0.136	0.136	0.135	0.165	0.175	0.258	0.205	0.272	0.276	0.190	0.187	0.134	0.136	0.135	0.129	0.156	0.154	0.235	0.209	0.277	0.275	0.186	0.179	0.130	0.129	0.132	0.135	0.154	0.145	0.169	0.211	0.285	0.276	0.192	0.182	0.131	0.130	0.130	0.132	0.155	0.152	0.202	0.196
26:00:02	0.286	0.284	0.193	0.188	0.127	0.129	0.128	0.127	0.150	0.153	0.196	0.179	0.312	0.281	0.189	0.187	0.131	0.131	0.124	0.124	0.148	0.150	0.196	0.180	0.311	0.272	0.188	0.192	0.140	0.137	0.127	0.125	0.166	0.178	0.202	0.183	0.278	0.278	0.190	0.190	0.138	0.141	0.131	0.134	0.166	0.170	0.242	0.190	0.277	0.276	0.189	0.191	0.141	0.136	0.136	0.134	0.166	0.176	0.260	0.207	0.272	0.275	0.190	0.187	0.133	0.136	0.135	0.128	0.156	0.154	0.237	0.212	0.276	0.273	0.186	0.180	0.130	0.129	0.132	0.135	0.154	0.145	0.170	0.214	0.287	0.274	0.193	0.182	0.131	0.130	0.130	0.131	0.155	0.152	0.202	0.199
26:20:02	0.287	0.286	0.194	0.189	0.128	0.129	0.128	0.127	0.150	0.153	0.196	0.178	0.311	0.282	0.189	0.188	0.131	0.131	0.124	0.124	0.148	0.150	0.195	0.180	0.313	0.272	0.188	0.192	0.140	0.137	0.127	0.125	0.167	0.179	0.202	0.182	0.279	0.277	0.191	0.190	0.138	0.141	0.131	0.134	0.167	0.171	0.244	0.192	0.277	0.276	0.190	0.192	0.141	0.136	0.136	0.134	0.166	0.177	0.262	0.210	0.271	0.274	0.191	0.187	0.133	0.136	0.134	0.128	0.156	0.154	0.240	0.217	0.276	0.273	0.187	0.180	0.130	0.129	0.132	0.135	0.154	0.144	0.170	0.218	0.288	0.274	0.193	0.182	0.131	0.130	0.130	0.131	0.155	0.153	0.201	0.204
26:40:02	0.288	0.286	0.194	0.189	0.128	0.129	0.128	0.127	0.150	0.152	0.195	0.177	0.312	0.283	0.190	0.189	0.131	0.131	0.123	0.124	0.148	0.150	0.194	0.179	0.314	0.272	0.189	0.193	0.140	0.137	0.128	0.125	0.168	0.180	0.202	0.182	0.279	0.275	0.192	0.191	0.139	0.142	0.131	0.135	0.168	0.172	0.246	0.193	0.277	0.276	0.190	0.193	0.142	0.137	0.137	0.135	0.167	0.178	0.264	0.213	0.271	0.273	0.192	0.188	0.134	0.136	0.135	0.128	0.156	0.155	0.241	0.222	0.277	0.272	0.187	0.181	0.130	0.129	0.132	0.135	0.154	0.145	0.170	0.222	0.290	0.273	0.194	0.183	0.131	0.130	0.130	0.131	0.154	0.153	0.201	0.208
27:00:02	0.290	0.287	0.195	0.189	0.128	0.129	0.128	0.127	0.150	0.153	0.195	0.177	0.312	0.282	0.190	0.189	0.131	0.131	0.124	0.124	0.148	0.150	0.194	0.179	0.315	0.272	0.190	0.194	0.141	0.138	0.128	0.125	0.169	0.181	0.202	0.182	0.281	0.275	0.193	0.192	0.139	0.142	0.132	0.135	0.168	0.173	0.248	0.195	0.277	0.277	0.191	0.193	0.142	0.137	0.137	0.136	0.168	0.179	0.265	0.216	0.271	0.272	0.193	0.189	0.134	0.137	0.136	0.129	0.157	0.155	0.243	0.226	0.278	0.273	0.188	0.182	0.130	0.129	0.132	0.135	0.154	0.144	0.171	0.225	0.292	0.273	0.195	0.183	0.131	0.130	0.130	0.131	0.155	0.153	0.201	0.214
27:20:02	0.292	0.288	0.196	0.190	0.128	0.129	0.128	0.127	0.150	0.153	0.194	0.177	0.312	0.285	0.191	0.190	0.131	0.131	0.124	0.124	0.148	0.150	0.193	0.178	0.316	0.274	0.191	0.195	0.141	0.138	0.128	0.125	0.169	0.181	0.201	0.182	0.282	0.274	0.194	0.192	0.140	0.143	0.132	0.135	0.170	0.174	0.250	0.196	0.277	0.276	0.192	0.194	0.142	0.138	0.137	0.136	0.169	0.179	0.267	0.219	0.271	0.271	0.193	0.189	0.135	0.137	0.136	0.129	0.157	0.155	0.246	0.229	0.279	0.272	0.189	0.182	0.130	0.129	0.132	0.135	0.154	0.144	0.172	0.229	0.295	0.272	0.196	0.184	0.131	0.130	0.130	0.131	0.155	0.154	0.201	0.219
27:40:02	0.295	0.291	0.197	0.190	0.128	0.129	0.128	0.127	0.150	0.153	0.193	0.176	0.312	0.285	0.191	0.191	0.131	0.131	0.123	0.124	0.148	0.150	0.193	0.178	0.317	0.275	0.193	0.196	0.141	0.138	0.128	0.125	0.170	0.182	0.201	0.182	0.283	0.274	0.195	0.193	0.140	0.143	0.132	0.135	0.170	0.175	0.251	0.198	0.277	0.279	0.192	0.195	0.143	0.138	0.137	0.137	0.169	0.180	0.268	0.221	0.272	0.271	0.194	0.190	0.135	0.137	0.136	0.129	0.157	0.156	0.247	0.232	0.280	0.272	0.190	0.183	0.130	0.129	0.132	0.135	0.154	0.145	0.173	0.232	0.297	0.271	0.196	0.184	0.131	0.130	0.130	0.131	0.154	0.154	0.201	0.224
28:00:02	0.298	0.292	0.197	0.191	0.128	0.129	0.128	0.127	0.150	0.153	0.193	0.176	0.312	0.286	0.192	0.191	0.131	0.131	0.123	0.124	0.148	0.150	0.192	0.177	0.317	0.276	0.194	0.198	0.141	0.139	0.128	0.126	0.171	0.183	0.202	0.182	0.286	0.273	0.197	0.194	0.140	0.143	0.133	0.136	0.171	0.176	0.253	0.200	0.277	0.281	0.193	0.196	0.143	0.138	0.138	0.137	0.170	0.181	0.269	0.225	0.271	0.271	0.195	0.191	0.135	0.138	0.137	0.129	0.157	0.156	0.250	0.239	0.282	0.272	0.191	0.184	0.130	0.129	0.132	0.135	0.154	0.145	0.174	0.237	0.300	0.271	0.197	0.185	0.131	0.130	0.130	0.131	0.155	0.156	0.201	0.232
28:20:02	0.300	0.292	0.198	0.191	0.128	0.129	0.128	0.127	0.150	0.152	0.192	0.175	0.313	0.286	0.193	0.192	0.131	0.131	0.123	0.124	0.148	0.150	0.192	0.177	0.317	0.278	0.195	0.199	0.142	0.139	0.128	0.126	0.171	0.183	0.202	0.183	0.287	0.272	0.198	0.194	0.140	0.144	0.133	0.136	0.172	0.176	0.255	0.203	0.276	0.283	0.194	0.196	0.143	0.138	0.138	0.138	0.171	0.182	0.270	0.228	0.272	0.271	0.195	0.191	0.135	0.138	0.137	0.130	0.158	0.156	0.252	0.241	0.282	0.272	0.192	0.184	0.130	0.129	0.131	0.135	0.154	0.145	0.175	0.240	0.303	0.271	0.199	0.185	0.131	0.130	0.129	0.131	0.154	0.158	0.202	0.238
28:40:02	0.302	0.294	0.199	0.192	0.128	0.129	0.128	0.127	0.150	0.153	0.192	0.175	0.313	0.286	0.193	0.193	0.131	0.131	0.123	0.123	0.148	0.150	0.191	0.177	0.318	0.280	0.196	0.200	0.142	0.139	0.128	0.126	0.172	0.184	0.202	0.183	0.288	0.272	0.199	0.195	0.141	0.144	0.134	0.136	0.173	0.177	0.256	0.206	0.275	0.285	0.195	0.197	0.144	0.139	0.139	0.138	0.172	0.183	0.272	0.231	0.273	0.271	0.196	0.192	0.136	0.138	0.138	0.130	0.158	0.156	0.253	0.245	0.283	0.272	0.193	0.185	0.130	0.128	0.131	0.135	0.154	0.144	0.176	0.244	0.305	0.271	0.200	0.185	0.131	0.130	0.129	0.131	0.154	0.159	0.202	0.244
29:00:02	0.303	0.295	0.200	0.192	0.128	0.129	0.127	0.127	0.150	0.153	0.191	0.174	0.313	0.287	0.194	0.194	0.131	0.131	0.123	0.123	0.148	0.150	0.190	0.176	0.320	0.281	0.197	0.201	0.142	0.139	0.128	0.126	0.173	0.184	0.202	0.184	0.288	0.272	0.200	0.196	0.141	0.145	0.134	0.136	0.174	0.178	0.257	0.206	0.275	0.287	0.196	0.198	0.144	0.139	0.139	0.139	0.173	0.183	0.273	0.232	0.273	0.271	0.197	0.192	0.135	0.138	0.137	0.130	0.158	0.157	0.254	0.247	0.285	0.272	0.194	0.186	0.130	0.129	0.131	0.135	0.153	0.144	0.178	0.246	0.307	0.272	0.201	0.186	0.131	0.130	0.129	0.131	0.154	0.161	0.202	0.248
29:20:02	0.307	0.296	0.201	0.193	0.128	0.129	0.127	0.127	0.150	0.152	0.190	0.174	0.313	0.289	0.195	0.195	0.131	0.131	0.123	0.123	0.148	0.150	0.190	0.176	0.322	0.283	0.198	0.202	0.143	0.139	0.128	0.126	0.174	0.185	0.202	0.185	0.290	0.272	0.201	0.196	0.141	0.145	0.134	0.136	0.175	0.178	0.259	0.210	0.275	0.287	0.197	0.199	0.144	0.139	0.139	0.139	0.173	0.184	0.273	0.235	0.274	0.270	0.198	0.193	0.135	0.138	0.137	0.130	0.158	0.157	0.256	0.250	0.287	0.273	0.195	0.187	0.130	0.129	0.131	0.134	0.153	0.145	0.180	0.249	0.309	0.272	0.202	0.186	0.131	0.130	0.129	0.130	0.154	0.163	0.203	0.254
29:40:02	0.311	0.297	0.202	0.193	0.128	0.129	0.127	0.126	0.150	0.152	0.190	0.174	0.314	0.289	0.195	0.196	0.131	0.131	0.123	0.123	0.148	0.150	0.189	0.176	0.325	0.284	0.200	0.204	0.143	0.140	0.128	0.126	0.175	0.185	0.203	0.186	0.291	0.272	0.203	0.197	0.141	0.145	0.134	0.136	0.176	0.179	0.259	0.212	0.275	0.287	0.198	0.199	0.144	0.139	0.139	0.139	0.174	0.184	0.274	0.237	0.274	0.271	0.199	0.193	0.135	0.139	0.137	0.130	0.158	0.157	0.258	0.253	0.288	0.274	0.196	0.188	0.130	0.129	0.131	0.134	0.153	0.145	0.182	0.252	0.310	0.272	0.203	0.187	0.131	0.130	0.129	0.130	0.154	0.164	0.203	0.257
30:00:02	0.312	0.298	0.203	0.193	0.128	0.129	0.127	0.126	0.150	0.152	0.189	0.173	0.316	0.289	0.196	0.196	0.131	0.131	0.123	0.123	0.148	0.150	0.189	0.176	0.326	0.285	0.201	0.205	0.142	0.139	0.128	0.126	0.175	0.186	0.203	0.188	0.291	0.271	0.204	0.197	0.141	0.144	0.134	0.136	0.176	0.180	0.261	0.216	0.275	0.289	0.199	0.200	0.144	0.139	0.138	0.138	0.174	0.185	0.275	0.240	0.274	0.270	0.199	0.194	0.135	0.138	0.137	0.130	0.158	0.157	0.259	0.257	0.290	0.274	0.197	0.188	0.130	0.128	0.131	0.134	0.153	0.145	0.184	0.256	0.311	0.273	0.204	0.187	0.131	0.130	0.129	0.131	0.154	0.166	0.205	0.262
30:20:02	0.315	0.299	0.205	0.194	0.128	0.128	0.127	0.126	0.150	0.152	0.189	0.173	0.318	0.290	0.197	0.197	0.131	0.131	0.123	0.123	0.148	0.150	0.188	0.176	0.328	0.285	0.202	0.206	0.142	0.140	0.128	0.126	0.176	0.187	0.203	0.190	0.293	0.272	0.205	0.198	0.141	0.145	0.134	0.136	0.177	0.180	0.262	0.219	0.275	0.290	0.200	0.201	0.144	0.139	0.139	0.139	0.175	0.185	0.275	0.242	0.275	0.270	0.200	0.194	0.136	0.139	0.138	0.130	0.158	0.158	0.261	0.258	0.290	0.275	0.198	0.189	0.130	0.128	0.131	0.134	0.153	0.145	0.185	0.257	0.313	0.273	0.206	0.188	0.131	0.130	0.129	0.130	0.154	0.168	0.205	0.265
30:40:02	0.321	0.304	0.207	0.195	0.128	0.128	0.127	0.126	0.149	0.152	0.188	0.172	0.321	0.295	0.198	0.200	0.131	0.131	0.123	0.123	0.148	0.150	0.188	0.176	0.331	0.289	0.205	0.209	0.142	0.141	0.128	0.126	0.176	0.188	0.203	0.191	0.296	0.274	0.207	0.199	0.142	0.146	0.135	0.136	0.178	0.181	0.262	0.219	0.277	0.294	0.203	0.202	0.145	0.140	0.139	0.139	0.175	0.185	0.273	0.241	0.278	0.272	0.202	0.195	0.136	0.139	0.138	0.130	0.158	0.157	0.259	0.257	0.293	0.279	0.202	0.191	0.130	0.128	0.131	0.134	0.153	0.144	0.183	0.257	0.316	0.274	0.208	0.189	0.131	0.130	0.129	0.130	0.154	0.169	0.205	0.264
31:00:02	0.319	0.301	0.207	0.196	0.128	0.128	0.127	0.126	0.150	0.152	0.188	0.172	0.322	0.290	0.199	0.200	0.131	0.131	0.123	0.123	0.148	0.150	0.187	0.176	0.330	0.287	0.204	0.209	0.142	0.140	0.129	0.126	0.177	0.188	0.204	0.195	0.293	0.272	0.208	0.199	0.142	0.145	0.135	0.136	0.179	0.182	0.264	0.224	0.274	0.289	0.202	0.202	0.145	0.140	0.139	0.140	0.176	0.186	0.276	0.245	0.276	0.271	0.202	0.196	0.136	0.139	0.138	0.130	0.159	0.159	0.263	0.263	0.292	0.279	0.201	0.191	0.130	0.129	0.131	0.134	0.153	0.145	0.189	0.262	0.317	0.274	0.208	0.189	0.131	0.130	0.129	0.130	0.154	0.173	0.208	0.270
31:20:02	0.321	0.302	0.209	0.197	0.128	0.128	0.127	0.126	0.149	0.152	0.187	0.173	0.323	0.292	0.200	0.201	0.131	0.131	0.123	0.123	0.148	0.149	0.187	0.177	0.331	0.288	0.206	0.211	0.142	0.141	0.129	0.126	0.177	0.188	0.205	0.197	0.293	0.272	0.209	0.200	0.141	0.145	0.135	0.136	0.179	0.182	0.264	0.227	0.275	0.290	0.203	0.203	0.145	0.140	0.139	0.140	0.177	0.187	0.277	0.247	0.276	0.272	0.203	0.196	0.136	0.139	0.138	0.131	0.159	0.159	0.264	0.264	0.293	0.278	0.203	0.192	0.130	0.128	0.131	0.134	0.153	0.145	0.191	0.263	0.318	0.274	0.210	0.190	0.131	0.130	0.129	0.130	0.154	0.175	0.209	0.272
31:40:02	0.323	0.303	0.210	0.198	0.128	0.128	0.127	0.126	0.150	0.152	0.186	0.173	0.325	0.293	0.201	0.203	0.131	0.131	0.123	0.123	0.148	0.150	0.186	0.178	0.332	0.288	0.207	0.212	0.142	0.141	0.129	0.126	0.178	0.189	0.206	0.201	0.293	0.272	0.211	0.200	0.141	0.146	0.135	0.136	0.180	0.183	0.265	0.230	0.276	0.290	0.205	0.204	0.145	0.140	0.139	0.139	0.177	0.188	0.277	0.248	0.276	0.272	0.204	0.197	0.136	0.139	0.138	0.131	0.159	0.159	0.266	0.266	0.294	0.278	0.204	0.194	0.131	0.128	0.131	0.134	0.153	0.145	0.194	0.265	0.320	0.275	0.211	0.191	0.131	0.130	0.129	0.130	0.154	0.177	0.211	0.274
32:00:02	0.325	0.305	0.212	0.199	0.128	0.128	0.127	0.126	0.150	0.152	0.186	0.174	0.325	0.293	0.202	0.204	0.131	0.131	0.123	0.123	0.149	0.150	0.186	0.179	0.332	0.288	0.208	0.214	0.143	0.141	0.129	0.126	0.179	0.190	0.206	0.203	0.295	0.272	0.212	0.201	0.142	0.146	0.135	0.136	0.181	0.183	0.265	0.232	0.277	0.291	0.206	0.205	0.145	0.140	0.139	0.140	0.178	0.188	0.277	0.250	0.276	0.272	0.205	0.198	0.136	0.139	0.138	0.131	0.159	0.160	0.266	0.267	0.295	0.278	0.206	0.195	0.131	0.129	0.131	0.134	0.153	0.144	0.196	0.266	0.322	0.274	0.213	0.192	0.131	0.130	0.129	0.130	0.154	0.179	0.212	0.275
32:20:02	0.327	0.306	0.214	0.200	0.128	0.128	0.127	0.126	0.150	0.152	0.185	0.175	0.327	0.294	0.203	0.206	0.131	0.131	0.123	0.123	0.149	0.150	0.185	0.179	0.333	0.290	0.210	0.215	0.143	0.141	0.129	0.126	0.179	0.191	0.207	0.207	0.295	0.273	0.214	0.201	0.141	0.146	0.135	0.136	0.182	0.184	0.266	0.235	0.278	0.292	0.207	0.205	0.145	0.140	0.139	0.139	0.179	0.189	0.277	0.251	0.276	0.272	0.207	0.198	0.136	0.139	0.138	0.130	0.159	0.160	0.267	0.268	0.298	0.278	0.207	0.196	0.131	0.129	0.131	0.134	0.153	0.145	0.198	0.267	0.323	0.275	0.215	0.193	0.131	0.130	0.129	0.130	0.154	0.180	0.213	0.276
32:40:02	0.329	0.308	0.215	0.202	0.128	0.128	0.127	0.126	0.150	0.152	0.185	0.176	0.328	0.295	0.204	0.207	0.132	0.131	0.123	0.123	0.149	0.150	0.185	0.181	0.333	0.291	0.211	0.217	0.143	0.141	0.129	0.126	0.180	0.191	0.208	0.210	0.296	0.273	0.215	0.202	0.142	0.146	0.135	0.136	0.182	0.184	0.267	0.238	0.279	0.292	0.209	0.207	0.145	0.141	0.139	0.140	0.179	0.189	0.278	0.252	0.277	0.272	0.208	0.199	0.136	0.139	0.138	0.130	0.160	0.161	0.268	0.269	0.299	0.279	0.209	0.197	0.131	0.129	0.131	0.134	0.153	0.145	0.201	0.268	0.322	0.275	0.216	0.194	0.131	0.130	0.129	0.130	0.154	0.182	0.215	0.277
33:00:03	0.332	0.308	0.217	0.203	0.128	0.128	0.127	0.126	0.150	0.152	0.184	0.177	0.328	0.295	0.205	0.209	0.131	0.131	0.123	0.123	0.150	0.149	0.185	0.182	0.334	0.291	0.212	0.219	0.143	0.141	0.128	0.126	0.180	0.191	0.209	0.214	0.297	0.275	0.217	0.202	0.141	0.146	0.134	0.135	0.182	0.184	0.267	0.239	0.281	0.291	0.210	0.207	0.144	0.140	0.138	0.139	0.179	0.189	0.277	0.253	0.279	0.272	0.209	0.200	0.135	0.139	0.137	0.130	0.159	0.162	0.269	0.270	0.301	0.280	0.210	0.198	0.131	0.128	0.131	0.134	0.153	0.144	0.203	0.269	0.323	0.275	0.217	0.195	0.131	0.130	0.129	0.130	0.154	0.185	0.216	0.278
33:20:02	0.334	0.311	0.220	0.206	0.128	0.128	0.127	0.126	0.151	0.152	0.184	0.183	0.328	0.296	0.206	0.211	0.131	0.131	0.123	0.123	0.151	0.150	0.185	0.187	0.333	0.290	0.212	0.220	0.144	0.141	0.129	0.126	0.180	0.193	0.214	0.223	0.296	0.271	0.217	0.203	0.142	0.146	0.135	0.136	0.181	0.185	0.270	0.245	0.281	0.290	0.210	0.208	0.146	0.140	0.140	0.140	0.180	0.190	0.278	0.255	0.279	0.270	0.209	0.200	0.136	0.140	0.138	0.130	0.160	0.162	0.268	0.271	0.301	0.278	0.210	0.198	0.131	0.128	0.131	0.134	0.152	0.143	0.202	0.269	0.322	0.273	0.216	0.194	0.131	0.130	0.129	0.130	0.154	0.184	0.214	0.277
33:40:02	0.335	0.311	0.221	0.207	0.128	0.128	0.127	0.126	0.151	0.152	0.183	0.182	0.327	0.297	0.208	0.212	0.132	0.131	0.123	0.123	0.151	0.150	0.184	0.186	0.334	0.293	0.215	0.222	0.145	0.142	0.129	0.126	0.181	0.193	0.212	0.222	0.299	0.273	0.220	0.205	0.143	0.148	0.137	0.137	0.184	0.184	0.269	0.245	0.284	0.294	0.213	0.211	0.146	0.142	0.140	0.141	0.181	0.191	0.278	0.256	0.282	0.273	0.211	0.202	0.136	0.141	0.140	0.132	0.161	0.165	0.271	0.272	0.304	0.281	0.213	0.201	0.131	0.128	0.131	0.134	0.153	0.144	0.208	0.271	0.325	0.277	0.221	0.197	0.131	0.130	0.129	0.130	0.154	0.188	0.221	0.279
34:00:03	0.339	0.315	0.226	0.212	0.128	0.128	0.127	0.126	0.153	0.152	0.184	0.191	0.329	0.301	0.211	0.217	0.132	0.132	0.123	0.123	0.153	0.150	0.185	0.192	0.335	0.295	0.217	0.225	0.145	0.143	0.130	0.126	0.182	0.195	0.215	0.229	0.300	0.273	0.222	0.207	0.144	0.149	0.138	0.137	0.183	0.187	0.270	0.247	0.286	0.295	0.215	0.212	0.148	0.142	0.141	0.142	0.182	0.191	0.276	0.255	0.283	0.273	0.213	0.203	0.137	0.142	0.141	0.132	0.161	0.163	0.267	0.269	0.305	0.281	0.215	0.201	0.131	0.129	0.131	0.134	0.153	0.143	0.202	0.269	0.326	0.274	0.219	0.196	0.131	0.130	0.129	0.130	0.154	0.187	0.215	0.277
34:20:02	0.337	0.313	0.224	0.210	0.128	0.128	0.126	0.126	0.152	0.152	0.183	0.188	0.329	0.298	0.210	0.215	0.132	0.131	0.123	0.123	0.152	0.149	0.184	0.189	0.334	0.293	0.217	0.225	0.145	0.142	0.129	0.126	0.182	0.194	0.214	0.228	0.300	0.274	0.223	0.207	0.143	0.149	0.137	0.137	0.185	0.185	0.270	0.248	0.287	0.295	0.215	0.213	0.147	0.142	0.141	0.142	0.182	0.192	0.278	0.257	0.281	0.272	0.213	0.204	0.137	0.141	0.140	0.132	0.162	0.167	0.272	0.273	0.307	0.283	0.216	0.204	0.131	0.128	0.131	0.134	0.153	0.145	0.212	0.272	0.328	0.279	0.223	0.199	0.131	0.130	0.128	0.130	0.155	0.192	0.224	0.280
34:40:03	0.341	0.316	0.229	0.214	0.128	0.128	0.126	0.126	0.154	0.152	0.183	0.195	0.330	0.303	0.214	0.220	0.132	0.132	0.123	0.123	0.154	0.150	0.184	0.193	0.337	0.297	0.221	0.228	0.147	0.144	0.130	0.127	0.183	0.195	0.214	0.231	0.303	0.277	0.227	0.209	0.144	0.151	0.138	0.137	0.186	0.187	0.270	0.247	0.292	0.300	0.220	0.216	0.148	0.143	0.141	0.143	0.183	0.193	0.277	0.256	0.285	0.275	0.217	0.206	0.138	0.142	0.141	0.132	0.163	0.167	0.270	0.271	0.310	0.289	0.220	0.206	0.131	0.129	0.131	0.134	0.153	0.144	0.210	0.271	0.330	0.282	0.226	0.201	0.131	0.130	0.129	0.130	0.155	0.193	0.224	0.279
35:00:03	0.341	0.317	0.230	0.216	0.128	0.128	0.126	0.125	0.155	0.152	0.183	0.199	0.331	0.304	0.215	0.221	0.132	0.131	0.123	0.123	0.155	0.150	0.184	0.195	0.338	0.298	0.222	0.230	0.146	0.144	0.129	0.127	0.184	0.196	0.215	0.233	0.305	0.278	0.228	0.211	0.144	0.150	0.138	0.137	0.186	0.187	0.270	0.249	0.293	0.302	0.221	0.217	0.147	0.143	0.141	0.142	0.184	0.193	0.276	0.256	0.286	0.276	0.218	0.207	0.137	0.141	0.140	0.132	0.162	0.168	0.271	0.271	0.310	0.289	0.222	0.208	0.131	0.128	0.131	0.133	0.153	0.144	0.212	0.272	0.331	0.284	0.228	0.202	0.131	0.130	0.128	0.130	0.155	0.195	0.225	0.279
35:20:03	0.340	0.316	0.229	0.215	0.128	0.128	0.126	0.125	0.155	0.152	0.182	0.202	0.331	0.302	0.215	0.220	0.133	0.131	0.123	0.123	0.155	0.149	0.183	0.197	0.337	0.295	0.222	0.230	0.147	0.144	0.130	0.127	0.184	0.196	0.218	0.237	0.303	0.276	0.228	0.211	0.145	0.151	0.139	0.138	0.187	0.187	0.271	0.251	0.291	0.298	0.220	0.218	0.149	0.145	0.143	0.144	0.185	0.194	0.278	0.258	0.283	0.274	0.218	0.207	0.139	0.143	0.142	0.132	0.164	0.170	0.273	0.273	0.309	0.285	0.221	0.209	0.131	0.129	0.131	0.133	0.153	0.144	0.218	0.273	0.332	0.283	0.227	0.203	0.131	0.129	0.128	0.130	0.158	0.196	0.229	0.280
35:40:03	0.345	0.320	0.234	0.221	0.128	0.128	0.126	0.125	0.160	0.153	0.183	0.213	0.332	0.306	0.218	0.225	0.132	0.131	0.123	0.123	0.158	0.150	0.185	0.203	0.340	0.297	0.223	0.232	0.147	0.146	0.130	0.127	0.185	0.199	0.222	0.242	0.305	0.277	0.229	0.212	0.144	0.150	0.138	0.138	0.186	0.190	0.272	0.252	0.293	0.300	0.222	0.219	0.148	0.144	0.142	0.143	0.184	0.194	0.276	0.257	0.285	0.274	0.220	0.208	0.137	0.142	0.141	0.132	0.162	0.168	0.270	0.271	0.311	0.286	0.222	0.208	0.131	0.128	0.131	0.133	0.152	0.142	0.212	0.271	0.332	0.280	0.226	0.202	0.131	0.130	0.128	0.129	0.157	0.195	0.223	0.278
36:00:03	0.344	0.318	0.232	0.218	0.128	0.128	0.126	0.125	0.158	0.153	0.182	0.209	0.332	0.304	0.218	0.223	0.133	0.131	0.123	0.123	0.156	0.149	0.184	0.201	0.340	0.296	0.224	0.232	0.147	0.145	0.130	0.127	0.185	0.198	0.220	0.242	0.306	0.277	0.230	0.213	0.145	0.151	0.139	0.138	0.188	0.188	0.272	0.253	0.293	0.299	0.222	0.220	0.148	0.145	0.142	0.143	0.185	0.195	0.278	0.259	0.286	0.274	0.220	0.209	0.138	0.142	0.141	0.132	0.165	0.172	0.273	0.272	0.312	0.286	0.223	0.211	0.131	0.129	0.131	0.133	0.153	0.144	0.221	0.273	0.333	0.286	0.230	0.206	0.131	0.130	0.128	0.129	0.160	0.199	0.232	0.280
36:20:03	0.345	0.320	0.234	0.222	0.128	0.128	0.126	0.125	0.161	0.154	0.183	0.219	0.331	0.304	0.218	0.224	0.133	0.132	0.123	0.123	0.158	0.150	0.186	0.207	0.339	0.294	0.224	0.233	0.147	0.145	0.130	0.127	0.185	0.199	0.225	0.247	0.305	0.274	0.230	0.213	0.146	0.151	0.139	0.138	0.187	0.190	0.273	0.256	0.292	0.297	0.222	0.221	0.149	0.145	0.143	0.144	0.186	0.195	0.278	0.260	0.286	0.271	0.220	0.209	0.139	0.143	0.142	0.133	0.165	0.171	0.273	0.273	0.310	0.282	0.222	0.211	0.132	0.129	0.131	0.133	0.153	0.143	0.218	0.273	0.332	0.282	0.228	0.204	0.131	0.129	0.128	0.129	0.160	0.198	0.228	0.279
36:40:03	0.347	0.321	0.234	0.221	0.128	0.128	0.126	0.125	0.161	0.155	0.182	0.217	0.332	0.304	0.219	0.226	0.133	0.131	0.123	0.123	0.157	0.150	0.184	0.205	0.341	0.296	0.226	0.235	0.148	0.146	0.130	0.127	0.186	0.199	0.223	0.246	0.308	0.277	0.232	0.215	0.146	0.152	0.140	0.138	0.189	0.189	0.273	0.256	0.294	0.301	0.224	0.224	0.149	0.147	0.144	0.145	0.187	0.196	0.278	0.260	0.289	0.276	0.222	0.212	0.139	0.144	0.143	0.134	0.166	0.174	0.274	0.273	0.313	0.286	0.226	0.215	0.131	0.129	0.131	0.133	0.154	0.144	0.223	0.274	0.334	0.289	0.232	0.209	0.131	0.129	0.128	0.129	0.161	0.200	0.235	0.280
37:00:03	0.348	0.322	0.237	0.224	0.128	0.129	0.126	0.125	0.164	0.156	0.183	0.227	0.332	0.306	0.221	0.227	0.133	0.131	0.123	0.123	0.159	0.150	0.186	0.212	0.342	0.294	0.226	0.235	0.147	0.146	0.130	0.127	0.187	0.201	0.227	0.251	0.306	0.273	0.232	0.215	0.147	0.152	0.140	0.138	0.188	0.191	0.274	0.258	0.294	0.298	0.224	0.223	0.149	0.145	0.143	0.145	0.187	0.196	0.278	0.261	0.287	0.272	0.222	0.211	0.139	0.143	0.142	0.133	0.165	0.172	0.273	0.274	0.312	0.282	0.224	0.213	0.131	0.129	0.131	0.133	0.153	0.143	0.222	0.273	0.333	0.284	0.230	0.206	0.131	0.129	0.128	0.129	0.161	0.199	0.231	0.279
37:20:03	0.350	0.323	0.238	0.226	0.128	0.129	0.126	0.125	0.165	0.157	0.183	0.230	0.334	0.307	0.222	0.228	0.133	0.132	0.123	0.123	0.160	0.151	0.187	0.214	0.341	0.295	0.227	0.236	0.148	0.146	0.131	0.127	0.187	0.201	0.228	0.252	0.306	0.274	0.233	0.217	0.146	0.152	0.140	0.139	0.188	0.192	0.274	0.258	0.294	0.300	0.225	0.224	0.150	0.146	0.144	0.145	0.187	0.197	0.278	0.261	0.288	0.272	0.223	0.212	0.140	0.144	0.143	0.133	0.165	0.173	0.274	0.274	0.313	0.283	0.226	0.215	0.132	0.129	0.131	0.133	0.153	0.143	0.223	0.273	0.334	0.285	0.231	0.208	0.131	0.129	0.128	0.129	0.163	0.200	0.233	0.279
37:40:03	0.350	0.324	0.239	0.227	0.128	0.129	0.126	0.125	0.167	0.159	0.183	0.234	0.338	0.307	0.223	0.230	0.132	0.132	0.123	0.123	0.161	0.151	0.188	0.216	0.341	0.295	0.228	0.237	0.149	0.146	0.131	0.128	0.188	0.202	0.230	0.253	0.307	0.275	0.234	0.218	0.146	0.152	0.140	0.139	0.189	0.192	0.275	0.259	0.294	0.300	0.226	0.226	0.150	0.147	0.144	0.146	0.188	0.198	0.278	0.261	0.290	0.275	0.225	0.214	0.140	0.144	0.143	0.134	0.166	0.175	0.274	0.273	0.313	0.284	0.227	0.216	0.132	0.129	0.131	0.133	0.153	0.143	0.224	0.273	0.334	0.286	0.232	0.209	0.131	0.129	0.128	0.129	0.165	0.200	0.234	0.278
38:00:03	0.351	0.324	0.241	0.228	0.128	0.129	0.126	0.125	0.168	0.160	0.183	0.237	0.338	0.308	0.224	0.231	0.132	0.131	0.122	0.122	0.162	0.152	0.189	0.218	0.341	0.295	0.229	0.238	0.149	0.146	0.131	0.127	0.187	0.202	0.231	0.255	0.307	0.273	0.235	0.219	0.147	0.152	0.140	0.139	0.189	0.192	0.275	0.259	0.293	0.300	0.227	0.227	0.150	0.147	0.144	0.145	0.188	0.198	0.278	0.261	0.292	0.274	0.225	0.215	0.140	0.144	0.143	0.133	0.165	0.175	0.274	0.273	0.313	0.284	0.227	0.217	0.132	0.129	0.131	0.133	0.153	0.143	0.226	0.273	0.336	0.288	0.233	0.210	0.131	0.129	0.128	0.129	0.167	0.201	0.236	0.278
38:20:03	0.353	0.325	0.242	0.230	0.128	0.129	0.126	0.125	0.170	0.161	0.184	0.239	0.342	0.310	0.225	0.232	0.133	0.132	0.122	0.122	0.163	0.152	0.190	0.220	0.341	0.295	0.230	0.239	0.149	0.147	0.131	0.128	0.188	0.203	0.232	0.256	0.309	0.275	0.236	0.220	0.146	0.152	0.140	0.139	0.190	0.193	0.275	0.260	0.294	0.300	0.228	0.228	0.150	0.147	0.144	0.146	0.189	0.198	0.278	0.261	0.293	0.276	0.226	0.216	0.140	0.144	0.143	0.134	0.166	0.176	0.274	0.273	0.314	0.284	0.229	0.218	0.132	0.129	0.131	0.133	0.153	0.143	0.227	0.273	0.337	0.288	0.234	0.211	0.131	0.129	0.128	0.129	0.167	0.202	0.237	0.278
38:40:03	0.354	0.326	0.243	0.231	0.128	0.129	0.126	0.125	0.172	0.162	0.184	0.241	0.344	0.309	0.225	0.232	0.133	0.132	0.122	0.123	0.165	0.153	0.191	0.221	0.343	0.296	0.231	0.240	0.149	0.146	0.130	0.127	0.188	0.203	0.233	0.257	0.310	0.274	0.236	0.220	0.145	0.152	0.139	0.138	0.190	0.193	0.275	0.261	0.295	0.300	0.229	0.229	0.149	0.147	0.143	0.144	0.188	0.198	0.278	0.262	0.293	0.273	0.226	0.216	0.139	0.143	0.142	0.133	0.166	0.177	0.275	0.274	0.315	0.284	0.229	0.219	0.132	0.129	0.130	0.133	0.153	0.144	0.228	0.273	0.339	0.287	0.234	0.212	0.131	0.129	0.128	0.129	0.171	0.202	0.239	0.278
39:00:03	0.355	0.328	0.244	0.232	0.128	0.129	0.126	0.125	0.173	0.163	0.184	0.244	0.345	0.310	0.226	0.233	0.133	0.132	0.122	0.123	0.165	0.153	0.192	0.223	0.343	0.297	0.231	0.241	0.150	0.146	0.130	0.127	0.189	0.203	0.234	0.258	0.312	0.273	0.237	0.221	0.145	0.152	0.140	0.138	0.191	0.194	0.275	0.262	0.295	0.301	0.229	0.230	0.149	0.147	0.143	0.145	0.189	0.199	0.277	0.262	0.295	0.273	0.227	0.217	0.139	0.144	0.142	0.133	0.166	0.177	0.275	0.274	0.316	0.284	0.230	0.221	0.132	0.129	0.130	0.133	0.154	0.144	0.229	0.273	0.340	0.288	0.235	0.213	0.131	0.129	0.128	0.129	0.174	0.203	0.240	0.278
39:20:03	0.356	0.329	0.245	0.233	0.128	0.129	0.126	0.125	0.175	0.165	0.185	0.245	0.344	0.311	0.227	0.234	0.133	0.132	0.122	0.122	0.167	0.154	0.193	0.225	0.342	0.297	0.232	0.242	0.150	0.147	0.130	0.127	0.189	0.204	0.234	0.259	0.313	0.276	0.238	0.223	0.145	0.152	0.140	0.138	0.191	0.194	0.275	0.261	0.295	0.301	0.230	0.231	0.150	0.148	0.144	0.145	0.189	0.200	0.277	0.262	0.296	0.275	0.228	0.218	0.139	0.144	0.142	0.133	0.166	0.177	0.274	0.273	0.317	0.285	0.231	0.222	0.132	0.129	0.130	0.133	0.155	0.143	0.230	0.273	0.341	0.290	0.236	0.215	0.130	0.129	0.128	0.129	0.176	0.203	0.241	0.278
39:40:03	0.357	0.330	0.246	0.234	0.128	0.129	0.126	0.125	0.176	0.167	0.186	0.247	0.342	0.311	0.228	0.234	0.133	0.132	0.123	0.123	0.167	0.155	0.195	0.227	0.341	0.298	0.233	0.243	0.151	0.147	0.131	0.128	0.190	0.204	0.235	0.260	0.313	0.274	0.239	0.223	0.146	0.153	0.141	0.139	0.192	0.194	0.276	0.262	0.295	0.302	0.231	0.232	0.150	0.149	0.144	0.145	0.190	0.200	0.277	0.263	0.297	0.273	0.229	0.219	0.140	0.145	0.143	0.134	0.167	0.179	0.275	0.274	0.317	0.285	0.232	0.223	0.132	0.130	0.130	0.133	0.156	0.144	0.230	0.273	0.342	0.290	0.236	0.216	0.131	0.129	0.128	0.129	0.178	0.203	0.243	0.278
40:00:03	0.359	0.331	0.247	0.235	0.128	0.129	0.126	0.125	0.178	0.169	0.186	0.248	0.343	0.311	0.228	0.235	0.133	0.132	0.122	0.123	0.167	0.155	0.195	0.228	0.341	0.298	0.234	0.243	0.150	0.147	0.130	0.127	0.190	0.205	0.236	0.261	0.314	0.273	0.239	0.224	0.146	0.152	0.140	0.139	0.192	0.194	0.276	0.263	0.295	0.302	0.232	0.233	0.150	0.148	0.143	0.144	0.189	0.200	0.276	0.263	0.298	0.273	0.229	0.220	0.139	0.144	0.142	0.133	0.166	0.179	0.275	0.274	0.318	0.285	0.233	0.224	0.132	0.129	0.130	0.133	0.157	0.144	0.231	0.273	0.344	0.290	0.237	0.217	0.131	0.129	0.128	0.129	0.180	0.202	0.245	0.278
40:20:03	0.360	0.332	0.249	0.236	0.128	0.129	0.126	0.125	0.179	0.171	0.187	0.249	0.346	0.312	0.229	0.236	0.132	0.132	0.122	0.123	0.168	0.155	0.197	0.230	0.341	0.299	0.235	0.244	0.150	0.147	0.130	0.127	0.190	0.205	0.236	0.261	0.315	0.274	0.240	0.225	0.145	0.152	0.139	0.139	0.192	0.195	0.275	0.263	0.295	0.302	0.232	0.234	0.149	0.149	0.143	0.144	0.190	0.201	0.276	0.263	0.299	0.273	0.230	0.220	0.140	0.144	0.142	0.133	0.167	0.180	0.275	0.274	0.318	0.286	0.234	0.225	0.132	0.129	0.130	0.133	0.158	0.144	0.231	0.273	0.345	0.291	0.238	0.218	0.131	0.129	0.128	0.129	0.181	0.202	0.246	0.278
40:40:03	0.361	0.333	0.250	0.237	0.128	0.129	0.126	0.125	0.181	0.173	0.188	0.250	0.348	0.312	0.229	0.236	0.132	0.133	0.122	0.123	0.169	0.156	0.198	0.231	0.342	0.300	0.235	0.245	0.150	0.147	0.131	0.127	0.190	0.206	0.237	0.262	0.315	0.275	0.240	0.226	0.146	0.153	0.140	0.139	0.193	0.195	0.275	0.263	0.295	0.303	0.234	0.235	0.150	0.149	0.144	0.145	0.190	0.201	0.276	0.263	0.300	0.274	0.230	0.221	0.140	0.144	0.143	0.134	0.167	0.181	0.275	0.273	0.319	0.286	0.235	0.226	0.132	0.129	0.130	0.132	0.158	0.144	0.232	0.273	0.345	0.292	0.239	0.219	0.131	0.129	0.128	0.129	0.182	0.202	0.247	0.278
41:00:03	0.364	0.335	0.253	0.240	0.128	0.128	0.125	0.125	0.185	0.176	0.191	0.251	0.349	0.315	0.232	0.239	0.132	0.132	0.122	0.122	0.171	0.157	0.200	0.233	0.343	0.303	0.238	0.246	0.151	0.149	0.130	0.127	0.191	0.206	0.237	0.262	0.317	0.280	0.242	0.229	0.145	0.153	0.139	0.138	0.193	0.196	0.275	0.263	0.296	0.307	0.236	0.237	0.150	0.149	0.143	0.144	0.190	0.201	0.274	0.262	0.304	0.278	0.234	0.224	0.140	0.144	0.142	0.133	0.167	0.180	0.274	0.272	0.321	0.291	0.238	0.228	0.132	0.129	0.130	0.133	0.158	0.143	0.229	0.272	0.348	0.296	0.241	0.221	0.131	0.129	0.128	0.129	0.182	0.202	0.246	0.277
41:20:03	0.362	0.334	0.251	0.239	0.128	0.129	0.126	0.125	0.183	0.175	0.189	0.251	0.349	0.313	0.231	0.237	0.133	0.132	0.122	0.122	0.170	0.157	0.200	0.233	0.340	0.299	0.236	0.246	0.150	0.148	0.130	0.127	0.190	0.206	0.237	0.263	0.315	0.274	0.241	0.228	0.147	0.153	0.140	0.139	0.193	0.196	0.275	0.264	0.294	0.303	0.234	0.236	0.150	0.149	0.144	0.145	0.191	0.202	0.275	0.263	0.302	0.274	0.232	0.223	0.140	0.145	0.143	0.134	0.168	0.182	0.274	0.273	0.320	0.287	0.236	0.227	0.132	0.129	0.130	0.132	0.159	0.145	0.232	0.272	0.348	0.293	0.240	0.221	0.131	0.129	0.128	0.129	0.183	0.201	0.247	0.277
41:40:03	0.364	0.335	0.253	0.240	0.128	0.129	0.126	0.125	0.184	0.178	0.190	0.251	0.349	0.315	0.232	0.238	0.133	0.132	0.122	0.123	0.171	0.157	0.201	0.235	0.342	0.300	0.237	0.246	0.149	0.148	0.130	0.127	0.191	0.206	0.238	0.263	0.316	0.275	0.242	0.228	0.145	0.152	0.139	0.138	0.193	0.197	0.275	0.264	0.295	0.304	0.235	0.237	0.149	0.148	0.142	0.144	0.190	0.201	0.275	0.263	0.303	0.275	0.232	0.223	0.139	0.143	0.142	0.133	0.167	0.181	0.274	0.273	0.321	0.288	0.237	0.228	0.132	0.129	0.130	0.132	0.159	0.145	0.233	0.272	0.349	0.295	0.241	0.222	0.131	0.129	0.128	0.129	0.185	0.201	0.249	0.277
42:00:03	0.365	0.336	0.254	0.241	0.128	0.129	0.126	0.125	0.186	0.180	0.190	0.251	0.351	0.315	0.232	0.239	0.133	0.132	0.122	0.123	0.173	0.158	0.202	0.236	0.345	0.301	0.238	0.247	0.149	0.148	0.130	0.127	0.191	0.207	0.238	0.264	0.318	0.276	0.242	0.229	0.144	0.152	0.138	0.138	0.193	0.197	0.275	0.264	0.293	0.304	0.236	0.237	0.148	0.148	0.142	0.143	0.190	0.202	0.275	0.263	0.304	0.276	0.233	0.224	0.139	0.143	0.141	0.132	0.167	0.182	0.274	0.273	0.323	0.289	0.237	0.229	0.131	0.129	0.130	0.132	0.159	0.145	0.233	0.272	0.350	0.297	0.242	0.224	0.131	0.129	0.128	0.129	0.187	0.201	0.250	0.277
42:20:03	0.367	0.336	0.255	0.242	0.128	0.129	0.125	0.125	0.187	0.183	0.192	0.252	0.354	0.316	0.233	0.239	0.131	0.132	0.122	0.122	0.174	0.158	0.203	0.237	0.348	0.301	0.238	0.247	0.149	0.148	0.129	0.127	0.191	0.207	0.239	0.264	0.319	0.277	0.243	0.230	0.144	0.152	0.138	0.137	0.194	0.197	0.275	0.264	0.293	0.305	0.237	0.238	0.148	0.148	0.142	0.143	0.190	0.202	0.274	0.263	0.305	0.278	0.234	0.225	0.139	0.142	0.141	0.132	0.167	0.182	0.274	0.272	0.323	0.290	0.238	0.230	0.131	0.130	0.130	0.132	0.159	0.146	0.233	0.272	0.352	0.299	0.243	0.225	0.131	0.129	0.128	0.129	0.188	0.200	0.251	0.277
42:40:03	0.368	0.337	0.256	0.243	0.128	0.129	0.125	0.125	0.189	0.186	0.192	0.252	0.353	0.316	0.234	0.240	0.132	0.132	0.122	0.122	0.174	0.159	0.203	0.237	0.349	0.301	0.239	0.248	0.149	0.148	0.130	0.127	0.192	0.207	0.239	0.264	0.320	0.277	0.244	0.231	0.145	0.153	0.139	0.138	0.194	0.198	0.275	0.264	0.293	0.305	0.237	0.239	0.149	0.149	0.143	0.144	0.191	0.203	0.274	0.263	0.306	0.278	0.235	0.227	0.140	0.144	0.142	0.133	0.169	0.183	0.273	0.272	0.325	0.291	0.239	0.231	0.132	0.129	0.130	0.132	0.159	0.146	0.234	0.272	0.353	0.299	0.243	0.226	0.131	0.129	0.128	0.129	0.190	0.200	0.251	0.277
43:00:03	0.368	0.338	0.256	0.243	0.128	0.129	0.125	0.124	0.190	0.188	0.192	0.252	0.358	0.317	0.235	0.240	0.131	0.132	0.122	0.122	0.176	0.159	0.204	0.238	0.350	0.301	0.240	0.249	0.149	0.149	0.130	0.127	0.192	0.208	0.239	0.264	0.320	0.278	0.244	0.232	0.145	0.153	0.138	0.138	0.194	0.198	0.275	0.264	0.292	0.305	0.238	0.240	0.149	0.149	0.142	0.144	0.192	0.203	0.274	0.263	0.307	0.279	0.236	0.227	0.139	0.143	0.141	0.133	0.169	0.184	0.273	0.272	0.325	0.291	0.239	0.231	0.132	0.129	0.130	0.132	0.160	0.147	0.234	0.272	0.355	0.299	0.243	0.226	0.130	0.129	0.127	0.129	0.191	0.200	0.251	0.277
43:20:03	0.369	0.339	0.257	0.244	0.128	0.129	0.125	0.124	0.191	0.190	0.193	0.252	0.356	0.318	0.236	0.241	0.131	0.132	0.122	0.122	0.175	0.160	0.204	0.239	0.350	0.301	0.240	0.249	0.150	0.149	0.130	0.127	0.192	0.208	0.240	0.264	0.322	0.276	0.245	0.232	0.145	0.154	0.139	0.138	0.195	0.198	0.275	0.264	0.292	0.305	0.238	0.241	0.150	0.149	0.143	0.144	0.192	0.203	0.274	0.263	0.308	0.277	0.236	0.228	0.140	0.144	0.142	0.133	0.170	0.185	0.273	0.272	0.326	0.291	0.240	0.232	0.132	0.129	0.130	0.132	0.160	0.148	0.233	0.272	0.356	0.300	0.244	0.227	0.130	0.128	0.128	0.129	0.193	0.200	0.252	0.277
43:40:03	0.367	0.339	0.258	0.245	0.128	0.129	0.125	0.124	0.191	0.192	0.194	0.253	0.356	0.318	0.235	0.241	0.132	0.132	0.122	0.122	0.175	0.161	0.205	0.240	0.350	0.301	0.240	0.249	0.150	0.150	0.130	0.127	0.193	0.208	0.240	0.265	0.322	0.277	0.245	0.233	0.145	0.154	0.139	0.138	0.195	0.199	0.274	0.265	0.292	0.305	0.238	0.241	0.149	0.149	0.143	0.144	0.192	0.204	0.273	0.263	0.309	0.278	0.236	0.229	0.139	0.144	0.142	0.133	0.170	0.185	0.273	0.272	0.326	0.292	0.240	0.233	0.131	0.129	0.130	0.132	0.161	0.148	0.234	0.272	0.356	0.301	0.244	0.228	0.130	0.129	0.127	0.129	0.194	0.200	0.253	0.277
44:00:03	0.367	0.339	0.259	0.245	0.128	0.129	0.125	0.124	0.192	0.193	0.195	0.253	0.356	0.318	0.236	0.242	0.132	0.132	0.122	0.122	0.175	0.162	0.206	0.241	0.350	0.302	0.241	0.250	0.150	0.150	0.130	0.127	0.193	0.209	0.240	0.265	0.323	0.277	0.246	0.234	0.145	0.154	0.139	0.138	0.196	0.199	0.274	0.265	0.292	0.305	0.239	0.242	0.149	0.150	0.143	0.144	0.193	0.204	0.273	0.263	0.309	0.278	0.237	0.229	0.140	0.144	0.142	0.133	0.170	0.186	0.272	0.272	0.326	0.292	0.241	0.234	0.132	0.129	0.130	0.132	0.160	0.148	0.234	0.271	0.358	0.302	0.245	0.229	0.130	0.129	0.127	0.129	0.194	0.200	0.253	0.277
44:20:03	0.367	0.340	0.260	0.246	0.128	0.129	0.125	0.124	0.192	0.195	0.195	0.253	0.357	0.318	0.236	0.242	0.131	0.132	0.122	0.122	0.175	0.162	0.207	0.241	0.350	0.302	0.241	0.250	0.149	0.150	0.129	0.126	0.193	0.209	0.241	0.264	0.324	0.278	0.246	0.234	0.144	0.152	0.138	0.137	0.196	0.199	0.274	0.264	0.292	0.305	0.240	0.242	0.148	0.149	0.142	0.143	0.192	0.204	0.273	0.263	0.310	0.280	0.238	0.230	0.139	0.143	0.141	0.132	0.169	0.186	0.273	0.271	0.327	0.293	0.242	0.234	0.131	0.129	0.130	0.132	0.161	0.149	0.234	0.271	0.359	0.303	0.245	0.229	0.130	0.128	0.127	0.129	0.195	0.200	0.254	0.277
44:40:04	0.367	0.341	0.261	0.247	0.128	0.129	0.125	0.124	0.193	0.196	0.197	0.253	0.361	0.319	0.237	0.242	0.132	0.132	0.122	0.122	0.175	0.163	0.208	0.242	0.353	0.302	0.242	0.251	0.149	0.149	0.129	0.127	0.194	0.210	0.241	0.265	0.324	0.279	0.246	0.235	0.144	0.153	0.138	0.137	0.196	0.200	0.274	0.265	0.293	0.306	0.240	0.243	0.148	0.149	0.142	0.143	0.193	0.204	0.273	0.263	0.311	0.280	0.238	0.230	0.139	0.143	0.141	0.133	0.170	0.187	0.273	0.271	0.328	0.294	0.242	0.234	0.131	0.129	0.130	0.132	0.162	0.150	0.234	0.271	0.360	0.303	0.246	0.231	0.131	0.129	0.128	0.129	0.197	0.200	0.255	0.277
45:00:04	0.366	0.341	0.261	0.248	0.128	0.129	0.125	0.124	0.194	0.198	0.197	0.253	0.363	0.319	0.237	0.243	0.132	0.132	0.122	0.122	0.176	0.164	0.209	0.242	0.356	0.303	0.242	0.251	0.149	0.150	0.129	0.126	0.193	0.210	0.241	0.264	0.325	0.280	0.247	0.235	0.144	0.153	0.138	0.137	0.196	0.200	0.274	0.265	0.294	0.306	0.241	0.243	0.148	0.148	0.141	0.143	0.193	0.204	0.273	0.263	0.311	0.280	0.238	0.231	0.139	0.143	0.141	0.132	0.170	0.188	0.272	0.271	0.328	0.295	0.243	0.235	0.131	0.129	0.129	0.132	0.162	0.151	0.235	0.271	0.362	0.305	0.246	0.231	0.130	0.129	0.127	0.129	0.199	0.200	0.255	0.277
45:20:04	0.368	0.341	0.262	0.248	0.128	0.128	0.125	0.124	0.196	0.200	0.199	0.254	0.361	0.320	0.239	0.243	0.131	0.132	0.122	0.122	0.176	0.165	0.210	0.242	0.357	0.303	0.243	0.252	0.150	0.151	0.130	0.127	0.194	0.210	0.242	0.264	0.325	0.282	0.248	0.237	0.144	0.153	0.138	0.137	0.197	0.201	0.273	0.264	0.295	0.307	0.242	0.244	0.149	0.150	0.142	0.144	0.194	0.205	0.272	0.262	0.312	0.285	0.241	0.233	0.139	0.143	0.141	0.132	0.171	0.188	0.272	0.270	0.329	0.295	0.243	0.236	0.131	0.129	0.130	0.132	0.162	0.152	0.235	0.270	0.362	0.307	0.247	0.233	0.130	0.128	0.127	0.128	0.199	0.201	0.256	0.277
45:40:04	0.369	0.341	0.263	0.249	0.128	0.128	0.125	0.124	0.197	0.201	0.199	0.254	0.364	0.319	0.239	0.244	0.131	0.131	0.122	0.121	0.177	0.165	0.210	0.242	0.359	0.303	0.243	0.252	0.149	0.149	0.129	0.126	0.194	0.210	0.242	0.264	0.325	0.282	0.247	0.236	0.143	0.153	0.137	0.136	0.197	0.201	0.273	0.264	0.295	0.307	0.241	0.244	0.148	0.148	0.141	0.142	0.193	0.205	0.272	0.262	0.313	0.283	0.240	0.233	0.139	0.142	0.140	0.132	0.171	0.189	0.272	0.270	0.329	0.296	0.244	0.236	0.131	0.129	0.129	0.132	0.163	0.153	0.235	0.270	0.364	0.307	0.248	0.234	0.130	0.128	0.127	0.128	0.201	0.202	0.256	0.277
46:00:04	0.371	0.340	0.264	0.249	0.128	0.128	0.125	0.124	0.199	0.203	0.201	0.255	0.366	0.320	0.241	0.245	0.131	0.132	0.122	0.122	0.178	0.165	0.211	0.243	0.361	0.304	0.244	0.252	0.150	0.151	0.129	0.126	0.195	0.211	0.242	0.264	0.326	0.283	0.249	0.238	0.144	0.154	0.138	0.137	0.197	0.202	0.273	0.264	0.296	0.307	0.243	0.245	0.149	0.149	0.142	0.143	0.194	0.206	0.272	0.262	0.314	0.287	0.242	0.235	0.140	0.143	0.141	0.132	0.171	0.189	0.272	0.269	0.330	0.296	0.245	0.237	0.132	0.130	0.130	0.132	0.163	0.153	0.235	0.270	0.365	0.307	0.248	0.234	0.130	0.129	0.127	0.129	0.203	0.203	0.256	0.277
46:20:04	0.373	0.341	0.265	0.251	0.128	0.128	0.125	0.124	0.200	0.205	0.202	0.255	0.365	0.320	0.241	0.245	0.131	0.132	0.122	0.122	0.178	0.165	0.212	0.243	0.361	0.304	0.245	0.253	0.150	0.151	0.129	0.126	0.195	0.211	0.243	0.264	0.327	0.283	0.249	0.238	0.144	0.153	0.138	0.137	0.198	0.202	0.273	0.264	0.296	0.308	0.243	0.245	0.148	0.149	0.142	0.143	0.194	0.206	0.272	0.262	0.314	0.285	0.242	0.235	0.139	0.143	0.141	0.132	0.170	0.189	0.271	0.270	0.331	0.296	0.245	0.237	0.131	0.129	0.129	0.132	0.163	0.153	0.235	0.270	0.364	0.311	0.249	0.235	0.130	0.129	0.127	0.128	0.204	0.203	0.257	0.277
46:40:04	0.372	0.340	0.265	0.251	0.128	0.128	0.125	0.124	0.201	0.206	0.202	0.255	0.370	0.318	0.241	0.245	0.132	0.132	0.122	0.122	0.178	0.166	0.212	0.243	0.362	0.304	0.245	0.253	0.150	0.152	0.129	0.126	0.195	0.211	0.243	0.264	0.328	0.285	0.249	0.239	0.144	0.154	0.138	0.137	0.198	0.202	0.273	0.264	0.296	0.308	0.243	0.246	0.149	0.150	0.142	0.143	0.194	0.206	0.271	0.262	0.315	0.283	0.242	0.235	0.140	0.143	0.141	0.133	0.172	0.190	0.272	0.270	0.331	0.297	0.245	0.238	0.131	0.129	0.129	0.132	0.164	0.154	0.236	0.270	0.362	0.309	0.249	0.236	0.130	0.128	0.127	0.128	0.205	0.203	0.258	0.277
47:00:04	0.376	0.340	0.266	0.251	0.127	0.128	0.125	0.124	0.202	0.207	0.203	0.256	0.369	0.318	0.242	0.245	0.131	0.132	0.122	0.122	0.178	0.166	0.213	0.243	0.361	0.304	0.245	0.253	0.149	0.150	0.129	0.126	0.195	0.211	0.243	0.264	0.327	0.284	0.249	0.239	0.142	0.152	0.136	0.136	0.198	0.202	0.273	0.264	0.296	0.307	0.243	0.245	0.147	0.148	0.140	0.141	0.193	0.205	0.271	0.262	0.316	0.286	0.243	0.236	0.138	0.142	0.139	0.131	0.170	0.190	0.271	0.270	0.332	0.298	0.246	0.238	0.131	0.129	0.129	0.132	0.164	0.154	0.236	0.270	0.359	0.310	0.250	0.236	0.130	0.128	0.127	0.128	0.206	0.202	0.258	0.277
47:20:04	0.375	0.340	0.267	0.252	0.128	0.128	0.125	0.124	0.204	0.208	0.205	0.256	0.370	0.317	0.242	0.246	0.130	0.132	0.122	0.122	0.179	0.167	0.214	0.243	0.362	0.304	0.246	0.254	0.150	0.151	0.129	0.126	0.195	0.212	0.243	0.263	0.328	0.285	0.249	0.239	0.143	0.153	0.137	0.137	0.198	0.203	0.273	0.264	0.296	0.308	0.244	0.246	0.148	0.149	0.141	0.142	0.194	0.206	0.271	0.262	0.316	0.286	0.243	0.237	0.139	0.142	0.140	0.132	0.170	0.190	0.271	0.270	0.332	0.298	0.246	0.239	0.131	0.129	0.129	0.132	0.164	0.155	0.236	0.270	0.362	0.311	0.251	0.237	0.130	0.128	0.127	0.128	0.207	0.202	0.258	0.277
47:40:04	0.376	0.338	0.267	0.253	0.127	0.128	0.125	0.124	0.205	0.209	0.206	0.256	0.373	0.317	0.242	0.246	0.131	0.132	0.122	0.121	0.180	0.169	0.214	0.244	0.362	0.305	0.246	0.254	0.150	0.150	0.129	0.126	0.195	0.212	0.243	0.263	0.329	0.286	0.250	0.239	0.142	0.152	0.136	0.136	0.198	0.203	0.272	0.264	0.296	0.308	0.244	0.247	0.147	0.148	0.140	0.141	0.194	0.206	0.270	0.262	0.316	0.287	0.243	0.237	0.139	0.142	0.140	0.131	0.169	0.190	0.271	0.269	0.333	0.299	0.246	0.239	0.131	0.129	0.129	0.132	0.165	0.155	0.236	0.269	0.369	0.313	0.251	0.238	0.130	0.128	0.127	0.128	0.208	0.202	0.258	0.277
48:00:04	0.375	0.339	0.268	0.253	0.127	0.128	0.125	0.124	0.206	0.210	0.207	0.257	0.372	0.317	0.243	0.247	0.130	0.132	0.122	0.122	0.181	0.170	0.216	0.244	0.366	0.305	0.246	0.254	0.150	0.150	0.129	0.126	0.195	0.212	0.244	0.263	0.329	0.288	0.251	0.240	0.144	0.152	0.137	0.136	0.198	0.204	0.272	0.264	0.296	0.308	0.245	0.247	0.147	0.149	0.141	0.142	0.194	0.207	0.270	0.262	0.318	0.287	0.243	0.238	0.139	0.142	0.140	0.131	0.170	0.191	0.271	0.269	0.334	0.300	0.247	0.240	0.131	0.129	0.129	0.132	0.166	0.157	0.236	0.269	0.373	0.313	0.251	0.239	0.130	0.128	0.127	0.128	0.209	0.202	0.259	0.277

