Field Group

Plate Comment:	
Procedure Summary
  Plate Type:              Corning 96 well for LogPhase600
  Plate Number:            3
  Discontinuous Kinetics:  Runtime 02:00:00 (D:HH:MM), Interval 00:20:00 (HH:MM:SS), 145 Reads (max)
  Read:                    600 nm
  Incubator:               On
    Temperature setpoint:  30 °C
    Temperature gradient:  Off
  Shaking:                 On
     Shaking frequency:    600 RPMs		
			
			

600

Time	A1	A2	A3	A4	A5	A6	A7	A8	A9	A10	A11	A12	B1	B2	B3	B4	B5	B6	B7	B8	B9	B10	B11	B12	C1	C2	C3	C4	C5	C6	C7	C8	C9	C10	C11	C12	D1	D2	D3	D4	D5	D6	D7	D8	D9	D10	D11	D12	E1	E2	E3	E4	E5	E6	E7	E8	E9	E10	E11	E12	F1	F2	F3	F4	F5	F6	F7	F8	F9	F10	F11	F12	G1	G2	G3	G4	G5	G6	G7	G8	G9	G10	G11	G12	H1	H2	H3	H4	H5	H6	H7	H8	H9	H10	H11	H12
0:00:00	0.116	0.122	0.120	0.118	0.123	0.119	0.117	0.119	0.120	0.115	0.117	0.117	0.116	0.117	0.117	0.116	0.116	0.117	0.119	0.117	0.116	0.118	0.118	0.117	0.116	0.117	0.116	0.119	0.116	0.118	0.121	0.123	0.119	0.122	0.123	0.121	0.117	0.126	0.121	0.117	0.117	0.117	0.116	0.117	0.118	0.116	0.116	0.119	0.117	0.117	0.121	0.117	0.116	0.118	0.125	0.121	0.117	0.115	0.122	0.116	0.116	0.118	0.119	0.116	0.120	0.120	0.120	0.117	0.119	0.121	0.119	0.122	0.116	0.116	0.118	0.126	0.121	0.121	0.117	0.122	0.117	0.117	0.122	0.119	0.116	0.117	0.119	0.120	0.120	0.121	0.122	0.127	0.123	0.124	0.124	0.122
0:20:00	0.116	0.122	0.120	0.118	0.123	0.119	0.117	0.120	0.119	0.115	0.117	0.118	0.116	0.117	0.117	0.116	0.116	0.116	0.119	0.116	0.116	0.118	0.118	0.117	0.116	0.117	0.117	0.119	0.116	0.118	0.121	0.123	0.119	0.122	0.123	0.121	0.117	0.126	0.120	0.117	0.117	0.117	0.116	0.118	0.118	0.115	0.117	0.119	0.116	0.117	0.122	0.117	0.117	0.117	0.125	0.120	0.116	0.115	0.121	0.117	0.116	0.117	0.119	0.117	0.120	0.120	0.120	0.118	0.120	0.121	0.120	0.122	0.116	0.115	0.117	0.127	0.121	0.121	0.119	0.121	0.117	0.117	0.123	0.119	0.116	0.117	0.119	0.120	0.120	0.121	0.122	0.127	0.123	0.124	0.124	0.122
0:40:00	0.116	0.121	0.120	0.118	0.123	0.119	0.117	0.120	0.119	0.114	0.117	0.118	0.116	0.117	0.118	0.116	0.116	0.116	0.119	0.116	0.116	0.118	0.118	0.117	0.116	0.116	0.117	0.119	0.116	0.118	0.122	0.123	0.119	0.122	0.123	0.121	0.117	0.126	0.120	0.117	0.117	0.117	0.116	0.118	0.118	0.115	0.117	0.119	0.116	0.117	0.122	0.117	0.117	0.117	0.125	0.120	0.115	0.115	0.121	0.117	0.115	0.117	0.119	0.117	0.120	0.119	0.120	0.119	0.120	0.121	0.120	0.122	0.116	0.115	0.117	0.127	0.121	0.120	0.120	0.121	0.117	0.117	0.123	0.119	0.116	0.117	0.119	0.119	0.120	0.121	0.123	0.127	0.123	0.124	0.124	0.122
1:00:00	0.116	0.122	0.121	0.119	0.123	0.119	0.118	0.120	0.120	0.114	0.118	0.118	0.116	0.117	0.118	0.116	0.116	0.116	0.120	0.116	0.116	0.117	0.118	0.118	0.116	0.117	0.117	0.119	0.116	0.118	0.123	0.124	0.119	0.122	0.124	0.122	0.117	0.126	0.120	0.118	0.117	0.117	0.116	0.118	0.118	0.115	0.118	0.119	0.116	0.117	0.122	0.117	0.117	0.117	0.125	0.120	0.115	0.115	0.122	0.117	0.116	0.117	0.120	0.117	0.120	0.119	0.120	0.120	0.120	0.121	0.120	0.122	0.116	0.115	0.117	0.127	0.121	0.120	0.121	0.122	0.117	0.117	0.124	0.120	0.116	0.117	0.119	0.120	0.120	0.121	0.123	0.128	0.123	0.124	0.125	0.122
1:20:00	0.116	0.122	0.121	0.119	0.123	0.119	0.120	0.121	0.120	0.115	0.119	0.118	0.116	0.117	0.119	0.117	0.116	0.116	0.122	0.117	0.116	0.118	0.119	0.118	0.116	0.117	0.118	0.120	0.117	0.118	0.125	0.124	0.119	0.122	0.125	0.122	0.117	0.126	0.121	0.118	0.117	0.117	0.117	0.120	0.118	0.115	0.119	0.120	0.116	0.117	0.123	0.118	0.117	0.117	0.126	0.120	0.116	0.115	0.123	0.117	0.116	0.118	0.121	0.117	0.120	0.119	0.121	0.122	0.120	0.121	0.121	0.123	0.116	0.115	0.118	0.128	0.122	0.121	0.123	0.122	0.118	0.117	0.125	0.120	0.116	0.117	0.120	0.120	0.120	0.121	0.124	0.128	0.123	0.124	0.126	0.122
1:40:00	0.116	0.122	0.122	0.120	0.124	0.119	0.122	0.122	0.120	0.115	0.120	0.119	0.116	0.117	0.119	0.118	0.116	0.116	0.125	0.118	0.117	0.118	0.120	0.119	0.116	0.117	0.119	0.120	0.117	0.118	0.128	0.126	0.119	0.122	0.126	0.123	0.117	0.126	0.123	0.119	0.117	0.118	0.118	0.120	0.118	0.115	0.120	0.120	0.116	0.117	0.124	0.119	0.118	0.117	0.127	0.121	0.116	0.115	0.124	0.118	0.116	0.116	0.122	0.118	0.120	0.120	0.122	0.124	0.120	0.122	0.123	0.124	0.116	0.115	0.120	0.128	0.122	0.121	0.126	0.123	0.118	0.117	0.126	0.121	0.116	0.117	0.121	0.120	0.120	0.122	0.125	0.129	0.124	0.124	0.127	0.123
2:00:00	0.116	0.122	0.123	0.121	0.124	0.119	0.124	0.122	0.120	0.115	0.121	0.120	0.116	0.117	0.120	0.118	0.117	0.116	0.128	0.118	0.117	0.118	0.121	0.120	0.116	0.117	0.120	0.121	0.117	0.118	0.132	0.127	0.119	0.122	0.127	0.123	0.117	0.126	0.124	0.120	0.117	0.118	0.120	0.121	0.119	0.115	0.122	0.121	0.116	0.117	0.125	0.119	0.118	0.118	0.128	0.122	0.116	0.115	0.125	0.119	0.116	0.117	0.123	0.119	0.120	0.120	0.123	0.127	0.121	0.122	0.124	0.124	0.117	0.115	0.121	0.129	0.122	0.121	0.128	0.124	0.119	0.118	0.127	0.121	0.116	0.117	0.122	0.121	0.120	0.122	0.125	0.130	0.124	0.124	0.128	0.123
2:20:00	0.117	0.122	0.125	0.122	0.124	0.119	0.128	0.124	0.121	0.115	0.123	0.121	0.117	0.117	0.121	0.119	0.117	0.117	0.132	0.120	0.117	0.118	0.123	0.120	0.117	0.117	0.121	0.122	0.117	0.119	0.136	0.130	0.120	0.122	0.129	0.124	0.117	0.127	0.126	0.121	0.118	0.133	0.123	0.123	0.119	0.115	0.124	0.122	0.116	0.117	0.127	0.120	0.119	0.118	0.130	0.123	0.117	0.115	0.127	0.120	0.117	0.118	0.125	0.119	0.121	0.120	0.125	0.130	0.121	0.122	0.126	0.125	0.117	0.115	0.123	0.129	0.122	0.121	0.132	0.125	0.119	0.118	0.129	0.122	0.117	0.117	0.124	0.121	0.121	0.122	0.126	0.130	0.125	0.125	0.130	0.124
2:40:00	0.117	0.123	0.127	0.123	0.125	0.119	0.133	0.125	0.122	0.115	0.126	0.121	0.117	0.117	0.123	0.120	0.117	0.117	0.137	0.121	0.118	0.118	0.125	0.121	0.117	0.117	0.123	0.123	0.118	0.119	0.141	0.133	0.121	0.122	0.131	0.125	0.118	0.127	0.128	0.123	0.120	0.137	0.128	0.125	0.120	0.115	0.127	0.123	0.117	0.117	0.129	0.122	0.120	0.119	0.132	0.125	0.118	0.116	0.129	0.120	0.117	0.118	0.127	0.121	0.121	0.120	0.126	0.134	0.122	0.122	0.129	0.126	0.117	0.115	0.125	0.130	0.123	0.121	0.135	0.127	0.121	0.118	0.131	0.123	0.117	0.117	0.126	0.122	0.121	0.122	0.127	0.131	0.125	0.125	0.132	0.125
3:00:00	0.117	0.123	0.130	0.124	0.125	0.119	0.139	0.126	0.123	0.115	0.129	0.122	0.117	0.117	0.126	0.121	0.118	0.117	0.143	0.124	0.119	0.118	0.128	0.122	0.117	0.118	0.126	0.124	0.118	0.119	0.147	0.137	0.121	0.122	0.134	0.126	0.118	0.127	0.131	0.125	0.121	0.137	0.133	0.126	0.121	0.116	0.130	0.124	0.117	0.117	0.131	0.123	0.121	0.120	0.136	0.127	0.119	0.116	0.132	0.121	0.117	0.117	0.130	0.122	0.121	0.120	0.128	0.138	0.123	0.122	0.132	0.127	0.118	0.115	0.128	0.130	0.124	0.121	0.138	0.129	0.122	0.118	0.135	0.124	0.118	0.117	0.128	0.123	0.122	0.122	0.128	0.132	0.127	0.126	0.134	0.126
3:20:00	0.118	0.122	0.132	0.125	0.125	0.119	0.145	0.127	0.123	0.116	0.132	0.123	0.118	0.117	0.129	0.122	0.119	0.117	0.148	0.126	0.120	0.119	0.131	0.123	0.118	0.118	0.129	0.126	0.119	0.119	0.153	0.141	0.122	0.122	0.137	0.128	0.118	0.126	0.135	0.127	0.123	0.133	0.140	0.128	0.121	0.116	0.134	0.125	0.118	0.118	0.135	0.124	0.123	0.121	0.138	0.129	0.121	0.116	0.135	0.123	0.118	0.118	0.134	0.123	0.122	0.121	0.130	0.142	0.124	0.123	0.136	0.128	0.119	0.116	0.132	0.132	0.124	0.121	0.142	0.132	0.124	0.119	0.139	0.124	0.118	0.117	0.131	0.124	0.122	0.122	0.129	0.133	0.128	0.126	0.137	0.127
3:40:00	0.119	0.122	0.136	0.127	0.126	0.120	0.153	0.129	0.124	0.116	0.136	0.125	0.119	0.117	0.133	0.122	0.119	0.118	0.154	0.128	0.122	0.119	0.135	0.124	0.118	0.119	0.133	0.127	0.120	0.120	0.161	0.145	0.124	0.123	0.142	0.129	0.119	0.126	0.139	0.129	0.124	0.141	0.147	0.130	0.123	0.116	0.139	0.126	0.119	0.118	0.139	0.126	0.124	0.122	0.141	0.131	0.123	0.116	0.140	0.124	0.118	0.118	0.138	0.125	0.123	0.122	0.133	0.146	0.124	0.123	0.141	0.130	0.119	0.116	0.136	0.133	0.126	0.121	0.146	0.135	0.126	0.119	0.144	0.126	0.120	0.118	0.135	0.125	0.123	0.123	0.130	0.134	0.129	0.126	0.141	0.128
4:00:00	0.120	0.123	0.140	0.128	0.126	0.120	0.162	0.130	0.126	0.117	0.141	0.126	0.120	0.117	0.137	0.124	0.120	0.118	0.162	0.130	0.123	0.119	0.141	0.125	0.119	0.119	0.138	0.129	0.121	0.120	0.169	0.150	0.125	0.123	0.147	0.130	0.120	0.127	0.145	0.130	0.125	0.143	0.156	0.132	0.125	0.117	0.146	0.127	0.119	0.118	0.144	0.127	0.126	0.123	0.144	0.133	0.124	0.117	0.145	0.125	0.119	0.118	0.143	0.126	0.124	0.122	0.135	0.149	0.127	0.123	0.147	0.130	0.120	0.116	0.142	0.135	0.126	0.121	0.150	0.137	0.124	0.119	0.150	0.127	0.121	0.118	0.140	0.126	0.123	0.123	0.132	0.136	0.131	0.127	0.146	0.129
4:20:00	0.122	0.123	0.146	0.129	0.127	0.120	0.172	0.131	0.128	0.117	0.148	0.127	0.121	0.118	0.142	0.125	0.121	0.119	0.170	0.133	0.125	0.120	0.146	0.126	0.119	0.119	0.143	0.130	0.122	0.120	0.178	0.154	0.126	0.124	0.153	0.131	0.121	0.127	0.151	0.133	0.128	0.136	0.166	0.134	0.127	0.117	0.153	0.129	0.120	0.119	0.149	0.129	0.128	0.125	0.149	0.137	0.127	0.117	0.152	0.126	0.120	0.119	0.149	0.127	0.124	0.123	0.139	0.152	0.129	0.124	0.154	0.131	0.122	0.117	0.148	0.135	0.127	0.122	0.155	0.140	0.129	0.120	0.156	0.128	0.120	0.118	0.144	0.127	0.125	0.124	0.133	0.137	0.133	0.127	0.152	0.130
4:40:00	0.124	0.124	0.153	0.130	0.129	0.120	0.182	0.133	0.131	0.117	0.157	0.128	0.123	0.118	0.149	0.127	0.122	0.119	0.179	0.136	0.127	0.121	0.154	0.128	0.121	0.120	0.150	0.131	0.122	0.121	0.187	0.159	0.129	0.124	0.161	0.132	0.123	0.129	0.158	0.135	0.129	0.145	0.175	0.135	0.130	0.118	0.163	0.130	0.122	0.119	0.156	0.131	0.130	0.125	0.155	0.139	0.130	0.118	0.161	0.127	0.123	0.119	0.156	0.128	0.125	0.124	0.142	0.156	0.128	0.126	0.164	0.132	0.123	0.117	0.155	0.135	0.129	0.122	0.159	0.141	0.131	0.121	0.163	0.129	0.124	0.119	0.150	0.128	0.126	0.125	0.135	0.138	0.135	0.128	0.159	0.131
5:00:00	0.124	0.123	0.159	0.129	0.129	0.121	0.190	0.134	0.132	0.118	0.162	0.129	0.125	0.119	0.156	0.128	0.122	0.120	0.183	0.138	0.133	0.121	0.162	0.128	0.123	0.120	0.157	0.132	0.124	0.122	0.191	0.161	0.133	0.125	0.170	0.133	0.123	0.129	0.165	0.135	0.131	0.146	0.185	0.136	0.133	0.119	0.168	0.130	0.124	0.120	0.164	0.131	0.131	0.126	0.160	0.141	0.134	0.119	0.168	0.127	0.124	0.120	0.164	0.129	0.128	0.124	0.146	0.157	0.134	0.126	0.170	0.133	0.124	0.117	0.163	0.137	0.130	0.123	0.160	0.146	0.133	0.122	0.171	0.129	0.124	0.119	0.159	0.128	0.128	0.125	0.138	0.138	0.138	0.129	0.166	0.131
5:20:00	0.128	0.125	0.165	0.131	0.132	0.122	0.197	0.135	0.137	0.119	0.168	0.129	0.129	0.119	0.162	0.129	0.126	0.120	0.183	0.140	0.136	0.122	0.168	0.129	0.125	0.121	0.164	0.133	0.126	0.122	0.192	0.163	0.136	0.126	0.176	0.134	0.125	0.129	0.171	0.137	0.132	0.149	0.193	0.137	0.134	0.119	0.174	0.131	0.127	0.120	0.170	0.133	0.133	0.128	0.167	0.143	0.137	0.120	0.175	0.128	0.124	0.119	0.168	0.130	0.129	0.126	0.151	0.158	0.135	0.127	0.175	0.134	0.127	0.118	0.168	0.137	0.131	0.122	0.157	0.148	0.137	0.122	0.177	0.130	0.125	0.119	0.164	0.129	0.127	0.126	0.140	0.139	0.143	0.128	0.173	0.133
5:40:00	0.132	0.125	0.171	0.132	0.132	0.123	0.207	0.138	0.141	0.120	0.172	0.130	0.133	0.120	0.167	0.130	0.126	0.122	0.186	0.143	0.139	0.123	0.173	0.130	0.128	0.122	0.170	0.133	0.127	0.124	0.194	0.167	0.138	0.127	0.181	0.133	0.128	0.131	0.176	0.140	0.135	0.151	0.202	0.140	0.137	0.120	0.178	0.132	0.131	0.120	0.175	0.135	0.136	0.130	0.177	0.147	0.140	0.121	0.180	0.129	0.128	0.119	0.172	0.131	0.130	0.128	0.156	0.160	0.137	0.128	0.178	0.135	0.128	0.119	0.172	0.137	0.133	0.124	0.150	0.146	0.137	0.122	0.179	0.131	0.129	0.120	0.168	0.130	0.130	0.126	0.143	0.141	0.143	0.130	0.177	0.133
6:00:00	0.135	0.126	0.172	0.133	0.133	0.124	0.209	0.136	0.146	0.121	0.172	0.131	0.134	0.121	0.170	0.128	0.127	0.122	0.176	0.142	0.141	0.125	0.174	0.130	0.130	0.123	0.173	0.134	0.130	0.125	0.187	0.165	0.139	0.128	0.181	0.135	0.133	0.131	0.176	0.139	0.137	0.153	0.207	0.140	0.140	0.122	0.178	0.132	0.133	0.120	0.176	0.135	0.137	0.130	0.184	0.148	0.141	0.122	0.180	0.130	0.131	0.120	0.172	0.132	0.132	0.128	0.162	0.158	0.141	0.129	0.178	0.135	0.132	0.120	0.173	0.138	0.134	0.124	0.148	0.150	0.136	0.124	0.181	0.131	0.132	0.120	0.171	0.130	0.132	0.127	0.146	0.140	0.143	0.130	0.178	0.134
6:20:00	0.136	0.127	0.171	0.133	0.134	0.124	0.210	0.137	0.153	0.123	0.172	0.131	0.135	0.120	0.169	0.129	0.129	0.124	0.164	0.143	0.141	0.126	0.175	0.131	0.133	0.124	0.172	0.135	0.131	0.126	0.175	0.166	0.141	0.130	0.181	0.136	0.135	0.132	0.175	0.139	0.138	0.153	0.211	0.139	0.142	0.122	0.177	0.133	0.134	0.123	0.175	0.136	0.139	0.130	0.191	0.149	0.143	0.123	0.180	0.130	0.134	0.122	0.172	0.132	0.134	0.128	0.167	0.157	0.143	0.129	0.177	0.135	0.134	0.121	0.172	0.138	0.135	0.124	0.148	0.150	0.136	0.125	0.181	0.131	0.134	0.121	0.170	0.130	0.134	0.130	0.150	0.141	0.144	0.131	0.179	0.134
6:40:00	0.135	0.129	0.171	0.134	0.138	0.126	0.211	0.138	0.159	0.122	0.172	0.132	0.134	0.122	0.168	0.129	0.130	0.126	0.162	0.143	0.148	0.126	0.174	0.132	0.136	0.126	0.171	0.135	0.132	0.126	0.172	0.167	0.141	0.130	0.181	0.136	0.137	0.131	0.175	0.139	0.138	0.145	0.211	0.139	0.145	0.125	0.177	0.133	0.134	0.122	0.175	0.136	0.141	0.132	0.197	0.150	0.145	0.125	0.179	0.131	0.136	0.123	0.172	0.133	0.135	0.130	0.172	0.156	0.143	0.132	0.177	0.136	0.137	0.123	0.172	0.138	0.136	0.128	0.148	0.151	0.140	0.128	0.180	0.132	0.136	0.121	0.169	0.131	0.135	0.131	0.155	0.141	0.151	0.133	0.178	0.135
7:00:00	0.138	0.131	0.171	0.133	0.140	0.128	0.213	0.138	0.164	0.123	0.173	0.132	0.136	0.122	0.168	0.131	0.131	0.127	0.162	0.144	0.167	0.130	0.174	0.132	0.136	0.128	0.170	0.135	0.133	0.129	0.171	0.168	0.144	0.131	0.181	0.136	0.136	0.133	0.172	0.138	0.137	0.145	0.208	0.137	0.145	0.126	0.178	0.134	0.135	0.124	0.174	0.134	0.139	0.130	0.200	0.147	0.146	0.126	0.179	0.131	0.136	0.125	0.171	0.133	0.136	0.130	0.172	0.154	0.146	0.136	0.177	0.136	0.138	0.125	0.171	0.138	0.138	0.129	0.148	0.152	0.147	0.130	0.181	0.132	0.139	0.123	0.169	0.131	0.136	0.133	0.159	0.142	0.159	0.135	0.179	0.136
7:20:01	0.148	0.132	0.171	0.132	0.141	0.130	0.215	0.139	0.169	0.127	0.174	0.133	0.143	0.124	0.168	0.130	0.132	0.129	0.163	0.146	0.167	0.134	0.174	0.132	0.140	0.129	0.170	0.136	0.135	0.128	0.170	0.171	0.153	0.136	0.182	0.136	0.140	0.135	0.173	0.138	0.137	0.130	0.206	0.136	0.153	0.130	0.178	0.134	0.142	0.126	0.175	0.136	0.140	0.131	0.199	0.146	0.147	0.131	0.180	0.131	0.140	0.127	0.172	0.133	0.138	0.133	0.173	0.154	0.163	0.139	0.178	0.137	0.142	0.127	0.172	0.139	0.139	0.131	0.148	0.152	0.161	0.135	0.182	0.133	0.149	0.124	0.169	0.132	0.138	0.134	0.163	0.143	0.169	0.141	0.180	0.135
7:40:01	0.161	0.136	0.171	0.132	0.141	0.131	0.217	0.140	0.174	0.133	0.174	0.133	0.151	0.128	0.168	0.131	0.133	0.134	0.163	0.147	0.170	0.136	0.175	0.133	0.145	0.133	0.170	0.137	0.135	0.132	0.171	0.172	0.152	0.138	0.182	0.136	0.146	0.138	0.172	0.139	0.138	0.133	0.208	0.136	0.164	0.130	0.178	0.134	0.154	0.129	0.175	0.136	0.141	0.135	0.200	0.147	0.162	0.133	0.180	0.132	0.146	0.131	0.172	0.133	0.138	0.137	0.173	0.153	0.158	0.137	0.182	0.137	0.154	0.131	0.172	0.139	0.141	0.134	0.168	0.153	0.165	0.135	0.183	0.133	0.157	0.126	0.171	0.132	0.139	0.137	0.166	0.144	0.171	0.143	0.180	0.136
8:00:01	0.159	0.139	0.171	0.133	0.143	0.135	0.220	0.140	0.174	0.135	0.174	0.133	0.151	0.133	0.169	0.131	0.133	0.133	0.167	0.146	0.162	0.139	0.176	0.133	0.157	0.132	0.171	0.137	0.136	0.134	0.179	0.172	0.161	0.140	0.183	0.138	0.161	0.143	0.173	0.139	0.139	0.137	0.210	0.136	0.165	0.132	0.178	0.135	0.151	0.133	0.175	0.136	0.142	0.136	0.201	0.148	0.169	0.134	0.181	0.132	0.160	0.132	0.172	0.134	0.139	0.138	0.174	0.153	0.158	0.136	0.183	0.137	0.155	0.132	0.173	0.139	0.142	0.137	0.185	0.156	0.177	0.134	0.183	0.133	0.153	0.131	0.172	0.133	0.140	0.137	0.167	0.144	0.182	0.144	0.179	0.136
8:20:01	0.157	0.138	0.174	0.133	0.143	0.135	0.222	0.141	0.182	0.136	0.175	0.133	0.157	0.133	0.171	0.132	0.134	0.131	0.179	0.147	0.179	0.139	0.174	0.133	0.157	0.132	0.171	0.137	0.136	0.134	0.197	0.173	0.172	0.140	0.184	0.138	0.160	0.143	0.175	0.139	0.140	0.138	0.212	0.137	0.180	0.134	0.180	0.135	0.152	0.133	0.176	0.136	0.143	0.137	0.202	0.149	0.179	0.136	0.182	0.133	0.162	0.130	0.175	0.135	0.139	0.135	0.175	0.152	0.169	0.136	0.181	0.138	0.153	0.130	0.175	0.139	0.143	0.135	0.191	0.157	0.177	0.134	0.184	0.134	0.151	0.132	0.174	0.133	0.141	0.138	0.166	0.144	0.183	0.144	0.180	0.137
8:40:01	0.164	0.137	0.175	0.134	0.144	0.134	0.224	0.141	0.168	0.134	0.176	0.134	0.167	0.133	0.170	0.133	0.134	0.131	0.181	0.148	0.171	0.140	0.176	0.133	0.157	0.133	0.172	0.137	0.137	0.133	0.202	0.175	0.177	0.140	0.186	0.139	0.160	0.142	0.177	0.140	0.141	0.138	0.216	0.138	0.183	0.133	0.181	0.135	0.157	0.132	0.178	0.137	0.144	0.138	0.204	0.150	0.180	0.135	0.183	0.133	0.161	0.130	0.177	0.135	0.140	0.135	0.175	0.153	0.170	0.138	0.181	0.138	0.153	0.130	0.177	0.139	0.144	0.134	0.199	0.158	0.177	0.135	0.185	0.134	0.151	0.132	0.173	0.133	0.141	0.138	0.167	0.144	0.183	0.148	0.180	0.136
9:00:01	0.173	0.139	0.180	0.135	0.144	0.134	0.228	0.142	0.177	0.137	0.176	0.134	0.168	0.132	0.172	0.133	0.135	0.133	0.185	0.150	0.181	0.149	0.178	0.133	0.159	0.135	0.174	0.138	0.137	0.132	0.200	0.176	0.179	0.142	0.186	0.139	0.161	0.142	0.179	0.140	0.141	0.136	0.216	0.138	0.180	0.134	0.184	0.135	0.165	0.132	0.176	0.137	0.145	0.136	0.204	0.150	0.181	0.135	0.185	0.133	0.163	0.131	0.176	0.135	0.140	0.135	0.175	0.153	0.174	0.143	0.193	0.139	0.155	0.131	0.175	0.140	0.146	0.134	0.202	0.159	0.179	0.140	0.186	0.134	0.154	0.132	0.182	0.133	0.142	0.140	0.167	0.145	0.185	0.157	0.181	0.137
9:20:01	0.180	0.143	0.183	0.135	0.144	0.135	0.233	0.143	0.188	0.145	0.178	0.135	0.179	0.134	0.177	0.134	0.136	0.136	0.189	0.150	0.187	0.161	0.182	0.134	0.162	0.139	0.178	0.138	0.138	0.133	0.202	0.178	0.176	0.151	0.189	0.140	0.164	0.143	0.182	0.142	0.143	0.139	0.221	0.141	0.183	0.136	0.196	0.136	0.172	0.133	0.178	0.138	0.147	0.138	0.206	0.152	0.189	0.139	0.189	0.133	0.165	0.134	0.181	0.136	0.141	0.138	0.176	0.154	0.189	0.148	0.193	0.138	0.158	0.135	0.180	0.140	0.148	0.135	0.206	0.161	0.179	0.145	0.186	0.134	0.161	0.134	0.183	0.134	0.142	0.143	0.168	0.145	0.185	0.163	0.184	0.138
9:40:01	0.185	0.157	0.184	0.135	0.144	0.138	0.244	0.144	0.189	0.168	0.179	0.135	0.183	0.140	0.178	0.135	0.136	0.139	0.188	0.151	0.188	0.151	0.184	0.134	0.165	0.144	0.182	0.139	0.139	0.136	0.203	0.179	0.184	0.149	0.192	0.140	0.168	0.146	0.186	0.142	0.144	0.141	0.233	0.142	0.192	0.146	0.218	0.136	0.178	0.137	0.183	0.138	0.149	0.140	0.207	0.154	0.200	0.155	0.201	0.133	0.168	0.139	0.178	0.137	0.142	0.141	0.176	0.154	0.193	0.149	0.205	0.139	0.163	0.144	0.184	0.141	0.149	0.137	0.208	0.162	0.179	0.154	0.188	0.135	0.168	0.139	0.182	0.134	0.143	0.146	0.168	0.145	0.184	0.164	0.189	0.138
10:00:01	0.191	0.175	0.187	0.136	0.144	0.141	0.251	0.145	0.191	0.143	0.179	0.135	0.194	0.156	0.178	0.135	0.136	0.142	0.216	0.154	0.189	0.154	0.185	0.134	0.168	0.154	0.186	0.140	0.140	0.140	0.205	0.181	0.192	0.159	0.194	0.141	0.173	0.153	0.187	0.143	0.146	0.146	0.240	0.144	0.202	0.157	0.229	0.136	0.187	0.143	0.182	0.139	0.151	0.145	0.209	0.155	0.200	0.152	0.201	0.134	0.170	0.148	0.178	0.137	0.143	0.144	0.178	0.154	0.193	0.160	0.211	0.139	0.168	0.159	0.186	0.141	0.151	0.141	0.211	0.164	0.178	0.161	0.187	0.135	0.174	0.150	0.188	0.134	0.144	0.150	0.170	0.146	0.184	0.168	0.192	0.138
10:20:01	0.199	0.177	0.192	0.136	0.145	0.145	0.250	0.146	0.192	0.162	0.180	0.135	0.194	0.161	0.179	0.135	0.137	0.147	0.194	0.155	0.189	0.158	0.188	0.135	0.171	0.164	0.188	0.140	0.141	0.144	0.206	0.182	0.198	0.154	0.193	0.141	0.180	0.172	0.189	0.144	0.147	0.150	0.247	0.151	0.203	0.158	0.236	0.137	0.190	0.159	0.186	0.140	0.153	0.151	0.209	0.156	0.201	0.157	0.203	0.134	0.173	0.155	0.179	0.138	0.143	0.147	0.178	0.156	0.194	0.171	0.211	0.140	0.174	0.155	0.188	0.141	0.152	0.146	0.212	0.165	0.178	0.174	0.190	0.135	0.183	0.160	0.189	0.134	0.145	0.154	0.169	0.146	0.184	0.176	0.193	0.139
10:40:01	0.205	0.176	0.192	0.137	0.145	0.152	0.254	0.147	0.192	0.172	0.181	0.135	0.203	0.164	0.181	0.135	0.138	0.164	0.206	0.156	0.188	0.171	0.188	0.135	0.175	0.169	0.190	0.141	0.143	0.144	0.209	0.183	0.199	0.170	0.244	0.142	0.187	0.167	0.190	0.145	0.149	0.154	0.257	0.158	0.205	0.158	0.238	0.137	0.201	0.149	0.188	0.141	0.156	0.154	0.219	0.158	0.200	0.160	0.202	0.135	0.176	0.154	0.181	0.139	0.145	0.153	0.180	0.157	0.194	0.173	0.211	0.140	0.183	0.156	0.190	0.141	0.154	0.153	0.212	0.166	0.178	0.172	0.212	0.136	0.191	0.160	0.188	0.136	0.146	0.161	0.171	0.147	0.184	0.178	0.195	0.140
11:00:01	0.212	0.172	0.192	0.137	0.146	0.178	0.252	0.148	0.191	0.170	0.180	0.136	0.214	0.170	0.182	0.136	0.138	0.181	0.192	0.158	0.188	0.173	0.191	0.136	0.182	0.175	0.193	0.141	0.146	0.161	0.209	0.184	0.200	0.174	0.236	0.142	0.195	0.174	0.191	0.146	0.151	0.162	0.261	0.160	0.206	0.167	0.241	0.137	0.206	0.160	0.187	0.142	0.159	0.157	0.222	0.160	0.200	0.167	0.204	0.135	0.183	0.161	0.178	0.139	0.147	0.162	0.189	0.159	0.193	0.178	0.216	0.141	0.192	0.158	0.191	0.142	0.156	0.170	0.214	0.167	0.178	0.176	0.198	0.137	0.198	0.161	0.188	0.135	0.148	0.177	0.171	0.147	0.185	0.181	0.197	0.141
11:20:01	0.218	0.173	0.192	0.138	0.147	0.181	0.256	0.149	0.190	0.170	0.182	0.136	0.222	0.176	0.185	0.137	0.139	0.184	0.223	0.159	0.187	0.189	0.190	0.136	0.191	0.181	0.195	0.141	0.148	0.163	0.210	0.185	0.202	0.172	0.251	0.142	0.209	0.180	0.193	0.146	0.151	0.157	0.265	0.162	0.207	0.169	0.246	0.138	0.215	0.163	0.187	0.142	0.161	0.156	0.234	0.160	0.201	0.189	0.206	0.136	0.192	0.168	0.180	0.139	0.148	0.157	0.186	0.158	0.193	0.184	0.218	0.141	0.207	0.160	0.192	0.142	0.157	0.172	0.216	0.168	0.179	0.178	0.199	0.137	0.205	0.162	0.189	0.136	0.149	0.179	0.173	0.147	0.185	0.187	0.222	0.141
11:40:01	0.223	0.176	0.193	0.139	0.149	0.184	0.252	0.149	0.190	0.182	0.183	0.136	0.232	0.182	0.187	0.137	0.141	0.188	0.194	0.160	0.187	0.192	0.192	0.137	0.199	0.189	0.195	0.142	0.151	0.164	0.210	0.186	0.203	0.184	0.261	0.143	0.224	0.190	0.195	0.147	0.154	0.160	0.268	0.164	0.208	0.189	0.246	0.138	0.224	0.173	0.187	0.143	0.164	0.161	0.238	0.162	0.202	0.192	0.205	0.136	0.205	0.180	0.184	0.140	0.150	0.165	0.188	0.161	0.193	0.184	0.248	0.142	0.212	0.162	0.192	0.142	0.160	0.176	0.217	0.169	0.179	0.177	0.197	0.138	0.211	0.163	0.189	0.136	0.151	0.182	0.173	0.148	0.185	0.187	0.198	0.142
12:00:01	0.227	0.184	0.193	0.139	0.151	0.187	0.254	0.151	0.190	0.185	0.182	0.137	0.240	0.189	0.185	0.138	0.142	0.187	0.264	0.161	0.188	0.194	0.194	0.137	0.219	0.192	0.195	0.143	0.153	0.167	0.213	0.186	0.205	0.197	0.260	0.143	0.228	0.197	0.195	0.148	0.156	0.167	0.271	0.166	0.209	0.193	0.253	0.138	0.234	0.182	0.189	0.144	0.167	0.167	0.240	0.163	0.203	0.194	0.206	0.136	0.223	0.183	0.184	0.140	0.152	0.173	0.184	0.163	0.193	0.183	0.245	0.142	0.225	0.167	0.193	0.143	0.164	0.180	0.218	0.170	0.180	0.175	0.232	0.139	0.217	0.163	0.192	0.137	0.154	0.186	0.173	0.150	0.186	0.188	0.195	0.142
12:20:01	0.233	0.194	0.234	0.140	0.153	0.191	0.255	0.152	0.189	0.184	0.183	0.137	0.249	0.196	0.188	0.138	0.144	0.187	0.257	0.162	0.188	0.192	0.195	0.136	0.227	0.198	0.197	0.143	0.157	0.171	0.212	0.189	0.206	0.198	0.255	0.144	0.243	0.197	0.195	0.149	0.159	0.174	0.272	0.168	0.210	0.196	0.256	0.139	0.240	0.180	0.191	0.145	0.172	0.174	0.248	0.164	0.204	0.195	0.206	0.137	0.240	0.176	0.184	0.141	0.154	0.177	0.188	0.165	0.194	0.183	0.253	0.142	0.236	0.178	0.194	0.143	0.168	0.183	0.218	0.172	0.180	0.175	0.200	0.139	0.223	0.165	0.192	0.138	0.158	0.192	0.177	0.150	0.186	0.187	0.202	0.142
12:40:01	0.238	0.202	0.190	0.140	0.156	0.197	0.254	0.153	0.189	0.183	0.184	0.137	0.258	0.197	0.188	0.139	0.146	0.193	0.239	0.163	0.189	0.189	0.197	0.136	0.243	0.204	0.196	0.144	0.161	0.175	0.212	0.191	0.208	0.197	0.257	0.143	0.259	0.194	0.196	0.150	0.161	0.181	0.273	0.166	0.211	0.194	0.257	0.139	0.244	0.175	0.195	0.145	0.176	0.181	0.245	0.165	0.205	0.192	0.207	0.137	0.252	0.174	0.185	0.141	0.157	0.180	0.188	0.167	0.195	0.182	0.243	0.143	0.245	0.185	0.193	0.143	0.173	0.186	0.218	0.172	0.181	0.174	0.229	0.140	0.227	0.169	0.189	0.138	0.163	0.196	0.175	0.150	0.185	0.187	0.198	0.143
13:00:01	0.243	0.209	0.192	0.140	0.161	0.200	0.253	0.154	0.188	0.183	0.185	0.137	0.266	0.196	0.188	0.139	0.150	0.195	0.247	0.164	0.190	0.187	0.197	0.137	0.246	0.204	0.197	0.144	0.165	0.182	0.212	0.192	0.209	0.196	0.264	0.144	0.266	0.196	0.196	0.150	0.165	0.188	0.274	0.166	0.211	0.190	0.255	0.139	0.250	0.178	0.189	0.145	0.180	0.188	0.245	0.166	0.206	0.190	0.206	0.137	0.270	0.182	0.185	0.141	0.161	0.185	0.190	0.170	0.196	0.182	0.249	0.143	0.253	0.190	0.193	0.144	0.181	0.192	0.219	0.173	0.181	0.174	0.245	0.140	0.232	0.181	0.189	0.138	0.168	0.200	0.176	0.151	0.185	0.187	0.218	0.143
13:20:01	0.248	0.223	0.191	0.140	0.168	0.199	0.253	0.154	0.188	0.181	0.186	0.137	0.271	0.196	0.186	0.138	0.157	0.199	0.267	0.165	0.191	0.186	0.197	0.137	0.265	0.204	0.196	0.144	0.168	0.186	0.214	0.192	0.210	0.196	0.267	0.145	0.274	0.201	0.196	0.150	0.167	0.193	0.273	0.166	0.211	0.188	0.269	0.141	0.256	0.186	0.190	0.145	0.184	0.194	0.244	0.166	0.206	0.188	0.207	0.138	0.280	0.185	0.185	0.142	0.165	0.189	0.190	0.171	0.198	0.181	0.239	0.144	0.260	0.199	0.193	0.144	0.193	0.193	0.219	0.174	0.182	0.173	0.245	0.140	0.238	0.188	0.191	0.139	0.177	0.203	0.175	0.152	0.185	0.186	0.211	0.143
13:40:01	0.255	0.230	0.192	0.140	0.178	0.199	0.254	0.157	0.188	0.181	0.186	0.138	0.280	0.198	0.187	0.139	0.171	0.203	0.271	0.168	0.193	0.185	0.198	0.138	0.280	0.202	0.197	0.144	0.172	0.194	0.214	0.198	0.212	0.196	0.265	0.144	0.281	0.205	0.197	0.149	0.170	0.197	0.273	0.165	0.212	0.187	0.268	0.140	0.262	0.189	0.191	0.145	0.190	0.198	0.243	0.165	0.204	0.186	0.210	0.138	0.290	0.188	0.187	0.143	0.171	0.197	0.189	0.174	0.200	0.181	0.241	0.143	0.267	0.213	0.194	0.144	0.199	0.197	0.221	0.173	0.182	0.173	0.217	0.141	0.243	0.201	0.191	0.139	0.189	0.209	0.175	0.152	0.186	0.186	0.201	0.143
14:00:01	0.262	0.235	0.191	0.140	0.190	0.209	0.253	0.157	0.188	0.180	0.183	0.139	0.282	0.202	0.185	0.138	0.182	0.215	0.258	0.168	0.194	0.185	0.200	0.140	0.289	0.205	0.195	0.144	0.182	0.204	0.214	0.197	0.212	0.195	0.258	0.146	0.286	0.210	0.195	0.148	0.172	0.206	0.274	0.163	0.211	0.186	0.221	0.139	0.265	0.196	0.193	0.144	0.199	0.207	0.244	0.165	0.204	0.186	0.208	0.138	0.300	0.198	0.186	0.143	0.179	0.206	0.188	0.176	0.201	0.181	0.226	0.145	0.275	0.228	0.194	0.144	0.203	0.201	0.219	0.177	0.184	0.173	0.205	0.140	0.252	0.211	0.191	0.140	0.193	0.211	0.175	0.152	0.185	0.186	0.209	0.144
14:20:01	0.267	0.245	0.192	0.141	0.193	0.218	0.252	0.157	0.188	0.180	0.184	0.138	0.283	0.208	0.187	0.139	0.186	0.225	0.264	0.170	0.195	0.185	0.200	0.140	0.301	0.221	0.195	0.144	0.189	0.216	0.214	0.198	0.213	0.195	0.265	0.145	0.294	0.211	0.195	0.148	0.173	0.216	0.271	0.163	0.213	0.186	0.260	0.141	0.274	0.213	0.197	0.145	0.202	0.219	0.242	0.165	0.205	0.185	0.209	0.140	0.303	0.216	0.186	0.143	0.186	0.220	0.188	0.176	0.203	0.180	0.249	0.145	0.273	0.233	0.194	0.145	0.208	0.209	0.220	0.178	0.184	0.172	0.199	0.141	0.256	0.219	0.193	0.140	0.197	0.214	0.175	0.153	0.185	0.186	0.200	0.144
14:40:01	0.271	0.253	0.193	0.141	0.197	0.227	0.254	0.158	0.188	0.179	0.210	0.138	0.293	0.221	0.188	0.139	0.189	0.237	0.264	0.171	0.197	0.185	0.202	0.140	0.309	0.241	0.196	0.145	0.194	0.232	0.215	0.201	0.214	0.196	0.266	0.146	0.298	0.228	0.196	0.148	0.181	0.230	0.274	0.164	0.213	0.187	0.260	0.143	0.280	0.228	0.200	0.145	0.210	0.235	0.244	0.166	0.206	0.186	0.210	0.139	0.313	0.232	0.186	0.143	0.191	0.237	0.190	0.178	0.204	0.180	0.254	0.146	0.289	0.242	0.194	0.145	0.214	0.219	0.220	0.180	0.184	0.172	0.241	0.142	0.263	0.226	0.191	0.141	0.201	0.226	0.176	0.153	0.185	0.186	0.202	0.144
15:00:01	0.276	0.259	0.191	0.142	0.200	0.242	0.253	0.160	0.189	0.179	0.187	0.139	0.303	0.228	0.188	0.140	0.190	0.253	0.254	0.172	0.199	0.186	0.202	0.140	0.311	0.254	0.197	0.145	0.200	0.250	0.216	0.202	0.216	0.196	0.269	0.147	0.299	0.247	0.197	0.149	0.181	0.243	0.273	0.163	0.213	0.188	0.256	0.142	0.285	0.239	0.204	0.146	0.219	0.248	0.242	0.166	0.206	0.187	0.210	0.140	0.313	0.244	0.186	0.144	0.194	0.251	0.191	0.178	0.205	0.180	0.245	0.146	0.292	0.249	0.195	0.145	0.222	0.236	0.221	0.181	0.185	0.172	0.242	0.142	0.266	0.231	0.191	0.141	0.206	0.248	0.176	0.154	0.185	0.185	0.210	0.146
15:20:01	0.285	0.263	0.192	0.142	0.205	0.253	0.254	0.161	0.189	0.179	0.187	0.138	0.311	0.256	0.188	0.140	0.195	0.273	0.260	0.173	0.201	0.186	0.200	0.141	0.324	0.273	0.196	0.146	0.207	0.268	0.214	0.204	0.217	0.197	0.275	0.147	0.302	0.266	0.196	0.149	0.195	0.258	0.274	0.166	0.214	0.188	0.240	0.142	0.289	0.257	0.207	0.145	0.228	0.263	0.244	0.167	0.207	0.188	0.209	0.140	0.313	0.258	0.187	0.144	0.200	0.270	0.190	0.180	0.206	0.181	0.236	0.146	0.296	0.258	0.195	0.145	0.233	0.257	0.221	0.183	0.185	0.172	0.242	0.142	0.271	0.236	0.214	0.141	0.212	0.257	0.178	0.155	0.185	0.186	0.202	0.145
15:40:01	0.297	0.266	0.192	0.142	0.213	0.275	0.255	0.161	0.190	0.180	0.188	0.139	0.325	0.270	0.188	0.140	0.202	0.289	0.267	0.174	0.202	0.188	0.202	0.142	0.333	0.276	0.197	0.145	0.216	0.283	0.215	0.204	0.218	0.198	0.268	0.148	0.306	0.280	0.196	0.150	0.208	0.276	0.275	0.166	0.214	0.189	0.207	0.142	0.294	0.270	0.195	0.146	0.239	0.272	0.245	0.168	0.208	0.188	0.209	0.140	0.314	0.268	0.188	0.145	0.207	0.282	0.191	0.182	0.207	0.181	0.263	0.148	0.302	0.267	0.195	0.145	0.243	0.273	0.221	0.185	0.186	0.172	0.236	0.143	0.275	0.242	0.202	0.141	0.218	0.282	0.179	0.155	0.185	0.185	0.198	0.147
16:00:01	0.313	0.273	0.211	0.143	0.222	0.293	0.254	0.163	0.191	0.181	0.187	0.142	0.341	0.279	0.189	0.141	0.210	0.306	0.262	0.178	0.204	0.189	0.200	0.142	0.348	0.285	0.197	0.146	0.227	0.298	0.216	0.206	0.219	0.198	0.280	0.148	0.309	0.288	0.197	0.150	0.217	0.289	0.276	0.166	0.214	0.189	0.244	0.142	0.310	0.277	0.203	0.147	0.252	0.293	0.245	0.169	0.209	0.189	0.208	0.142	0.316	0.290	0.188	0.145	0.216	0.298	0.193	0.183	0.207	0.182	0.253	0.146	0.308	0.276	0.195	0.146	0.257	0.288	0.221	0.187	0.187	0.172	0.228	0.143	0.278	0.248	0.215	0.142	0.227	0.310	0.179	0.155	0.185	0.186	0.215	0.147
16:20:01	0.330	0.280	0.192	0.143	0.231	0.318	0.254	0.166	0.192	0.182	0.185	0.143	0.358	0.293	0.188	0.141	0.217	0.322	0.266	0.179	0.205	0.190	0.202	0.143	0.347	0.296	0.197	0.147	0.234	0.310	0.216	0.208	0.219	0.199	0.268	0.148	0.313	0.301	0.196	0.150	0.227	0.305	0.276	0.165	0.215	0.190	0.207	0.143	0.327	0.287	0.205	0.147	0.265	0.304	0.244	0.170	0.210	0.190	0.209	0.142	0.318	0.304	0.188	0.146	0.226	0.311	0.192	0.184	0.208	0.183	0.233	0.150	0.315	0.283	0.195	0.146	0.269	0.304	0.221	0.189	0.187	0.172	0.258	0.144	0.282	0.258	0.212	0.142	0.239	0.325	0.179	0.156	0.185	0.185	0.208	0.148
16:40:01	0.336	0.287	0.193	0.144	0.239	0.346	0.255	0.167	0.193	0.183	0.188	0.139	0.369	0.295	0.189	0.141	0.225	0.342	0.250	0.181	0.207	0.192	0.202	0.143	0.357	0.312	0.196	0.147	0.239	0.329	0.216	0.208	0.220	0.200	0.275	0.149	0.316	0.305	0.196	0.151	0.238	0.320	0.278	0.166	0.216	0.190	0.210	0.144	0.334	0.297	0.211	0.148	0.274	0.322	0.246	0.172	0.211	0.191	0.210	0.142	0.320	0.318	0.188	0.146	0.238	0.327	0.192	0.183	0.209	0.184	0.256	0.145	0.322	0.289	0.196	0.147	0.285	0.315	0.221	0.190	0.188	0.172	0.260	0.144	0.289	0.267	0.201	0.142	0.253	0.345	0.180	0.157	0.185	0.186	0.220	0.148
17:00:01	0.340	0.288	0.193	0.144	0.246	0.361	0.256	0.169	0.195	0.185	0.188	0.140	0.373	0.307	0.187	0.141	0.232	0.361	0.260	0.182	0.209	0.193	0.201	0.144	0.374	0.333	0.197	0.147	0.249	0.345	0.217	0.208	0.221	0.201	0.270	0.150	0.319	0.316	0.196	0.153	0.249	0.336	0.279	0.166	0.217	0.192	0.208	0.143	0.337	0.321	0.212	0.149	0.292	0.334	0.246	0.174	0.212	0.192	0.210	0.144	0.324	0.333	0.188	0.147	0.253	0.346	0.194	0.186	0.211	0.186	0.243	0.145	0.329	0.293	0.196	0.147	0.308	0.330	0.222	0.192	0.189	0.172	0.227	0.145	0.294	0.275	0.198	0.143	0.265	0.370	0.180	0.158	0.185	0.186	0.220	0.147
17:20:01	0.344	0.296	0.193	0.144	0.253	0.381	0.256	0.170	0.197	0.187	0.188	0.144	0.374	0.317	0.188	0.142	0.239	0.370	0.266	0.185	0.211	0.194	0.202	0.143	0.379	0.343	0.196	0.147	0.255	0.354	0.216	0.209	0.223	0.201	0.271	0.150	0.322	0.333	0.197	0.152	0.251	0.346	0.277	0.165	0.217	0.192	0.210	0.143	0.340	0.325	0.217	0.148	0.306	0.346	0.244	0.174	0.212	0.193	0.211	0.142	0.329	0.345	0.188	0.148	0.260	0.363	0.193	0.185	0.212	0.187	0.253	0.149	0.337	0.298	0.196	0.147	0.319	0.353	0.221	0.194	0.190	0.173	0.246	0.146	0.302	0.283	0.218	0.143	0.279	0.385	0.180	0.158	0.185	0.186	0.208	0.148
17:40:01	0.345	0.306	0.195	0.145	0.262	0.392	0.255	0.171	0.199	0.188	0.188	0.143	0.374	0.326	0.189	0.143	0.246	0.389	0.245	0.186	0.212	0.195	0.201	0.143	0.383	0.358	0.197	0.148	0.264	0.375	0.216	0.209	0.224	0.202	0.270	0.151	0.333	0.345	0.197	0.154	0.261	0.358	0.280	0.167	0.219	0.193	0.211	0.143	0.341	0.335	0.213	0.150	0.321	0.365	0.247	0.176	0.215	0.194	0.209	0.140	0.337	0.349	0.189	0.148	0.269	0.384	0.195	0.188	0.213	0.188	0.252	0.146	0.339	0.303	0.196	0.147	0.330	0.366	0.221	0.196	0.191	0.173	0.212	0.145	0.312	0.297	0.215	0.144	0.306	0.401	0.180	0.159	0.185	0.186	0.235	0.149
18:00:01	0.346	0.310	0.193	0.144	0.271	0.410	0.256	0.173	0.202	0.189	0.188	0.144	0.374	0.337	0.189	0.144	0.250	0.399	0.276	0.185	0.213	0.196	0.202	0.143	0.390	0.371	0.197	0.149	0.274	0.387	0.216	0.209	0.225	0.203	0.283	0.151	0.354	0.362	0.197	0.155	0.277	0.372	0.281	0.168	0.220	0.194	0.209	0.146	0.343	0.351	0.205	0.150	0.336	0.385	0.248	0.179	0.215	0.194	0.209	0.141	0.342	0.358	0.189	0.149	0.286	0.394	0.194	0.187	0.215	0.190	0.265	0.148	0.345	0.310	0.197	0.148	0.349	0.384	0.222	0.196	0.191	0.173	0.229	0.145	0.326	0.305	0.211	0.145	0.320	0.410	0.180	0.159	0.185	0.186	0.214	0.149
18:20:01	0.347	0.320	0.201	0.145	0.280	0.422	0.258	0.175	0.205	0.191	0.189	0.146	0.375	0.353	0.191	0.144	0.259	0.413	0.258	0.188	0.214	0.198	0.203	0.145	0.396	0.373	0.197	0.150	0.288	0.398	0.217	0.209	0.226	0.204	0.284	0.152	0.367	0.369	0.197	0.154	0.285	0.379	0.280	0.167	0.221	0.195	0.210	0.145	0.345	0.365	0.216	0.150	0.342	0.390	0.247	0.179	0.215	0.195	0.211	0.145	0.346	0.365	0.189	0.148	0.298	0.405	0.194	0.186	0.215	0.191	0.262	0.149	0.360	0.315	0.197	0.148	0.351	0.396	0.222	0.197	0.193	0.174	0.211	0.147	0.337	0.307	0.219	0.145	0.323	0.426	0.181	0.159	0.185	0.186	0.209	0.151
18:40:01	0.348	0.324	0.197	0.147	0.291	0.433	0.256	0.176	0.208	0.193	0.189	0.145	0.376	0.366	0.189	0.144	0.273	0.424	0.254	0.189	0.215	0.199	0.202	0.143	0.398	0.391	0.197	0.149	0.304	0.406	0.217	0.210	0.226	0.205	0.268	0.152	0.373	0.379	0.197	0.155	0.297	0.388	0.281	0.168	0.222	0.196	0.208	0.147	0.346	0.377	0.207	0.151	0.357	0.405	0.248	0.180	0.217	0.196	0.210	0.144	0.352	0.372	0.189	0.149	0.309	0.417	0.194	0.188	0.216	0.192	0.258	0.150	0.361	0.321	0.196	0.149	0.368	0.405	0.222	0.198	0.194	0.175	0.232	0.147	0.343	0.317	0.200	0.145	0.344	0.436	0.181	0.160	0.186	0.186	0.234	0.151
19:00:01	0.350	0.330	0.194	0.147	0.302	0.442	0.256	0.177	0.210	0.194	0.189	0.146	0.381	0.373	0.190	0.145	0.287	0.433	0.242	0.189	0.217	0.200	0.202	0.144	0.407	0.401	0.197	0.151	0.316	0.420	0.217	0.211	0.227	0.206	0.273	0.153	0.380	0.390	0.197	0.156	0.310	0.400	0.281	0.169	0.223	0.197	0.210	0.147	0.350	0.387	0.209	0.151	0.368	0.414	0.248	0.182	0.217	0.197	0.210	0.146	0.365	0.383	0.189	0.150	0.322	0.424	0.194	0.188	0.216	0.193	0.261	0.148	0.370	0.328	0.196	0.149	0.379	0.416	0.222	0.200	0.196	0.175	0.243	0.147	0.347	0.320	0.199	0.146	0.358	0.445	0.181	0.161	0.186	0.186	0.218	0.151
19:20:01	0.354	0.331	0.197	0.146	0.315	0.452	0.255	0.178	0.212	0.196	0.190	0.146	0.385	0.382	0.189	0.145	0.299	0.438	0.236	0.190	0.217	0.201	0.202	0.146	0.410	0.406	0.197	0.150	0.329	0.427	0.217	0.211	0.227	0.206	0.267	0.153	0.385	0.397	0.197	0.156	0.318	0.408	0.282	0.169	0.224	0.197	0.212	0.149	0.353	0.390	0.195	0.152	0.376	0.423	0.248	0.183	0.218	0.198	0.210	0.146	0.387	0.383	0.190	0.150	0.332	0.436	0.195	0.187	0.217	0.194	0.262	0.148	0.383	0.327	0.196	0.149	0.389	0.423	0.222	0.201	0.197	0.176	0.219	0.146	0.349	0.322	0.212	0.147	0.366	0.453	0.181	0.161	0.187	0.187	0.236	0.150
19:40:01	0.357	0.334	0.194	0.147	0.324	0.460	0.256	0.179	0.215	0.197	0.190	0.146	0.389	0.395	0.191	0.145	0.304	0.447	0.279	0.191	0.218	0.202	0.203	0.146	0.415	0.413	0.198	0.151	0.342	0.434	0.217	0.213	0.228	0.207	0.272	0.153	0.390	0.409	0.197	0.157	0.331	0.420	0.283	0.169	0.225	0.198	0.210	0.147	0.355	0.408	0.206	0.154	0.388	0.431	0.249	0.185	0.219	0.199	0.210	0.147	0.400	0.392	0.189	0.151	0.350	0.443	0.195	0.188	0.218	0.195	0.256	0.149	0.399	0.333	0.196	0.150	0.399	0.431	0.222	0.202	0.198	0.177	0.254	0.149	0.352	0.325	0.209	0.147	0.373	0.463	0.182	0.161	0.189	0.186	0.234	0.152
20:00:01	0.361	0.338	0.197	0.148	0.338	0.468	0.257	0.182	0.217	0.199	0.190	0.145	0.391	0.397	0.189	0.146	0.325	0.454	0.264	0.193	0.218	0.203	0.203	0.147	0.424	0.427	0.198	0.153	0.355	0.441	0.217	0.213	0.230	0.208	0.275	0.154	0.395	0.415	0.198	0.159	0.343	0.428	0.285	0.171	0.226	0.199	0.211	0.152	0.359	0.406	0.213	0.154	0.398	0.441	0.251	0.187	0.220	0.200	0.210	0.148	0.405	0.396	0.190	0.151	0.359	0.451	0.197	0.189	0.218	0.196	0.250	0.150	0.409	0.334	0.197	0.150	0.407	0.442	0.222	0.202	0.198	0.178	0.230	0.148	0.353	0.332	0.197	0.147	0.387	0.470	0.182	0.162	0.190	0.187	0.207	0.152
20:20:01	0.366	0.343	0.196	0.148	0.349	0.478	0.258	0.185	0.220	0.200	0.190	0.159	0.399	0.412	0.189	0.147	0.335	0.464	0.280	0.196	0.220	0.203	0.203	0.148	0.433	0.438	0.199	0.153	0.363	0.451	0.217	0.215	0.231	0.210	0.289	0.154	0.402	0.418	0.198	0.159	0.354	0.440	0.286	0.170	0.227	0.200	0.210	0.146	0.363	0.423	0.199	0.155	0.409	0.445	0.251	0.187	0.221	0.200	0.212	0.148	0.408	0.401	0.190	0.152	0.373	0.458	0.197	0.192	0.219	0.197	0.259	0.153	0.416	0.338	0.197	0.151	0.414	0.450	0.224	0.201	0.197	0.178	0.231	0.149	0.355	0.336	0.196	0.147	0.397	0.482	0.182	0.162	0.190	0.187	0.208	0.153
20:40:01	0.366	0.347	0.193	0.148	0.362	0.481	0.256	0.182	0.218	0.201	0.190	0.150	0.403	0.418	0.189	0.146	0.345	0.473	0.270	0.193	0.220	0.204	0.203	0.147	0.439	0.441	0.198	0.153	0.373	0.461	0.217	0.215	0.231	0.210	0.273	0.154	0.405	0.434	0.197	0.157	0.363	0.442	0.284	0.170	0.227	0.200	0.208	0.148	0.365	0.432	0.208	0.154	0.415	0.453	0.251	0.188	0.221	0.201	0.210	0.147	0.408	0.405	0.190	0.151	0.381	0.465	0.195	0.190	0.218	0.198	0.252	0.151	0.425	0.344	0.196	0.151	0.423	0.462	0.223	0.204	0.198	0.179	0.225	0.150	0.359	0.341	0.202	0.147	0.406	0.491	0.182	0.162	0.193	0.188	0.209	0.152
21:00:01	0.370	0.351	0.195	0.149	0.375	0.495	0.258	0.186	0.222	0.203	0.190	0.155	0.406	0.420	0.190	0.144	0.361	0.482	0.263	0.198	0.221	0.205	0.205	0.148	0.448	0.449	0.198	0.154	0.384	0.467	0.217	0.218	0.233	0.212	0.279	0.154	0.408	0.441	0.198	0.158	0.370	0.450	0.286	0.169	0.228	0.201	0.211	0.145	0.370	0.441	0.214	0.154	0.426	0.462	0.251	0.188	0.221	0.201	0.211	0.149	0.411	0.409	0.191	0.151	0.392	0.476	0.197	0.191	0.219	0.200	0.260	0.153	0.429	0.350	0.197	0.152	0.432	0.465	0.224	0.202	0.196	0.179	0.262	0.150	0.364	0.343	0.200	0.147	0.415	0.500	0.184	0.162	0.193	0.187	0.210	0.152
21:20:01	0.372	0.353	0.194	0.150	0.384	0.499	0.257	0.184	0.221	0.205	0.190	0.145	0.408	0.426	0.189	0.143	0.368	0.486	0.264	0.195	0.220	0.206	0.203	0.147	0.455	0.455	0.197	0.154	0.395	0.477	0.217	0.215	0.232	0.213	0.280	0.154	0.410	0.444	0.198	0.158	0.379	0.455	0.284	0.170	0.229	0.202	0.214	0.150	0.372	0.446	0.197	0.154	0.433	0.470	0.250	0.188	0.221	0.202	0.210	0.148	0.411	0.411	0.190	0.151	0.400	0.475	0.196	0.190	0.219	0.200	0.258	0.156	0.438	0.353	0.197	0.151	0.437	0.472	0.222	0.205	0.198	0.181	0.232	0.150	0.367	0.344	0.198	0.147	0.425	0.504	0.183	0.161	0.196	0.188	0.208	0.150
21:40:01	0.377	0.358	0.194	0.150	0.391	0.509	0.257	0.185	0.224	0.207	0.191	0.150	0.409	0.434	0.189	0.143	0.375	0.492	0.272	0.196	0.222	0.207	0.205	0.146	0.458	0.461	0.198	0.153	0.404	0.484	0.219	0.216	0.233	0.214	0.284	0.154	0.414	0.449	0.198	0.158	0.390	0.469	0.284	0.169	0.229	0.203	0.213	0.156	0.378	0.447	0.215	0.155	0.437	0.476	0.250	0.189	0.222	0.203	0.211	0.148	0.413	0.415	0.189	0.151	0.406	0.491	0.197	0.190	0.220	0.201	0.256	0.149	0.445	0.359	0.196	0.152	0.443	0.483	0.223	0.206	0.198	0.182	0.235	0.150	0.374	0.349	0.202	0.147	0.433	0.519	0.183	0.162	0.198	0.189	0.207	0.151
22:00:01	0.383	0.365	0.196	0.150	0.403	0.520	0.260	0.189	0.228	0.208	0.191	0.149	0.412	0.444	0.189	0.146	0.383	0.501	0.282	0.198	0.223	0.208	0.205	0.150	0.466	0.472	0.199	0.154	0.413	0.486	0.218	0.218	0.235	0.215	0.286	0.154	0.419	0.458	0.198	0.159	0.402	0.479	0.287	0.170	0.230	0.204	0.211	0.149	0.386	0.460	0.216	0.155	0.446	0.485	0.251	0.189	0.223	0.204	0.212	0.149	0.416	0.421	0.191	0.151	0.418	0.498	0.198	0.192	0.221	0.203	0.267	0.150	0.453	0.365	0.197	0.152	0.450	0.486	0.224	0.204	0.197	0.182	0.239	0.151	0.381	0.356	0.215	0.147	0.442	0.528	0.183	0.162	0.199	0.190	0.222	0.152
22:20:01	0.382	0.364	0.196	0.150	0.414	0.525	0.257	0.187	0.227	0.209	0.192	0.151	0.412	0.453	0.191	0.146	0.391	0.509	0.280	0.197	0.221	0.209	0.203	0.148	0.472	0.474	0.198	0.153	0.421	0.491	0.218	0.214	0.236	0.216	0.283	0.155	0.419	0.465	0.198	0.158	0.406	0.484	0.286	0.170	0.230	0.205	0.212	0.151	0.387	0.463	0.206	0.155	0.455	0.493	0.251	0.191	0.224	0.205	0.212	0.147	0.417	0.422	0.190	0.152	0.424	0.506	0.197	0.191	0.220	0.204	0.262	0.149	0.460	0.369	0.197	0.152	0.460	0.495	0.223	0.207	0.199	0.183	0.262	0.150	0.380	0.357	0.201	0.147	0.451	0.537	0.184	0.162	0.203	0.192	0.213	0.151
22:40:01	0.385	0.369	0.208	0.150	0.421	0.532	0.257	0.188	0.229	0.210	0.192	0.149	0.413	0.458	0.188	0.147	0.398	0.515	0.266	0.195	0.222	0.210	0.203	0.149	0.474	0.475	0.198	0.154	0.430	0.499	0.218	0.215	0.236	0.217	0.274	0.155	0.421	0.470	0.198	0.158	0.415	0.495	0.286	0.170	0.231	0.206	0.212	0.155	0.390	0.471	0.211	0.156	0.458	0.499	0.252	0.192	0.225	0.206	0.210	0.150	0.417	0.429	0.191	0.152	0.431	0.512	0.198	0.191	0.220	0.205	0.267	0.150	0.463	0.372	0.197	0.153	0.466	0.498	0.223	0.208	0.200	0.184	0.261	0.149	0.388	0.363	0.200	0.148	0.459	0.541	0.183	0.162	0.205	0.193	0.225	0.151
23:00:01	0.388	0.374	0.200	0.150	0.432	0.535	0.258	0.190	0.232	0.211	0.191	0.158	0.413	0.463	0.190	0.146	0.404	0.513	0.258	0.197	0.222	0.211	0.203	0.150	0.481	0.479	0.198	0.154	0.437	0.507	0.219	0.216	0.237	0.218	0.288	0.155	0.423	0.480	0.197	0.159	0.423	0.502	0.285	0.171	0.231	0.207	0.213	0.150	0.391	0.474	0.217	0.156	0.468	0.507	0.252	0.192	0.225	0.206	0.212	0.149	0.419	0.430	0.190	0.152	0.441	0.519	0.197	0.191	0.221	0.206	0.261	0.149	0.465	0.378	0.197	0.153	0.471	0.506	0.223	0.209	0.201	0.185	0.227	0.150	0.394	0.364	0.197	0.147	0.466	0.547	0.183	0.162	0.208	0.195	0.240	0.153
23:20:01	0.392	0.378	0.194	0.150	0.442	0.540	0.258	0.191	0.233	0.213	0.193	0.150	0.415	0.465	0.189	0.148	0.411	0.520	0.272	0.198	0.223	0.213	0.205	0.148	0.481	0.492	0.198	0.155	0.443	0.519	0.218	0.216	0.237	0.219	0.276	0.155	0.427	0.487	0.198	0.159	0.430	0.506	0.286	0.170	0.232	0.208	0.212	0.150	0.395	0.487	0.215	0.156	0.474	0.512	0.252	0.192	0.226	0.207	0.211	0.147	0.421	0.434	0.190	0.152	0.445	0.520	0.197	0.192	0.222	0.206	0.267	0.150	0.475	0.381	0.197	0.153	0.477	0.516	0.224	0.209	0.202	0.186	0.254	0.150	0.400	0.369	0.198	0.147	0.473	0.553	0.184	0.162	0.210	0.198	0.211	0.153
23:40:01	0.397	0.381	0.197	0.149	0.451	0.547	0.258	0.191	0.234	0.214	0.192	0.153	0.417	0.471	0.190	0.147	0.419	0.530	0.272	0.196	0.223	0.214	0.206	0.148	0.490	0.497	0.198	0.154	0.450	0.523	0.219	0.216	0.237	0.221	0.277	0.154	0.429	0.492	0.198	0.160	0.439	0.511	0.286	0.170	0.232	0.209	0.213	0.149	0.397	0.493	0.205	0.157	0.481	0.513	0.252	0.194	0.227	0.207	0.211	0.147	0.425	0.440	0.190	0.151	0.453	0.527	0.198	0.192	0.223	0.207	0.262	0.149	0.476	0.387	0.197	0.153	0.485	0.522	0.223	0.210	0.203	0.187	0.240	0.150	0.406	0.375	0.202	0.147	0.480	0.558	0.184	0.162	0.213	0.199	0.231	0.152
24:00:01	0.403	0.384	0.194	0.150	0.462	0.553	0.258	0.192	0.235	0.216	0.192	0.150	0.418	0.476	0.190	0.148	0.430	0.536	0.255	0.197	0.223	0.215	0.204	0.150	0.495	0.501	0.199	0.156	0.456	0.527	0.218	0.218	0.238	0.223	0.281	0.156	0.432	0.491	0.198	0.160	0.446	0.516	0.288	0.172	0.233	0.209	0.215	0.149	0.399	0.491	0.218	0.157	0.484	0.518	0.253	0.195	0.228	0.208	0.212	0.148	0.429	0.443	0.190	0.152	0.459	0.534	0.199	0.192	0.224	0.207	0.259	0.150	0.480	0.387	0.197	0.153	0.490	0.528	0.223	0.212	0.204	0.188	0.260	0.151	0.411	0.381	0.221	0.147	0.485	0.565	0.184	0.162	0.216	0.201	0.232	0.152
24:20:01	0.406	0.384	0.194	0.150	0.469	0.558	0.258	0.192	0.237	0.217	0.194	0.148	0.419	0.480	0.190	0.148	0.438	0.539	0.279	0.197	0.224	0.216	0.205	0.150	0.499	0.500	0.199	0.156	0.464	0.531	0.218	0.218	0.239	0.224	0.284	0.155	0.435	0.498	0.198	0.160	0.453	0.521	0.289	0.173	0.233	0.210	0.215	0.149	0.398	0.490	0.219	0.157	0.491	0.523	0.253	0.195	0.228	0.209	0.211	0.148	0.432	0.444	0.191	0.152	0.465	0.537	0.199	0.193	0.224	0.208	0.263	0.150	0.485	0.395	0.197	0.153	0.500	0.536	0.224	0.212	0.205	0.189	0.260	0.151	0.414	0.382	0.213	0.147	0.491	0.574	0.184	0.162	0.220	0.204	0.213	0.150
24:40:02	0.408	0.390	0.194	0.149	0.478	0.566	0.258	0.193	0.239	0.218	0.193	0.162	0.419	0.490	0.191	0.147	0.444	0.541	0.257	0.199	0.225	0.218	0.205	0.149	0.503	0.510	0.199	0.156	0.469	0.540	0.218	0.218	0.239	0.226	0.277	0.155	0.438	0.506	0.198	0.160	0.460	0.528	0.288	0.172	0.234	0.211	0.216	0.150	0.397	0.506	0.203	0.158	0.500	0.530	0.254	0.196	0.228	0.210	0.212	0.148	0.435	0.445	0.190	0.153	0.472	0.540	0.198	0.193	0.225	0.209	0.260	0.150	0.491	0.397	0.197	0.153	0.501	0.540	0.224	0.212	0.206	0.190	0.260	0.150	0.419	0.386	0.219	0.147	0.497	0.577	0.184	0.162	0.223	0.207	0.210	0.152
25:00:02	0.409	0.392	0.193	0.150	0.487	0.572	0.258	0.193	0.240	0.220	0.190	0.165	0.421	0.493	0.190	0.145	0.449	0.541	0.260	0.199	0.225	0.219	0.206	0.149	0.507	0.515	0.199	0.156	0.473	0.544	0.220	0.217	0.240	0.227	0.289	0.155	0.441	0.508	0.199	0.160	0.465	0.529	0.289	0.172	0.234	0.211	0.215	0.168	0.400	0.509	0.211	0.158	0.505	0.532	0.254	0.196	0.228	0.210	0.213	0.147	0.437	0.450	0.191	0.152	0.477	0.549	0.198	0.193	0.225	0.209	0.260	0.151	0.496	0.400	0.197	0.153	0.510	0.548	0.224	0.213	0.207	0.192	0.246	0.151	0.424	0.386	0.199	0.147	0.504	0.578	0.185	0.163	0.225	0.209	0.219	0.151
25:20:02	0.414	0.396	0.193	0.149	0.494	0.572	0.258	0.193	0.241	0.222	0.193	0.147	0.424	0.497	0.190	0.148	0.456	0.550	0.257	0.198	0.225	0.220	0.204	0.149	0.514	0.521	0.199	0.156	0.479	0.547	0.219	0.219	0.241	0.228	0.283	0.155	0.443	0.512	0.199	0.162	0.474	0.536	0.291	0.174	0.234	0.212	0.215	0.172	0.402	0.513	0.217	0.159	0.511	0.540	0.255	0.199	0.229	0.211	0.212	0.148	0.441	0.455	0.191	0.151	0.483	0.556	0.199	0.194	0.226	0.211	0.268	0.152	0.501	0.404	0.197	0.153	0.515	0.552	0.224	0.213	0.209	0.193	0.247	0.149	0.428	0.391	0.201	0.148	0.511	0.586	0.184	0.162	0.227	0.210	0.216	0.151
25:40:02	0.415	0.399	0.193	0.149	0.503	0.576	0.258	0.192	0.242	0.225	0.194	0.159	0.425	0.501	0.190	0.148	0.464	0.556	0.262	0.199	0.225	0.221	0.207	0.148	0.526	0.521	0.200	0.156	0.491	0.552	0.219	0.219	0.241	0.230	0.290	0.155	0.446	0.519	0.200	0.163	0.482	0.541	0.292	0.176	0.235	0.212	0.214	0.172	0.402	0.516	0.219	0.160	0.518	0.550	0.256	0.200	0.231	0.211	0.212	0.148	0.442	0.460	0.190	0.153	0.489	0.564	0.201	0.195	0.227	0.212	0.265	0.149	0.510	0.409	0.197	0.154	0.522	0.555	0.224	0.214	0.209	0.194	0.261	0.149	0.426	0.394	0.200	0.148	0.517	0.592	0.185	0.163	0.229	0.211	0.214	0.153
26:00:02	0.418	0.400	0.196	0.149	0.510	0.584	0.258	0.192	0.244	0.227	0.194	0.164	0.426	0.505	0.191	0.149	0.469	0.554	0.260	0.197	0.225	0.222	0.206	0.149	0.527	0.525	0.200	0.157	0.495	0.556	0.219	0.219	0.243	0.232	0.283	0.155	0.447	0.517	0.199	0.162	0.487	0.542	0.293	0.175	0.236	0.213	0.213	0.152	0.404	0.522	0.211	0.160	0.523	0.552	0.257	0.201	0.231	0.211	0.213	0.148	0.444	0.466	0.191	0.153	0.496	0.566	0.201	0.195	0.228	0.212	0.258	0.150	0.510	0.411	0.197	0.153	0.527	0.561	0.224	0.214	0.210	0.195	0.227	0.150	0.431	0.396	0.198	0.147	0.523	0.595	0.185	0.163	0.229	0.212	0.225	0.152
26:20:02	0.417	0.404	0.195	0.150	0.517	0.591	0.258	0.193	0.245	0.229	0.194	0.149	0.428	0.511	0.191	0.149	0.477	0.561	0.271	0.198	0.226	0.222	0.205	0.149	0.529	0.531	0.200	0.157	0.498	0.563	0.218	0.219	0.242	0.234	0.278	0.155	0.448	0.524	0.199	0.163	0.493	0.548	0.293	0.176	0.236	0.213	0.217	0.162	0.404	0.522	0.219	0.160	0.527	0.554	0.257	0.201	0.231	0.212	0.213	0.149	0.447	0.466	0.191	0.153	0.501	0.570	0.201	0.195	0.227	0.213	0.263	0.150	0.517	0.415	0.198	0.153	0.530	0.562	0.224	0.215	0.210	0.195	0.231	0.150	0.432	0.399	0.223	0.147	0.530	0.600	0.185	0.163	0.231	0.214	0.223	0.154
26:40:02	0.418	0.407	0.193	0.149	0.524	0.598	0.258	0.194	0.244	0.231	0.194	0.152	0.427	0.519	0.191	0.149	0.478	0.560	0.258	0.198	0.226	0.224	0.205	0.149	0.535	0.539	0.200	0.158	0.506	0.566	0.217	0.220	0.243	0.234	0.284	0.155	0.451	0.528	0.199	0.163	0.500	0.555	0.294	0.177	0.237	0.214	0.216	0.175	0.405	0.527	0.217	0.161	0.533	0.560	0.258	0.203	0.232	0.212	0.212	0.150	0.448	0.469	0.191	0.153	0.507	0.576	0.202	0.197	0.227	0.213	0.261	0.149	0.523	0.420	0.197	0.153	0.536	0.563	0.224	0.216	0.211	0.195	0.246	0.149	0.436	0.403	0.199	0.147	0.536	0.601	0.185	0.163	0.233	0.215	0.219	0.152
27:00:02	0.418	0.411	0.193	0.149	0.530	0.603	0.258	0.194	0.245	0.232	0.195	0.147	0.427	0.519	0.190	0.149	0.487	0.563	0.276	0.198	0.227	0.225	0.204	0.149	0.537	0.545	0.201	0.159	0.510	0.570	0.221	0.221	0.243	0.235	0.284	0.154	0.450	0.527	0.200	0.165	0.507	0.557	0.297	0.181	0.239	0.215	0.216	0.157	0.408	0.529	0.215	0.163	0.538	0.565	0.259	0.205	0.235	0.213	0.213	0.149	0.450	0.468	0.191	0.153	0.513	0.577	0.205	0.197	0.228	0.214	0.265	0.151	0.528	0.423	0.198	0.154	0.540	0.569	0.225	0.216	0.211	0.195	0.253	0.148	0.437	0.406	0.197	0.148	0.541	0.607	0.186	0.163	0.234	0.218	0.237	0.154
27:20:02	0.418	0.412	0.199	0.150	0.538	0.609	0.259	0.194	0.245	0.233	0.195	0.152	0.427	0.526	0.191	0.150	0.491	0.575	0.264	0.199	0.227	0.226	0.207	0.150	0.542	0.547	0.202	0.159	0.517	0.572	0.221	0.222	0.244	0.236	0.284	0.155	0.451	0.532	0.202	0.167	0.512	0.561	0.300	0.182	0.241	0.217	0.214	0.151	0.411	0.534	0.211	0.165	0.546	0.572	0.262	0.208	0.237	0.215	0.212	0.150	0.453	0.473	0.192	0.154	0.523	0.583	0.208	0.200	0.229	0.215	0.260	0.150	0.534	0.425	0.197	0.154	0.546	0.574	0.225	0.217	0.212	0.197	0.230	0.150	0.440	0.409	0.224	0.147	0.545	0.610	0.185	0.163	0.236	0.221	0.217	0.151
27:40:02	0.419	0.416	0.195	0.150	0.544	0.614	0.259	0.194	0.247	0.234	0.195	0.169	0.428	0.531	0.190	0.149	0.493	0.575	0.269	0.199	0.228	0.227	0.206	0.149	0.547	0.549	0.203	0.161	0.524	0.576	0.222	0.222	0.245	0.238	0.280	0.155	0.453	0.535	0.202	0.168	0.519	0.567	0.302	0.185	0.242	0.219	0.216	0.150	0.414	0.540	0.211	0.167	0.552	0.579	0.263	0.210	0.239	0.215	0.213	0.150	0.453	0.474	0.192	0.154	0.526	0.588	0.210	0.201	0.230	0.215	0.261	0.150	0.539	0.426	0.197	0.154	0.551	0.578	0.224	0.217	0.213	0.198	0.229	0.151	0.441	0.413	0.209	0.147	0.550	0.614	0.186	0.163	0.238	0.223	0.223	0.153
28:00:02	0.424	0.420	0.194	0.150	0.551	0.616	0.259	0.195	0.248	0.237	0.196	0.177	0.432	0.527	0.190	0.150	0.499	0.579	0.274	0.199	0.228	0.227	0.207	0.150	0.548	0.555	0.204	0.161	0.532	0.578	0.221	0.223	0.245	0.239	0.286	0.155	0.455	0.541	0.202	0.170	0.526	0.571	0.304	0.186	0.243	0.220	0.218	0.151	0.415	0.538	0.204	0.168	0.558	0.585	0.264	0.212	0.240	0.216	0.214	0.148	0.457	0.477	0.193	0.155	0.534	0.592	0.212	0.203	0.232	0.216	0.265	0.150	0.544	0.429	0.197	0.155	0.557	0.579	0.224	0.218	0.213	0.199	0.236	0.150	0.446	0.415	0.208	0.148	0.555	0.618	0.186	0.163	0.240	0.226	0.214	0.153
28:20:02	0.423	0.425	0.196	0.149	0.557	0.620	0.259	0.195	0.248	0.238	0.196	0.147	0.432	0.532	0.192	0.148	0.502	0.582	0.272	0.201	0.229	0.227	0.209	0.149	0.553	0.558	0.205	0.161	0.536	0.585	0.222	0.223	0.246	0.241	0.286	0.156	0.459	0.540	0.204	0.171	0.530	0.579	0.305	0.188	0.244	0.222	0.219	0.150	0.416	0.544	0.217	0.170	0.566	0.588	0.266	0.213	0.241	0.216	0.215	0.150	0.458	0.479	0.193	0.155	0.538	0.598	0.213	0.205	0.234	0.216	0.267	0.149	0.549	0.431	0.197	0.154	0.560	0.583	0.224	0.218	0.214	0.201	0.258	0.151	0.449	0.421	0.210	0.147	0.560	0.623	0.186	0.163	0.241	0.228	0.220	0.153
28:40:02	0.425	0.424	0.193	0.150	0.564	0.623	0.259	0.195	0.249	0.240	0.196	0.146	0.435	0.536	0.191	0.150	0.509	0.582	0.260	0.200	0.230	0.229	0.208	0.150	0.557	0.559	0.206	0.163	0.541	0.589	0.223	0.224	0.246	0.241	0.283	0.155	0.462	0.550	0.205	0.172	0.537	0.590	0.307	0.190	0.246	0.224	0.217	0.152	0.417	0.552	0.218	0.171	0.570	0.592	0.268	0.215	0.243	0.218	0.214	0.150	0.460	0.478	0.193	0.156	0.549	0.603	0.214	0.207	0.235	0.217	0.269	0.154	0.551	0.434	0.198	0.155	0.566	0.587	0.225	0.218	0.215	0.202	0.227	0.150	0.451	0.422	0.201	0.148	0.566	0.624	0.186	0.163	0.243	0.230	0.219	0.154
29:00:02	0.426	0.428	0.194	0.150	0.570	0.632	0.259	0.194	0.250	0.242	0.197	0.167	0.438	0.536	0.191	0.151	0.513	0.591	0.271	0.200	0.230	0.229	0.209	0.150	0.559	0.566	0.206	0.163	0.547	0.596	0.222	0.224	0.247	0.243	0.286	0.155	0.465	0.554	0.206	0.173	0.543	0.592	0.308	0.192	0.247	0.225	0.220	0.169	0.419	0.545	0.213	0.171	0.576	0.598	0.269	0.216	0.243	0.219	0.215	0.149	0.463	0.480	0.193	0.157	0.554	0.605	0.215	0.207	0.236	0.218	0.260	0.149	0.555	0.433	0.198	0.155	0.570	0.592	0.225	0.218	0.215	0.203	0.245	0.149	0.455	0.426	0.223	0.147	0.570	0.630	0.186	0.163	0.244	0.232	0.220	0.151
29:20:02	0.428	0.432	0.198	0.150	0.576	0.632	0.262	0.197	0.251	0.244	0.197	0.153	0.441	0.544	0.193	0.151	0.520	0.591	0.271	0.202	0.231	0.231	0.209	0.151	0.564	0.563	0.209	0.164	0.552	0.601	0.223	0.226	0.248	0.243	0.287	0.156	0.468	0.560	0.208	0.174	0.550	0.599	0.311	0.192	0.247	0.225	0.217	0.151	0.420	0.557	0.225	0.172	0.580	0.604	0.269	0.217	0.243	0.219	0.215	0.148	0.463	0.481	0.194	0.156	0.559	0.610	0.217	0.210	0.236	0.219	0.275	0.149	0.559	0.434	0.199	0.155	0.575	0.596	0.225	0.215	0.212	0.201	0.239	0.150	0.456	0.427	0.220	0.148	0.578	0.636	0.186	0.163	0.243	0.231	0.220	0.154
29:40:02	0.430	0.432	0.198	0.150	0.581	0.633	0.259	0.194	0.251	0.246	0.198	0.153	0.441	0.546	0.191	0.150	0.525	0.598	0.267	0.198	0.231	0.231	0.205	0.149	0.569	0.568	0.207	0.164	0.556	0.604	0.222	0.224	0.248	0.244	0.285	0.155	0.469	0.559	0.206	0.174	0.556	0.596	0.310	0.193	0.246	0.225	0.218	0.150	0.422	0.555	0.212	0.172	0.584	0.608	0.270	0.218	0.243	0.220	0.213	0.149	0.465	0.483	0.193	0.156	0.563	0.611	0.216	0.207	0.236	0.220	0.271	0.154	0.560	0.440	0.198	0.155	0.580	0.597	0.225	0.219	0.216	0.205	0.244	0.150	0.459	0.431	0.220	0.147	0.583	0.639	0.187	0.163	0.247	0.235	0.235	0.150
30:00:02	0.432	0.437	0.197	0.149	0.586	0.637	0.259	0.195	0.252	0.247	0.198	0.145	0.444	0.544	0.190	0.150	0.524	0.598	0.264	0.200	0.232	0.232	0.207	0.150	0.571	0.573	0.206	0.162	0.560	0.605	0.222	0.224	0.248	0.245	0.279	0.155	0.470	0.562	0.204	0.172	0.558	0.601	0.310	0.190	0.246	0.225	0.217	0.158	0.420	0.555	0.209	0.172	0.588	0.607	0.269	0.217	0.243	0.220	0.214	0.149	0.467	0.486	0.193	0.156	0.565	0.618	0.215	0.206	0.236	0.222	0.256	0.149	0.571	0.443	0.197	0.154	0.585	0.598	0.225	0.219	0.216	0.207	0.230	0.148	0.459	0.432	0.219	0.147	0.589	0.642	0.186	0.163	0.248	0.237	0.239	0.146
30:20:02	0.432	0.440	0.195	0.150	0.591	0.643	0.259	0.194	0.253	0.249	0.197	0.145	0.444	0.553	0.191	0.150	0.529	0.603	0.266	0.200	0.233	0.233	0.207	0.150	0.578	0.573	0.206	0.162	0.561	0.607	0.222	0.224	0.248	0.247	0.286	0.155	0.471	0.562	0.204	0.171	0.561	0.602	0.310	0.190	0.246	0.226	0.218	0.169	0.423	0.564	0.209	0.171	0.592	0.610	0.269	0.217	0.242	0.220	0.215	0.147	0.468	0.489	0.193	0.156	0.570	0.617	0.214	0.205	0.236	0.223	0.273	0.152	0.574	0.446	0.197	0.154	0.588	0.602	0.225	0.219	0.217	0.208	0.263	0.150	0.464	0.435	0.212	0.148	0.594	0.645	0.186	0.163	0.250	0.239	0.240	0.146
30:40:02	0.437	0.443	0.193	0.149	0.596	0.646	0.259	0.195	0.254	0.250	0.197	0.145	0.446	0.554	0.190	0.150	0.532	0.606	0.269	0.198	0.233	0.234	0.208	0.149	0.585	0.581	0.205	0.163	0.568	0.608	0.221	0.224	0.248	0.247	0.285	0.155	0.474	0.567	0.204	0.171	0.567	0.605	0.309	0.189	0.245	0.226	0.220	0.174	0.426	0.568	0.209	0.170	0.596	0.613	0.268	0.216	0.242	0.221	0.215	0.147	0.471	0.490	0.193	0.157	0.574	0.621	0.213	0.205	0.236	0.223	0.263	0.151	0.582	0.449	0.197	0.154	0.592	0.606	0.225	0.219	0.218	0.209	0.234	0.150	0.465	0.438	0.216	0.147	0.598	0.649	0.186	0.163	0.251	0.241	0.243	0.146
31:00:02	0.440	0.443	0.193	0.149	0.601	0.649	0.259	0.194	0.254	0.251	0.199	0.147	0.447	0.558	0.191	0.150	0.538	0.609	0.270	0.199	0.233	0.235	0.209	0.149	0.583	0.584	0.204	0.163	0.572	0.615	0.222	0.224	0.248	0.249	0.284	0.155	0.473	0.568	0.204	0.170	0.569	0.607	0.307	0.186	0.245	0.227	0.218	0.149	0.431	0.564	0.216	0.170	0.600	0.615	0.267	0.215	0.243	0.221	0.214	0.147	0.472	0.492	0.193	0.156	0.577	0.620	0.214	0.204	0.237	0.224	0.264	0.156	0.582	0.452	0.197	0.154	0.597	0.609	0.225	0.219	0.218	0.210	0.228	0.149	0.467	0.442	0.198	0.148	0.605	0.652	0.186	0.163	0.252	0.242	0.230	0.146
31:20:02	0.440	0.447	0.194	0.150	0.605	0.653	0.258	0.195	0.255	0.252	0.199	0.147	0.450	0.558	0.190	0.150	0.541	0.610	0.268	0.198	0.233	0.236	0.209	0.150	0.590	0.585	0.204	0.162	0.576	0.615	0.221	0.224	0.249	0.249	0.281	0.155	0.474	0.573	0.203	0.170	0.572	0.604	0.306	0.185	0.245	0.227	0.220	0.156	0.432	0.574	0.222	0.169	0.603	0.618	0.266	0.215	0.242	0.222	0.214	0.149	0.472	0.495	0.193	0.157	0.582	0.623	0.213	0.203	0.237	0.225	0.262	0.149	0.588	0.455	0.198	0.154	0.599	0.614	0.225	0.220	0.219	0.211	0.243	0.150	0.471	0.442	0.197	0.148	0.609	0.658	0.186	0.163	0.253	0.244	0.225	0.146
31:40:02	0.443	0.451	0.200	0.149	0.610	0.656	0.258	0.195	0.255	0.253	0.200	0.172	0.450	0.563	0.191	0.149	0.545	0.608	0.266	0.200	0.233	0.237	0.208	0.149	0.592	0.583	0.204	0.162	0.582	0.618	0.221	0.224	0.249	0.250	0.281	0.155	0.476	0.575	0.202	0.170	0.576	0.599	0.305	0.185	0.245	0.227	0.221	0.151	0.435	0.582	0.207	0.168	0.606	0.620	0.265	0.214	0.242	0.223	0.215	0.149	0.472	0.498	0.192	0.156	0.585	0.626	0.212	0.203	0.238	0.225	0.263	0.156	0.586	0.458	0.198	0.154	0.604	0.614	0.225	0.220	0.219	0.212	0.261	0.149	0.475	0.445	0.206	0.147	0.616	0.660	0.186	0.163	0.254	0.246	0.242	0.146
32:00:02	0.445	0.452	0.193	0.149	0.614	0.659	0.259	0.194	0.256	0.254	0.200	0.148	0.452	0.564	0.191	0.150	0.549	0.612	0.270	0.197	0.233	0.238	0.207	0.150	0.598	0.587	0.203	0.162	0.583	0.622	0.221	0.224	0.249	0.251	0.285	0.156	0.478	0.571	0.202	0.168	0.580	0.599	0.304	0.184	0.244	0.228	0.219	0.172	0.437	0.575	0.211	0.168	0.609	0.621	0.264	0.214	0.242	0.224	0.216	0.147	0.476	0.498	0.193	0.156	0.590	0.627	0.212	0.202	0.237	0.226	0.265	0.149	0.592	0.459	0.197	0.154	0.607	0.614	0.225	0.220	0.220	0.213	0.253	0.149	0.478	0.448	0.197	0.147	0.621	0.664	0.186	0.163	0.255	0.247	0.243	0.147
32:20:02	0.448	0.453	0.193	0.149	0.620	0.662	0.258	0.195	0.256	0.255	0.200	0.149	0.453	0.569	0.192	0.150	0.553	0.616	0.264	0.198	0.234	0.239	0.208	0.149	0.601	0.589	0.203	0.162	0.589	0.627	0.221	0.225	0.249	0.251	0.285	0.155	0.478	0.582	0.203	0.169	0.584	0.603	0.303	0.183	0.245	0.229	0.218	0.170	0.437	0.582	0.222	0.168	0.614	0.623	0.264	0.214	0.243	0.225	0.215	0.148	0.479	0.502	0.193	0.157	0.594	0.631	0.212	0.203	0.238	0.228	0.255	0.150	0.594	0.459	0.197	0.154	0.611	0.621	0.225	0.220	0.220	0.214	0.232	0.149	0.482	0.451	0.198	0.147	0.626	0.667	0.186	0.163	0.257	0.249	0.227	0.146
32:40:02	0.449	0.457	0.193	0.149	0.624	0.663	0.258	0.195	0.257	0.257	0.200	0.149	0.457	0.573	0.190	0.150	0.560	0.617	0.274	0.198	0.234	0.239	0.209	0.150	0.603	0.592	0.204	0.162	0.595	0.626	0.221	0.224	0.250	0.252	0.285	0.155	0.480	0.582	0.203	0.168	0.589	0.605	0.304	0.183	0.245	0.230	0.222	0.177	0.439	0.587	0.222	0.169	0.617	0.627	0.264	0.215	0.243	0.225	0.216	0.148	0.479	0.502	0.193	0.156	0.597	0.632	0.212	0.203	0.237	0.229	0.269	0.149	0.600	0.462	0.197	0.154	0.614	0.622	0.225	0.220	0.221	0.216	0.239	0.149	0.483	0.452	0.215	0.148	0.631	0.671	0.186	0.163	0.258	0.251	0.232	0.147
33:00:02	0.453	0.456	0.194	0.150	0.628	0.666	0.259	0.195	0.257	0.258	0.201	0.179	0.458	0.574	0.192	0.149	0.562	0.618	0.261	0.198	0.234	0.239	0.210	0.150	0.605	0.595	0.203	0.162	0.597	0.629	0.220	0.225	0.250	0.253	0.286	0.155	0.482	0.580	0.203	0.168	0.590	0.607	0.303	0.183	0.244	0.230	0.219	0.150	0.443	0.582	0.213	0.167	0.620	0.632	0.263	0.214	0.243	0.225	0.214	0.147	0.481	0.504	0.193	0.157	0.601	0.635	0.211	0.203	0.237	0.229	0.273	0.153	0.606	0.463	0.198	0.154	0.619	0.620	0.225	0.220	0.221	0.216	0.247	0.147	0.484	0.455	0.222	0.147	0.634	0.674	0.186	0.163	0.259	0.252	0.228	0.146
33:20:02	0.454	0.461	0.194	0.150	0.632	0.666	0.258	0.195	0.257	0.259	0.201	0.181	0.460	0.580	0.192	0.150	0.569	0.620	0.273	0.198	0.234	0.240	0.210	0.150	0.610	0.599	0.204	0.163	0.601	0.632	0.221	0.224	0.250	0.254	0.282	0.155	0.482	0.586	0.203	0.169	0.596	0.609	0.301	0.183	0.245	0.231	0.219	0.150	0.446	0.580	0.212	0.168	0.625	0.631	0.263	0.215	0.244	0.226	0.212	0.149	0.483	0.506	0.193	0.157	0.604	0.635	0.212	0.203	0.236	0.230	0.261	0.154	0.601	0.465	0.197	0.154	0.623	0.624	0.225	0.221	0.222	0.218	0.254	0.149	0.486	0.458	0.195	0.148	0.639	0.676	0.186	0.163	0.260	0.254	0.234	0.147
33:40:02	0.457	0.462	0.193	0.150	0.636	0.673	0.258	0.195	0.258	0.260	0.201	0.147	0.462	0.579	0.190	0.149	0.572	0.622	0.266	0.198	0.234	0.241	0.209	0.150	0.612	0.596	0.203	0.162	0.604	0.634	0.221	0.224	0.250	0.254	0.285	0.155	0.484	0.589	0.202	0.169	0.597	0.611	0.302	0.183	0.245	0.232	0.222	0.150	0.445	0.585	0.211	0.168	0.628	0.631	0.263	0.215	0.244	0.226	0.216	0.149	0.485	0.507	0.193	0.157	0.610	0.637	0.212	0.202	0.237	0.230	0.259	0.152	0.612	0.471	0.198	0.154	0.628	0.628	0.224	0.221	0.223	0.219	0.257	0.149	0.489	0.462	0.195	0.147	0.642	0.678	0.187	0.163	0.261	0.256	0.242	0.147
34:00:02	0.460	0.466	0.194	0.150	0.643	0.676	0.261	0.197	0.260	0.261	0.203	0.184	0.463	0.582	0.192	0.150	0.577	0.625	0.272	0.201	0.234	0.242	0.208	0.151	0.615	0.604	0.205	0.162	0.610	0.635	0.221	0.226	0.250	0.255	0.287	0.156	0.486	0.592	0.204	0.169	0.603	0.615	0.304	0.183	0.245	0.232	0.223	0.182	0.449	0.589	0.224	0.168	0.630	0.635	0.263	0.215	0.244	0.226	0.217	0.150	0.486	0.508	0.193	0.156	0.614	0.639	0.213	0.205	0.237	0.229	0.263	0.151	0.608	0.473	0.198	0.154	0.629	0.631	0.225	0.217	0.220	0.218	0.237	0.150	0.492	0.462	0.209	0.148	0.645	0.681	0.187	0.163	0.261	0.256	0.234	0.154
34:20:02	0.465	0.467	0.193	0.149	0.645	0.682	0.261	0.197	0.261	0.262	0.203	0.154	0.469	0.583	0.191	0.150	0.584	0.630	0.272	0.199	0.235	0.242	0.210	0.150	0.619	0.608	0.204	0.162	0.613	0.639	0.221	0.227	0.251	0.256	0.287	0.154	0.490	0.593	0.202	0.169	0.608	0.620	0.304	0.182	0.245	0.232	0.222	0.150	0.455	0.585	0.224	0.168	0.636	0.635	0.264	0.216	0.244	0.227	0.216	0.147	0.490	0.512	0.194	0.157	0.618	0.643	0.212	0.203	0.239	0.232	0.262	0.150	0.619	0.478	0.198	0.154	0.635	0.639	0.226	0.219	0.224	0.221	0.257	0.149	0.496	0.468	0.209	0.146	0.650	0.685	0.187	0.163	0.265	0.260	0.247	0.147
34:40:02	0.463	0.466	0.198	0.150	0.649	0.685	0.259	0.194	0.261	0.263	0.203	0.172	0.468	0.582	0.190	0.149	0.583	0.628	0.273	0.197	0.234	0.242	0.209	0.150	0.618	0.614	0.203	0.163	0.617	0.639	0.221	0.224	0.251	0.257	0.288	0.155	0.489	0.592	0.203	0.169	0.609	0.619	0.303	0.183	0.245	0.233	0.223	0.154	0.454	0.597	0.209	0.169	0.638	0.640	0.263	0.216	0.244	0.228	0.215	0.148	0.490	0.510	0.192	0.158	0.620	0.645	0.213	0.203	0.239	0.232	0.274	0.150	0.619	0.477	0.198	0.154	0.638	0.639	0.224	0.222	0.225	0.223	0.245	0.149	0.496	0.468	0.197	0.147	0.655	0.690	0.187	0.163	0.264	0.260	0.251	0.149
35:00:02	0.465	0.468	0.193	0.149	0.655	0.688	0.258	0.195	0.261	0.263	0.203	0.173	0.469	0.584	0.190	0.150	0.590	0.632	0.275	0.198	0.234	0.242	0.210	0.150	0.620	0.604	0.204	0.163	0.618	0.639	0.220	0.224	0.251	0.258	0.286	0.156	0.490	0.603	0.203	0.169	0.613	0.622	0.303	0.183	0.245	0.234	0.221	0.150	0.455	0.600	0.217	0.169	0.642	0.638	0.263	0.217	0.245	0.228	0.214	0.148	0.493	0.514	0.193	0.158	0.623	0.645	0.213	0.204	0.239	0.233	0.273	0.150	0.622	0.479	0.198	0.154	0.640	0.640	0.224	0.222	0.226	0.223	0.244	0.148	0.498	0.470	0.196	0.148	0.657	0.689	0.187	0.163	0.265	0.262	0.240	0.151
35:20:02	0.468	0.470	0.192	0.150	0.659	0.690	0.258	0.194	0.262	0.264	0.204	0.153	0.472	0.594	0.191	0.149	0.589	0.631	0.256	0.198	0.234	0.243	0.209	0.151	0.625	0.612	0.203	0.163	0.623	0.641	0.220	0.225	0.251	0.258	0.287	0.155	0.491	0.599	0.203	0.169	0.616	0.622	0.302	0.183	0.245	0.234	0.221	0.170	0.458	0.605	0.219	0.169	0.645	0.638	0.263	0.217	0.245	0.228	0.214	0.150	0.494	0.516	0.193	0.158	0.625	0.649	0.213	0.204	0.239	0.234	0.267	0.156	0.632	0.478	0.198	0.154	0.646	0.642	0.225	0.222	0.227	0.224	0.213	0.149	0.502	0.470	0.205	0.148	0.662	0.695	0.187	0.163	0.267	0.264	0.251	0.152
35:40:02	0.474	0.474	0.195	0.150	0.664	0.696	0.263	0.200	0.265	0.266	0.206	0.162	0.477	0.598	0.192	0.151	0.600	0.639	0.279	0.203	0.236	0.244	0.211	0.154	0.633	0.610	0.206	0.164	0.627	0.646	0.221	0.230	0.252	0.259	0.291	0.155	0.495	0.597	0.205	0.169	0.621	0.627	0.306	0.184	0.245	0.234	0.223	0.168	0.461	0.606	0.218	0.169	0.648	0.645	0.263	0.216	0.245	0.228	0.217	0.150	0.497	0.518	0.195	0.157	0.630	0.651	0.213	0.206	0.240	0.234	0.270	0.154	0.625	0.482	0.198	0.154	0.649	0.648	0.226	0.216	0.225	0.222	0.255	0.149	0.504	0.470	0.206	0.146	0.667	0.699	0.187	0.164	0.268	0.266	0.243	0.149
36:00:02	0.473	0.475	0.194	0.149	0.669	0.694	0.258	0.194	0.264	0.266	0.205	0.152	0.474	0.592	0.190	0.150	0.598	0.635	0.262	0.198	0.235	0.244	0.209	0.151	0.631	0.614	0.204	0.163	0.631	0.648	0.221	0.225	0.251	0.260	0.283	0.155	0.494	0.607	0.202	0.169	0.625	0.630	0.303	0.183	0.245	0.235	0.222	0.162	0.460	0.596	0.223	0.168	0.651	0.641	0.263	0.217	0.245	0.230	0.216	0.150	0.497	0.519	0.192	0.158	0.633	0.649	0.214	0.203	0.240	0.235	0.272	0.154	0.631	0.482	0.198	0.154	0.652	0.646	0.225	0.222	0.228	0.226	0.243	0.148	0.505	0.473	0.220	0.146	0.671	0.701	0.187	0.163	0.270	0.268	0.237	0.152
36:20:02	0.475	0.477	0.194	0.149	0.673	0.693	0.258	0.194	0.265	0.267	0.206	0.153	0.476	0.597	0.190	0.149	0.604	0.640	0.273	0.197	0.235	0.244	0.209	0.152	0.624	0.614	0.203	0.163	0.634	0.648	0.222	0.225	0.251	0.261	0.287	0.155	0.497	0.610	0.203	0.169	0.627	0.632	0.302	0.183	0.246	0.236	0.222	0.174	0.463	0.603	0.211	0.169	0.655	0.645	0.263	0.217	0.245	0.230	0.214	0.148	0.497	0.520	0.193	0.158	0.637	0.651	0.213	0.203	0.240	0.236	0.273	0.157	0.629	0.486	0.198	0.154	0.656	0.648	0.224	0.222	0.228	0.228	0.239	0.149	0.509	0.478	0.206	0.148	0.674	0.706	0.187	0.163	0.270	0.270	0.243	0.155
36:40:02	0.477	0.479	0.197	0.150	0.677	0.695	0.258	0.194	0.266	0.268	0.206	0.155	0.478	0.598	0.193	0.149	0.607	0.639	0.272	0.197	0.235	0.245	0.210	0.152	0.632	0.623	0.204	0.164	0.637	0.648	0.221	0.225	0.251	0.261	0.289	0.155	0.498	0.605	0.202	0.169	0.631	0.633	0.303	0.184	0.246	0.236	0.221	0.161	0.466	0.606	0.208	0.168	0.658	0.642	0.263	0.218	0.245	0.231	0.216	0.150	0.500	0.520	0.193	0.158	0.640	0.645	0.213	0.205	0.241	0.236	0.260	0.152	0.632	0.485	0.197	0.154	0.657	0.650	0.225	0.222	0.229	0.229	0.264	0.149	0.509	0.478	0.197	0.148	0.677	0.710	0.188	0.163	0.272	0.272	0.242	0.154
37:00:02	0.478	0.481	0.192	0.149	0.680	0.698	0.258	0.194	0.267	0.268	0.207	0.152	0.480	0.604	0.190	0.158	0.610	0.641	0.269	0.197	0.235	0.245	0.209	0.152	0.632	0.618	0.204	0.162	0.640	0.650	0.221	0.225	0.252	0.262	0.287	0.155	0.499	0.599	0.203	0.169	0.635	0.635	0.303	0.184	0.246	0.236	0.221	0.158	0.468	0.621	0.209	0.169	0.662	0.648	0.263	0.218	0.245	0.231	0.214	0.150	0.502	0.522	0.193	0.158	0.645	0.645	0.213	0.203	0.240	0.237	0.265	0.151	0.632	0.489	0.198	0.154	0.659	0.650	0.225	0.223	0.229	0.230	0.210	0.149	0.512	0.481	0.203	0.146	0.682	0.714	0.187	0.163	0.273	0.273	0.240	0.156
37:20:02	0.480	0.483	0.194	0.150	0.682	0.695	0.258	0.194	0.267	0.268	0.207	0.162	0.480	0.602	0.191	0.148	0.614	0.640	0.273	0.196	0.236	0.246	0.212	0.153	0.635	0.628	0.203	0.164	0.642	0.649	0.221	0.225	0.251	0.262	0.286	0.155	0.500	0.603	0.202	0.169	0.635	0.636	0.303	0.183	0.246	0.237	0.223	0.159	0.472	0.618	0.208	0.168	0.667	0.656	0.263	0.218	0.245	0.231	0.217	0.150	0.503	0.522	0.192	0.158	0.646	0.646	0.213	0.203	0.240	0.238	0.259	0.152	0.641	0.487	0.197	0.154	0.666	0.645	0.225	0.223	0.230	0.230	0.246	0.148	0.513	0.482	0.205	0.147	0.687	0.712	0.187	0.163	0.274	0.275	0.239	0.172
37:40:02	0.482	0.485	0.194	0.150	0.687	0.697	0.259	0.194	0.268	0.269	0.208	0.162	0.483	0.604	0.190	0.147	0.616	0.641	0.274	0.195	0.236	0.246	0.210	0.154	0.633	0.632	0.204	0.164	0.647	0.656	0.221	0.225	0.251	0.263	0.283	0.156	0.501	0.606	0.203	0.169	0.642	0.639	0.304	0.184	0.246	0.238	0.224	0.163	0.473	0.619	0.215	0.168	0.669	0.661	0.263	0.218	0.246	0.232	0.217	0.151	0.503	0.524	0.193	0.159	0.650	0.651	0.215	0.205	0.240	0.239	0.260	0.153	0.641	0.491	0.198	0.154	0.669	0.640	0.225	0.223	0.230	0.232	0.230	0.149	0.515	0.483	0.208	0.148	0.688	0.716	0.188	0.163	0.274	0.276	0.257	0.156
38:00:02	0.483	0.487	0.193	0.150	0.690	0.697	0.259	0.194	0.268	0.269	0.208	0.154	0.484	0.603	0.190	0.147	0.621	0.633	0.270	0.195	0.236	0.246	0.211	0.155	0.631	0.631	0.204	0.165	0.651	0.655	0.221	0.225	0.252	0.263	0.289	0.156	0.502	0.619	0.203	0.170	0.643	0.646	0.304	0.184	0.246	0.238	0.223	0.163	0.475	0.628	0.226	0.169	0.672	0.656	0.263	0.219	0.246	0.233	0.218	0.150	0.504	0.524	0.194	0.159	0.654	0.660	0.215	0.205	0.241	0.239	0.258	0.152	0.639	0.492	0.198	0.154	0.670	0.652	0.225	0.223	0.231	0.232	0.231	0.149	0.516	0.486	0.197	0.148	0.693	0.717	0.187	0.163	0.275	0.278	0.241	0.158
38:20:02	0.486	0.488	0.193	0.150	0.693	0.702	0.259	0.194	0.269	0.270	0.209	0.185	0.486	0.614	0.190	0.149	0.622	0.646	0.271	0.196	0.236	0.247	0.210	0.154	0.633	0.628	0.204	0.165	0.653	0.658	0.221	0.225	0.252	0.264	0.289	0.155	0.502	0.617	0.203	0.169	0.645	0.650	0.304	0.184	0.246	0.239	0.224	0.167	0.479	0.627	0.225	0.169	0.673	0.660	0.264	0.219	0.245	0.233	0.217	0.152	0.506	0.526	0.193	0.159	0.655	0.657	0.214	0.205	0.240	0.240	0.274	0.155	0.638	0.493	0.197	0.154	0.671	0.663	0.225	0.223	0.231	0.232	0.265	0.149	0.519	0.489	0.198	0.147	0.696	0.720	0.188	0.163	0.276	0.278	0.241	0.160
38:40:02	0.488	0.491	0.198	0.150	0.697	0.705	0.259	0.193	0.270	0.271	0.210	0.187	0.487	0.616	0.190	0.150	0.627	0.645	0.271	0.196	0.236	0.247	0.211	0.156	0.638	0.634	0.205	0.165	0.656	0.665	0.221	0.225	0.252	0.264	0.287	0.157	0.503	0.621	0.204	0.171	0.650	0.655	0.304	0.184	0.247	0.240	0.224	0.174	0.482	0.626	0.216	0.170	0.677	0.656	0.263	0.220	0.246	0.234	0.216	0.151	0.508	0.527	0.193	0.160	0.660	0.669	0.215	0.205	0.241	0.240	0.264	0.153	0.645	0.496	0.197	0.154	0.676	0.669	0.225	0.223	0.231	0.233	0.238	0.149	0.522	0.492	0.207	0.147	0.697	0.721	0.187	0.163	0.278	0.280	0.243	0.160
39:00:02	0.490	0.491	0.193	0.149	0.699	0.707	0.259	0.194	0.271	0.271	0.210	0.174	0.490	0.616	0.192	0.148	0.625	0.651	0.261	0.196	0.236	0.248	0.212	0.156	0.632	0.636	0.204	0.165	0.659	0.656	0.221	0.226	0.253	0.265	0.289	0.155	0.505	0.619	0.203	0.170	0.651	0.657	0.304	0.183	0.247	0.240	0.224	0.179	0.484	0.633	0.218	0.169	0.680	0.661	0.263	0.219	0.246	0.234	0.215	0.152	0.510	0.530	0.193	0.159	0.662	0.675	0.215	0.205	0.241	0.241	0.272	0.154	0.646	0.497	0.198	0.154	0.676	0.668	0.225	0.223	0.232	0.233	0.238	0.148	0.525	0.496	0.197	0.147	0.702	0.725	0.187	0.163	0.279	0.282	0.253	0.165
39:20:02	0.493	0.492	0.197	0.149	0.703	0.706	0.260	0.194	0.272	0.272	0.210	0.181	0.490	0.616	0.192	0.149	0.632	0.656	0.275	0.194	0.237	0.248	0.212	0.156	0.636	0.638	0.204	0.164	0.662	0.658	0.220	0.225	0.253	0.265	0.290	0.156	0.507	0.620	0.203	0.169	0.654	0.664	0.304	0.183	0.247	0.240	0.224	0.170	0.486	0.633	0.218	0.169	0.680	0.664	0.264	0.219	0.246	0.234	0.217	0.152	0.511	0.532	0.192	0.159	0.665	0.676	0.215	0.204	0.240	0.242	0.262	0.154	0.655	0.500	0.198	0.154	0.679	0.661	0.225	0.223	0.233	0.234	0.235	0.150	0.527	0.497	0.202	0.148	0.705	0.726	0.187	0.163	0.279	0.283	0.251	0.162
39:40:02	0.495	0.494	0.199	0.149	0.707	0.703	0.259	0.193	0.272	0.273	0.211	0.172	0.493	0.625	0.191	0.147	0.631	0.646	0.262	0.196	0.237	0.248	0.212	0.157	0.638	0.640	0.203	0.164	0.664	0.662	0.221	0.225	0.252	0.265	0.288	0.156	0.509	0.628	0.201	0.167	0.654	0.658	0.302	0.181	0.245	0.240	0.225	0.180	0.487	0.635	0.221	0.167	0.679	0.667	0.262	0.217	0.245	0.234	0.215	0.152	0.510	0.531	0.193	0.159	0.661	0.673	0.211	0.202	0.240	0.241	0.257	0.156	0.656	0.503	0.197	0.154	0.684	0.669	0.225	0.223	0.232	0.234	0.220	0.149	0.528	0.496	0.200	0.148	0.708	0.726	0.187	0.163	0.280	0.283	0.249	0.162
40:00:02	0.497	0.497	0.198	0.149	0.711	0.712	0.260	0.193	0.273	0.274	0.212	0.197	0.495	0.615	0.190	0.149	0.631	0.651	0.271	0.196	0.237	0.249	0.213	0.156	0.648	0.639	0.203	0.164	0.666	0.663	0.220	0.225	0.253	0.266	0.288	0.156	0.511	0.621	0.201	0.167	0.660	0.660	0.301	0.181	0.245	0.240	0.225	0.173	0.487	0.638	0.216	0.166	0.684	0.666	0.261	0.217	0.245	0.234	0.215	0.152	0.512	0.532	0.192	0.158	0.666	0.677	0.212	0.203	0.240	0.242	0.269	0.154	0.656	0.505	0.198	0.154	0.687	0.672	0.225	0.223	0.233	0.234	0.250	0.149	0.531	0.496	0.197	0.147	0.711	0.728	0.187	0.163	0.280	0.283	0.261	0.162
40:20:02	0.500	0.498	0.191	0.149	0.714	0.713	0.259	0.193	0.273	0.274	0.213	0.169	0.497	0.623	0.190	0.148	0.640	0.660	0.276	0.195	0.238	0.249	0.212	0.156	0.651	0.633	0.203	0.164	0.670	0.661	0.220	0.225	0.253	0.266	0.287	0.156	0.513	0.624	0.201	0.167	0.657	0.659	0.300	0.179	0.245	0.240	0.222	0.161	0.491	0.640	0.208	0.166	0.687	0.667	0.260	0.217	0.244	0.235	0.218	0.150	0.515	0.533	0.193	0.159	0.670	0.675	0.213	0.202	0.240	0.243	0.277	0.155	0.661	0.505	0.197	0.154	0.684	0.671	0.225	0.223	0.233	0.235	0.258	0.149	0.534	0.497	0.198	0.147	0.714	0.724	0.188	0.163	0.281	0.285	0.259	0.183
40:40:02	0.503	0.498	0.194	0.149	0.717	0.716	0.259	0.193	0.274	0.274	0.213	0.183	0.498	0.619	0.191	0.148	0.637	0.655	0.258	0.195	0.237	0.250	0.212	0.157	0.655	0.628	0.202	0.164	0.671	0.673	0.221	0.225	0.253	0.266	0.289	0.156	0.513	0.624	0.201	0.166	0.658	0.649	0.299	0.180	0.245	0.240	0.224	0.163	0.489	0.628	0.214	0.166	0.688	0.665	0.259	0.216	0.244	0.235	0.215	0.152	0.514	0.534	0.193	0.158	0.666	0.675	0.211	0.202	0.240	0.243	0.260	0.162	0.669	0.505	0.198	0.154	0.685	0.669	0.225	0.223	0.233	0.235	0.253	0.148	0.536	0.498	0.222	0.147	0.714	0.728	0.187	0.163	0.282	0.286	0.250	0.165
41:00:02	0.505	0.501	0.197	0.149	0.719	0.712	0.260	0.192	0.274	0.275	0.213	0.174	0.500	0.624	0.189	0.148	0.643	0.658	0.264	0.194	0.238	0.250	0.214	0.157	0.653	0.629	0.202	0.163	0.671	0.664	0.220	0.225	0.253	0.266	0.287	0.156	0.516	0.628	0.201	0.166	0.663	0.650	0.300	0.178	0.244	0.241	0.223	0.162	0.493	0.626	0.223	0.166	0.692	0.666	0.259	0.216	0.244	0.235	0.217	0.151	0.517	0.535	0.192	0.159	0.673	0.668	0.211	0.202	0.240	0.243	0.272	0.157	0.665	0.510	0.198	0.154	0.692	0.676	0.225	0.223	0.233	0.236	0.233	0.148	0.539	0.499	0.203	0.147	0.715	0.723	0.188	0.163	0.284	0.287	0.255	0.163
41:20:02	0.507	0.499	0.197	0.148	0.721	0.710	0.260	0.193	0.275	0.275	0.214	0.169	0.503	0.617	0.190	0.147	0.641	0.661	0.263	0.195	0.238	0.250	0.211	0.158	0.655	0.647	0.202	0.164	0.667	0.670	0.219	0.225	0.253	0.267	0.288	0.157	0.518	0.628	0.200	0.166	0.663	0.654	0.299	0.178	0.244	0.241	0.226	0.176	0.494	0.628	0.223	0.165	0.692	0.660	0.259	0.216	0.244	0.235	0.217	0.152	0.517	0.537	0.193	0.158	0.665	0.670	0.210	0.201	0.240	0.243	0.271	0.157	0.669	0.510	0.198	0.154	0.689	0.677	0.225	0.223	0.234	0.236	0.218	0.149	0.541	0.502	0.196	0.148	0.717	0.716	0.188	0.163	0.285	0.288	0.257	0.167
41:40:02	0.510	0.501	0.195	0.149	0.722	0.715	0.260	0.191	0.276	0.275	0.215	0.176	0.504	0.625	0.190	0.147	0.643	0.664	0.260	0.195	0.238	0.250	0.213	0.158	0.665	0.640	0.202	0.164	0.677	0.670	0.220	0.225	0.253	0.267	0.290	0.157	0.518	0.632	0.201	0.167	0.664	0.662	0.299	0.179	0.244	0.241	0.226	0.173	0.497	0.636	0.217	0.166	0.689	0.662	0.259	0.217	0.244	0.235	0.217	0.154	0.518	0.538	0.192	0.158	0.677	0.670	0.212	0.203	0.240	0.243	0.273	0.157	0.663	0.512	0.198	0.154	0.695	0.671	0.225	0.223	0.234	0.237	0.236	0.148	0.545	0.504	0.206	0.148	0.719	0.718	0.188	0.163	0.285	0.289	0.265	0.175
42:00:02	0.512	0.501	0.193	0.148	0.724	0.721	0.260	0.192	0.276	0.276	0.215	0.168	0.506	0.625	0.192	0.148	0.646	0.660	0.276	0.195	0.238	0.250	0.212	0.159	0.661	0.645	0.203	0.164	0.675	0.672	0.221	0.225	0.253	0.267	0.290	0.157	0.521	0.634	0.201	0.166	0.670	0.664	0.299	0.180	0.245	0.241	0.223	0.182	0.499	0.636	0.209	0.165	0.698	0.666	0.259	0.217	0.244	0.236	0.216	0.154	0.521	0.539	0.193	0.159	0.683	0.673	0.212	0.202	0.240	0.243	0.265	0.158	0.659	0.513	0.197	0.154	0.693	0.673	0.225	0.223	0.234	0.237	0.224	0.148	0.548	0.506	0.197	0.148	0.722	0.721	0.189	0.163	0.285	0.289	0.257	0.172
42:20:02	0.516	0.503	0.199	0.149	0.727	0.726	0.260	0.191	0.277	0.276	0.216	0.171	0.506	0.632	0.190	0.149	0.648	0.662	0.271	0.194	0.238	0.250	0.214	0.159	0.658	0.644	0.203	0.163	0.678	0.670	0.220	0.225	0.253	0.267	0.289	0.158	0.523	0.630	0.201	0.166	0.669	0.661	0.299	0.180	0.245	0.242	0.225	0.161	0.500	0.633	0.224	0.165	0.699	0.663	0.259	0.218	0.244	0.236	0.216	0.156	0.522	0.539	0.193	0.159	0.681	0.673	0.212	0.202	0.240	0.244	0.274	0.160	0.667	0.515	0.198	0.154	0.698	0.671	0.225	0.223	0.234	0.238	0.218	0.147	0.550	0.510	0.201	0.148	0.724	0.723	0.188	0.163	0.286	0.290	0.259	0.172
42:40:03	0.516	0.506	0.196	0.149	0.726	0.726	0.260	0.191	0.278	0.276	0.216	0.168	0.507	0.627	0.190	0.148	0.649	0.657	0.265	0.193	0.238	0.251	0.212	0.158	0.661	0.641	0.203	0.164	0.679	0.675	0.220	0.225	0.253	0.267	0.289	0.159	0.525	0.635	0.202	0.167	0.667	0.661	0.300	0.181	0.246	0.243	0.227	0.174	0.503	0.628	0.214	0.167	0.700	0.666	0.260	0.219	0.245	0.236	0.216	0.155	0.523	0.537	0.192	0.158	0.685	0.667	0.213	0.203	0.241	0.244	0.277	0.161	0.680	0.517	0.198	0.154	0.703	0.668	0.225	0.223	0.235	0.238	0.257	0.149	0.552	0.510	0.198	0.149	0.721	0.721	0.188	0.163	0.287	0.290	0.258	0.175
43:00:02	0.519	0.506	0.198	0.148	0.728	0.731	0.260	0.191	0.279	0.276	0.217	0.173	0.509	0.635	0.190	0.149	0.659	0.664	0.257	0.193	0.238	0.251	0.213	0.159	0.662	0.642	0.203	0.165	0.684	0.679	0.220	0.225	0.253	0.268	0.292	0.160	0.526	0.630	0.202	0.167	0.677	0.665	0.301	0.181	0.246	0.243	0.225	0.172	0.504	0.633	0.216	0.168	0.706	0.670	0.261	0.219	0.246	0.237	0.216	0.155	0.525	0.539	0.193	0.160	0.685	0.670	0.214	0.205	0.241	0.245	0.266	0.168	0.667	0.516	0.198	0.154	0.703	0.672	0.225	0.222	0.235	0.238	0.223	0.149	0.554	0.512	0.216	0.149	0.721	0.720	0.187	0.163	0.287	0.290	0.261	0.175
43:20:03	0.522	0.510	0.192	0.149	0.729	0.733	0.260	0.190	0.279	0.277	0.218	0.177	0.511	0.638	0.190	0.148	0.663	0.667	0.267	0.195	0.238	0.251	0.213	0.161	0.665	0.645	0.204	0.165	0.686	0.665	0.221	0.226	0.253	0.268	0.288	0.160	0.528	0.632	0.202	0.168	0.668	0.665	0.302	0.182	0.246	0.244	0.226	0.176	0.506	0.637	0.220	0.167	0.705	0.671	0.261	0.220	0.247	0.237	0.218	0.156	0.527	0.542	0.193	0.160	0.683	0.679	0.215	0.205	0.241	0.245	0.259	0.162	0.679	0.513	0.197	0.154	0.704	0.665	0.225	0.223	0.235	0.239	0.266	0.149	0.557	0.516	0.203	0.149	0.724	0.718	0.188	0.163	0.288	0.291	0.257	0.174
43:40:03	0.522	0.511	0.194	0.148	0.733	0.733	0.260	0.190	0.280	0.277	0.218	0.207	0.512	0.637	0.191	0.149	0.660	0.664	0.275	0.193	0.238	0.251	0.213	0.162	0.666	0.646	0.204	0.166	0.684	0.675	0.220	0.225	0.253	0.268	0.290	0.161	0.530	0.639	0.202	0.169	0.683	0.666	0.303	0.183	0.247	0.244	0.228	0.177	0.509	0.637	0.225	0.167	0.717	0.673	0.262	0.220	0.247	0.237	0.218	0.158	0.529	0.542	0.193	0.159	0.685	0.675	0.215	0.205	0.241	0.245	0.267	0.162	0.669	0.521	0.198	0.154	0.708	0.668	0.225	0.223	0.235	0.239	0.238	0.148	0.558	0.517	0.212	0.149	0.722	0.716	0.188	0.163	0.289	0.291	0.268	0.182
44:00:03	0.526	0.515	0.193	0.148	0.734	0.739	0.261	0.190	0.281	0.277	0.219	0.176	0.515	0.633	0.190	0.148	0.667	0.667	0.275	0.193	0.239	0.251	0.212	0.161	0.671	0.648	0.204	0.166	0.688	0.680	0.221	0.226	0.253	0.268	0.289	0.162	0.532	0.640	0.202	0.169	0.679	0.672	0.303	0.183	0.246	0.244	0.227	0.175	0.508	0.638	0.224	0.169	0.714	0.671	0.262	0.216	0.247	0.238	0.216	0.157	0.530	0.544	0.192	0.160	0.687	0.683	0.215	0.205	0.241	0.245	0.261	0.169	0.663	0.516	0.197	0.154	0.703	0.665	0.225	0.223	0.236	0.239	0.262	0.150	0.561	0.518	0.198	0.149	0.726	0.719	0.188	0.163	0.291	0.292	0.260	0.178
44:20:03	0.527	0.516	0.194	0.149	0.737	0.738	0.260	0.190	0.282	0.278	0.220	0.195	0.516	0.637	0.190	0.150	0.667	0.667	0.272	0.193	0.239	0.251	0.213	0.160	0.667	0.644	0.206	0.167	0.695	0.676	0.220	0.226	0.253	0.268	0.290	0.162	0.533	0.644	0.203	0.170	0.680	0.677	0.305	0.184	0.247	0.244	0.226	0.175	0.512	0.641	0.211	0.170	0.721	0.677	0.262	0.249	0.248	0.238	0.216	0.159	0.532	0.541	0.192	0.161	0.688	0.682	0.217	0.207	0.242	0.246	0.277	0.167	0.673	0.521	0.197	0.154	0.697	0.660	0.225	0.222	0.236	0.240	0.221	0.149	0.563	0.519	0.199	0.150	0.723	0.723	0.188	0.163	0.290	0.293	0.265	0.181
44:40:03	0.533	0.521	0.194	0.148	0.741	0.749	0.259	0.190	0.283	0.278	0.220	0.174	0.518	0.637	0.190	0.149	0.663	0.674	0.272	0.193	0.239	0.251	0.214	0.161	0.671	0.656	0.205	0.167	0.697	0.680	0.221	0.226	0.253	0.268	0.291	0.163	0.534	0.643	0.203	0.170	0.685	0.684	0.305	0.185	0.248	0.244	0.226	0.190	0.512	0.639	0.226	0.170	0.716	0.684	0.264	0.222	0.248	0.238	0.218	0.159	0.533	0.544	0.193	0.160	0.688	0.687	0.216	0.206	0.242	0.246	0.277	0.169	0.680	0.521	0.197	0.154	0.702	0.673	0.225	0.223	0.236	0.240	0.217	0.149	0.567	0.522	0.198	0.150	0.722	0.729	0.188	0.163	0.292	0.294	0.262	0.180
45:00:03	0.532	0.519	0.192	0.148	0.742	0.739	0.263	0.192	0.284	0.278	0.221	0.183	0.522	0.633	0.191	0.149	0.669	0.680	0.268	0.196	0.239	0.252	0.215	0.166	0.668	0.650	0.207	0.167	0.701	0.686	0.221	0.229	0.253	0.268	0.294	0.168	0.536	0.650	0.205	0.171	0.688	0.692	0.307	0.186	0.248	0.245	0.229	0.184	0.510	0.651	0.221	0.171	0.715	0.683	0.264	0.237	0.248	0.238	0.217	0.162	0.534	0.545	0.194	0.159	0.693	0.689	0.217	0.208	0.242	0.245	0.279	0.172	0.671	0.524	0.198	0.154	0.716	0.676	0.225	0.218	0.234	0.239	0.225	0.150	0.568	0.522	0.208	0.150	0.721	0.726	0.187	0.163	0.290	0.293	0.262	0.181
45:20:03	0.535	0.522	0.191	0.147	0.738	0.742	0.260	0.189	0.284	0.279	0.220	0.183	0.521	0.642	0.190	0.148	0.671	0.671	0.261	0.193	0.239	0.252	0.215	0.162	0.675	0.659	0.206	0.168	0.703	0.685	0.220	0.227	0.254	0.269	0.288	0.165	0.538	0.643	0.203	0.171	0.690	0.685	0.306	0.185	0.248	0.245	0.225	0.181	0.515	0.642	0.212	0.171	0.718	0.683	0.263	0.245	0.248	0.239	0.218	0.161	0.537	0.547	0.193	0.161	0.695	0.686	0.217	0.207	0.242	0.247	0.276	0.172	0.663	0.524	0.198	0.154	0.715	0.678	0.225	0.222	0.237	0.241	0.240	0.149	0.571	0.528	0.201	0.151	0.722	0.737	0.187	0.163	0.292	0.294	0.258	0.185
45:40:03	0.536	0.521	0.191	0.146	0.738	0.752	0.260	0.188	0.286	0.280	0.222	0.213	0.523	0.639	0.192	0.148	0.670	0.672	0.253	0.193	0.239	0.252	0.215	0.164	0.674	0.659	0.206	0.168	0.703	0.687	0.221	0.227	0.254	0.269	0.290	0.166	0.540	0.642	0.204	0.171	0.694	0.702	0.307	0.186	0.248	0.245	0.226	0.187	0.512	0.656	0.215	0.171	0.726	0.683	0.264	0.221	0.249	0.239	0.220	0.161	0.538	0.546	0.193	0.161	0.695	0.693	0.218	0.206	0.243	0.247	0.275	0.169	0.687	0.524	0.198	0.154	0.711	0.676	0.225	0.222	0.237	0.241	0.215	0.150	0.571	0.528	0.198	0.151	0.717	0.734	0.188	0.163	0.293	0.295	0.263	0.184
46:00:03	0.539	0.522	0.194	0.146	0.743	0.750	0.260	0.187	0.287	0.280	0.221	0.203	0.525	0.643	0.190	0.149	0.665	0.680	0.276	0.192	0.239	0.252	0.212	0.164	0.675	0.659	0.206	0.167	0.697	0.693	0.221	0.227	0.254	0.269	0.290	0.167	0.541	0.648	0.203	0.170	0.699	0.691	0.307	0.186	0.248	0.245	0.226	0.183	0.517	0.657	0.213	0.171	0.729	0.680	0.264	0.219	0.248	0.239	0.218	0.161	0.540	0.547	0.193	0.161	0.692	0.695	0.218	0.207	0.243	0.248	0.276	0.172	0.669	0.529	0.198	0.154	0.716	0.674	0.225	0.222	0.237	0.242	0.222	0.149	0.573	0.530	0.212	0.152	0.719	0.736	0.188	0.163	0.294	0.296	0.264	0.185
46:20:03	0.542	0.524	0.193	0.148	0.744	0.759	0.260	0.187	0.288	0.281	0.221	0.202	0.525	0.651	0.190	0.148	0.667	0.682	0.271	0.192	0.239	0.253	0.213	0.163	0.674	0.664	0.206	0.167	0.703	0.690	0.221	0.227	0.254	0.269	0.289	0.168	0.543	0.644	0.203	0.170	0.699	0.693	0.307	0.184	0.247	0.245	0.226	0.183	0.516	0.647	0.214	0.171	0.726	0.679	0.264	0.223	0.248	0.239	0.218	0.161	0.541	0.549	0.192	0.161	0.706	0.692	0.218	0.207	0.243	0.248	0.277	0.172	0.664	0.528	0.198	0.154	0.717	0.684	0.225	0.222	0.237	0.242	0.212	0.150	0.574	0.530	0.211	0.153	0.709	0.740	0.188	0.163	0.294	0.297	0.239	0.188
46:40:03	0.544	0.525	0.195	0.147	0.746	0.759	0.260	0.186	0.289	0.282	0.223	0.193	0.528	0.652	0.190	0.149	0.676	0.678	0.257	0.192	0.239	0.253	0.212	0.163	0.679	0.663	0.205	0.167	0.701	0.692	0.220	0.226	0.254	0.270	0.289	0.168	0.543	0.648	0.203	0.169	0.699	0.701	0.306	0.184	0.247	0.245	0.226	0.186	0.520	0.657	0.226	0.170	0.731	0.676	0.264	0.227	0.248	0.239	0.216	0.159	0.543	0.551	0.193	0.161	0.705	0.690	0.217	0.205	0.242	0.248	0.277	0.175	0.669	0.530	0.198	0.154	0.706	0.679	0.225	0.222	0.237	0.242	0.235	0.150	0.578	0.532	0.204	0.153	0.725	0.740	0.188	0.163	0.294	0.297	0.245	0.189
47:00:03	0.545	0.525	0.192	0.147	0.756	0.754	0.259	0.186	0.290	0.283	0.223	0.204	0.530	0.653	0.190	0.149	0.679	0.682	0.270	0.193	0.239	0.253	0.213	0.163	0.677	0.661	0.203	0.165	0.704	0.688	0.220	0.226	0.254	0.270	0.290	0.167	0.545	0.649	0.201	0.167	0.705	0.690	0.305	0.182	0.245	0.245	0.228	0.184	0.520	0.649	0.225	0.168	0.724	0.678	0.263	0.256	0.247	0.238	0.216	0.161	0.545	0.550	0.192	0.160	0.709	0.690	0.215	0.204	0.242	0.249	0.266	0.176	0.676	0.533	0.198	0.154	0.710	0.682	0.225	0.221	0.237	0.243	0.225	0.150	0.580	0.530	0.198	0.154	0.716	0.748	0.188	0.163	0.295	0.298	0.255	0.205
47:20:03	0.546	0.527	0.192	0.148	0.764	0.770	0.260	0.185	0.291	0.283	0.223	0.213	0.530	0.652	0.190	0.149	0.686	0.681	0.275	0.191	0.240	0.254	0.214	0.162	0.679	0.661	0.203	0.166	0.702	0.683	0.220	0.226	0.254	0.270	0.288	0.167	0.546	0.647	0.201	0.166	0.701	0.694	0.303	0.178	0.245	0.245	0.226	0.186	0.523	0.648	0.209	0.166	0.733	0.681	0.261	0.226	0.246	0.238	0.218	0.161	0.548	0.554	0.192	0.160	0.710	0.688	0.214	0.203	0.242	0.249	0.281	0.172	0.683	0.533	0.198	0.153	0.716	0.679	0.225	0.222	0.237	0.243	0.265	0.150	0.583	0.535	0.198	0.154	0.750	0.745	0.188	0.164	0.296	0.299	0.262	0.196
47:40:03	0.549	0.530	0.194	0.148	0.792	0.771	0.260	0.184	0.292	0.283	0.225	0.205	0.532	0.651	0.190	0.149	0.684	0.683	0.256	0.190	0.239	0.254	0.213	0.163	0.671	0.662	0.203	0.166	0.709	0.683	0.219	0.226	0.254	0.270	0.289	0.168	0.548	0.647	0.201	0.164	0.698	0.688	0.300	0.178	0.244	0.245	0.226	0.189	0.523	0.653	0.224	0.165	0.727	0.678	0.259	0.214	0.245	0.238	0.220	0.162	0.550	0.557	0.192	0.160	0.710	0.682	0.212	0.203	0.241	0.249	0.271	0.181	0.694	0.537	0.198	0.153	0.716	0.681	0.225	0.221	0.238	0.243	0.262	0.151	0.585	0.535	0.206	0.155	0.786	0.751	0.189	0.163	0.296	0.299	0.272	0.189
48:00:03	0.551	0.531	0.194	0.148	0.847	0.774	0.260	0.184	0.292	0.284	0.226	0.183	0.535	0.647	0.192	0.148	0.687	0.684	0.255	0.191	0.239	0.254	0.214	0.164	0.679	0.664	0.203	0.165	0.709	0.684	0.220	0.226	0.254	0.270	0.293	0.168	0.550	0.651	0.200	0.164	0.704	0.695	0.299	0.178	0.244	0.245	0.229	0.188	0.526	0.653	0.210	0.165	0.730	0.679	0.258	0.215	0.245	0.238	0.217	0.163	0.551	0.558	0.192	0.160	0.709	0.685	0.211	0.203	0.241	0.250	0.272	0.176	0.677	0.537	0.198	0.153	0.712	0.675	0.225	0.221	0.238	0.244	0.229	0.150	0.588	0.537	0.213	0.156	0.796	0.751	0.189	0.164	0.297	0.300	0.270	0.188

