Field Group

Plate Comment:	
Procedure Summary
  Plate Type:              Corning 96 well for LogPhase600
  Plate Number:            1
  Discontinuous Kinetics:  Runtime 02:00:00 (D:HH:MM), Interval 00:20:00 (HH:MM:SS), 145 Reads (max)
  Read:                    600 nm
  Incubator:               On
    Temperature setpoint:  30 °C
    Temperature gradient:  Off
  Shaking:                 On
     Shaking frequency:    600 RPMs		
			
			

600

Time	A1	A2	A3	A4	A5	A6	A7	A8	A9	A10	A11	A12	B1	B2	B3	B4	B5	B6	B7	B8	B9	B10	B11	B12	C1	C2	C3	C4	C5	C6	C7	C8	C9	C10	C11	C12	D1	D2	D3	D4	D5	D6	D7	D8	D9	D10	D11	D12	E1	E2	E3	E4	E5	E6	E7	E8	E9	E10	E11	E12	F1	F2	F3	F4	F5	F6	F7	F8	F9	F10	F11	F12	G1	G2	G3	G4	G5	G6	G7	G8	G9	G10	G11	G12	H1	H2	H3	H4	H5	H6	H7	H8	H9	H10	H11	H12
0:00:00	0.122	0.122	0.122	0.124	0.120	0.117	0.115	0.124					0.117	0.118	0.118	0.117	0.100	0.084	0.120	0.118					0.119	0.117	0.117	0.120	0.119	0.115	0.117	0.118					0.116	0.118	0.120	0.116	0.116	0.124	0.122	0.118					0.116	0.117	0.120	0.121	0.124	0.121	0.121	0.116					0.120	0.121	0.117	0.116	0.115	0.116	0.116	0.116					0.117	0.119	0.116	0.119	0.117	0.118	0.116	0.117					0.115	0.116	0.116	0.117	0.118	0.116	0.117	0.116				
0:20:00	0.122	0.121	0.122	0.124	0.119	0.118	0.115	0.124					0.117	0.117	0.117	0.117	0.100	0.083	0.120	0.117					0.119	0.117	0.117	0.119	0.119	0.114	0.117	0.118					0.116	0.118	0.121	0.116	0.116	0.123	0.122	0.118					0.115	0.117	0.120	0.121	0.124	0.121	0.121	0.116					0.119	0.120	0.117	0.116	0.115	0.115	0.116	0.116					0.116	0.119	0.116	0.119	0.117	0.119	0.117	0.116					0.115	0.116	0.115	0.117	0.118	0.116	0.117	0.116				
0:40:00	0.122	0.121	0.122	0.124	0.119	0.118	0.115	0.124					0.117	0.117	0.117	0.117	0.098	0.082	0.120	0.117					0.119	0.117	0.118	0.119	0.119	0.114	0.117	0.118					0.116	0.118	0.121	0.116	0.115	0.123	0.122	0.118					0.115	0.117	0.120	0.121	0.124	0.120	0.121	0.116					0.119	0.120	0.117	0.116	0.114	0.115	0.116	0.117					0.116	0.119	0.117	0.119	0.117	0.119	0.117	0.116					0.115	0.117	0.116	0.117	0.118	0.116	0.117	0.116				
1:00:00	0.122	0.121	0.123	0.124	0.119	0.118	0.116	0.124					0.117	0.117	0.117	0.117	0.098	0.082	0.120	0.117					0.119	0.117	0.118	0.119	0.119	0.114	0.117	0.118					0.116	0.118	0.121	0.116	0.115	0.123	0.123	0.119					0.115	0.117	0.120	0.121	0.124	0.120	0.121	0.116					0.119	0.120	0.117	0.116	0.114	0.115	0.116	0.116					0.116	0.118	0.117	0.120	0.117	0.119	0.117	0.117					0.115	0.116	0.117	0.117	0.118	0.116	0.117	0.116				
1:20:00	0.122	0.121	0.123	0.124	0.119	0.118	0.114	0.124					0.117	0.117	0.118	0.117	0.096	0.082	0.121	0.117					0.119	0.117	0.118	0.119	0.119	0.114	0.118	0.118					0.116	0.118	0.122	0.116	0.115	0.123	0.123	0.118					0.115	0.117	0.122	0.121	0.125	0.120	0.121	0.116					0.119	0.120	0.118	0.117	0.114	0.115	0.116	0.117					0.116	0.119	0.117	0.120	0.117	0.119	0.118	0.117					0.115	0.117	0.117	0.117	0.119	0.115	0.118	0.116				
1:40:00	0.122	0.121	0.124	0.124	0.119	0.118	0.117	0.124					0.117	0.117	0.118	0.117	0.096	0.082	0.121	0.117					0.119	0.117	0.119	0.120	0.119	0.114	0.118	0.118					0.116	0.118	0.122	0.116	0.115	0.123	0.124	0.119					0.115	0.117	0.122	0.121	0.124	0.120	0.122	0.117					0.119	0.120	0.118	0.117	0.115	0.115	0.117	0.117					0.116	0.118	0.118	0.120	0.117	0.119	0.118	0.117					0.115	0.116	0.117	0.117	0.118	0.116	0.119	0.116				
2:00:00	0.122	0.121	0.124	0.125	0.120	0.118	0.115	0.125					0.117	0.117	0.119	0.118	0.093	0.082	0.122	0.117					0.119	0.117	0.119	0.120	0.119	0.115	0.119	0.118					0.117	0.117	0.123	0.117	0.115	0.123	0.124	0.119					0.116	0.117	0.123	0.122	0.125	0.120	0.123	0.117					0.119	0.120	0.120	0.117	0.115	0.115	0.118	0.117					0.117	0.119	0.118	0.120	0.117	0.119	0.119	0.118					0.115	0.117	0.118	0.118	0.118	0.115	0.120	0.117				
2:20:00	0.122	0.121	0.125	0.125	0.120	0.118	0.116	0.125					0.117	0.117	0.120	0.118	0.092	0.082	0.122	0.117					0.119	0.117	0.120	0.120	0.119	0.114	0.120	0.118					0.117	0.118	0.124	0.117	0.115	0.123	0.125	0.119					0.116	0.117	0.125	0.122	0.125	0.120	0.124	0.117					0.120	0.120	0.121	0.117	0.115	0.115	0.119	0.117					0.117	0.119	0.119	0.121	0.117	0.119	0.120	0.118					0.115	0.117	0.120	0.118	0.119	0.115	0.121	0.117				
2:40:00	0.122	0.121	0.126	0.125	0.120	0.119	0.117	0.125					0.118	0.117	0.121	0.118	0.090	0.082	0.123	0.118					0.119	0.117	0.122	0.121	0.119	0.115	0.121	0.119					0.117	0.118	0.126	0.117	0.115	0.123	0.126	0.120					0.116	0.117	0.127	0.123	0.125	0.120	0.126	0.117					0.120	0.120	0.122	0.118	0.115	0.115	0.121	0.118					0.117	0.119	0.120	0.121	0.118	0.119	0.122	0.118					0.116	0.117	0.121	0.118	0.119	0.115	0.123	0.117				
3:00:00	0.123	0.122	0.128	0.125	0.120	0.119	0.118	0.125					0.118	0.117	0.123	0.118	0.091	0.083	0.123	0.118					0.120	0.117	0.124	0.121	0.119	0.115	0.122	0.119					0.117	0.118	0.130	0.118	0.115	0.124	0.128	0.120					0.116	0.117	0.130	0.124	0.125	0.121	0.127	0.118					0.120	0.120	0.125	0.118	0.116	0.115	0.123	0.119					0.117	0.119	0.121	0.121	0.118	0.119	0.124	0.119					0.116	0.118	0.124	0.118	0.119	0.116	0.126	0.117				
3:20:00	0.123	0.122	0.130	0.126	0.120	0.119	0.118	0.125					0.118	0.117	0.125	0.118	0.091	0.082	0.124	0.118					0.120	0.117	0.126	0.122	0.119	0.115	0.123	0.119					0.117	0.118	0.132	0.118	0.115	0.124	0.129	0.120					0.116	0.118	0.133	0.125	0.126	0.120	0.129	0.118					0.120	0.120	0.127	0.119	0.116	0.115	0.125	0.120					0.118	0.119	0.123	0.122	0.118	0.120	0.126	0.119					0.116	0.117	0.126	0.118	0.119	0.116	0.129	0.118				
3:40:00	0.123	0.122	0.132	0.126	0.121	0.119	0.119	0.126					0.119	0.117	0.127	0.118	0.091	0.082	0.125	0.118					0.120	0.117	0.129	0.122	0.120	0.115	0.123	0.119					0.118	0.118	0.137	0.119	0.116	0.124	0.130	0.121					0.117	0.118	0.138	0.126	0.126	0.121	0.132	0.119					0.121	0.120	0.130	0.119	0.117	0.115	0.128	0.120					0.118	0.119	0.124	0.122	0.119	0.120	0.128	0.120					0.117	0.118	0.128	0.118	0.120	0.116	0.132	0.118				
4:00:00	0.124	0.122	0.134	0.126	0.121	0.119	0.119	0.126					0.119	0.118	0.130	0.119	0.092	0.083	0.125	0.119					0.121	0.118	0.133	0.123	0.120	0.115	0.124	0.119					0.119	0.118	0.142	0.120	0.117	0.124	0.131	0.121					0.118	0.118	0.144	0.128	0.127	0.121	0.134	0.119					0.122	0.121	0.134	0.120	0.117	0.116	0.131	0.122					0.119	0.119	0.127	0.122	0.120	0.120	0.131	0.120					0.117	0.118	0.131	0.118	0.121	0.116	0.136	0.119				
4:20:00	0.124	0.122	0.137	0.126	0.122	0.119	0.120	0.126					0.120	0.118	0.134	0.119	0.093	0.083	0.125	0.119					0.122	0.118	0.137	0.123	0.121	0.115	0.125	0.120					0.120	0.118	0.148	0.120	0.118	0.124	0.133	0.121					0.118	0.119	0.151	0.129	0.128	0.121	0.137	0.120					0.123	0.121	0.138	0.120	0.118	0.116	0.135	0.123					0.120	0.119	0.129	0.122	0.120	0.120	0.133	0.120					0.118	0.118	0.135	0.118	0.121	0.117	0.139	0.119				
4:40:00	0.126	0.123	0.141	0.126	0.123	0.120	0.120	0.126					0.121	0.118	0.138	0.119	0.094	0.083	0.126	0.119					0.123	0.118	0.142	0.123	0.122	0.115	0.126	0.120					0.121	0.119	0.155	0.121	0.118	0.125	0.134	0.122					0.120	0.119	0.157	0.131	0.129	0.121	0.141	0.121					0.124	0.121	0.143	0.121	0.119	0.116	0.139	0.124					0.121	0.120	0.132	0.123	0.121	0.120	0.136	0.121					0.120	0.118	0.139	0.118	0.123	0.117	0.143	0.120				
5:00:00	0.127	0.123	0.145	0.127	0.124	0.120	0.121	0.126					0.123	0.119	0.143	0.119	0.095	0.083	0.126	0.119					0.125	0.119	0.148	0.124	0.123	0.116	0.127	0.120					0.124	0.119	0.160	0.122	0.120	0.125	0.136	0.122					0.122	0.120	0.163	0.132	0.130	0.122	0.145	0.121					0.127	0.122	0.148	0.122	0.121	0.116	0.143	0.126					0.125	0.120	0.135	0.123	0.123	0.121	0.139	0.122					0.123	0.119	0.145	0.119	0.125	0.117	0.148	0.121				
5:20:00	0.129	0.123	0.150	0.127	0.126	0.121	0.121	0.127					0.125	0.120	0.148	0.119	0.097	0.084	0.127	0.119					0.132	0.120	0.155	0.125	0.124	0.117	0.128	0.120					0.130	0.120	0.169	0.124	0.123	0.126	0.139	0.122					0.128	0.120	0.171	0.134	0.133	0.122	0.150	0.122					0.134	0.123	0.154	0.123	0.124	0.117	0.149	0.128					0.132	0.121	0.140	0.124	0.126	0.121	0.143	0.122					0.130	0.120	0.151	0.119	0.130	0.118	0.152	0.121				
5:40:00	0.136	0.124	0.155	0.127	0.128	0.121	0.122	0.127					0.132	0.120	0.154	0.119	0.100	0.084	0.127	0.120					0.133	0.120	0.159	0.125	0.129	0.117	0.129	0.121					0.130	0.121	0.173	0.124	0.129	0.127	0.141	0.122					0.129	0.121	0.177	0.136	0.140	0.123	0.155	0.122					0.132	0.123	0.160	0.123	0.130	0.118	0.153	0.129					0.130	0.122	0.144	0.124	0.132	0.122	0.146	0.123					0.129	0.120	0.158	0.119	0.131	0.119	0.157	0.122				
6:00:00	0.136	0.126	0.162	0.127	0.133	0.122	0.123	0.127					0.131	0.121	0.159	0.120	0.104	0.086	0.128	0.120					0.132	0.121	0.165	0.126	0.133	0.118	0.130	0.121					0.129	0.122	0.181	0.125	0.129	0.128	0.144	0.122					0.128	0.122	0.185	0.138	0.141	0.124	0.161	0.123					0.133	0.124	0.168	0.125	0.131	0.119	0.159	0.131					0.130	0.123	0.150	0.125	0.131	0.123	0.151	0.124					0.129	0.122	0.165	0.119	0.131	0.120	0.163	0.122				
6:20:00	0.136	0.127	0.167	0.128	0.134	0.123	0.123	0.127					0.132	0.122	0.163	0.120	0.105	0.086	0.128	0.120					0.133	0.123	0.169	0.126	0.133	0.119	0.131	0.121					0.131	0.123	0.185	0.125	0.128	0.128	0.146	0.122					0.130	0.123	0.190	0.139	0.140	0.125	0.166	0.124					0.134	0.126	0.173	0.125	0.132	0.120	0.164	0.132					0.131	0.124	0.155	0.126	0.133	0.124	0.155	0.125					0.133	0.122	0.171	0.119	0.133	0.121	0.168	0.122				
6:40:00	0.137	0.128	0.170	0.128	0.133	0.125	0.124	0.127					0.134	0.124	0.167	0.120	0.105	0.087	0.129	0.120					0.136	0.125	0.173	0.126	0.134	0.120	0.133	0.121					0.133	0.128	0.190	0.126	0.130	0.130	0.150	0.123					0.133	0.128	0.196	0.140	0.140	0.127	0.172	0.124					0.138	0.129	0.180	0.126	0.134	0.121	0.169	0.134					0.135	0.128	0.159	0.126	0.133	0.126	0.159	0.126					0.136	0.126	0.178	0.119	0.134	0.124	0.173	0.123				
7:00:00	0.140	0.131	0.175	0.128	0.135	0.126	0.125	0.128					0.136	0.128	0.172	0.120	0.106	0.089	0.130	0.120					0.139	0.129	0.180	0.127	0.135	0.121	0.134	0.121					0.136	0.130	0.200	0.128	0.133	0.133	0.156	0.123					0.137	0.128	0.204	0.142	0.141	0.131	0.179	0.126					0.140	0.131	0.188	0.128	0.136	0.125	0.175	0.136					0.138	0.130	0.164	0.127	0.134	0.130	0.165	0.127					0.140	0.129	0.185	0.119	0.137	0.127	0.179	0.124				
7:20:00	0.145	0.133	0.175	0.128	0.138	0.129	0.126	0.128					0.140	0.129	0.172	0.120	0.108	0.092	0.130	0.121					0.142	0.128	0.183	0.127	0.137	0.125	0.136	0.122					0.141	0.129	0.203	0.129	0.136	0.137	0.161	0.123					0.141	0.129	0.207	0.144	0.143	0.133	0.183	0.126					0.144	0.132	0.191	0.129	0.135	0.127	0.179	0.138					0.141	0.130	0.166	0.128	0.138	0.131	0.170	0.129					0.141	0.130	0.189	0.120	0.138	0.128	0.183	0.125				
7:40:00	0.149	0.135	0.175	0.129	0.140	0.132	0.127	0.128					0.143	0.131	0.171	0.120	0.112	0.094	0.131	0.121					0.144	0.131	0.182	0.127	0.140	0.126	0.138	0.122					0.144	0.133	0.203	0.128	0.137	0.137	0.164	0.123					0.142	0.132	0.208	0.144	0.145	0.132	0.187	0.126					0.146	0.134	0.192	0.129	0.136	0.127	0.181	0.139					0.144	0.132	0.166	0.129	0.139	0.131	0.173	0.130					0.143	0.130	0.190	0.120	0.142	0.130	0.187	0.126				
8:00:00	0.149	0.134	0.176	0.129	0.144	0.132	0.128	0.128					0.144	0.131	0.172	0.121	0.117	0.096	0.133	0.121					0.147	0.133	0.182	0.127	0.142	0.130	0.141	0.122					0.146	0.132	0.203	0.129	0.139	0.138	0.170	0.123					0.146	0.135	0.209	0.145	0.149	0.135	0.192	0.126					0.147	0.137	0.196	0.130	0.141	0.130	0.185	0.140					0.145	0.134	0.167	0.129	0.141	0.133	0.178	0.132					0.147	0.133	0.194	0.120	0.144	0.130	0.191	0.126				
8:20:00	0.151	0.137	0.176	0.129	0.147	0.132	0.129	0.129					0.146	0.132	0.173	0.121	0.118	0.097	0.134	0.121					0.151	0.134	0.181	0.128	0.143	0.130	0.143	0.122					0.149	0.136	0.206	0.129	0.145	0.139	0.175	0.124					0.152	0.138	0.211	0.146	0.156	0.135	0.195	0.127					0.151	0.139	0.198	0.131	0.146	0.132	0.188	0.141					0.151	0.137	0.168	0.130	0.145	0.139	0.182	0.133					0.163	0.136	0.197	0.120	0.145	0.136	0.195	0.127				
8:40:00	0.157	0.140	0.175	0.129	0.147	0.137	0.131	0.129					0.153	0.136	0.173	0.121	0.120	0.101	0.135	0.121					0.159	0.137	0.182	0.128	0.148	0.132	0.147	0.122					0.156	0.138	0.209	0.129	0.154	0.143	0.181	0.124					0.169	0.139	0.213	0.147	0.162	0.139	0.198	0.127					0.161	0.141	0.200	0.132	0.157	0.134	0.191	0.142					0.163	0.139	0.169	0.131	0.150	0.138	0.186	0.135					0.183	0.140	0.200	0.120	0.148	0.135	0.199	0.128				
9:00:00	0.170	0.143	0.175	0.129	0.152	0.139	0.132	0.129					0.167	0.141	0.173	0.121	0.126	0.102	0.137	0.122					0.174	0.139	0.182	0.128	0.154	0.136	0.151	0.122					0.172	0.140	0.211	0.130	0.167	0.143	0.188	0.124					0.189	0.139	0.214	0.147	0.173	0.138	0.202	0.128					0.177	0.141	0.201	0.132	0.170	0.133	0.194	0.144					0.180	0.141	0.171	0.131	0.159	0.138	0.190	0.136					0.201	0.141	0.202	0.120	0.155	0.134	0.202	0.128				
9:20:00	0.186	0.143	0.174	0.129	0.157	0.142	0.134	0.129					0.185	0.143	0.172	0.121	0.134	0.106	0.138	0.122					0.192	0.140	0.183	0.129	0.165	0.137	0.155	0.122					0.189	0.140	0.211	0.130	0.188	0.144	0.193	0.124					0.204	0.140	0.215	0.148	0.189	0.141	0.205	0.129					0.196	0.142	0.203	0.133	0.189	0.135	0.197	0.145					0.198	0.142	0.172	0.132	0.176	0.139	0.194	0.138					0.212	0.142	0.204	0.121	0.170	0.135	0.206	0.128				
9:40:00	0.203	0.144	0.174	0.130	0.168	0.143	0.136	0.129					0.203	0.142	0.171	0.121	0.147	0.110	0.140	0.122					0.209	0.141	0.182	0.129	0.182	0.138	0.159	0.122					0.205	0.141	0.212	0.131	0.206	0.145	0.199	0.124					0.216	0.142	0.216	0.149	0.207	0.144	0.208	0.129					0.213	0.144	0.204	0.133	0.206	0.137	0.199	0.146					0.214	0.143	0.173	0.132	0.195	0.139	0.198	0.139					0.224	0.144	0.205	0.121	0.187	0.136	0.209	0.129				
10:00:00	0.219	0.147	0.173	0.130	0.183	0.143	0.138	0.129					0.217	0.144	0.171	0.122	0.164	0.110	0.142	0.122					0.223	0.144	0.183	0.129	0.202	0.139	0.164	0.122					0.224	0.145	0.211	0.131	0.220	0.147	0.205	0.124					0.228	0.149	0.216	0.149	0.224	0.146	0.212	0.130					0.229	0.150	0.205	0.133	0.221	0.141	0.203	0.147					0.231	0.146	0.175	0.133	0.212	0.142	0.202	0.141					0.235	0.151	0.207	0.121	0.202	0.141	0.212	0.129				
10:20:00	0.234	0.152	0.172	0.130	0.200	0.147	0.141	0.130					0.228	0.148	0.171	0.122	0.178	0.112	0.145	0.122					0.246	0.152	0.185	0.131	0.221	0.142	0.170	0.122					0.245	0.152	0.214	0.133	0.237	0.152	0.213	0.124					0.241	0.160	0.218	0.151	0.239	0.151	0.215	0.131					0.247	0.160	0.207	0.135	0.238	0.147	0.206	0.148					0.253	0.154	0.177	0.134	0.227	0.150	0.206	0.142					0.288	0.165	0.209	0.121	0.216	0.150	0.218	0.130				
10:40:00	0.254	0.162	0.172	0.130	0.217	0.153	0.143	0.130					0.238	0.158	0.171	0.122	0.195	0.116	0.147	0.122					0.265	0.165	0.183	0.130	0.240	0.149	0.174	0.123					0.261	0.165	0.212	0.132	0.251	0.161	0.217	0.124					0.290	0.176	0.217	0.151	0.255	0.160	0.218	0.131					0.263	0.173	0.206	0.134	0.256	0.158	0.208	0.149					0.267	0.166	0.179	0.134	0.241	0.162	0.209	0.144					0.308	0.179	0.209	0.121	0.232	0.163	0.220	0.130				
11:00:00	0.284	0.177	0.172	0.130	0.237	0.162	0.144	0.130					0.267	0.172	0.170	0.122	0.216	0.124	0.148	0.123					0.285	0.180	0.184	0.132	0.267	0.161	0.181	0.123					0.279	0.180	0.214	0.134	0.270	0.174	0.223	0.125					0.321	0.193	0.218	0.152	0.273	0.173	0.222	0.133					0.280	0.187	0.208	0.136	0.280	0.172	0.213	0.150					0.283	0.180	0.181	0.135	0.257	0.176	0.214	0.145					0.310	0.197	0.211	0.122	0.248	0.177	0.223	0.132				
11:20:00	0.302	0.188	0.172	0.131	0.258	0.175	0.146	0.130					0.285	0.186	0.169	0.122	0.239	0.137	0.150	0.123					0.300	0.192	0.183	0.131	0.285	0.178	0.184	0.123					0.295	0.192	0.213	0.133	0.312	0.188	0.227	0.125					0.326	0.205	0.217	0.152	0.294	0.188	0.226	0.133					0.297	0.199	0.208	0.135	0.300	0.186	0.215	0.151					0.301	0.191	0.183	0.135	0.271	0.190	0.217	0.146					0.314	0.208	0.210	0.122	0.264	0.189	0.224	0.134				
11:40:00	0.321	0.201	0.171	0.131	0.287	0.188	0.147	0.130					0.303	0.197	0.168	0.123	0.258	0.149	0.151	0.123					0.318	0.205	0.183	0.131	0.302	0.195	0.188	0.123					0.311	0.207	0.213	0.133	0.339	0.200	0.230	0.125					0.329	0.219	0.217	0.153	0.316	0.201	0.228	0.134					0.313	0.214	0.209	0.136	0.320	0.198	0.217	0.152					0.316	0.203	0.184	0.134	0.286	0.204	0.219	0.147					0.323	0.218	0.211	0.122	0.282	0.202	0.225	0.135				
12:00:00	0.341	0.215	0.171	0.131	0.309	0.201	0.149	0.131					0.321	0.210	0.168	0.123	0.275	0.162	0.152	0.123					0.335	0.218	0.182	0.132	0.318	0.216	0.189	0.124					0.327	0.220	0.213	0.135	0.351	0.213	0.232	0.126					0.338	0.233	0.218	0.154	0.332	0.214	0.229	0.135					0.328	0.229	0.210	0.137	0.340	0.212	0.219	0.153					0.329	0.217	0.185	0.134	0.304	0.219	0.220	0.148					0.331	0.228	0.211	0.123	0.300	0.215	0.227	0.136				
12:20:00	0.359	0.232	0.171	0.131	0.326	0.217	0.149	0.131					0.339	0.221	0.170	0.123	0.293	0.174	0.153	0.123					0.351	0.229	0.183	0.132	0.336	0.231	0.191	0.124					0.343	0.232	0.213	0.135	0.356	0.226	0.235	0.126					0.347	0.248	0.219	0.154	0.345	0.227	0.231	0.136					0.343	0.244	0.211	0.138	0.355	0.227	0.219	0.153					0.344	0.231	0.189	0.133	0.321	0.235	0.222	0.150					0.341	0.239	0.212	0.123	0.315	0.230	0.228	0.138				
12:40:00	0.380	0.251	0.172	0.131	0.339	0.235	0.149	0.131					0.355	0.232	0.169	0.123	0.309	0.188	0.153	0.124					0.364	0.246	0.183	0.133	0.352	0.244	0.193	0.124					0.357	0.248	0.214	0.135	0.361	0.241	0.238	0.127					0.357	0.263	0.219	0.155	0.356	0.242	0.232	0.137					0.355	0.260	0.211	0.139	0.367	0.242	0.221	0.154					0.357	0.246	0.191	0.134	0.335	0.248	0.224	0.151					0.348	0.274	0.215	0.123	0.328	0.248	0.231	0.138				
13:00:00	0.407	0.272	0.171	0.131	0.351	0.255	0.149	0.132					0.370	0.244	0.166	0.124	0.325	0.209	0.153	0.124					0.377	0.265	0.185	0.133	0.370	0.260	0.196	0.124					0.369	0.266	0.216	0.136	0.367	0.259	0.240	0.127					0.369	0.279	0.220	0.156	0.366	0.256	0.233	0.137					0.367	0.276	0.214	0.140	0.380	0.256	0.223	0.155					0.370	0.261	0.191	0.134	0.347	0.265	0.226	0.152					0.356	0.312	0.212	0.124	0.340	0.268	0.232	0.139				
13:20:00	0.426	0.292	0.170	0.132	0.363	0.275	0.149	0.132					0.385	0.264	0.169	0.124	0.341	0.230	0.153	0.124					0.391	0.282	0.185	0.134	0.387	0.271	0.200	0.124					0.382	0.281	0.216	0.137	0.373	0.280	0.242	0.127					0.377	0.294	0.220	0.157	0.374	0.276	0.235	0.138					0.379	0.292	0.215	0.141	0.390	0.271	0.223	0.156					0.381	0.278	0.192	0.135	0.359	0.284	0.228	0.153					0.364	0.328	0.215	0.124	0.350	0.287	0.233	0.140				
13:40:00	0.447	0.311	0.172	0.132	0.376	0.295	0.148	0.132					0.408	0.283	0.170	0.124	0.355	0.246	0.152	0.124					0.404	0.299	0.187	0.135	0.400	0.304	0.203	0.124					0.395	0.297	0.217	0.137	0.379	0.300	0.244	0.128					0.385	0.310	0.221	0.158	0.384	0.296	0.237	0.138					0.391	0.310	0.215	0.142	0.401	0.289	0.225	0.157					0.392	0.296	0.195	0.135	0.368	0.299	0.229	0.155					0.369	0.327	0.217	0.125	0.361	0.304	0.234	0.141				
14:00:00	0.472	0.329	0.171	0.132	0.387	0.316	0.148	0.132					0.429	0.302	0.170	0.124	0.368	0.263	0.152	0.124					0.418	0.316	0.185	0.135	0.410	0.363	0.207	0.125					0.405	0.316	0.217	0.138	0.385	0.318	0.245	0.128					0.393	0.328	0.222	0.159	0.397	0.314	0.238	0.139					0.399	0.327	0.218	0.143	0.413	0.311	0.227	0.157					0.404	0.318	0.198	0.136	0.379	0.315	0.230	0.155					0.374	0.332	0.219	0.126	0.372	0.326	0.235	0.141				
14:20:00	0.491	0.349	0.173	0.132	0.398	0.337	0.148	0.132					0.448	0.321	0.171	0.124	0.380	0.280	0.152	0.124					0.431	0.332	0.188	0.136	0.421	0.380	0.210	0.125					0.414	0.331	0.218	0.139	0.390	0.335	0.246	0.129					0.396	0.343	0.223	0.160	0.411	0.334	0.239	0.139					0.410	0.341	0.218	0.144	0.430	0.328	0.227	0.158					0.416	0.339	0.200	0.138	0.388	0.330	0.231	0.156					0.378	0.342	0.222	0.127	0.382	0.342	0.235	0.141				
14:40:00	0.507	0.369	0.172	0.132	0.411	0.355	0.148	0.133					0.464	0.339	0.172	0.124	0.392	0.299	0.152	0.125					0.446	0.347	0.190	0.137	0.432	0.387	0.213	0.125					0.426	0.346	0.220	0.140	0.393	0.351	0.246	0.129					0.398	0.358	0.224	0.161	0.424	0.349	0.240	0.140					0.421	0.353	0.221	0.145	0.443	0.347	0.228	0.159					0.429	0.362	0.200	0.139	0.397	0.343	0.232	0.158					0.382	0.352	0.223	0.128	0.391	0.354	0.235	0.141				
15:00:00	0.520	0.390	0.172	0.132	0.425	0.372	0.148	0.133					0.480	0.356	0.173	0.124	0.405	0.316	0.152	0.125					0.462	0.362	0.191	0.138	0.444	0.390	0.216	0.125					0.443	0.359	0.220	0.140	0.397	0.367	0.246	0.130					0.399	0.372	0.226	0.161	0.442	0.365	0.240	0.140					0.434	0.365	0.223	0.146	0.460	0.371	0.228	0.159					0.442	0.377	0.203	0.140	0.407	0.358	0.232	0.158					0.387	0.358	0.227	0.129	0.401	0.367	0.235	0.141				
15:20:00	0.527	0.416	0.173	0.133	0.443	0.387	0.148	0.133					0.490	0.373	0.174	0.125	0.420	0.332	0.152	0.126					0.476	0.374	0.190	0.139	0.456	0.394	0.219	0.126					0.463	0.369	0.222	0.141	0.402	0.387	0.247	0.131					0.399	0.387	0.228	0.162	0.463	0.385	0.240	0.141					0.448	0.381	0.224	0.147	0.471	0.388	0.228	0.160					0.458	0.390	0.208	0.142	0.417	0.372	0.231	0.159					0.391	0.363	0.228	0.130	0.412	0.381	0.235	0.141				
15:40:00	0.540	0.430	0.174	0.133	0.463	0.405	0.148	0.133					0.503	0.393	0.174	0.125	0.431	0.347	0.152	0.126					0.489	0.397	0.193	0.140	0.468	0.398	0.221	0.126					0.472	0.392	0.224	0.141	0.406	0.405	0.247	0.131					0.398	0.402	0.230	0.163	0.476	0.405	0.240	0.141					0.463	0.383	0.227	0.149	0.474	0.405	0.228	0.160					0.476	0.395	0.204	0.144	0.429	0.385	0.233	0.160					0.394	0.367	0.229	0.130	0.424	0.388	0.234	0.142				
16:00:00	0.551	0.450	0.177	0.133	0.481	0.432	0.148	0.134					0.522	0.406	0.177	0.126	0.443	0.363	0.152	0.126					0.504	0.421	0.189	0.143	0.482	0.404	0.225	0.126					0.487	0.412	0.226	0.145	0.412	0.431	0.247	0.133					0.404	0.417	0.233	0.164	0.493	0.424	0.241	0.144					0.467	0.400	0.229	0.151	0.466	0.421	0.229	0.161					0.466	0.404	0.209	0.146	0.439	0.399	0.233	0.161					0.399	0.370	0.230	0.131	0.438	0.404	0.235	0.144				
16:20:01	0.540	0.462	0.175	0.133	0.499	0.448	0.148	0.134					0.528	0.427	0.177	0.126	0.460	0.377	0.152	0.126					0.480	0.439	0.196	0.143	0.493	0.412	0.226	0.126					0.494	0.426	0.227	0.145	0.416	0.445	0.248	0.134					0.406	0.427	0.233	0.165	0.499	0.438	0.241	0.144					0.454	0.427	0.229	0.152	0.455	0.444	0.229	0.162					0.472	0.421	0.208	0.148	0.443	0.413	0.233	0.162					0.401	0.377	0.231	0.132	0.447	0.418	0.234	0.145				
16:40:01	0.545	0.481	0.178	0.133	0.518	0.455	0.149	0.134					0.508	0.442	0.177	0.126	0.472	0.392	0.152	0.126					0.499	0.462	0.191	0.142	0.499	0.416	0.226	0.126					0.493	0.443	0.226	0.144	0.418	0.469	0.247	0.134					0.404	0.441	0.232	0.165	0.465	0.453	0.240	0.143					0.479	0.446	0.228	0.152	0.484	0.454	0.228	0.162					0.489	0.432	0.211	0.149	0.443	0.431	0.233	0.162					0.402	0.374	0.232	0.133	0.455	0.433	0.234	0.145				
17:00:01	0.563	0.494	0.180	0.134	0.503	0.477	0.149	0.134					0.520	0.455	0.178	0.125	0.455	0.407	0.152	0.127					0.503	0.476	0.194	0.143	0.492	0.424	0.227	0.126					0.494	0.462	0.228	0.144	0.423	0.477	0.247	0.135					0.405	0.458	0.235	0.166	0.486	0.456	0.240	0.144					0.493	0.459	0.230	0.152	0.493	0.459	0.228	0.162					0.493	0.446	0.215	0.151	0.463	0.448	0.233	0.163					0.405	0.379	0.225	0.133	0.470	0.450	0.234	0.147				
17:20:01	0.579	0.509	0.179	0.134	0.513	0.490	0.150	0.134					0.528	0.475	0.181	0.126	0.478	0.425	0.152	0.127					0.504	0.499	0.198	0.144	0.496	0.431	0.228	0.127					0.500	0.478	0.228	0.145	0.427	0.487	0.248	0.135					0.408	0.480	0.234	0.166	0.495	0.471	0.240	0.145					0.484	0.475	0.231	0.154	0.497	0.472	0.227	0.163					0.493	0.451	0.221	0.152	0.476	0.471	0.233	0.164					0.408	0.382	0.237	0.134	0.482	0.472	0.234	0.149				
17:40:01	0.572	0.522	0.183	0.134	0.530	0.507	0.151	0.134					0.526	0.495	0.182	0.125	0.486	0.445	0.152	0.127					0.509	0.514	0.198	0.146	0.507	0.438	0.229	0.127					0.507	0.491	0.230	0.145	0.430	0.500	0.248	0.137					0.408	0.493	0.236	0.167	0.501	0.481	0.240	0.145					0.480	0.488	0.232	0.155	0.503	0.488	0.228	0.163					0.499	0.463	0.222	0.153	0.476	0.484	0.233	0.164					0.411	0.385	0.242	0.134	0.477	0.491	0.235	0.149				
18:00:01	0.588	0.539	0.183	0.134	0.537	0.523	0.153	0.135					0.538	0.512	0.185	0.126	0.491	0.465	0.152	0.127					0.508	0.523	0.197	0.147	0.509	0.445	0.230	0.127					0.505	0.507	0.231	0.147	0.433	0.514	0.248	0.137					0.408	0.506	0.239	0.167	0.508	0.495	0.240	0.146					0.497	0.502	0.234	0.155	0.508	0.503	0.227	0.164					0.522	0.479	0.223	0.153	0.469	0.506	0.233	0.164					0.413	0.384	0.237	0.135	0.469	0.514	0.234	0.150				
18:20:01	0.582	0.542	0.184	0.134	0.549	0.542	0.154	0.135					0.544	0.528	0.187	0.126	0.500	0.484	0.152	0.127					0.512	0.538	0.197	0.148	0.514	0.453	0.231	0.128					0.509	0.515	0.232	0.148	0.436	0.528	0.249	0.138					0.409	0.522	0.241	0.168	0.512	0.508	0.241	0.147					0.507	0.506	0.236	0.156	0.517	0.515	0.228	0.164					0.538	0.495	0.226	0.155	0.482	0.507	0.233	0.165					0.415	0.385	0.240	0.136	0.473	0.512	0.234	0.150				
18:40:01	0.592	0.534	0.182	0.135	0.561	0.565	0.156	0.135					0.548	0.541	0.186	0.126	0.502	0.504	0.152	0.128					0.514	0.542	0.202	0.149	0.518	0.459	0.232	0.128					0.513	0.531	0.234	0.148	0.440	0.545	0.249	0.139					0.410	0.526	0.239	0.168	0.514	0.528	0.241	0.148					0.508	0.524	0.234	0.157	0.524	0.526	0.228	0.165					0.549	0.513	0.228	0.155	0.486	0.554	0.233	0.166					0.417	0.388	0.247	0.137	0.488	0.521	0.234	0.151				
19:00:01	0.592	0.555	0.183	0.134	0.587	0.569	0.158	0.135					0.558	0.553	0.186	0.127	0.512	0.524	0.152	0.128					0.528	0.529	0.200	0.149	0.524	0.464	0.233	0.128					0.521	0.533	0.235	0.148	0.443	0.539	0.249	0.140					0.410	0.529	0.242	0.169	0.524	0.528	0.241	0.148					0.520	0.536	0.236	0.157	0.529	0.534	0.227	0.165					0.556	0.512	0.222	0.157	0.499	0.543	0.233	0.166					0.418	0.387	0.241	0.137	0.484	0.537	0.234	0.152				
19:20:01	0.624	0.585	0.186	0.135	0.620	0.577	0.159	0.135					0.560	0.564	0.189	0.127	0.521	0.543	0.153	0.128					0.532	0.543	0.201	0.151	0.536	0.471	0.233	0.128					0.531	0.526	0.237	0.149	0.445	0.540	0.250	0.141					0.412	0.547	0.244	0.170	0.523	0.528	0.241	0.149					0.533	0.544	0.240	0.158	0.543	0.521	0.228	0.166					0.560	0.532	0.234	0.157	0.512	0.558	0.233	0.167					0.421	0.390	0.249	0.139	0.498	0.545	0.234	0.153				
19:40:01	0.617	0.603	0.185	0.135	0.625	0.582	0.161	0.136					0.575	0.564	0.189	0.127	0.548	0.543	0.154	0.129					0.546	0.551	0.201	0.152	0.533	0.475	0.235	0.129					0.537	0.536	0.237	0.150	0.447	0.558	0.250	0.142					0.413	0.549	0.243	0.170	0.533	0.554	0.241	0.150					0.540	0.561	0.237	0.159	0.550	0.540	0.228	0.166					0.565	0.550	0.229	0.158	0.527	0.575	0.233	0.167					0.423	0.392	0.225	0.141	0.521	0.561	0.235	0.155				
20:00:01	0.589	0.628	0.188	0.135	0.625	0.618	0.165	0.136					0.595	0.565	0.194	0.127	0.565	0.556	0.154	0.129					0.557	0.559	0.202	0.155	0.554	0.481	0.236	0.129					0.553	0.551	0.239	0.155	0.453	0.572	0.250	0.144					0.419	0.557	0.246	0.171	0.546	0.558	0.242	0.152					0.558	0.574	0.241	0.161	0.555	0.553	0.228	0.167					0.568	0.535	0.239	0.159	0.540	0.590	0.234	0.167					0.427	0.402	0.244	0.143	0.535	0.584	0.236	0.156				
20:20:01	0.561	0.632	0.190	0.135	0.638	0.622	0.163	0.136					0.601	0.573	0.194	0.128	0.552	0.561	0.153	0.128					0.579	0.561	0.203	0.154	0.564	0.485	0.235	0.129					0.555	0.550	0.237	0.154	0.455	0.572	0.250	0.144					0.417	0.569	0.246	0.171	0.557	0.569	0.241	0.152					0.559	0.581	0.240	0.160	0.555	0.556	0.228	0.167					0.558	0.556	0.235	0.160	0.535	0.596	0.233	0.168					0.429	0.402	0.245	0.144	0.544	0.582	0.236	0.157				
20:40:01	0.554	0.631	0.190	0.136	0.612	0.624	0.165	0.137					0.611	0.582	0.196	0.128	0.555	0.567	0.153	0.129					0.591	0.569	0.194	0.154	0.584	0.488	0.236	0.130					0.562	0.552	0.240	0.154	0.457	0.583	0.250	0.144					0.419	0.570	0.244	0.171	0.569	0.572	0.241	0.152					0.553	0.587	0.240	0.160	0.556	0.559	0.228	0.167					0.548	0.579	0.236	0.161	0.535	0.604	0.233	0.168					0.432	0.403	0.254	0.146	0.550	0.594	0.236	0.158				
21:00:01	0.556	0.616	0.189	0.136	0.601	0.626	0.165	0.137					0.604	0.588	0.193	0.128	0.568	0.603	0.153	0.130					0.601	0.589	0.206	0.155	0.589	0.493	0.236	0.130					0.570	0.571	0.240	0.156	0.461	0.593	0.251	0.145					0.421	0.587	0.249	0.172	0.571	0.585	0.241	0.152					0.558	0.589	0.241	0.161	0.557	0.572	0.229	0.168					0.538	0.590	0.243	0.162	0.538	0.591	0.234	0.169					0.436	0.405	0.251	0.147	0.553	0.591	0.236	0.159				
21:20:01	0.566	0.580	0.191	0.136	0.583	0.611	0.166	0.137					0.599	0.619	0.195	0.129	0.566	0.618	0.154	0.129					0.607	0.596	0.206	0.157	0.586	0.496	0.237	0.130					0.568	0.576	0.241	0.156	0.462	0.610	0.251	0.145					0.423	0.595	0.249	0.172	0.566	0.602	0.242	0.153					0.554	0.587	0.243	0.162	0.554	0.588	0.228	0.168					0.539	0.599	0.237	0.163	0.537	0.591	0.234	0.169					0.441	0.410	0.254	0.149	0.550	0.587	0.237	0.160				
21:40:01	0.576	0.557	0.193	0.136	0.572	0.597	0.170	0.138					0.588	0.631	0.204	0.128	0.563	0.611	0.157	0.130					0.595	0.617	0.209	0.159	0.584	0.500	0.238	0.131					0.561	0.589	0.243	0.159	0.468	0.619	0.253	0.148					0.431	0.600	0.247	0.173	0.565	0.610	0.243	0.155					0.551	0.576	0.246	0.163	0.553	0.593	0.229	0.168					0.542	0.602	0.243	0.163	0.542	0.591	0.235	0.169					0.446	0.414	0.255	0.151	0.553	0.580	0.238	0.161				
22:00:01	0.587	0.555	0.194	0.137	0.579	0.585	0.174	0.138					0.592	0.645	0.203	0.129	0.556	0.600	0.155	0.131					0.585	0.624	0.207	0.159	0.581	0.500	0.240	0.131					0.555	0.588	0.240	0.156	0.467	0.617	0.253	0.147					0.426	0.604	0.250	0.173	0.557	0.609	0.242	0.154					0.545	0.579	0.241	0.161	0.552	0.592	0.228	0.168					0.542	0.598	0.228	0.162	0.542	0.585	0.233	0.168					0.447	0.410	0.253	0.150	0.551	0.578	0.236	0.160				
22:20:01	0.597	0.554	0.194	0.137	0.576	0.574	0.170	0.138					0.604	0.654	0.205	0.129	0.552	0.596	0.157	0.131					0.581	0.626	0.203	0.159	0.575	0.504	0.238	0.131					0.559	0.602	0.243	0.157	0.470	0.614	0.254	0.146					0.432	0.605	0.251	0.174	0.558	0.611	0.244	0.154					0.546	0.578	0.247	0.162	0.557	0.605	0.229	0.168					0.550	0.599	0.241	0.165	0.545	0.583	0.234	0.169					0.454	0.415	0.259	0.153	0.556	0.581	0.238	0.162				
22:40:01	0.606	0.557	0.194	0.138	0.580	0.582	0.172	0.138					0.603	0.651	0.202	0.129	0.561	0.588	0.157	0.131					0.580	0.621	0.209	0.160	0.576	0.507	0.239	0.131					0.560	0.609	0.244	0.157	0.475	0.615	0.254	0.147					0.434	0.600	0.252	0.174	0.558	0.610	0.244	0.154					0.547	0.576	0.247	0.163	0.558	0.600	0.229	0.169					0.556	0.585	0.235	0.164	0.548	0.581	0.234	0.170					0.459	0.419	0.253	0.154	0.557	0.582	0.238	0.163				
23:00:01	0.612	0.559	0.200	0.138	0.587	0.581	0.174	0.139					0.603	0.646	0.203	0.129	0.564	0.578	0.157	0.131					0.583	0.626	0.211	0.161	0.583	0.509	0.239	0.132					0.565	0.609	0.243	0.158	0.477	0.614	0.255	0.148					0.435	0.602	0.253	0.175	0.559	0.607	0.245	0.155					0.552	0.573	0.241	0.164	0.562	0.600	0.229	0.171					0.561	0.595	0.251	0.166	0.553	0.579	0.235	0.171					0.464	0.418	0.259	0.154	0.561	0.580	0.239	0.164				
23:20:01	0.618	0.566	0.199	0.138	0.598	0.585	0.183	0.140					0.605	0.645	0.208	0.128	0.569	0.580	0.159	0.131					0.586	0.617	0.210	0.163	0.577	0.510	0.242	0.133					0.567	0.607	0.245	0.159	0.475	0.611	0.255	0.151					0.433	0.595	0.251	0.175	0.562	0.600	0.244	0.156					0.552	0.576	0.248	0.162	0.566	0.594	0.229	0.170					0.567	0.589	0.242	0.165	0.558	0.582	0.234	0.170					0.466	0.417	0.259	0.155	0.562	0.582	0.238	0.163				
23:40:01	0.623	0.572	0.200	0.138	0.601	0.580	0.184	0.139					0.609	0.639	0.207	0.128	0.574	0.578	0.160	0.131					0.594	0.623	0.215	0.164	0.580	0.515	0.241	0.133					0.574	0.608	0.247	0.161	0.482	0.606	0.256	0.151					0.442	0.599	0.255	0.176	0.568	0.598	0.246	0.158					0.558	0.584	0.252	0.166	0.572	0.590	0.231	0.171					0.577	0.598	0.250	0.168	0.565	0.584	0.237	0.172					0.474	0.427	0.263	0.157	0.568	0.583	0.240	0.166				
24:00:01	0.624	0.579	0.201	0.139	0.607	0.584	0.183	0.140					0.611	0.649	0.209	0.131	0.579	0.582	0.159	0.131					0.602	0.624	0.204	0.162	0.584	0.516	0.240	0.133					0.572	0.612	0.246	0.160	0.484	0.607	0.257	0.150					0.440	0.597	0.253	0.176	0.572	0.597	0.246	0.157					0.560	0.590	0.244	0.166	0.575	0.586	0.231	0.172					0.581	0.599	0.253	0.167	0.567	0.586	0.237	0.171					0.476	0.424	0.259	0.158	0.571	0.583	0.240	0.166				
24:20:01	0.630	0.588	0.201	0.139	0.610	0.581	0.185	0.140					0.616	0.640	0.212	0.130	0.582	0.592	0.160	0.132					0.608	0.619	0.215	0.164	0.589	0.518	0.241	0.133					0.575	0.605	0.244	0.160	0.486	0.607	0.257	0.151					0.442	0.595	0.254	0.176	0.576	0.595	0.246	0.157					0.561	0.595	0.246	0.165	0.580	0.586	0.231	0.172					0.582	0.603	0.254	0.169	0.570	0.588	0.238	0.172					0.480	0.428	0.262	0.159	0.574	0.584	0.242	0.167				
24:40:01	0.635	0.598	0.197	0.138	0.612	0.582	0.186	0.141					0.618	0.642	0.213	0.130	0.585	0.596	0.159	0.132					0.611	0.619	0.205	0.164	0.591	0.521	0.241	0.134					0.578	0.604	0.243	0.161	0.487	0.606	0.259	0.152					0.443	0.597	0.256	0.177	0.578	0.597	0.247	0.158					0.563	0.594	0.253	0.167	0.580	0.584	0.232	0.172					0.584	0.607	0.246	0.169	0.570	0.592	0.238	0.172					0.484	0.430	0.258	0.159	0.577	0.586	0.242	0.167				
25:00:01	0.636	0.607	0.201	0.140	0.615	0.587	0.187	0.142					0.616	0.640	0.212	0.131	0.585	0.596	0.160	0.133					0.616	0.618	0.204	0.166	0.594	0.522	0.242	0.134					0.581	0.603	0.243	0.162	0.490	0.605	0.259	0.153					0.443	0.595	0.258	0.178	0.581	0.593	0.247	0.159					0.566	0.593	0.240	0.167	0.581	0.585	0.231	0.173					0.585	0.612	0.251	0.167	0.571	0.600	0.239	0.173					0.488	0.434	0.264	0.160	0.577	0.590	0.242	0.168				
25:20:01	0.638	0.614	0.198	0.140	0.617	0.594	0.189	0.143					0.618	0.637	0.209	0.132	0.587	0.597	0.161	0.133					0.620	0.617	0.210	0.168	0.600	0.524	0.242	0.135					0.582	0.604	0.243	0.162	0.493	0.605	0.260	0.154					0.446	0.597	0.259	0.178	0.585	0.598	0.248	0.160					0.568	0.596	0.256	0.167	0.581	0.587	0.232	0.171					0.586	0.613	0.243	0.167	0.568	0.604	0.239	0.173					0.493	0.435	0.256	0.161	0.576	0.595	0.242	0.168				
25:40:01	0.639	0.621	0.200	0.140	0.621	0.606	0.191	0.143					0.619	0.641	0.209	0.131	0.588	0.603	0.161	0.133					0.622	0.622	0.212	0.169	0.605	0.526	0.242	0.135					0.586	0.606	0.245	0.163	0.493	0.605	0.261	0.154					0.447	0.599	0.253	0.178	0.588	0.599	0.248	0.160					0.571	0.596	0.250	0.166	0.579	0.589	0.234	0.172					0.584	0.611	0.253	0.168	0.567	0.607	0.239	0.173					0.497	0.441	0.256	0.161	0.576	0.601	0.243	0.169				
26:00:01	0.643	0.629	0.202	0.140	0.625	0.615	0.193	0.145					0.619	0.639	0.214	0.133	0.590	0.604	0.161	0.133					0.620	0.627	0.216	0.170	0.611	0.527	0.243	0.136					0.589	0.602	0.249	0.164	0.495	0.608	0.262	0.156					0.449	0.600	0.258	0.179	0.592	0.601	0.249	0.160					0.572	0.597	0.253	0.167	0.581	0.597	0.233	0.171					0.586	0.607	0.252	0.170	0.566	0.612	0.241	0.174					0.501	0.441	0.260	0.161	0.573	0.605	0.245	0.169				
26:20:01	0.646	0.636	0.200	0.140	0.629	0.621	0.195	0.146					0.617	0.638	0.220	0.132	0.590	0.603	0.162	0.134					0.618	0.629	0.210	0.170	0.613	0.529	0.243	0.137					0.590	0.610	0.245	0.164	0.495	0.611	0.261	0.157					0.451	0.601	0.256	0.179	0.595	0.605	0.249	0.161					0.576	0.601	0.248	0.168	0.582	0.600	0.233	0.172					0.590	0.608	0.251	0.172	0.569	0.614	0.241	0.174					0.504	0.443	0.264	0.162	0.572	0.607	0.244	0.170				
26:40:01	0.649	0.642	0.208	0.141	0.634	0.629	0.203	0.148					0.616	0.642	0.217	0.132	0.598	0.604	0.165	0.134					0.617	0.628	0.210	0.171	0.616	0.528	0.245	0.139					0.590	0.611	0.249	0.164	0.495	0.614	0.262	0.159					0.450	0.605	0.253	0.179	0.596	0.607	0.248	0.162					0.580	0.604	0.247	0.169	0.579	0.599	0.233	0.174					0.593	0.608	0.250	0.171	0.571	0.615	0.240	0.173					0.506	0.442	0.255	0.160	0.568	0.609	0.245	0.170				
27:00:01	0.652	0.646	0.205	0.141	0.637	0.633	0.198	0.148					0.614	0.642	0.221	0.132	0.595	0.605	0.164	0.134					0.618	0.632	0.217	0.173	0.619	0.529	0.244	0.139					0.592	0.609	0.250	0.165	0.497	0.623	0.263	0.159					0.454	0.611	0.253	0.180	0.600	0.611	0.250	0.163					0.586	0.606	0.252	0.169	0.583	0.597	0.236	0.175					0.598	0.613	0.259	0.172	0.571	0.622	0.243	0.174					0.513	0.448	0.267	0.163	0.574	0.615	0.245	0.172				
27:20:01	0.660	0.650	0.205	0.141	0.640	0.640	0.200	0.148					0.615	0.651	0.221	0.133	0.597	0.616	0.165	0.134					0.616	0.637	0.209	0.173	0.621	0.530	0.244	0.140					0.593	0.611	0.250	0.165	0.498	0.625	0.263	0.159					0.455	0.616	0.258	0.180	0.601	0.614	0.250	0.163					0.589	0.608	0.253	0.171	0.584	0.601	0.235	0.177					0.600	0.614	0.260	0.172	0.574	0.625	0.243	0.174					0.516	0.453	0.257	0.164	0.576	0.620	0.245	0.172				
27:40:01	0.664	0.652	0.211	0.142	0.644	0.650	0.204	0.151					0.622	0.650	0.224	0.133	0.598	0.621	0.167	0.135					0.613	0.640	0.217	0.175	0.622	0.530	0.246	0.143					0.597	0.614	0.247	0.168	0.499	0.629	0.264	0.163					0.459	0.619	0.255	0.181	0.604	0.619	0.251	0.166					0.593	0.610	0.256	0.171	0.585	0.607	0.235	0.179					0.600	0.617	0.262	0.173	0.575	0.628	0.244	0.176					0.521	0.459	0.267	0.166	0.579	0.623	0.246	0.173				
28:00:01	0.668	0.652	0.212	0.142	0.644	0.654	0.202	0.151					0.622	0.651	0.221	0.134	0.599	0.624	0.163	0.134					0.611	0.644	0.222	0.173	0.624	0.529	0.245	0.142					0.601	0.618	0.244	0.165	0.499	0.638	0.264	0.161					0.459	0.621	0.259	0.181	0.604	0.625	0.251	0.165					0.593	0.612	0.254	0.171	0.585	0.612	0.235	0.179					0.604	0.617	0.261	0.171	0.578	0.630	0.245	0.176					0.525	0.462	0.262	0.167	0.584	0.625	0.246	0.174				
28:20:01	0.673	0.657	0.212	0.142	0.649	0.657	0.204	0.153					0.623	0.651	0.224	0.132	0.601	0.629	0.166	0.133					0.609	0.647	0.221	0.175	0.626	0.529	0.245	0.144					0.603	0.620	0.249	0.166	0.499	0.642	0.264	0.163					0.461	0.623	0.262	0.181	0.606	0.630	0.251	0.165					0.596	0.618	0.254	0.171	0.584	0.617	0.236	0.179					0.608	0.619	0.251	0.173	0.580	0.632	0.245	0.176					0.529	0.467	0.264	0.167	0.585	0.628	0.246	0.174				
28:40:01	0.678	0.664	0.216	0.142	0.654	0.660	0.204	0.155					0.625	0.653	0.226	0.133	0.603	0.632	0.167	0.135					0.614	0.650	0.217	0.176	0.627	0.530	0.246	0.146					0.606	0.623	0.250	0.167	0.501	0.644	0.265	0.164					0.462	0.623	0.261	0.181	0.605	0.636	0.252	0.166					0.601	0.622	0.261	0.168	0.586	0.620	0.238	0.180					0.610	0.623	0.252	0.173	0.582	0.637	0.245	0.177					0.534	0.470	0.267	0.167	0.588	0.631	0.247	0.175				
29:00:01	0.681	0.667	0.215	0.143	0.656	0.664	0.207	0.157					0.623	0.655	0.226	0.133	0.604	0.634	0.168	0.135					0.613	0.650	0.216	0.175	0.627	0.530	0.246	0.147					0.606	0.624	0.251	0.168	0.501	0.648	0.265	0.165					0.466	0.625	0.260	0.182	0.605	0.642	0.253	0.167					0.601	0.625	0.248	0.172	0.589	0.624	0.237	0.179					0.614	0.624	0.265	0.172	0.583	0.641	0.245	0.177					0.538	0.470	0.269	0.168	0.589	0.635	0.247	0.174				
29:20:01	0.684	0.670	0.223	0.143	0.656	0.669	0.207	0.157					0.625	0.656	0.229	0.134	0.604	0.635	0.168	0.135					0.616	0.650	0.213	0.176	0.626	0.530	0.248	0.148					0.609	0.623	0.250	0.168	0.503	0.649	0.265	0.168					0.468	0.629	0.264	0.181	0.604	0.646	0.253	0.169					0.603	0.629	0.248	0.172	0.590	0.627	0.238	0.180					0.615	0.629	0.254	0.172	0.584	0.642	0.245	0.176					0.542	0.475	0.271	0.168	0.594	0.638	0.248	0.175				
29:40:01	0.687	0.672	0.224	0.143	0.656	0.669	0.211	0.159					0.626	0.655	0.228	0.132	0.605	0.636	0.169	0.136					0.616	0.650	0.218	0.176	0.627	0.530	0.248	0.150					0.611	0.623	0.250	0.169	0.505	0.653	0.266	0.167					0.470	0.632	0.265	0.182	0.603	0.650	0.253	0.169					0.606	0.633	0.259	0.170	0.589	0.630	0.240	0.179					0.615	0.634	0.251	0.174	0.587	0.642	0.246	0.177					0.545	0.476	0.269	0.168	0.599	0.640	0.249	0.175				
30:00:01	0.691	0.677	0.225	0.144	0.656	0.673	0.211	0.160					0.625	0.658	0.234	0.133	0.607	0.638	0.169	0.136					0.618	0.649	0.219	0.177	0.627	0.531	0.249	0.151					0.613	0.626	0.253	0.169	0.507	0.655	0.267	0.169					0.473	0.633	0.262	0.182	0.603	0.650	0.254	0.170					0.607	0.636	0.255	0.171	0.588	0.631	0.239	0.180					0.618	0.638	0.261	0.174	0.589	0.643	0.245	0.178					0.549	0.479	0.267	0.168	0.601	0.641	0.249	0.175				
30:20:01	0.693	0.682	0.230	0.145	0.659	0.677	0.219	0.163					0.625	0.662	0.237	0.132	0.606	0.642	0.174	0.136					0.618	0.652	0.220	0.178	0.626	0.532	0.250	0.154					0.616	0.626	0.252	0.171	0.509	0.654	0.267	0.171					0.478	0.635	0.264	0.183	0.604	0.650	0.255	0.172					0.610	0.640	0.255	0.173	0.590	0.634	0.240	0.180					0.620	0.639	0.260	0.174	0.590	0.645	0.246	0.178					0.552	0.482	0.272	0.169	0.601	0.644	0.249	0.176				
30:40:01	0.695	0.686	0.224	0.144	0.660	0.680	0.217	0.164					0.625	0.659	0.233	0.132	0.607	0.641	0.169	0.137					0.619	0.650	0.222	0.178	0.625	0.531	0.250	0.153					0.617	0.628	0.250	0.170	0.509	0.656	0.268	0.172					0.478	0.633	0.261	0.183	0.603	0.652	0.255	0.171					0.609	0.643	0.255	0.173	0.591	0.633	0.240	0.180					0.621	0.638	0.264	0.175	0.594	0.648	0.246	0.178					0.557	0.483	0.266	0.170	0.604	0.645	0.250	0.175				
31:00:01	0.700	0.691	0.233	0.146	0.663	0.681	0.223	0.167					0.628	0.660	0.234	0.134	0.610	0.642	0.177	0.137					0.619	0.650	0.227	0.179	0.625	0.532	0.251	0.155					0.619	0.628	0.253	0.171	0.511	0.657	0.268	0.173					0.482	0.634	0.267	0.184	0.603	0.650	0.255	0.174					0.611	0.645	0.264	0.174	0.593	0.634	0.240	0.182					0.625	0.640	0.265	0.174	0.595	0.650	0.248	0.178					0.561	0.488	0.272	0.170	0.607	0.646	0.252	0.176				
31:20:01	0.703	0.695	0.234	0.145	0.667	0.682	0.220	0.166					0.631	0.659	0.232	0.135	0.610	0.642	0.172	0.136					0.620	0.648	0.219	0.177	0.627	0.531	0.250	0.154					0.617	0.629	0.253	0.171	0.512	0.657	0.269	0.173					0.482	0.635	0.262	0.184	0.604	0.651	0.256	0.172					0.611	0.646	0.257	0.174	0.593	0.634	0.242	0.180					0.626	0.641	0.268	0.175	0.596	0.651	0.248	0.178					0.565	0.491	0.265	0.170	0.608	0.646	0.252	0.177				
31:40:01	0.706	0.701	0.233	0.147	0.671	0.685	0.221	0.166					0.635	0.662	0.230	0.136	0.612	0.644	0.176	0.136					0.621	0.650	0.229	0.179	0.628	0.532	0.250	0.155					0.619	0.629	0.253	0.170	0.513	0.657	0.268	0.174					0.485	0.637	0.267	0.184	0.605	0.649	0.256	0.173					0.613	0.647	0.261	0.173	0.592	0.635	0.242	0.180					0.627	0.642	0.264	0.176	0.597	0.652	0.248	0.178					0.569	0.492	0.266	0.169	0.610	0.647	0.253	0.177				
32:00:01	0.710	0.705	0.233	0.147	0.674	0.688	0.223	0.168					0.635	0.661	0.236	0.135	0.612	0.644	0.175	0.136					0.621	0.649	0.222	0.179	0.628	0.532	0.250	0.155					0.620	0.632	0.253	0.171	0.515	0.655	0.270	0.174					0.487	0.637	0.268	0.185	0.606	0.649	0.257	0.173					0.614	0.649	0.257	0.174	0.593	0.636	0.241	0.181					0.630	0.644	0.264	0.177	0.597	0.653	0.248	0.178					0.573	0.494	0.267	0.170	0.611	0.648	0.253	0.177				
32:20:01	0.714	0.707	0.238	0.149	0.678	0.691	0.225	0.169					0.635	0.660	0.237	0.134	0.614	0.643	0.179	0.137					0.623	0.647	0.214	0.181	0.627	0.532	0.250	0.157					0.620	0.632	0.252	0.171	0.515	0.655	0.270	0.175					0.489	0.637	0.266	0.185	0.606	0.650	0.257	0.174					0.615	0.651	0.264	0.174	0.595	0.637	0.242	0.181					0.633	0.647	0.256	0.178	0.597	0.654	0.248	0.180					0.577	0.496	0.273	0.172	0.615	0.649	0.253	0.176				
32:40:01	0.717	0.711	0.240	0.151	0.683	0.694	0.226	0.171					0.637	0.661	0.239	0.135	0.614	0.643	0.180	0.136					0.624	0.649	0.228	0.181	0.628	0.532	0.251	0.158					0.621	0.631	0.253	0.170	0.517	0.656	0.270	0.175					0.492	0.641	0.268	0.185	0.605	0.651	0.258	0.174					0.616	0.652	0.257	0.174	0.595	0.638	0.242	0.181					0.635	0.650	0.263	0.178	0.598	0.655	0.249	0.179					0.581	0.499	0.264	0.170	0.618	0.650	0.253	0.178				
33:00:01	0.719	0.717	0.242	0.152	0.686	0.696	0.227	0.172					0.639	0.661	0.236	0.135	0.616	0.642	0.183	0.137					0.625	0.650	0.219	0.180	0.627	0.532	0.251	0.160					0.622	0.630	0.255	0.172	0.516	0.655	0.270	0.177					0.494	0.642	0.269	0.186	0.606	0.652	0.258	0.175					0.618	0.652	0.262	0.173	0.594	0.640	0.243	0.182					0.635	0.650	0.255	0.178	0.600	0.656	0.248	0.179					0.585	0.502	0.265	0.171	0.618	0.650	0.253	0.178				
33:20:01	0.722	0.721	0.245	0.150	0.689	0.700	0.229	0.173					0.641	0.660	0.237	0.136	0.615	0.642	0.180	0.137					0.626	0.651	0.222	0.180	0.626	0.535	0.251	0.161					0.623	0.632	0.255	0.173	0.517	0.655	0.271	0.178					0.497	0.645	0.266	0.186	0.608	0.651	0.258	0.176					0.619	0.652	0.252	0.174	0.594	0.639	0.243	0.181					0.638	0.650	0.255	0.178	0.601	0.655	0.249	0.180					0.589	0.505	0.269	0.171	0.619	0.652	0.254	0.178				
33:40:01	0.725	0.723	0.252	0.154	0.692	0.704	0.232	0.176					0.643	0.662	0.235	0.136	0.615	0.644	0.191	0.136					0.627	0.652	0.230	0.181	0.624	0.538	0.253	0.164					0.625	0.633	0.256	0.173	0.520	0.654	0.272	0.179					0.502	0.646	0.269	0.187	0.609	0.653	0.259	0.177					0.621	0.654	0.264	0.175	0.594	0.640	0.245	0.182					0.640	0.651	0.264	0.180	0.601	0.656	0.249	0.181					0.593	0.510	0.275	0.173	0.620	0.652	0.256	0.178				
34:00:01	0.727	0.725	0.250	0.152	0.693	0.706	0.231	0.174					0.641	0.662	0.238	0.136	0.615	0.646	0.185	0.137					0.626	0.652	0.225	0.180	0.623	0.538	0.253	0.162					0.625	0.631	0.254	0.172	0.517	0.653	0.273	0.179					0.501	0.648	0.265	0.186	0.606	0.652	0.259	0.177					0.617	0.655	0.257	0.177	0.594	0.639	0.246	0.183					0.642	0.652	0.264	0.179	0.601	0.658	0.248	0.180					0.596	0.512	0.267	0.172	0.623	0.652	0.255	0.178				
34:20:01	0.730	0.728	0.251	0.152	0.696	0.709	0.232	0.175					0.642	0.665	0.235	0.136	0.617	0.648	0.185	0.137					0.627	0.651	0.226	0.183	0.623	0.538	0.254	0.163					0.626	0.635	0.254	0.171	0.519	0.655	0.272	0.180					0.503	0.650	0.267	0.187	0.607	0.651	0.260	0.177					0.619	0.654	0.257	0.176	0.593	0.640	0.245	0.181					0.644	0.653	0.265	0.179	0.601	0.660	0.249	0.180					0.600	0.514	0.270	0.172	0.625	0.653	0.254	0.179				
34:40:02	0.732	0.730	0.252	0.152	0.699	0.710	0.233	0.177					0.643	0.664	0.232	0.136	0.618	0.649	0.185	0.137					0.627	0.651	0.227	0.182	0.620	0.539	0.254	0.163					0.627	0.639	0.257	0.173	0.518	0.654	0.273	0.180					0.505	0.648	0.269	0.187	0.607	0.650	0.259	0.177					0.621	0.655	0.263	0.176	0.590	0.639	0.245	0.180					0.644	0.656	0.260	0.180	0.601	0.661	0.248	0.181					0.603	0.517	0.269	0.172	0.626	0.654	0.256	0.179				
35:00:02	0.735	0.732	0.253	0.152	0.701	0.714	0.233	0.178					0.643	0.666	0.232	0.133	0.618	0.649	0.187	0.137					0.629	0.651	0.221	0.181	0.619	0.538	0.254	0.164					0.628	0.641	0.254	0.173	0.518	0.654	0.272	0.181					0.507	0.646	0.268	0.187	0.605	0.650	0.260	0.178					0.623	0.656	0.259	0.178	0.590	0.640	0.247	0.180					0.645	0.657	0.254	0.180	0.602	0.662	0.249	0.180					0.606	0.521	0.267	0.174	0.628	0.655	0.255	0.178				
35:20:02	0.738	0.732	0.259	0.153	0.704	0.717	0.235	0.178					0.645	0.665	0.238	0.135	0.619	0.651	0.191	0.138					0.629	0.651	0.220	0.182	0.619	0.538	0.255	0.164					0.631	0.641	0.252	0.173	0.517	0.654	0.272	0.182					0.509	0.646	0.270	0.188	0.604	0.651	0.260	0.178					0.624	0.655	0.263	0.178	0.590	0.640	0.245	0.181					0.646	0.656	0.253	0.179	0.601	0.664	0.250	0.182					0.609	0.524	0.271	0.173	0.630	0.657	0.256	0.179				
35:40:02	0.739	0.733	0.262	0.152	0.706	0.720	0.236	0.180					0.648	0.665	0.235	0.134	0.619	0.651	0.189	0.137					0.632	0.650	0.216	0.182	0.619	0.538	0.254	0.166					0.633	0.641	0.256	0.176	0.518	0.653	0.273	0.183					0.511	0.647	0.270	0.188	0.604	0.649	0.260	0.178					0.626	0.655	0.258	0.180	0.589	0.640	0.245	0.181					0.647	0.656	0.259	0.179	0.602	0.667	0.249	0.180					0.613	0.528	0.273	0.174	0.631	0.659	0.255	0.178				
36:00:02	0.741	0.733	0.261	0.152	0.707	0.722	0.236	0.180					0.650	0.667	0.240	0.133	0.620	0.652	0.191	0.138					0.633	0.649	0.231	0.181	0.618	0.538	0.255	0.167					0.634	0.641	0.258	0.173	0.517	0.654	0.273	0.183					0.513	0.646	0.264	0.188	0.602	0.650	0.261	0.178					0.626	0.655	0.263	0.180	0.589	0.639	0.244	0.182					0.649	0.657	0.269	0.182	0.604	0.668	0.250	0.182					0.617	0.532	0.272	0.174	0.633	0.660	0.255	0.176				
36:20:02	0.742	0.734	0.266	0.153	0.709	0.725	0.238	0.181					0.651	0.669	0.241	0.136	0.622	0.652	0.192	0.138					0.634	0.649	0.220	0.184	0.619	0.536	0.255	0.167					0.636	0.641	0.253	0.174	0.518	0.653	0.272	0.183					0.515	0.646	0.271	0.189	0.602	0.650	0.261	0.178					0.628	0.656	0.265	0.180	0.589	0.640	0.247	0.182					0.651	0.656	0.262	0.180	0.606	0.670	0.249	0.181					0.620	0.536	0.267	0.175	0.634	0.661	0.256	0.177				
36:40:02	0.745	0.736	0.269	0.155	0.710	0.727	0.240	0.185					0.654	0.667	0.239	0.136	0.623	0.651	0.196	0.137					0.635	0.649	0.223	0.186	0.619	0.539	0.256	0.170					0.640	0.642	0.255	0.175	0.519	0.653	0.273	0.185					0.520	0.646	0.269	0.190	0.602	0.650	0.262	0.180					0.630	0.658	0.257	0.180	0.587	0.639	0.248	0.181					0.652	0.656	0.265	0.179	0.605	0.670	0.250	0.182					0.624	0.539	0.274	0.174	0.636	0.662	0.256	0.179				
37:00:02	0.746	0.737	0.270	0.154	0.711	0.728	0.240	0.183					0.657	0.666	0.235	0.136	0.624	0.653	0.192	0.138					0.635	0.650	0.219	0.184	0.619	0.536	0.254	0.170					0.643	0.641	0.254	0.177	0.518	0.652	0.272	0.184					0.520	0.644	0.271	0.190	0.601	0.647	0.262	0.179					0.631	0.657	0.268	0.181	0.587	0.637	0.247	0.181					0.653	0.655	0.268	0.182	0.605	0.674	0.250	0.183					0.628	0.541	0.272	0.176	0.637	0.663	0.256	0.179				
37:20:02	0.749	0.738	0.271	0.155	0.713	0.730	0.240	0.184					0.658	0.665	0.239	0.136	0.622	0.653	0.196	0.138					0.638	0.652	0.228	0.185	0.621	0.537	0.255	0.171					0.644	0.639	0.256	0.178	0.519	0.649	0.273	0.184					0.523	0.642	0.269	0.189	0.601	0.647	0.262	0.180					0.633	0.660	0.261	0.180	0.587	0.635	0.247	0.182					0.654	0.653	0.259	0.182	0.606	0.675	0.250	0.182					0.631	0.546	0.273	0.176	0.639	0.663	0.257	0.177				
37:40:02	0.750	0.739	0.273	0.156	0.714	0.732	0.241	0.185					0.660	0.666	0.235	0.135	0.624	0.652	0.191	0.138					0.638	0.651	0.218	0.185	0.621	0.536	0.254	0.172					0.646	0.638	0.258	0.176	0.518	0.647	0.273	0.184					0.524	0.640	0.264	0.190	0.602	0.646	0.262	0.179					0.633	0.660	0.267	0.179	0.586	0.634	0.247	0.181					0.655	0.653	0.269	0.181	0.607	0.676	0.252	0.183					0.635	0.550	0.274	0.174	0.640	0.665	0.257	0.179				
38:00:02	0.750	0.740	0.269	0.157	0.717	0.735	0.241	0.185					0.661	0.666	0.240	0.135	0.624	0.652	0.191	0.138					0.639	0.650	0.227	0.185	0.622	0.536	0.254	0.174					0.647	0.636	0.253	0.176	0.519	0.647	0.274	0.186					0.526	0.638	0.269	0.191	0.602	0.646	0.262	0.179					0.635	0.662	0.262	0.179	0.587	0.633	0.248	0.180					0.656	0.652	0.257	0.183	0.608	0.678	0.250	0.183					0.639	0.555	0.271	0.175	0.642	0.667	0.259	0.180				
38:20:02	0.750	0.740	0.268	0.158	0.721	0.735	0.242	0.187					0.661	0.667	0.239	0.134	0.624	0.653	0.194	0.138					0.640	0.650	0.224	0.185	0.621	0.537	0.256	0.174					0.648	0.634	0.253	0.178	0.520	0.646	0.274	0.186					0.528	0.638	0.267	0.190	0.602	0.644	0.263	0.180					0.636	0.663	0.262	0.179	0.587	0.632	0.251	0.181					0.657	0.653	0.264	0.182	0.608	0.679	0.252	0.183					0.643	0.558	0.270	0.178	0.644	0.668	0.258	0.180				
38:40:02	0.748	0.741	0.269	0.160	0.722	0.737	0.243	0.188					0.661	0.666	0.239	0.134	0.623	0.651	0.196	0.138					0.639	0.650	0.220	0.185	0.620	0.537	0.255	0.175					0.648	0.634	0.257	0.177	0.520	0.644	0.274	0.187					0.530	0.636	0.269	0.191	0.602	0.643	0.262	0.180					0.637	0.663	0.263	0.180	0.587	0.631	0.250	0.181					0.658	0.656	0.269	0.184	0.609	0.680	0.252	0.183					0.646	0.561	0.270	0.179	0.645	0.668	0.259	0.180				
39:00:02	0.747	0.742	0.273	0.161	0.724	0.737	0.244	0.189					0.663	0.665	0.237	0.137	0.624	0.650	0.193	0.138					0.640	0.649	0.221	0.185	0.620	0.537	0.258	0.177					0.649	0.633	0.253	0.179	0.521	0.643	0.273	0.187					0.532	0.638	0.271	0.190	0.602	0.642	0.264	0.180					0.637	0.664	0.264	0.180	0.587	0.630	0.249	0.183					0.659	0.658	0.254	0.183	0.609	0.680	0.253	0.183					0.649	0.562	0.273	0.178	0.646	0.669	0.259	0.181				
39:20:02	0.746	0.743	0.277	0.162	0.726	0.740	0.245	0.190					0.664	0.667	0.246	0.136	0.624	0.650	0.198	0.139					0.641	0.647	0.222	0.187	0.620	0.537	0.258	0.178					0.649	0.631	0.260	0.176	0.522	0.641	0.274	0.188					0.534	0.639	0.271	0.191	0.601	0.643	0.264	0.180					0.638	0.664	0.269	0.181	0.587	0.628	0.252	0.182					0.660	0.660	0.259	0.180	0.610	0.681	0.252	0.184					0.652	0.566	0.270	0.178	0.647	0.670	0.261	0.181				
39:40:02	0.743	0.745	0.272	0.163	0.728	0.742	0.246	0.191					0.665	0.667	0.241	0.137	0.624	0.649	0.195	0.139					0.641	0.647	0.228	0.186	0.619	0.537	0.259	0.178					0.650	0.632	0.257	0.178	0.521	0.641	0.274	0.188					0.536	0.639	0.273	0.192	0.601	0.644	0.265	0.180					0.639	0.664	0.269	0.181	0.586	0.626	0.251	0.183					0.661	0.660	0.263	0.181	0.610	0.682	0.252	0.185					0.656	0.569	0.276	0.178	0.649	0.670	0.260	0.181				
40:00:02	0.741	0.747	0.277	0.165	0.730	0.743	0.246	0.192					0.666	0.665	0.240	0.136	0.625	0.648	0.194	0.139					0.642	0.648	0.229	0.188	0.619	0.538	0.260	0.179					0.651	0.633	0.255	0.178	0.523	0.640	0.276	0.189					0.539	0.638	0.273	0.193	0.601	0.644	0.264	0.180					0.639	0.663	0.270	0.183	0.586	0.626	0.251	0.185					0.661	0.660	0.262	0.181	0.610	0.685	0.252	0.184					0.659	0.571	0.273	0.177	0.651	0.671	0.260	0.180				
40:20:02	0.737	0.748	0.277	0.166	0.732	0.744	0.247	0.193					0.667	0.663	0.238	0.136	0.625	0.649	0.194	0.140					0.643	0.648	0.222	0.189	0.619	0.539	0.259	0.179					0.652	0.632	0.257	0.178	0.523	0.639	0.276	0.189					0.541	0.638	0.269	0.193	0.601	0.643	0.265	0.180					0.640	0.663	0.263	0.182	0.586	0.625	0.253	0.183					0.662	0.662	0.260	0.185	0.610	0.685	0.253	0.185					0.662	0.575	0.272	0.180	0.652	0.672	0.261	0.181				
40:40:02	0.734	0.748	0.280	0.166	0.735	0.745	0.248	0.194					0.669	0.663	0.247	0.137	0.625	0.651	0.200	0.140					0.644	0.649	0.223	0.189	0.619	0.541	0.260	0.179					0.653	0.631	0.258	0.177	0.524	0.640	0.275	0.189					0.543	0.637	0.274	0.193	0.600	0.642	0.265	0.181					0.641	0.664	0.262	0.182	0.586	0.625	0.251	0.184					0.663	0.662	0.268	0.186	0.611	0.685	0.252	0.185					0.665	0.579	0.265	0.179	0.653	0.673	0.261	0.182				
41:00:02	0.730	0.749	0.274	0.166	0.737	0.746	0.249	0.195					0.670	0.663	0.243	0.137	0.625	0.649	0.200	0.140					0.645	0.648	0.228	0.187	0.618	0.542	0.261	0.180					0.653	0.630	0.255	0.179	0.524	0.640	0.275	0.190					0.545	0.638	0.274	0.193	0.599	0.642	0.266	0.181					0.642	0.666	0.269	0.183	0.585	0.624	0.254	0.185					0.664	0.664	0.264	0.186	0.611	0.688	0.253	0.186					0.668	0.581	0.269	0.180	0.656	0.674	0.261	0.181				
41:20:02	0.726	0.750	0.275	0.166	0.739	0.746	0.249	0.196					0.671	0.663	0.245	0.136	0.625	0.650	0.201	0.141					0.646	0.649	0.235	0.189	0.618	0.543	0.261	0.180					0.655	0.629	0.260	0.179	0.525	0.638	0.276	0.191					0.547	0.636	0.268	0.194	0.599	0.641	0.266	0.182					0.643	0.666	0.260	0.187	0.584	0.624	0.252	0.184					0.666	0.663	0.262	0.186	0.611	0.688	0.253	0.186					0.671	0.583	0.272	0.180	0.656	0.676	0.262	0.182				
41:40:02	0.719	0.753	0.280	0.166	0.740	0.745	0.250	0.197					0.672	0.661	0.247	0.136	0.624	0.650	0.202	0.140					0.646	0.648	0.229	0.188	0.617	0.543	0.261	0.181					0.656	0.628	0.259	0.181	0.525	0.637	0.277	0.191					0.549	0.636	0.273	0.193	0.598	0.640	0.267	0.181					0.643	0.666	0.271	0.187	0.583	0.622	0.255	0.186					0.666	0.663	0.258	0.187	0.612	0.689	0.255	0.186					0.673	0.584	0.269	0.181	0.657	0.677	0.261	0.183				
42:00:02	0.713	0.754	0.277	0.166	0.742	0.747	0.250	0.197					0.674	0.663	0.241	0.137	0.625	0.649	0.203	0.141					0.647	0.650	0.229	0.188	0.617	0.543	0.261	0.181					0.657	0.629	0.259	0.180	0.524	0.638	0.276	0.191					0.551	0.636	0.273	0.195	0.598	0.639	0.268	0.182					0.644	0.667	0.267	0.186	0.583	0.622	0.254	0.185					0.667	0.664	0.266	0.186	0.612	0.689	0.255	0.186					0.676	0.587	0.275	0.181	0.658	0.677	0.262	0.183				
42:20:02	0.705	0.755	0.278	0.165	0.745	0.747	0.250	0.198					0.676	0.663	0.245	0.138	0.624	0.649	0.202	0.141					0.648	0.650	0.232	0.189	0.617	0.543	0.261	0.182					0.658	0.630	0.259	0.180	0.525	0.637	0.277	0.192					0.553	0.637	0.271	0.195	0.597	0.639	0.266	0.182					0.644	0.667	0.271	0.186	0.583	0.620	0.256	0.185					0.668	0.666	0.269	0.187	0.613	0.689	0.254	0.187					0.679	0.590	0.270	0.182	0.658	0.677	0.262	0.182				
42:40:02	0.697	0.758	0.279	0.167	0.747	0.747	0.250	0.199					0.677	0.662	0.244	0.138	0.625	0.648	0.203	0.142					0.649	0.649	0.229	0.190	0.615	0.543	0.260	0.183					0.660	0.629	0.260	0.178	0.524	0.635	0.276	0.192					0.554	0.636	0.269	0.195	0.596	0.638	0.267	0.182					0.645	0.668	0.270	0.186	0.581	0.620	0.254	0.186					0.668	0.665	0.269	0.185	0.612	0.689	0.256	0.187					0.681	0.592	0.275	0.183	0.659	0.678	0.263	0.183				
43:00:02	0.687	0.759	0.286	0.167	0.749	0.748	0.251	0.200					0.678	0.661	0.242	0.138	0.625	0.649	0.203	0.142					0.650	0.649	0.230	0.189	0.615	0.544	0.261	0.184					0.660	0.629	0.261	0.180	0.524	0.635	0.275	0.192					0.556	0.635	0.274	0.196	0.596	0.639	0.267	0.182					0.644	0.668	0.261	0.188	0.580	0.620	0.256	0.185					0.670	0.667	0.262	0.184	0.612	0.689	0.254	0.188					0.684	0.596	0.277	0.183	0.660	0.678	0.262	0.182				
43:20:02	0.675	0.763	0.277	0.167	0.751	0.749	0.252	0.201					0.679	0.661	0.250	0.138	0.625	0.649	0.201	0.142					0.650	0.648	0.231	0.190	0.615	0.546	0.261	0.185					0.661	0.629	0.257	0.182	0.524	0.634	0.276	0.193					0.558	0.634	0.277	0.195	0.596	0.637	0.268	0.183					0.645	0.669	0.267	0.189	0.580	0.619	0.254	0.185					0.672	0.665	0.256	0.187	0.613	0.690	0.256	0.188					0.687	0.598	0.276	0.184	0.660	0.678	0.264	0.182				
43:40:02	0.664	0.766	0.281	0.168	0.753	0.749	0.253	0.201					0.680	0.660	0.249	0.138	0.626	0.649	0.201	0.142					0.652	0.647	0.232	0.191	0.615	0.546	0.261	0.185					0.662	0.628	0.259	0.180	0.524	0.635	0.276	0.193					0.561	0.634	0.277	0.197	0.596	0.637	0.267	0.183					0.645	0.670	0.268	0.188	0.580	0.619	0.256	0.186					0.674	0.667	0.262	0.186	0.613	0.690	0.256	0.188					0.690	0.600	0.273	0.183	0.662	0.678	0.265	0.183				
44:00:02	0.652	0.769	0.281	0.171	0.754	0.750	0.253	0.202					0.682	0.662	0.249	0.139	0.626	0.649	0.201	0.142					0.652	0.647	0.231	0.192	0.615	0.548	0.261	0.186					0.662	0.627	0.261	0.182	0.525	0.635	0.277	0.194					0.563	0.634	0.275	0.197	0.596	0.636	0.268	0.183					0.645	0.671	0.272	0.188	0.580	0.617	0.257	0.186					0.675	0.667	0.260	0.188	0.613	0.690	0.254	0.188					0.692	0.603	0.277	0.184	0.664	0.679	0.263	0.183				
44:20:02	0.640	0.771	0.287	0.175	0.756	0.751	0.254	0.203					0.685	0.662	0.251	0.138	0.626	0.649	0.207	0.144					0.654	0.648	0.228	0.194	0.614	0.552	0.264	0.188					0.663	0.628	0.258	0.183	0.526	0.635	0.278	0.195					0.566	0.634	0.276	0.197	0.595	0.635	0.268	0.184					0.646	0.671	0.272	0.190	0.580	0.615	0.257	0.186					0.677	0.668	0.269	0.188	0.613	0.689	0.256	0.189					0.696	0.607	0.280	0.185	0.665	0.679	0.265	0.182				
44:40:02	0.628	0.774	0.285	0.176	0.758	0.750	0.254	0.204					0.686	0.663	0.251	0.139	0.626	0.649	0.214	0.145					0.654	0.647	0.238	0.194	0.613	0.552	0.264	0.189					0.663	0.627	0.261	0.183	0.524	0.634	0.277	0.195					0.568	0.633	0.276	0.198	0.595	0.633	0.268	0.185					0.647	0.671	0.268	0.192	0.580	0.613	0.256	0.186					0.678	0.667	0.274	0.189	0.613	0.688	0.258	0.190					0.698	0.611	0.277	0.184	0.665	0.679	0.266	0.183				
45:00:02	0.618	0.777	0.285	0.177	0.760	0.751	0.256	0.204					0.685	0.662	0.253	0.140	0.627	0.649	0.208	0.145					0.652	0.645	0.230	0.192	0.610	0.549	0.264	0.189					0.660	0.624	0.259	0.181	0.522	0.632	0.277	0.195					0.567	0.629	0.273	0.198	0.593	0.631	0.268	0.185					0.645	0.668	0.262	0.188	0.576	0.610	0.256	0.185					0.678	0.665	0.271	0.188	0.612	0.686	0.256	0.188					0.699	0.612	0.272	0.183	0.664	0.676	0.266	0.183				
45:20:02	0.613	0.780	0.289	0.177	0.763	0.752	0.254	0.203					0.687	0.661	0.248	0.138	0.627	0.649	0.206	0.144					0.654	0.647	0.236	0.191	0.612	0.551	0.262	0.188					0.663	0.625	0.257	0.183	0.525	0.632	0.278	0.196					0.571	0.632	0.269	0.198	0.596	0.630	0.270	0.185					0.647	0.670	0.268	0.191	0.578	0.613	0.255	0.187					0.681	0.668	0.266	0.187	0.614	0.689	0.258	0.189					0.704	0.618	0.268	0.185	0.667	0.678	0.266	0.183				
45:40:02	0.609	0.781	0.285	0.180	0.764	0.752	0.256	0.204					0.686	0.662	0.252	0.140	0.629	0.649	0.212	0.146					0.652	0.645	0.234	0.195	0.611	0.551	0.264	0.190					0.661	0.622	0.258	0.183	0.525	0.630	0.277	0.196					0.574	0.630	0.276	0.197	0.593	0.629	0.270	0.184					0.645	0.669	0.266	0.190	0.576	0.611	0.256	0.186					0.681	0.668	0.265	0.186	0.613	0.686	0.257	0.188					0.705	0.618	0.273	0.184	0.666	0.676	0.265	0.184				
46:00:02	0.607	0.783	0.290	0.182	0.766	0.753	0.255	0.203					0.688	0.661	0.248	0.138	0.629	0.650	0.209	0.145					0.654	0.646	0.235	0.194	0.612	0.553	0.263	0.189					0.664	0.622	0.258	0.183	0.527	0.629	0.278	0.196					0.581	0.632	0.275	0.199	0.595	0.629	0.270	0.185					0.648	0.671	0.267	0.191	0.578	0.613	0.257	0.187					0.684	0.670	0.262	0.187	0.616	0.687	0.258	0.189					0.710	0.622	0.275	0.187	0.669	0.678	0.267	0.185				
46:20:02	0.604	0.786	0.289	0.183	0.768	0.754	0.256	0.205					0.688	0.660	0.250	0.137	0.628	0.649	0.215	0.145					0.655	0.645	0.233	0.197	0.611	0.555	0.263	0.190					0.664	0.622	0.255	0.182	0.530	0.629	0.278	0.197					0.588	0.632	0.279	0.198	0.595	0.629	0.270	0.186					0.648	0.672	0.270	0.189	0.578	0.611	0.257	0.187					0.686	0.670	0.261	0.186	0.616	0.687	0.259	0.190					0.714	0.624	0.273	0.185	0.670	0.678	0.268	0.185				
46:40:02	0.601	0.789	0.287	0.185	0.771	0.755	0.258	0.206					0.688	0.659	0.247	0.139	0.628	0.649	0.216	0.147					0.655	0.645	0.236	0.195	0.610	0.562	0.263	0.190					0.664	0.622	0.258	0.183	0.530	0.626	0.279	0.197					0.602	0.632	0.272	0.199	0.594	0.627	0.269	0.186					0.648	0.673	0.260	0.189	0.577	0.609	0.259	0.188					0.688	0.669	0.273	0.188	0.616	0.687	0.258	0.191					0.719	0.625	0.275	0.187	0.670	0.678	0.267	0.184				
47:00:02	0.598	0.791	0.292	0.186	0.773	0.755	0.260	0.205					0.688	0.661	0.253	0.141	0.629	0.648	0.214	0.147					0.656	0.646	0.240	0.195	0.610	0.573	0.264	0.191					0.664	0.622	0.259	0.186	0.530	0.625	0.278	0.198					0.610	0.632	0.277	0.200	0.594	0.625	0.269	0.186					0.648	0.672	0.263	0.192	0.576	0.609	0.259	0.187					0.690	0.669	0.262	0.187	0.616	0.686	0.259	0.190					0.723	0.627	0.279	0.186	0.671	0.678	0.268	0.185				
47:20:02	0.594	0.793	0.285	0.186	0.775	0.757	0.261	0.207					0.690	0.661	0.253	0.140	0.629	0.648	0.218	0.148					0.656	0.646	0.232	0.197	0.609	0.585	0.264	0.192					0.664	0.621	0.260	0.182	0.532	0.623	0.280	0.197					0.611	0.632	0.273	0.199	0.594	0.625	0.269	0.186					0.649	0.672	0.269	0.192	0.576	0.608	0.259	0.188					0.691	0.669	0.270	0.188	0.617	0.686	0.258	0.190					0.729	0.630	0.270	0.187	0.671	0.677	0.268	0.185				
47:40:02	0.593	0.795	0.288	0.189	0.777	0.758	0.263	0.208					0.691	0.662	0.259	0.140	0.628	0.649	0.225	0.150					0.657	0.647	0.236	0.196	0.608	0.587	0.264	0.194					0.664	0.620	0.262	0.187	0.538	0.622	0.279	0.198					0.607	0.631	0.275	0.200	0.592	0.622	0.271	0.187					0.648	0.672	0.264	0.190	0.575	0.607	0.259	0.188					0.692	0.669	0.268	0.191	0.615	0.684	0.258	0.192					0.730	0.632	0.278	0.187	0.671	0.676	0.268	0.185				
48:00:02	0.590	0.797	0.292	0.189	0.779	0.759	0.263	0.207					0.690	0.662	0.260	0.141	0.627	0.648	0.226	0.150					0.656	0.647	0.240	0.197	0.606	0.591	0.265	0.194					0.664	0.618	0.261	0.185	0.544	0.621	0.279	0.198					0.604	0.630	0.276	0.199	0.590	0.621	0.269	0.187					0.648	0.671	0.269	0.191	0.574	0.604	0.258	0.188					0.694	0.670	0.271	0.188	0.614	0.684	0.260	0.192					0.732	0.634	0.281	0.188	0.671	0.675	0.268	0.185				

