Field Group

Plate Comment:	
Procedure Summary
  Plate Type:              Corning 96 well for LogPhase600
  Plate Number:            3
  Discontinuous Kinetics:  Runtime 02:00:00 (D:HH:MM), Interval 00:20:00 (HH:MM:SS), 145 Reads (max)
  Read:                    600 nm
  Incubator:               On
    Temperature setpoint:  30 °C
    Temperature gradient:  Off
  Shaking:                 On
     Shaking frequency:    600 RPMs		
			
			

600

Time	A1	A2	A3	A4	A5	A6	A7	A8	A9	A10	A11	A12	B1	B2	B3	B4	B5	B6	B7	B8	B9	B10	B11	B12	C1	C2	C3	C4	C5	C6	C7	C8	C9	C10	C11	C12	D1	D2	D3	D4	D5	D6	D7	D8	D9	D10	D11	D12	E1	E2	E3	E4	E5	E6	E7	E8	E9	E10	E11	E12	F1	F2	F3	F4	F5	F6	F7	F8	F9	F10	F11	F12	G1	G2	G3	G4	G5	G6	G7	G8	G9	G10	G11	G12	H1	H2	H3	H4	H5	H6	H7	H8	H9	H10	H11	H12
0:00:00	0.116	0.116	0.119	0.118									0.116	0.116	0.116	0.116									0.115	0.116	0.116	0.116									0.119	0.118	0.116	0.116									0.116	0.116	0.117	0.123									0.116	0.116	0.115	0.119									0.115	0.119	0.116	0.118									0.115	0.115	0.116	0.119								
0:20:00	0.115	0.116	0.119	0.118									0.116	0.116	0.116	0.116									0.115	0.115	0.116	0.116									0.119	0.118	0.116	0.116									0.116	0.116	0.117	0.134									0.116	0.116	0.115	0.118									0.115	0.119	0.116	0.118									0.115	0.115	0.116	0.118								
0:40:00	0.115	0.116	0.119	0.119									0.115	0.116	0.115	0.115									0.115	0.115	0.116	0.116									0.119	0.117	0.116	0.116									0.116	0.116	0.117	0.145									0.116	0.116	0.115	0.118									0.115	0.119	0.116	0.118									0.115	0.115	0.116	0.118								
1:00:00	0.115	0.116	0.119	0.118									0.115	0.116	0.115	0.115									0.115	0.115	0.116	0.116									0.119	0.117	0.116	0.116									0.116	0.116	0.117	0.151									0.116	0.116	0.115	0.118									0.115	0.119	0.116	0.117									0.115	0.115	0.115	0.119								
1:20:00	0.116	0.116	0.119	0.118									0.116	0.116	0.115	0.115									0.115	0.115	0.116	0.115									0.119	0.117	0.116	0.116									0.116	0.116	0.117	0.152									0.116	0.116	0.115	0.118									0.115	0.119	0.116	0.117									0.115	0.115	0.115	0.119								
1:40:00	0.116	0.116	0.120	0.119									0.116	0.116	0.116	0.115									0.115	0.116	0.116	0.116									0.119	0.117	0.116	0.116									0.116	0.116	0.117	0.158									0.116	0.116	0.115	0.118									0.115	0.119	0.116	0.118									0.115	0.115	0.116	0.119								
2:00:00	0.116	0.116	0.120	0.118									0.116	0.116	0.116	0.115									0.116	0.116	0.116	0.116									0.119	0.117	0.116	0.116									0.116	0.116	0.117	0.159									0.116	0.116	0.115	0.119									0.115	0.119	0.116	0.118									0.115	0.115	0.115	0.119								
2:20:00	0.116	0.116	0.120	0.119									0.116	0.116	0.116	0.116									0.116	0.116	0.116	0.116									0.119	0.117	0.116	0.116									0.116	0.116	0.117	0.161									0.116	0.116	0.115	0.118									0.115	0.119	0.116	0.118									0.115	0.115	0.116	0.119								
2:40:00	0.116	0.116	0.120	0.119									0.116	0.116	0.116	0.115									0.116	0.115	0.116	0.116									0.119	0.117	0.116	0.116									0.116	0.116	0.117	0.163									0.116	0.116	0.115	0.118									0.115	0.119	0.116	0.118									0.115	0.115	0.115	0.119								
3:00:00	0.116	0.116	0.120	0.119									0.116	0.116	0.115	0.116									0.116	0.116	0.116	0.116									0.119	0.117	0.116	0.116									0.117	0.116	0.117	0.157									0.116	0.116	0.115	0.118									0.115	0.119	0.116	0.118									0.115	0.116	0.116	0.119								
3:20:00	0.116	0.117	0.120	0.119									0.116	0.116	0.116	0.115									0.116	0.116	0.116	0.116									0.119	0.117	0.116	0.116									0.117	0.116	0.117	0.159									0.116	0.116	0.115	0.119									0.115	0.119	0.116	0.118									0.115	0.115	0.116	0.119								
3:40:00	0.116	0.117	0.120	0.119									0.116	0.116	0.116	0.116									0.116	0.116	0.116	0.116									0.119	0.117	0.116	0.116									0.117	0.116	0.117	0.164									0.116	0.116	0.115	0.118									0.115	0.119	0.116	0.118									0.116	0.116	0.116	0.119								
4:00:00	0.116	0.117	0.120	0.119									0.116	0.116	0.116	0.116									0.116	0.116	0.116	0.116									0.119	0.117	0.116	0.116									0.117	0.116	0.117	0.168									0.116	0.116	0.115	0.118									0.115	0.119	0.116	0.118									0.116	0.116	0.116	0.119								
4:20:00	0.117	0.116	0.120	0.119									0.116	0.116	0.116	0.116									0.116	0.115	0.116	0.116									0.119	0.117	0.116	0.116									0.117	0.116	0.117	0.166									0.116	0.116	0.115	0.117									0.115	0.119	0.116	0.118									0.116	0.116	0.116	0.119								
4:40:00	0.117	0.117	0.120	0.119									0.116	0.116	0.116	0.116									0.116	0.116	0.117	0.116									0.120	0.117	0.116	0.116									0.117	0.116	0.118	0.167									0.116	0.116	0.115	0.118									0.115	0.119	0.117	0.118									0.116	0.116	0.116	0.119								
5:00:00	0.117	0.117	0.120	0.119									0.116	0.116	0.116	0.116									0.116	0.116	0.117	0.116									0.120	0.117	0.116	0.116									0.117	0.116	0.118	0.163									0.117	0.116	0.115	0.117									0.115	0.119	0.117	0.118									0.116	0.116	0.116	0.119								
5:20:00	0.117	0.117	0.120	0.119									0.116	0.116	0.116	0.116									0.116	0.116	0.117	0.116									0.120	0.117	0.116	0.116									0.117	0.117	0.118	0.169									0.117	0.116	0.116	0.118									0.116	0.119	0.117	0.118									0.116	0.116	0.116	0.119								
5:40:00	0.117	0.117	0.120	0.119									0.117	0.117	0.116	0.116									0.116	0.116	0.117	0.116									0.120	0.117	0.117	0.116									0.118	0.117	0.118	0.158									0.117	0.116	0.115	0.118									0.116	0.119	0.117	0.118									0.116	0.116	0.116	0.119								
6:00:00	0.117	0.117	0.120	0.119									0.117	0.117	0.116	0.116									0.116	0.116	0.117	0.116									0.120	0.118	0.117	0.116									0.118	0.116	0.118	0.162									0.117	0.116	0.115	0.119									0.116	0.119	0.117	0.119									0.116	0.116	0.116	0.119								
6:20:00	0.117	0.117	0.120	0.119									0.117	0.117	0.116	0.116									0.117	0.116	0.117	0.116									0.120	0.118	0.117	0.117									0.118	0.117	0.118	0.175									0.117	0.116	0.116	0.118									0.116	0.120	0.117	0.118									0.116	0.116	0.116	0.119								
6:40:00	0.118	0.117	0.121	0.120									0.117	0.117	0.116	0.116									0.117	0.116	0.117	0.116									0.120	0.118	0.117	0.117									0.118	0.117	0.118	0.162									0.117	0.117	0.116	0.118									0.116	0.119	0.117	0.119									0.117	0.116	0.116	0.119								
7:00:00	0.118	0.117	0.121	0.119									0.117	0.117	0.116	0.116									0.117	0.116	0.117	0.116									0.120	0.118	0.117	0.117									0.118	0.117	0.118	0.175									0.117	0.116	0.116	0.120									0.116	0.120	0.117	0.119									0.117	0.116	0.116	0.119								
7:20:00	0.118	0.117	0.121	0.119									0.117	0.117	0.116	0.116									0.117	0.116	0.117	0.116									0.120	0.118	0.117	0.117									0.118	0.117	0.118	0.174									0.117	0.116	0.116	0.117									0.116	0.120	0.117	0.119									0.117	0.116	0.116	0.119								
7:40:00	0.118	0.117	0.121	0.119									0.117	0.117	0.116	0.116									0.117	0.116	0.117	0.116									0.120	0.118	0.117	0.117									0.119	0.117	0.118	0.176									0.117	0.117	0.116	0.119									0.116	0.120	0.117	0.119									0.117	0.116	0.116	0.119								
8:00:00	0.118	0.117	0.121	0.119									0.117	0.117	0.116	0.116									0.117	0.116	0.117	0.117									0.121	0.118	0.117	0.116									0.119	0.117	0.118	0.169									0.118	0.117	0.116	0.117									0.117	0.120	0.117	0.119									0.117	0.117	0.116	0.119								
8:20:00	0.118	0.117	0.121	0.119									0.118	0.117	0.117	0.116									0.117	0.116	0.117	0.117									0.121	0.118	0.117	0.117									0.119	0.117	0.119	0.171									0.118	0.117	0.116	0.118									0.117	0.120	0.117	0.119									0.117	0.116	0.117	0.119								
8:40:00	0.119	0.117	0.121	0.120									0.118	0.117	0.117	0.116									0.117	0.116	0.117	0.117									0.121	0.118	0.117	0.117									0.119	0.117	0.119	0.177									0.118	0.117	0.116	0.119									0.117	0.120	0.117	0.119									0.118	0.117	0.117	0.119								
9:00:00	0.119	0.117	0.121	0.120									0.118	0.117	0.117	0.116									0.117	0.117	0.118	0.117									0.121	0.118	0.117	0.117									0.119	0.117	0.119	0.171									0.118	0.117	0.116	0.118									0.117	0.120	0.117	0.119									0.118	0.117	0.117	0.119								
9:20:00	0.119	0.117	0.121	0.120									0.118	0.117	0.117	0.116									0.117	0.117	0.118	0.117									0.121	0.118	0.117	0.117									0.119	0.117	0.119	0.178									0.118	0.117	0.116	0.119									0.117	0.120	0.117	0.119									0.118	0.117	0.117	0.119								
9:40:00	0.119	0.117	0.121	0.120									0.118	0.117	0.117	0.117									0.118	0.117	0.118	0.117									0.122	0.118	0.118	0.117									0.120	0.118	0.119	0.169									0.119	0.117	0.117	0.120									0.117	0.120	0.117	0.119									0.118	0.117	0.117	0.119								
10:00:00	0.120	0.117	0.121	0.120									0.118	0.118	0.117	0.116									0.118	0.117	0.118	0.117									0.122	0.118	0.118	0.117									0.120	0.118	0.119	0.161									0.119	0.117	0.117	0.120									0.118	0.120	0.117	0.119									0.119	0.118	0.117	0.120								
10:20:01	0.119	0.118	0.121	0.120									0.118	0.118	0.117	0.117									0.118	0.117	0.118	0.117									0.122	0.118	0.118	0.117									0.120	0.118	0.119	0.176									0.119	0.117	0.117	0.119									0.118	0.120	0.118	0.119									0.119	0.117	0.117	0.119								
10:40:01	0.120	0.118	0.122	0.120									0.119	0.118	0.117	0.117									0.118	0.117	0.118	0.117									0.122	0.118	0.118	0.117									0.120	0.118	0.119	0.169									0.120	0.117	0.117	0.120									0.118	0.120	0.118	0.119									0.120	0.117	0.117	0.119								
11:00:01	0.120	0.118	0.122	0.120									0.119	0.118	0.117	0.117									0.118	0.117	0.118	0.117									0.122	0.118	0.118	0.117									0.121	0.118	0.119	0.173									0.120	0.117	0.117	0.120									0.118	0.120	0.118	0.119									0.120	0.117	0.117	0.120								
11:20:01	0.120	0.118	0.122	0.120									0.119	0.118	0.117	0.116									0.119	0.117	0.118	0.117									0.123	0.118	0.118	0.117									0.121	0.118	0.120	0.160									0.120	0.117	0.117	0.120									0.119	0.120	0.118	0.119									0.121	0.118	0.117	0.120								
11:40:01	0.120	0.118	0.122	0.120									0.119	0.118	0.117	0.117									0.119	0.117	0.118	0.117									0.123	0.118	0.118	0.117									0.121	0.118	0.119	0.166									0.121	0.117	0.117	0.119									0.119	0.120	0.118	0.119									0.122	0.118	0.117	0.120								
12:00:01	0.121	0.118	0.122	0.120									0.120	0.118	0.117	0.117									0.119	0.117	0.119	0.117									0.123	0.119	0.118	0.117									0.122	0.118	0.120	0.170									0.122	0.117	0.117	0.119									0.120	0.121	0.118	0.119									0.123	0.118	0.117	0.120								
12:20:01	0.121	0.118	0.122	0.120									0.120	0.118	0.117	0.117									0.120	0.117	0.119	0.117									0.124	0.119	0.118	0.117									0.122	0.119	0.120	0.172									0.123	0.118	0.117	0.120									0.120	0.121	0.118	0.120									0.124	0.118	0.117	0.120								
12:40:01	0.121	0.118	0.122	0.120									0.120	0.118	0.118	0.117									0.120	0.118	0.119	0.117									0.125	0.119	0.119	0.118									0.123	0.119	0.120	0.163									0.124	0.118	0.117	0.120									0.120	0.120	0.118	0.120									0.126	0.119	0.117	0.120								
13:00:01	0.121	0.118	0.122	0.120									0.121	0.118	0.118	0.117									0.120	0.118	0.119	0.117									0.125	0.119	0.118	0.118									0.123	0.119	0.120	0.173									0.126	0.118	0.117	0.120									0.121	0.121	0.118	0.119									0.128	0.118	0.117	0.120								
13:20:01	0.122	0.118	0.122	0.121									0.121	0.118	0.118	0.117									0.121	0.118	0.119	0.117									0.126	0.119	0.118	0.117									0.124	0.119	0.120	0.164									0.128	0.118	0.117	0.120									0.122	0.121	0.118	0.120									0.130	0.119	0.117	0.120								
13:40:01	0.122	0.118	0.122	0.121									0.122	0.118	0.118	0.117									0.122	0.118	0.119	0.117									0.127	0.119	0.118	0.118									0.125	0.119	0.120	0.172									0.129	0.118	0.117	0.120									0.124	0.121	0.118	0.120									0.131	0.119	0.117	0.120								
14:00:01	0.123	0.118	0.122	0.121									0.123	0.118	0.118	0.117									0.123	0.118	0.119	0.117									0.128	0.119	0.118	0.117									0.125	0.119	0.120	0.164									0.130	0.118	0.117	0.120									0.126	0.121	0.118	0.120									0.132	0.119	0.118	0.120								
14:20:01	0.124	0.119	0.122	0.121									0.124	0.118	0.118	0.117									0.125	0.118	0.119	0.117									0.129	0.119	0.119	0.118									0.127	0.119	0.120	0.172									0.131	0.119	0.118	0.120									0.128	0.121	0.118	0.120									0.132	0.119	0.117	0.120								
14:40:01	0.125	0.118	0.122	0.121									0.125	0.118	0.118	0.117									0.127	0.118	0.119	0.117									0.131	0.119	0.119	0.118									0.128	0.120	0.120	0.171									0.132	0.119	0.118	0.120									0.129	0.121	0.119	0.120									0.132	0.120	0.118	0.120								
15:00:01	0.126	0.118	0.123	0.121									0.127	0.119	0.118	0.117									0.128	0.118	0.119	0.118									0.133	0.119	0.119	0.118									0.129	0.120	0.120	0.171									0.132	0.119	0.118	0.120									0.130	0.121	0.119	0.120									0.133	0.120	0.118	0.121								
15:20:01	0.128	0.118	0.123	0.121									0.129	0.118	0.118	0.117									0.130	0.119	0.120	0.118									0.134	0.119	0.119	0.118									0.130	0.120	0.120	0.156									0.133	0.119	0.118	0.121									0.131	0.121	0.119	0.120									0.133	0.121	0.118	0.121								
15:40:01	0.129	0.119	0.123	0.121									0.130	0.119	0.118	0.117									0.131	0.119	0.120	0.118									0.135	0.120	0.119	0.118									0.131	0.120	0.120	0.170									0.133	0.119	0.118	0.121									0.132	0.121	0.119	0.120									0.133	0.122	0.118	0.121								
16:00:01	0.130	0.119	0.123	0.121									0.131	0.119	0.118	0.118									0.132	0.119	0.120	0.118									0.136	0.120	0.119	0.118									0.132	0.121	0.121	0.171									0.133	0.120	0.118	0.120									0.132	0.121	0.119	0.120									0.133	0.123	0.118	0.121								
16:20:01	0.131	0.119	0.123	0.121									0.132	0.119	0.118	0.118									0.132	0.120	0.120	0.118									0.136	0.120	0.119	0.118									0.133	0.121	0.121	0.165									0.133	0.120	0.118	0.120									0.132	0.122	0.119	0.120									0.133	0.124	0.118	0.121								
16:40:01	0.132	0.119	0.123	0.121									0.132	0.119	0.119	0.118									0.133	0.120	0.120	0.118									0.136	0.120	0.119	0.118									0.133	0.121	0.121	0.170									0.134	0.120	0.118	0.121									0.133	0.122	0.119	0.120									0.133	0.125	0.118	0.122								
17:00:01	0.133	0.119	0.123	0.122									0.133	0.119	0.119	0.118									0.133	0.121	0.120	0.118									0.136	0.120	0.119	0.118									0.134	0.122	0.121	0.169									0.134	0.121	0.118	0.121									0.133	0.122	0.119	0.121									0.133	0.126	0.119	0.121								
17:20:01	0.134	0.119	0.123	0.122									0.134	0.119	0.119	0.118									0.133	0.121	0.120	0.118									0.137	0.121	0.120	0.119									0.134	0.123	0.121	0.156									0.134	0.122	0.119	0.122									0.133	0.122	0.119	0.121									0.134	0.128	0.119	0.122								
17:40:01	0.134	0.119	0.123	0.122									0.134	0.119	0.119	0.118									0.133	0.122	0.120	0.118									0.137	0.121	0.120	0.119									0.134	0.123	0.121	0.163									0.135	0.122	0.118	0.122									0.133	0.122	0.119	0.121									0.134	0.128	0.119	0.122								
18:00:01	0.134	0.120	0.123	0.122									0.134	0.120	0.119	0.118									0.133	0.123	0.120	0.119									0.137	0.122	0.120	0.119									0.134	0.124	0.121	0.164									0.135	0.123	0.119	0.121									0.134	0.122	0.120	0.121									0.134	0.130	0.119	0.122								
18:20:01	0.134	0.120	0.124	0.122									0.134	0.120	0.119	0.118									0.134	0.124	0.121	0.119									0.137	0.122	0.120	0.119									0.135	0.125	0.121	0.162									0.135	0.124	0.119	0.121									0.134	0.123	0.120	0.121									0.135	0.131	0.119	0.122								
18:40:01	0.135	0.120	0.124	0.122									0.134	0.121	0.119	0.118									0.134	0.125	0.121	0.119									0.138	0.122	0.120	0.119									0.135	0.126	0.121	0.159									0.136	0.126	0.119	0.122									0.135	0.124	0.120	0.121									0.135	0.131	0.119	0.122								
19:00:01	0.135	0.121	0.124	0.122									0.135	0.121	0.119	0.119									0.135	0.126	0.121	0.119									0.138	0.123	0.120	0.119									0.136	0.127	0.121	0.158									0.136	0.126	0.119	0.122									0.135	0.124	0.120	0.121									0.135	0.131	0.119	0.122								
19:20:01	0.136	0.121	0.124	0.122									0.135	0.122	0.120	0.119									0.135	0.128	0.121	0.119									0.139	0.124	0.120	0.119									0.136	0.128	0.122	0.150									0.136	0.128	0.119	0.121									0.135	0.125	0.120	0.121									0.136	0.132	0.119	0.123								
19:40:01	0.136	0.122	0.124	0.122									0.135	0.122	0.120	0.118									0.136	0.129	0.121	0.119									0.139	0.125	0.120	0.119									0.136	0.128	0.122	0.149									0.137	0.128	0.119	0.122									0.136	0.126	0.121	0.121									0.136	0.132	0.120	0.123								
20:00:01	0.136	0.122	0.124	0.123									0.136	0.123	0.120	0.119									0.136	0.129	0.121	0.119									0.139	0.125	0.120	0.119									0.137	0.129	0.122	0.158									0.137	0.129	0.119	0.122									0.136	0.127	0.121	0.122									0.136	0.133	0.120	0.123								
20:20:01	0.137	0.122	0.125	0.123									0.136	0.124	0.120	0.119									0.137	0.130	0.121	0.120									0.140	0.126	0.120	0.119									0.137	0.130	0.122	0.147									0.137	0.129	0.120	0.122									0.136	0.128	0.121	0.122									0.137	0.133	0.120	0.123								
20:40:01	0.137	0.123	0.125	0.123									0.137	0.126	0.120	0.119									0.137	0.130	0.122	0.120									0.140	0.128	0.121	0.120									0.137	0.130	0.122	0.152									0.138	0.130	0.120	0.122									0.137	0.129	0.121	0.122									0.137	0.134	0.120	0.123								
21:00:01	0.138	0.124	0.125	0.123									0.137	0.127	0.121	0.119									0.137	0.131	0.122	0.120									0.141	0.129	0.121	0.120									0.138	0.131	0.122	0.146									0.138	0.131	0.120	0.122									0.137	0.131	0.121	0.122									0.137	0.134	0.120	0.123								
21:20:01	0.139	0.125	0.126	0.123									0.137	0.127	0.121	0.120									0.138	0.132	0.122	0.120									0.141	0.130	0.121	0.120									0.138	0.132	0.123	0.144									0.139	0.131	0.120	0.122									0.137	0.132	0.122	0.122									0.138	0.134	0.121	0.123								
21:40:01	0.140	0.127	0.126	0.123									0.138	0.129	0.121	0.119									0.138	0.133	0.122	0.120									0.141	0.130	0.121	0.120									0.139	0.133	0.123	0.139									0.139	0.133	0.120	0.123									0.138	0.133	0.122	0.122									0.138	0.135	0.121	0.124								
22:00:01	0.140	0.127	0.126	0.123									0.138	0.129	0.121	0.119									0.138	0.133	0.122	0.120									0.142	0.131	0.121	0.120									0.139	0.134	0.123	0.137									0.139	0.133	0.121	0.123									0.138	0.134	0.122	0.123									0.138	0.135	0.121	0.124								
22:20:01	0.141	0.128	0.126	0.124									0.138	0.130	0.121	0.120									0.139	0.134	0.122	0.120									0.142	0.132	0.122	0.120									0.139	0.134	0.123	0.130									0.140	0.134	0.121	0.123									0.138	0.135	0.122	0.123									0.139	0.135	0.122	0.124								
22:40:01	0.141	0.129	0.127	0.124									0.139	0.131	0.122	0.120									0.139	0.134	0.122	0.120									0.142	0.132	0.122	0.120									0.140	0.134	0.123	0.127									0.140	0.134	0.121	0.123									0.139	0.135	0.122	0.123									0.139	0.135	0.122	0.124								
23:00:01	0.142	0.130	0.127	0.124									0.139	0.132	0.122	0.120									0.139	0.134	0.123	0.121									0.143	0.133	0.122	0.121									0.140	0.135	0.123	0.121									0.141	0.135	0.121	0.123									0.139	0.136	0.123	0.123									0.139	0.136	0.122	0.124								
23:20:01	0.142	0.130	0.127	0.124									0.139	0.132	0.122	0.120									0.140	0.135	0.123	0.121									0.143	0.134	0.122	0.121									0.140	0.135	0.124	0.121									0.141	0.136	0.121	0.123									0.139	0.137	0.123	0.123									0.140	0.136	0.122	0.124								
23:40:01	0.143	0.131	0.127	0.124									0.140	0.133	0.123	0.121									0.140	0.135	0.123	0.121									0.143	0.134	0.122	0.121									0.141	0.136	0.124	0.122									0.141	0.137	0.122	0.121									0.140	0.137	0.123	0.123									0.140	0.136	0.123	0.124								
24:00:01	0.144	0.132	0.128	0.124									0.140	0.134	0.123	0.121									0.140	0.136	0.123	0.121									0.144	0.135	0.123	0.121									0.141	0.136	0.124	0.121									0.141	0.137	0.122	0.123									0.140	0.138	0.123	0.123									0.141	0.137	0.123	0.125								
24:20:01	0.145	0.133	0.128	0.124									0.141	0.134	0.123	0.121									0.141	0.136	0.123	0.121									0.144	0.135	0.123	0.121									0.141	0.137	0.125	0.122									0.141	0.138	0.122	0.122									0.140	0.138	0.123	0.123									0.141	0.137	0.123	0.125								
24:40:01	0.147	0.134	0.128	0.124									0.141	0.134	0.123	0.121									0.141	0.137	0.124	0.121									0.144	0.136	0.123	0.122									0.142	0.137	0.125	0.122									0.142	0.139	0.122	0.124									0.141	0.138	0.123	0.124									0.141	0.138	0.123	0.126								
25:00:01	0.146	0.134	0.128	0.124									0.141	0.135	0.124	0.121									0.141	0.137	0.124	0.122									0.145	0.136	0.123	0.122									0.142	0.138	0.125	0.122									0.142	0.139	0.123	0.124									0.141	0.139	0.124	0.124									0.142	0.138	0.124	0.125								
25:20:01	0.146	0.134	0.128	0.125									0.141	0.135	0.124	0.121									0.141	0.137	0.124	0.121									0.145	0.137	0.124	0.122									0.142	0.138	0.126	0.122									0.142	0.139	0.123	0.125									0.141	0.140	0.124	0.124									0.142	0.138	0.124	0.125								
25:40:01	0.146	0.135	0.129	0.125									0.141	0.136	0.124	0.121									0.142	0.138	0.124	0.122									0.145	0.137	0.124	0.122									0.142	0.138	0.126	0.123									0.142	0.140	0.123	0.124									0.141	0.141	0.124	0.124									0.142	0.138	0.124	0.126								
26:00:01	0.146	0.135	0.129	0.125									0.142	0.136	0.125	0.121									0.142	0.138	0.124	0.122									0.145	0.138	0.124	0.122									0.142	0.139	0.126	0.123									0.142	0.140	0.123	0.123									0.142	0.141	0.124	0.124									0.143	0.139	0.125	0.126								
26:20:01	0.146	0.136	0.129	0.125									0.142	0.137	0.125	0.122									0.142	0.138	0.124	0.122									0.146	0.138	0.124	0.122									0.143	0.139	0.126	0.123									0.143	0.141	0.123	0.124									0.142	0.142	0.125	0.124									0.143	0.139	0.125	0.126								
26:40:01	0.146	0.136	0.129	0.125									0.142	0.137	0.125	0.122									0.142	0.138	0.124	0.123									0.146	0.139	0.125	0.123									0.143	0.139	0.126	0.123									0.143	0.141	0.124	0.124									0.142	0.142	0.125	0.125									0.143	0.139	0.125	0.126								
27:00:01	0.147	0.137	0.130	0.125									0.143	0.137	0.125	0.122									0.143	0.139	0.124	0.122									0.146	0.139	0.125	0.123									0.143	0.140	0.127	0.123									0.143	0.142	0.124	0.123									0.143	0.143	0.126	0.124									0.144	0.140	0.125	0.126								
27:20:01	0.147	0.137	0.130	0.125									0.143	0.138	0.126	0.122									0.143	0.139	0.124	0.123									0.147	0.140	0.126	0.123									0.144	0.140	0.127	0.123									0.144	0.142	0.124	0.124									0.143	0.143	0.126	0.125									0.144	0.140	0.125	0.127								
27:40:01	0.146	0.137	0.130	0.125									0.143	0.138	0.126	0.122									0.143	0.140	0.124	0.123									0.147	0.140	0.126	0.123									0.144	0.141	0.127	0.123									0.144	0.143	0.124	0.124									0.143	0.144	0.126	0.125									0.144	0.141	0.125	0.126								
28:00:01	0.146	0.138	0.130	0.125									0.144	0.138	0.126	0.122									0.143	0.140	0.125	0.123									0.147	0.140	0.126	0.123									0.144	0.141	0.127	0.123									0.144	0.143	0.124	0.124									0.144	0.145	0.126	0.125									0.145	0.141	0.126	0.127								
28:20:01	0.147	0.138	0.130	0.126									0.144	0.139	0.126	0.123									0.144	0.141	0.125	0.123									0.148	0.140	0.126	0.124									0.144	0.141	0.128	0.124									0.145	0.144	0.124	0.125									0.144	0.146	0.127	0.125									0.145	0.141	0.126	0.127								
28:40:01	0.147	0.139	0.130	0.126									0.144	0.140	0.126	0.123									0.144	0.141	0.125	0.123									0.148	0.141	0.127	0.124									0.145	0.142	0.128	0.124									0.145	0.144	0.125	0.124									0.144	0.145	0.126	0.126									0.146	0.141	0.126	0.127								
29:00:01	0.148	0.140	0.130	0.126									0.145	0.140	0.126	0.123									0.144	0.141	0.125	0.124									0.148	0.141	0.127	0.124									0.145	0.142	0.128	0.124									0.146	0.145	0.125	0.124									0.145	0.147	0.127	0.126									0.146	0.142	0.126	0.127								
29:20:01	0.147	0.140	0.131	0.126									0.145	0.140	0.127	0.123									0.144	0.141	0.125	0.124									0.148	0.141	0.127	0.124									0.145	0.142	0.128	0.124									0.146	0.144	0.125	0.124									0.145	0.148	0.127	0.126									0.146	0.142	0.126	0.127								
29:40:02	0.147	0.140	0.131	0.126									0.145	0.140	0.127	0.123									0.145	0.142	0.125	0.124									0.148	0.142	0.127	0.124									0.145	0.143	0.128	0.124									0.146	0.145	0.125	0.125									0.145	0.149	0.127	0.125									0.147	0.142	0.126	0.127								
30:00:02	0.147	0.140	0.131	0.126									0.145	0.141	0.127	0.123									0.145	0.142	0.125	0.123									0.149	0.142	0.127	0.124									0.145	0.143	0.128	0.124									0.147	0.145	0.126	0.126									0.146	0.150	0.127	0.126									0.147	0.142	0.126	0.127								
30:20:02	0.148	0.141	0.131	0.126									0.145	0.141	0.127	0.124									0.145	0.142	0.125	0.124									0.149	0.142	0.127	0.124									0.145	0.143	0.129	0.124									0.147	0.145	0.126	0.125									0.146	0.150	0.127	0.126									0.147	0.143	0.127	0.127								
30:40:02	0.148	0.141	0.131	0.127									0.146	0.141	0.127	0.123									0.145	0.143	0.125	0.124									0.149	0.143	0.127	0.125									0.146	0.144	0.129	0.124									0.147	0.145	0.126	0.125									0.146	0.151	0.128	0.126									0.147	0.143	0.127	0.128								
31:00:02	0.148	0.142	0.131	0.127									0.146	0.141	0.127	0.123									0.145	0.143	0.125	0.124									0.149	0.143	0.127	0.125									0.145	0.144	0.129	0.124									0.147	0.146	0.126	0.124									0.146	0.152	0.128	0.126									0.147	0.143	0.127	0.128								
31:20:02	0.148	0.142	0.131	0.126									0.146	0.142	0.127	0.124									0.146	0.143	0.126	0.125									0.149	0.143	0.128	0.125									0.145	0.144	0.129	0.125									0.147	0.146	0.126	0.126									0.146	0.152	0.128	0.126									0.148	0.144	0.127	0.127								
31:40:02	0.148	0.143	0.131	0.127									0.146	0.142	0.127	0.124									0.146	0.144	0.126	0.124									0.149	0.144	0.128	0.126									0.146	0.144	0.129	0.125									0.147	0.146	0.126	0.125									0.146	0.153	0.128	0.125									0.148	0.144	0.127	0.127								
32:00:02	0.148	0.143	0.132	0.127									0.146	0.142	0.127	0.125									0.146	0.144	0.126	0.125									0.149	0.144	0.128	0.125									0.146	0.144	0.130	0.125									0.148	0.146	0.127	0.126									0.147	0.154	0.128	0.126									0.148	0.144	0.127	0.128								
32:20:02	0.148	0.144	0.132	0.127									0.146	0.142	0.127	0.125									0.146	0.144	0.126	0.125									0.149	0.144	0.128	0.126									0.146	0.145	0.130	0.125									0.148	0.147	0.127	0.126									0.147	0.155	0.128	0.126									0.148	0.145	0.127	0.128								
32:40:02	0.148	0.144	0.132	0.128									0.147	0.143	0.127	0.124									0.146	0.144	0.126	0.125									0.149	0.144	0.128	0.126									0.146	0.145	0.130	0.125									0.148	0.146	0.127	0.126									0.148	0.153	0.128	0.126									0.149	0.145	0.127	0.128								
33:00:02	0.148	0.144	0.132	0.128									0.147	0.143	0.128	0.124									0.146	0.145	0.126	0.125									0.149	0.144	0.128	0.126									0.146	0.145	0.130	0.125									0.148	0.147	0.127	0.126									0.148	0.156	0.128	0.126									0.149	0.145	0.127	0.127								
33:20:02	0.148	0.143	0.132	0.127									0.147	0.143	0.127	0.124									0.145	0.145	0.126	0.125									0.149	0.144	0.128	0.126									0.146	0.145	0.130	0.125									0.149	0.147	0.127	0.127									0.148	0.157	0.128	0.126									0.149	0.145	0.127	0.128								
33:40:02	0.148	0.143	0.132	0.128									0.146	0.143	0.127	0.123									0.146	0.145	0.127	0.125									0.149	0.145	0.128	0.126									0.146	0.145	0.130	0.126									0.149	0.147	0.127	0.126									0.148	0.158	0.128	0.126									0.150	0.146	0.128	0.128								
34:00:02	0.148	0.143	0.132	0.128									0.146	0.143	0.128	0.124									0.146	0.145	0.127	0.125									0.149	0.145	0.128	0.126									0.146	0.145	0.130	0.126									0.149	0.147	0.127	0.127									0.148	0.158	0.128	0.127									0.150	0.146	0.128	0.128								
34:20:02	0.148	0.143	0.132	0.128									0.146	0.143	0.127	0.125									0.146	0.145	0.127	0.125									0.149	0.145	0.128	0.127									0.146	0.145	0.130	0.126									0.150	0.147	0.128	0.127									0.149	0.159	0.128	0.127									0.150	0.146	0.128	0.128								
34:40:02	0.148	0.143	0.132	0.128									0.146	0.143	0.128	0.125									0.146	0.145	0.127	0.125									0.149	0.145	0.128	0.127									0.146	0.146	0.130	0.126									0.150	0.146	0.128	0.127									0.149	0.158	0.128	0.127									0.150	0.146	0.128	0.128								
35:00:02	0.148	0.143	0.133	0.128									0.146	0.143	0.128	0.125									0.146	0.145	0.127	0.125									0.149	0.145	0.128	0.127									0.145	0.146	0.130	0.126									0.150	0.147	0.128	0.126									0.149	0.158	0.129	0.127									0.151	0.146	0.128	0.128								
35:20:02	0.148	0.143	0.133	0.127									0.146	0.143	0.128	0.124									0.146	0.146	0.127	0.125									0.149	0.145	0.128	0.127									0.146	0.146	0.131	0.126									0.150	0.147	0.128	0.127									0.149	0.159	0.129	0.126									0.151	0.146	0.128	0.127								
35:40:02	0.149	0.144	0.133	0.127									0.146	0.144	0.128	0.125									0.146	0.146	0.127	0.125									0.149	0.145	0.129	0.127									0.146	0.146	0.131	0.126									0.151	0.147	0.128	0.127									0.149	0.159	0.128	0.127									0.151	0.146	0.128	0.129								
36:00:02	0.148	0.143	0.133	0.126									0.146	0.143	0.128	0.125									0.146	0.146	0.128	0.125									0.150	0.145	0.129	0.127									0.146	0.146	0.131	0.126									0.151	0.147	0.128	0.127									0.149	0.159	0.129	0.127									0.152	0.146	0.129	0.128								
36:20:02	0.148	0.143	0.133	0.127									0.147	0.143	0.128	0.125									0.146	0.146	0.128	0.125									0.150	0.145	0.129	0.127									0.146	0.146	0.131	0.126									0.151	0.147	0.128	0.127									0.149	0.159	0.129	0.126									0.152	0.146	0.129	0.128								
36:40:02	0.149	0.143	0.133	0.127									0.147	0.143	0.128	0.124									0.146	0.147	0.128	0.125									0.150	0.146	0.129	0.127									0.146	0.146	0.131	0.126									0.151	0.147	0.128	0.128									0.149	0.159	0.129	0.127									0.152	0.147	0.129	0.128								
37:00:02	0.149	0.143	0.133	0.128									0.147	0.143	0.128	0.124									0.146	0.147	0.128	0.125									0.150	0.146	0.129	0.127									0.146	0.147	0.131	0.126									0.152	0.147	0.128	0.127									0.149	0.159	0.129	0.127									0.153	0.147	0.129	0.128								
37:20:02	0.149	0.142	0.133	0.127									0.147	0.143	0.128	0.125									0.146	0.147	0.128	0.125									0.150	0.146	0.129	0.128									0.146	0.147	0.131	0.126									0.152	0.147	0.129	0.127									0.149	0.157	0.128	0.127									0.153	0.146	0.129	0.128								
37:40:02	0.151	0.143	0.133	0.128									0.147	0.143	0.128	0.124									0.146	0.147	0.128	0.125									0.150	0.146	0.129	0.127									0.146	0.147	0.131	0.126									0.152	0.147	0.129	0.128									0.150	0.160	0.129	0.127									0.153	0.147	0.129	0.128								
38:00:02	0.149	0.142	0.133	0.128									0.147	0.143	0.128	0.125									0.146	0.147	0.128	0.125									0.150	0.146	0.129	0.127									0.146	0.147	0.131	0.126									0.153	0.147	0.129	0.128									0.150	0.159	0.129	0.126									0.153	0.146	0.129	0.127								
38:20:02	0.150	0.142	0.134	0.128									0.147	0.143	0.128	0.125									0.146	0.147	0.129	0.125									0.150	0.146	0.129	0.127									0.146	0.147	0.131	0.126									0.153	0.147	0.129	0.128									0.150	0.162	0.129	0.127									0.154	0.147	0.129	0.127								
38:40:02	0.151	0.142	0.134	0.127									0.147	0.143	0.128	0.125									0.146	0.148	0.129	0.126									0.150	0.146	0.130	0.127									0.146	0.147	0.132	0.127									0.153	0.147	0.129	0.129									0.150	0.163	0.129	0.127									0.154	0.147	0.129	0.127								
39:00:02	0.151	0.142	0.134	0.128									0.147	0.143	0.129	0.125									0.146	0.148	0.129	0.126									0.150	0.146	0.130	0.128									0.146	0.147	0.131	0.126									0.154	0.148	0.129	0.129									0.150	0.164	0.129	0.127									0.154	0.147	0.129	0.128								
39:20:02	0.152	0.142	0.134	0.128									0.147	0.143	0.128	0.126									0.146	0.148	0.129	0.126									0.150	0.146	0.130	0.128									0.146	0.147	0.132	0.127									0.154	0.148	0.129	0.129									0.150	0.164	0.129	0.127									0.155	0.147	0.130	0.128								
39:40:02	0.152	0.142	0.134	0.128									0.147	0.143	0.129	0.125									0.146	0.148	0.129	0.126									0.150	0.146	0.130	0.128									0.146	0.147	0.132	0.127									0.154	0.148	0.130	0.129									0.151	0.165	0.129	0.128									0.155	0.147	0.130	0.128								
40:00:02	0.153	0.142	0.134	0.128									0.147	0.143	0.129	0.125									0.146	0.147	0.129	0.126									0.150	0.146	0.130	0.128									0.146	0.147	0.132	0.127									0.154	0.147	0.130	0.129									0.151	0.166	0.129	0.127									0.155	0.147	0.130	0.128								
40:20:02	0.154	0.142	0.134	0.128									0.147	0.143	0.129	0.125									0.146	0.147	0.129	0.126									0.150	0.146	0.130	0.128									0.146	0.147	0.131	0.126									0.155	0.147	0.130	0.128									0.151	0.167	0.130	0.127									0.155	0.147	0.130	0.128								
40:40:02	0.154	0.142	0.135	0.127									0.147	0.143	0.129	0.125									0.146	0.148	0.130	0.126									0.150	0.146	0.130	0.128									0.146	0.147	0.131	0.127									0.155	0.147	0.130	0.129									0.151	0.169	0.130	0.127									0.156	0.147	0.130	0.129								
41:00:02	0.155	0.142	0.135	0.128									0.147	0.143	0.129	0.125									0.146	0.148	0.130	0.126									0.150	0.146	0.130	0.128									0.147	0.147	0.132	0.127									0.155	0.148	0.130	0.130									0.152	0.169	0.129	0.127									0.156	0.147	0.130	0.129								
41:20:02	0.159	0.143	0.135	0.128									0.148	0.143	0.129	0.125									0.146	0.148	0.130	0.126									0.151	0.146	0.130	0.128									0.147	0.148	0.132	0.127									0.156	0.148	0.130	0.130									0.152	0.169	0.129	0.128									0.156	0.148	0.130	0.128								
41:40:02	0.157	0.142	0.135	0.128									0.147	0.143	0.129	0.125									0.146	0.148	0.130	0.125									0.151	0.146	0.130	0.128									0.147	0.148	0.131	0.128									0.156	0.148	0.130	0.129									0.152	0.168	0.130	0.128									0.156	0.148	0.130	0.128								
42:00:02	0.158	0.142	0.135	0.128									0.148	0.143	0.129	0.125									0.146	0.148	0.130	0.126									0.150	0.146	0.130	0.128									0.147	0.148	0.132	0.127									0.156	0.148	0.130	0.129									0.152	0.169	0.130	0.128									0.157	0.148	0.130	0.129								
42:20:02	0.159	0.142	0.135	0.128									0.147	0.143	0.129	0.125									0.146	0.148	0.130	0.126									0.151	0.146	0.130	0.128									0.147	0.148	0.131	0.127									0.156	0.148	0.130	0.129									0.153	0.170	0.130	0.128									0.157	0.148	0.130	0.129								
42:40:02	0.160	0.142	0.135	0.128									0.148	0.142	0.129	0.125									0.146	0.148	0.130	0.126									0.151	0.146	0.130	0.128									0.147	0.148	0.132	0.127									0.157	0.148	0.130	0.130									0.153	0.170	0.130	0.128									0.157	0.148	0.130	0.129								
43:00:02	0.161	0.142	0.135	0.128									0.148	0.143	0.129	0.125									0.147	0.148	0.130	0.126									0.151	0.146	0.131	0.128									0.147	0.148	0.132	0.128									0.157	0.148	0.130	0.128									0.153	0.166	0.130	0.128									0.157	0.148	0.130	0.129								
43:20:02	0.161	0.142	0.135	0.128									0.148	0.142	0.129	0.125									0.147	0.149	0.130	0.126									0.151	0.146	0.130	0.128									0.147	0.149	0.132	0.127									0.157	0.148	0.130	0.128									0.153	0.170	0.130	0.128									0.157	0.148	0.130	0.129								
43:40:02	0.162	0.142	0.135	0.128									0.148	0.142	0.129	0.125									0.147	0.149	0.130	0.126									0.151	0.146	0.131	0.128									0.147	0.149	0.132	0.128									0.157	0.149	0.130	0.128									0.154	0.171	0.130	0.128									0.157	0.149	0.130	0.129								
44:00:02	0.164	0.143	0.135	0.128									0.148	0.142	0.130	0.126									0.147	0.149	0.130	0.126									0.151	0.146	0.131	0.128									0.147	0.149	0.131	0.127									0.157	0.149	0.130	0.128									0.154	0.172	0.130	0.128									0.157	0.149	0.130	0.129								
44:20:02	0.164	0.143	0.135	0.129									0.148	0.142	0.130	0.127									0.147	0.149	0.130	0.126									0.151	0.147	0.131	0.128									0.148	0.149	0.132	0.128									0.158	0.149	0.130	0.130									0.154	0.169	0.130	0.129									0.158	0.149	0.131	0.129								
44:40:02	0.167	0.143	0.135	0.129									0.149	0.143	0.130	0.127									0.147	0.150	0.130	0.126									0.152	0.146	0.131	0.128									0.148	0.150	0.132	0.127									0.158	0.149	0.130	0.128									0.155	0.175	0.130	0.128									0.158	0.150	0.131	0.129								
45:00:02	0.168	0.144	0.136	0.129									0.149	0.143	0.130	0.127									0.147	0.150	0.130	0.126									0.152	0.147	0.131	0.128									0.148	0.150	0.132	0.128									0.158	0.150	0.130	0.129									0.155	0.175	0.131	0.129									0.158	0.150	0.131	0.129								
45:20:02	0.170	0.144	0.136	0.129									0.149	0.143	0.130	0.127									0.147	0.150	0.130	0.126									0.152	0.147	0.131	0.127									0.148	0.150	0.132	0.128									0.158	0.150	0.130	0.130									0.155	0.177	0.131	0.129									0.158	0.150	0.131	0.130								
45:40:02	0.173	0.144	0.136	0.129									0.149	0.143	0.130	0.127									0.147	0.151	0.130	0.126									0.152	0.147	0.132	0.128									0.148	0.151	0.133	0.128									0.158	0.150	0.130	0.130									0.156	0.180	0.131	0.129									0.158	0.151	0.131	0.130								
46:00:02	0.175	0.145	0.136	0.129									0.149	0.143	0.130	0.127									0.148	0.151	0.130	0.126									0.152	0.148	0.132	0.128									0.148	0.152	0.132	0.128									0.158	0.150	0.131	0.130									0.156	0.182	0.131	0.129									0.159	0.151	0.131	0.130								
46:20:02	0.174	0.144	0.136	0.129									0.149	0.143	0.130	0.127									0.147	0.151	0.130	0.126									0.152	0.147	0.132	0.127									0.148	0.151	0.133	0.128									0.159	0.150	0.131	0.129									0.156	0.179	0.131	0.129									0.159	0.150	0.131	0.130								
46:40:02	0.178	0.145	0.136	0.129									0.150	0.144	0.130	0.127									0.148	0.152	0.131	0.126									0.152	0.148	0.132	0.128									0.149	0.152	0.133	0.129									0.159	0.151	0.131	0.130									0.158	0.187	0.131	0.129									0.159	0.151	0.132	0.130								
47:00:02	0.178	0.146	0.136	0.129									0.150	0.144	0.131	0.128									0.148	0.152	0.131	0.126									0.152	0.148	0.132	0.128									0.148	0.153	0.133	0.128									0.159	0.151	0.131	0.131									0.158	0.189	0.131	0.130									0.160	0.151	0.131	0.130								
47:20:02	0.176	0.146	0.136	0.129									0.150	0.144	0.131	0.127									0.148	0.153	0.131	0.126									0.152	0.149	0.132	0.128									0.148	0.153	0.133	0.128									0.159	0.152	0.131	0.130									0.158	0.191	0.131	0.129									0.160	0.151	0.131	0.131								
47:40:02	0.174	0.146	0.136	0.129									0.150	0.144	0.130	0.128									0.148	0.153	0.131	0.126									0.152	0.149	0.132	0.128									0.149	0.153	0.133	0.128									0.160	0.152	0.131	0.130									0.159	0.192	0.131	0.130									0.160	0.150	0.131	0.131								
48:00:02	0.170	0.146	0.137	0.129									0.150	0.144	0.131	0.128									0.149	0.153	0.131	0.126									0.152	0.149	0.132	0.128									0.149	0.153	0.133	0.128									0.160	0.152	0.131	0.131									0.159	0.193	0.131	0.130									0.160	0.150	0.131	0.131								

