Field Group

Plate Comment:	
Procedure Summary
  Plate Type:              Corning 96 well for LogPhase600
  Plate Number:            2
  Discontinuous Kinetics:  Runtime 02:00:00 (D:HH:MM), Interval 00:20:00 (HH:MM:SS), 145 Reads (max)
  Read:                    600 nm
  Incubator:               On
    Temperature setpoint:  30 °C
    Temperature gradient:  Off
  Shaking:                 On
     Shaking frequency:    600 RPMs		
			
			

600

Time	A1	A2	A3	A4	A5	A6	A7	A8	A9	A10	A11	A12	B1	B2	B3	B4	B5	B6	B7	B8	B9	B10	B11	B12	C1	C2	C3	C4	C5	C6	C7	C8	C9	C10	C11	C12	D1	D2	D3	D4	D5	D6	D7	D8	D9	D10	D11	D12	E1	E2	E3	E4	E5	E6	E7	E8	E9	E10	E11	E12	F1	F2	F3	F4	F5	F6	F7	F8	F9	F10	F11	F12	G1	G2	G3	G4	G5	G6	G7	G8	G9	G10	G11	G12	H1	H2	H3	H4	H5	H6	H7	H8	H9	H10	H11	H12
0:00:00	0.115	0.116	0.118	0.118									0.114	0.117	0.117	0.117									0.115	0.118	0.118	0.116									0.118	0.117	0.116	0.118									0.116	0.120	0.118	0.115									0.117	0.117	0.117	0.116									0.116	0.118	0.120	0.116									0.148	0.116	0.116	0.119								
0:20:00	0.115	0.116	0.118	0.118									0.114	0.117	0.117	0.117									0.114	0.117	0.117	0.116									0.118	0.117	0.116	0.118									0.116	0.120	0.118	0.115									0.116	0.117	0.117	0.116									0.116	0.118	0.120	0.116									0.148	0.116	0.116	0.119								
0:40:00	0.115	0.116	0.118	0.118									0.114	0.117	0.117	0.117									0.114	0.117	0.117	0.116									0.118	0.117	0.116	0.119									0.116	0.120	0.118	0.115									0.116	0.117	0.117	0.116									0.116	0.118	0.120	0.116									0.148	0.116	0.116	0.119								
1:00:00	0.115	0.116	0.118	0.118									0.114	0.117	0.117	0.117									0.114	0.117	0.118	0.116									0.118	0.117	0.116	0.119									0.116	0.120	0.118	0.115									0.117	0.117	0.118	0.116									0.116	0.118	0.120	0.116									0.148	0.116	0.117	0.119								
1:20:00	0.115	0.116	0.118	0.118									0.114	0.117	0.117	0.117									0.115	0.117	0.118	0.116									0.118	0.117	0.116	0.118									0.116	0.120	0.119	0.115									0.117	0.118	0.117	0.116									0.116	0.119	0.120	0.116									0.148	0.116	0.116	0.119								
1:40:00	0.116	0.117	0.118	0.118									0.114	0.117	0.117	0.117									0.115	0.118	0.118	0.116									0.119	0.118	0.116	0.118									0.117	0.120	0.119	0.115									0.117	0.118	0.117	0.116									0.117	0.119	0.120	0.116									0.149	0.116	0.117	0.119								
2:00:00	0.116	0.117	0.119	0.118									0.115	0.118	0.117	0.117									0.115	0.118	0.118	0.117									0.119	0.118	0.116	0.118									0.117	0.120	0.119	0.115									0.117	0.118	0.117	0.116									0.117	0.120	0.120	0.116									0.149	0.116	0.117	0.119								
2:20:00	0.116	0.117	0.119	0.119									0.115	0.118	0.117	0.118									0.115	0.118	0.118	0.117									0.119	0.118	0.116	0.118									0.118	0.121	0.119	0.116									0.117	0.118	0.118	0.116									0.118	0.120	0.120	0.116									0.149	0.116	0.117	0.120								
2:40:00	0.117	0.118	0.119	0.119									0.116	0.118	0.118	0.117									0.116	0.118	0.118	0.117									0.120	0.118	0.116	0.118									0.118	0.121	0.119	0.115									0.118	0.119	0.118	0.116									0.118	0.121	0.120	0.116									0.149	0.117	0.117	0.120								
3:00:00	0.117	0.118	0.119	0.119									0.116	0.119	0.118	0.118									0.116	0.119	0.118	0.117									0.121	0.119	0.116	0.118									0.119	0.122	0.119	0.116									0.119	0.119	0.118	0.116									0.119	0.121	0.120	0.117									0.150	0.117	0.117	0.120								
3:20:00	0.118	0.118	0.119	0.119									0.117	0.119	0.118	0.118									0.117	0.119	0.118	0.117									0.121	0.119	0.116	0.118									0.120	0.122	0.119	0.116									0.119	0.120	0.118	0.117									0.120	0.122	0.121	0.117									0.150	0.118	0.117	0.120								
3:40:00	0.119	0.119	0.119	0.119									0.118	0.119	0.118	0.118									0.118	0.120	0.118	0.117									0.122	0.120	0.117	0.118									0.121	0.123	0.119	0.116									0.120	0.121	0.118	0.117									0.121	0.123	0.121	0.117									0.151	0.118	0.117	0.120								
4:00:00	0.120	0.120	0.119	0.119									0.119	0.120	0.118	0.118									0.118	0.121	0.118	0.117									0.123	0.121	0.117	0.119									0.122	0.123	0.120	0.116									0.121	0.121	0.118	0.117									0.123	0.124	0.121	0.117									0.152	0.119	0.117	0.120								
4:20:00	0.121	0.121	0.119	0.119									0.120	0.121	0.118	0.118									0.119	0.122	0.119	0.117									0.124	0.122	0.117	0.119									0.123	0.125	0.120	0.116									0.121	0.123	0.118	0.117									0.124	0.125	0.121	0.117									0.153	0.119	0.117	0.121								
4:40:00	0.123	0.122	0.119	0.119									0.121	0.122	0.118	0.118									0.121	0.123	0.119	0.117									0.126	0.122	0.117	0.119									0.125	0.126	0.120	0.116									0.124	0.124	0.118	0.117									0.126	0.126	0.121	0.117									0.154	0.121	0.118	0.121								
5:00:00	0.125	0.123	0.120	0.120									0.123	0.123	0.118	0.118									0.123	0.124	0.119	0.117									0.129	0.124	0.117	0.119									0.127	0.128	0.120	0.116									0.126	0.125	0.119	0.117									0.128	0.128	0.121	0.117									0.156	0.122	0.118	0.121								
5:20:00	0.127	0.125	0.119	0.120									0.126	0.125	0.118	0.118									0.125	0.127	0.119	0.117									0.130	0.125	0.117	0.119									0.129	0.129	0.120	0.117									0.128	0.127	0.119	0.117									0.130	0.130	0.122	0.117									0.159	0.124	0.118	0.121								
5:40:00	0.129	0.128	0.119	0.120									0.128	0.126	0.119	0.119									0.127	0.129	0.119	0.118									0.133	0.128	0.117	0.119									0.132	0.131	0.120	0.117									0.130	0.129	0.119	0.117									0.132	0.132	0.122	0.117									0.161	0.126	0.118	0.121								
6:00:00	0.131	0.129	0.120	0.120									0.131	0.129	0.119	0.119									0.130	0.132	0.119	0.118									0.136	0.131	0.117	0.119									0.135	0.134	0.120	0.117									0.134	0.132	0.119	0.118									0.135	0.134	0.122	0.118									0.166	0.129	0.118	0.122								
6:20:00	0.134	0.132	0.120	0.120									0.135	0.131	0.119	0.119									0.135	0.134	0.119	0.118									0.140	0.133	0.118	0.119									0.139	0.138	0.121	0.117									0.136	0.135	0.119	0.118									0.140	0.137	0.122	0.118									0.170	0.131	0.118	0.122								
6:40:00	0.138	0.135	0.120	0.121									0.140	0.134	0.119	0.119									0.140	0.137	0.119	0.118									0.145	0.137	0.118	0.119									0.144	0.140	0.121	0.117									0.144	0.138	0.119	0.118									0.144	0.139	0.122	0.118									0.177	0.136	0.119	0.122								
7:00:00	0.144	0.137	0.120	0.121									0.146	0.138	0.119	0.119									0.144	0.141	0.120	0.118									0.150	0.141	0.118	0.120									0.148	0.144	0.121	0.117									0.147	0.141	0.119	0.118									0.149	0.143	0.122	0.118									0.179	0.140	0.119	0.122								
7:20:00	0.144	0.140	0.120	0.121									0.149	0.143	0.119	0.119									0.146	0.144	0.120	0.118									0.147	0.145	0.119	0.120									0.150	0.148	0.121	0.117									0.150	0.145	0.120	0.118									0.153	0.147	0.123	0.118									0.181	0.145	0.119	0.122								
7:40:00	0.152	0.144	0.121	0.121									0.152	0.147	0.120	0.119									0.144	0.146	0.120	0.118									0.152	0.149	0.119	0.120									0.152	0.152	0.121	0.117									0.152	0.148	0.120	0.118									0.153	0.150	0.123	0.118									0.172	0.150	0.119	0.122								
8:00:00	0.149	0.147	0.121	0.121									0.137	0.151	0.120	0.119									0.140	0.148	0.120	0.118									0.143	0.151	0.118	0.120									0.142	0.154	0.121	0.117									0.143	0.151	0.120	0.118									0.142	0.153	0.123	0.118									0.177	0.153	0.119	0.122								
8:20:00	0.143	0.148	0.121	0.121									0.148	0.154	0.120	0.119									0.154	0.150	0.120	0.118									0.157	0.153	0.119	0.120									0.150	0.153	0.122	0.117									0.153	0.153	0.120	0.118									0.153	0.156	0.123	0.118									0.189	0.155	0.119	0.122								
8:40:00	0.158	0.152	0.121	0.121									0.158	0.156	0.120	0.119									0.162	0.152	0.120	0.118									0.166	0.153	0.119	0.120									0.161	0.159	0.122	0.118									0.162	0.140	0.120	0.118									0.165	0.159	0.123	0.118									0.198	0.142	0.119	0.123								
9:00:00	0.165	0.144	0.121	0.121									0.168	0.146	0.120	0.120									0.169	0.142	0.121	0.119									0.175	0.141	0.119	0.120									0.169	0.147	0.122	0.118									0.173	0.147	0.120	0.119									0.174	0.145	0.123	0.118									0.211	0.149	0.120	0.123								
9:20:00	0.171	0.147	0.121	0.122									0.179	0.154	0.120	0.120									0.180	0.151	0.121	0.119									0.185	0.153	0.119	0.120									0.179	0.158	0.122	0.118									0.185	0.154	0.120	0.119									0.183	0.155	0.123	0.119									0.219	0.160	0.120	0.123								
9:40:00	0.182	0.157	0.122	0.122									0.187	0.164	0.121	0.120									0.190	0.160	0.121	0.119									0.193	0.162	0.120	0.120									0.190	0.168	0.122	0.118									0.194	0.163	0.120	0.119									0.193	0.162	0.124	0.119									0.226	0.166	0.120	0.123								
10:00:00	0.190	0.166	0.122	0.122									0.193	0.171	0.121	0.120									0.197	0.166	0.121	0.119									0.201	0.170	0.120	0.120									0.198	0.176	0.122	0.118									0.202	0.172	0.121	0.119									0.202	0.171	0.124	0.119									0.234	0.174	0.120	0.123								
10:20:00	0.198	0.172	0.122	0.122									0.201	0.180	0.121	0.120									0.206	0.177	0.121	0.119									0.210	0.179	0.120	0.120									0.207	0.184	0.122	0.118									0.211	0.180	0.121	0.119									0.211	0.177	0.124	0.119									0.243	0.186	0.120	0.123								
10:40:00	0.211	0.187	0.122	0.122									0.212	0.192	0.120	0.120									0.234	0.190	0.121	0.119									0.221	0.194	0.120	0.121									0.218	0.199	0.122	0.118									0.222	0.196	0.121	0.119									0.221	0.193	0.124	0.119									0.255	0.199	0.120	0.123								
11:00:00	0.281	0.199	0.122	0.122									0.225	0.204	0.120	0.120									0.556	0.200	0.121	0.119									0.232	0.205	0.120	0.121									0.231	0.210	0.123	0.118									0.235	0.207	0.121	0.119									0.233	0.207	0.124	0.119									0.267	0.208	0.120	0.124								
11:20:00	0.531	0.205	0.122	0.122									0.240	0.212	0.120	0.121									0.379	0.208	0.122	0.119									0.246	0.213	0.120	0.121									0.245	0.218	0.123	0.118									0.249	0.215	0.121	0.119									0.246	0.217	0.124	0.119									0.283	0.218	0.121	0.124								
11:40:00	0.373	0.215	0.122	0.122									0.261	0.220	0.121	0.120									0.380	0.219	0.122	0.119									0.270	0.223	0.120	0.121									0.267	0.229	0.123	0.118									0.271	0.225	0.121	0.119									0.268	0.226	0.125	0.119									0.311	0.231	0.121	0.124								
12:00:00	0.382	0.240	0.123	0.123									0.299	0.234	0.121	0.121									0.390	0.272	0.122	0.120									0.306	0.238	0.121	0.121									0.304	0.244	0.123	0.119									0.305	0.239	0.122	0.120									0.302	0.239	0.125	0.120									0.345	0.252	0.121	0.124								
12:20:00	0.390	0.299	0.123	0.123									0.347	0.261	0.121	0.121									0.396	0.323	0.122	0.120									0.365	0.261	0.121	0.121									0.361	0.268	0.123	0.119									0.351	0.262	0.122	0.120									0.355	0.256	0.125	0.120									0.397	0.269	0.121	0.124								
12:40:00	0.394	0.327	0.123	0.123									0.432	0.275	0.121	0.121									0.398	0.343	0.122	0.120									0.474	0.276	0.121	0.121									0.466	0.285	0.123	0.119									0.423	0.277	0.122	0.120									0.455	0.271	0.125	0.120									0.466	0.297	0.122	0.124								
13:00:00	0.393	0.350	0.123	0.123									0.488	0.322	0.121	0.121									0.399	0.355	0.122	0.120									0.521	0.315	0.121	0.121									0.516	0.324	0.124	0.119									0.466	0.309	0.122	0.120									0.533	0.307	0.125	0.120									0.500	0.338	0.122	0.124								
13:20:00	0.397	0.358	0.123	0.123									0.655	0.396	0.121	0.121									0.408	0.362	0.122	0.120									0.512	0.369	0.121	0.121									0.506	0.377	0.124	0.119									0.470	0.363	0.122	0.120									0.550	0.360	0.125	0.120									0.505	0.392	0.122	0.125								
13:40:00	0.404	0.367	0.123	0.123									0.635	0.573	0.121	0.121									0.412	0.372	0.122	0.120									0.505	0.427	0.121	0.121									0.502	0.446	0.124	0.119									0.466	0.415	0.122	0.120									0.538	0.423	0.126	0.120									0.499	0.421	0.122	0.125								
14:00:01	0.423	0.373	0.123	0.123									0.608	0.565	0.121	0.122									0.419	0.380	0.123	0.120									0.602	0.442	0.121	0.122									0.503	0.472	0.124	0.119									0.469	0.440	0.122	0.120									0.534	0.454	0.126	0.120									0.504	0.440	0.122	0.125								
14:20:00	0.431	0.376	0.123	0.123									0.593	0.554	0.122	0.121									0.430	0.387	0.123	0.120									0.509	0.449	0.122	0.122									0.507	0.480	0.124	0.119									0.472	0.450	0.123	0.120									0.541	0.464	0.126	0.120									0.511	0.456	0.122	0.125								
14:40:00	0.439	0.385	0.123	0.124									0.533	0.547	0.122	0.122									0.435	0.392	0.123	0.120									0.616	0.444	0.122	0.122									0.516	0.486	0.124	0.120									0.477	0.456	0.123	0.120									0.545	0.470	0.126	0.120									0.504	0.472	0.122	0.125								
15:00:01	0.441	0.401	0.124	0.124									0.588	0.539	0.122	0.122									0.437	0.395	0.123	0.121									0.500	0.451	0.122	0.122									0.532	0.490	0.124	0.119									0.486	0.459	0.123	0.120									0.510	0.478	0.126	0.120									0.490	0.486	0.122	0.125								
15:20:01	0.443	0.416	0.123	0.124									0.505	0.544	0.122	0.122									0.440	0.399	0.123	0.121									0.506	0.460	0.122	0.122									0.508	0.491	0.124	0.120									0.471	0.465	0.123	0.120									0.516	0.482	0.126	0.120									0.485	0.511	0.123	0.125								
15:40:01	0.440	0.430	0.124	0.124									0.516	0.539	0.122	0.122									0.445	0.399	0.123	0.121									0.511	0.469	0.122	0.122									0.508	0.494	0.125	0.120									0.461	0.465	0.123	0.121									0.513	0.488	0.126	0.121									0.487	0.517	0.123	0.125								
16:00:01	0.444	0.438	0.124	0.124									0.510	0.539	0.122	0.122									0.444	0.401	0.124	0.121									0.510	0.473	0.122	0.122									0.498	0.496	0.125	0.120									0.460	0.467	0.123	0.121									0.509	0.486	0.127	0.121									0.493	0.519	0.123	0.126								
16:20:01	0.444	0.441	0.124	0.124									0.513	0.464	0.123	0.122									0.443	0.408	0.124	0.121									0.506	0.579	0.122	0.122									0.497	0.498	0.125	0.120									0.462	0.471	0.123	0.121									0.508	0.490	0.127	0.121									0.498	0.524	0.123	0.126								
16:40:01	0.442	0.442	0.124	0.124									0.518	0.479	0.123	0.122									0.442	0.419	0.124	0.121									0.506	0.584	0.123	0.122									0.499	0.503	0.125	0.120									0.467	0.466	0.123	0.121									0.506	0.491	0.127	0.121									0.503	0.498	0.124	0.126								
17:00:01	0.437	0.443	0.124	0.125									0.514	0.550	0.123	0.123									0.444	0.430	0.124	0.121									0.502	0.568	0.123	0.123									0.496	0.488	0.125	0.120									0.467	0.462	0.124	0.121									0.499	0.484	0.127	0.121									0.498	0.469	0.124	0.126								
17:20:01	0.433	0.443	0.124	0.125									0.519	0.470	0.123	0.123									0.443	0.440	0.124	0.122									0.499	0.485	0.123	0.122									0.493	0.443	0.126	0.120									0.470	0.461	0.124	0.121									0.493	0.444	0.127	0.121									0.497	0.449	0.124	0.126								
17:40:01	0.441	0.459	0.124	0.125									0.513	0.475	0.123	0.123									0.445	0.451	0.125	0.122									0.500	0.467	0.123	0.123									0.495	0.441	0.126	0.121									0.472	0.437	0.124	0.121									0.495	0.429	0.128	0.121									0.498	0.453	0.124	0.126								
18:00:01	0.434	0.450	0.125	0.125									0.509	0.475	0.123	0.123									0.440	0.453	0.125	0.122									0.488	0.455	0.123	0.123									0.483	0.429	0.126	0.121									0.458	0.420	0.124	0.121									0.483	0.413	0.128	0.121									0.491	0.444	0.124	0.126								
18:20:01	0.439	0.447	0.125	0.125									0.506	0.465	0.123	0.123									0.438	0.456	0.125	0.122									0.482	0.450	0.124	0.123									0.479	0.426	0.126	0.121									0.452	0.409	0.124	0.121									0.475	0.408	0.128	0.122									0.489	0.447	0.124	0.127								
18:40:01	0.446	0.457	0.125	0.125									0.502	0.471	0.124	0.124									0.435	0.457	0.125	0.122									0.474	0.441	0.124	0.123									0.476	0.423	0.126	0.121									0.447	0.400	0.124	0.122									0.472	0.406	0.128	0.122									0.485	0.446	0.125	0.127								
19:00:01	0.449	0.459	0.125	0.125									0.502	0.472	0.124	0.123									0.438	0.456	0.125	0.122									0.470	0.435	0.124	0.123									0.473	0.422	0.127	0.121									0.443	0.396	0.124	0.122									0.475	0.406	0.128	0.122									0.483	0.436	0.125	0.127								
19:20:01	0.442	0.454	0.126	0.125									0.497	0.473	0.124	0.124									0.442	0.451	0.125	0.122									0.463	0.432	0.124	0.123									0.470	0.421	0.127	0.121									0.436	0.393	0.124	0.122									0.485	0.409	0.128	0.122									0.481	0.426	0.126	0.127								
19:40:01	0.442	0.453	0.126	0.126									0.498	0.473	0.124	0.124									0.442	0.447	0.126	0.122									0.463	0.429	0.124	0.123									0.464	0.421	0.127	0.121									0.428	0.391	0.125	0.122									0.496	0.412	0.129	0.122									0.480	0.416	0.126	0.127								
20:00:01	0.444	0.454	0.126	0.126									0.494	0.471	0.125	0.124									0.441	0.446	0.126	0.123									0.461	0.427	0.124	0.123									0.458	0.420	0.127	0.121									0.425	0.388	0.125	0.122									0.502	0.417	0.129	0.122									0.478	0.422	0.126	0.127								
20:20:01	0.446	0.461	0.126	0.126									0.492	0.472	0.125	0.124									0.441	0.447	0.127	0.123									0.456	0.426	0.124	0.123									0.451	0.423	0.128	0.122									0.425	0.389	0.125	0.122									0.505	0.422	0.129	0.122									0.475	0.418	0.126	0.127								
20:40:01	0.450	0.461	0.126	0.126									0.490	0.477	0.125	0.124									0.444	0.450	0.127	0.123									0.460	0.429	0.125	0.124									0.454	0.430	0.128	0.122									0.428	0.392	0.125	0.122									0.509	0.431	0.130	0.122									0.489	0.426	0.127	0.127								
21:00:01	0.447	0.457	0.127	0.126									0.483	0.477	0.126	0.125									0.442	0.447	0.127	0.124									0.449	0.420	0.125	0.124									0.440	0.427	0.128	0.122									0.422	0.386	0.125	0.122									0.504	0.431	0.130	0.123									0.483	0.418	0.127	0.128								
21:20:01	0.445	0.455	0.127	0.127									0.482	0.475	0.126	0.125									0.443	0.445	0.127	0.124									0.452	0.418	0.125	0.124									0.437	0.428	0.129	0.122									0.420	0.389	0.125	0.122									0.498	0.433	0.130	0.123									0.480	0.422	0.127	0.128								
21:40:01	0.441	0.457	0.128	0.127									0.483	0.475	0.126	0.125									0.445	0.442	0.128	0.124									0.451	0.410	0.126	0.124									0.437	0.429	0.129	0.122									0.425	0.388	0.126	0.123									0.495	0.437	0.130	0.123									0.483	0.423	0.128	0.128								
22:00:01	0.436	0.458	0.128	0.127									0.475	0.472	0.127	0.125									0.444	0.444	0.128	0.124									0.444	0.405	0.126	0.125									0.432	0.427	0.129	0.123									0.426	0.385	0.126	0.123									0.479	0.435	0.131	0.123									0.480	0.422	0.128	0.129								
22:20:01	0.441	0.457	0.128	0.127									0.482	0.475	0.127	0.126									0.448	0.446	0.128	0.124									0.455	0.406	0.126	0.125									0.435	0.432	0.130	0.123									0.433	0.389	0.126	0.123									0.477	0.444	0.131	0.123									0.507	0.431	0.128	0.129								
22:40:01	0.441	0.457	0.128	0.127									0.488	0.479	0.127	0.126									0.449	0.446	0.128	0.125									0.455	0.403	0.126	0.125									0.438	0.441	0.130	0.123									0.442	0.391	0.126	0.123									0.486	0.448	0.131	0.124									0.502	0.437	0.128	0.129								
23:00:01	0.441	0.456	0.129	0.128									0.492	0.479	0.127	0.126									0.450	0.444	0.129	0.125									0.451	0.400	0.127	0.125									0.441	0.441	0.130	0.123									0.451	0.392	0.126	0.123									0.495	0.452	0.131	0.124									0.510	0.446	0.129	0.129								
23:20:01	0.439	0.457	0.129	0.128									0.493	0.478	0.128	0.126									0.450	0.450	0.129	0.125									0.455	0.407	0.127	0.126									0.451	0.443	0.130	0.123									0.459	0.398	0.127	0.123									0.498	0.454	0.132	0.124									0.507	0.452	0.129	0.129								
23:40:01	0.447	0.459	0.130	0.128									0.498	0.471	0.128	0.126									0.449	0.449	0.129	0.125									0.450	0.397	0.127	0.126									0.457	0.436	0.131	0.123									0.457	0.394	0.127	0.123									0.489	0.450	0.132	0.124									0.507	0.450	0.129	0.129								
24:00:01	0.450	0.459	0.130	0.129									0.506	0.470	0.128	0.126									0.450	0.448	0.129	0.126									0.450	0.399	0.128	0.126									0.470	0.440	0.131	0.124									0.457	0.396	0.127	0.124									0.487	0.450	0.132	0.125									0.508	0.454	0.130	0.130								
24:20:01	0.449	0.462	0.130	0.129									0.518	0.476	0.129	0.126									0.453	0.445	0.129	0.126									0.460	0.400	0.128	0.126									0.472	0.443	0.131	0.124									0.460	0.401	0.127	0.124									0.496	0.461	0.132	0.125									0.517	0.468	0.130	0.130								
24:40:01	0.455	0.465	0.130	0.129									0.520	0.474	0.129	0.127									0.451	0.449	0.129	0.126									0.458	0.400	0.128	0.126									0.465	0.438	0.131	0.124									0.460	0.398	0.128	0.124									0.493	0.458	0.133	0.125									0.516	0.461	0.130	0.130								
25:00:01	0.453	0.469	0.130	0.129									0.530	0.474	0.129	0.127									0.456	0.455	0.130	0.126									0.471	0.404	0.129	0.126									0.463	0.440	0.132	0.124									0.461	0.404	0.128	0.124									0.501	0.466	0.133	0.125									0.533	0.469	0.130	0.130								
25:20:01	0.458	0.469	0.131	0.129									0.536	0.469	0.129	0.127									0.454	0.454	0.130	0.127									0.475	0.402	0.129	0.127									0.465	0.437	0.132	0.125									0.459	0.399	0.128	0.124									0.496	0.459	0.133	0.125									0.526	0.458	0.131	0.130								
25:40:01	0.459	0.471	0.131	0.129									0.541	0.490	0.130	0.127									0.462	0.458	0.131	0.127									0.492	0.419	0.129	0.127									0.475	0.448	0.132	0.125									0.467	0.413	0.128	0.124									0.509	0.473	0.134	0.126									0.546	0.476	0.131	0.131								
26:00:01	0.464	0.468	0.131	0.129									0.540	0.484	0.130	0.127									0.458	0.452	0.131	0.127									0.483	0.409	0.129	0.127									0.468	0.445	0.132	0.125									0.459	0.408	0.129	0.125									0.484	0.466	0.134	0.126									0.532	0.467	0.131	0.131								
26:20:01	0.460	0.470	0.131	0.129									0.542	0.487	0.130	0.128									0.457	0.453	0.131	0.127									0.481	0.414	0.130	0.127									0.469	0.446	0.133	0.125									0.463	0.410	0.129	0.125									0.498	0.467	0.134	0.126									0.536	0.466	0.131	0.131								
26:40:01	0.468	0.472	0.132	0.130									0.545	0.480	0.130	0.128									0.458	0.456	0.131	0.127									0.477	0.416	0.130	0.127									0.472	0.449	0.133	0.125									0.463	0.412	0.129	0.125									0.504	0.467	0.134	0.126									0.540	0.466	0.132	0.131								
27:00:01	0.465	0.476	0.132	0.130									0.549	0.492	0.130	0.128									0.460	0.460	0.131	0.128									0.471	0.416	0.130	0.127									0.475	0.451	0.133	0.125									0.460	0.414	0.129	0.125									0.496	0.468	0.134	0.127									0.544	0.472	0.131	0.131								
27:20:01	0.468	0.479	0.132	0.130									0.551	0.494	0.131	0.128									0.460	0.462	0.131	0.128									0.461	0.415	0.130	0.127									0.472	0.454	0.133	0.126									0.494	0.414	0.130	0.125									0.497	0.470	0.134	0.127									0.543	0.471	0.132	0.131								
27:40:01	0.474	0.480	0.132	0.130									0.547	0.492	0.131	0.128									0.462	0.461	0.132	0.128									0.467	0.420	0.131	0.127									0.468	0.455	0.133	0.126									0.500	0.421	0.130	0.126									0.512	0.472	0.135	0.127									0.553	0.473	0.132	0.131								
28:00:01	0.476	0.480	0.132	0.130									0.537	0.496	0.131	0.129									0.469	0.462	0.132	0.129									0.487	0.433	0.131	0.128									0.478	0.464	0.133	0.126									0.498	0.429	0.130	0.126									0.531	0.480	0.135	0.127									0.560	0.490	0.132	0.132								
28:20:01	0.480	0.479	0.133	0.130									0.532	0.504	0.132	0.129									0.471	0.465	0.132	0.129									0.495	0.440	0.131	0.128									0.490	0.466	0.134	0.127									0.488	0.433	0.130	0.126									0.535	0.486	0.135	0.127									0.571	0.496	0.132	0.132								
28:40:01	0.480	0.483	0.133	0.131									0.533	0.503	0.132	0.129									0.470	0.462	0.132	0.129									0.488	0.432	0.131	0.128									0.482	0.466	0.134	0.126									0.472	0.427	0.130	0.127									0.537	0.481	0.135	0.128									0.571	0.488	0.132	0.132								
29:00:01	0.482	0.483	0.133	0.131									0.551	0.497	0.132	0.129									0.475	0.467	0.132	0.129									0.498	0.437	0.132	0.128									0.483	0.469	0.134	0.127									0.465	0.429	0.131	0.127									0.550	0.485	0.135	0.128									0.576	0.492	0.133	0.133								
29:20:01	0.483	0.485	0.133	0.131									0.571	0.496	0.132	0.129									0.477	0.463	0.132	0.130									0.499	0.434	0.132	0.128									0.472	0.474	0.134	0.127									0.462	0.433	0.130	0.127									0.549	0.489	0.135	0.128									0.578	0.501	0.133	0.133								
29:40:01	0.484	0.485	0.133	0.131									0.562	0.501	0.132	0.129									0.480	0.468	0.133	0.130									0.491	0.438	0.132	0.128									0.474	0.478	0.134	0.127									0.464	0.437	0.131	0.127									0.555	0.495	0.136	0.128									0.590	0.507	0.133	0.133								
30:00:01	0.488	0.487	0.133	0.131									0.561	0.499	0.132	0.129									0.483	0.466	0.133	0.130									0.481	0.444	0.132	0.129									0.477	0.485	0.134	0.127									0.468	0.441	0.130	0.128									0.569	0.497	0.136	0.128									0.600	0.511	0.133	0.133								
30:20:01	0.491	0.490	0.134	0.131									0.560	0.504	0.132	0.129									0.485	0.470	0.133	0.130									0.485	0.447	0.133	0.129									0.488	0.490	0.134	0.127									0.471	0.441	0.131	0.128									0.565	0.504	0.136	0.128									0.608	0.516	0.133	0.133								
30:40:01	0.493	0.492	0.134	0.132									0.559	0.509	0.133	0.130									0.489	0.472	0.133	0.131									0.504	0.447	0.133	0.129									0.490	0.497	0.135	0.128									0.479	0.446	0.131	0.128									0.574	0.507	0.136	0.129									0.620	0.522	0.134	0.134								
31:00:01	0.495	0.492	0.134	0.132									0.557	0.502	0.133	0.130									0.490	0.473	0.133	0.131									0.504	0.446	0.133	0.130									0.487	0.499	0.135	0.128									0.480	0.441	0.131	0.128									0.583	0.498	0.136	0.129									0.616	0.518	0.134	0.134								
31:20:01	0.500	0.498	0.134	0.132									0.558	0.504	0.133	0.130									0.494	0.471	0.133	0.131									0.526	0.452	0.133	0.129									0.491	0.513	0.135	0.128									0.496	0.448	0.131	0.128									0.580	0.505	0.136	0.129									0.628	0.537	0.134	0.134								
31:40:01	0.504	0.499	0.134	0.132									0.563	0.512	0.133	0.130									0.497	0.474	0.133	0.131									0.512	0.451	0.133	0.130									0.490	0.522	0.135	0.128									0.505	0.446	0.131	0.129									0.589	0.504	0.136	0.129									0.634	0.543	0.134	0.134								
32:00:01	0.507	0.501	0.135	0.132									0.567	0.511	0.133	0.131									0.498	0.477	0.133	0.131									0.513	0.455	0.133	0.130									0.495	0.530	0.135	0.128									0.515	0.452	0.131	0.129									0.602	0.510	0.136	0.129									0.641	0.553	0.134	0.134								
32:20:01	0.513	0.505	0.135	0.132									0.577	0.521	0.133	0.131									0.505	0.480	0.134	0.132									0.526	0.467	0.134	0.130									0.501	0.542	0.135	0.128									0.528	0.464	0.131	0.129									0.594	0.526	0.137	0.129									0.647	0.569	0.134	0.134								
32:40:01	0.515	0.507	0.135	0.133									0.585	0.514	0.133	0.131									0.504	0.477	0.134	0.132									0.522	0.458	0.134	0.130									0.501	0.542	0.135	0.128									0.523	0.456	0.131	0.129									0.602	0.530	0.137	0.130									0.650	0.563	0.134	0.135								
33:00:01	0.520	0.510	0.135	0.133									0.584	0.517	0.133	0.131									0.507	0.481	0.134	0.132									0.533	0.465	0.134	0.130									0.509	0.545	0.135	0.128									0.524	0.453	0.131	0.130									0.609	0.537	0.137	0.130									0.658	0.566	0.134	0.135								
33:20:01	0.524	0.513	0.135	0.133									0.588	0.518	0.133	0.131									0.509	0.480	0.134	0.132									0.531	0.467	0.134	0.131									0.512	0.545	0.136	0.129									0.526	0.458	0.131	0.130									0.605	0.547	0.137	0.130									0.662	0.573	0.135	0.135								
33:40:01	0.527	0.516	0.135	0.133									0.597	0.519	0.134	0.132									0.512	0.481	0.134	0.132									0.541	0.470	0.134	0.131									0.520	0.550	0.136	0.129									0.531	0.452	0.131	0.130									0.600	0.555	0.137	0.130									0.662	0.578	0.135	0.136								
34:00:01	0.529	0.519	0.135	0.133									0.594	0.525	0.134	0.131									0.514	0.482	0.134	0.132									0.540	0.468	0.134	0.131									0.523	0.555	0.136	0.129									0.540	0.450	0.131	0.130									0.614	0.555	0.137	0.130									0.674	0.582	0.135	0.135								
34:20:02	0.533	0.522	0.135	0.133									0.606	0.523	0.134	0.132									0.516	0.484	0.134	0.132									0.550	0.473	0.134	0.131									0.523	0.560	0.136	0.129									0.543	0.457	0.131	0.130									0.616	0.553	0.137	0.130									0.670	0.584	0.135	0.136								
34:40:02	0.536	0.524	0.136	0.134									0.603	0.524	0.134	0.132									0.519	0.483	0.134	0.132									0.556	0.463	0.134	0.131									0.536	0.563	0.136	0.129									0.555	0.459	0.131	0.130									0.617	0.552	0.137	0.131									0.675	0.591	0.135	0.136								
35:00:02	0.539	0.527	0.136	0.134									0.599	0.526	0.134	0.133									0.523	0.485	0.134	0.133									0.562	0.466	0.134	0.132									0.539	0.564	0.136	0.129									0.556	0.460	0.131	0.131									0.630	0.559	0.137	0.131									0.686	0.593	0.136	0.136								
35:20:02	0.542	0.529	0.136	0.134									0.600	0.529	0.134	0.132									0.526	0.486	0.134	0.133									0.569	0.472	0.134	0.132									0.547	0.568	0.136	0.129									0.557	0.465	0.131	0.131									0.616	0.558	0.138	0.131									0.687	0.597	0.135	0.136								
35:40:02	0.547	0.531	0.136	0.134									0.624	0.533	0.134	0.132									0.530	0.489	0.134	0.133									0.566	0.478	0.134	0.132									0.547	0.569	0.136	0.129									0.558	0.465	0.131	0.131									0.618	0.566	0.138	0.131									0.692	0.599	0.136	0.136								
36:00:02	0.550	0.533	0.136	0.134									0.609	0.534	0.134	0.133									0.532	0.490	0.134	0.133									0.572	0.483	0.134	0.132									0.554	0.571	0.136	0.130									0.561	0.474	0.131	0.131									0.634	0.568	0.138	0.131									0.695	0.605	0.137	0.136								
36:20:02	0.553	0.535	0.136	0.134									0.601	0.537	0.134	0.133									0.535	0.492	0.134	0.133									0.574	0.480	0.135	0.132									0.553	0.574	0.136	0.130									0.563	0.483	0.131	0.131									0.624	0.567	0.138	0.132									0.697	0.609	0.137	0.137								
36:40:02	0.557	0.537	0.136	0.134									0.622	0.540	0.134	0.133									0.537	0.493	0.134	0.133									0.579	0.492	0.135	0.132									0.561	0.575	0.136	0.130									0.565	0.490	0.131	0.131									0.630	0.569	0.138	0.132									0.699	0.611	0.139	0.137								
37:00:02	0.561	0.539	0.136	0.135									0.622	0.543	0.135	0.133									0.539	0.495	0.134	0.133									0.585	0.498	0.135	0.132									0.560	0.577	0.137	0.130									0.578	0.496	0.131	0.131									0.644	0.577	0.138	0.132									0.703	0.614	0.140	0.137								
37:20:02	0.564	0.541	0.136	0.135									0.613	0.544	0.134	0.133									0.542	0.497	0.134	0.133									0.583	0.497	0.135	0.133									0.569	0.579	0.137	0.130									0.580	0.503	0.131	0.131									0.650	0.575	0.138	0.132									0.706	0.616	0.141	0.138								
37:40:02	0.566	0.542	0.137	0.135									0.615	0.546	0.135	0.134									0.544	0.498	0.134	0.133									0.589	0.495	0.135	0.133									0.566	0.579	0.137	0.130									0.581	0.507	0.131	0.131									0.651	0.580	0.138	0.132									0.709	0.620	0.143	0.138								
38:00:02	0.570	0.545	0.137	0.135									0.635	0.550	0.135	0.134									0.548	0.500	0.134	0.133									0.591	0.500	0.136	0.133									0.570	0.582	0.137	0.130									0.582	0.518	0.131	0.131									0.652	0.583	0.138	0.132									0.711	0.622	0.145	0.139								
38:20:02	0.574	0.546	0.137	0.135									0.613	0.553	0.135	0.134									0.550	0.502	0.134	0.134									0.596	0.509	0.136	0.133									0.570	0.587	0.137	0.130									0.579	0.521	0.131	0.132									0.649	0.585	0.138	0.132									0.718	0.625	0.147	0.139								
38:40:02	0.577	0.546	0.137	0.135									0.622	0.555	0.135	0.134									0.552	0.503	0.134	0.134									0.598	0.516	0.137	0.134									0.581	0.588	0.137	0.131									0.590	0.531	0.131	0.132									0.649	0.589	0.138	0.133									0.721	0.627	0.149	0.140								
39:00:02	0.580	0.547	0.137	0.136									0.635	0.556	0.135	0.134									0.554	0.504	0.134	0.134									0.597	0.523	0.137	0.134									0.576	0.591	0.137	0.131									0.593	0.533	0.131	0.132									0.654	0.589	0.138	0.133									0.725	0.629	0.151	0.141								
39:20:02	0.582	0.549	0.137	0.136									0.625	0.559	0.135	0.134									0.556	0.506	0.134	0.134									0.602	0.527	0.137	0.134									0.579	0.592	0.137	0.131									0.601	0.535	0.131	0.132									0.658	0.593	0.138	0.133									0.728	0.633	0.152	0.142								
39:40:02	0.586	0.552	0.137	0.136									0.638	0.561	0.135	0.134									0.559	0.508	0.134	0.134									0.609	0.529	0.138	0.134									0.587	0.592	0.137	0.131									0.598	0.542	0.131	0.132									0.659	0.595	0.138	0.133									0.728	0.635	0.154	0.143								
40:00:02	0.590	0.557	0.137	0.136									0.656	0.566	0.136	0.135									0.564	0.512	0.134	0.134									0.608	0.542	0.139	0.135									0.594	0.598	0.137	0.131									0.607	0.553	0.131	0.132									0.662	0.599	0.139	0.133									0.730	0.639	0.157	0.144								
40:20:02	0.591	0.557	0.138	0.136									0.656	0.565	0.135	0.135									0.563	0.510	0.134	0.134									0.604	0.538	0.138	0.134									0.596	0.595	0.137	0.131									0.604	0.548	0.131	0.132									0.661	0.600	0.139	0.133									0.733	0.638	0.157	0.146								
40:40:02	0.594	0.561	0.138	0.136									0.627	0.565	0.135	0.134									0.566	0.512	0.134	0.134									0.615	0.539	0.139	0.135									0.590	0.596	0.137	0.131									0.606	0.552	0.131	0.132									0.665	0.600	0.139	0.133									0.740	0.642	0.159	0.147								
41:00:02	0.597	0.563	0.139	0.136									0.646	0.568	0.135	0.134									0.568	0.513	0.134	0.134									0.608	0.545	0.139	0.135									0.602	0.599	0.137	0.131									0.614	0.557	0.131	0.132									0.667	0.603	0.139	0.133									0.737	0.643	0.160	0.149								
41:20:02	0.598	0.564	0.139	0.137									0.647	0.570	0.135	0.135									0.569	0.515	0.134	0.134									0.609	0.546	0.140	0.135									0.606	0.600	0.138	0.131									0.609	0.556	0.131	0.132									0.662	0.604	0.139	0.133									0.741	0.643	0.161	0.151								
41:40:02	0.599	0.564	0.140	0.137									0.652	0.571	0.135	0.135									0.570	0.516	0.134	0.134									0.606	0.548	0.140	0.135									0.601	0.602	0.138	0.131									0.610	0.560	0.131	0.132									0.673	0.603	0.139	0.133									0.749	0.649	0.162	0.152								
42:00:02	0.601	0.565	0.141	0.137									0.649	0.571	0.135	0.135									0.573	0.518	0.134	0.134									0.615	0.547	0.141	0.135									0.606	0.605	0.138	0.132									0.614	0.561	0.131	0.132									0.669	0.609	0.139	0.133									0.748	0.649	0.163	0.153								
42:20:02	0.601	0.567	0.142	0.137									0.657	0.574	0.135	0.135									0.577	0.520	0.134	0.134									0.616	0.551	0.141	0.135									0.613	0.603	0.138	0.132									0.615	0.564	0.131	0.132									0.674	0.608	0.139	0.133									0.751	0.655	0.163	0.154								
42:40:02	0.601	0.573	0.144	0.138									0.659	0.576	0.136	0.135									0.581	0.524	0.134	0.134									0.623	0.559	0.142	0.136									0.607	0.611	0.139	0.132									0.621	0.569	0.131	0.133									0.676	0.611	0.139	0.133									0.757	0.659	0.163	0.154								
43:00:02	0.603	0.576	0.144	0.137									0.664	0.575	0.136	0.135									0.580	0.523	0.134	0.134									0.624	0.556	0.141	0.136									0.614	0.608	0.140	0.132									0.623	0.566	0.131	0.133									0.675	0.611	0.139	0.134									0.756	0.659	0.164	0.157								
43:20:02	0.605	0.578	0.145	0.137									0.661	0.576	0.135	0.135									0.581	0.525	0.134	0.134									0.624	0.557	0.142	0.136									0.618	0.615	0.140	0.132									0.625	0.567	0.131	0.133									0.680	0.615	0.139	0.134									0.767	0.664	0.165	0.158								
43:40:02	0.610	0.578	0.147	0.138									0.668	0.576	0.136	0.135									0.582	0.526	0.134	0.134									0.622	0.557	0.142	0.136									0.617	0.611	0.141	0.132									0.630	0.568	0.131	0.133									0.678	0.617	0.139	0.134									0.764	0.664	0.165	0.159								
44:00:02	0.616	0.577	0.149	0.138									0.665	0.574	0.136	0.135									0.583	0.528	0.134	0.134									0.627	0.561	0.142	0.136									0.620	0.618	0.142	0.132									0.631	0.571	0.131	0.133									0.684	0.615	0.139	0.134									0.768	0.668	0.165	0.160								
44:20:02	0.616	0.575	0.151	0.138									0.668	0.575	0.136	0.136									0.583	0.529	0.134	0.134									0.628	0.560	0.143	0.137									0.625	0.612	0.143	0.132									0.634	0.571	0.132	0.133									0.686	0.621	0.140	0.134									0.775	0.671	0.166	0.160								
44:40:02	0.619	0.574	0.152	0.138									0.665	0.576	0.136	0.136									0.585	0.532	0.134	0.134									0.625	0.562	0.143	0.137									0.627	0.618	0.144	0.132									0.636	0.572	0.132	0.133									0.695	0.619	0.140	0.134									0.779	0.676	0.166	0.161								
45:00:02	0.618	0.574	0.154	0.139									0.669	0.576	0.136	0.136									0.587	0.535	0.134	0.134									0.622	0.560	0.143	0.137									0.629	0.624	0.145	0.132									0.638	0.572	0.132	0.133									0.693	0.624	0.141	0.134									0.779	0.677	0.166	0.161								
45:20:02	0.619	0.575	0.156	0.139									0.666	0.576	0.136	0.136									0.589	0.537	0.134	0.135									0.631	0.562	0.144	0.137									0.630	0.619	0.146	0.133									0.643	0.573	0.132	0.133									0.698	0.621	0.142	0.134									0.778	0.679	0.167	0.162								
45:40:02	0.619	0.576	0.158	0.139									0.669	0.576	0.136	0.136									0.591	0.537	0.134	0.135									0.625	0.562	0.144	0.137									0.635	0.621	0.148	0.133									0.646	0.573	0.133	0.133									0.700	0.625	0.143	0.134									0.787	0.682	0.167	0.162								
46:00:02	0.619	0.577	0.160	0.140									0.660	0.576	0.136	0.136									0.593	0.538	0.134	0.135									0.632	0.562	0.145	0.138									0.634	0.624	0.149	0.133									0.650	0.573	0.133	0.133									0.707	0.623	0.145	0.134									0.788	0.686	0.167	0.163								
46:20:02	0.620	0.578	0.162	0.141									0.670	0.577	0.137	0.136									0.595	0.539	0.134	0.135									0.626	0.565	0.146	0.138									0.633	0.628	0.150	0.133									0.651	0.575	0.134	0.133									0.707	0.628	0.147	0.135									0.791	0.691	0.167	0.163								
46:40:02	0.620	0.578	0.163	0.141									0.676	0.577	0.136	0.136									0.595	0.540	0.134	0.135									0.631	0.566	0.146	0.138									0.638	0.630	0.152	0.133									0.653	0.577	0.134	0.133									0.709	0.629	0.148	0.134									0.796	0.693	0.168	0.163								
47:00:02	0.622	0.578	0.165	0.143									0.673	0.577	0.137	0.136									0.598	0.541	0.134	0.135									0.629	0.565	0.146	0.139									0.640	0.630	0.152	0.133									0.651	0.573	0.134	0.133									0.715	0.630	0.148	0.135									0.800	0.696	0.166	0.161								
47:20:02	0.624	0.579	0.165	0.144									0.678	0.579	0.137	0.137									0.599	0.542	0.134	0.135									0.633	0.568	0.147	0.140									0.643	0.633	0.155	0.133									0.659	0.578	0.135	0.134									0.714	0.634	0.151	0.135									0.805	0.700	0.168	0.164								
47:40:02	0.625	0.579	0.166	0.144									0.681	0.579	0.137	0.137									0.600	0.544	0.134	0.135									0.637	0.568	0.148	0.140									0.648	0.636	0.156	0.133									0.659	0.580	0.135	0.134									0.720	0.630	0.152	0.135									0.805	0.703	0.168	0.164								
48:00:02	0.626	0.578	0.167	0.145									0.682	0.580	0.137	0.137									0.600	0.544	0.134	0.135									0.637	0.570	0.148	0.141									0.647	0.639	0.157	0.133									0.663	0.581	0.135	0.134									0.725	0.636	0.152	0.135									0.809	0.707	0.167	0.164								

