Field Group

Plate Comment:	
Procedure Summary
  Plate Type:              Corning 96 well for LogPhase600
  Plate Number:            2
  Discontinuous Kinetics:  Runtime 02:00:00 (D:HH:MM), Interval 00:20:00 (HH:MM:SS), 145 Reads (max)
  Read:                    600 nm
  Incubator:               On
    Temperature setpoint:  30 °C
    Temperature gradient:  Off
  Shaking:                 On
     Shaking frequency:    600 RPMs		
			
			

600

Time	A1	A2	A3	A4	A5	A6	A7	A8	A9	A10	A11	A12	B1	B2	B3	B4	B5	B6	B7	B8	B9	B10	B11	B12	C1	C2	C3	C4	C5	C6	C7	C8	C9	C10	C11	C12	D1	D2	D3	D4	D5	D6	D7	D8	D9	D10	D11	D12	E1	E2	E3	E4	E5	E6	E7	E8	E9	E10	E11	E12	F1	F2	F3	F4	F5	F6	F7	F8	F9	F10	F11	F12	G1	G2	G3	G4	G5	G6	G7	G8	G9	G10	G11	G12	H1	H2	H3	H4	H5	H6	H7	H8	H9	H10	H11	H12
0:00:00	0.117	0.117	0.116	0.115	0.118	0.116	0.117	0.119	0.120	0.119	0.119	0.122	0.118	0.119	0.131	0.117	0.118	0.117	0.118	0.117	0.116	0.116	0.117	0.117	0.116	0.118	0.119	0.117	0.117	0.115	0.117	0.118	0.120	0.121	0.100	0.118	0.116	0.120	0.122	0.115	0.119	0.117	0.121	0.120	0.119	0.121	0.120	0.119	0.116	0.119	0.123	0.120	0.119	0.118	0.120	0.120	0.117	0.095	0.085	0.118	0.120	0.118	0.118	0.117	0.120	0.118	0.117	0.118	0.116	0.116	0.120	0.118	0.116	0.117	0.118	0.117	0.118	0.117	0.117	0.119	0.118	0.117	0.117	0.122	0.116	0.115	0.117	0.119	0.116	0.117	0.118	0.117	0.117	0.126	0.119	0.116
0:20:00	0.116	0.116	0.116	0.116	0.117	0.116	0.118	0.119	0.120	0.119	0.120	0.122	0.118	0.118	0.129	0.117	0.117	0.116	0.117	0.117	0.116	0.115	0.117	0.117	0.115	0.117	0.118	0.117	0.115	0.116	0.117	0.118	0.120	0.120	0.100	0.118	0.116	0.120	0.122	0.117	0.119	0.117	0.121	0.120	0.119	0.121	0.120	0.119	0.115	0.119	0.122	0.120	0.118	0.118	0.120	0.120	0.118	0.095	0.085	0.118	0.118	0.116	0.118	0.118	0.120	0.115	0.117	0.117	0.117	0.116	0.121	0.118	0.116	0.116	0.119	0.118	0.117	0.117	0.117	0.120	0.118	0.116	0.118	0.123	0.115	0.114	0.117	0.120	0.116	0.117	0.117	0.117	0.117	0.134	0.119	0.117
0:40:00	0.116	0.115	0.117	0.116	0.117	0.116	0.118	0.119	0.120	0.119	0.120	0.122	0.118	0.116	0.129	0.117	0.116	0.116	0.117	0.118	0.116	0.115	0.117	0.118	0.115	0.116	0.118	0.116	0.115	0.115	0.118	0.118	0.120	0.120	0.100	0.117	0.116	0.120	0.123	0.117	0.119	0.117	0.121	0.120	0.118	0.121	0.120	0.120	0.115	0.119	0.121	0.120	0.117	0.118	0.120	0.120	0.117	0.095	0.085	0.118	0.118	0.115	0.117	0.119	0.120	0.115	0.116	0.118	0.117	0.116	0.121	0.118	0.116	0.115	0.119	0.119	0.117	0.116	0.117	0.119	0.118	0.116	0.118	0.122	0.115	0.114	0.117	0.120	0.116	0.117	0.117	0.117	0.117	0.128	0.120	0.117
1:00:00	0.115	0.115	0.117	0.117	0.117	0.116	0.118	0.120	0.119	0.118	0.121	0.122	0.117	0.117	0.129	0.118	0.116	0.116	0.116	0.118	0.116	0.115	0.118	0.118	0.115	0.116	0.118	0.117	0.115	0.115	0.118	0.118	0.120	0.120	0.100	0.118	0.116	0.120	0.123	0.117	0.119	0.117	0.122	0.121	0.118	0.121	0.121	0.120	0.115	0.119	0.122	0.121	0.117	0.118	0.120	0.120	0.118	0.094	0.085	0.118	0.118	0.115	0.118	0.121	0.120	0.115	0.116	0.117	0.117	0.116	0.121	0.119	0.116	0.115	0.120	0.121	0.116	0.116	0.117	0.118	0.117	0.116	0.118	0.123	0.115	0.114	0.118	0.121	0.116	0.117	0.116	0.117	0.117	0.130	0.120	0.117
1:20:00	0.115	0.115	0.118	0.118	0.117	0.116	0.119	0.120	0.119	0.118	0.121	0.122	0.117	0.117	0.130	0.119	0.116	0.116	0.117	0.118	0.116	0.115	0.118	0.119	0.115	0.116	0.119	0.117	0.115	0.115	0.118	0.119	0.120	0.120	0.100	0.118	0.116	0.120	0.125	0.118	0.119	0.117	0.122	0.121	0.118	0.121	0.121	0.121	0.116	0.119	0.123	0.122	0.117	0.118	0.121	0.120	0.118	0.094	0.086	0.119	0.118	0.115	0.119	0.122	0.120	0.115	0.117	0.118	0.117	0.116	0.121	0.120	0.116	0.115	0.121	0.123	0.116	0.116	0.118	0.118	0.117	0.116	0.119	0.124	0.115	0.114	0.118	0.122	0.116	0.117	0.117	0.117	0.117	0.128	0.121	0.118
1:40:00	0.116	0.115	0.119	0.120	0.117	0.116	0.120	0.120	0.120	0.119	0.122	0.123	0.118	0.117	0.131	0.119	0.116	0.116	0.118	0.119	0.116	0.115	0.119	0.119	0.116	0.117	0.120	0.119	0.115	0.115	0.119	0.119	0.120	0.120	0.101	0.119	0.116	0.120	0.126	0.119	0.119	0.117	0.123	0.122	0.118	0.121	0.123	0.122	0.116	0.119	0.124	0.124	0.117	0.118	0.122	0.121	0.118	0.094	0.087	0.119	0.119	0.115	0.120	0.126	0.120	0.115	0.118	0.118	0.118	0.116	0.123	0.123	0.116	0.116	0.122	0.126	0.116	0.116	0.119	0.119	0.118	0.116	0.120	0.124	0.115	0.115	0.119	0.123	0.116	0.117	0.118	0.118	0.117	0.130	0.122	0.119
2:00:00	0.116	0.116	0.120	0.120	0.117	0.116	0.121	0.121	0.119	0.118	0.124	0.123	0.118	0.117	0.132	0.121	0.116	0.116	0.119	0.119	0.116	0.115	0.120	0.120	0.116	0.117	0.121	0.120	0.115	0.115	0.120	0.120	0.121	0.120	0.102	0.119	0.117	0.120	0.127	0.121	0.119	0.117	0.124	0.123	0.119	0.121	0.125	0.124	0.116	0.119	0.126	0.124	0.117	0.118	0.123	0.121	0.118	0.094	0.088	0.120	0.119	0.115	0.121	0.128	0.120	0.115	0.119	0.119	0.117	0.116	0.124	0.125	0.117	0.116	0.124	0.128	0.116	0.116	0.120	0.119	0.118	0.116	0.122	0.125	0.116	0.114	0.120	0.123	0.116	0.117	0.119	0.118	0.117	0.127	0.122	0.119
2:20:00	0.117	0.116	0.122	0.123	0.117	0.116	0.122	0.121	0.120	0.119	0.125	0.124	0.119	0.117	0.134	0.122	0.116	0.116	0.120	0.120	0.116	0.115	0.121	0.120	0.116	0.117	0.123	0.119	0.115	0.115	0.121	0.120	0.121	0.120	0.103	0.120	0.117	0.120	0.129	0.122	0.119	0.117	0.126	0.124	0.119	0.121	0.128	0.126	0.117	0.120	0.127	0.127	0.118	0.118	0.124	0.121	0.118	0.094	0.090	0.121	0.119	0.115	0.123	0.131	0.120	0.115	0.120	0.120	0.118	0.116	0.126	0.128	0.118	0.116	0.125	0.130	0.116	0.116	0.122	0.119	0.117	0.116	0.123	0.125	0.116	0.115	0.122	0.124	0.116	0.117	0.120	0.119	0.117	0.125	0.123	0.119
2:40:00	0.117	0.116	0.123	0.124	0.117	0.116	0.124	0.122	0.120	0.118	0.127	0.124	0.120	0.117	0.135	0.123	0.116	0.116	0.121	0.121	0.116	0.115	0.123	0.120	0.117	0.117	0.124	0.122	0.115	0.115	0.122	0.121	0.122	0.120	0.105	0.121	0.117	0.120	0.131	0.123	0.119	0.117	0.128	0.125	0.119	0.121	0.133	0.128	0.117	0.120	0.129	0.129	0.117	0.118	0.125	0.122	0.118	0.094	0.092	0.122	0.120	0.115	0.124	0.135	0.120	0.115	0.122	0.121	0.118	0.116	0.128	0.132	0.118	0.116	0.127	0.132	0.117	0.116	0.124	0.120	0.117	0.116	0.125	0.125	0.117	0.115	0.123	0.124	0.116	0.117	0.122	0.119	0.117	0.119	0.125	0.120
3:00:00	0.118	0.116	0.125	0.125	0.117	0.116	0.126	0.123	0.120	0.118	0.129	0.125	0.120	0.118	0.137	0.125	0.116	0.116	0.123	0.121	0.116	0.115	0.125	0.121	0.117	0.118	0.125	0.124	0.115	0.115	0.125	0.121	0.121	0.120	0.108	0.121	0.117	0.120	0.135	0.124	0.119	0.118	0.131	0.127	0.120	0.122	0.140	0.130	0.118	0.120	0.131	0.130	0.117	0.118	0.127	0.122	0.119	0.096	0.094	0.123	0.121	0.116	0.126	0.140	0.119	0.116	0.124	0.121	0.117	0.116	0.130	0.136	0.120	0.116	0.129	0.132	0.117	0.116	0.126	0.121	0.118	0.116	0.127	0.126	0.117	0.115	0.126	0.123	0.116	0.117	0.124	0.120	0.117	0.121	0.127	0.121
3:20:00	0.119	0.116	0.127	0.127	0.117	0.116	0.128	0.123	0.120	0.119	0.131	0.125	0.122	0.118	0.140	0.126	0.116	0.116	0.125	0.122	0.116	0.115	0.128	0.122	0.117	0.118	0.128	0.125	0.116	0.115	0.126	0.122	0.120	0.120	0.109	0.122	0.118	0.121	0.138	0.125	0.119	0.117	0.133	0.127	0.119	0.121	0.146	0.133	0.119	0.120	0.134	0.133	0.119	0.118	0.130	0.123	0.118	0.094	0.097	0.124	0.121	0.116	0.127	0.141	0.120	0.115	0.126	0.122	0.118	0.116	0.133	0.139	0.121	0.117	0.131	0.133	0.117	0.116	0.128	0.121	0.118	0.116	0.129	0.126	0.118	0.115	0.127	0.125	0.116	0.117	0.126	0.120	0.117	0.121	0.129	0.121
3:40:00	0.120	0.117	0.129	0.127	0.117	0.116	0.131	0.123	0.121	0.119	0.134	0.126	0.122	0.118	0.142	0.127	0.116	0.116	0.127	0.122	0.117	0.115	0.131	0.123	0.118	0.118	0.130	0.127	0.116	0.115	0.129	0.123	0.120	0.120	0.112	0.122	0.118	0.121	0.142	0.126	0.120	0.117	0.137	0.128	0.119	0.121	0.155	0.136	0.120	0.120	0.137	0.135	0.118	0.118	0.133	0.124	0.118	0.094	0.100	0.126	0.122	0.116	0.130	0.143	0.119	0.115	0.129	0.123	0.118	0.116	0.137	0.143	0.122	0.117	0.133	0.133	0.117	0.116	0.131	0.122	0.118	0.116	0.132	0.127	0.120	0.116	0.129	0.125	0.117	0.117	0.129	0.121	0.118	0.123	0.131	0.121
4:00:00	0.122	0.117	0.132	0.129	0.117	0.116	0.133	0.124	0.120	0.118	0.137	0.127	0.124	0.119	0.145	0.128	0.116	0.116	0.129	0.124	0.116	0.115	0.134	0.123	0.119	0.119	0.132	0.128	0.116	0.116	0.132	0.123	0.119	0.120	0.116	0.124	0.119	0.121	0.147	0.127	0.120	0.118	0.142	0.129	0.120	0.122	0.166	0.138	0.121	0.121	0.141	0.138	0.118	0.118	0.137	0.125	0.120	0.096	0.103	0.127	0.124	0.117	0.133	0.147	0.120	0.116	0.133	0.122	0.118	0.116	0.140	0.147	0.124	0.118	0.137	0.133	0.117	0.116	0.134	0.123	0.118	0.116	0.135	0.127	0.121	0.116	0.132	0.125	0.117	0.117	0.132	0.122	0.117	0.120	0.134	0.122
4:20:00	0.123	0.117	0.135	0.129	0.118	0.116	0.137	0.124	0.120	0.119	0.140	0.127	0.125	0.119	0.149	0.129	0.116	0.116	0.133	0.124	0.117	0.115	0.138	0.124	0.121	0.119	0.136	0.129	0.116	0.115	0.136	0.124	0.120	0.120	0.118	0.123	0.120	0.122	0.151	0.128	0.120	0.117	0.146	0.130	0.119	0.121	0.175	0.141	0.123	0.121	0.146	0.139	0.119	0.119	0.142	0.126	0.119	0.094	0.107	0.129	0.126	0.117	0.136	0.146	0.120	0.116	0.136	0.123	0.118	0.116	0.144	0.150	0.126	0.118	0.140	0.132	0.117	0.116	0.137	0.123	0.118	0.116	0.137	0.128	0.122	0.116	0.135	0.126	0.117	0.117	0.135	0.122	0.117	0.119	0.138	0.122
4:40:00	0.124	0.118	0.140	0.130	0.117	0.116	0.141	0.125	0.120	0.119	0.145	0.127	0.127	0.119	0.154	0.130	0.117	0.116	0.136	0.125	0.117	0.116	0.143	0.124	0.122	0.120	0.140	0.130	0.116	0.116	0.140	0.125	0.120	0.120	0.124	0.124	0.123	0.122	0.158	0.129	0.120	0.117	0.153	0.130	0.119	0.122	0.187	0.144	0.123	0.122	0.152	0.140	0.119	0.119	0.149	0.127	0.119	0.094	0.110	0.130	0.128	0.118	0.140	0.148	0.120	0.116	0.140	0.123	0.118	0.116	0.149	0.153	0.129	0.119	0.144	0.130	0.117	0.116	0.141	0.124	0.118	0.116	0.142	0.128	0.122	0.116	0.138	0.126	0.117	0.117	0.138	0.122	0.118	0.119	0.141	0.122
5:00:00	0.128	0.118	0.144	0.130	0.118	0.116	0.144	0.126	0.120	0.118	0.149	0.127	0.132	0.120	0.158	0.130	0.117	0.116	0.139	0.125	0.117	0.115	0.147	0.125	0.125	0.120	0.144	0.131	0.117	0.116	0.144	0.125	0.120	0.120	0.129	0.125	0.125	0.122	0.164	0.129	0.120	0.119	0.159	0.132	0.120	0.121	0.197	0.145	0.126	0.123	0.159	0.143	0.119	0.119	0.157	0.129	0.119	0.096	0.116	0.132	0.131	0.119	0.144	0.151	0.120	0.116	0.144	0.124	0.118	0.116	0.154	0.156	0.130	0.120	0.149	0.131	0.117	0.116	0.144	0.124	0.119	0.116	0.146	0.129	0.125	0.116	0.142	0.125	0.117	0.117	0.140	0.122	0.117	0.120	0.146	0.123
5:20:00	0.129	0.120	0.150	0.131	0.118	0.116	0.148	0.126	0.120	0.118	0.154	0.128	0.134	0.122	0.164	0.129	0.117	0.116	0.142	0.124	0.117	0.115	0.152	0.125	0.129	0.121	0.149	0.131	0.117	0.116	0.149	0.126	0.120	0.121	0.134	0.126	0.126	0.123	0.170	0.130	0.120	0.119	0.162	0.132	0.120	0.122	0.203	0.147	0.131	0.123	0.167	0.147	0.120	0.119	0.164	0.130	0.120	0.096	0.121	0.131	0.133	0.120	0.150	0.152	0.120	0.116	0.147	0.125	0.119	0.116	0.158	0.159	0.133	0.119	0.154	0.130	0.117	0.116	0.147	0.125	0.119	0.116	0.150	0.131	0.129	0.118	0.146	0.125	0.117	0.117	0.143	0.123	0.117	0.124	0.150	0.124
5:40:00	0.135	0.120	0.157	0.131	0.118	0.116	0.152	0.126	0.121	0.119	0.157	0.128	0.137	0.122	0.171	0.131	0.117	0.116	0.144	0.124	0.118	0.115	0.156	0.125	0.133	0.122	0.155	0.131	0.117	0.116	0.153	0.126	0.120	0.121	0.139	0.125	0.130	0.124	0.175	0.130	0.121	0.119	0.166	0.134	0.120	0.122	0.209	0.150	0.135	0.126	0.175	0.148	0.120	0.119	0.172	0.131	0.120	0.096	0.127	0.132	0.137	0.120	0.156	0.153	0.120	0.116	0.150	0.126	0.119	0.116	0.164	0.161	0.135	0.121	0.160	0.129	0.117	0.116	0.149	0.125	0.120	0.116	0.155	0.130	0.133	0.118	0.151	0.126	0.117	0.117	0.146	0.124	0.117	0.129	0.155	0.126
6:00:00	0.136	0.120	0.162	0.132	0.118	0.116	0.159	0.127	0.120	0.119	0.162	0.129	0.138	0.124	0.178	0.131	0.117	0.116	0.148	0.125	0.117	0.115	0.161	0.125	0.135	0.125	0.162	0.132	0.117	0.116	0.157	0.127	0.120	0.121	0.145	0.126	0.133	0.125	0.182	0.131	0.121	0.119	0.172	0.136	0.121	0.122	0.217	0.152	0.136	0.126	0.182	0.150	0.121	0.119	0.177	0.133	0.119	0.096	0.130	0.136	0.138	0.120	0.162	0.155	0.120	0.116	0.153	0.128	0.119	0.116	0.169	0.163	0.135	0.123	0.166	0.129	0.118	0.116	0.152	0.126	0.119	0.116	0.160	0.133	0.135	0.119	0.155	0.126	0.117	0.117	0.149	0.124	0.117	0.119	0.159	0.126
6:20:00	0.136	0.121	0.168	0.130	0.118	0.116	0.165	0.128	0.121	0.119	0.169	0.130	0.137	0.126	0.183	0.131	0.118	0.116	0.152	0.128	0.117	0.115	0.166	0.128	0.136	0.127	0.167	0.132	0.117	0.116	0.163	0.128	0.120	0.121	0.151	0.128	0.136	0.125	0.187	0.131	0.120	0.119	0.177	0.138	0.120	0.122	0.223	0.156	0.137	0.125	0.188	0.149	0.121	0.119	0.183	0.136	0.119	0.096	0.138	0.135	0.138	0.122	0.166	0.156	0.120	0.116	0.159	0.129	0.119	0.116	0.175	0.164	0.136	0.125	0.170	0.129	0.117	0.116	0.157	0.127	0.119	0.116	0.168	0.130	0.136	0.120	0.159	0.127	0.117	0.117	0.153	0.125	0.117	0.119	0.166	0.126
6:40:00	0.136	0.122	0.170	0.131	0.119	0.116	0.172	0.128	0.120	0.119	0.175	0.130	0.137	0.129	0.186	0.131	0.117	0.116	0.156	0.128	0.118	0.115	0.170	0.127	0.136	0.130	0.171	0.132	0.118	0.116	0.169	0.129	0.120	0.120	0.158	0.129	0.137	0.128	0.190	0.130	0.121	0.119	0.182	0.140	0.120	0.122	0.234	0.155	0.136	0.126	0.193	0.149	0.120	0.119	0.186	0.137	0.120	0.096	0.143	0.138	0.138	0.124	0.170	0.155	0.121	0.116	0.164	0.131	0.119	0.116	0.184	0.167	0.136	0.128	0.174	0.130	0.118	0.116	0.161	0.127	0.119	0.116	0.175	0.131	0.136	0.123	0.163	0.126	0.117	0.117	0.157	0.125	0.117	0.119	0.170	0.130
7:00:00	0.136	0.124	0.172	0.131	0.118	0.116	0.178	0.128	0.121	0.119	0.178	0.132	0.137	0.133	0.190	0.132	0.118	0.116	0.158	0.129	0.118	0.115	0.177	0.128	0.136	0.134	0.175	0.131	0.117	0.116	0.176	0.130	0.120	0.121	0.164	0.130	0.137	0.128	0.193	0.131	0.120	0.119	0.189	0.141	0.121	0.122	0.240	0.160	0.136	0.129	0.197	0.151	0.121	0.119	0.194	0.142	0.120	0.096	0.151	0.141	0.138	0.127	0.173	0.155	0.120	0.116	0.171	0.131	0.120	0.116	0.180	0.166	0.139	0.132	0.175	0.130	0.118	0.116	0.166	0.127	0.120	0.116	0.177	0.131	0.136	0.125	0.166	0.126	0.118	0.118	0.162	0.127	0.118	0.120	0.175	0.132
7:20:00	0.137	0.127	0.173	0.131	0.119	0.116	0.185	0.128	0.121	0.119	0.188	0.130	0.139	0.136	0.189	0.131	0.118	0.116	0.164	0.127	0.118	0.115	0.182	0.128	0.136	0.133	0.177	0.132	0.118	0.116	0.178	0.129	0.120	0.121	0.166	0.128	0.137	0.131	0.193	0.130	0.121	0.119	0.190	0.143	0.121	0.122	0.241	0.160	0.138	0.135	0.198	0.152	0.121	0.119	0.200	0.144	0.120	0.096	0.158	0.142	0.139	0.133	0.174	0.157	0.120	0.116	0.174	0.129	0.121	0.116	0.188	0.169	0.142	0.134	0.175	0.129	0.119	0.116	0.172	0.127	0.120	0.116	0.186	0.135	0.137	0.131	0.168	0.126	0.118	0.117	0.166	0.125	0.118	0.119	0.181	0.127
7:40:00	0.139	0.133	0.173	0.131	0.119	0.116	0.190	0.131	0.121	0.119	0.194	0.131	0.144	0.136	0.190	0.131	0.118	0.116	0.168	0.130	0.118	0.115	0.189	0.131	0.137	0.132	0.178	0.132	0.118	0.116	0.190	0.129	0.120	0.120	0.180	0.131	0.138	0.133	0.194	0.131	0.121	0.118	0.193	0.140	0.121	0.122	0.253	0.162	0.141	0.138	0.199	0.153	0.120	0.119	0.198	0.144	0.120	0.096	0.161	0.142	0.142	0.136	0.173	0.156	0.120	0.116	0.178	0.130	0.119	0.116	0.206	0.167	0.147	0.133	0.175	0.130	0.119	0.117	0.175	0.127	0.121	0.116	0.195	0.132	0.139	0.133	0.168	0.128	0.118	0.117	0.171	0.128	0.118	0.119	0.189	0.130
8:00:00	0.143	0.135	0.173	0.131	0.119	0.116	0.196	0.129	0.122	0.119	0.193	0.135	0.153	0.135	0.194	0.131	0.119	0.117	0.173	0.133	0.119	0.115	0.190	0.128	0.140	0.132	0.177	0.133	0.119	0.116	0.199	0.133	0.121	0.121	0.189	0.129	0.141	0.138	0.197	0.132	0.121	0.118	0.212	0.141	0.121	0.122	0.256	0.165	0.146	0.138	0.201	0.154	0.121	0.119	0.214	0.144	0.120	0.096	0.167	0.139	0.149	0.136	0.174	0.158	0.120	0.116	0.188	0.131	0.120	0.116	0.210	0.169	0.158	0.132	0.175	0.130	0.119	0.117	0.177	0.128	0.121	0.116	0.197	0.132	0.143	0.134	0.168	0.127	0.118	0.117	0.175	0.126	0.118	0.119	0.201	0.131
8:20:00	0.149	0.134	0.173	0.131	0.119	0.116	0.203	0.128	0.121	0.119	0.208	0.131	0.168	0.136	0.192	0.129	0.119	0.116	0.171	0.127	0.119	0.116	0.203	0.132	0.143	0.133	0.176	0.132	0.119	0.116	0.201	0.130	0.121	0.120	0.195	0.132	0.145	0.147	0.196	0.132	0.121	0.118	0.216	0.145	0.121	0.122	0.261	0.161	0.161	0.138	0.202	0.151	0.122	0.119	0.225	0.151	0.121	0.096	0.176	0.143	0.158	0.137	0.173	0.157	0.121	0.116	0.186	0.131	0.120	0.116	0.219	0.166	0.163	0.133	0.175	0.131	0.119	0.117	0.187	0.130	0.122	0.116	0.204	0.134	0.150	0.134	0.168	0.127	0.119	0.118	0.175	0.129	0.118	0.120	0.206	0.135
8:40:00	0.157	0.134	0.173	0.132	0.120	0.116	0.200	0.129	0.122	0.119	0.216	0.135	0.165	0.138	0.193	0.130	0.119	0.116	0.183	0.132	0.120	0.116	0.221	0.130	0.147	0.135	0.176	0.131	0.119	0.116	0.208	0.129	0.121	0.120	0.197	0.129	0.156	0.150	0.198	0.132	0.121	0.119	0.218	0.143	0.122	0.122	0.262	0.162	0.165	0.138	0.203	0.151	0.124	0.119	0.223	0.148	0.121	0.096	0.184	0.145	0.163	0.138	0.173	0.154	0.121	0.116	0.189	0.133	0.120	0.116	0.225	0.166	0.169	0.134	0.175	0.130	0.120	0.117	0.190	0.128	0.122	0.116	0.211	0.133	0.163	0.135	0.168	0.128	0.119	0.118	0.178	0.127	0.118	0.119	0.201	0.129
9:00:00	0.162	0.135	0.174	0.132	0.120	0.116	0.214	0.129	0.122	0.119	0.225	0.136	0.171	0.143	0.194	0.128	0.120	0.116	0.187	0.133	0.120	0.116	0.233	0.129	0.151	0.136	0.175	0.132	0.120	0.117	0.214	0.132	0.121	0.120	0.208	0.132	0.169	0.146	0.199	0.131	0.121	0.118	0.226	0.144	0.122	0.122	0.270	0.163	0.164	0.139	0.204	0.153	0.122	0.119	0.226	0.154	0.121	0.095	0.191	0.144	0.169	0.140	0.173	0.154	0.121	0.116	0.196	0.137	0.121	0.116	0.224	0.166	0.181	0.138	0.175	0.129	0.121	0.117	0.196	0.129	0.123	0.117	0.211	0.133	0.167	0.137	0.168	0.128	0.119	0.118	0.181	0.127	0.119	0.119	0.220	0.129
9:20:00	0.167	0.140	0.173	0.129	0.120	0.116	0.210	0.133	0.122	0.118	0.227	0.136	0.181	0.159	0.194	0.129	0.121	0.117	0.185	0.133	0.121	0.116	0.229	0.129	0.157	0.142	0.176	0.132	0.121	0.116	0.216	0.133	0.121	0.120	0.211	0.129	0.171	0.149	0.199	0.131	0.122	0.119	0.225	0.148	0.122	0.122	0.269	0.162	0.167	0.142	0.204	0.154	0.123	0.119	0.237	0.149	0.122	0.096	0.190	0.148	0.179	0.146	0.173	0.155	0.122	0.116	0.200	0.135	0.121	0.116	0.234	0.167	0.198	0.151	0.173	0.128	0.121	0.117	0.202	0.133	0.124	0.117	0.227	0.133	0.168	0.141	0.168	0.128	0.120	0.117	0.191	0.129	0.119	0.120	0.229	0.130
9:40:00	0.169	0.154	0.174	0.128	0.121	0.116	0.221	0.129	0.122	0.118	0.244	0.133	0.196	0.179	0.192	0.129	0.122	0.117	0.188	0.130	0.123	0.116	0.236	0.134	0.164	0.143	0.174	0.132	0.122	0.116	0.223	0.134	0.121	0.120	0.220	0.135	0.169	0.152	0.201	0.132	0.122	0.119	0.234	0.141	0.122	0.122	0.277	0.163	0.179	0.151	0.205	0.154	0.126	0.119	0.244	0.151	0.122	0.096	0.202	0.153	0.194	0.165	0.173	0.156	0.122	0.116	0.195	0.137	0.122	0.116	0.234	0.165	0.213	0.168	0.173	0.128	0.121	0.117	0.203	0.129	0.125	0.117	0.229	0.133	0.172	0.152	0.168	0.128	0.120	0.117	0.198	0.127	0.119	0.119	0.232	0.132
10:00:00	0.187	0.177	0.173	0.129	0.121	0.116	0.225	0.130	0.122	0.119	0.236	0.134	0.201	0.177	0.194	0.129	0.123	0.117	0.194	0.133	0.123	0.116	0.243	0.133	0.170	0.145	0.174	0.133	0.123	0.116	0.224	0.130	0.121	0.121	0.223	0.130	0.173	0.156	0.201	0.132	0.123	0.119	0.233	0.142	0.122	0.122	0.283	0.165	0.196	0.164	0.205	0.156	0.128	0.120	0.245	0.157	0.122	0.096	0.201	0.146	0.207	0.173	0.173	0.155	0.122	0.117	0.204	0.136	0.122	0.116	0.248	0.165	0.224	0.169	0.173	0.128	0.123	0.117	0.210	0.130	0.126	0.117	0.231	0.134	0.184	0.168	0.169	0.127	0.121	0.117	0.196	0.127	0.119	0.119	0.235	0.133
10:20:00	0.202	0.175	0.174	0.128	0.122	0.116	0.228	0.131	0.123	0.119	0.222	0.137	0.214	0.181	0.194	0.129	0.123	0.117	0.191	0.134	0.124	0.116	0.252	0.136	0.192	0.150	0.174	0.133	0.124	0.117	0.228	0.131	0.121	0.120	0.220	0.131	0.188	0.162	0.201	0.133	0.123	0.119	0.240	0.145	0.122	0.122	0.287	0.164	0.213	0.165	0.206	0.157	0.128	0.119	0.248	0.152	0.122	0.096	0.206	0.148	0.220	0.176	0.173	0.156	0.123	0.117	0.207	0.136	0.123	0.116	0.248	0.168	0.229	0.179	0.174	0.128	0.125	0.117	0.212	0.130	0.127	0.117	0.234	0.133	0.204	0.171	0.169	0.129	0.121	0.117	0.207	0.128	0.119	0.120	0.240	0.132
10:40:00	0.206	0.178	0.174	0.129	0.122	0.116	0.229	0.132	0.123	0.119	0.230	0.138	0.233	0.192	0.196	0.129	0.124	0.117	0.195	0.135	0.125	0.116	0.260	0.135	0.206	0.155	0.174	0.134	0.125	0.117	0.233	0.132	0.121	0.120	0.228	0.130	0.204	0.168	0.202	0.133	0.123	0.119	0.236	0.144	0.123	0.122	0.285	0.165	0.225	0.172	0.207	0.158	0.131	0.120	0.242	0.155	0.122	0.096	0.211	0.152	0.238	0.178	0.174	0.156	0.123	0.117	0.208	0.135	0.124	0.117	0.251	0.167	0.234	0.184	0.173	0.128	0.126	0.117	0.208	0.131	0.128	0.117	0.236	0.134	0.216	0.177	0.168	0.129	0.121	0.117	0.212	0.128	0.120	0.120	0.235	0.134
11:00:01	0.219	0.186	0.175	0.129	0.122	0.116	0.228	0.134	0.123	0.119	0.222	0.138	0.238	0.202	0.195	0.129	0.125	0.117	0.200	0.134	0.126	0.116	0.254	0.136	0.216	0.163	0.174	0.133	0.126	0.117	0.235	0.132	0.122	0.120	0.223	0.130	0.215	0.176	0.202	0.133	0.124	0.119	0.240	0.145	0.123	0.122	0.277	0.165	0.239	0.180	0.208	0.159	0.128	0.120	0.253	0.161	0.123	0.096	0.210	0.152	0.243	0.182	0.174	0.156	0.123	0.117	0.208	0.142	0.125	0.116	0.251	0.167	0.236	0.194	0.174	0.128	0.127	0.118	0.211	0.130	0.128	0.117	0.234	0.134	0.231	0.182	0.168	0.128	0.122	0.117	0.213	0.128	0.120	0.120	0.241	0.136
11:20:00	0.232	0.194	0.176	0.129	0.123	0.116	0.233	0.130	0.124	0.119	0.223	0.137	0.240	0.200	0.195	0.129	0.126	0.117	0.200	0.129	0.127	0.116	0.261	0.137	0.227	0.174	0.175	0.134	0.127	0.118	0.238	0.132	0.122	0.120	0.230	0.131	0.230	0.192	0.203	0.133	0.124	0.119	0.243	0.149	0.123	0.122	0.287	0.167	0.240	0.189	0.209	0.158	0.129	0.120	0.256	0.155	0.123	0.096	0.213	0.152	0.244	0.186	0.174	0.157	0.124	0.117	0.204	0.139	0.125	0.116	0.248	0.166	0.239	0.213	0.173	0.129	0.127	0.118	0.218	0.130	0.128	0.117	0.243	0.134	0.235	0.187	0.168	0.128	0.122	0.117	0.217	0.128	0.120	0.119	0.241	0.131
11:40:01	0.236	0.201	0.177	0.129	0.123	0.116	0.232	0.131	0.124	0.119	0.224	0.138	0.244	0.227	0.196	0.130	0.126	0.118	0.206	0.137	0.127	0.116	0.260	0.138	0.238	0.190	0.175	0.135	0.127	0.118	0.238	0.133	0.122	0.121	0.225	0.131	0.238	0.207	0.204	0.135	0.124	0.119	0.242	0.145	0.123	0.122	0.286	0.166	0.244	0.205	0.210	0.163	0.130	0.120	0.259	0.155	0.123	0.096	0.220	0.160	0.248	0.201	0.174	0.157	0.125	0.118	0.205	0.136	0.126	0.117	0.251	0.167	0.242	0.228	0.173	0.129	0.128	0.118	0.217	0.130	0.129	0.118	0.242	0.134	0.235	0.206	0.168	0.128	0.123	0.118	0.216	0.130	0.120	0.120	0.247	0.131
12:00:01	0.237	0.220	0.178	0.130	0.124	0.116	0.235	0.131	0.124	0.119	0.227	0.137	0.248	0.238	0.198	0.130	0.127	0.118	0.203	0.130	0.128	0.116	0.261	0.135	0.246	0.208	0.175	0.134	0.128	0.118	0.239	0.132	0.122	0.120	0.227	0.131	0.239	0.214	0.204	0.133	0.125	0.119	0.243	0.145	0.123	0.122	0.289	0.166	0.249	0.225	0.211	0.160	0.130	0.120	0.258	0.157	0.123	0.096	0.221	0.159	0.251	0.221	0.174	0.157	0.125	0.118	0.209	0.137	0.127	0.117	0.247	0.173	0.246	0.236	0.173	0.129	0.130	0.118	0.217	0.130	0.129	0.118	0.243	0.133	0.238	0.223	0.168	0.128	0.123	0.117	0.214	0.130	0.120	0.120	0.243	0.131
12:20:01	0.241	0.229	0.179	0.129	0.124	0.116	0.239	0.132	0.124	0.119	0.224	0.134	0.252	0.253	0.199	0.130	0.127	0.118	0.206	0.130	0.128	0.117	0.256	0.134	0.248	0.224	0.176	0.135	0.128	0.118	0.240	0.134	0.123	0.120	0.230	0.135	0.241	0.214	0.205	0.134	0.125	0.119	0.243	0.147	0.123	0.122	0.287	0.168	0.254	0.236	0.214	0.161	0.131	0.120	0.262	0.157	0.124	0.096	0.222	0.161	0.255	0.232	0.175	0.157	0.125	0.118	0.213	0.139	0.127	0.116	0.257	0.169	0.249	0.248	0.177	0.129	0.131	0.118	0.225	0.130	0.130	0.118	0.248	0.134	0.243	0.235	0.168	0.128	0.123	0.118	0.220	0.129	0.121	0.120	0.245	0.132
12:40:01	0.247	0.240	0.179	0.129	0.124	0.116	0.243	0.131	0.124	0.119	0.227	0.134	0.256	0.257	0.201	0.131	0.126	0.118	0.206	0.138	0.129	0.117	0.257	0.138	0.256	0.240	0.178	0.135	0.129	0.118	0.242	0.137	0.123	0.120	0.232	0.131	0.249	0.214	0.204	0.134	0.125	0.119	0.249	0.146	0.124	0.122	0.301	0.170	0.258	0.245	0.220	0.162	0.131	0.121	0.264	0.158	0.124	0.096	0.226	0.165	0.260	0.242	0.176	0.157	0.125	0.118	0.205	0.138	0.128	0.116	0.258	0.168	0.252	0.255	0.178	0.129	0.134	0.118	0.230	0.131	0.130	0.118	0.246	0.134	0.248	0.246	0.167	0.128	0.123	0.117	0.227	0.129	0.121	0.120	0.247	0.132
13:00:01	0.253	0.249	0.180	0.129	0.124	0.116	0.243	0.131	0.125	0.119	0.230	0.136	0.260	0.271	0.205	0.131	0.127	0.118	0.207	0.135	0.129	0.117	0.274	0.138	0.268	0.306	0.179	0.135	0.129	0.119	0.246	0.141	0.125	0.120	0.240	0.133	0.256	0.215	0.208	0.135	0.125	0.119	0.257	0.147	0.124	0.123	0.292	0.169	0.262	0.256	0.224	0.163	0.131	0.121	0.267	0.159	0.124	0.096	0.226	0.167	0.265	0.252	0.177	0.158	0.126	0.119	0.214	0.137	0.129	0.117	0.263	0.169	0.256	0.287	0.179	0.129	0.128	0.118	0.226	0.130	0.131	0.118	0.251	0.134	0.252	0.256	0.168	0.128	0.124	0.118	0.229	0.129	0.121	0.120	0.249	0.131
13:20:01	0.258	0.260	0.181	0.128	0.125	0.116	0.248	0.131	0.125	0.119	0.228	0.133	0.263	0.325	0.202	0.131	0.127	0.118	0.204	0.132	0.130	0.117	0.266	0.137	0.276	0.296	0.179	0.134	0.129	0.118	0.242	0.133	0.123	0.120	0.242	0.132	0.261	0.213	0.207	0.134	0.125	0.119	0.257	0.146	0.124	0.122	0.299	0.172	0.265	0.268	0.225	0.162	0.131	0.120	0.267	0.159	0.124	0.096	0.228	0.159	0.270	0.270	0.178	0.157	0.126	0.118	0.206	0.140	0.129	0.117	0.264	0.171	0.257	0.325	0.180	0.129	0.129	0.119	0.230	0.130	0.132	0.118	0.247	0.134	0.256	0.266	0.168	0.129	0.124	0.118	0.224	0.129	0.121	0.120	0.247	0.133
13:40:01	0.264	0.303	0.181	0.129	0.125	0.116	0.240	0.131	0.126	0.119	0.231	0.134	0.266	0.345	0.204	0.131	0.128	0.118	0.208	0.133	0.130	0.117	0.270	0.135	0.283	0.319	0.181	0.135	0.129	0.119	0.241	0.133	0.123	0.121	0.246	0.133	0.267	0.216	0.208	0.134	0.126	0.119	0.257	0.146	0.124	0.122	0.303	0.170	0.267	0.305	0.230	0.163	0.130	0.120	0.264	0.159	0.124	0.096	0.228	0.170	0.274	0.317	0.180	0.157	0.126	0.119	0.211	0.141	0.130	0.117	0.249	0.170	0.259	0.340	0.182	0.129	0.129	0.119	0.228	0.130	0.132	0.118	0.256	0.135	0.259	0.308	0.168	0.128	0.124	0.118	0.236	0.129	0.122	0.131	0.261	0.131
14:00:01	0.268	0.338	0.182	0.129	0.126	0.116	0.244	0.131	0.126	0.119	0.235	0.134	0.268	0.350	0.207	0.131	0.128	0.118	0.203	0.131	0.131	0.117	0.274	0.137	0.288	0.333	0.181	0.135	0.130	0.119	0.246	0.133	0.123	0.121	0.246	0.131	0.270	0.226	0.209	0.135	0.126	0.119	0.262	0.146	0.124	0.122	0.306	0.174	0.269	0.345	0.232	0.163	0.131	0.120	0.261	0.160	0.124	0.096	0.235	0.171	0.278	0.335	0.181	0.157	0.126	0.119	0.205	0.142	0.130	0.117	0.266	0.172	0.261	0.343	0.182	0.130	0.130	0.119	0.230	0.130	0.133	0.119	0.256	0.134	0.261	0.337	0.168	0.129	0.124	0.118	0.238	0.129	0.122	0.120	0.260	0.134
14:20:01	0.272	0.346	0.184	0.130	0.126	0.116	0.250	0.131	0.126	0.119	0.233	0.134	0.271	0.355	0.209	0.131	0.129	0.118	0.203	0.131	0.131	0.117	0.262	0.138	0.293	0.343	0.182	0.135	0.130	0.119	0.252	0.133	0.125	0.120	0.245	0.131	0.273	0.236	0.207	0.136	0.125	0.119	0.257	0.147	0.124	0.122	0.311	0.175	0.271	0.354	0.232	0.165	0.131	0.119	0.258	0.160	0.124	0.096	0.237	0.169	0.282	0.339	0.182	0.157	0.126	0.119	0.212	0.142	0.130	0.117	0.263	0.172	0.263	0.344	0.182	0.130	0.130	0.119	0.239	0.130	0.133	0.119	0.260	0.134	0.265	0.344	0.168	0.128	0.125	0.118	0.242	0.132	0.122	0.120	0.258	0.132
14:40:01	0.276	0.349	0.183	0.129	0.126	0.116	0.248	0.131	0.126	0.119	0.238	0.133	0.274	0.358	0.209	0.129	0.130	0.118	0.211	0.132	0.132	0.118	0.256	0.136	0.296	0.350	0.183	0.134	0.131	0.119	0.250	0.133	0.124	0.120	0.248	0.131	0.274	0.246	0.208	0.134	0.126	0.119	0.254	0.147	0.125	0.122	0.312	0.176	0.274	0.355	0.233	0.164	0.131	0.119	0.254	0.161	0.125	0.096	0.248	0.167	0.285	0.339	0.181	0.157	0.127	0.119	0.208	0.141	0.131	0.116	0.263	0.173	0.266	0.345	0.184	0.131	0.131	0.119	0.242	0.130	0.134	0.119	0.264	0.135	0.267	0.344	0.168	0.128	0.125	0.118	0.237	0.130	0.122	0.120	0.258	0.132
15:00:01	0.280	0.351	0.183	0.130	0.127	0.116	0.241	0.131	0.126	0.120	0.235	0.136	0.277	0.362	0.211	0.129	0.131	0.119	0.210	0.133	0.132	0.118	0.257	0.135	0.300	0.357	0.185	0.135	0.131	0.120	0.246	0.134	0.124	0.121	0.256	0.131	0.276	0.255	0.210	0.136	0.126	0.119	0.253	0.147	0.125	0.122	0.315	0.177	0.276	0.355	0.236	0.164	0.131	0.119	0.252	0.161	0.125	0.096	0.240	0.163	0.288	0.341	0.183	0.159	0.127	0.119	0.209	0.143	0.131	0.117	0.260	0.174	0.268	0.348	0.184	0.131	0.131	0.120	0.237	0.130	0.134	0.120	0.260	0.135	0.270	0.344	0.169	0.128	0.125	0.118	0.243	0.130	0.123	0.120	0.248	0.134
15:20:01	0.283	0.356	0.184	0.129	0.127	0.116	0.244	0.131	0.127	0.120	0.238	0.135	0.279	0.365	0.213	0.129	0.131	0.120	0.201	0.132	0.132	0.118	0.260	0.131	0.303	0.363	0.185	0.134	0.131	0.119	0.248	0.133	0.124	0.120	0.256	0.132	0.278	0.262	0.210	0.135	0.126	0.119	0.256	0.148	0.125	0.122	0.317	0.179	0.278	0.356	0.236	0.164	0.132	0.119	0.258	0.162	0.125	0.096	0.234	0.165	0.291	0.344	0.184	0.158	0.127	0.120	0.206	0.143	0.132	0.116	0.264	0.174	0.270	0.352	0.184	0.130	0.132	0.120	0.232	0.130	0.134	0.120	0.261	0.134	0.273	0.348	0.169	0.129	0.125	0.118	0.244	0.130	0.123	0.121	0.266	0.134
15:40:01	0.286	0.360	0.184	0.129	0.127	0.116	0.254	0.132	0.127	0.120	0.235	0.135	0.281	0.370	0.214	0.129	0.131	0.120	0.202	0.131	0.133	0.118	0.255	0.135	0.315	0.369	0.186	0.134	0.132	0.120	0.246	0.134	0.124	0.120	0.261	0.131	0.281	0.271	0.210	0.137	0.126	0.119	0.250	0.148	0.125	0.122	0.320	0.180	0.281	0.358	0.240	0.165	0.132	0.119	0.253	0.163	0.125	0.096	0.242	0.166	0.294	0.348	0.184	0.159	0.127	0.120	0.212	0.144	0.132	0.117	0.264	0.174	0.273	0.358	0.186	0.130	0.132	0.121	0.240	0.131	0.135	0.120	0.265	0.135	0.276	0.354	0.168	0.130	0.126	0.118	0.240	0.132	0.123	0.121	0.263	0.133
16:00:01	0.292	0.365	0.185	0.130	0.127	0.116	0.243	0.132	0.127	0.120	0.238	0.136	0.286	0.375	0.217	0.131	0.132	0.121	0.206	0.131	0.133	0.118	0.263	0.137	0.331	0.378	0.187	0.135	0.132	0.121	0.253	0.133	0.124	0.121	0.256	0.131	0.284	0.278	0.212	0.137	0.126	0.119	0.254	0.152	0.125	0.122	0.321	0.181	0.285	0.360	0.242	0.165	0.133	0.119	0.260	0.165	0.125	0.096	0.237	0.166	0.298	0.354	0.184	0.159	0.127	0.121	0.209	0.142	0.132	0.117	0.272	0.178	0.277	0.364	0.186	0.131	0.132	0.121	0.239	0.131	0.135	0.121	0.260	0.136	0.280	0.359	0.168	0.129	0.126	0.118	0.245	0.131	0.124	0.120	0.267	0.133
16:20:01	0.296	0.368	0.186	0.130	0.128	0.116	0.253	0.132	0.127	0.120	0.241	0.136	0.289	0.379	0.218	0.131	0.132	0.121	0.204	0.133	0.134	0.119	0.271	0.134	0.342	0.385	0.188	0.136	0.132	0.121	0.250	0.134	0.124	0.121	0.267	0.132	0.286	0.309	0.213	0.138	0.127	0.119	0.256	0.150	0.126	0.123	0.322	0.181	0.288	0.363	0.243	0.167	0.133	0.119	0.252	0.164	0.125	0.096	0.239	0.168	0.301	0.359	0.185	0.160	0.127	0.121	0.206	0.143	0.133	0.117	0.273	0.175	0.280	0.368	0.187	0.131	0.133	0.121	0.243	0.132	0.136	0.121	0.270	0.136	0.283	0.363	0.169	0.130	0.126	0.118	0.240	0.130	0.124	0.120	0.260	0.132
16:40:01	0.298	0.370	0.185	0.129	0.128	0.116	0.251	0.132	0.127	0.120	0.242	0.135	0.290	0.382	0.218	0.130	0.133	0.122	0.203	0.133	0.134	0.119	0.270	0.133	0.339	0.387	0.188	0.135	0.133	0.122	0.253	0.133	0.124	0.121	0.260	0.132	0.288	0.370	0.214	0.138	0.127	0.119	0.250	0.148	0.126	0.122	0.323	0.180	0.291	0.367	0.243	0.166	0.134	0.119	0.256	0.165	0.126	0.096	0.240	0.167	0.301	0.364	0.185	0.159	0.128	0.121	0.206	0.144	0.133	0.117	0.278	0.178	0.281	0.371	0.187	0.132	0.134	0.122	0.232	0.131	0.136	0.121	0.270	0.136	0.285	0.365	0.168	0.129	0.126	0.118	0.245	0.130	0.124	0.121	0.267	0.133
17:00:01	0.303	0.373	0.185	0.130	0.128	0.116	0.248	0.132	0.128	0.120	0.241	0.134	0.293	0.385	0.219	0.132	0.133	0.122	0.213	0.132	0.135	0.120	0.278	0.133	0.348	0.393	0.188	0.136	0.134	0.122	0.252	0.133	0.125	0.121	0.266	0.133	0.291	0.390	0.213	0.136	0.127	0.119	0.258	0.149	0.126	0.122	0.329	0.179	0.294	0.371	0.243	0.166	0.134	0.120	0.256	0.166	0.126	0.096	0.244	0.170	0.302	0.368	0.186	0.158	0.128	0.122	0.209	0.148	0.133	0.117	0.276	0.178	0.284	0.375	0.188	0.131	0.134	0.122	0.234	0.131	0.137	0.122	0.269	0.135	0.288	0.368	0.168	0.128	0.127	0.118	0.246	0.130	0.124	0.121	0.261	0.136
17:20:01	0.314	0.380	0.185	0.129	0.129	0.116	0.245	0.132	0.128	0.121	0.245	0.135	0.298	0.387	0.219	0.133	0.134	0.122	0.213	0.133	0.136	0.121	0.286	0.134	0.373	0.396	0.188	0.135	0.134	0.121	0.253	0.133	0.125	0.121	0.268	0.133	0.294	0.393	0.214	0.137	0.127	0.119	0.255	0.149	0.126	0.122	0.330	0.180	0.298	0.374	0.244	0.167	0.134	0.119	0.257	0.168	0.126	0.096	0.251	0.168	0.307	0.372	0.186	0.158	0.128	0.122	0.198	0.146	0.134	0.117	0.280	0.178	0.289	0.378	0.187	0.132	0.135	0.123	0.229	0.131	0.137	0.122	0.275	0.135	0.291	0.372	0.168	0.130	0.127	0.118	0.244	0.131	0.124	0.121	0.269	0.134
17:40:01	0.336	0.387	0.186	0.130	0.129	0.116	0.249	0.132	0.128	0.121	0.247	0.133	0.300	0.391	0.220	0.133	0.135	0.123	0.212	0.133	0.136	0.121	0.288	0.136	0.384	0.400	0.189	0.135	0.135	0.122	0.258	0.133	0.125	0.121	0.274	0.132	0.297	0.394	0.214	0.137	0.127	0.119	0.258	0.149	0.126	0.122	0.338	0.180	0.303	0.379	0.246	0.168	0.135	0.119	0.260	0.168	0.127	0.096	0.249	0.170	0.324	0.377	0.186	0.159	0.128	0.123	0.207	0.146	0.134	0.117	0.282	0.179	0.290	0.380	0.188	0.133	0.135	0.123	0.233	0.131	0.138	0.123	0.278	0.136	0.295	0.376	0.168	0.130	0.127	0.118	0.246	0.131	0.124	0.120	0.275	0.133
18:00:01	0.332	0.396	0.186	0.130	0.129	0.116	0.246	0.132	0.129	0.121	0.244	0.135	0.312	0.394	0.220	0.133	0.136	0.123	0.209	0.133	0.137	0.121	0.294	0.132	0.389	0.405	0.189	0.135	0.136	0.122	0.258	0.135	0.125	0.121	0.268	0.132	0.302	0.395	0.214	0.137	0.128	0.119	0.262	0.149	0.127	0.122	0.339	0.185	0.306	0.384	0.246	0.169	0.136	0.120	0.262	0.169	0.127	0.096	0.247	0.170	0.335	0.381	0.187	0.161	0.128	0.123	0.205	0.147	0.135	0.117	0.284	0.181	0.301	0.382	0.189	0.132	0.136	0.123	0.238	0.131	0.138	0.123	0.271	0.136	0.300	0.381	0.168	0.130	0.128	0.118	0.245	0.131	0.124	0.121	0.273	0.135
18:20:01	0.336	0.404	0.187	0.130	0.129	0.116	0.240	0.132	0.129	0.122	0.245	0.135	0.332	0.397	0.221	0.133	0.137	0.123	0.213	0.133	0.138	0.122	0.293	0.133	0.392	0.410	0.190	0.135	0.136	0.123	0.261	0.134	0.125	0.121	0.274	0.135	0.303	0.396	0.213	0.137	0.128	0.119	0.263	0.149	0.127	0.122	0.332	0.182	0.313	0.389	0.247	0.169	0.136	0.120	0.263	0.170	0.127	0.096	0.241	0.172	0.329	0.384	0.188	0.162	0.128	0.123	0.204	0.148	0.135	0.117	0.285	0.179	0.323	0.386	0.189	0.130	0.137	0.124	0.229	0.131	0.139	0.123	0.270	0.134	0.303	0.385	0.168	0.130	0.128	0.118	0.243	0.131	0.125	0.121	0.275	0.134
18:40:01	0.369	0.412	0.187	0.130	0.130	0.116	0.244	0.132	0.129	0.122	0.256	0.135	0.344	0.401	0.222	0.133	0.138	0.124	0.217	0.134	0.139	0.123	0.295	0.138	0.396	0.415	0.190	0.135	0.137	0.123	0.257	0.134	0.126	0.122	0.271	0.133	0.309	0.398	0.212	0.137	0.128	0.119	0.265	0.148	0.127	0.122	0.332	0.183	0.326	0.394	0.247	0.170	0.137	0.120	0.263	0.170	0.127	0.096	0.248	0.172	0.358	0.388	0.188	0.162	0.129	0.124	0.202	0.148	0.136	0.117	0.287	0.182	0.317	0.392	0.189	0.130	0.138	0.124	0.226	0.132	0.140	0.124	0.268	0.135	0.308	0.389	0.168	0.130	0.129	0.119	0.241	0.132	0.125	0.121	0.289	0.136
19:00:01	0.374	0.418	0.187	0.130	0.130	0.117	0.237	0.132	0.130	0.122	0.255	0.134	0.306	0.401	0.223	0.133	0.138	0.124	0.214	0.133	0.140	0.123	0.294	0.133	0.398	0.418	0.190	0.135	0.138	0.123	0.264	0.135	0.126	0.122	0.277	0.135	0.325	0.399	0.214	0.137	0.129	0.119	0.267	0.148	0.127	0.122	0.353	0.185	0.340	0.403	0.247	0.169	0.138	0.120	0.265	0.170	0.127	0.096	0.245	0.172	0.361	0.393	0.188	0.162	0.129	0.124	0.201	0.148	0.137	0.117	0.291	0.180	0.343	0.394	0.189	0.130	0.139	0.124	0.229	0.132	0.140	0.124	0.265	0.135	0.322	0.392	0.168	0.130	0.129	0.119	0.242	0.134	0.125	0.122	0.293	0.133
19:20:01	0.382	0.425	0.186	0.130	0.130	0.117	0.242	0.132	0.130	0.123	0.267	0.137	0.362	0.411	0.224	0.132	0.140	0.124	0.213	0.134	0.141	0.123	0.294	0.132	0.401	0.422	0.192	0.135	0.140	0.124	0.266	0.135	0.126	0.126	0.274	0.132	0.343	0.401	0.215	0.138	0.129	0.120	0.266	0.149	0.128	0.123	0.343	0.185	0.349	0.404	0.248	0.168	0.139	0.120	0.267	0.170	0.128	0.096	0.248	0.172	0.365	0.398	0.188	0.162	0.129	0.125	0.202	0.150	0.138	0.117	0.296	0.179	0.351	0.400	0.189	0.131	0.140	0.124	0.235	0.131	0.141	0.124	0.273	0.136	0.328	0.397	0.168	0.131	0.129	0.119	0.243	0.131	0.126	0.122	0.292	0.135
19:40:01	0.390	0.437	0.187	0.130	0.131	0.117	0.244	0.132	0.130	0.123	0.268	0.134	0.373	0.428	0.225	0.129	0.141	0.124	0.221	0.135	0.142	0.124	0.295	0.134	0.403	0.425	0.192	0.135	0.141	0.124	0.262	0.136	0.126	0.139	0.278	0.133	0.339	0.402	0.215	0.137	0.129	0.120	0.266	0.149	0.129	0.124	0.337	0.185	0.339	0.413	0.248	0.170	0.141	0.121	0.267	0.171	0.128	0.097	0.246	0.173	0.374	0.398	0.188	0.162	0.129	0.125	0.203	0.150	0.138	0.118	0.298	0.181	0.357	0.413	0.189	0.131	0.141	0.125	0.232	0.131	0.142	0.125	0.267	0.135	0.325	0.399	0.168	0.131	0.130	0.119	0.244	0.131	0.126	0.121	0.300	0.134
20:00:01	0.398	0.449	0.188	0.131	0.131	0.117	0.250	0.134	0.131	0.124	0.275	0.135	0.383	0.439	0.228	0.130	0.143	0.125	0.216	0.135	0.143	0.124	0.300	0.135	0.406	0.430	0.193	0.135	0.142	0.125	0.264	0.135	0.127	0.145	0.286	0.133	0.338	0.406	0.217	0.139	0.129	0.120	0.272	0.153	0.129	0.139	0.350	0.184	0.367	0.427	0.251	0.171	0.142	0.121	0.268	0.172	0.128	0.099	0.247	0.174	0.385	0.409	0.189	0.163	0.129	0.126	0.203	0.148	0.140	0.118	0.296	0.181	0.365	0.428	0.190	0.132	0.143	0.126	0.227	0.132	0.143	0.126	0.271	0.136	0.366	0.406	0.168	0.130	0.130	0.119	0.244	0.133	0.127	0.121	0.297	0.137
20:20:01	0.399	0.453	0.188	0.131	0.131	0.117	0.250	0.133	0.132	0.124	0.266	0.137	0.389	0.434	0.227	0.131	0.143	0.125	0.220	0.137	0.145	0.125	0.300	0.133	0.405	0.431	0.192	0.133	0.144	0.125	0.255	0.135	0.127	0.148	0.283	0.133	0.368	0.405	0.217	0.137	0.130	0.120	0.267	0.149	0.130	0.137	0.365	0.184	0.386	0.432	0.249	0.171	0.144	0.121	0.268	0.172	0.128	0.101	0.249	0.176	0.393	0.416	0.189	0.163	0.130	0.126	0.199	0.152	0.141	0.121	0.295	0.182	0.373	0.424	0.190	0.132	0.144	0.126	0.229	0.132	0.147	0.126	0.279	0.136	0.380	0.414	0.168	0.131	0.131	0.119	0.243	0.134	0.127	0.122	0.301	0.135
20:40:01	0.403	0.471	0.188	0.130	0.132	0.117	0.252	0.134	0.133	0.125	0.283	0.137	0.395	0.432	0.227	0.132	0.144	0.126	0.218	0.134	0.146	0.126	0.302	0.132	0.406	0.433	0.192	0.135	0.146	0.126	0.264	0.134	0.128	0.160	0.289	0.133	0.369	0.406	0.214	0.137	0.130	0.120	0.272	0.150	0.131	0.139	0.357	0.185	0.395	0.436	0.250	0.170	0.147	0.121	0.269	0.172	0.129	0.103	0.252	0.179	0.397	0.430	0.189	0.163	0.130	0.126	0.203	0.151	0.142	0.120	0.305	0.180	0.381	0.441	0.190	0.132	0.145	0.126	0.227	0.133	0.147	0.127	0.278	0.135	0.393	0.421	0.168	0.131	0.131	0.119	0.242	0.132	0.127	0.122	0.308	0.134
21:00:01	0.405	0.484	0.188	0.130	0.132	0.117	0.249	0.134	0.132	0.126	0.279	0.134	0.400	0.452	0.228	0.133	0.146	0.126	0.216	0.135	0.148	0.126	0.303	0.134	0.405	0.434	0.193	0.136	0.147	0.126	0.259	0.135	0.128	0.160	0.289	0.133	0.373	0.407	0.215	0.137	0.130	0.120	0.270	0.149	0.131	0.129	0.363	0.186	0.399	0.420	0.250	0.171	0.150	0.121	0.271	0.173	0.129	0.105	0.253	0.176	0.400	0.417	0.189	0.163	0.130	0.127	0.203	0.153	0.143	0.119	0.308	0.181	0.388	0.435	0.190	0.132	0.147	0.127	0.229	0.132	0.155	0.127	0.283	0.138	0.398	0.415	0.168	0.131	0.131	0.120	0.241	0.133	0.128	0.122	0.305	0.137
21:20:01	0.407	0.486	0.188	0.131	0.132	0.117	0.255	0.134	0.133	0.126	0.283	0.138	0.403	0.465	0.229	0.133	0.148	0.126	0.219	0.138	0.149	0.126	0.303	0.134	0.405	0.436	0.193	0.137	0.150	0.126	0.260	0.134	0.129	0.162	0.292	0.133	0.382	0.409	0.216	0.138	0.130	0.120	0.274	0.149	0.131	0.125	0.366	0.186	0.400	0.442	0.251	0.170	0.152	0.121	0.270	0.173	0.129	0.108	0.259	0.177	0.402	0.424	0.190	0.163	0.130	0.127	0.201	0.153	0.145	0.120	0.303	0.181	0.393	0.435	0.191	0.133	0.149	0.127	0.234	0.132	0.151	0.128	0.283	0.138	0.403	0.421	0.168	0.131	0.132	0.120	0.243	0.132	0.128	0.123	0.309	0.136
21:40:01	0.411	0.479	0.188	0.131	0.133	0.118	0.251	0.134	0.133	0.127	0.275	0.138	0.407	0.469	0.230	0.134	0.150	0.127	0.220	0.137	0.154	0.127	0.306	0.133	0.406	0.438	0.193	0.136	0.151	0.127	0.263	0.135	0.129	0.172	0.296	0.133	0.390	0.409	0.219	0.138	0.131	0.120	0.277	0.149	0.132	0.136	0.347	0.188	0.402	0.446	0.251	0.171	0.155	0.122	0.276	0.174	0.129	0.110	0.260	0.180	0.401	0.436	0.190	0.163	0.131	0.127	0.200	0.152	0.146	0.121	0.313	0.181	0.395	0.431	0.191	0.133	0.151	0.128	0.228	0.132	0.155	0.128	0.290	0.135	0.406	0.441	0.169	0.131	0.133	0.120	0.243	0.134	0.128	0.122	0.310	0.137
22:00:01	0.413	0.476	0.188	0.131	0.133	0.118	0.252	0.137	0.133	0.127	0.287	0.135	0.409	0.469	0.231	0.134	0.151	0.127	0.225	0.135	0.154	0.127	0.313	0.132	0.406	0.439	0.193	0.137	0.154	0.128	0.268	0.134	0.129	0.156	0.294	0.134	0.394	0.410	0.219	0.139	0.131	0.123	0.281	0.149	0.132	0.146	0.369	0.188	0.403	0.452	0.252	0.170	0.157	0.122	0.279	0.174	0.129	0.112	0.262	0.178	0.402	0.441	0.190	0.163	0.131	0.128	0.198	0.153	0.148	0.123	0.309	0.182	0.397	0.445	0.191	0.134	0.152	0.129	0.232	0.133	0.164	0.129	0.292	0.135	0.407	0.448	0.168	0.131	0.135	0.120	0.244	0.134	0.129	0.123	0.314	0.136
22:20:01	0.414	0.469	0.189	0.131	0.133	0.118	0.250	0.136	0.134	0.128	0.269	0.135	0.412	0.464	0.231	0.134	0.153	0.128	0.222	0.137	0.158	0.128	0.304	0.134	0.405	0.441	0.193	0.137	0.153	0.128	0.267	0.136	0.130	0.163	0.295	0.135	0.397	0.411	0.220	0.139	0.131	0.123	0.282	0.149	0.133	0.155	0.349	0.188	0.404	0.452	0.252	0.173	0.159	0.123	0.280	0.175	0.130	0.114	0.271	0.182	0.403	0.449	0.190	0.163	0.131	0.128	0.201	0.155	0.151	0.123	0.313	0.182	0.398	0.451	0.191	0.134	0.155	0.129	0.233	0.132	0.161	0.130	0.293	0.137	0.410	0.448	0.169	0.131	0.136	0.121	0.242	0.133	0.129	0.123	0.319	0.137
22:40:01	0.416	0.465	0.189	0.131	0.134	0.119	0.244	0.138	0.134	0.128	0.282	0.134	0.413	0.458	0.232	0.134	0.157	0.129	0.219	0.135	0.157	0.128	0.310	0.133	0.405	0.443	0.194	0.137	0.154	0.129	0.266	0.137	0.130	0.189	0.299	0.132	0.398	0.412	0.221	0.139	0.132	0.123	0.283	0.149	0.133	0.158	0.379	0.190	0.403	0.450	0.253	0.172	0.154	0.123	0.280	0.176	0.130	0.116	0.268	0.181	0.405	0.445	0.191	0.162	0.131	0.129	0.202	0.154	0.155	0.124	0.313	0.184	0.400	0.451	0.192	0.135	0.158	0.130	0.231	0.133	0.162	0.130	0.300	0.137	0.412	0.445	0.169	0.131	0.138	0.121	0.243	0.132	0.129	0.124	0.316	0.138
23:00:01	0.417	0.463	0.189	0.131	0.134	0.119	0.244	0.141	0.135	0.129	0.288	0.135	0.414	0.456	0.233	0.134	0.159	0.129	0.223	0.136	0.159	0.128	0.319	0.132	0.406	0.444	0.194	0.138	0.156	0.129	0.265	0.138	0.130	0.188	0.302	0.134	0.399	0.412	0.219	0.139	0.132	0.123	0.282	0.149	0.133	0.159	0.359	0.189	0.405	0.448	0.253	0.173	0.152	0.124	0.282	0.177	0.130	0.117	0.275	0.183	0.406	0.443	0.191	0.163	0.131	0.129	0.198	0.156	0.157	0.125	0.320	0.182	0.402	0.449	0.192	0.135	0.157	0.130	0.233	0.138	0.162	0.131	0.303	0.138	0.414	0.440	0.169	0.131	0.139	0.122	0.243	0.135	0.130	0.124	0.321	0.134
23:20:01	0.419	0.461	0.189	0.132	0.135	0.119	0.237	0.141	0.135	0.130	0.288	0.136	0.415	0.454	0.233	0.134	0.162	0.130	0.222	0.135	0.157	0.129	0.317	0.134	0.406	0.446	0.194	0.138	0.158	0.130	0.270	0.139	0.131	0.192	0.303	0.134	0.402	0.413	0.218	0.138	0.132	0.124	0.285	0.150	0.134	0.161	0.386	0.191	0.406	0.448	0.254	0.174	0.155	0.125	0.284	0.178	0.131	0.119	0.277	0.182	0.407	0.443	0.192	0.163	0.132	0.130	0.199	0.157	0.155	0.125	0.327	0.185	0.403	0.448	0.192	0.134	0.154	0.131	0.230	0.138	0.170	0.131	0.299	0.137	0.415	0.440	0.169	0.131	0.141	0.122	0.247	0.134	0.130	0.125	0.319	0.136
23:40:01	0.419	0.460	0.189	0.132	0.135	0.120	0.248	0.144	0.136	0.130	0.276	0.138	0.416	0.453	0.234	0.134	0.161	0.130	0.223	0.138	0.161	0.129	0.322	0.135	0.407	0.448	0.194	0.136	0.156	0.130	0.273	0.140	0.131	0.193	0.300	0.133	0.403	0.413	0.220	0.140	0.132	0.124	0.286	0.151	0.134	0.162	0.365	0.191	0.408	0.447	0.254	0.173	0.159	0.126	0.287	0.179	0.131	0.120	0.280	0.182	0.408	0.442	0.191	0.163	0.132	0.130	0.198	0.156	0.153	0.125	0.323	0.184	0.405	0.445	0.192	0.135	0.155	0.131	0.234	0.140	0.168	0.132	0.299	0.139	0.416	0.441	0.170	0.131	0.144	0.123	0.244	0.135	0.130	0.126	0.320	0.134
24:00:01	0.419	0.459	0.189	0.132	0.135	0.120	0.242	0.145	0.136	0.131	0.284	0.135	0.417	0.451	0.235	0.134	0.164	0.131	0.225	0.136	0.163	0.130	0.316	0.135	0.406	0.449	0.195	0.137	0.158	0.131	0.270	0.141	0.131	0.195	0.303	0.132	0.404	0.414	0.221	0.138	0.133	0.125	0.288	0.152	0.135	0.164	0.359	0.193	0.409	0.447	0.255	0.174	0.162	0.128	0.290	0.179	0.131	0.121	0.279	0.182	0.409	0.442	0.192	0.163	0.132	0.131	0.196	0.158	0.155	0.125	0.323	0.184	0.405	0.446	0.192	0.135	0.157	0.132	0.232	0.142	0.174	0.133	0.294	0.139	0.416	0.442	0.170	0.131	0.145	0.124	0.245	0.141	0.131	0.126	0.329	0.135
24:20:01	0.421	0.460	0.189	0.132	0.136	0.121	0.245	0.149	0.136	0.131	0.285	0.135	0.417	0.452	0.236	0.134	0.164	0.132	0.223	0.139	0.161	0.131	0.328	0.134	0.406	0.451	0.195	0.138	0.159	0.132	0.272	0.141	0.132	0.196	0.305	0.133	0.405	0.414	0.223	0.138	0.133	0.126	0.290	0.155	0.135	0.165	0.374	0.190	0.409	0.447	0.255	0.175	0.165	0.129	0.293	0.180	0.132	0.123	0.285	0.186	0.409	0.442	0.192	0.163	0.133	0.132	0.196	0.160	0.159	0.127	0.326	0.185	0.404	0.446	0.192	0.135	0.157	0.133	0.232	0.141	0.178	0.133	0.300	0.139	0.416	0.440	0.170	0.131	0.147	0.124	0.245	0.142	0.131	0.127	0.323	0.135
24:40:01	0.422	0.460	0.189	0.133	0.136	0.122	0.241	0.151	0.137	0.132	0.278	0.137	0.417	0.452	0.236	0.134	0.162	0.132	0.226	0.140	0.165	0.131	0.322	0.136	0.406	0.453	0.196	0.138	0.162	0.132	0.278	0.143	0.132	0.198	0.303	0.133	0.406	0.414	0.222	0.140	0.133	0.127	0.290	0.155	0.136	0.167	0.371	0.193	0.409	0.447	0.255	0.176	0.168	0.131	0.295	0.183	0.132	0.124	0.286	0.184	0.409	0.442	0.193	0.163	0.134	0.132	0.197	0.162	0.163	0.128	0.332	0.183	0.404	0.446	0.193	0.134	0.162	0.133	0.233	0.142	0.181	0.134	0.307	0.140	0.416	0.439	0.171	0.131	0.148	0.125	0.245	0.142	0.131	0.128	0.328	0.135
25:00:01	0.422	0.459	0.189	0.132	0.137	0.122	0.243	0.155	0.137	0.133	0.277	0.137	0.417	0.452	0.237	0.134	0.163	0.133	0.226	0.141	0.163	0.132	0.322	0.134	0.406	0.455	0.196	0.137	0.166	0.133	0.276	0.144	0.132	0.199	0.305	0.133	0.407	0.414	0.222	0.141	0.134	0.128	0.292	0.156	0.136	0.170	0.399	0.194	0.410	0.446	0.255	0.177	0.172	0.132	0.296	0.185	0.132	0.126	0.287	0.186	0.410	0.442	0.192	0.163	0.135	0.133	0.199	0.168	0.165	0.130	0.330	0.185	0.404	0.445	0.193	0.134	0.162	0.134	0.234	0.143	0.183	0.135	0.305	0.140	0.415	0.440	0.172	0.132	0.150	0.126	0.245	0.143	0.132	0.128	0.335	0.136
25:20:01	0.423	0.460	0.190	0.132	0.138	0.123	0.242	0.156	0.137	0.133	0.285	0.139	0.418	0.452	0.237	0.134	0.163	0.135	0.226	0.141	0.164	0.133	0.326	0.134	0.406	0.456	0.196	0.137	0.166	0.134	0.279	0.146	0.133	0.201	0.308	0.134	0.408	0.413	0.222	0.141	0.134	0.128	0.297	0.158	0.137	0.173	0.389	0.191	0.410	0.447	0.256	0.177	0.173	0.134	0.298	0.185	0.132	0.128	0.285	0.184	0.410	0.442	0.193	0.163	0.135	0.133	0.200	0.168	0.171	0.131	0.325	0.183	0.404	0.446	0.193	0.135	0.162	0.135	0.234	0.147	0.179	0.136	0.306	0.139	0.415	0.440	0.173	0.132	0.152	0.127	0.244	0.144	0.132	0.129	0.332	0.135
25:40:01	0.425	0.460	0.190	0.131	0.139	0.124	0.250	0.156	0.138	0.134	0.282	0.137	0.418	0.452	0.238	0.134	0.168	0.137	0.227	0.142	0.166	0.133	0.335	0.136	0.406	0.457	0.196	0.138	0.168	0.135	0.275	0.151	0.133	0.202	0.315	0.133	0.409	0.412	0.223	0.140	0.135	0.130	0.297	0.158	0.137	0.176	0.388	0.195	0.410	0.447	0.256	0.178	0.177	0.136	0.299	0.186	0.132	0.130	0.288	0.185	0.409	0.441	0.194	0.163	0.137	0.134	0.201	0.173	0.174	0.133	0.331	0.184	0.404	0.446	0.194	0.135	0.166	0.136	0.234	0.147	0.185	0.137	0.317	0.139	0.415	0.441	0.173	0.132	0.153	0.128	0.247	0.150	0.134	0.130	0.336	0.137
26:00:01	0.425	0.460	0.190	0.131	0.140	0.125	0.249	0.162	0.140	0.134	0.273	0.136	0.418	0.451	0.238	0.134	0.164	0.137	0.224	0.143	0.173	0.134	0.327	0.133	0.406	0.458	0.197	0.138	0.168	0.136	0.281	0.153	0.133	0.203	0.314	0.136	0.408	0.412	0.225	0.141	0.136	0.130	0.296	0.158	0.137	0.177	0.389	0.193	0.409	0.447	0.256	0.178	0.181	0.137	0.302	0.187	0.133	0.131	0.294	0.185	0.409	0.441	0.194	0.162	0.137	0.136	0.202	0.173	0.180	0.133	0.331	0.184	0.404	0.446	0.194	0.136	0.167	0.137	0.238	0.146	0.188	0.138	0.316	0.138	0.414	0.440	0.174	0.132	0.156	0.129	0.245	0.149	0.133	0.131	0.336	0.135
26:20:01	0.426	0.460	0.190	0.131	0.141	0.126	0.238	0.162	0.139	0.135	0.286	0.139	0.419	0.452	0.239	0.134	0.168	0.141	0.224	0.148	0.175	0.135	0.336	0.135	0.406	0.459	0.197	0.138	0.172	0.137	0.278	0.154	0.133	0.205	0.314	0.133	0.408	0.411	0.226	0.141	0.137	0.131	0.297	0.162	0.138	0.178	0.395	0.193	0.409	0.448	0.256	0.178	0.182	0.138	0.299	0.189	0.133	0.133	0.293	0.188	0.409	0.440	0.194	0.162	0.139	0.136	0.199	0.177	0.181	0.134	0.323	0.183	0.405	0.446	0.194	0.136	0.172	0.137	0.236	0.150	0.193	0.138	0.315	0.138	0.414	0.440	0.174	0.132	0.157	0.129	0.245	0.149	0.134	0.131	0.338	0.135
26:40:01	0.426	0.460	0.190	0.131	0.142	0.126	0.240	0.167	0.140	0.136	0.272	0.136	0.418	0.452	0.240	0.135	0.170	0.140	0.228	0.145	0.176	0.137	0.332	0.133	0.405	0.460	0.197	0.138	0.174	0.138	0.277	0.159	0.134	0.206	0.319	0.135	0.409	0.410	0.226	0.142	0.137	0.132	0.294	0.171	0.138	0.180	0.394	0.193	0.409	0.448	0.257	0.181	0.188	0.140	0.305	0.196	0.134	0.134	0.293	0.188	0.409	0.441	0.194	0.162	0.141	0.138	0.197	0.176	0.187	0.135	0.338	0.188	0.405	0.447	0.194	0.135	0.169	0.139	0.236	0.148	0.196	0.139	0.317	0.139	0.414	0.441	0.175	0.132	0.159	0.130	0.248	0.152	0.134	0.132	0.339	0.135
27:00:02	0.426	0.461	0.190	0.131	0.143	0.127	0.239	0.165	0.141	0.137	0.278	0.136	0.418	0.452	0.241	0.135	0.171	0.142	0.227	0.152	0.177	0.137	0.338	0.135	0.406	0.462	0.198	0.138	0.175	0.139	0.283	0.162	0.134	0.208	0.322	0.133	0.410	0.410	0.226	0.141	0.139	0.133	0.299	0.166	0.139	0.182	0.397	0.194	0.409	0.449	0.257	0.180	0.189	0.141	0.302	0.196	0.134	0.136	0.296	0.188	0.409	0.441	0.195	0.163	0.143	0.139	0.198	0.178	0.190	0.137	0.343	0.184	0.405	0.447	0.194	0.136	0.175	0.140	0.236	0.152	0.198	0.140	0.319	0.140	0.414	0.441	0.175	0.132	0.160	0.131	0.245	0.152	0.135	0.133	0.341	0.137
27:20:01	0.426	0.461	0.190	0.131	0.144	0.128	0.241	0.164	0.141	0.137	0.288	0.139	0.418	0.451	0.241	0.135	0.177	0.142	0.230	0.151	0.180	0.139	0.336	0.133	0.405	0.463	0.198	0.139	0.176	0.140	0.275	0.163	0.135	0.209	0.324	0.133	0.410	0.408	0.226	0.141	0.141	0.134	0.298	0.167	0.140	0.183	0.403	0.193	0.408	0.449	0.258	0.180	0.190	0.143	0.304	0.198	0.135	0.137	0.302	0.193	0.409	0.441	0.195	0.162	0.144	0.140	0.197	0.180	0.195	0.137	0.336	0.185	0.405	0.447	0.195	0.136	0.173	0.140	0.234	0.151	0.198	0.141	0.319	0.141	0.414	0.441	0.176	0.132	0.162	0.131	0.246	0.157	0.136	0.133	0.343	0.134
27:40:02	0.426	0.461	0.191	0.131	0.146	0.128	0.244	0.167	0.143	0.139	0.279	0.139	0.418	0.452	0.242	0.135	0.180	0.142	0.227	0.146	0.181	0.139	0.341	0.136	0.406	0.464	0.199	0.139	0.178	0.141	0.283	0.164	0.135	0.211	0.323	0.134	0.410	0.407	0.227	0.143	0.142	0.135	0.299	0.170	0.141	0.184	0.398	0.195	0.408	0.449	0.258	0.180	0.196	0.144	0.308	0.202	0.135	0.138	0.305	0.190	0.408	0.441	0.195	0.163	0.146	0.141	0.197	0.180	0.196	0.137	0.341	0.185	0.405	0.447	0.195	0.137	0.174	0.141	0.241	0.154	0.198	0.140	0.322	0.140	0.414	0.441	0.177	0.132	0.162	0.132	0.247	0.160	0.137	0.134	0.348	0.135
28:00:02	0.426	0.461	0.191	0.132	0.147	0.129	0.245	0.167	0.144	0.139	0.276	0.140	0.419	0.451	0.243	0.135	0.183	0.143	0.226	0.156	0.184	0.140	0.345	0.133	0.406	0.465	0.199	0.140	0.177	0.143	0.278	0.170	0.136	0.212	0.320	0.134	0.409	0.406	0.227	0.143	0.144	0.136	0.295	0.168	0.141	0.185	0.400	0.197	0.407	0.449	0.259	0.182	0.197	0.146	0.311	0.207	0.136	0.139	0.303	0.192	0.408	0.441	0.195	0.164	0.149	0.143	0.200	0.183	0.198	0.137	0.340	0.185	0.405	0.447	0.196	0.136	0.180	0.141	0.238	0.154	0.198	0.141	0.325	0.141	0.414	0.441	0.177	0.132	0.165	0.132	0.246	0.155	0.137	0.134	0.349	0.135
28:20:02	0.426	0.461	0.190	0.132	0.149	0.129	0.237	0.179	0.146	0.140	0.278	0.138	0.419	0.451	0.244	0.135	0.185	0.144	0.231	0.157	0.184	0.140	0.342	0.134	0.406	0.467	0.199	0.140	0.181	0.143	0.277	0.169	0.137	0.214	0.325	0.136	0.409	0.404	0.228	0.143	0.146	0.136	0.293	0.185	0.142	0.186	0.401	0.195	0.407	0.449	0.259	0.181	0.202	0.147	0.313	0.206	0.137	0.140	0.305	0.190	0.408	0.442	0.196	0.162	0.151	0.142	0.198	0.187	0.206	0.138	0.336	0.186	0.405	0.447	0.196	0.136	0.178	0.142	0.237	0.157	0.203	0.142	0.330	0.140	0.413	0.441	0.178	0.132	0.165	0.133	0.246	0.160	0.139	0.135	0.356	0.136
28:40:02	0.427	0.460	0.191	0.133	0.150	0.129	0.249	0.182	0.147	0.140	0.283	0.137	0.420	0.451	0.243	0.135	0.185	0.144	0.228	0.152	0.186	0.142	0.345	0.135	0.405	0.467	0.200	0.141	0.187	0.144	0.278	0.173	0.138	0.215	0.329	0.135	0.409	0.403	0.228	0.143	0.150	0.135	0.293	0.178	0.141	0.181	0.401	0.196	0.406	0.448	0.258	0.181	0.204	0.149	0.313	0.209	0.137	0.138	0.308	0.191	0.407	0.441	0.195	0.160	0.154	0.143	0.199	0.186	0.209	0.139	0.338	0.186	0.406	0.445	0.196	0.136	0.185	0.142	0.240	0.158	0.203	0.142	0.326	0.141	0.412	0.440	0.175	0.132	0.167	0.133	0.246	0.156	0.140	0.135	0.355	0.137
29:00:02	0.427	0.460	0.191	0.133	0.151	0.129	0.247	0.177	0.149	0.141	0.281	0.137	0.419	0.450	0.244	0.135	0.185	0.144	0.230	0.151	0.188	0.141	0.349	0.137	0.407	0.468	0.200	0.142	0.194	0.146	0.281	0.176	0.138	0.216	0.328	0.134	0.410	0.402	0.228	0.143	0.151	0.138	0.297	0.186	0.144	0.187	0.402	0.196	0.407	0.449	0.260	0.184	0.208	0.150	0.311	0.208	0.139	0.141	0.305	0.193	0.408	0.442	0.197	0.163	0.155	0.145	0.199	0.194	0.218	0.138	0.335	0.184	0.406	0.447	0.196	0.135	0.186	0.142	0.239	0.159	0.205	0.144	0.334	0.139	0.413	0.441	0.179	0.132	0.168	0.134	0.251	0.157	0.141	0.135	0.359	0.136
29:20:02	0.428	0.460	0.191	0.132	0.153	0.129	0.245	0.188	0.152	0.142	0.280	0.138	0.420	0.450	0.245	0.136	0.188	0.146	0.230	0.149	0.189	0.143	0.343	0.137	0.407	0.470	0.201	0.142	0.192	0.145	0.283	0.175	0.139	0.218	0.321	0.134	0.409	0.400	0.228	0.144	0.159	0.138	0.299	0.190	0.144	0.186	0.403	0.197	0.407	0.449	0.260	0.183	0.209	0.151	0.312	0.214	0.140	0.142	0.306	0.195	0.408	0.442	0.197	0.162	0.158	0.146	0.201	0.194	0.221	0.139	0.336	0.185	0.407	0.447	0.197	0.137	0.187	0.143	0.238	0.158	0.208	0.143	0.337	0.140	0.413	0.441	0.179	0.132	0.169	0.134	0.249	0.157	0.142	0.136	0.356	0.137
29:40:02	0.428	0.459	0.191	0.133	0.154	0.130	0.254	0.190	0.151	0.142	0.282	0.143	0.420	0.449	0.245	0.136	0.189	0.147	0.228	0.162	0.191	0.143	0.353	0.137	0.407	0.470	0.201	0.142	0.195	0.147	0.285	0.178	0.140	0.220	0.330	0.137	0.410	0.399	0.230	0.145	0.157	0.138	0.297	0.189	0.145	0.188	0.404	0.198	0.408	0.449	0.260	0.184	0.209	0.151	0.310	0.207	0.140	0.143	0.307	0.193	0.408	0.441	0.197	0.163	0.160	0.145	0.199	0.198	0.220	0.139	0.342	0.185	0.408	0.447	0.197	0.136	0.188	0.142	0.245	0.163	0.210	0.144	0.336	0.141	0.413	0.441	0.179	0.132	0.170	0.135	0.250	0.163	0.160	0.136	0.361	0.136
30:00:02	0.428	0.459	0.191	0.132	0.155	0.130	0.252	0.179	0.153	0.143	0.282	0.142	0.420	0.448	0.246	0.136	0.191	0.146	0.229	0.160	0.192	0.144	0.350	0.134	0.408	0.471	0.201	0.141	0.194	0.146	0.286	0.180	0.141	0.222	0.329	0.136	0.410	0.399	0.229	0.145	0.163	0.138	0.299	0.187	0.145	0.187	0.406	0.201	0.408	0.448	0.260	0.184	0.218	0.151	0.308	0.208	0.141	0.143	0.311	0.194	0.409	0.442	0.198	0.162	0.160	0.145	0.199	0.196	0.216	0.139	0.340	0.186	0.408	0.446	0.197	0.137	0.190	0.144	0.242	0.162	0.214	0.145	0.339	0.139	0.412	0.441	0.179	0.132	0.171	0.135	0.249	0.166	0.145	0.137	0.361	0.138
30:20:02	0.428	0.458	0.191	0.132	0.157	0.130	0.243	0.193	0.154	0.144	0.283	0.147	0.421	0.448	0.246	0.136	0.192	0.148	0.226	0.150	0.194	0.144	0.350	0.136	0.409	0.472	0.201	0.141	0.195	0.147	0.287	0.180	0.142	0.223	0.334	0.136	0.410	0.398	0.231	0.145	0.159	0.138	0.298	0.201	0.147	0.188	0.409	0.203	0.408	0.448	0.261	0.182	0.221	0.151	0.308	0.214	0.143	0.144	0.311	0.195	0.409	0.441	0.198	0.161	0.163	0.146	0.204	0.202	0.210	0.139	0.341	0.186	0.409	0.446	0.197	0.137	0.191	0.145	0.245	0.163	0.217	0.146	0.338	0.140	0.413	0.441	0.180	0.132	0.172	0.135	0.251	0.171	0.146	0.137	0.365	0.138
30:40:02	0.428	0.458	0.192	0.132	0.158	0.130	0.244	0.184	0.156	0.143	0.287	0.140	0.421	0.447	0.247	0.136	0.192	0.148	0.230	0.167	0.195	0.147	0.346	0.135	0.409	0.473	0.201	0.141	0.194	0.147	0.285	0.182	0.144	0.225	0.341	0.137	0.411	0.397	0.231	0.145	0.161	0.138	0.299	0.207	0.147	0.188	0.411	0.202	0.408	0.447	0.261	0.181	0.213	0.151	0.308	0.212	0.145	0.144	0.315	0.195	0.409	0.441	0.198	0.161	0.164	0.146	0.201	0.193	0.210	0.141	0.343	0.187	0.409	0.446	0.198	0.137	0.192	0.145	0.245	0.164	0.219	0.146	0.347	0.141	0.413	0.442	0.180	0.132	0.173	0.136	0.251	0.167	0.162	0.138	0.364	0.141
31:00:02	0.428	0.457	0.191	0.132	0.159	0.131	0.247	0.195	0.160	0.145	0.288	0.142	0.420	0.446	0.247	0.135	0.194	0.147	0.228	0.165	0.196	0.147	0.354	0.134	0.409	0.474	0.201	0.140	0.195	0.147	0.283	0.185	0.146	0.226	0.342	0.136	0.411	0.395	0.231	0.145	0.168	0.138	0.298	0.184	0.148	0.190	0.411	0.201	0.408	0.447	0.261	0.182	0.222	0.151	0.306	0.213	0.146	0.145	0.318	0.198	0.409	0.441	0.199	0.161	0.168	0.147	0.205	0.207	0.210	0.140	0.343	0.187	0.409	0.446	0.198	0.137	0.194	0.146	0.248	0.166	0.223	0.146	0.343	0.142	0.413	0.442	0.179	0.132	0.173	0.137	0.252	0.164	0.155	0.138	0.368	0.142
31:20:02	0.429	0.456	0.192	0.132	0.162	0.131	0.241	0.199	0.160	0.145	0.295	0.145	0.421	0.445	0.248	0.136	0.195	0.149	0.227	0.166	0.197	0.147	0.352	0.137	0.410	0.475	0.201	0.140	0.196	0.148	0.283	0.188	0.147	0.228	0.333	0.135	0.412	0.394	0.232	0.145	0.172	0.138	0.299	0.205	0.148	0.190	0.415	0.199	0.408	0.446	0.261	0.182	0.224	0.151	0.305	0.221	0.148	0.146	0.316	0.195	0.408	0.441	0.199	0.161	0.169	0.151	0.204	0.210	0.210	0.140	0.345	0.191	0.410	0.446	0.198	0.137	0.196	0.147	0.248	0.164	0.226	0.147	0.347	0.138	0.413	0.442	0.179	0.132	0.175	0.137	0.254	0.172	0.167	0.139	0.366	0.143
31:40:02	0.429	0.456	0.192	0.132	0.163	0.131	0.248	0.209	0.161	0.146	0.314	0.145	0.420	0.445	0.248	0.135	0.195	0.149	0.228	0.179	0.198	0.148	0.356	0.139	0.410	0.475	0.201	0.139	0.198	0.149	0.280	0.185	0.149	0.229	0.344	0.135	0.411	0.392	0.233	0.145	0.173	0.139	0.300	0.186	0.151	0.190	0.414	0.200	0.408	0.446	0.261	0.183	0.229	0.151	0.303	0.217	0.151	0.146	0.321	0.196	0.408	0.441	0.199	0.161	0.170	0.150	0.204	0.195	0.211	0.141	0.346	0.189	0.410	0.445	0.198	0.136	0.197	0.146	0.251	0.169	0.229	0.148	0.352	0.138	0.414	0.442	0.180	0.132	0.176	0.138	0.256	0.175	0.156	0.139	0.365	0.143
32:00:02	0.429	0.455	0.192	0.131	0.164	0.132	0.250	0.195	0.164	0.146	0.319	0.146	0.420	0.444	0.249	0.135	0.195	0.151	0.228	0.165	0.200	0.148	0.361	0.138	0.410	0.476	0.202	0.139	0.201	0.151	0.280	0.192	0.151	0.230	0.332	0.136	0.411	0.392	0.232	0.144	0.176	0.139	0.300	0.186	0.150	0.190	0.416	0.204	0.407	0.445	0.261	0.184	0.232	0.152	0.300	0.218	0.152	0.147	0.320	0.199	0.408	0.440	0.199	0.161	0.170	0.149	0.206	0.202	0.214	0.141	0.348	0.192	0.410	0.445	0.199	0.136	0.198	0.148	0.245	0.171	0.234	0.150	0.354	0.140	0.414	0.442	0.179	0.132	0.177	0.139	0.256	0.173	0.161	0.140	0.371	0.141
32:20:02	0.429	0.454	0.193	0.132	0.165	0.132	0.250	0.192	0.164	0.147	0.321	0.151	0.420	0.442	0.249	0.136	0.196	0.150	0.228	0.179	0.203	0.149	0.353	0.139	0.410	0.476	0.202	0.139	0.204	0.149	0.284	0.193	0.154	0.231	0.333	0.136	0.411	0.391	0.231	0.143	0.177	0.138	0.301	0.189	0.151	0.188	0.413	0.200	0.406	0.444	0.261	0.183	0.234	0.152	0.299	0.213	0.154	0.145	0.324	0.197	0.407	0.439	0.198	0.159	0.173	0.151	0.207	0.200	0.215	0.142	0.348	0.188	0.409	0.443	0.198	0.138	0.199	0.149	0.248	0.169	0.233	0.151	0.351	0.141	0.413	0.440	0.175	0.133	0.178	0.139	0.259	0.173	0.167	0.140	0.370	0.143
32:40:02	0.430	0.454	0.192	0.132	0.167	0.132	0.247	0.208	0.167	0.148	0.318	0.152	0.419	0.442	0.250	0.135	0.197	0.152	0.228	0.156	0.204	0.149	0.360	0.137	0.412	0.478	0.202	0.139	0.207	0.150	0.282	0.197	0.155	0.232	0.339	0.136	0.410	0.389	0.232	0.145	0.172	0.139	0.306	0.191	0.151	0.192	0.416	0.202	0.406	0.444	0.262	0.184	0.231	0.153	0.300	0.220	0.157	0.148	0.327	0.202	0.408	0.439	0.200	0.160	0.174	0.152	0.212	0.216	0.222	0.143	0.351	0.190	0.411	0.443	0.199	0.137	0.201	0.149	0.246	0.174	0.238	0.150	0.351	0.141	0.415	0.442	0.178	0.132	0.179	0.140	0.258	0.191	0.168	0.141	0.375	0.143
33:00:02	0.430	0.453	0.193	0.131	0.169	0.133	0.244	0.205	0.170	0.148	0.325	0.148	0.419	0.440	0.250	0.136	0.197	0.152	0.225	0.178	0.206	0.149	0.359	0.139	0.411	0.478	0.202	0.140	0.210	0.153	0.283	0.198	0.158	0.233	0.333	0.135	0.410	0.388	0.231	0.144	0.181	0.138	0.303	0.201	0.151	0.185	0.415	0.200	0.405	0.442	0.261	0.183	0.231	0.153	0.300	0.227	0.158	0.145	0.326	0.203	0.408	0.437	0.198	0.158	0.175	0.152	0.210	0.202	0.222	0.143	0.353	0.188	0.412	0.441	0.199	0.137	0.201	0.149	0.250	0.183	0.240	0.152	0.350	0.141	0.415	0.440	0.174	0.133	0.179	0.141	0.260	0.188	0.169	0.142	0.374	0.144
33:20:02	0.430	0.452	0.193	0.131	0.170	0.133	0.240	0.200	0.170	0.148	0.319	0.155	0.418	0.439	0.250	0.136	0.198	0.152	0.226	0.169	0.206	0.150	0.356	0.140	0.412	0.480	0.202	0.139	0.211	0.155	0.279	0.198	0.160	0.235	0.339	0.139	0.409	0.387	0.233	0.147	0.184	0.140	0.305	0.209	0.156	0.192	0.416	0.202	0.405	0.441	0.262	0.184	0.230	0.154	0.306	0.222	0.162	0.149	0.328	0.201	0.408	0.438	0.201	0.161	0.176	0.152	0.212	0.205	0.226	0.142	0.354	0.195	0.412	0.442	0.200	0.138	0.205	0.150	0.251	0.185	0.245	0.152	0.356	0.140	0.416	0.441	0.177	0.133	0.180	0.143	0.262	0.185	0.165	0.142	0.374	0.143
33:40:02	0.431	0.452	0.193	0.131	0.172	0.134	0.250	0.205	0.172	0.150	0.320	0.154	0.417	0.438	0.251	0.135	0.198	0.153	0.225	0.174	0.208	0.151	0.361	0.140	0.413	0.481	0.202	0.141	0.213	0.153	0.279	0.201	0.163	0.236	0.347	0.141	0.409	0.387	0.235	0.146	0.184	0.140	0.308	0.192	0.156	0.192	0.418	0.205	0.405	0.440	0.262	0.185	0.230	0.155	0.309	0.221	0.165	0.150	0.329	0.207	0.409	0.437	0.201	0.161	0.178	0.152	0.217	0.209	0.227	0.141	0.358	0.189	0.413	0.441	0.200	0.138	0.208	0.151	0.252	0.176	0.246	0.152	0.364	0.139	0.418	0.441	0.176	0.133	0.181	0.144	0.262	0.181	0.165	0.143	0.377	0.144
34:00:02	0.431	0.452	0.193	0.132	0.174	0.135	0.251	0.223	0.174	0.150	0.321	0.152	0.417	0.437	0.252	0.135	0.199	0.153	0.224	0.175	0.211	0.152	0.363	0.141	0.414	0.482	0.203	0.139	0.215	0.153	0.283	0.202	0.165	0.237	0.338	0.141	0.408	0.387	0.234	0.147	0.182	0.141	0.311	0.195	0.157	0.192	0.418	0.205	0.405	0.440	0.263	0.185	0.230	0.155	0.310	0.227	0.167	0.150	0.334	0.203	0.410	0.436	0.201	0.160	0.180	0.154	0.217	0.224	0.230	0.142	0.362	0.188	0.413	0.441	0.200	0.139	0.211	0.151	0.253	0.181	0.250	0.154	0.365	0.139	0.419	0.441	0.175	0.133	0.182	0.145	0.257	0.187	0.173	0.144	0.374	0.144
34:20:02	0.433	0.452	0.194	0.132	0.175	0.136	0.250	0.204	0.176	0.151	0.332	0.160	0.419	0.437	0.254	0.136	0.201	0.154	0.225	0.166	0.218	0.153	0.361	0.141	0.415	0.484	0.203	0.141	0.219	0.155	0.286	0.209	0.167	0.236	0.346	0.140	0.409	0.388	0.236	0.148	0.189	0.141	0.315	0.214	0.158	0.199	0.423	0.206	0.406	0.439	0.264	0.185	0.233	0.154	0.313	0.237	0.171	0.148	0.330	0.207	0.412	0.437	0.202	0.161	0.182	0.156	0.220	0.228	0.232	0.145	0.361	0.189	0.417	0.441	0.201	0.137	0.214	0.152	0.258	0.181	0.252	0.154	0.363	0.140	0.422	0.442	0.174	0.133	0.182	0.147	0.264	0.189	0.171	0.144	0.376	0.141
34:40:02	0.432	0.452	0.193	0.132	0.176	0.137	0.246	0.205	0.177	0.152	0.323	0.156	0.416	0.435	0.253	0.135	0.200	0.154	0.223	0.156	0.220	0.153	0.356	0.142	0.414	0.483	0.203	0.141	0.221	0.155	0.281	0.208	0.173	0.239	0.351	0.139	0.406	0.385	0.234	0.148	0.187	0.141	0.312	0.230	0.160	0.195	0.422	0.204	0.404	0.437	0.263	0.181	0.232	0.157	0.318	0.232	0.174	0.152	0.337	0.204	0.410	0.434	0.201	0.158	0.184	0.156	0.223	0.233	0.234	0.143	0.362	0.191	0.414	0.440	0.201	0.137	0.216	0.153	0.255	0.186	0.253	0.155	0.369	0.140	0.420	0.441	0.174	0.133	0.182	0.147	0.258	0.189	0.176	0.146	0.380	0.142
35:00:02	0.432	0.452	0.193	0.132	0.178	0.138	0.254	0.226	0.178	0.152	0.324	0.156	0.417	0.434	0.253	0.135	0.201	0.154	0.223	0.177	0.226	0.155	0.354	0.140	0.414	0.484	0.203	0.141	0.223	0.155	0.280	0.207	0.167	0.241	0.344	0.140	0.406	0.384	0.234	0.148	0.190	0.142	0.316	0.206	0.163	0.197	0.423	0.204	0.403	0.436	0.263	0.182	0.234	0.158	0.319	0.238	0.177	0.152	0.338	0.205	0.410	0.434	0.202	0.159	0.186	0.156	0.222	0.230	0.237	0.144	0.363	0.191	0.415	0.439	0.201	0.138	0.219	0.153	0.252	0.188	0.255	0.155	0.363	0.140	0.422	0.440	0.174	0.133	0.183	0.149	0.258	0.188	0.176	0.147	0.384	0.144
35:20:02	0.433	0.451	0.194	0.132	0.179	0.139	0.251	0.207	0.180	0.153	0.327	0.155	0.416	0.432	0.253	0.136	0.201	0.156	0.224	0.172	0.230	0.157	0.355	0.144	0.414	0.485	0.203	0.141	0.227	0.157	0.282	0.215	0.163	0.242	0.353	0.141	0.405	0.384	0.235	0.149	0.193	0.143	0.314	0.196	0.166	0.194	0.422	0.205	0.403	0.435	0.263	0.183	0.235	0.159	0.324	0.239	0.181	0.153	0.338	0.206	0.410	0.433	0.202	0.160	0.186	0.158	0.223	0.239	0.239	0.145	0.366	0.192	0.416	0.438	0.201	0.139	0.223	0.154	0.254	0.189	0.256	0.157	0.362	0.141	0.423	0.440	0.172	0.133	0.183	0.150	0.261	0.186	0.184	0.147	0.382	0.145
35:40:02	0.433	0.452	0.194	0.131	0.181	0.140	0.245	0.234	0.181	0.154	0.332	0.159	0.416	0.432	0.254	0.134	0.202	0.155	0.221	0.162	0.234	0.158	0.356	0.139	0.415	0.485	0.204	0.141	0.230	0.158	0.285	0.215	0.172	0.243	0.349	0.141	0.404	0.384	0.237	0.149	0.196	0.144	0.318	0.225	0.166	0.197	0.423	0.206	0.403	0.434	0.263	0.184	0.237	0.160	0.324	0.239	0.184	0.154	0.342	0.211	0.411	0.432	0.203	0.159	0.188	0.160	0.225	0.217	0.241	0.145	0.371	0.193	0.417	0.437	0.201	0.139	0.228	0.155	0.257	0.192	0.258	0.158	0.366	0.140	0.424	0.439	0.171	0.133	0.184	0.151	0.259	0.190	0.182	0.148	0.384	0.144
36:00:02	0.434	0.452	0.193	0.131	0.183	0.141	0.258	0.213	0.182	0.155	0.337	0.156	0.416	0.431	0.254	0.135	0.202	0.156	0.222	0.182	0.238	0.161	0.357	0.144	0.415	0.486	0.204	0.141	0.234	0.158	0.285	0.222	0.184	0.245	0.346	0.146	0.403	0.383	0.236	0.150	0.196	0.145	0.318	0.204	0.171	0.199	0.424	0.208	0.403	0.433	0.263	0.183	0.237	0.161	0.329	0.245	0.189	0.156	0.343	0.214	0.411	0.432	0.202	0.157	0.189	0.161	0.225	0.234	0.243	0.146	0.367	0.191	0.417	0.437	0.202	0.139	0.233	0.156	0.255	0.193	0.260	0.160	0.362	0.141	0.425	0.439	0.171	0.133	0.184	0.152	0.258	0.187	0.188	0.149	0.386	0.146
36:20:02	0.435	0.452	0.194	0.131	0.186	0.142	0.258	0.221	0.184	0.155	0.338	0.162	0.416	0.431	0.255	0.135	0.203	0.156	0.223	0.172	0.243	0.162	0.364	0.139	0.415	0.487	0.204	0.141	0.236	0.159	0.285	0.222	0.188	0.246	0.346	0.142	0.403	0.383	0.236	0.150	0.198	0.146	0.320	0.242	0.173	0.201	0.427	0.205	0.403	0.433	0.264	0.186	0.238	0.162	0.332	0.248	0.194	0.157	0.344	0.209	0.412	0.431	0.203	0.157	0.191	0.164	0.226	0.220	0.244	0.147	0.365	0.194	0.417	0.436	0.202	0.138	0.234	0.157	0.258	0.185	0.264	0.163	0.368	0.143	0.426	0.439	0.170	0.133	0.185	0.153	0.261	0.203	0.193	0.150	0.387	0.145
36:40:02	0.436	0.452	0.195	0.132	0.189	0.143	0.256	0.240	0.184	0.156	0.350	0.164	0.418	0.430	0.257	0.136	0.205	0.157	0.221	0.188	0.250	0.165	0.362	0.144	0.417	0.488	0.205	0.141	0.242	0.161	0.291	0.232	0.192	0.246	0.359	0.142	0.404	0.385	0.237	0.151	0.201	0.147	0.322	0.251	0.175	0.208	0.427	0.207	0.405	0.432	0.265	0.186	0.240	0.162	0.334	0.246	0.196	0.155	0.348	0.212	0.415	0.431	0.204	0.160	0.191	0.166	0.230	0.222	0.248	0.152	0.370	0.196	0.421	0.436	0.202	0.138	0.238	0.158	0.262	0.197	0.267	0.163	0.355	0.143	0.429	0.439	0.170	0.133	0.186	0.154	0.259	0.200	0.194	0.150	0.385	0.145
37:00:02	0.436	0.453	0.194	0.132	0.190	0.145	0.260	0.213	0.186	0.156	0.348	0.161	0.416	0.429	0.256	0.135	0.206	0.157	0.215	0.168	0.250	0.167	0.356	0.148	0.416	0.488	0.204	0.141	0.243	0.162	0.287	0.228	0.194	0.250	0.348	0.145	0.401	0.383	0.237	0.150	0.203	0.148	0.322	0.250	0.175	0.203	0.429	0.206	0.403	0.431	0.264	0.184	0.240	0.165	0.334	0.256	0.199	0.159	0.347	0.215	0.413	0.430	0.203	0.159	0.193	0.167	0.230	0.249	0.249	0.150	0.365	0.196	0.419	0.435	0.203	0.139	0.235	0.159	0.255	0.188	0.268	0.166	0.365	0.143	0.428	0.439	0.169	0.133	0.187	0.155	0.258	0.206	0.199	0.152	0.390	0.146
37:20:02	0.437	0.453	0.194	0.133	0.192	0.146	0.253	0.247	0.187	0.156	0.353	0.159	0.416	0.429	0.256	0.135	0.209	0.158	0.215	0.159	0.253	0.169	0.364	0.148	0.416	0.489	0.204	0.141	0.244	0.164	0.288	0.220	0.198	0.252	0.359	0.143	0.400	0.383	0.238	0.152	0.204	0.149	0.324	0.205	0.182	0.210	0.429	0.205	0.403	0.430	0.264	0.183	0.241	0.166	0.337	0.253	0.200	0.160	0.346	0.212	0.414	0.429	0.203	0.159	0.195	0.169	0.234	0.237	0.250	0.151	0.371	0.197	0.420	0.435	0.203	0.138	0.234	0.161	0.254	0.189	0.270	0.167	0.369	0.140	0.429	0.439	0.168	0.133	0.188	0.156	0.261	0.197	0.195	0.153	0.392	0.145
37:40:02	0.438	0.453	0.195	0.134	0.198	0.148	0.258	0.233	0.187	0.157	0.360	0.166	0.417	0.429	0.258	0.135	0.213	0.158	0.219	0.177	0.257	0.171	0.360	0.145	0.418	0.490	0.205	0.141	0.248	0.166	0.292	0.236	0.202	0.252	0.353	0.146	0.402	0.385	0.238	0.155	0.207	0.151	0.330	0.215	0.188	0.213	0.435	0.206	0.404	0.430	0.266	0.185	0.244	0.167	0.345	0.265	0.206	0.159	0.353	0.214	0.416	0.430	0.204	0.160	0.197	0.171	0.236	0.254	0.252	0.155	0.373	0.198	0.423	0.435	0.203	0.139	0.237	0.162	0.256	0.191	0.274	0.168	0.372	0.140	0.432	0.439	0.167	0.133	0.191	0.157	0.258	0.199	0.200	0.153	0.394	0.146
38:00:02	0.438	0.454	0.194	0.134	0.198	0.149	0.262	0.243	0.188	0.158	0.356	0.165	0.416	0.429	0.256	0.135	0.213	0.158	0.218	0.177	0.259	0.172	0.363	0.151	0.417	0.490	0.205	0.141	0.249	0.167	0.293	0.232	0.205	0.257	0.361	0.150	0.399	0.383	0.238	0.153	0.209	0.152	0.332	0.209	0.193	0.215	0.432	0.207	0.403	0.429	0.265	0.185	0.243	0.170	0.345	0.258	0.208	0.163	0.343	0.214	0.415	0.429	0.203	0.159	0.199	0.172	0.234	0.259	0.253	0.154	0.374	0.198	0.422	0.434	0.203	0.139	0.235	0.164	0.259	0.202	0.274	0.171	0.381	0.139	0.432	0.438	0.167	0.133	0.195	0.158	0.261	0.208	0.206	0.154	0.392	0.146
38:20:02	0.439	0.453	0.195	0.135	0.203	0.150	0.261	0.229	0.189	0.158	0.368	0.170	0.418	0.429	0.258	0.136	0.218	0.159	0.220	0.160	0.263	0.175	0.362	0.142	0.418	0.491	0.206	0.141	0.252	0.171	0.293	0.234	0.210	0.257	0.356	0.150	0.400	0.385	0.238	0.155	0.211	0.153	0.339	0.222	0.200	0.217	0.438	0.208	0.404	0.429	0.266	0.187	0.248	0.170	0.349	0.260	0.211	0.162	0.349	0.220	0.417	0.429	0.204	0.159	0.202	0.174	0.237	0.229	0.256	0.159	0.374	0.201	0.425	0.434	0.203	0.139	0.240	0.165	0.259	0.207	0.276	0.171	0.384	0.140	0.435	0.438	0.166	0.132	0.198	0.159	0.262	0.196	0.212	0.154	0.391	0.146
38:40:02	0.439	0.453	0.194	0.135	0.199	0.151	0.262	0.223	0.190	0.159	0.366	0.171	0.416	0.428	0.257	0.136	0.220	0.159	0.219	0.189	0.264	0.176	0.361	0.145	0.418	0.491	0.205	0.141	0.252	0.173	0.291	0.223	0.215	0.261	0.356	0.149	0.398	0.383	0.237	0.154	0.213	0.155	0.341	0.274	0.202	0.214	0.435	0.208	0.403	0.428	0.265	0.186	0.249	0.174	0.351	0.262	0.215	0.167	0.356	0.217	0.416	0.428	0.205	0.159	0.204	0.174	0.240	0.254	0.257	0.157	0.368	0.202	0.423	0.432	0.203	0.139	0.238	0.166	0.261	0.209	0.276	0.176	0.378	0.141	0.435	0.437	0.165	0.132	0.203	0.159	0.261	0.204	0.208	0.156	0.397	0.146
39:00:02	0.439	0.453	0.194	0.135	0.200	0.152	0.258	0.238	0.191	0.160	0.366	0.172	0.417	0.428	0.257	0.135	0.222	0.159	0.221	0.191	0.267	0.179	0.359	0.142	0.418	0.492	0.205	0.141	0.254	0.175	0.294	0.237	0.216	0.264	0.366	0.150	0.398	0.383	0.238	0.155	0.213	0.156	0.349	0.214	0.206	0.213	0.433	0.212	0.403	0.428	0.265	0.184	0.250	0.175	0.351	0.267	0.219	0.168	0.351	0.218	0.416	0.428	0.204	0.158	0.207	0.176	0.243	0.230	0.258	0.160	0.372	0.199	0.424	0.432	0.204	0.140	0.239	0.167	0.257	0.203	0.277	0.178	0.380	0.143	0.435	0.437	0.164	0.132	0.207	0.160	0.257	0.214	0.213	0.157	0.406	0.146
39:20:02	0.440	0.453	0.194	0.134	0.205	0.154	0.263	0.229	0.192	0.161	0.370	0.175	0.417	0.428	0.258	0.135	0.226	0.158	0.222	0.184	0.268	0.181	0.363	0.145	0.419	0.492	0.205	0.141	0.255	0.178	0.294	0.226	0.219	0.265	0.358	0.154	0.397	0.382	0.238	0.155	0.215	0.157	0.351	0.253	0.210	0.217	0.436	0.209	0.404	0.427	0.265	0.186	0.250	0.176	0.354	0.267	0.223	0.170	0.351	0.220	0.416	0.427	0.205	0.158	0.209	0.177	0.245	0.231	0.257	0.164	0.372	0.200	0.425	0.431	0.204	0.139	0.239	0.168	0.257	0.203	0.280	0.179	0.385	0.144	0.436	0.436	0.163	0.132	0.207	0.162	0.257	0.213	0.220	0.158	0.402	0.146
39:40:02	0.442	0.453	0.195	0.135	0.208	0.155	0.277	0.242	0.193	0.163	0.378	0.178	0.420	0.428	0.259	0.136	0.231	0.160	0.228	0.185	0.273	0.185	0.376	0.143	0.420	0.494	0.206	0.141	0.259	0.179	0.300	0.244	0.224	0.266	0.361	0.156	0.399	0.385	0.238	0.157	0.217	0.159	0.348	0.240	0.214	0.225	0.439	0.211	0.405	0.427	0.266	0.188	0.250	0.177	0.358	0.268	0.226	0.168	0.356	0.221	0.419	0.428	0.205	0.159	0.212	0.179	0.243	0.262	0.259	0.165	0.376	0.202	0.428	0.431	0.204	0.139	0.241	0.169	0.259	0.207	0.282	0.179	0.374	0.145	0.439	0.437	0.163	0.133	0.207	0.163	0.257	0.219	0.216	0.158	0.409	0.146
40:00:02	0.442	0.451	0.195	0.135	0.205	0.157	0.262	0.253	0.193	0.164	0.375	0.172	0.417	0.428	0.258	0.135	0.230	0.159	0.223	0.185	0.273	0.185	0.367	0.153	0.418	0.493	0.205	0.140	0.258	0.179	0.300	0.226	0.226	0.271	0.370	0.151	0.396	0.383	0.238	0.154	0.217	0.160	0.350	0.277	0.216	0.221	0.433	0.211	0.404	0.426	0.265	0.186	0.250	0.180	0.356	0.265	0.229	0.174	0.356	0.221	0.417	0.426	0.204	0.158	0.214	0.178	0.242	0.239	0.259	0.166	0.378	0.203	0.425	0.429	0.204	0.139	0.239	0.170	0.258	0.206	0.281	0.180	0.389	0.145	0.437	0.436	0.162	0.132	0.209	0.163	0.260	0.210	0.217	0.160	0.405	0.146
40:20:02	0.442	0.451	0.195	0.134	0.211	0.159	0.273	0.242	0.193	0.167	0.377	0.173	0.418	0.427	0.258	0.135	0.233	0.160	0.219	0.201	0.273	0.186	0.363	0.144	0.418	0.494	0.205	0.141	0.260	0.180	0.301	0.252	0.229	0.274	0.370	0.153	0.396	0.383	0.238	0.157	0.219	0.161	0.346	0.226	0.209	0.225	0.435	0.214	0.404	0.426	0.265	0.186	0.252	0.182	0.353	0.267	0.231	0.176	0.359	0.224	0.417	0.426	0.204	0.157	0.217	0.178	0.242	0.259	0.261	0.169	0.379	0.203	0.426	0.429	0.204	0.139	0.239	0.170	0.261	0.214	0.282	0.181	0.381	0.145	0.438	0.435	0.162	0.133	0.211	0.164	0.261	0.248	0.221	0.160	0.403	0.146
40:40:02	0.442	0.450	0.195	0.134	0.214	0.161	0.277	0.232	0.194	0.168	0.379	0.181	0.418	0.427	0.258	0.135	0.235	0.161	0.210	0.178	0.274	0.186	0.371	0.152	0.418	0.495	0.205	0.140	0.261	0.181	0.302	0.250	0.232	0.277	0.370	0.154	0.395	0.382	0.238	0.156	0.220	0.163	0.348	0.272	0.214	0.230	0.438	0.209	0.404	0.425	0.265	0.182	0.253	0.183	0.349	0.266	0.234	0.179	0.352	0.225	0.418	0.425	0.204	0.158	0.221	0.180	0.243	0.237	0.261	0.171	0.378	0.203	0.427	0.427	0.204	0.140	0.241	0.170	0.257	0.208	0.283	0.181	0.382	0.145	0.438	0.434	0.161	0.133	0.214	0.165	0.257	0.206	0.224	0.162	0.409	0.146
41:00:02	0.442	0.449	0.195	0.134	0.217	0.164	0.272	0.247	0.193	0.170	0.381	0.177	0.418	0.426	0.259	0.135	0.237	0.162	0.207	0.201	0.275	0.186	0.369	0.140	0.417	0.495	0.205	0.140	0.263	0.182	0.306	0.255	0.236	0.280	0.366	0.151	0.395	0.383	0.238	0.158	0.222	0.165	0.353	0.223	0.217	0.226	0.437	0.211	0.404	0.425	0.265	0.182	0.254	0.185	0.348	0.269	0.236	0.182	0.358	0.219	0.418	0.425	0.205	0.157	0.225	0.180	0.244	0.246	0.262	0.174	0.378	0.203	0.427	0.426	0.204	0.139	0.241	0.170	0.255	0.209	0.284	0.183	0.380	0.145	0.439	0.433	0.160	0.132	0.214	0.167	0.257	0.236	0.225	0.162	0.406	0.147
41:20:02	0.442	0.447	0.195	0.134	0.225	0.167	0.279	0.242	0.195	0.170	0.383	0.179	0.418	0.426	0.259	0.135	0.238	0.162	0.206	0.202	0.275	0.188	0.367	0.141	0.417	0.496	0.206	0.139	0.263	0.183	0.305	0.246	0.238	0.283	0.376	0.154	0.394	0.383	0.237	0.157	0.224	0.167	0.350	0.226	0.220	0.231	0.437	0.214	0.404	0.424	0.265	0.183	0.255	0.188	0.348	0.271	0.237	0.184	0.357	0.226	0.419	0.424	0.205	0.157	0.227	0.180	0.244	0.252	0.263	0.176	0.377	0.207	0.427	0.425	0.204	0.139	0.242	0.172	0.258	0.213	0.285	0.184	0.388	0.145	0.440	0.432	0.160	0.133	0.214	0.168	0.255	0.214	0.225	0.163	0.413	0.147
41:40:02	0.443	0.446	0.195	0.134	0.229	0.169	0.271	0.253	0.194	0.172	0.385	0.169	0.418	0.425	0.259	0.135	0.240	0.163	0.218	0.185	0.275	0.191	0.365	0.155	0.418	0.496	0.206	0.140	0.264	0.186	0.311	0.231	0.240	0.285	0.375	0.159	0.393	0.382	0.237	0.158	0.226	0.168	0.348	0.282	0.235	0.239	0.440	0.214	0.405	0.424	0.265	0.184	0.255	0.191	0.354	0.273	0.240	0.187	0.358	0.227	0.419	0.423	0.205	0.156	0.230	0.182	0.246	0.264	0.263	0.180	0.379	0.207	0.428	0.424	0.204	0.140	0.243	0.173	0.258	0.211	0.287	0.187	0.387	0.145	0.440	0.431	0.160	0.133	0.219	0.170	0.259	0.215	0.229	0.165	0.413	0.147
42:00:02	0.443	0.445	0.195	0.134	0.231	0.173	0.281	0.263	0.194	0.174	0.387	0.179	0.418	0.425	0.259	0.135	0.245	0.163	0.211	0.188	0.275	0.194	0.373	0.161	0.418	0.497	0.206	0.140	0.265	0.187	0.308	0.232	0.245	0.288	0.379	0.160	0.393	0.382	0.238	0.159	0.227	0.171	0.348	0.265	0.234	0.238	0.439	0.215	0.405	0.423	0.265	0.186	0.255	0.193	0.353	0.272	0.243	0.190	0.360	0.233	0.419	0.422	0.205	0.156	0.232	0.185	0.245	0.278	0.264	0.181	0.380	0.212	0.428	0.422	0.204	0.140	0.243	0.175	0.260	0.216	0.288	0.188	0.381	0.146	0.441	0.430	0.159	0.133	0.220	0.171	0.257	0.222	0.232	0.168	0.418	0.147
42:20:02	0.444	0.443	0.195	0.134	0.234	0.175	0.284	0.259	0.194	0.175	0.389	0.169	0.419	0.424	0.259	0.135	0.246	0.162	0.211	0.179	0.276	0.198	0.372	0.145	0.418	0.497	0.206	0.139	0.265	0.189	0.310	0.253	0.251	0.291	0.376	0.158	0.393	0.383	0.237	0.159	0.228	0.172	0.352	0.225	0.238	0.239	0.439	0.212	0.405	0.422	0.265	0.187	0.254	0.196	0.358	0.274	0.247	0.194	0.359	0.229	0.420	0.421	0.205	0.157	0.234	0.187	0.245	0.289	0.264	0.181	0.378	0.208	0.429	0.421	0.204	0.139	0.244	0.178	0.258	0.216	0.288	0.189	0.384	0.145	0.442	0.428	0.159	0.132	0.221	0.173	0.257	0.235	0.237	0.170	0.414	0.147
42:40:02	0.444	0.442	0.195	0.134	0.239	0.179	0.284	0.242	0.194	0.177	0.390	0.190	0.419	0.424	0.260	0.135	0.249	0.164	0.199	0.187	0.278	0.201	0.369	0.151	0.418	0.497	0.206	0.140	0.265	0.189	0.313	0.233	0.253	0.294	0.373	0.156	0.393	0.383	0.236	0.160	0.231	0.174	0.355	0.292	0.240	0.242	0.442	0.218	0.405	0.421	0.265	0.187	0.256	0.199	0.361	0.273	0.249	0.198	0.364	0.226	0.420	0.420	0.205	0.155	0.235	0.187	0.245	0.267	0.264	0.184	0.381	0.211	0.429	0.419	0.204	0.139	0.245	0.179	0.259	0.223	0.289	0.190	0.392	0.146	0.442	0.427	0.159	0.133	0.222	0.174	0.257	0.251	0.242	0.173	0.416	0.147
43:00:02	0.444	0.441	0.195	0.134	0.243	0.182	0.283	0.262	0.194	0.179	0.392	0.192	0.419	0.423	0.260	0.135	0.251	0.165	0.206	0.208	0.279	0.204	0.371	0.153	0.418	0.498	0.207	0.141	0.266	0.190	0.314	0.249	0.255	0.299	0.382	0.160	0.393	0.383	0.238	0.160	0.233	0.177	0.359	0.293	0.242	0.244	0.442	0.217	0.405	0.421	0.265	0.188	0.256	0.203	0.359	0.278	0.250	0.202	0.363	0.227	0.420	0.419	0.205	0.155	0.236	0.187	0.247	0.246	0.266	0.188	0.382	0.209	0.430	0.418	0.204	0.139	0.246	0.181	0.258	0.219	0.290	0.192	0.392	0.146	0.443	0.426	0.158	0.133	0.227	0.176	0.256	0.279	0.244	0.175	0.416	0.147
43:20:02	0.444	0.439	0.196	0.133	0.248	0.185	0.293	0.257	0.194	0.186	0.393	0.186	0.419	0.422	0.261	0.135	0.251	0.166	0.201	0.204	0.280	0.208	0.379	0.144	0.418	0.498	0.207	0.140	0.266	0.191	0.316	0.255	0.259	0.303	0.376	0.168	0.392	0.383	0.238	0.160	0.234	0.179	0.361	0.296	0.244	0.246	0.443	0.219	0.406	0.420	0.265	0.189	0.257	0.206	0.357	0.272	0.252	0.206	0.367	0.235	0.420	0.418	0.205	0.154	0.237	0.188	0.250	0.274	0.266	0.192	0.382	0.213	0.430	0.416	0.205	0.140	0.247	0.182	0.254	0.225	0.291	0.194	0.385	0.145	0.444	0.425	0.158	0.133	0.232	0.176	0.257	0.281	0.247	0.179	0.416	0.147
43:40:02	0.444	0.438	0.195	0.133	0.250	0.188	0.295	0.256	0.195	0.188	0.394	0.175	0.419	0.422	0.261	0.135	0.254	0.167	0.205	0.208	0.281	0.211	0.375	0.142	0.418	0.499	0.207	0.140	0.267	0.192	0.324	0.241	0.262	0.308	0.386	0.160	0.392	0.383	0.238	0.161	0.236	0.181	0.361	0.237	0.248	0.255	0.444	0.220	0.406	0.419	0.266	0.189	0.258	0.208	0.357	0.276	0.254	0.209	0.365	0.231	0.421	0.417	0.205	0.155	0.237	0.188	0.251	0.252	0.268	0.194	0.384	0.210	0.431	0.415	0.205	0.139	0.248	0.182	0.256	0.237	0.292	0.196	0.391	0.146	0.444	0.423	0.158	0.133	0.233	0.178	0.257	0.218	0.251	0.182	0.413	0.147
44:00:03	0.444	0.437	0.195	0.134	0.251	0.190	0.298	0.250	0.195	0.190	0.396	0.195	0.420	0.421	0.260	0.135	0.255	0.168	0.201	0.210	0.281	0.213	0.376	0.151	0.417	0.500	0.208	0.140	0.269	0.194	0.325	0.259	0.262	0.312	0.387	0.172	0.392	0.384	0.238	0.159	0.239	0.183	0.360	0.273	0.251	0.253	0.443	0.221	0.406	0.418	0.266	0.189	0.259	0.211	0.358	0.280	0.254	0.212	0.363	0.236	0.422	0.415	0.205	0.157	0.240	0.188	0.247	0.292	0.268	0.197	0.385	0.209	0.431	0.413	0.205	0.136	0.249	0.182	0.256	0.220	0.295	0.197	0.387	0.146	0.445	0.421	0.158	0.132	0.235	0.179	0.255	0.226	0.255	0.184	0.418	0.147
44:20:02	0.445	0.436	0.195	0.134	0.250	0.193	0.298	0.258	0.194	0.189	0.397	0.194	0.420	0.420	0.261	0.135	0.257	0.168	0.195	0.207	0.281	0.215	0.377	0.157	0.418	0.500	0.208	0.141	0.269	0.195	0.324	0.268	0.262	0.317	0.381	0.169	0.392	0.384	0.237	0.161	0.240	0.185	0.360	0.249	0.255	0.262	0.442	0.222	0.407	0.417	0.266	0.189	0.260	0.214	0.361	0.282	0.256	0.214	0.369	0.231	0.422	0.414	0.205	0.156	0.241	0.190	0.251	0.298	0.270	0.199	0.386	0.214	0.431	0.412	0.205	0.138	0.250	0.182	0.256	0.221	0.294	0.198	0.391	0.147	0.446	0.421	0.157	0.133	0.237	0.181	0.252	0.291	0.259	0.188	0.415	0.148
44:40:02	0.445	0.436	0.195	0.133	0.253	0.197	0.300	0.258	0.194	0.189	0.398	0.174	0.421	0.419	0.261	0.135	0.258	0.168	0.192	0.170	0.281	0.216	0.378	0.151	0.418	0.501	0.208	0.141	0.269	0.196	0.330	0.239	0.262	0.321	0.382	0.161	0.393	0.384	0.238	0.161	0.241	0.187	0.365	0.237	0.260	0.263	0.444	0.223	0.407	0.416	0.266	0.189	0.260	0.216	0.365	0.275	0.257	0.218	0.366	0.240	0.422	0.412	0.206	0.155	0.242	0.191	0.251	0.298	0.269	0.201	0.384	0.209	0.432	0.410	0.205	0.137	0.251	0.183	0.255	0.223	0.293	0.200	0.385	0.147	0.447	0.420	0.157	0.133	0.239	0.183	0.251	0.221	0.262	0.192	0.415	0.148
45:00:02	0.445	0.435	0.195	0.134	0.259	0.199	0.306	0.262	0.197	0.195	0.400	0.188	0.422	0.417	0.261	0.135	0.260	0.171	0.194	0.177	0.282	0.217	0.379	0.144	0.418	0.501	0.207	0.140	0.269	0.197	0.332	0.240	0.262	0.324	0.389	0.171	0.393	0.384	0.237	0.160	0.242	0.189	0.364	0.295	0.260	0.263	0.444	0.224	0.407	0.415	0.265	0.190	0.261	0.218	0.363	0.284	0.259	0.222	0.366	0.234	0.423	0.411	0.205	0.156	0.245	0.191	0.249	0.262	0.268	0.202	0.382	0.215	0.433	0.409	0.205	0.139	0.251	0.183	0.256	0.224	0.294	0.202	0.393	0.147	0.447	0.419	0.157	0.132	0.240	0.185	0.246	0.244	0.265	0.195	0.417	0.147
45:20:02	0.445	0.435	0.195	0.133	0.264	0.202	0.294	0.274	0.201	0.200	0.401	0.197	0.421	0.416	0.261	0.135	0.261	0.174	0.199	0.177	0.282	0.219	0.379	0.149	0.419	0.501	0.208	0.141	0.269	0.200	0.328	0.264	0.263	0.327	0.391	0.168	0.393	0.384	0.238	0.162	0.244	0.191	0.369	0.304	0.256	0.263	0.445	0.224	0.407	0.414	0.266	0.190	0.263	0.220	0.363	0.281	0.262	0.226	0.368	0.240	0.423	0.409	0.205	0.156	0.245	0.191	0.252	0.303	0.269	0.206	0.384	0.214	0.433	0.408	0.205	0.139	0.250	0.183	0.257	0.225	0.294	0.203	0.395	0.146	0.448	0.418	0.157	0.132	0.243	0.186	0.243	0.225	0.270	0.199	0.417	0.148
45:40:03	0.446	0.434	0.195	0.133	0.270	0.204	0.296	0.274	0.207	0.204	0.403	0.178	0.422	0.415	0.261	0.135	0.262	0.174	0.188	0.201	0.283	0.220	0.380	0.144	0.419	0.502	0.207	0.141	0.269	0.201	0.333	0.245	0.262	0.331	0.391	0.176	0.393	0.384	0.237	0.162	0.247	0.193	0.364	0.241	0.256	0.262	0.445	0.225	0.407	0.412	0.265	0.190	0.262	0.222	0.361	0.284	0.264	0.230	0.377	0.244	0.423	0.407	0.205	0.156	0.246	0.191	0.250	0.276	0.269	0.206	0.389	0.212	0.434	0.406	0.205	0.138	0.251	0.183	0.258	0.232	0.298	0.205	0.400	0.146	0.448	0.417	0.156	0.132	0.242	0.188	0.238	0.300	0.273	0.202	0.417	0.148
46:00:03	0.447	0.434	0.194	0.133	0.278	0.206	0.305	0.264	0.211	0.206	0.405	0.180	0.422	0.413	0.260	0.135	0.264	0.175	0.185	0.185	0.284	0.220	0.380	0.145	0.419	0.503	0.207	0.140	0.269	0.203	0.335	0.266	0.263	0.333	0.395	0.159	0.393	0.384	0.237	0.162	0.250	0.195	0.362	0.306	0.255	0.269	0.446	0.225	0.408	0.411	0.265	0.189	0.261	0.222	0.360	0.285	0.266	0.234	0.376	0.238	0.424	0.406	0.205	0.156	0.246	0.190	0.252	0.254	0.268	0.207	0.390	0.220	0.434	0.406	0.204	0.138	0.251	0.183	0.254	0.225	0.297	0.207	0.393	0.147	0.448	0.416	0.156	0.133	0.244	0.190	0.238	0.305	0.274	0.205	0.418	0.148
46:20:03	0.448	0.435	0.194	0.133	0.280	0.208	0.301	0.264	0.214	0.208	0.407	0.180	0.422	0.412	0.261	0.134	0.264	0.179	0.191	0.207	0.285	0.221	0.381	0.174	0.419	0.503	0.207	0.140	0.269	0.204	0.332	0.271	0.264	0.335	0.389	0.175	0.393	0.385	0.238	0.162	0.252	0.197	0.364	0.292	0.258	0.272	0.442	0.226	0.409	0.410	0.265	0.188	0.262	0.225	0.362	0.287	0.268	0.237	0.373	0.238	0.424	0.404	0.205	0.156	0.245	0.190	0.255	0.262	0.269	0.211	0.390	0.217	0.434	0.405	0.203	0.134	0.252	0.184	0.251	0.226	0.299	0.210	0.392	0.147	0.449	0.415	0.156	0.133	0.245	0.192	0.233	0.251	0.276	0.210	0.420	0.148
46:40:03	0.448	0.435	0.194	0.133	0.284	0.209	0.310	0.252	0.219	0.210	0.409	0.198	0.423	0.410	0.260	0.134	0.264	0.178	0.187	0.174	0.286	0.222	0.382	0.176	0.420	0.504	0.207	0.140	0.270	0.205	0.337	0.257	0.265	0.338	0.397	0.181	0.394	0.385	0.237	0.162	0.255	0.199	0.370	0.256	0.263	0.273	0.448	0.227	0.409	0.408	0.265	0.189	0.261	0.225	0.364	0.288	0.270	0.241	0.374	0.253	0.424	0.401	0.205	0.156	0.246	0.190	0.252	0.291	0.269	0.214	0.392	0.218	0.435	0.404	0.203	0.135	0.253	0.184	0.253	0.235	0.299	0.212	0.400	0.147	0.449	0.415	0.156	0.132	0.248	0.193	0.229	0.299	0.276	0.215	0.420	0.148
47:00:03	0.449	0.436	0.194	0.133	0.287	0.210	0.300	0.249	0.221	0.212	0.411	0.202	0.423	0.409	0.260	0.134	0.267	0.178	0.190	0.211	0.287	0.224	0.383	0.144	0.420	0.504	0.207	0.140	0.271	0.207	0.338	0.266	0.265	0.341	0.398	0.173	0.394	0.386	0.237	0.162	0.259	0.200	0.370	0.255	0.265	0.279	0.449	0.227	0.410	0.407	0.265	0.188	0.260	0.225	0.363	0.288	0.272	0.244	0.372	0.254	0.425	0.399	0.205	0.155	0.247	0.190	0.253	0.265	0.269	0.213	0.392	0.220	0.435	0.403	0.203	0.135	0.254	0.184	0.249	0.236	0.299	0.213	0.397	0.147	0.449	0.415	0.155	0.132	0.251	0.195	0.226	0.313	0.276	0.220	0.422	0.148
47:20:03	0.450	0.438	0.194	0.133	0.294	0.212	0.315	0.255	0.224	0.216	0.413	0.201	0.423	0.408	0.260	0.135	0.267	0.177	0.187	0.212	0.288	0.224	0.383	0.179	0.420	0.505	0.207	0.139	0.272	0.209	0.340	0.247	0.267	0.344	0.387	0.184	0.395	0.386	0.237	0.162	0.261	0.203	0.370	0.285	0.266	0.285	0.449	0.228	0.410	0.405	0.265	0.187	0.261	0.226	0.364	0.282	0.274	0.248	0.374	0.253	0.426	0.398	0.205	0.155	0.247	0.191	0.254	0.266	0.269	0.214	0.392	0.223	0.436	0.403	0.203	0.134	0.255	0.185	0.249	0.228	0.300	0.215	0.402	0.147	0.449	0.415	0.156	0.133	0.251	0.196	0.221	0.315	0.278	0.224	0.422	0.149
47:40:03	0.449	0.439	0.194	0.133	0.299	0.213	0.318	0.254	0.228	0.219	0.414	0.204	0.423	0.406	0.259	0.134	0.268	0.180	0.192	0.209	0.288	0.225	0.384	0.147	0.419	0.506	0.206	0.139	0.272	0.209	0.344	0.263	0.269	0.346	0.389	0.180	0.394	0.385	0.237	0.164	0.263	0.203	0.366	0.251	0.267	0.294	0.449	0.228	0.410	0.404	0.265	0.187	0.262	0.227	0.363	0.290	0.277	0.249	0.377	0.244	0.426	0.396	0.205	0.155	0.248	0.190	0.257	0.303	0.270	0.215	0.395	0.222	0.436	0.402	0.203	0.135	0.256	0.187	0.246	0.238	0.301	0.217	0.401	0.146	0.449	0.415	0.155	0.132	0.253	0.196	0.219	0.238	0.279	0.227	0.423	0.148
48:00:03	0.449	0.440	0.194	0.133	0.300	0.215	0.308	0.264	0.233	0.221	0.415	0.203	0.423	0.405	0.259	0.134	0.269	0.181	0.183	0.212	0.288	0.226	0.384	0.149	0.420	0.506	0.207	0.139	0.273	0.210	0.344	0.272	0.271	0.348	0.393	0.184	0.394	0.386	0.236	0.163	0.265	0.205	0.368	0.317	0.271	0.304	0.451	0.228	0.409	0.402	0.265	0.187	0.263	0.228	0.362	0.290	0.279	0.252	0.378	0.244	0.426	0.394	0.205	0.155	0.249	0.190	0.255	0.286	0.269	0.216	0.394	0.217	0.436	0.402	0.204	0.137	0.256	0.187	0.245	0.240	0.301	0.217	0.399	0.146	0.449	0.416	0.155	0.132	0.253	0.195	0.217	0.317	0.280	0.231	0.424	0.148

