Field Group

Plate Comment:	
Procedure Summary
  Plate Type:              Corning 96 well for LogPhase600
  Plate Number:            2
  Discontinuous Kinetics:  Runtime 02:00:00 (D:HH:MM), Interval 00:20:00 (HH:MM:SS), 145 Reads (max)
  Read:                    600 nm
  Incubator:               On
    Temperature setpoint:  30 °C
    Temperature gradient:  Off
  Shaking:                 On
     Shaking frequency:    600 RPMs		
			
			

600

Time	A1	A2	A3	A4	A5	A6	A7	A8	A9	A10	A11	A12	B1	B2	B3	B4	B5	B6	B7	B8	B9	B10	B11	B12	C1	C2	C3	C4	C5	C6	C7	C8	C9	C10	C11	C12	D1	D2	D3	D4	D5	D6	D7	D8	D9	D10	D11	D12	E1	E2	E3	E4	E5	E6	E7	E8	E9	E10	E11	E12	F1	F2	F3	F4	F5	F6	F7	F8	F9	F10	F11	F12	G1	G2	G3	G4	G5	G6	G7	G8	G9	G10	G11	G12	H1	H2	H3	H4	H5	H6	H7	H8	H9	H10	H11	H12
0:00:00	0.116	0.116	0.117	0.117	0.116	0.117	0.121	0.117	0.116	0.116	0.121	0.117	0.115	0.116	0.117	0.119	0.116	0.117	0.118	0.117	0.117	0.118	0.119	0.120	0.115	0.116	0.117	0.117	0.116	0.116	0.118	0.120	0.115	0.119	0.119	0.119	0.115	0.117	0.118	0.119	0.118	0.117	0.118	0.119	0.097	0.120	0.119	0.119	0.116	0.116	0.117	0.118	0.121	0.120	0.118	0.116	0.118	0.116	0.117	0.134	0.115	0.117	0.117	0.117	0.117	0.120	0.119	0.117	0.119	0.121	0.122	0.121	0.116	0.117	0.117	0.117	0.117	0.116	0.121	0.092	0.120	0.119	0.119	0.121	0.116	0.115	0.117	0.117	0.115	0.117	0.118	0.120	0.118	0.117	0.090	0.134
0:20:00	0.115	0.115	0.117	0.116	0.116	0.117	0.121	0.117	0.117	0.116	0.122	0.118	0.115	0.115	0.117	0.119	0.115	0.115	0.118	0.117	0.117	0.118	0.120	0.121	0.114	0.115	0.117	0.117	0.083	0.083	0.119	0.120	0.115	0.118	0.119	0.120	0.114	0.116	0.119	0.117	0.119	0.116	0.118	0.120	0.091	0.120	0.118	0.120	0.115	0.115	0.118	0.117	0.121	0.119	0.118	0.116	0.119	0.115	0.118	0.135	0.115	0.117	0.116	0.116	0.116	0.118	0.119	0.117	0.119	0.120	0.123	0.121	0.116	0.116	0.118	0.117	0.116	0.116	0.121	0.093	0.120	0.119	0.120	0.121	0.115	0.114	0.117	0.117	0.115	0.118	0.119	0.120	0.118	0.117	0.091	0.134
0:40:00	0.115	0.115	0.117	0.116	0.116	0.117	0.122	0.118	0.116	0.116	0.122	0.118	0.115	0.115	0.117	0.119	0.115	0.115	0.118	0.117	0.117	0.118	0.121	0.121	0.114	0.116	0.117	0.085	0.082	0.083	0.119	0.121	0.115	0.117	0.120	0.120	0.114	0.115	0.119	0.116	0.118	0.083	0.118	0.120	0.087	0.120	0.119	0.121	0.114	0.115	0.118	0.117	0.121	0.119	0.119	0.117	0.117	0.115	0.118	0.134	0.115	0.117	0.117	0.116	0.115	0.117	0.119	0.117	0.118	0.120	0.123	0.122	0.116	0.115	0.118	0.117	0.116	0.116	0.121	0.093	0.120	0.119	0.120	0.121	0.115	0.114	0.117	0.117	0.116	0.117	0.120	0.121	0.118	0.117	0.090	0.134
1:00:00	0.115	0.115	0.118	0.117	0.116	0.117	0.123	0.118	0.116	0.116	0.123	0.118	0.115	0.115	0.118	0.120	0.116	0.116	0.119	0.118	0.117	0.119	0.121	0.121	0.115	0.116	0.118	0.085	0.082	0.083	0.120	0.121	0.116	0.116	0.121	0.120	0.115	0.115	0.119	0.117	0.118	0.083	0.119	0.121	0.084	0.120	0.119	0.121	0.114	0.116	0.119	0.117	0.122	0.119	0.119	0.084	0.117	0.116	0.119	0.135	0.115	0.117	0.117	0.117	0.115	0.117	0.119	0.117	0.118	0.121	0.124	0.122	0.117	0.115	0.118	0.118	0.117	0.116	0.122	0.094	0.120	0.119	0.122	0.122	0.115	0.114	0.119	0.118	0.116	0.118	0.121	0.122	0.118	0.117	0.091	0.134
1:20:00	0.115	0.115	0.119	0.118	0.116	0.117	0.124	0.119	0.116	0.116	0.124	0.119	0.115	0.115	0.119	0.120	0.115	0.115	0.120	0.119	0.117	0.119	0.122	0.122	0.115	0.116	0.119	0.086	0.083	0.083	0.121	0.122	0.116	0.116	0.122	0.121	0.115	0.115	0.120	0.117	0.118	0.083	0.086	0.121	0.083	0.121	0.120	0.122	0.115	0.116	0.120	0.118	0.122	0.119	0.120	0.084	0.117	0.116	0.120	0.136	0.115	0.117	0.118	0.117	0.115	0.117	0.120	0.118	0.118	0.121	0.125	0.123	0.117	0.115	0.119	0.118	0.117	0.116	0.124	0.094	0.120	0.119	0.123	0.122	0.115	0.114	0.119	0.118	0.116	0.118	0.122	0.122	0.118	0.117	0.093	0.134
1:40:00	0.115	0.116	0.120	0.119	0.116	0.117	0.125	0.119	0.116	0.116	0.125	0.120	0.115	0.115	0.120	0.121	0.116	0.115	0.121	0.119	0.117	0.119	0.123	0.123	0.115	0.116	0.119	0.087	0.083	0.083	0.122	0.123	0.116	0.116	0.123	0.122	0.115	0.115	0.121	0.118	0.117	0.083	0.087	0.122	0.083	0.121	0.121	0.123	0.114	0.116	0.121	0.119	0.122	0.118	0.121	0.085	0.117	0.116	0.121	0.136	0.115	0.117	0.119	0.118	0.115	0.117	0.121	0.119	0.119	0.121	0.126	0.124	0.117	0.116	0.120	0.119	0.117	0.116	0.125	0.095	0.120	0.119	0.124	0.123	0.115	0.115	0.120	0.119	0.116	0.118	0.123	0.123	0.118	0.117	0.093	0.135
2:00:00	0.116	0.116	0.121	0.119	0.116	0.117	0.126	0.120	0.116	0.116	0.126	0.121	0.115	0.115	0.121	0.121	0.116	0.116	0.122	0.120	0.117	0.119	0.124	0.123	0.115	0.116	0.120	0.087	0.083	0.083	0.123	0.123	0.116	0.116	0.124	0.122	0.115	0.115	0.121	0.119	0.117	0.083	0.089	0.122	0.083	0.121	0.122	0.124	0.115	0.116	0.121	0.119	0.122	0.118	0.122	0.085	0.117	0.116	0.121	0.137	0.116	0.117	0.120	0.119	0.115	0.117	0.123	0.119	0.119	0.121	0.127	0.124	0.117	0.116	0.121	0.120	0.117	0.116	0.126	0.095	0.120	0.119	0.125	0.123	0.115	0.115	0.121	0.120	0.116	0.118	0.125	0.124	0.118	0.117	0.094	0.135
2:20:00	0.116	0.116	0.122	0.121	0.117	0.117	0.128	0.121	0.117	0.116	0.127	0.122	0.115	0.115	0.122	0.122	0.116	0.116	0.125	0.121	0.118	0.119	0.124	0.124	0.115	0.117	0.121	0.089	0.083	0.083	0.125	0.125	0.116	0.116	0.125	0.123	0.115	0.115	0.122	0.120	0.117	0.083	0.091	0.123	0.083	0.121	0.123	0.125	0.115	0.116	0.122	0.121	0.122	0.118	0.124	0.086	0.117	0.116	0.122	0.139	0.116	0.117	0.121	0.120	0.115	0.117	0.125	0.120	0.119	0.121	0.127	0.125	0.117	0.116	0.122	0.121	0.117	0.117	0.128	0.096	0.120	0.119	0.126	0.124	0.116	0.115	0.121	0.121	0.116	0.118	0.127	0.125	0.118	0.118	0.095	0.136
2:40:00	0.116	0.116	0.122	0.122	0.117	0.117	0.131	0.122	0.117	0.117	0.128	0.123	0.115	0.115	0.123	0.123	0.116	0.116	0.127	0.122	0.118	0.119	0.126	0.126	0.115	0.117	0.122	0.090	0.084	0.084	0.128	0.126	0.116	0.116	0.126	0.125	0.115	0.116	0.123	0.122	0.117	0.084	0.094	0.125	0.084	0.121	0.124	0.126	0.115	0.116	0.123	0.122	0.122	0.118	0.127	0.088	0.117	0.116	0.123	0.140	0.116	0.117	0.121	0.121	0.116	0.117	0.128	0.121	0.119	0.121	0.128	0.127	0.117	0.116	0.122	0.122	0.118	0.117	0.131	0.097	0.121	0.120	0.127	0.125	0.116	0.115	0.123	0.122	0.117	0.119	0.130	0.126	0.118	0.118	0.096	0.137
3:00:00	0.116	0.116	0.123	0.123	0.117	0.117	0.135	0.123	0.117	0.117	0.129	0.125	0.116	0.116	0.124	0.124	0.117	0.116	0.131	0.124	0.118	0.120	0.127	0.128	0.116	0.117	0.123	0.092	0.085	0.085	0.132	0.128	0.117	0.116	0.127	0.126	0.116	0.116	0.124	0.123	0.118	0.086	0.099	0.127	0.084	0.122	0.125	0.128	0.115	0.117	0.124	0.123	0.123	0.118	0.131	0.090	0.118	0.117	0.124	0.142	0.116	0.118	0.123	0.123	0.116	0.118	0.132	0.122	0.119	0.122	0.129	0.128	0.118	0.116	0.123	0.123	0.118	0.117	0.134	0.099	0.121	0.120	0.128	0.127	0.116	0.115	0.124	0.123	0.117	0.119	0.134	0.127	0.119	0.119	0.098	0.138
3:20:00	0.117	0.117	0.124	0.124	0.118	0.118	0.139	0.124	0.117	0.117	0.130	0.127	0.116	0.116	0.125	0.126	0.117	0.117	0.135	0.125	0.119	0.120	0.128	0.129	0.116	0.118	0.125	0.094	0.086	0.086	0.136	0.129	0.117	0.116	0.128	0.128	0.116	0.116	0.126	0.125	0.120	0.089	0.106	0.129	0.084	0.122	0.127	0.130	0.116	0.117	0.125	0.125	0.124	0.119	0.136	0.092	0.118	0.117	0.125	0.143	0.117	0.118	0.124	0.124	0.117	0.118	0.136	0.124	0.120	0.122	0.131	0.130	0.118	0.117	0.124	0.124	0.119	0.117	0.138	0.100	0.121	0.120	0.129	0.128	0.117	0.116	0.125	0.124	0.118	0.120	0.138	0.129	0.119	0.119	0.098	0.140
3:40:00	0.117	0.117	0.125	0.125	0.119	0.119	0.143	0.125	0.118	0.118	0.132	0.128	0.117	0.116	0.126	0.127	0.118	0.117	0.140	0.126	0.119	0.121	0.130	0.131	0.116	0.118	0.126	0.095	0.087	0.087	0.142	0.131	0.118	0.117	0.130	0.129	0.117	0.117	0.127	0.127	0.121	0.089	0.112	0.131	0.085	0.123	0.128	0.132	0.116	0.118	0.127	0.127	0.124	0.119	0.141	0.093	0.119	0.118	0.127	0.145	0.117	0.119	0.125	0.126	0.117	0.119	0.142	0.125	0.121	0.123	0.132	0.131	0.118	0.117	0.125	0.126	0.120	0.118	0.143	0.101	0.122	0.121	0.130	0.129	0.117	0.116	0.126	0.126	0.118	0.120	0.144	0.130	0.120	0.119	0.101	0.141
4:00:00	0.117	0.118	0.126	0.126	0.120	0.119	0.149	0.126	0.119	0.118	0.134	0.129	0.117	0.117	0.128	0.128	0.119	0.118	0.146	0.127	0.120	0.121	0.131	0.132	0.117	0.119	0.127	0.097	0.088	0.089	0.149	0.132	0.119	0.118	0.132	0.131	0.117	0.117	0.129	0.129	0.122	0.093	0.122	0.133	0.086	0.124	0.130	0.133	0.117	0.118	0.128	0.129	0.125	0.120	0.149	0.096	0.120	0.118	0.128	0.147	0.118	0.119	0.127	0.127	0.119	0.120	0.149	0.126	0.121	0.123	0.134	0.132	0.119	0.118	0.127	0.127	0.121	0.119	0.148	0.102	0.122	0.121	0.132	0.130	0.118	0.117	0.128	0.127	0.120	0.121	0.150	0.131	0.121	0.120	0.102	0.142
4:20:00	0.118	0.118	0.128	0.127	0.122	0.120	0.157	0.127	0.121	0.119	0.136	0.131	0.118	0.118	0.129	0.129	0.121	0.119	0.153	0.128	0.121	0.122	0.133	0.134	0.117	0.119	0.130	0.099	0.091	0.091	0.157	0.134	0.120	0.118	0.134	0.132	0.118	0.119	0.131	0.131	0.124	0.097	0.132	0.136	0.087	0.125	0.132	0.135	0.117	0.119	0.130	0.130	0.127	0.121	0.158	0.099	0.121	0.119	0.130	0.148	0.119	0.120	0.129	0.128	0.120	0.121	0.157	0.127	0.122	0.124	0.135	0.133	0.120	0.119	0.128	0.128	0.122	0.120	0.156	0.103	0.124	0.122	0.134	0.131	0.119	0.117	0.130	0.128	0.122	0.122	0.158	0.132	0.122	0.121	0.104	0.143
4:40:00	0.119	0.119	0.129	0.128	0.123	0.121	0.163	0.128	0.121	0.120	0.139	0.132	0.118	0.119	0.131	0.130	0.123	0.120	0.160	0.129	0.122	0.123	0.135	0.136	0.118	0.120	0.133	0.101	0.094	0.094	0.164	0.135	0.121	0.119	0.136	0.133	0.119	0.119	0.133	0.132	0.128	0.101	0.141	0.139	0.089	0.126	0.135	0.137	0.118	0.119	0.132	0.132	0.129	0.122	0.165	0.103	0.123	0.120	0.132	0.150	0.119	0.121	0.131	0.130	0.122	0.122	0.163	0.129	0.124	0.125	0.138	0.135	0.120	0.119	0.130	0.129	0.124	0.121	0.163	0.104	0.125	0.123	0.136	0.133	0.120	0.119	0.132	0.129	0.124	0.123	0.164	0.133	0.122	0.122	0.108	0.144
5:00:00	0.120	0.120	0.131	0.128	0.126	0.122	0.169	0.129	0.123	0.121	0.141	0.133	0.119	0.120	0.133	0.130	0.124	0.121	0.165	0.130	0.123	0.124	0.138	0.137	0.119	0.122	0.135	0.102	0.097	0.096	0.169	0.137	0.122	0.120	0.139	0.134	0.120	0.121	0.136	0.134	0.132	0.104	0.146	0.142	0.091	0.128	0.137	0.138	0.119	0.121	0.134	0.134	0.131	0.124	0.171	0.106	0.125	0.121	0.135	0.151	0.121	0.122	0.133	0.131	0.124	0.124	0.168	0.130	0.125	0.126	0.140	0.136	0.121	0.121	0.132	0.130	0.127	0.122	0.167	0.105	0.126	0.124	0.138	0.133	0.121	0.120	0.134	0.130	0.127	0.124	0.168	0.134	0.123	0.123	0.109	0.145
5:20:00	0.121	0.121	0.133	0.129	0.129	0.124	0.172	0.130	0.124	0.123	0.144	0.135	0.120	0.121	0.135	0.131	0.128	0.122	0.169	0.131	0.125	0.125	0.141	0.138	0.120	0.124	0.139	0.104	0.102	0.100	0.173	0.137	0.124	0.122	0.141	0.135	0.121	0.123	0.138	0.135	0.136	0.107	0.151	0.144	0.093	0.130	0.141	0.139	0.120	0.122	0.137	0.135	0.135	0.126	0.176	0.109	0.128	0.122	0.137	0.152	0.121	0.123	0.135	0.132	0.128	0.126	0.172	0.131	0.127	0.127	0.142	0.137	0.122	0.121	0.134	0.131	0.131	0.124	0.171	0.106	0.127	0.126	0.141	0.135	0.122	0.121	0.137	0.131	0.130	0.124	0.171	0.134	0.125	0.125	0.113	0.145
5:40:00	0.122	0.123	0.136	0.130	0.133	0.126	0.173	0.130	0.126	0.124	0.147	0.136	0.121	0.123	0.137	0.132	0.132	0.123	0.170	0.131	0.127	0.127	0.144	0.139	0.121	0.126	0.142	0.104	0.105	0.102	0.176	0.138	0.125	0.123	0.144	0.136	0.122	0.124	0.141	0.136	0.138	0.110	0.155	0.146	0.096	0.131	0.145	0.140	0.121	0.123	0.139	0.136	0.137	0.126	0.181	0.111	0.131	0.124	0.140	0.154	0.123	0.125	0.139	0.133	0.133	0.128	0.175	0.133	0.129	0.129	0.146	0.138	0.123	0.123	0.137	0.131	0.135	0.126	0.172	0.107	0.129	0.127	0.144	0.136	0.122	0.123	0.140	0.131	0.135	0.127	0.172	0.135	0.127	0.127	0.117	0.146
6:00:00	0.123	0.125	0.138	0.131	0.132	0.128	0.174	0.131	0.129	0.127	0.151	0.137	0.122	0.125	0.141	0.133	0.130	0.125	0.171	0.132	0.129	0.129	0.148	0.140	0.122	0.128	0.146	0.107	0.106	0.108	0.176	0.139	0.127	0.126	0.148	0.137	0.124	0.127	0.144	0.138	0.140	0.117	0.159	0.149	0.101	0.134	0.149	0.141	0.122	0.125	0.143	0.138	0.137	0.131	0.184	0.115	0.134	0.127	0.144	0.155	0.124	0.128	0.141	0.133	0.131	0.132	0.176	0.134	0.132	0.130	0.150	0.139	0.125	0.126	0.140	0.132	0.135	0.129	0.174	0.107	0.131	0.130	0.147	0.137	0.123	0.126	0.143	0.132	0.135	0.132	0.172	0.136	0.130	0.130	0.122	0.147
6:20:00	0.124	0.127	0.141	0.131	0.130	0.131	0.175	0.132	0.131	0.129	0.156	0.137	0.123	0.127	0.144	0.133	0.130	0.130	0.171	0.132	0.129	0.132	0.153	0.141	0.122	0.132	0.150	0.108	0.108	0.111	0.177	0.140	0.130	0.130	0.152	0.138	0.124	0.130	0.148	0.139	0.145	0.121	0.161	0.151	0.104	0.136	0.153	0.141	0.123	0.129	0.147	0.139	0.139	0.133	0.188	0.117	0.138	0.130	0.148	0.155	0.124	0.132	0.145	0.134	0.134	0.135	0.177	0.134	0.133	0.134	0.153	0.140	0.126	0.129	0.143	0.132	0.131	0.130	0.174	0.108	0.133	0.133	0.151	0.137	0.125	0.128	0.147	0.133	0.135	0.134	0.172	0.137	0.132	0.132	0.126	0.148
6:40:00	0.125	0.129	0.145	0.132	0.135	0.133	0.175	0.133	0.132	0.130	0.161	0.138	0.124	0.131	0.147	0.134	0.135	0.129	0.171	0.133	0.133	0.131	0.157	0.141	0.124	0.130	0.155	0.108	0.111	0.107	0.177	0.140	0.132	0.129	0.157	0.138	0.124	0.131	0.153	0.139	0.145	0.120	0.162	0.152	0.105	0.135	0.158	0.141	0.123	0.129	0.151	0.139	0.143	0.132	0.191	0.118	0.140	0.129	0.153	0.155	0.126	0.132	0.149	0.135	0.140	0.132	0.178	0.135	0.136	0.134	0.159	0.141	0.127	0.130	0.147	0.133	0.137	0.129	0.175	0.108	0.134	0.134	0.155	0.138	0.126	0.128	0.150	0.133	0.136	0.134	0.173	0.137	0.132	0.132	0.129	0.148
7:00:00	0.126	0.130	0.150	0.132	0.141	0.130	0.176	0.133	0.132	0.130	0.165	0.139	0.126	0.129	0.152	0.134	0.144	0.130	0.172	0.133	0.134	0.132	0.160	0.142	0.124	0.129	0.160	0.109	0.116	0.110	0.178	0.141	0.132	0.128	0.160	0.139	0.127	0.130	0.157	0.140	0.149	0.120	0.165	0.154	0.107	0.134	0.161	0.142	0.125	0.129	0.156	0.140	0.144	0.135	0.193	0.120	0.141	0.130	0.157	0.156	0.127	0.131	0.153	0.135	0.144	0.133	0.179	0.135	0.136	0.134	0.162	0.141	0.127	0.130	0.152	0.133	0.146	0.130	0.175	0.109	0.135	0.133	0.158	0.138	0.127	0.131	0.154	0.134	0.139	0.133	0.173	0.138	0.133	0.133	0.132	0.149
7:20:00	0.127	0.131	0.153	0.132	0.147	0.131	0.175	0.133	0.132	0.132	0.167	0.139	0.126	0.130	0.155	0.134	0.148	0.133	0.173	0.133	0.134	0.134	0.163	0.143	0.124	0.133	0.163	0.110	0.119	0.112	0.179	0.141	0.131	0.130	0.163	0.140	0.126	0.133	0.160	0.141	0.150	0.123	0.166	0.154	0.106	0.136	0.165	0.142	0.125	0.131	0.159	0.141	0.145	0.137	0.194	0.122	0.140	0.131	0.160	0.156	0.128	0.133	0.156	0.135	0.144	0.135	0.181	0.136	0.135	0.135	0.165	0.142	0.127	0.133	0.155	0.133	0.148	0.132	0.179	0.109	0.136	0.134	0.161	0.139	0.128	0.134	0.156	0.134	0.139	0.134	0.175	0.138	0.135	0.134	0.133	0.150
7:40:00	0.129	0.134	0.156	0.133	0.148	0.134	0.176	0.133	0.134	0.133	0.169	0.140	0.126	0.134	0.157	0.135	0.146	0.136	0.173	0.134	0.133	0.135	0.165	0.143	0.127	0.135	0.166	0.112	0.118	0.118	0.180	0.142	0.132	0.131	0.164	0.140	0.129	0.135	0.164	0.142	0.151	0.129	0.170	0.157	0.105	0.137	0.167	0.143	0.125	0.133	0.162	0.142	0.146	0.141	0.196	0.126	0.141	0.133	0.162	0.157	0.130	0.135	0.158	0.136	0.142	0.140	0.183	0.137	0.136	0.137	0.167	0.142	0.130	0.135	0.157	0.134	0.144	0.134	0.182	0.110	0.138	0.136	0.163	0.139	0.127	0.136	0.158	0.134	0.138	0.135	0.174	0.138	0.135	0.134	0.134	0.151
8:00:00	0.129	0.136	0.159	0.133	0.146	0.136	0.176	0.134	0.134	0.134	0.170	0.140	0.128	0.136	0.159	0.135	0.140	0.139	0.175	0.134	0.135	0.136	0.166	0.144	0.126	0.137	0.166	0.111	0.118	0.118	0.181	0.142	0.134	0.131	0.165	0.141	0.129	0.137	0.165	0.142	0.154	0.130	0.169	0.157	0.106	0.137	0.167	0.143	0.127	0.136	0.164	0.142	0.149	0.141	0.198	0.125	0.143	0.135	0.164	0.158	0.130	0.138	0.160	0.136	0.142	0.141	0.183	0.138	0.137	0.137	0.168	0.143	0.127	0.137	0.159	0.134	0.141	0.135	0.178	0.110	0.137	0.136	0.164	0.141	0.130	0.138	0.159	0.135	0.140	0.135	0.175	0.139	0.136	0.134	0.135	0.151
8:20:00	0.129	0.140	0.159	0.133	0.152	0.135	0.176	0.134	0.135	0.134	0.171	0.141	0.127	0.141	0.160	0.135	0.144	0.137	0.173	0.135	0.135	0.136	0.167	0.144	0.127	0.141	0.167	0.112	0.134	0.117	0.181	0.142	0.134	0.130	0.166	0.141	0.128	0.141	0.166	0.143	0.156	0.131	0.170	0.158	0.107	0.137	0.168	0.144	0.129	0.140	0.165	0.143	0.155	0.142	0.199	0.126	0.144	0.135	0.165	0.158	0.128	0.142	0.160	0.137	0.146	0.140	0.185	0.139	0.137	0.136	0.169	0.143	0.128	0.140	0.159	0.134	0.145	0.134	0.183	0.111	0.138	0.135	0.165	0.141	0.131	0.142	0.160	0.135	0.145	0.135	0.189	0.140	0.136	0.134	0.136	0.152
8:40:00	0.131	0.146	0.160	0.134	0.163	0.136	0.176	0.135	0.135	0.134	0.172	0.141	0.129	0.146	0.160	0.136	0.151	0.137	0.173	0.135	0.136	0.136	0.169	0.145	0.127	0.144	0.168	0.113	0.159	0.118	0.182	0.143	0.134	0.130	0.167	0.141	0.130	0.144	0.166	0.143	0.159	0.134	0.170	0.159	0.108	0.139	0.169	0.144	0.128	0.143	0.165	0.143	0.160	0.144	0.200	0.128	0.146	0.135	0.167	0.160	0.129	0.143	0.161	0.137	0.150	0.141	0.186	0.139	0.138	0.137	0.171	0.144	0.130	0.142	0.159	0.135	0.155	0.134	0.182	0.111	0.138	0.136	0.166	0.142	0.132	0.144	0.161	0.136	0.149	0.136	0.186	0.140	0.137	0.134	0.137	0.152
9:00:00	0.128	0.150	0.161	0.134	0.171	0.137	0.176	0.136	0.137	0.135	0.173	0.141	0.128	0.148	0.160	0.135	0.156	0.139	0.174	0.136	0.136	0.137	0.169	0.145	0.129	0.147	0.168	0.114	0.157	0.121	0.183	0.144	0.135	0.131	0.168	0.142	0.129	0.146	0.167	0.144	0.163	0.140	0.173	0.161	0.110	0.141	0.170	0.145	0.129	0.145	0.166	0.145	0.160	0.149	0.203	0.131	0.149	0.138	0.167	0.160	0.130	0.144	0.162	0.138	0.153	0.144	0.193	0.140	0.138	0.138	0.172	0.144	0.130	0.144	0.160	0.135	0.162	0.136	0.180	0.111	0.139	0.137	0.167	0.142	0.130	0.145	0.161	0.136	0.154	0.137	0.189	0.142	0.137	0.136	0.137	0.152
9:20:00	0.129	0.155	0.161	0.135	0.179	0.140	0.177	0.137	0.137	0.138	0.173	0.142	0.129	0.151	0.161	0.137	0.161	0.142	0.174	0.136	0.138	0.140	0.170	0.146	0.128	0.149	0.169	0.113	0.169	0.133	0.185	0.144	0.136	0.136	0.169	0.143	0.130	0.147	0.167	0.144	0.164	0.163	0.179	0.161	0.112	0.149	0.170	0.145	0.130	0.146	0.166	0.144	0.166	0.154	0.207	0.130	0.151	0.145	0.168	0.161	0.131	0.146	0.162	0.138	0.174	0.150	0.202	0.141	0.139	0.143	0.172	0.145	0.130	0.146	0.160	0.135	0.167	0.138	0.187	0.112	0.139	0.139	0.167	0.143	0.133	0.146	0.161	0.136	0.160	0.139	0.199	0.142	0.138	0.138	0.138	0.152
9:40:00	0.130	0.161	0.162	0.135	0.185	0.144	0.201	0.137	0.138	0.142	0.174	0.142	0.130	0.155	0.162	0.137	0.167	0.145	0.175	0.137	0.138	0.143	0.170	0.147	0.129	0.151	0.170	0.115	0.171	0.153	0.184	0.145	0.137	0.142	0.169	0.144	0.131	0.149	0.168	0.145	0.173	0.169	0.178	0.162	0.114	0.152	0.171	0.146	0.131	0.148	0.167	0.145	0.186	0.158	0.209	0.132	0.154	0.148	0.169	0.162	0.131	0.148	0.162	0.138	0.175	0.152	0.223	0.141	0.140	0.146	0.172	0.146	0.131	0.148	0.161	0.136	0.174	0.141	0.193	0.112	0.139	0.142	0.168	0.143	0.131	0.150	0.161	0.136	0.169	0.145	0.186	0.142	0.138	0.142	0.139	0.154
10:00:01	0.131	0.168	0.162	0.135	0.192	0.147	0.197	0.137	0.139	0.145	0.174	0.143	0.131	0.158	0.162	0.138	0.179	0.151	0.175	0.137	0.139	0.146	0.171	0.148	0.130	0.153	0.170	0.115	0.179	0.159	0.187	0.146	0.138	0.142	0.170	0.145	0.131	0.151	0.168	0.145	0.177	0.167	0.189	0.163	0.118	0.153	0.172	0.147	0.132	0.151	0.167	0.146	0.187	0.158	0.209	0.134	0.159	0.146	0.169	0.163	0.132	0.151	0.163	0.139	0.182	0.150	0.223	0.142	0.141	0.147	0.173	0.146	0.131	0.153	0.160	0.136	0.183	0.149	0.195	0.113	0.140	0.147	0.168	0.144	0.132	0.156	0.162	0.137	0.176	0.151	0.210	0.142	0.139	0.147	0.139	0.154
10:20:01	0.131	0.172	0.162	0.136	0.200	0.152	0.182	0.138	0.141	0.149	0.174	0.143	0.131	0.161	0.163	0.137	0.183	0.159	0.185	0.138	0.141	0.152	0.171	0.149	0.131	0.155	0.170	0.117	0.194	0.165	0.186	0.147	0.140	0.146	0.170	0.145	0.132	0.154	0.169	0.147	0.182	0.170	0.193	0.165	0.123	0.154	0.173	0.148	0.133	0.156	0.168	0.147	0.201	0.159	0.215	0.138	0.164	0.150	0.170	0.163	0.133	0.154	0.164	0.140	0.192	0.155	0.237	0.144	0.143	0.153	0.173	0.147	0.132	0.158	0.162	0.136	0.193	0.157	0.182	0.113	0.140	0.154	0.168	0.145	0.133	0.161	0.163	0.137	0.181	0.157	0.193	0.143	0.140	0.153	0.140	0.156
10:40:01	0.132	0.173	0.162	0.136	0.203	0.159	0.180	0.138	0.142	0.156	0.174	0.144	0.132	0.165	0.164	0.138	0.188	0.166	0.177	0.139	0.142	0.159	0.172	0.149	0.131	0.159	0.172	0.118	0.201	0.172	0.188	0.148	0.142	0.154	0.171	0.146	0.133	0.159	0.170	0.147	0.196	0.173	0.196	0.166	0.127	0.159	0.176	0.148	0.134	0.162	0.168	0.148	0.202	0.162	0.216	0.139	0.167	0.156	0.170	0.165	0.134	0.159	0.164	0.140	0.201	0.163	0.232	0.144	0.144	0.161	0.174	0.148	0.133	0.163	0.162	0.137	0.191	0.164	0.182	0.113	0.141	0.161	0.169	0.146	0.134	0.165	0.163	0.138	0.185	0.164	0.181	0.144	0.140	0.159	0.139	0.156
11:00:01	0.132	0.174	0.163	0.136	0.197	0.166	0.208	0.139	0.143	0.163	0.175	0.144	0.133	0.170	0.163	0.138	0.193	0.174	0.177	0.139	0.142	0.167	0.172	0.150	0.132	0.165	0.172	0.118	0.203	0.181	0.189	0.148	0.142	0.165	0.171	0.147	0.134	0.166	0.170	0.147	0.210	0.176	0.196	0.166	0.128	0.168	0.176	0.149	0.134	0.171	0.168	0.147	0.204	0.168	0.215	0.140	0.168	0.162	0.170	0.165	0.134	0.166	0.163	0.140	0.201	0.172	0.238	0.145	0.144	0.169	0.174	0.148	0.133	0.170	0.163	0.137	0.193	0.171	0.188	0.114	0.142	0.169	0.170	0.146	0.134	0.169	0.163	0.138	0.189	0.172	0.180	0.144	0.140	0.167	0.138	0.157
11:20:01	0.133	0.179	0.163	0.136	0.199	0.175	0.189	0.139	0.145	0.173	0.175	0.145	0.134	0.177	0.164	0.138	0.197	0.181	0.177	0.140	0.143	0.178	0.172	0.151	0.133	0.171	0.172	0.119	0.204	0.196	0.191	0.150	0.143	0.179	0.171	0.147	0.134	0.170	0.171	0.148	0.212	0.190	0.200	0.170	0.131	0.181	0.177	0.150	0.135	0.179	0.168	0.148	0.209	0.179	0.224	0.141	0.170	0.167	0.172	0.166	0.135	0.173	0.164	0.141	0.203	0.183	0.242	0.146	0.145	0.181	0.175	0.149	0.134	0.175	0.164	0.137	0.195	0.180	0.183	0.115	0.143	0.181	0.170	0.147	0.135	0.173	0.163	0.138	0.194	0.181	0.183	0.144	0.141	0.179	0.140	0.158
11:40:01	0.134	0.182	0.164	0.137	0.201	0.189	0.190	0.140	0.148	0.185	0.176	0.146	0.134	0.184	0.164	0.138	0.201	0.193	0.178	0.140	0.144	0.188	0.173	0.152	0.134	0.171	0.174	0.122	0.205	0.206	0.193	0.151	0.145	0.189	0.172	0.147	0.135	0.169	0.172	0.149	0.206	0.188	0.204	0.174	0.135	0.194	0.178	0.149	0.136	0.183	0.168	0.150	0.213	0.190	0.222	0.144	0.173	0.181	0.171	0.168	0.136	0.177	0.164	0.141	0.205	0.176	0.237	0.147	0.147	0.194	0.173	0.150	0.135	0.180	0.164	0.138	0.198	0.191	0.185	0.115	0.144	0.187	0.170	0.148	0.136	0.177	0.165	0.139	0.197	0.187	0.184	0.144	0.142	0.187	0.141	0.160
12:00:01	0.134	0.184	0.166	0.137	0.202	0.194	0.193	0.141	0.152	0.191	0.175	0.146	0.135	0.197	0.164	0.139	0.204	0.197	0.180	0.141	0.146	0.194	0.173	0.153	0.134	0.182	0.174	0.122	0.207	0.211	0.194	0.155	0.148	0.191	0.172	0.147	0.136	0.179	0.173	0.150	0.210	0.199	0.203	0.171	0.138	0.189	0.178	0.151	0.136	0.185	0.171	0.151	0.217	0.194	0.230	0.147	0.175	0.196	0.172	0.168	0.137	0.184	0.165	0.142	0.205	0.176	0.202	0.148	0.148	0.197	0.175	0.150	0.136	0.187	0.165	0.138	0.200	0.191	0.190	0.116	0.146	0.192	0.171	0.148	0.136	0.185	0.165	0.138	0.201	0.191	0.181	0.144	0.144	0.192	0.141	0.160
12:20:01	0.135	0.189	0.166	0.138	0.204	0.198	0.185	0.141	0.157	0.195	0.175	0.147	0.136	0.207	0.165	0.140	0.208	0.196	0.179	0.141	0.150	0.199	0.172	0.153	0.135	0.185	0.176	0.122	0.209	0.209	0.194	0.158	0.152	0.191	0.172	0.149	0.137	0.176	0.173	0.149	0.212	0.193	0.206	0.177	0.143	0.197	0.179	0.153	0.137	0.184	0.171	0.151	0.221	0.199	0.232	0.149	0.178	0.203	0.172	0.170	0.138	0.184	0.166	0.142	0.208	0.192	0.203	0.149	0.150	0.200	0.175	0.151	0.136	0.190	0.166	0.138	0.202	0.192	0.187	0.117	0.148	0.198	0.170	0.149	0.137	0.187	0.166	0.139	0.204	0.195	0.186	0.145	0.147	0.196	0.141	0.161
12:40:01	0.135	0.195	0.166	0.137	0.206	0.203	0.189	0.142	0.162	0.200	0.177	0.147	0.136	0.205	0.166	0.140	0.211	0.201	0.180	0.141	0.154	0.203	0.174	0.153	0.136	0.176	0.178	0.123	0.211	0.209	0.195	0.158	0.156	0.198	0.173	0.148	0.138	0.172	0.174	0.150	0.215	0.215	0.205	0.175	0.150	0.204	0.180	0.152	0.137	0.184	0.172	0.151	0.224	0.203	0.230	0.150	0.181	0.202	0.172	0.170	0.138	0.182	0.167	0.143	0.210	0.194	0.206	0.150	0.154	0.204	0.175	0.151	0.137	0.188	0.167	0.138	0.205	0.196	0.188	0.117	0.153	0.202	0.171	0.150	0.138	0.185	0.168	0.140	0.208	0.200	0.185	0.145	0.151	0.200	0.142	0.160
13:00:01	0.136	0.195	0.166	0.137	0.208	0.207	0.211	0.143	0.166	0.204	0.176	0.148	0.137	0.194	0.166	0.140	0.214	0.203	0.180	0.142	0.158	0.207	0.173	0.155	0.136	0.177	0.179	0.126	0.213	0.211	0.194	0.159	0.159	0.202	0.174	0.148	0.138	0.175	0.175	0.151	0.218	0.215	0.207	0.181	0.157	0.208	0.180	0.154	0.138	0.182	0.173	0.152	0.228	0.208	0.241	0.155	0.186	0.204	0.173	0.170	0.139	0.183	0.168	0.143	0.212	0.202	0.261	0.151	0.159	0.210	0.176	0.153	0.138	0.188	0.171	0.138	0.207	0.200	0.188	0.117	0.157	0.205	0.172	0.150	0.139	0.186	0.168	0.140	0.212	0.204	0.185	0.147	0.154	0.204	0.143	0.160
13:20:01	0.137	0.192	0.169	0.138	0.210	0.212	0.203	0.143	0.169	0.209	0.178	0.149	0.138	0.197	0.168	0.141	0.218	0.206	0.180	0.142	0.162	0.211	0.173	0.156	0.137	0.188	0.183	0.126	0.216	0.214	0.196	0.160	0.162	0.206	0.174	0.150	0.139	0.191	0.180	0.152	0.221	0.217	0.208	0.182	0.160	0.211	0.181	0.153	0.139	0.187	0.175	0.153	0.232	0.213	0.240	0.155	0.186	0.206	0.173	0.171	0.140	0.190	0.169	0.143	0.215	0.208	0.265	0.150	0.164	0.213	0.175	0.152	0.139	0.193	0.169	0.139	0.209	0.202	0.190	0.118	0.160	0.209	0.172	0.151	0.140	0.190	0.170	0.140	0.216	0.208	0.191	0.147	0.158	0.208	0.145	0.162
13:40:01	0.138	0.201	0.169	0.138	0.212	0.216	0.224	0.144	0.173	0.213	0.178	0.150	0.139	0.204	0.167	0.141	0.221	0.208	0.187	0.143	0.167	0.215	0.175	0.157	0.138	0.199	0.183	0.127	0.218	0.217	0.195	0.160	0.166	0.210	0.175	0.150	0.140	0.202	0.181	0.152	0.224	0.218	0.207	0.183	0.164	0.215	0.182	0.155	0.140	0.193	0.176	0.154	0.236	0.218	0.247	0.158	0.189	0.209	0.174	0.172	0.141	0.197	0.170	0.144	0.217	0.212	0.268	0.152	0.168	0.217	0.177	0.154	0.140	0.198	0.169	0.140	0.211	0.205	0.189	0.118	0.164	0.213	0.172	0.151	0.141	0.196	0.170	0.141	0.220	0.212	0.204	0.147	0.161	0.212	0.143	0.163
14:00:01	0.139	0.215	0.171	0.139	0.214	0.221	0.196	0.144	0.177	0.217	0.180	0.151	0.140	0.216	0.169	0.141	0.226	0.211	0.180	0.143	0.171	0.220	0.176	0.158	0.139	0.212	0.185	0.128	0.220	0.220	0.196	0.162	0.171	0.214	0.175	0.151	0.141	0.216	0.184	0.152	0.228	0.220	0.209	0.183	0.169	0.219	0.183	0.156	0.141	0.202	0.177	0.154	0.240	0.222	0.250	0.163	0.192	0.211	0.175	0.175	0.142	0.209	0.171	0.144	0.220	0.216	0.271	0.153	0.172	0.220	0.179	0.156	0.141	0.209	0.173	0.140	0.214	0.208	0.190	0.119	0.168	0.217	0.173	0.153	0.142	0.209	0.171	0.141	0.224	0.216	0.198	0.148	0.166	0.216	0.146	0.162
14:20:01	0.140	0.223	0.172	0.139	0.216	0.225	0.203	0.145	0.181	0.222	0.182	0.150	0.141	0.228	0.170	0.142	0.230	0.213	0.182	0.144	0.176	0.224	0.178	0.160	0.140	0.223	0.188	0.129	0.222	0.222	0.198	0.162	0.176	0.218	0.176	0.153	0.142	0.229	0.184	0.153	0.231	0.223	0.209	0.186	0.173	0.223	0.184	0.156	0.142	0.215	0.178	0.155	0.245	0.226	0.249	0.164	0.194	0.213	0.176	0.176	0.143	0.222	0.171	0.145	0.222	0.217	0.274	0.155	0.177	0.224	0.179	0.157	0.142	0.221	0.173	0.141	0.216	0.210	0.194	0.120	0.172	0.220	0.174	0.152	0.143	0.226	0.175	0.141	0.229	0.221	0.193	0.149	0.170	0.220	0.147	0.164
14:40:01	0.140	0.242	0.173	0.140	0.218	0.228	0.200	0.146	0.184	0.226	0.183	0.151	0.142	0.240	0.173	0.142	0.233	0.215	0.197	0.144	0.180	0.227	0.177	0.161	0.141	0.231	0.187	0.130	0.224	0.224	0.199	0.163	0.180	0.222	0.177	0.153	0.142	0.237	0.185	0.154	0.234	0.226	0.212	0.185	0.176	0.227	0.184	0.157	0.142	0.223	0.181	0.156	0.249	0.232	0.242	0.167	0.197	0.215	0.176	0.176	0.144	0.230	0.174	0.145	0.224	0.219	0.268	0.155	0.181	0.227	0.179	0.158	0.143	0.223	0.174	0.141	0.218	0.213	0.209	0.120	0.176	0.224	0.175	0.153	0.143	0.244	0.177	0.141	0.233	0.225	0.203	0.149	0.174	0.224	0.147	0.164
15:00:01	0.141	0.254	0.174	0.140	0.220	0.233	0.202	0.146	0.188	0.231	0.185	0.151	0.142	0.243	0.175	0.142	0.237	0.217	0.202	0.145	0.185	0.231	0.177	0.162	0.141	0.243	0.187	0.130	0.226	0.226	0.200	0.163	0.185	0.226	0.177	0.154	0.143	0.246	0.189	0.154	0.237	0.230	0.212	0.186	0.180	0.231	0.185	0.158	0.143	0.230	0.185	0.156	0.253	0.237	0.257	0.168	0.199	0.217	0.177	0.178	0.145	0.236	0.175	0.146	0.226	0.220	0.279	0.154	0.185	0.231	0.179	0.158	0.143	0.240	0.171	0.141	0.220	0.215	0.215	0.120	0.181	0.228	0.174	0.155	0.144	0.241	0.177	0.142	0.237	0.229	0.204	0.151	0.178	0.228	0.148	0.166
15:20:01	0.142	0.262	0.174	0.141	0.223	0.237	0.213	0.147	0.191	0.235	0.184	0.153	0.143	0.254	0.175	0.143	0.241	0.220	0.182	0.145	0.189	0.235	0.180	0.163	0.142	0.254	0.190	0.132	0.228	0.229	0.206	0.165	0.190	0.230	0.178	0.154	0.144	0.259	0.190	0.156	0.240	0.233	0.212	0.192	0.184	0.235	0.186	0.158	0.144	0.239	0.184	0.157	0.257	0.243	0.263	0.170	0.202	0.220	0.178	0.178	0.146	0.246	0.175	0.147	0.229	0.222	0.271	0.158	0.190	0.235	0.178	0.160	0.144	0.245	0.173	0.141	0.223	0.217	0.213	0.121	0.185	0.232	0.175	0.157	0.144	0.245	0.177	0.143	0.241	0.233	0.197	0.151	0.183	0.232	0.150	0.165
15:40:01	0.143	0.266	0.175	0.141	0.225	0.241	0.204	0.147	0.194	0.239	0.184	0.154	0.144	0.263	0.176	0.143	0.245	0.222	0.183	0.146	0.194	0.239	0.181	0.164	0.143	0.265	0.193	0.134	0.230	0.231	0.199	0.166	0.194	0.234	0.178	0.155	0.144	0.262	0.191	0.157	0.243	0.237	0.214	0.191	0.188	0.238	0.187	0.160	0.145	0.248	0.186	0.158	0.262	0.250	0.269	0.171	0.205	0.222	0.179	0.180	0.146	0.252	0.176	0.147	0.231	0.225	0.279	0.160	0.195	0.239	0.180	0.160	0.144	0.251	0.175	0.142	0.225	0.220	0.221	0.121	0.189	0.236	0.176	0.155	0.145	0.250	0.179	0.143	0.245	0.237	0.226	0.152	0.188	0.237	0.148	0.166
16:00:01	0.144	0.267	0.178	0.141	0.227	0.246	0.219	0.147	0.197	0.244	0.184	0.155	0.145	0.268	0.176	0.144	0.250	0.224	0.183	0.146	0.198	0.244	0.180	0.167	0.144	0.274	0.195	0.135	0.233	0.234	0.201	0.167	0.199	0.240	0.179	0.156	0.145	0.269	0.192	0.157	0.245	0.240	0.216	0.195	0.193	0.242	0.188	0.162	0.146	0.256	0.186	0.158	0.266	0.256	0.246	0.174	0.206	0.225	0.180	0.180	0.147	0.256	0.176	0.149	0.233	0.228	0.278	0.161	0.199	0.243	0.181	0.161	0.145	0.255	0.173	0.142	0.227	0.222	0.221	0.120	0.194	0.240	0.176	0.157	0.146	0.253	0.180	0.144	0.249	0.242	0.192	0.151	0.192	0.241	0.149	0.168
16:20:01	0.144	0.267	0.179	0.142	0.229	0.250	0.227	0.148	0.199	0.249	0.184	0.155	0.145	0.268	0.178	0.144	0.253	0.226	0.184	0.147	0.203	0.248	0.182	0.169	0.145	0.279	0.196	0.134	0.234	0.236	0.201	0.166	0.204	0.245	0.180	0.157	0.146	0.277	0.192	0.157	0.246	0.243	0.216	0.191	0.196	0.246	0.189	0.164	0.146	0.264	0.186	0.159	0.269	0.261	0.249	0.174	0.209	0.227	0.181	0.182	0.148	0.262	0.177	0.149	0.235	0.230	0.276	0.160	0.203	0.247	0.180	0.162	0.145	0.260	0.175	0.142	0.229	0.224	0.211	0.120	0.198	0.244	0.177	0.159	0.146	0.258	0.179	0.144	0.253	0.246	0.227	0.151	0.196	0.245	0.149	0.168
16:40:01	0.145	0.271	0.178	0.143	0.231	0.254	0.217	0.149	0.201	0.253	0.186	0.155	0.146	0.267	0.178	0.144	0.257	0.228	0.199	0.147	0.207	0.252	0.181	0.168	0.145	0.281	0.198	0.134	0.236	0.237	0.200	0.168	0.208	0.247	0.180	0.156	0.146	0.287	0.192	0.158	0.248	0.244	0.215	0.194	0.199	0.250	0.189	0.163	0.147	0.273	0.188	0.159	0.272	0.267	0.262	0.178	0.214	0.229	0.180	0.183	0.148	0.271	0.178	0.149	0.238	0.232	0.284	0.162	0.208	0.252	0.181	0.164	0.146	0.267	0.174	0.143	0.231	0.226	0.207	0.123	0.203	0.249	0.177	0.159	0.147	0.264	0.181	0.145	0.256	0.251	0.253	0.153	0.201	0.250	0.151	0.167
17:00:01	0.146	0.275	0.179	0.142	0.233	0.258	0.219	0.149	0.203	0.258	0.186	0.156	0.146	0.270	0.177	0.145	0.260	0.230	0.203	0.148	0.211	0.256	0.181	0.169	0.146	0.285	0.198	0.133	0.238	0.238	0.199	0.168	0.212	0.251	0.181	0.158	0.147	0.296	0.193	0.157	0.251	0.246	0.215	0.196	0.203	0.254	0.189	0.164	0.147	0.282	0.187	0.161	0.275	0.272	0.259	0.177	0.217	0.232	0.182	0.184	0.149	0.278	0.178	0.150	0.239	0.235	0.270	0.163	0.212	0.256	0.212	0.165	0.147	0.274	0.175	0.144	0.232	0.228	0.218	0.122	0.207	0.253	0.177	0.160	0.147	0.269	0.181	0.145	0.260	0.255	0.230	0.153	0.205	0.254	0.152	0.169
17:20:01	0.146	0.279	0.180	0.143	0.235	0.262	0.221	0.150	0.206	0.262	0.189	0.157	0.147	0.276	0.179	0.145	0.264	0.233	0.201	0.148	0.215	0.261	0.185	0.172	0.147	0.289	0.199	0.132	0.240	0.241	0.209	0.167	0.216	0.257	0.182	0.160	0.148	0.301	0.194	0.158	0.252	0.249	0.213	0.197	0.208	0.258	0.190	0.166	0.148	0.289	0.187	0.160	0.278	0.276	0.257	0.173	0.219	0.234	0.182	0.183	0.150	0.282	0.177	0.150	0.241	0.238	0.282	0.162	0.216	0.260	0.212	0.166	0.147	0.278	0.175	0.143	0.234	0.230	0.216	0.122	0.211	0.257	0.179	0.158	0.148	0.273	0.181	0.146	0.263	0.260	0.234	0.152	0.210	0.259	0.152	0.170
17:40:01	0.147	0.285	0.180	0.144	0.238	0.267	0.193	0.151	0.208	0.267	0.191	0.158	0.148	0.281	0.180	0.146	0.268	0.235	0.209	0.148	0.219	0.265	0.182	0.174	0.148	0.294	0.200	0.133	0.243	0.243	0.202	0.169	0.221	0.262	0.182	0.160	0.149	0.306	0.195	0.159	0.254	0.252	0.220	0.199	0.212	0.263	0.191	0.164	0.149	0.297	0.188	0.161	0.282	0.282	0.273	0.178	0.221	0.236	0.181	0.186	0.150	0.289	0.179	0.150	0.243	0.241	0.289	0.163	0.221	0.264	0.196	0.166	0.148	0.286	0.175	0.144	0.236	0.232	0.208	0.122	0.215	0.261	0.179	0.161	0.149	0.280	0.182	0.147	0.266	0.263	0.221	0.152	0.214	0.263	0.152	0.171
18:00:01	0.148	0.290	0.181	0.144	0.240	0.271	0.213	0.151	0.211	0.271	0.190	0.159	0.149	0.287	0.180	0.146	0.271	0.238	0.198	0.149	0.224	0.269	0.183	0.175	0.149	0.298	0.200	0.132	0.244	0.245	0.205	0.170	0.225	0.266	0.182	0.159	0.150	0.307	0.194	0.159	0.255	0.254	0.217	0.200	0.217	0.268	0.191	0.166	0.150	0.303	0.188	0.160	0.284	0.286	0.271	0.172	0.224	0.238	0.183	0.187	0.151	0.295	0.180	0.150	0.245	0.245	0.274	0.162	0.225	0.268	0.206	0.167	0.150	0.293	0.176	0.145	0.237	0.234	0.229	0.122	0.219	0.266	0.180	0.161	0.150	0.286	0.182	0.147	0.269	0.268	0.252	0.152	0.219	0.268	0.155	0.172
18:20:01	0.149	0.295	0.182	0.145	0.242	0.274	0.197	0.152	0.212	0.275	0.191	0.158	0.150	0.292	0.180	0.147	0.274	0.239	0.201	0.149	0.227	0.273	0.184	0.174	0.150	0.303	0.202	0.131	0.246	0.246	0.200	0.169	0.229	0.268	0.182	0.160	0.151	0.310	0.194	0.160	0.258	0.256	0.213	0.198	0.220	0.273	0.192	0.167	0.151	0.312	0.188	0.161	0.286	0.291	0.270	0.175	0.229	0.240	0.183	0.189	0.152	0.307	0.181	0.151	0.247	0.248	0.287	0.164	0.229	0.272	0.197	0.169	0.151	0.303	0.178	0.146	0.240	0.237	0.218	0.126	0.224	0.270	0.180	0.163	0.153	0.296	0.182	0.148	0.273	0.272	0.252	0.154	0.223	0.272	0.153	0.172
18:40:01	0.151	0.297	0.182	0.146	0.243	0.278	0.195	0.151	0.215	0.279	0.193	0.158	0.152	0.294	0.180	0.147	0.276	0.240	0.200	0.149	0.232	0.276	0.184	0.175	0.152	0.306	0.201	0.130	0.248	0.248	0.200	0.169	0.234	0.272	0.188	0.160	0.153	0.311	0.194	0.160	0.260	0.257	0.207	0.196	0.227	0.278	0.191	0.167	0.153	0.319	0.188	0.161	0.289	0.296	0.273	0.173	0.235	0.243	0.185	0.190	0.153	0.314	0.179	0.152	0.248	0.251	0.276	0.162	0.233	0.276	0.195	0.173	0.153	0.309	0.177	0.146	0.241	0.239	0.226	0.126	0.228	0.274	0.180	0.165	0.156	0.302	0.183	0.148	0.277	0.276	0.231	0.153	0.228	0.276	0.155	0.174
19:00:01	0.153	0.301	0.183	0.146	0.245	0.281	0.205	0.152	0.217	0.283	0.192	0.159	0.154	0.299	0.180	0.147	0.278	0.242	0.213	0.150	0.236	0.281	0.185	0.179	0.153	0.310	0.201	0.128	0.249	0.250	0.208	0.169	0.238	0.277	0.182	0.161	0.156	0.314	0.194	0.158	0.260	0.258	0.204	0.196	0.234	0.283	0.193	0.170	0.155	0.325	0.188	0.159	0.291	0.298	0.262	0.170	0.237	0.245	0.184	0.192	0.155	0.318	0.180	0.151	0.249	0.254	0.269	0.164	0.236	0.280	0.196	0.174	0.155	0.311	0.176	0.146	0.243	0.240	0.207	0.123	0.232	0.277	0.180	0.165	0.160	0.304	0.183	0.149	0.279	0.279	0.253	0.153	0.232	0.280	0.155	0.175
19:20:01	0.156	0.306	0.182	0.147	0.247	0.284	0.216	0.152	0.219	0.286	0.192	0.159	0.157	0.303	0.180	0.148	0.281	0.244	0.202	0.150	0.240	0.284	0.185	0.177	0.156	0.316	0.201	0.126	0.251	0.251	0.236	0.168	0.242	0.279	0.182	0.160	0.159	0.319	0.193	0.159	0.264	0.260	0.201	0.195	0.237	0.288	0.192	0.170	0.158	0.334	0.188	0.160	0.293	0.303	0.266	0.170	0.244	0.249	0.185	0.191	0.157	0.328	0.180	0.151	0.252	0.257	0.287	0.166	0.241	0.283	0.205	0.175	0.159	0.321	0.177	0.147	0.245	0.243	0.210	0.126	0.236	0.282	0.181	0.169	0.167	0.315	0.183	0.149	0.282	0.283	0.240	0.154	0.236	0.284	0.156	0.176
19:40:01	0.161	0.311	0.182	0.147	0.248	0.288	0.225	0.153	0.221	0.290	0.192	0.159	0.162	0.308	0.180	0.148	0.284	0.245	0.206	0.150	0.244	0.288	0.185	0.179	0.159	0.320	0.198	0.124	0.253	0.252	0.198	0.168	0.246	0.282	0.182	0.161	0.162	0.323	0.193	0.158	0.266	0.262	0.206	0.191	0.242	0.293	0.192	0.170	0.162	0.342	0.188	0.159	0.295	0.306	0.267	0.165	0.250	0.252	0.185	0.194	0.159	0.334	0.180	0.152	0.254	0.260	0.275	0.164	0.244	0.287	0.194	0.177	0.163	0.328	0.179	0.148	0.247	0.244	0.215	0.126	0.240	0.285	0.183	0.170	0.174	0.320	0.183	0.149	0.285	0.287	0.255	0.154	0.241	0.288	0.155	0.177
20:00:01	0.168	0.316	0.183	0.147	0.250	0.292	0.214	0.153	0.224	0.294	0.194	0.160	0.168	0.312	0.181	0.148	0.287	0.247	0.210	0.149	0.248	0.292	0.187	0.183	0.163	0.326	0.200	0.124	0.255	0.255	0.200	0.170	0.251	0.288	0.182	0.163	0.167	0.328	0.193	0.158	0.269	0.264	0.197	0.195	0.250	0.298	0.193	0.172	0.166	0.346	0.187	0.158	0.297	0.309	0.260	0.164	0.253	0.255	0.185	0.196	0.162	0.339	0.179	0.152	0.255	0.263	0.278	0.164	0.248	0.291	0.184	0.181	0.168	0.330	0.178	0.147	0.248	0.246	0.225	0.124	0.244	0.288	0.181	0.170	0.177	0.321	0.184	0.149	0.288	0.290	0.245	0.154	0.244	0.292	0.156	0.178
20:20:01	0.175	0.320	0.183	0.147	0.252	0.295	0.210	0.153	0.226	0.297	0.195	0.159	0.176	0.316	0.180	0.148	0.289	0.248	0.207	0.148	0.251	0.294	0.186	0.181	0.168	0.330	0.201	0.124	0.257	0.256	0.206	0.169	0.254	0.289	0.182	0.161	0.172	0.332	0.192	0.158	0.274	0.266	0.199	0.193	0.255	0.303	0.193	0.172	0.171	0.356	0.188	0.159	0.299	0.313	0.263	0.164	0.261	0.259	0.187	0.197	0.166	0.347	0.181	0.152	0.259	0.266	0.284	0.165	0.252	0.294	0.185	0.180	0.174	0.338	0.178	0.148	0.250	0.248	0.225	0.126	0.248	0.292	0.183	0.170	0.179	0.330	0.184	0.149	0.290	0.294	0.230	0.156	0.249	0.296	0.156	0.181
20:40:01	0.175	0.326	0.183	0.148	0.254	0.298	0.198	0.153	0.229	0.302	0.194	0.159	0.183	0.322	0.181	0.148	0.292	0.251	0.208	0.150	0.256	0.299	0.188	0.186	0.173	0.334	0.199	0.122	0.260	0.259	0.209	0.169	0.259	0.295	0.183	0.163	0.178	0.338	0.193	0.159	0.277	0.269	0.198	0.189	0.262	0.307	0.193	0.174	0.176	0.359	0.187	0.158	0.302	0.316	0.270	0.162	0.265	0.263	0.187	0.199	0.170	0.351	0.181	0.152	0.259	0.269	0.274	0.164	0.255	0.299	0.215	0.185	0.178	0.341	0.179	0.148	0.251	0.250	0.220	0.125	0.252	0.296	0.183	0.171	0.181	0.334	0.184	0.150	0.293	0.297	0.238	0.154	0.253	0.300	0.157	0.182
21:00:01	0.176	0.333	0.184	0.148	0.255	0.301	0.227	0.153	0.231	0.306	0.194	0.159	0.186	0.327	0.182	0.148	0.295	0.252	0.186	0.150	0.259	0.302	0.185	0.185	0.178	0.338	0.200	0.123	0.261	0.261	0.227	0.170	0.264	0.298	0.184	0.163	0.185	0.342	0.193	0.159	0.281	0.271	0.200	0.194	0.267	0.312	0.195	0.177	0.182	0.364	0.187	0.159	0.304	0.320	0.264	0.163	0.270	0.268	0.186	0.203	0.177	0.355	0.181	0.152	0.262	0.273	0.277	0.167	0.259	0.303	0.183	0.187	0.182	0.346	0.179	0.147	0.253	0.251	0.214	0.124	0.255	0.299	0.182	0.171	0.183	0.340	0.184	0.149	0.295	0.300	0.249	0.154	0.257	0.304	0.158	0.184
21:20:01	0.179	0.342	0.184	0.148	0.257	0.304	0.210	0.153	0.232	0.310	0.194	0.160	0.188	0.330	0.181	0.148	0.296	0.253	0.186	0.148	0.262	0.305	0.185	0.185	0.186	0.342	0.199	0.125	0.264	0.263	0.247	0.170	0.268	0.300	0.183	0.162	0.189	0.344	0.193	0.160	0.286	0.274	0.202	0.192	0.272	0.316	0.194	0.175	0.186	0.369	0.189	0.162	0.308	0.327	0.268	0.166	0.279	0.273	0.188	0.204	0.185	0.361	0.182	0.153	0.268	0.277	0.272	0.169	0.265	0.306	0.186	0.188	0.185	0.353	0.180	0.148	0.255	0.254	0.217	0.127	0.259	0.303	0.184	0.173	0.184	0.348	0.185	0.150	0.297	0.303	0.222	0.156	0.263	0.309	0.158	0.186
21:40:01	0.183	0.352	0.184	0.148	0.258	0.307	0.227	0.153	0.234	0.315	0.196	0.160	0.191	0.339	0.181	0.148	0.299	0.255	0.204	0.149	0.266	0.308	0.186	0.186	0.191	0.349	0.201	0.125	0.266	0.266	0.276	0.171	0.272	0.303	0.183	0.164	0.192	0.353	0.196	0.162	0.291	0.278	0.204	0.198	0.276	0.321	0.205	0.175	0.189	0.376	0.194	0.162	0.311	0.331	0.271	0.168	0.282	0.277	0.186	0.204	0.192	0.367	0.182	0.154	0.271	0.280	0.289	0.168	0.269	0.310	0.187	0.189	0.188	0.359	0.180	0.148	0.257	0.256	0.222	0.128	0.263	0.306	0.183	0.171	0.185	0.354	0.184	0.150	0.299	0.306	0.207	0.154	0.267	0.313	0.159	0.186
22:00:01	0.187	0.355	0.184	0.147	0.260	0.310	0.214	0.153	0.237	0.322	0.196	0.160	0.193	0.342	0.181	0.148	0.301	0.257	0.215	0.149	0.271	0.313	0.189	0.191	0.193	0.351	0.203	0.125	0.268	0.268	0.258	0.171	0.276	0.309	0.183	0.165	0.192	0.355	0.194	0.160	0.291	0.279	0.197	0.198	0.282	0.325	0.210	0.178	0.191	0.379	0.193	0.161	0.314	0.333	0.261	0.167	0.285	0.281	0.188	0.207	0.196	0.369	0.182	0.153	0.271	0.281	0.258	0.169	0.272	0.313	0.189	0.192	0.190	0.358	0.179	0.148	0.258	0.258	0.220	0.125	0.266	0.309	0.183	0.173	0.185	0.353	0.184	0.150	0.301	0.309	0.215	0.155	0.271	0.318	0.159	0.190
22:20:01	0.190	0.360	0.185	0.148	0.262	0.313	0.234	0.153	0.238	0.328	0.195	0.160	0.191	0.347	0.181	0.148	0.303	0.258	0.201	0.151	0.274	0.316	0.189	0.190	0.190	0.355	0.203	0.126	0.269	0.271	0.241	0.172	0.280	0.310	0.185	0.164	0.187	0.360	0.194	0.162	0.296	0.283	0.199	0.195	0.286	0.330	0.194	0.180	0.187	0.386	0.194	0.164	0.319	0.340	0.266	0.172	0.292	0.287	0.188	0.209	0.196	0.376	0.182	0.154	0.276	0.286	0.248	0.172	0.278	0.318	0.187	0.195	0.188	0.366	0.179	0.149	0.260	0.262	0.223	0.128	0.269	0.313	0.184	0.175	0.185	0.360	0.185	0.151	0.304	0.312	0.240	0.155	0.279	0.324	0.160	0.193
22:40:01	0.194	0.366	0.185	0.147	0.263	0.317	0.209	0.153	0.242	0.337	0.198	0.160	0.192	0.353	0.182	0.148	0.306	0.260	0.205	0.149	0.279	0.321	0.190	0.194	0.191	0.359	0.204	0.129	0.272	0.276	0.281	0.173	0.286	0.316	0.184	0.167	0.190	0.364	0.195	0.163	0.300	0.287	0.204	0.198	0.294	0.335	0.196	0.183	0.189	0.390	0.193	0.165	0.324	0.345	0.264	0.177	0.294	0.290	0.189	0.209	0.197	0.374	0.183	0.155	0.277	0.288	0.276	0.172	0.282	0.322	0.190	0.197	0.190	0.370	0.179	0.148	0.261	0.264	0.229	0.126	0.273	0.317	0.184	0.176	0.190	0.360	0.185	0.151	0.305	0.315	0.241	0.154	0.282	0.329	0.160	0.195
23:00:01	0.197	0.372	0.185	0.149	0.265	0.320	0.230	0.154	0.244	0.346	0.196	0.161	0.193	0.356	0.183	0.149	0.308	0.261	0.204	0.151	0.282	0.326	0.190	0.196	0.192	0.365	0.205	0.131	0.273	0.279	0.279	0.176	0.291	0.320	0.190	0.169	0.192	0.368	0.195	0.165	0.304	0.291	0.207	0.201	0.299	0.340	0.196	0.184	0.192	0.397	0.192	0.167	0.329	0.351	0.259	0.176	0.298	0.294	0.190	0.211	0.197	0.377	0.182	0.156	0.279	0.292	0.274	0.174	0.287	0.327	0.188	0.198	0.192	0.375	0.177	0.148	0.263	0.267	0.224	0.125	0.276	0.321	0.185	0.176	0.195	0.366	0.185	0.151	0.307	0.318	0.252	0.156	0.288	0.334	0.160	0.198
23:20:01	0.199	0.377	0.185	0.148	0.266	0.323	0.233	0.154	0.245	0.352	0.198	0.160	0.202	0.360	0.182	0.148	0.309	0.262	0.203	0.149	0.285	0.329	0.190	0.195	0.194	0.370	0.205	0.135	0.275	0.282	0.243	0.176	0.296	0.322	0.194	0.168	0.202	0.372	0.196	0.167	0.309	0.294	0.210	0.204	0.304	0.345	0.195	0.183	0.195	0.404	0.196	0.171	0.335	0.359	0.268	0.184	0.304	0.298	0.190	0.212	0.198	0.381	0.183	0.157	0.283	0.297	0.282	0.177	0.295	0.332	0.190	0.200	0.195	0.384	0.181	0.149	0.265	0.272	0.223	0.129	0.279	0.326	0.184	0.179	0.201	0.373	0.185	0.151	0.310	0.321	0.262	0.158	0.296	0.341	0.160	0.201
23:40:01	0.204	0.385	0.186	0.148	0.269	0.328	0.235	0.154	0.248	0.363	0.198	0.162	0.207	0.366	0.184	0.149	0.314	0.265	0.205	0.150	0.290	0.337	0.191	0.200	0.204	0.376	0.207	0.139	0.279	0.288	0.249	0.178	0.304	0.331	0.194	0.172	0.206	0.380	0.199	0.171	0.316	0.298	0.216	0.210	0.311	0.350	0.197	0.185	0.203	0.409	0.194	0.173	0.340	0.364	0.278	0.188	0.306	0.300	0.190	0.215	0.203	0.385	0.184	0.157	0.282	0.300	0.280	0.176	0.299	0.336	0.188	0.201	0.199	0.386	0.180	0.149	0.265	0.272	0.212	0.127	0.281	0.329	0.184	0.177	0.205	0.377	0.186	0.151	0.311	0.323	0.252	0.155	0.299	0.344	0.162	0.201
24:00:01	0.206	0.384	0.185	0.148	0.269	0.330	0.213	0.154	0.249	0.367	0.201	0.161	0.214	0.370	0.182	0.149	0.315	0.266	0.214	0.149	0.293	0.341	0.191	0.198	0.206	0.378	0.206	0.142	0.279	0.291	0.256	0.178	0.309	0.334	0.195	0.171	0.211	0.383	0.199	0.171	0.316	0.301	0.218	0.208	0.317	0.354	0.196	0.185	0.208	0.414	0.197	0.175	0.344	0.372	0.281	0.191	0.312	0.304	0.191	0.215	0.209	0.391	0.184	0.160	0.284	0.304	0.286	0.182	0.308	0.344	0.189	0.203	0.206	0.389	0.181	0.150	0.267	0.277	0.215	0.129	0.285	0.337	0.187	0.182	0.212	0.381	0.186	0.151	0.314	0.327	0.253	0.157	0.307	0.351	0.162	0.205
24:20:01	0.210	0.387	0.186	0.149	0.270	0.333	0.233	0.154	0.250	0.372	0.197	0.162	0.220	0.372	0.183	0.149	0.318	0.267	0.214	0.150	0.296	0.347	0.190	0.200	0.211	0.381	0.207	0.147	0.281	0.295	0.263	0.180	0.316	0.341	0.194	0.171	0.214	0.388	0.200	0.173	0.318	0.304	0.222	0.209	0.322	0.358	0.196	0.187	0.213	0.418	0.198	0.177	0.348	0.378	0.283	0.194	0.315	0.307	0.191	0.215	0.211	0.396	0.185	0.161	0.284	0.306	0.284	0.184	0.316	0.352	0.187	0.203	0.212	0.393	0.180	0.150	0.268	0.279	0.222	0.130	0.288	0.342	0.187	0.182	0.219	0.382	0.187	0.151	0.316	0.329	0.243	0.156	0.311	0.356	0.163	0.207
24:40:01	0.214	0.395	0.186	0.148	0.272	0.339	0.227	0.154	0.252	0.378	0.198	0.161	0.224	0.380	0.184	0.149	0.322	0.270	0.207	0.150	0.300	0.354	0.190	0.202	0.216	0.388	0.207	0.145	0.285	0.299	0.290	0.181	0.323	0.348	0.193	0.172	0.220	0.393	0.199	0.174	0.321	0.307	0.224	0.215	0.325	0.363	0.197	0.188	0.219	0.424	0.197	0.178	0.349	0.381	0.282	0.198	0.318	0.309	0.191	0.218	0.217	0.398	0.185	0.161	0.284	0.309	0.297	0.183	0.320	0.358	0.190	0.205	0.216	0.395	0.181	0.150	0.269	0.280	0.223	0.130	0.291	0.346	0.187	0.182	0.224	0.386	0.186	0.152	0.319	0.332	0.227	0.158	0.316	0.359	0.164	0.207
25:00:01	0.221	0.394	0.182	0.148	0.273	0.341	0.215	0.154	0.253	0.383	0.198	0.162	0.226	0.382	0.183	0.149	0.324	0.270	0.212	0.150	0.303	0.359	0.191	0.203	0.220	0.389	0.207	0.144	0.288	0.302	0.257	0.180	0.329	0.355	0.197	0.173	0.223	0.395	0.200	0.173	0.317	0.308	0.223	0.210	0.327	0.367	0.197	0.187	0.224	0.427	0.198	0.177	0.350	0.384	0.277	0.193	0.320	0.311	0.192	0.218	0.223	0.403	0.185	0.161	0.283	0.310	0.291	0.185	0.327	0.365	0.199	0.206	0.221	0.398	0.179	0.150	0.271	0.283	0.232	0.129	0.294	0.353	0.186	0.186	0.227	0.389	0.187	0.151	0.324	0.336	0.225	0.156	0.321	0.364	0.164	0.211
25:20:01	0.227	0.398	0.183	0.148	0.274	0.346	0.219	0.154	0.255	0.389	0.200	0.163	0.232	0.386	0.183	0.149	0.329	0.272	0.208	0.150	0.307	0.365	0.190	0.205	0.226	0.392	0.207	0.143	0.295	0.306	0.284	0.180	0.334	0.362	0.191	0.173	0.228	0.397	0.199	0.172	0.319	0.310	0.222	0.208	0.330	0.371	0.197	0.191	0.228	0.430	0.196	0.178	0.352	0.387	0.282	0.194	0.322	0.313	0.193	0.222	0.227	0.407	0.185	0.161	0.284	0.312	0.286	0.184	0.332	0.371	0.194	0.208	0.226	0.400	0.181	0.150	0.272	0.286	0.217	0.136	0.298	0.359	0.186	0.187	0.231	0.392	0.187	0.152	0.327	0.339	0.237	0.158	0.326	0.367	0.165	0.213
25:40:01	0.231	0.400	0.183	0.148	0.275	0.350	0.217	0.154	0.257	0.394	0.200	0.162	0.235	0.385	0.183	0.149	0.334	0.273	0.213	0.149	0.311	0.370	0.192	0.205	0.230	0.395	0.206	0.145	0.302	0.310	0.254	0.180	0.339	0.368	0.195	0.175	0.231	0.402	0.200	0.173	0.324	0.312	0.223	0.212	0.333	0.374	0.198	0.192	0.232	0.433	0.196	0.178	0.355	0.391	0.282	0.198	0.324	0.315	0.192	0.223	0.232	0.414	0.185	0.162	0.287	0.315	0.288	0.188	0.336	0.376	0.191	0.209	0.230	0.402	0.183	0.149	0.274	0.288	0.226	0.131	0.302	0.365	0.186	0.189	0.234	0.393	0.186	0.151	0.330	0.342	0.238	0.157	0.329	0.371	0.167	0.216
26:00:01	0.235	0.403	0.186	0.149	0.276	0.354	0.218	0.154	0.258	0.400	0.201	0.163	0.240	0.389	0.183	0.149	0.340	0.275	0.209	0.150	0.315	0.376	0.190	0.207	0.234	0.398	0.208	0.144	0.308	0.313	0.242	0.181	0.343	0.374	0.196	0.176	0.233	0.405	0.200	0.174	0.326	0.314	0.224	0.211	0.335	0.378	0.198	0.191	0.235	0.434	0.196	0.178	0.357	0.392	0.280	0.199	0.326	0.316	0.193	0.222	0.236	0.417	0.185	0.162	0.287	0.316	0.283	0.186	0.340	0.381	0.191	0.210	0.234	0.404	0.180	0.149	0.275	0.290	0.225	0.132	0.306	0.369	0.187	0.188	0.237	0.397	0.187	0.151	0.333	0.345	0.261	0.158	0.332	0.375	0.167	0.218
26:20:01	0.240	0.406	0.187	0.148	0.278	0.360	0.215	0.154	0.262	0.405	0.200	0.165	0.243	0.390	0.184	0.149	0.345	0.278	0.203	0.150	0.322	0.382	0.193	0.209	0.235	0.401	0.209	0.144	0.314	0.317	0.283	0.183	0.348	0.382	0.191	0.180	0.234	0.406	0.201	0.173	0.328	0.316	0.223	0.213	0.337	0.380	0.200	0.195	0.237	0.436	0.196	0.177	0.359	0.392	0.281	0.196	0.327	0.317	0.194	0.226	0.239	0.418	0.185	0.162	0.286	0.316	0.274	0.185	0.341	0.384	0.192	0.212	0.238	0.407	0.180	0.149	0.276	0.290	0.226	0.125	0.309	0.372	0.188	0.190	0.240	0.395	0.188	0.151	0.334	0.346	0.253	0.158	0.333	0.378	0.166	0.220
26:40:01	0.243	0.410	0.187	0.148	0.279	0.365	0.241	0.154	0.263	0.409	0.201	0.163	0.249	0.394	0.183	0.148	0.348	0.278	0.206	0.150	0.325	0.386	0.191	0.209	0.235	0.405	0.208	0.143	0.317	0.320	0.239	0.182	0.349	0.386	0.193	0.178	0.234	0.412	0.201	0.174	0.328	0.318	0.222	0.211	0.339	0.385	0.199	0.194	0.239	0.439	0.199	0.179	0.361	0.395	0.275	0.198	0.330	0.320	0.194	0.225	0.242	0.419	0.186	0.162	0.289	0.320	0.293	0.185	0.346	0.388	0.191	0.214	0.241	0.413	0.182	0.150	0.278	0.294	0.223	0.127	0.317	0.378	0.188	0.193	0.244	0.404	0.188	0.151	0.341	0.352	0.255	0.159	0.340	0.383	0.168	0.222
27:00:02	0.248	0.414	0.187	0.148	0.281	0.371	0.226	0.155	0.266	0.414	0.203	0.164	0.249	0.396	0.184	0.149	0.351	0.281	0.206	0.150	0.331	0.391	0.194	0.210	0.236	0.409	0.209	0.141	0.322	0.322	0.230	0.182	0.352	0.391	0.195	0.179	0.234	0.413	0.200	0.173	0.328	0.319	0.220	0.211	0.340	0.388	0.199	0.196	0.242	0.444	0.197	0.179	0.362	0.397	0.278	0.198	0.332	0.321	0.195	0.227	0.245	0.424	0.186	0.162	0.290	0.322	0.285	0.189	0.348	0.390	0.193	0.215	0.244	0.418	0.183	0.149	0.279	0.296	0.224	0.129	0.323	0.382	0.188	0.195	0.247	0.409	0.187	0.151	0.344	0.356	0.264	0.159	0.343	0.387	0.168	0.222
27:20:02	0.253	0.419	0.187	0.148	0.282	0.377	0.215	0.154	0.270	0.418	0.206	0.164	0.254	0.403	0.184	0.149	0.353	0.284	0.205	0.149	0.336	0.396	0.193	0.210	0.239	0.413	0.209	0.144	0.326	0.326	0.266	0.184	0.357	0.395	0.197	0.179	0.238	0.417	0.201	0.175	0.327	0.322	0.222	0.217	0.345	0.391	0.200	0.196	0.244	0.446	0.197	0.181	0.366	0.403	0.282	0.201	0.334	0.323	0.195	0.228	0.247	0.427	0.186	0.164	0.293	0.324	0.289	0.190	0.351	0.394	0.195	0.215	0.245	0.421	0.184	0.150	0.281	0.298	0.213	0.128	0.329	0.385	0.189	0.196	0.249	0.414	0.189	0.151	0.347	0.360	0.250	0.158	0.347	0.392	0.171	0.223
27:40:02	0.255	0.424	0.188	0.148	0.284	0.383	0.239	0.154	0.274	0.423	0.203	0.165	0.256	0.406	0.184	0.149	0.356	0.286	0.203	0.150	0.342	0.399	0.194	0.212	0.245	0.417	0.211	0.148	0.331	0.330	0.285	0.185	0.360	0.399	0.201	0.181	0.247	0.420	0.203	0.176	0.334	0.324	0.225	0.217	0.348	0.394	0.200	0.197	0.248	0.448	0.198	0.181	0.370	0.407	0.283	0.204	0.336	0.325	0.196	0.229	0.251	0.431	0.187	0.165	0.295	0.327	0.299	0.192	0.354	0.397	0.195	0.217	0.247	0.423	0.184	0.150	0.282	0.300	0.218	0.138	0.335	0.388	0.190	0.199	0.252	0.418	0.188	0.151	0.349	0.364	0.260	0.158	0.351	0.396	0.172	0.224
28:00:02	0.256	0.430	0.189	0.148	0.288	0.392	0.224	0.154	0.282	0.429	0.204	0.169	0.259	0.414	0.186	0.149	0.359	0.294	0.217	0.151	0.351	0.405	0.196	0.214	0.247	0.423	0.212	0.152	0.337	0.334	0.250	0.189	0.365	0.406	0.189	0.186	0.251	0.426	0.205	0.179	0.341	0.328	0.230	0.220	0.352	0.396	0.203	0.202	0.251	0.453	0.198	0.183	0.373	0.411	0.284	0.206	0.338	0.327	0.196	0.231	0.252	0.435	0.187	0.166	0.296	0.328	0.293	0.192	0.354	0.398	0.194	0.216	0.249	0.425	0.183	0.149	0.282	0.299	0.227	0.131	0.336	0.389	0.188	0.198	0.254	0.419	0.189	0.151	0.349	0.364	0.244	0.159	0.354	0.399	0.173	0.227
28:20:02	0.258	0.431	0.189	0.149	0.287	0.394	0.223	0.155	0.285	0.433	0.203	0.168	0.260	0.414	0.185	0.149	0.360	0.293	0.204	0.150	0.354	0.408	0.196	0.215	0.255	0.422	0.211	0.157	0.338	0.336	0.285	0.190	0.367	0.409	0.190	0.187	0.254	0.425	0.205	0.179	0.341	0.331	0.234	0.221	0.356	0.399	0.203	0.201	0.252	0.452	0.198	0.185	0.376	0.416	0.284	0.206	0.340	0.329	0.196	0.229	0.255	0.436	0.187	0.167	0.298	0.330	0.291	0.195	0.357	0.399	0.196	0.218	0.251	0.426	0.182	0.150	0.284	0.300	0.224	0.127	0.344	0.392	0.189	0.200	0.255	0.420	0.188	0.151	0.350	0.367	0.246	0.159	0.356	0.404	0.172	0.227
28:40:02	0.261	0.438	0.190	0.149	0.289	0.398	0.238	0.154	0.286	0.437	0.205	0.169	0.265	0.418	0.185	0.149	0.363	0.295	0.209	0.150	0.358	0.410	0.196	0.213	0.262	0.427	0.213	0.159	0.341	0.337	0.253	0.190	0.369	0.411	0.190	0.186	0.263	0.427	0.206	0.180	0.343	0.334	0.237	0.223	0.360	0.403	0.201	0.202	0.256	0.455	0.202	0.187	0.379	0.421	0.285	0.213	0.343	0.332	0.197	0.232	0.260	0.440	0.189	0.170	0.301	0.334	0.276	0.199	0.360	0.403	0.197	0.220	0.253	0.431	0.184	0.150	0.286	0.303	0.226	0.132	0.352	0.397	0.189	0.203	0.259	0.428	0.189	0.151	0.352	0.373	0.256	0.161	0.362	0.410	0.177	0.227
29:00:02	0.262	0.442	0.189	0.148	0.291	0.403	0.228	0.154	0.292	0.442	0.206	0.172	0.275	0.423	0.185	0.149	0.364	0.297	0.209	0.150	0.363	0.414	0.198	0.216	0.266	0.429	0.213	0.161	0.343	0.340	0.278	0.191	0.372	0.416	0.190	0.191	0.264	0.431	0.206	0.181	0.342	0.336	0.241	0.225	0.361	0.405	0.204	0.203	0.257	0.455	0.199	0.185	0.380	0.422	0.280	0.219	0.344	0.333	0.198	0.232	0.262	0.438	0.188	0.169	0.300	0.334	0.299	0.198	0.360	0.401	0.195	0.219	0.254	0.432	0.185	0.150	0.286	0.303	0.216	0.128	0.353	0.397	0.189	0.203	0.259	0.427	0.190	0.151	0.352	0.373	0.241	0.160	0.363	0.412	0.176	0.228
29:20:02	0.264	0.446	0.189	0.149	0.292	0.407	0.241	0.155	0.292	0.445	0.207	0.170	0.277	0.425	0.185	0.149	0.367	0.299	0.204	0.150	0.366	0.417	0.196	0.214	0.273	0.431	0.214	0.162	0.344	0.342	0.252	0.191	0.374	0.418	0.189	0.188	0.274	0.435	0.206	0.182	0.343	0.338	0.244	0.225	0.363	0.409	0.203	0.202	0.261	0.460	0.202	0.188	0.381	0.426	0.280	0.222	0.346	0.335	0.199	0.233	0.268	0.443	0.189	0.170	0.303	0.337	0.276	0.200	0.363	0.405	0.194	0.221	0.257	0.437	0.184	0.150	0.290	0.306	0.227	0.131	0.360	0.401	0.189	0.206	0.263	0.433	0.190	0.152	0.355	0.380	0.263	0.161	0.368	0.418	0.180	0.229
29:40:02	0.266	0.451	0.190	0.149	0.294	0.411	0.215	0.155	0.296	0.450	0.207	0.172	0.280	0.427	0.185	0.149	0.370	0.300	0.209	0.150	0.370	0.421	0.197	0.215	0.279	0.434	0.214	0.162	0.345	0.345	0.250	0.191	0.378	0.421	0.190	0.190	0.280	0.440	0.207	0.182	0.345	0.341	0.247	0.223	0.365	0.412	0.203	0.204	0.264	0.461	0.202	0.189	0.383	0.429	0.286	0.224	0.348	0.337	0.199	0.235	0.271	0.444	0.189	0.171	0.303	0.339	0.276	0.201	0.363	0.407	0.196	0.222	0.259	0.440	0.185	0.151	0.293	0.309	0.231	0.132	0.364	0.405	0.189	0.208	0.265	0.438	0.189	0.151	0.356	0.384	0.248	0.162	0.371	0.422	0.182	0.230
30:00:02	0.268	0.454	0.190	0.149	0.296	0.416	0.230	0.154	0.300	0.454	0.207	0.173	0.283	0.431	0.185	0.149	0.372	0.302	0.211	0.150	0.373	0.424	0.197	0.216	0.285	0.437	0.214	0.162	0.347	0.347	0.264	0.191	0.380	0.424	0.191	0.191	0.287	0.444	0.207	0.182	0.347	0.342	0.248	0.226	0.365	0.415	0.203	0.205	0.267	0.463	0.201	0.188	0.385	0.431	0.283	0.227	0.349	0.338	0.200	0.235	0.275	0.447	0.189	0.171	0.305	0.342	0.308	0.201	0.364	0.409	0.196	0.222	0.261	0.442	0.185	0.151	0.297	0.310	0.230	0.132	0.367	0.407	0.189	0.208	0.268	0.441	0.190	0.152	0.357	0.389	0.259	0.163	0.373	0.426	0.182	0.230
30:20:02	0.269	0.459	0.190	0.149	0.297	0.419	0.213	0.155	0.304	0.457	0.209	0.174	0.287	0.433	0.185	0.149	0.374	0.304	0.216	0.149	0.376	0.427	0.198	0.216	0.288	0.440	0.214	0.162	0.347	0.349	0.267	0.192	0.383	0.427	0.190	0.193	0.290	0.446	0.207	0.182	0.347	0.345	0.249	0.224	0.366	0.417	0.204	0.207	0.269	0.464	0.200	0.189	0.386	0.434	0.286	0.227	0.350	0.339	0.200	0.236	0.278	0.450	0.190	0.171	0.307	0.343	0.307	0.203	0.365	0.411	0.199	0.224	0.263	0.443	0.186	0.151	0.301	0.312	0.231	0.133	0.370	0.410	0.192	0.210	0.270	0.444	0.190	0.151	0.358	0.392	0.267	0.162	0.375	0.429	0.184	0.231
30:40:02	0.271	0.464	0.190	0.149	0.303	0.425	0.212	0.156	0.314	0.462	0.210	0.180	0.290	0.441	0.187	0.150	0.375	0.313	0.216	0.151	0.380	0.431	0.201	0.219	0.291	0.446	0.216	0.163	0.351	0.353	0.296	0.195	0.386	0.433	0.190	0.198	0.294	0.452	0.208	0.183	0.352	0.347	0.252	0.229	0.368	0.419	0.207	0.208	0.271	0.467	0.203	0.190	0.388	0.435	0.283	0.229	0.350	0.340	0.200	0.237	0.278	0.454	0.190	0.171	0.307	0.344	0.299	0.200	0.365	0.411	0.198	0.223	0.263	0.441	0.186	0.150	0.303	0.311	0.223	0.129	0.369	0.410	0.191	0.209	0.270	0.446	0.191	0.151	0.357	0.391	0.247	0.161	0.376	0.431	0.185	0.233
31:00:02	0.272	0.465	0.190	0.149	0.300	0.427	0.247	0.155	0.311	0.466	0.209	0.176	0.295	0.440	0.186	0.149	0.378	0.309	0.207	0.150	0.382	0.434	0.199	0.218	0.296	0.445	0.215	0.165	0.348	0.353	0.270	0.193	0.388	0.433	0.190	0.196	0.298	0.452	0.209	0.184	0.351	0.349	0.252	0.228	0.370	0.423	0.205	0.208	0.276	0.466	0.204	0.191	0.391	0.440	0.287	0.230	0.353	0.342	0.201	0.237	0.284	0.455	0.190	0.173	0.310	0.346	0.306	0.204	0.368	0.416	0.200	0.224	0.266	0.444	0.184	0.151	0.309	0.315	0.216	0.134	0.374	0.415	0.192	0.212	0.276	0.449	0.190	0.152	0.359	0.398	0.260	0.161	0.379	0.437	0.187	0.234
31:20:02	0.274	0.469	0.190	0.149	0.301	0.430	0.240	0.155	0.313	0.469	0.209	0.177	0.301	0.442	0.186	0.149	0.379	0.311	0.212	0.150	0.384	0.437	0.200	0.218	0.301	0.447	0.216	0.163	0.349	0.355	0.276	0.193	0.390	0.437	0.192	0.197	0.302	0.454	0.208	0.183	0.352	0.350	0.253	0.228	0.371	0.425	0.205	0.208	0.279	0.468	0.203	0.190	0.391	0.441	0.283	0.230	0.353	0.344	0.202	0.238	0.287	0.458	0.190	0.173	0.311	0.348	0.307	0.205	0.368	0.417	0.200	0.225	0.268	0.446	0.185	0.151	0.311	0.317	0.232	0.136	0.376	0.417	0.190	0.214	0.279	0.451	0.191	0.152	0.359	0.402	0.264	0.163	0.382	0.441	0.190	0.235
31:40:02	0.279	0.471	0.191	0.149	0.301	0.433	0.225	0.154	0.315	0.473	0.211	0.178	0.311	0.446	0.186	0.149	0.380	0.314	0.204	0.150	0.386	0.439	0.200	0.218	0.302	0.449	0.216	0.165	0.349	0.357	0.247	0.194	0.392	0.440	0.192	0.198	0.304	0.455	0.210	0.184	0.354	0.352	0.254	0.226	0.372	0.428	0.206	0.211	0.281	0.469	0.202	0.191	0.394	0.444	0.288	0.233	0.355	0.345	0.202	0.238	0.288	0.459	0.190	0.173	0.313	0.350	0.285	0.205	0.369	0.419	0.201	0.227	0.270	0.453	0.185	0.151	0.311	0.319	0.230	0.135	0.377	0.420	0.192	0.215	0.281	0.453	0.191	0.152	0.360	0.404	0.248	0.164	0.382	0.444	0.192	0.235
32:00:02	0.280	0.475	0.191	0.149	0.303	0.437	0.237	0.155	0.317	0.477	0.211	0.179	0.321	0.446	0.186	0.149	0.381	0.314	0.207	0.150	0.389	0.442	0.201	0.220	0.304	0.450	0.215	0.161	0.349	0.357	0.257	0.192	0.393	0.442	0.193	0.199	0.306	0.458	0.208	0.183	0.355	0.354	0.254	0.226	0.369	0.429	0.206	0.211	0.283	0.469	0.201	0.190	0.393	0.444	0.286	0.232	0.354	0.346	0.203	0.239	0.291	0.462	0.190	0.171	0.313	0.349	0.276	0.204	0.367	0.422	0.200	0.227	0.272	0.453	0.186	0.151	0.310	0.320	0.223	0.138	0.378	0.422	0.190	0.216	0.283	0.457	0.191	0.152	0.361	0.407	0.220	0.164	0.384	0.448	0.192	0.237
32:20:02	0.280	0.480	0.191	0.149	0.304	0.440	0.222	0.155	0.319	0.480	0.212	0.179	0.325	0.451	0.187	0.149	0.383	0.317	0.213	0.149	0.391	0.444	0.201	0.219	0.308	0.451	0.215	0.156	0.349	0.358	0.261	0.191	0.394	0.445	0.200	0.200	0.309	0.459	0.207	0.181	0.356	0.354	0.252	0.224	0.366	0.430	0.206	0.212	0.285	0.471	0.200	0.187	0.393	0.443	0.283	0.231	0.354	0.346	0.204	0.241	0.293	0.462	0.190	0.170	0.314	0.350	0.255	0.202	0.366	0.424	0.201	0.228	0.274	0.457	0.187	0.151	0.310	0.321	0.234	0.141	0.379	0.424	0.192	0.216	0.286	0.461	0.192	0.151	0.361	0.410	0.240	0.163	0.386	0.451	0.194	0.237
32:40:02	0.282	0.484	0.192	0.149	0.306	0.443	0.237	0.155	0.322	0.484	0.212	0.180	0.323	0.457	0.186	0.149	0.384	0.318	0.214	0.150	0.393	0.447	0.202	0.220	0.313	0.454	0.214	0.149	0.349	0.359	0.285	0.189	0.396	0.448	0.201	0.202	0.313	0.462	0.206	0.179	0.357	0.354	0.248	0.223	0.365	0.431	0.206	0.212	0.288	0.472	0.198	0.186	0.392	0.441	0.279	0.222	0.354	0.348	0.203	0.240	0.297	0.465	0.190	0.169	0.314	0.350	0.230	0.200	0.365	0.426	0.202	0.229	0.276	0.459	0.187	0.151	0.310	0.323	0.223	0.136	0.380	0.427	0.193	0.218	0.291	0.464	0.192	0.151	0.363	0.415	0.252	0.164	0.387	0.455	0.197	0.238
33:00:02	0.285	0.488	0.191	0.149	0.310	0.446	0.225	0.154	0.327	0.488	0.212	0.181	0.325	0.460	0.186	0.149	0.386	0.320	0.216	0.150	0.395	0.450	0.202	0.220	0.319	0.458	0.214	0.149	0.351	0.361	0.273	0.190	0.397	0.451	0.198	0.202	0.312	0.465	0.206	0.178	0.357	0.354	0.243	0.223	0.366	0.433	0.207	0.211	0.291	0.473	0.199	0.186	0.393	0.443	0.282	0.219	0.355	0.350	0.205	0.240	0.301	0.465	0.190	0.169	0.316	0.350	0.230	0.200	0.366	0.428	0.203	0.229	0.279	0.461	0.187	0.151	0.311	0.325	0.236	0.142	0.382	0.430	0.192	0.218	0.296	0.467	0.192	0.152	0.364	0.419	0.232	0.165	0.390	0.458	0.197	0.237
33:20:02	0.288	0.493	0.193	0.149	0.314	0.449	0.221	0.155	0.331	0.493	0.213	0.182	0.327	0.464	0.187	0.149	0.388	0.323	0.212	0.150	0.397	0.452	0.202	0.220	0.322	0.461	0.214	0.151	0.352	0.362	0.261	0.192	0.399	0.453	0.198	0.203	0.317	0.469	0.207	0.181	0.359	0.356	0.238	0.222	0.369	0.436	0.207	0.212	0.295	0.476	0.202	0.186	0.394	0.447	0.283	0.213	0.357	0.352	0.205	0.243	0.304	0.469	0.191	0.171	0.320	0.353	0.235	0.202	0.369	0.430	0.204	0.229	0.281	0.465	0.187	0.151	0.313	0.327	0.232	0.141	0.384	0.433	0.193	0.220	0.301	0.470	0.191	0.152	0.366	0.422	0.248	0.163	0.394	0.463	0.200	0.237
33:40:02	0.292	0.496	0.193	0.149	0.317	0.452	0.251	0.155	0.336	0.498	0.214	0.183	0.329	0.469	0.187	0.149	0.389	0.324	0.214	0.150	0.398	0.454	0.203	0.220	0.330	0.462	0.216	0.153	0.354	0.364	0.280	0.193	0.401	0.455	0.200	0.204	0.319	0.471	0.208	0.181	0.362	0.357	0.237	0.222	0.371	0.438	0.208	0.212	0.300	0.480	0.202	0.189	0.397	0.450	0.287	0.214	0.359	0.354	0.205	0.241	0.307	0.469	0.191	0.172	0.324	0.355	0.234	0.204	0.371	0.431	0.203	0.229	0.285	0.467	0.186	0.151	0.314	0.329	0.226	0.141	0.384	0.435	0.193	0.221	0.307	0.474	0.192	0.152	0.367	0.427	0.265	0.167	0.395	0.467	0.201	0.236
34:00:02	0.296	0.498	0.192	0.149	0.321	0.455	0.235	0.154	0.341	0.502	0.216	0.185	0.330	0.472	0.187	0.149	0.390	0.328	0.208	0.149	0.400	0.457	0.203	0.221	0.335	0.465	0.217	0.155	0.356	0.366	0.281	0.193	0.402	0.457	0.197	0.205	0.320	0.474	0.209	0.182	0.364	0.360	0.237	0.225	0.373	0.440	0.208	0.214	0.304	0.483	0.200	0.189	0.398	0.453	0.287	0.219	0.360	0.356	0.206	0.243	0.309	0.468	0.191	0.172	0.327	0.356	0.236	0.206	0.372	0.433	0.203	0.229	0.289	0.470	0.188	0.151	0.315	0.331	0.227	0.142	0.385	0.438	0.193	0.220	0.313	0.478	0.193	0.152	0.368	0.431	0.259	0.168	0.397	0.471	0.202	0.235
34:20:02	0.299	0.500	0.192	0.149	0.325	0.458	0.232	0.155	0.345	0.507	0.216	0.187	0.333	0.474	0.187	0.149	0.390	0.331	0.203	0.150	0.402	0.459	0.204	0.221	0.336	0.469	0.218	0.160	0.358	0.368	0.279	0.195	0.404	0.459	0.198	0.206	0.320	0.478	0.210	0.184	0.368	0.362	0.239	0.223	0.376	0.442	0.209	0.215	0.308	0.489	0.204	0.191	0.400	0.457	0.289	0.222	0.361	0.358	0.207	0.242	0.312	0.469	0.191	0.174	0.330	0.359	0.235	0.206	0.374	0.434	0.206	0.230	0.293	0.472	0.188	0.151	0.317	0.333	0.228	0.141	0.386	0.440	0.193	0.221	0.319	0.478	0.193	0.152	0.370	0.436	0.253	0.169	0.400	0.475	0.204	0.236
34:40:02	0.304	0.504	0.194	0.149	0.328	0.461	0.235	0.155	0.349	0.511	0.218	0.188	0.335	0.479	0.188	0.149	0.391	0.332	0.204	0.150	0.404	0.461	0.205	0.222	0.343	0.473	0.218	0.162	0.360	0.370	0.255	0.197	0.405	0.461	0.193	0.207	0.325	0.481	0.211	0.185	0.368	0.364	0.242	0.227	0.378	0.444	0.209	0.214	0.311	0.488	0.204	0.194	0.402	0.460	0.289	0.226	0.363	0.359	0.208	0.242	0.315	0.471	0.191	0.175	0.334	0.361	0.239	0.209	0.376	0.436	0.205	0.230	0.296	0.474	0.188	0.152	0.318	0.335	0.226	0.144	0.387	0.443	0.192	0.222	0.323	0.483	0.193	0.152	0.371	0.440	0.273	0.172	0.402	0.478	0.204	0.236
35:00:02	0.308	0.508	0.193	0.149	0.331	0.465	0.239	0.154	0.353	0.515	0.218	0.190	0.338	0.482	0.188	0.149	0.392	0.333	0.208	0.150	0.405	0.463	0.206	0.221	0.344	0.475	0.218	0.166	0.362	0.371	0.257	0.198	0.405	0.463	0.193	0.207	0.328	0.482	0.212	0.186	0.370	0.367	0.244	0.231	0.380	0.446	0.210	0.215	0.314	0.486	0.203	0.194	0.403	0.463	0.285	0.230	0.363	0.361	0.208	0.244	0.317	0.473	0.191	0.176	0.336	0.364	0.239	0.208	0.377	0.439	0.207	0.230	0.299	0.476	0.188	0.152	0.320	0.337	0.227	0.141	0.387	0.446	0.191	0.223	0.329	0.485	0.192	0.152	0.372	0.444	0.270	0.170	0.404	0.482	0.206	0.235
35:20:02	0.316	0.514	0.195	0.150	0.339	0.469	0.249	0.156	0.358	0.520	0.221	0.193	0.341	0.487	0.189	0.149	0.394	0.340	0.212	0.150	0.407	0.467	0.208	0.222	0.348	0.482	0.219	0.167	0.366	0.374	0.281	0.199	0.406	0.465	0.194	0.209	0.329	0.489	0.212	0.187	0.374	0.369	0.248	0.230	0.380	0.447	0.211	0.215	0.319	0.491	0.204	0.196	0.405	0.465	0.285	0.228	0.365	0.364	0.207	0.244	0.320	0.478	0.192	0.177	0.341	0.366	0.238	0.207	0.378	0.441	0.205	0.229	0.302	0.480	0.191	0.152	0.322	0.340	0.232	0.145	0.388	0.449	0.190	0.222	0.336	0.490	0.192	0.153	0.373	0.448	0.260	0.172	0.407	0.486	0.208	0.237
35:40:02	0.319	0.514	0.193	0.150	0.338	0.471	0.241	0.156	0.359	0.524	0.221	0.193	0.343	0.487	0.188	0.149	0.395	0.337	0.218	0.150	0.408	0.468	0.207	0.221	0.350	0.482	0.219	0.170	0.365	0.375	0.296	0.200	0.407	0.467	0.193	0.209	0.331	0.489	0.213	0.187	0.374	0.370	0.250	0.232	0.382	0.449	0.210	0.215	0.322	0.488	0.206	0.196	0.406	0.468	0.282	0.233	0.365	0.365	0.209	0.245	0.322	0.476	0.191	0.178	0.342	0.367	0.238	0.210	0.379	0.443	0.208	0.231	0.305	0.481	0.188	0.152	0.323	0.342	0.232	0.152	0.388	0.452	0.191	0.224	0.339	0.489	0.192	0.153	0.374	0.452	0.269	0.176	0.408	0.489	0.208	0.237
36:00:02	0.324	0.518	0.194	0.150	0.341	0.474	0.251	0.155	0.362	0.529	0.221	0.194	0.346	0.488	0.188	0.149	0.396	0.338	0.206	0.150	0.409	0.470	0.208	0.222	0.352	0.485	0.220	0.173	0.366	0.377	0.299	0.201	0.408	0.469	0.199	0.211	0.334	0.490	0.214	0.188	0.376	0.372	0.253	0.230	0.384	0.451	0.211	0.217	0.326	0.491	0.206	0.197	0.406	0.471	0.288	0.237	0.367	0.367	0.210	0.242	0.326	0.479	0.192	0.179	0.344	0.369	0.238	0.213	0.380	0.445	0.207	0.231	0.309	0.484	0.190	0.153	0.325	0.344	0.233	0.144	0.389	0.454	0.192	0.225	0.345	0.491	0.193	0.153	0.375	0.456	0.251	0.177	0.410	0.493	0.212	0.236
36:20:02	0.329	0.520	0.194	0.151	0.344	0.477	0.230	0.156	0.364	0.533	0.222	0.194	0.349	0.492	0.188	0.149	0.397	0.339	0.212	0.149	0.411	0.472	0.209	0.222	0.353	0.487	0.220	0.175	0.367	0.378	0.269	0.200	0.408	0.471	0.203	0.212	0.335	0.491	0.214	0.188	0.377	0.372	0.256	0.231	0.385	0.452	0.211	0.217	0.330	0.493	0.207	0.198	0.407	0.472	0.283	0.243	0.367	0.368	0.210	0.243	0.327	0.481	0.191	0.179	0.345	0.370	0.242	0.213	0.381	0.447	0.210	0.231	0.312	0.485	0.191	0.153	0.325	0.345	0.234	0.142	0.390	0.456	0.192	0.224	0.349	0.492	0.192	0.153	0.375	0.459	0.239	0.177	0.412	0.496	0.211	0.236
36:40:02	0.335	0.522	0.194	0.150	0.347	0.479	0.245	0.155	0.367	0.537	0.223	0.196	0.351	0.494	0.188	0.149	0.398	0.341	0.218	0.149	0.412	0.475	0.209	0.222	0.355	0.492	0.221	0.177	0.368	0.380	0.288	0.201	0.409	0.473	0.202	0.212	0.335	0.493	0.214	0.188	0.377	0.374	0.258	0.235	0.386	0.455	0.211	0.215	0.335	0.494	0.205	0.198	0.408	0.475	0.292	0.243	0.368	0.370	0.211	0.245	0.330	0.483	0.191	0.180	0.347	0.371	0.239	0.214	0.382	0.449	0.212	0.231	0.316	0.488	0.188	0.153	0.326	0.347	0.227	0.147	0.391	0.458	0.191	0.226	0.352	0.493	0.193	0.154	0.375	0.464	0.270	0.179	0.413	0.500	0.214	0.237
37:00:02	0.340	0.525	0.194	0.150	0.350	0.482	0.229	0.156	0.369	0.540	0.225	0.197	0.355	0.495	0.188	0.149	0.399	0.342	0.204	0.149	0.413	0.476	0.211	0.223	0.357	0.494	0.221	0.178	0.369	0.381	0.278	0.201	0.410	0.475	0.201	0.212	0.338	0.497	0.214	0.190	0.379	0.375	0.259	0.236	0.387	0.457	0.212	0.217	0.340	0.498	0.207	0.199	0.409	0.477	0.293	0.243	0.368	0.371	0.212	0.245	0.332	0.485	0.191	0.180	0.348	0.374	0.240	0.214	0.383	0.450	0.211	0.231	0.320	0.489	0.189	0.153	0.327	0.349	0.231	0.154	0.391	0.461	0.192	0.225	0.355	0.495	0.192	0.154	0.375	0.467	0.274	0.180	0.415	0.504	0.215	0.237
37:20:02	0.345	0.526	0.195	0.150	0.353	0.485	0.236	0.157	0.371	0.545	0.226	0.198	0.356	0.497	0.188	0.149	0.399	0.345	0.209	0.149	0.414	0.478	0.211	0.223	0.355	0.496	0.221	0.182	0.369	0.383	0.266	0.203	0.411	0.476	0.206	0.213	0.339	0.499	0.215	0.190	0.379	0.377	0.261	0.232	0.389	0.459	0.213	0.216	0.343	0.501	0.208	0.200	0.411	0.480	0.292	0.249	0.370	0.373	0.213	0.244	0.336	0.488	0.191	0.182	0.348	0.376	0.241	0.215	0.385	0.452	0.212	0.231	0.324	0.490	0.190	0.154	0.329	0.351	0.228	0.151	0.392	0.463	0.193	0.226	0.359	0.496	0.192	0.154	0.376	0.471	0.260	0.182	0.417	0.507	0.217	0.236
37:40:02	0.350	0.526	0.196	0.150	0.357	0.488	0.231	0.155	0.372	0.548	0.227	0.198	0.360	0.499	0.189	0.149	0.399	0.348	0.211	0.150	0.415	0.480	0.211	0.223	0.357	0.496	0.221	0.185	0.370	0.385	0.299	0.203	0.412	0.479	0.205	0.213	0.340	0.503	0.215	0.192	0.381	0.379	0.264	0.234	0.390	0.461	0.213	0.217	0.347	0.504	0.206	0.202	0.411	0.483	0.292	0.247	0.370	0.374	0.213	0.247	0.338	0.493	0.191	0.182	0.351	0.376	0.241	0.214	0.385	0.454	0.210	0.232	0.326	0.491	0.191	0.154	0.330	0.353	0.230	0.149	0.393	0.466	0.192	0.225	0.364	0.499	0.193	0.155	0.375	0.474	0.229	0.181	0.419	0.510	0.220	0.235
38:00:02	0.356	0.528	0.196	0.151	0.360	0.490	0.229	0.157	0.375	0.552	0.227	0.200	0.364	0.502	0.189	0.149	0.400	0.348	0.210	0.149	0.417	0.482	0.212	0.224	0.358	0.501	0.223	0.190	0.371	0.386	0.291	0.205	0.413	0.480	0.206	0.214	0.342	0.508	0.216	0.192	0.382	0.380	0.264	0.239	0.392	0.462	0.213	0.219	0.349	0.505	0.207	0.203	0.412	0.485	0.295	0.251	0.371	0.376	0.214	0.247	0.340	0.495	0.192	0.183	0.351	0.379	0.241	0.217	0.386	0.456	0.213	0.233	0.329	0.495	0.191	0.155	0.331	0.354	0.242	0.150	0.394	0.468	0.193	0.227	0.367	0.502	0.193	0.155	0.376	0.478	0.241	0.183	0.421	0.513	0.218	0.236
38:20:02	0.361	0.531	0.196	0.150	0.363	0.493	0.258	0.157	0.377	0.554	0.231	0.201	0.367	0.506	0.189	0.150	0.400	0.350	0.219	0.150	0.418	0.484	0.213	0.224	0.361	0.503	0.222	0.193	0.372	0.387	0.279	0.204	0.415	0.482	0.205	0.215	0.343	0.513	0.217	0.193	0.383	0.381	0.265	0.239	0.393	0.464	0.213	0.217	0.353	0.506	0.207	0.202	0.412	0.488	0.296	0.256	0.371	0.378	0.214	0.246	0.343	0.496	0.192	0.184	0.353	0.381	0.242	0.218	0.387	0.456	0.214	0.233	0.330	0.497	0.191	0.155	0.332	0.356	0.234	0.146	0.395	0.469	0.192	0.226	0.371	0.505	0.193	0.156	0.376	0.482	0.261	0.184	0.422	0.516	0.221	0.237
38:40:02	0.366	0.532	0.196	0.151	0.366	0.495	0.253	0.156	0.378	0.558	0.229	0.202	0.371	0.507	0.189	0.150	0.400	0.352	0.211	0.149	0.418	0.486	0.214	0.223	0.362	0.504	0.223	0.195	0.374	0.389	0.282	0.206	0.415	0.484	0.210	0.215	0.345	0.511	0.217	0.193	0.384	0.382	0.266	0.236	0.395	0.466	0.214	0.219	0.354	0.509	0.210	0.204	0.414	0.490	0.290	0.256	0.371	0.380	0.215	0.246	0.344	0.500	0.191	0.185	0.353	0.382	0.242	0.217	0.388	0.458	0.237	0.233	0.334	0.501	0.190	0.155	0.334	0.358	0.243	0.144	0.395	0.471	0.193	0.226	0.375	0.507	0.193	0.156	0.377	0.485	0.242	0.184	0.425	0.520	0.223	0.237
39:00:02	0.373	0.533	0.197	0.150	0.367	0.498	0.253	0.155	0.379	0.562	0.231	0.202	0.376	0.509	0.189	0.150	0.401	0.353	0.220	0.149	0.419	0.488	0.214	0.224	0.361	0.506	0.223	0.198	0.376	0.390	0.302	0.205	0.416	0.485	0.208	0.216	0.347	0.516	0.218	0.194	0.385	0.384	0.267	0.239	0.396	0.468	0.216	0.219	0.357	0.511	0.208	0.205	0.415	0.492	0.291	0.261	0.372	0.380	0.215	0.248	0.346	0.501	0.192	0.185	0.355	0.384	0.244	0.220	0.388	0.460	0.231	0.233	0.336	0.503	0.191	0.156	0.335	0.360	0.231	0.144	0.396	0.473	0.194	0.228	0.376	0.509	0.194	0.156	0.377	0.489	0.266	0.186	0.426	0.523	0.225	0.236
39:20:02	0.379	0.533	0.197	0.151	0.369	0.500	0.253	0.155	0.381	0.566	0.242	0.204	0.378	0.515	0.189	0.150	0.401	0.356	0.209	0.149	0.421	0.490	0.214	0.224	0.363	0.508	0.223	0.200	0.375	0.391	0.283	0.205	0.416	0.487	0.202	0.218	0.348	0.517	0.216	0.192	0.385	0.384	0.267	0.238	0.395	0.468	0.226	0.220	0.359	0.511	0.209	0.204	0.414	0.493	0.298	0.257	0.372	0.381	0.215	0.247	0.348	0.503	0.191	0.185	0.353	0.384	0.243	0.219	0.388	0.462	0.221	0.234	0.338	0.504	0.192	0.156	0.335	0.361	0.231	0.146	0.397	0.474	0.192	0.228	0.382	0.509	0.193	0.156	0.377	0.491	0.251	0.185	0.427	0.526	0.226	0.235
39:40:02	0.384	0.535	0.197	0.151	0.371	0.503	0.264	0.156	0.382	0.569	0.234	0.205	0.382	0.517	0.189	0.149	0.401	0.355	0.211	0.149	0.421	0.492	0.215	0.226	0.367	0.509	0.222	0.199	0.376	0.392	0.275	0.204	0.416	0.488	0.202	0.219	0.349	0.518	0.216	0.194	0.386	0.384	0.267	0.239	0.393	0.468	0.215	0.219	0.361	0.514	0.207	0.204	0.414	0.493	0.298	0.262	0.372	0.382	0.216	0.247	0.350	0.505	0.191	0.184	0.353	0.383	0.242	0.216	0.388	0.463	0.227	0.234	0.341	0.506	0.192	0.156	0.336	0.362	0.231	0.148	0.398	0.476	0.194	0.228	0.384	0.512	0.193	0.156	0.377	0.494	0.250	0.186	0.429	0.528	0.226	0.235
40:00:02	0.389	0.533	0.197	0.150	0.372	0.505	0.258	0.155	0.384	0.572	0.232	0.206	0.384	0.521	0.189	0.149	0.402	0.358	0.213	0.149	0.422	0.493	0.215	0.225	0.370	0.511	0.222	0.194	0.376	0.391	0.288	0.203	0.416	0.490	0.207	0.219	0.351	0.521	0.215	0.191	0.385	0.385	0.266	0.239	0.391	0.469	0.222	0.221	0.363	0.516	0.208	0.203	0.413	0.491	0.297	0.262	0.371	0.382	0.216	0.248	0.352	0.508	0.191	0.184	0.352	0.384	0.243	0.216	0.387	0.464	0.219	0.234	0.343	0.508	0.191	0.157	0.336	0.363	0.231	0.146	0.399	0.478	0.193	0.228	0.388	0.511	0.193	0.156	0.377	0.497	0.283	0.186	0.431	0.532	0.227	0.236
40:20:02	0.394	0.534	0.198	0.150	0.374	0.507	0.239	0.156	0.385	0.574	0.232	0.206	0.386	0.525	0.189	0.149	0.402	0.362	0.210	0.149	0.423	0.495	0.215	0.226	0.371	0.515	0.222	0.189	0.376	0.392	0.286	0.203	0.417	0.491	0.203	0.219	0.353	0.519	0.214	0.191	0.385	0.385	0.266	0.234	0.390	0.470	0.217	0.219	0.365	0.519	0.208	0.202	0.412	0.490	0.283	0.262	0.371	0.384	0.216	0.250	0.353	0.510	0.192	0.184	0.353	0.385	0.243	0.215	0.387	0.465	0.220	0.235	0.346	0.512	0.191	0.157	0.337	0.364	0.234	0.144	0.400	0.480	0.194	0.229	0.391	0.513	0.194	0.157	0.377	0.500	0.278	0.187	0.433	0.536	0.226	0.237
40:40:02	0.398	0.534	0.198	0.150	0.375	0.509	0.238	0.156	0.386	0.579	0.232	0.208	0.388	0.529	0.189	0.149	0.403	0.363	0.212	0.149	0.423	0.497	0.216	0.226	0.374	0.517	0.221	0.183	0.376	0.393	0.283	0.203	0.417	0.492	0.210	0.221	0.352	0.521	0.214	0.191	0.385	0.385	0.266	0.235	0.388	0.471	0.222	0.220	0.366	0.524	0.205	0.202	0.411	0.489	0.295	0.257	0.371	0.385	0.217	0.249	0.354	0.510	0.192	0.184	0.353	0.385	0.239	0.215	0.386	0.467	0.218	0.234	0.348	0.519	0.190	0.157	0.338	0.365	0.231	0.145	0.401	0.482	0.193	0.228	0.394	0.514	0.193	0.157	0.378	0.503	0.286	0.187	0.436	0.540	0.232	0.238
41:00:02	0.402	0.538	0.199	0.151	0.377	0.512	0.246	0.155	0.387	0.581	0.237	0.208	0.390	0.531	0.189	0.149	0.403	0.363	0.213	0.149	0.424	0.498	0.216	0.227	0.377	0.519	0.221	0.176	0.377	0.393	0.293	0.203	0.417	0.493	0.206	0.222	0.355	0.524	0.213	0.189	0.385	0.385	0.265	0.235	0.387	0.472	0.220	0.220	0.369	0.524	0.206	0.200	0.410	0.489	0.287	0.257	0.370	0.386	0.216	0.251	0.356	0.511	0.191	0.183	0.353	0.386	0.239	0.213	0.385	0.468	0.232	0.235	0.350	0.523	0.191	0.157	0.339	0.367	0.240	0.146	0.401	0.484	0.193	0.228	0.397	0.517	0.193	0.157	0.378	0.507	0.271	0.189	0.438	0.543	0.231	0.236
41:20:02	0.405	0.539	0.199	0.150	0.379	0.514	0.268	0.155	0.388	0.584	0.234	0.209	0.393	0.531	0.189	0.149	0.403	0.365	0.212	0.149	0.425	0.500	0.216	0.227	0.380	0.521	0.221	0.173	0.376	0.394	0.293	0.202	0.417	0.494	0.207	0.222	0.353	0.524	0.213	0.190	0.385	0.386	0.264	0.231	0.387	0.473	0.225	0.220	0.370	0.523	0.207	0.199	0.409	0.489	0.289	0.258	0.370	0.386	0.218	0.250	0.358	0.511	0.192	0.183	0.353	0.387	0.239	0.212	0.385	0.469	0.228	0.235	0.351	0.527	0.191	0.158	0.339	0.368	0.239	0.146	0.401	0.486	0.192	0.228	0.400	0.518	0.194	0.158	0.379	0.510	0.262	0.191	0.440	0.546	0.236	0.237
41:40:02	0.409	0.544	0.199	0.150	0.381	0.516	0.242	0.155	0.389	0.586	0.234	0.209	0.394	0.529	0.189	0.149	0.403	0.363	0.219	0.149	0.426	0.502	0.215	0.227	0.380	0.519	0.220	0.168	0.376	0.394	0.275	0.201	0.417	0.495	0.206	0.222	0.352	0.525	0.213	0.188	0.384	0.386	0.263	0.230	0.385	0.473	0.217	0.221	0.372	0.521	0.205	0.198	0.409	0.489	0.281	0.259	0.369	0.388	0.218	0.251	0.360	0.510	0.192	0.183	0.353	0.387	0.240	0.213	0.385	0.471	0.219	0.235	0.353	0.526	0.190	0.158	0.340	0.370	0.234	0.144	0.402	0.488	0.193	0.228	0.402	0.522	0.194	0.158	0.380	0.512	0.269	0.192	0.441	0.549	0.232	0.235
42:00:02	0.413	0.547	0.200	0.151	0.382	0.518	0.270	0.155	0.391	0.589	0.234	0.210	0.397	0.530	0.189	0.149	0.402	0.366	0.211	0.149	0.427	0.503	0.216	0.227	0.380	0.523	0.221	0.167	0.376	0.395	0.270	0.202	0.418	0.496	0.203	0.222	0.355	0.528	0.213	0.187	0.384	0.386	0.263	0.229	0.386	0.475	0.226	0.221	0.373	0.524	0.206	0.198	0.410	0.490	0.285	0.257	0.370	0.388	0.218	0.251	0.363	0.510	0.192	0.183	0.351	0.388	0.242	0.212	0.386	0.473	0.220	0.235	0.355	0.524	0.192	0.158	0.341	0.371	0.233	0.149	0.403	0.490	0.193	0.228	0.405	0.524	0.194	0.158	0.380	0.516	0.285	0.192	0.443	0.553	0.235	0.236
42:20:02	0.418	0.551	0.200	0.151	0.384	0.521	0.247	0.157	0.392	0.591	0.236	0.210	0.398	0.527	0.189	0.149	0.403	0.369	0.219	0.149	0.427	0.504	0.216	0.228	0.381	0.522	0.221	0.166	0.376	0.395	0.296	0.202	0.417	0.498	0.207	0.222	0.356	0.528	0.213	0.188	0.384	0.386	0.263	0.230	0.386	0.476	0.225	0.223	0.374	0.525	0.204	0.199	0.411	0.491	0.281	0.256	0.370	0.389	0.219	0.250	0.366	0.511	0.192	0.183	0.352	0.389	0.239	0.212	0.386	0.474	0.222	0.235	0.358	0.522	0.192	0.159	0.341	0.373	0.246	0.147	0.404	0.491	0.193	0.228	0.407	0.523	0.194	0.159	0.380	0.519	0.234	0.194	0.446	0.556	0.232	0.235
42:40:02	0.422	0.555	0.200	0.151	0.386	0.523	0.254	0.155	0.393	0.594	0.236	0.212	0.400	0.531	0.189	0.149	0.404	0.370	0.212	0.149	0.428	0.507	0.216	0.228	0.384	0.523	0.220	0.166	0.376	0.395	0.268	0.202	0.416	0.499	0.202	0.223	0.359	0.527	0.213	0.188	0.383	0.388	0.262	0.230	0.385	0.476	0.224	0.223	0.378	0.525	0.207	0.199	0.411	0.492	0.294	0.254	0.370	0.389	0.218	0.249	0.366	0.512	0.192	0.184	0.350	0.389	0.239	0.213	0.385	0.475	0.239	0.235	0.359	0.521	0.192	0.159	0.342	0.374	0.244	0.144	0.404	0.493	0.192	0.228	0.409	0.523	0.194	0.159	0.380	0.522	0.275	0.193	0.448	0.559	0.234	0.236
43:00:02	0.428	0.562	0.202	0.152	0.390	0.526	0.243	0.157	0.395	0.598	0.236	0.213	0.406	0.532	0.190	0.149	0.405	0.373	0.213	0.149	0.429	0.509	0.217	0.228	0.391	0.531	0.221	0.164	0.378	0.397	0.263	0.202	0.417	0.500	0.198	0.225	0.364	0.534	0.212	0.188	0.385	0.388	0.262	0.229	0.382	0.477	0.224	0.223	0.382	0.527	0.206	0.200	0.411	0.492	0.278	0.250	0.369	0.391	0.218	0.252	0.371	0.513	0.193	0.184	0.352	0.390	0.240	0.213	0.385	0.477	0.223	0.235	0.364	0.523	0.193	0.159	0.344	0.377	0.232	0.144	0.405	0.496	0.190	0.229	0.415	0.528	0.194	0.159	0.382	0.525	0.248	0.193	0.450	0.562	0.234	0.235
43:20:02	0.428	0.562	0.201	0.151	0.390	0.527	0.244	0.158	0.396	0.600	0.235	0.213	0.404	0.528	0.189	0.148	0.404	0.371	0.213	0.148	0.430	0.510	0.217	0.229	0.389	0.529	0.220	0.159	0.375	0.397	0.275	0.199	0.417	0.501	0.205	0.225	0.362	0.528	0.211	0.185	0.383	0.387	0.260	0.229	0.380	0.477	0.221	0.223	0.381	0.523	0.206	0.197	0.409	0.491	0.288	0.251	0.368	0.391	0.219	0.251	0.370	0.512	0.193	0.183	0.349	0.389	0.240	0.211	0.384	0.478	0.225	0.235	0.363	0.522	0.192	0.159	0.344	0.378	0.246	0.143	0.404	0.497	0.192	0.229	0.415	0.526	0.194	0.159	0.382	0.527	0.237	0.196	0.451	0.564	0.235	0.236
43:40:02	0.429	0.563	0.202	0.151	0.392	0.530	0.244	0.156	0.398	0.602	0.235	0.215	0.405	0.532	0.189	0.148	0.404	0.372	0.208	0.148	0.430	0.511	0.216	0.230	0.391	0.529	0.219	0.152	0.374	0.396	0.286	0.198	0.417	0.502	0.207	0.225	0.364	0.524	0.212	0.185	0.381	0.387	0.258	0.227	0.378	0.478	0.229	0.224	0.382	0.524	0.203	0.196	0.408	0.488	0.289	0.245	0.368	0.391	0.219	0.250	0.370	0.510	0.192	0.181	0.348	0.389	0.238	0.212	0.382	0.479	0.242	0.235	0.365	0.525	0.192	0.159	0.343	0.378	0.248	0.147	0.404	0.498	0.192	0.230	0.418	0.528	0.194	0.159	0.382	0.529	0.237	0.195	0.454	0.567	0.238	0.236
44:00:02	0.432	0.564	0.201	0.151	0.394	0.532	0.246	0.156	0.399	0.604	0.235	0.215	0.406	0.533	0.189	0.148	0.405	0.372	0.218	0.148	0.431	0.512	0.217	0.229	0.392	0.529	0.220	0.149	0.374	0.396	0.278	0.196	0.416	0.503	0.199	0.225	0.368	0.520	0.211	0.185	0.381	0.387	0.257	0.223	0.377	0.479	0.224	0.225	0.384	0.525	0.202	0.196	0.408	0.488	0.274	0.239	0.367	0.392	0.220	0.253	0.371	0.511	0.192	0.181	0.347	0.389	0.234	0.209	0.382	0.480	0.243	0.236	0.368	0.525	0.194	0.159	0.343	0.380	0.244	0.143	0.405	0.499	0.192	0.229	0.421	0.529	0.195	0.159	0.382	0.532	0.243	0.195	0.455	0.569	0.236	0.235
44:20:03	0.435	0.566	0.201	0.151	0.395	0.534	0.262	0.157	0.399	0.606	0.235	0.215	0.407	0.535	0.189	0.148	0.404	0.372	0.209	0.148	0.432	0.513	0.217	0.229	0.393	0.529	0.220	0.147	0.375	0.397	0.292	0.197	0.417	0.504	0.202	0.226	0.368	0.522	0.245	0.184	0.381	0.386	0.255	0.226	0.377	0.479	0.219	0.224	0.385	0.524	0.202	0.195	0.408	0.487	0.280	0.234	0.367	0.393	0.220	0.251	0.372	0.511	0.193	0.181	0.348	0.390	0.234	0.211	0.382	0.480	0.243	0.236	0.370	0.526	0.191	0.159	0.343	0.381	0.245	0.147	0.405	0.500	0.191	0.230	0.424	0.530	0.194	0.159	0.382	0.533	0.238	0.196	0.457	0.573	0.238	0.236
44:40:03	0.437	0.566	0.203	0.151	0.397	0.536	0.252	0.155	0.400	0.607	0.240	0.216	0.409	0.535	0.189	0.148	0.405	0.373	0.213	0.148	0.433	0.514	0.216	0.230	0.395	0.530	0.219	0.145	0.376	0.398	0.275	0.197	0.417	0.505	0.205	0.225	0.371	0.533	0.210	0.184	0.380	0.386	0.251	0.222	0.375	0.480	0.221	0.226	0.386	0.523	0.204	0.195	0.409	0.487	0.275	0.223	0.367	0.394	0.220	0.252	0.374	0.512	0.193	0.181	0.348	0.389	0.235	0.207	0.381	0.481	0.234	0.236	0.372	0.528	0.191	0.160	0.343	0.382	0.249	0.147	0.405	0.501	0.192	0.231	0.427	0.531	0.194	0.160	0.383	0.536	0.281	0.197	0.459	0.576	0.240	0.235
45:00:03	0.439	0.567	0.202	0.151	0.398	0.538	0.270	0.157	0.401	0.610	0.235	0.216	0.411	0.538	0.189	0.148	0.405	0.376	0.207	0.148	0.434	0.515	0.216	0.229	0.398	0.530	0.220	0.145	0.377	0.398	0.278	0.195	0.417	0.506	0.203	0.226	0.373	0.536	0.212	0.185	0.380	0.386	0.247	0.222	0.375	0.480	0.223	0.226	0.390	0.523	0.202	0.194	0.408	0.487	0.286	0.215	0.367	0.395	0.220	0.252	0.374	0.513	0.193	0.181	0.347	0.390	0.233	0.205	0.382	0.482	0.229	0.236	0.375	0.528	0.192	0.160	0.343	0.383	0.236	0.144	0.405	0.502	0.191	0.231	0.429	0.534	0.195	0.160	0.384	0.539	0.273	0.197	0.461	0.580	0.244	0.237
45:20:03	0.442	0.569	0.202	0.152	0.400	0.541	0.268	0.155	0.402	0.612	0.239	0.216	0.414	0.539	0.189	0.148	0.406	0.377	0.214	0.148	0.434	0.516	0.216	0.230	0.399	0.529	0.219	0.145	0.378	0.398	0.273	0.195	0.417	0.506	0.203	0.226	0.373	0.536	0.209	0.186	0.381	0.387	0.243	0.225	0.375	0.481	0.219	0.226	0.391	0.521	0.205	0.196	0.408	0.488	0.280	0.211	0.366	0.396	0.221	0.252	0.376	0.515	0.193	0.181	0.347	0.390	0.234	0.206	0.382	0.483	0.225	0.236	0.378	0.529	0.192	0.160	0.342	0.384	0.239	0.145	0.406	0.503	0.192	0.230	0.432	0.535	0.195	0.160	0.385	0.541	0.276	0.197	0.464	0.582	0.240	0.236
45:40:03	0.446	0.572	0.203	0.151	0.401	0.543	0.265	0.158	0.403	0.614	0.237	0.216	0.419	0.541	0.189	0.148	0.406	0.379	0.215	0.148	0.434	0.518	0.217	0.229	0.402	0.530	0.220	0.147	0.379	0.399	0.273	0.197	0.418	0.507	0.202	0.225	0.373	0.535	0.221	0.186	0.381	0.387	0.238	0.225	0.377	0.482	0.224	0.226	0.391	0.522	0.204	0.196	0.409	0.490	0.281	0.208	0.367	0.397	0.219	0.253	0.377	0.515	0.193	0.182	0.349	0.392	0.235	0.209	0.383	0.483	0.224	0.235	0.381	0.529	0.196	0.161	0.342	0.386	0.238	0.146	0.406	0.504	0.192	0.230	0.435	0.537	0.195	0.161	0.386	0.543	0.245	0.199	0.467	0.585	0.240	0.238
46:00:03	0.448	0.576	0.203	0.152	0.402	0.545	0.264	0.157	0.404	0.615	0.239	0.216	0.422	0.542	0.190	0.148	0.406	0.378	0.220	0.148	0.435	0.519	0.217	0.230	0.405	0.532	0.220	0.147	0.379	0.400	0.275	0.198	0.419	0.509	0.203	0.226	0.375	0.532	0.211	0.184	0.382	0.387	0.233	0.225	0.377	0.484	0.225	0.227	0.395	0.522	0.205	0.196	0.408	0.490	0.281	0.207	0.367	0.397	0.220	0.251	0.379	0.512	0.193	0.182	0.348	0.392	0.235	0.211	0.384	0.484	0.224	0.236	0.383	0.530	0.198	0.161	0.343	0.387	0.241	0.146	0.406	0.506	0.191	0.230	0.437	0.537	0.194	0.161	0.387	0.546	0.271	0.199	0.469	0.588	0.241	0.236
46:20:03	0.452	0.575	0.204	0.153	0.404	0.548	0.248	0.158	0.405	0.617	0.238	0.216	0.423	0.542	0.190	0.148	0.407	0.381	0.211	0.148	0.436	0.520	0.218	0.230	0.405	0.533	0.221	0.151	0.380	0.401	0.282	0.198	0.420	0.510	0.206	0.226	0.375	0.533	0.226	0.187	0.383	0.388	0.231	0.225	0.379	0.485	0.221	0.226	0.397	0.524	0.206	0.198	0.410	0.493	0.283	0.209	0.368	0.399	0.220	0.250	0.381	0.510	0.194	0.183	0.350	0.393	0.239	0.209	0.385	0.485	0.225	0.236	0.386	0.530	0.198	0.161	0.343	0.389	0.245	0.146	0.407	0.507	0.191	0.230	0.440	0.538	0.195	0.161	0.387	0.549	0.274	0.199	0.470	0.591	0.241	0.237
46:40:03	0.453	0.573	0.205	0.152	0.406	0.550	0.248	0.158	0.407	0.618	0.238	0.217	0.427	0.539	0.190	0.148	0.406	0.382	0.214	0.148	0.436	0.521	0.217	0.230	0.407	0.534	0.220	0.150	0.380	0.402	0.285	0.198	0.420	0.511	0.204	0.227	0.377	0.532	0.210	0.187	0.384	0.389	0.228	0.225	0.379	0.486	0.231	0.227	0.399	0.529	0.204	0.198	0.409	0.494	0.276	0.208	0.369	0.399	0.221	0.251	0.383	0.511	0.194	0.183	0.350	0.394	0.238	0.208	0.386	0.485	0.228	0.237	0.389	0.530	0.198	0.162	0.342	0.390	0.246	0.149	0.407	0.508	0.192	0.230	0.443	0.542	0.195	0.162	0.389	0.551	0.273	0.200	0.472	0.594	0.247	0.237
47:00:03	0.454	0.574	0.203	0.152	0.408	0.552	0.250	0.155	0.408	0.619	0.244	0.216	0.429	0.547	0.190	0.148	0.407	0.383	0.210	0.148	0.437	0.522	0.219	0.230	0.407	0.535	0.222	0.151	0.380	0.403	0.292	0.198	0.421	0.512	0.207	0.228	0.379	0.530	0.211	0.186	0.383	0.389	0.226	0.228	0.379	0.486	0.227	0.227	0.401	0.527	0.207	0.199	0.409	0.495	0.287	0.213	0.369	0.400	0.221	0.252	0.384	0.514	0.194	0.183	0.352	0.395	0.236	0.211	0.386	0.486	0.227	0.236	0.391	0.532	0.198	0.162	0.343	0.391	0.251	0.144	0.408	0.510	0.192	0.231	0.446	0.543	0.194	0.162	0.390	0.553	0.280	0.200	0.474	0.596	0.245	0.236
47:20:03	0.456	0.571	0.205	0.153	0.410	0.554	0.278	0.156	0.409	0.620	0.240	0.218	0.431	0.550	0.190	0.148	0.407	0.384	0.209	0.148	0.438	0.523	0.218	0.230	0.409	0.536	0.220	0.145	0.380	0.402	0.282	0.196	0.420	0.513	0.202	0.228	0.383	0.530	0.214	0.185	0.383	0.389	0.221	0.226	0.375	0.487	0.231	0.226	0.403	0.523	0.204	0.197	0.407	0.492	0.287	0.210	0.368	0.400	0.221	0.253	0.386	0.514	0.194	0.182	0.351	0.395	0.236	0.207	0.384	0.486	0.233	0.237	0.394	0.535	0.200	0.162	0.343	0.392	0.246	0.145	0.409	0.512	0.191	0.230	0.449	0.546	0.194	0.162	0.391	0.556	0.247	0.200	0.476	0.599	0.248	0.238
47:40:03	0.456	0.572	0.204	0.152	0.411	0.556	0.280	0.156	0.410	0.620	0.241	0.218	0.431	0.550	0.190	0.147	0.408	0.385	0.207	0.148	0.438	0.524	0.219	0.231	0.412	0.538	0.220	0.146	0.380	0.403	0.278	0.197	0.421	0.514	0.199	0.228	0.384	0.527	0.208	0.186	0.383	0.388	0.217	0.224	0.376	0.488	0.231	0.228	0.406	0.527	0.206	0.196	0.406	0.493	0.274	0.206	0.368	0.401	0.221	0.252	0.388	0.516	0.194	0.182	0.351	0.395	0.236	0.210	0.384	0.487	0.233	0.237	0.398	0.537	0.200	0.162	0.344	0.394	0.238	0.148	0.409	0.513	0.191	0.230	0.452	0.548	0.194	0.162	0.392	0.558	0.244	0.201	0.478	0.601	0.245	0.237
48:00:03	0.457	0.574	0.205	0.154	0.411	0.558	0.278	0.158	0.411	0.620	0.241	0.219	0.432	0.545	0.190	0.148	0.407	0.386	0.211	0.148	0.439	0.526	0.219	0.231	0.414	0.538	0.221	0.142	0.381	0.402	0.289	0.197	0.420	0.514	0.200	0.229	0.387	0.532	0.207	0.184	0.382	0.387	0.213	0.220	0.374	0.487	0.228	0.228	0.408	0.529	0.205	0.196	0.404	0.491	0.277	0.204	0.367	0.401	0.222	0.254	0.390	0.516	0.194	0.182	0.351	0.395	0.236	0.209	0.383	0.487	0.226	0.237	0.400	0.538	0.200	0.163	0.344	0.395	0.251	0.146	0.410	0.514	0.192	0.230	0.454	0.550	0.195	0.163	0.393	0.560	0.260	0.202	0.479	0.604	0.243	0.239

