Field Group

Plate Comment:	
Procedure Summary
  Plate Type:              Corning 96 well for LogPhase600
  Plate Number:            4
  Discontinuous Kinetics:  Runtime 02:00:00 (D:HH:MM), Interval 00:20:00 (HH:MM:SS), 145 Reads (max)
  Read:                    600 nm
  Incubator:               On
    Temperature setpoint:  30 °C
    Temperature gradient:  On
  Shaking:                 On
     Shaking frequency:    600 RPMs		
			
			

600

Time	A1	A2	A3	A4	A5	A6	A7	A8	A9	A10	A11	A12	B1	B2	B3	B4	B5	B6	B7	B8	B9	B10	B11	B12	C1	C2	C3	C4	C5	C6	C7	C8	C9	C10	C11	C12	D1	D2	D3	D4	D5	D6	D7	D8	D9	D10	D11	D12	E1	E2	E3	E4	E5	E6	E7	E8	E9	E10	E11	E12	F1	F2	F3	F4	F5	F6	F7	F8	F9	F10	F11	F12	G1	G2	G3	G4	G5	G6	G7	G8	G9	G10	G11	G12	H1	H2	H3	H4	H5	H6	H7	H8	H9	H10	H11	H12
0:00:00	0.118	0.115	0.118	0.118	0.115	0.116	0.118	0.118	0.116	0.116	0.115	0.114	0.117	0.118	0.116	0.117	0.117	0.115	0.117	0.117	0.114	0.115	0.117	0.119	0.119	0.116	0.118	0.118	0.119	0.115	0.117	0.118	0.117	0.116	0.115	0.117	0.115	0.116	0.117	0.116	0.116	0.116	0.118	0.116	0.114	0.115	0.115	0.116	0.116	0.116	0.117	0.117	0.118	0.161	0.120	0.118	0.118	0.115	0.117	0.115	0.115	0.115	0.117	0.118	0.116	0.117	0.118	0.124	0.117	0.114	0.116	0.115	0.116	0.116	0.117	0.117	0.118	0.117	0.117	0.117	0.115	0.116	0.115	0.117	0.115	0.116	0.116	0.117	0.117	0.117	0.130	0.120	0.114	0.114	0.114	0.114
0:20:00	0.118	0.115	0.118	0.118	0.116	0.117	0.118	0.118	0.116	0.116	0.115	0.114	0.115	0.118	0.116	0.116	0.116	0.115	0.118	0.117	0.114	0.115	0.116	0.118	0.119	0.116	0.116	0.118	0.118	0.116	0.117	0.119	0.118	0.116	0.114	0.117	0.116	0.115	0.116	0.116	0.116	0.116	0.118	0.117	0.114	0.115	0.115	0.115	0.116	0.116	0.116	0.116	0.118	0.174	0.120	0.118	0.119	0.115	0.117	0.115	0.115	0.115	0.117	0.117	0.116	0.117	0.118	0.124	0.118	0.114	0.116	0.114	0.116	0.116	0.116	0.117	0.118	0.117	0.117	0.118	0.115	0.116	0.114	0.117	0.116	0.115	0.115	0.117	0.117	0.116	0.129	0.121	0.114	0.114	0.114	0.114
0:40:00	0.119	0.115	0.118	0.118	0.117	0.117	0.118	0.118	0.116	0.116	0.115	0.113	0.115	0.118	0.116	0.115	0.117	0.116	0.118	0.117	0.114	0.115	0.116	0.118	0.120	0.117	0.116	0.118	0.117	0.116	0.118	0.119	0.118	0.116	0.114	0.116	0.116	0.115	0.116	0.115	0.116	0.117	0.119	0.117	0.114	0.115	0.115	0.115	0.117	0.116	0.117	0.116	0.119	0.178	0.120	0.118	0.119	0.115	0.117	0.114	0.116	0.115	0.117	0.117	0.117	0.118	0.118	0.124	0.118	0.114	0.116	0.114	0.116	0.116	0.116	0.117	0.119	0.118	0.118	0.118	0.115	0.116	0.114	0.117	0.116	0.116	0.115	0.117	0.117	0.116	0.129	0.121	0.113	0.114	0.114	0.114
1:00:00	0.120	0.116	0.118	0.118	0.117	0.118	0.118	0.118	0.116	0.116	0.114	0.113	0.116	0.119	0.116	0.116	0.117	0.116	0.118	0.118	0.114	0.115	0.116	0.118	0.120	0.117	0.116	0.119	0.118	0.117	0.118	0.119	0.118	0.116	0.115	0.116	0.117	0.116	0.116	0.115	0.117	0.117	0.119	0.117	0.114	0.115	0.115	0.115	0.117	0.117	0.117	0.116	0.119	0.180	0.120	0.119	0.119	0.115	0.117	0.115	0.116	0.116	0.117	0.117	0.117	0.119	0.118	0.125	0.118	0.114	0.116	0.114	0.117	0.116	0.116	0.117	0.119	0.118	0.118	0.118	0.115	0.116	0.115	0.117	0.116	0.116	0.115	0.117	0.117	0.117	0.130	0.121	0.113	0.114	0.114	0.114
1:20:01	0.120	0.117	0.118	0.118	0.118	0.119	0.118	0.119	0.116	0.116	0.114	0.113	0.117	0.120	0.116	0.116	0.118	0.117	0.118	0.118	0.114	0.114	0.116	0.118	0.121	0.118	0.116	0.119	0.118	0.117	0.118	0.119	0.118	0.116	0.115	0.116	0.118	0.117	0.116	0.115	0.117	0.117	0.119	0.117	0.114	0.115	0.115	0.115	0.118	0.118	0.117	0.116	0.120	0.182	0.120	0.119	0.119	0.115	0.117	0.115	0.117	0.117	0.117	0.117	0.117	0.119	0.118	0.125	0.118	0.114	0.116	0.114	0.117	0.117	0.117	0.117	0.120	0.117	0.118	0.119	0.115	0.116	0.115	0.117	0.118	0.117	0.115	0.117	0.118	0.117	0.130	0.121	0.113	0.114	0.114	0.114
1:40:01	0.123	0.117	0.120	0.120	0.119	0.120	0.119	0.120	0.116	0.116	0.114	0.113	0.119	0.121	0.117	0.117	0.119	0.118	0.118	0.118	0.114	0.114	0.116	0.118	0.123	0.119	0.117	0.119	0.119	0.118	0.118	0.119	0.118	0.116	0.115	0.116	0.120	0.117	0.117	0.115	0.117	0.118	0.119	0.117	0.114	0.115	0.115	0.115	0.121	0.119	0.117	0.117	0.120	0.184	0.120	0.119	0.119	0.115	0.117	0.115	0.120	0.117	0.118	0.118	0.118	0.120	0.119	0.125	0.118	0.114	0.116	0.114	0.120	0.118	0.118	0.118	0.120	0.118	0.118	0.119	0.115	0.116	0.114	0.117	0.120	0.118	0.117	0.119	0.118	0.118	0.131	0.122	0.113	0.114	0.114	0.114
2:00:01	0.124	0.119	0.120	0.120	0.121	0.121	0.119	0.120	0.116	0.116	0.115	0.113	0.120	0.121	0.117	0.117	0.119	0.118	0.119	0.118	0.114	0.114	0.116	0.118	0.124	0.120	0.118	0.120	0.119	0.118	0.118	0.120	0.118	0.116	0.114	0.116	0.121	0.118	0.118	0.116	0.118	0.118	0.119	0.118	0.115	0.115	0.115	0.115	0.123	0.119	0.118	0.117	0.121	0.184	0.120	0.119	0.119	0.116	0.117	0.115	0.121	0.118	0.118	0.118	0.118	0.121	0.119	0.125	0.118	0.114	0.116	0.114	0.121	0.119	0.118	0.119	0.122	0.118	0.119	0.120	0.115	0.116	0.114	0.117	0.121	0.119	0.117	0.119	0.120	0.119	0.132	0.123	0.113	0.114	0.114	0.114
2:20:01	0.126	0.120	0.120	0.121	0.122	0.122	0.120	0.121	0.116	0.116	0.115	0.113	0.123	0.122	0.118	0.118	0.121	0.119	0.119	0.119	0.114	0.114	0.116	0.118	0.127	0.121	0.118	0.121	0.121	0.120	0.119	0.120	0.118	0.116	0.114	0.116	0.123	0.120	0.118	0.117	0.119	0.119	0.120	0.119	0.115	0.115	0.115	0.115	0.125	0.121	0.119	0.118	0.122	0.185	0.121	0.121	0.120	0.116	0.117	0.114	0.123	0.120	0.119	0.119	0.120	0.122	0.120	0.126	0.119	0.114	0.115	0.114	0.123	0.120	0.119	0.120	0.122	0.118	0.120	0.121	0.115	0.116	0.114	0.117	0.123	0.120	0.117	0.120	0.120	0.120	0.132	0.123	0.113	0.114	0.114	0.114
2:40:01	0.130	0.121	0.121	0.121	0.122	0.122	0.120	0.121	0.116	0.116	0.115	0.113	0.127	0.123	0.119	0.119	0.122	0.119	0.120	0.119	0.114	0.114	0.116	0.118	0.130	0.123	0.119	0.121	0.122	0.121	0.118	0.121	0.118	0.116	0.114	0.116	0.127	0.121	0.119	0.118	0.120	0.120	0.120	0.120	0.116	0.115	0.115	0.115	0.129	0.122	0.120	0.119	0.124	0.187	0.122	0.122	0.121	0.116	0.117	0.114	0.126	0.121	0.120	0.120	0.121	0.123	0.120	0.127	0.119	0.115	0.116	0.114	0.126	0.122	0.120	0.121	0.124	0.118	0.120	0.121	0.115	0.116	0.114	0.116	0.127	0.122	0.118	0.121	0.122	0.120	0.133	0.124	0.113	0.114	0.114	0.114
3:00:01	0.135	0.122	0.122	0.122	0.124	0.123	0.120	0.121	0.116	0.116	0.115	0.113	0.131	0.126	0.120	0.120	0.123	0.120	0.120	0.120	0.114	0.114	0.116	0.118	0.134	0.124	0.120	0.123	0.123	0.121	0.119	0.121	0.118	0.116	0.114	0.116	0.131	0.123	0.120	0.119	0.122	0.121	0.121	0.120	0.117	0.116	0.115	0.115	0.133	0.124	0.121	0.120	0.125	0.187	0.123	0.124	0.123	0.117	0.117	0.114	0.130	0.122	0.121	0.121	0.123	0.124	0.122	0.127	0.120	0.115	0.115	0.114	0.131	0.124	0.121	0.121	0.124	0.119	0.120	0.122	0.116	0.116	0.114	0.116	0.132	0.124	0.119	0.122	0.123	0.122	0.133	0.124	0.113	0.114	0.114	0.114
3:20:01	0.138	0.124	0.123	0.123	0.126	0.123	0.121	0.121	0.116	0.116	0.115	0.113	0.135	0.127	0.121	0.120	0.125	0.121	0.120	0.120	0.114	0.114	0.116	0.118	0.138	0.126	0.121	0.123	0.124	0.123	0.119	0.122	0.118	0.116	0.114	0.116	0.135	0.124	0.121	0.120	0.124	0.123	0.122	0.121	0.119	0.116	0.115	0.115	0.137	0.125	0.122	0.122	0.128	0.188	0.124	0.125	0.124	0.118	0.117	0.114	0.135	0.124	0.122	0.122	0.125	0.126	0.122	0.128	0.120	0.115	0.115	0.114	0.135	0.126	0.121	0.122	0.126	0.119	0.120	0.122	0.116	0.116	0.114	0.116	0.136	0.124	0.120	0.123	0.124	0.122	0.134	0.124	0.113	0.114	0.114	0.114
3:40:01	0.141	0.124	0.124	0.123	0.128	0.124	0.121	0.122	0.116	0.116	0.115	0.113	0.138	0.128	0.122	0.121	0.127	0.122	0.120	0.121	0.114	0.114	0.116	0.118	0.141	0.127	0.122	0.125	0.127	0.124	0.120	0.123	0.118	0.116	0.114	0.116	0.139	0.123	0.122	0.121	0.127	0.124	0.123	0.122	0.120	0.117	0.115	0.115	0.140	0.126	0.123	0.123	0.130	0.190	0.126	0.127	0.125	0.119	0.117	0.114	0.137	0.125	0.123	0.123	0.127	0.127	0.123	0.128	0.121	0.116	0.115	0.114	0.138	0.127	0.122	0.123	0.128	0.120	0.121	0.123	0.116	0.116	0.114	0.116	0.138	0.126	0.121	0.124	0.126	0.124	0.134	0.125	0.113	0.113	0.114	0.114
4:00:01	0.146	0.125	0.124	0.124	0.130	0.125	0.121	0.123	0.116	0.116	0.115	0.113	0.141	0.128	0.123	0.122	0.130	0.123	0.121	0.121	0.114	0.114	0.116	0.118	0.144	0.127	0.123	0.125	0.130	0.126	0.120	0.123	0.119	0.117	0.114	0.116	0.141	0.125	0.124	0.123	0.131	0.126	0.126	0.125	0.125	0.119	0.115	0.115	0.143	0.127	0.124	0.125	0.135	0.193	0.128	0.130	0.129	0.121	0.117	0.114	0.140	0.126	0.124	0.124	0.131	0.131	0.125	0.129	0.123	0.117	0.115	0.114	0.141	0.128	0.124	0.124	0.130	0.120	0.121	0.123	0.117	0.116	0.114	0.116	0.141	0.126	0.122	0.125	0.128	0.124	0.134	0.125	0.113	0.113	0.114	0.114
4:20:01	0.168	0.127	0.125	0.125	0.131	0.126	0.121	0.123	0.116	0.116	0.115	0.113	0.154	0.129	0.123	0.123	0.132	0.124	0.121	0.122	0.114	0.114	0.116	0.118	0.156	0.128	0.124	0.127	0.132	0.128	0.120	0.123	0.119	0.117	0.114	0.115	0.153	0.126	0.125	0.125	0.133	0.127	0.127	0.126	0.125	0.119	0.115	0.115	0.153	0.127	0.125	0.126	0.137	0.195	0.129	0.131	0.129	0.122	0.117	0.114	0.150	0.126	0.125	0.125	0.133	0.132	0.126	0.130	0.124	0.117	0.115	0.114	0.149	0.128	0.125	0.125	0.132	0.121	0.122	0.124	0.117	0.117	0.114	0.116	0.147	0.127	0.123	0.126	0.131	0.125	0.134	0.126	0.113	0.113	0.114	0.114
4:40:01	0.230	0.127	0.127	0.126	0.132	0.126	0.121	0.123	0.116	0.116	0.115	0.113	0.212	0.130	0.125	0.124	0.133	0.123	0.121	0.122	0.114	0.114	0.116	0.118	0.204	0.128	0.126	0.128	0.134	0.128	0.121	0.124	0.119	0.117	0.114	0.115	0.200	0.127	0.127	0.126	0.136	0.127	0.128	0.127	0.126	0.120	0.115	0.115	0.184	0.128	0.126	0.128	0.140	0.198	0.130	0.132	0.130	0.123	0.117	0.114	0.190	0.127	0.127	0.127	0.135	0.133	0.126	0.131	0.125	0.117	0.115	0.114	0.179	0.129	0.126	0.127	0.134	0.122	0.122	0.124	0.118	0.117	0.114	0.116	0.159	0.127	0.125	0.127	0.132	0.126	0.135	0.126	0.113	0.113	0.114	0.114
5:00:01	0.271	0.128	0.127	0.127	0.133	0.128	0.122	0.123	0.115	0.116	0.115	0.113	0.272	0.130	0.126	0.126	0.134	0.125	0.121	0.122	0.114	0.114	0.116	0.118	0.265	0.129	0.127	0.129	0.136	0.129	0.121	0.124	0.119	0.117	0.114	0.115	0.266	0.128	0.128	0.127	0.137	0.129	0.127	0.127	0.125	0.119	0.115	0.115	0.242	0.128	0.128	0.129	0.141	0.198	0.129	0.132	0.129	0.121	0.117	0.114	0.254	0.128	0.128	0.128	0.136	0.133	0.126	0.131	0.124	0.117	0.115	0.114	0.242	0.130	0.127	0.128	0.135	0.123	0.122	0.125	0.117	0.117	0.114	0.116	0.193	0.128	0.126	0.129	0.133	0.127	0.136	0.126	0.113	0.114	0.114	0.114
5:20:01	0.278	0.129	0.128	0.128	0.135	0.128	0.122	0.124	0.115	0.116	0.115	0.113	0.282	0.132	0.127	0.126	0.135	0.126	0.121	0.123	0.114	0.114	0.116	0.118	0.284	0.130	0.128	0.130	0.138	0.128	0.122	0.125	0.119	0.117	0.114	0.115	0.277	0.129	0.129	0.129	0.140	0.129	0.128	0.127	0.125	0.119	0.115	0.115	0.264	0.129	0.129	0.130	0.146	0.199	0.130	0.132	0.129	0.122	0.117	0.114	0.275	0.129	0.129	0.129	0.141	0.134	0.127	0.131	0.125	0.117	0.115	0.114	0.250	0.131	0.128	0.129	0.140	0.124	0.122	0.125	0.117	0.117	0.114	0.116	0.201	0.129	0.127	0.130	0.135	0.127	0.136	0.127	0.113	0.114	0.114	0.114
5:40:01	0.276	0.131	0.129	0.128	0.136	0.128	0.123	0.124	0.115	0.116	0.115	0.113	0.283	0.134	0.129	0.127	0.137	0.127	0.122	0.123	0.114	0.114	0.116	0.118	0.285	0.132	0.130	0.132	0.141	0.130	0.122	0.126	0.120	0.117	0.114	0.115	0.274	0.131	0.131	0.131	0.143	0.130	0.130	0.130	0.128	0.121	0.116	0.115	0.248	0.131	0.130	0.133	0.154	0.201	0.132	0.135	0.131	0.123	0.117	0.114	0.276	0.130	0.130	0.131	0.147	0.136	0.128	0.132	0.126	0.118	0.115	0.114	0.273	0.133	0.129	0.131	0.146	0.126	0.123	0.126	0.118	0.117	0.114	0.116	0.203	0.131	0.128	0.132	0.136	0.127	0.136	0.127	0.113	0.113	0.114	0.114
6:00:01	0.274	0.134	0.131	0.130	0.136	0.128	0.123	0.125	0.115	0.116	0.115	0.113	0.271	0.137	0.130	0.128	0.137	0.127	0.122	0.124	0.114	0.114	0.116	0.118	0.264	0.135	0.130	0.132	0.142	0.130	0.123	0.126	0.119	0.117	0.114	0.115	0.260	0.134	0.132	0.132	0.143	0.131	0.130	0.129	0.127	0.120	0.115	0.115	0.265	0.134	0.131	0.133	0.158	0.201	0.132	0.134	0.131	0.123	0.117	0.114	0.264	0.133	0.131	0.131	0.152	0.135	0.128	0.133	0.126	0.118	0.115	0.114	0.270	0.137	0.130	0.132	0.152	0.127	0.123	0.126	0.118	0.117	0.114	0.116	0.230	0.136	0.130	0.133	0.136	0.127	0.136	0.127	0.113	0.113	0.114	0.114
6:20:01	0.284	0.142	0.132	0.131	0.136	0.129	0.123	0.126	0.115	0.116	0.115	0.113	0.276	0.146	0.131	0.129	0.138	0.127	0.122	0.124	0.114	0.114	0.116	0.118	0.274	0.144	0.131	0.133	0.144	0.130	0.123	0.126	0.119	0.117	0.114	0.115	0.269	0.143	0.133	0.134	0.144	0.131	0.130	0.129	0.127	0.120	0.115	0.115	0.289	0.143	0.133	0.135	0.163	0.202	0.132	0.135	0.131	0.123	0.117	0.114	0.281	0.141	0.133	0.133	0.156	0.135	0.129	0.133	0.126	0.118	0.115	0.114	0.265	0.146	0.132	0.134	0.157	0.128	0.124	0.127	0.118	0.117	0.114	0.116	0.273	0.146	0.132	0.134	0.137	0.127	0.136	0.127	0.113	0.114	0.114	0.114
6:40:01	0.320	0.167	0.133	0.133	0.136	0.128	0.123	0.126	0.115	0.116	0.115	0.113	0.314	0.170	0.132	0.130	0.137	0.127	0.122	0.124	0.114	0.114	0.116	0.118	0.304	0.174	0.133	0.134	0.142	0.130	0.124	0.126	0.119	0.117	0.114	0.115	0.300	0.169	0.135	0.135	0.143	0.131	0.130	0.130	0.127	0.120	0.115	0.115	0.316	0.167	0.134	0.135	0.160	0.203	0.132	0.135	0.131	0.123	0.117	0.114	0.306	0.164	0.134	0.134	0.154	0.135	0.128	0.133	0.125	0.118	0.115	0.114	0.290	0.177	0.133	0.134	0.155	0.129	0.124	0.127	0.118	0.117	0.114	0.116	0.318	0.171	0.133	0.135	0.137	0.127	0.136	0.127	0.113	0.113	0.114	0.114
7:00:01	0.335	0.227	0.135	0.134	0.135	0.129	0.124	0.127	0.115	0.116	0.115	0.113	0.327	0.219	0.134	0.131	0.137	0.127	0.122	0.124	0.114	0.114	0.116	0.118	0.321	0.224	0.135	0.135	0.141	0.131	0.124	0.127	0.119	0.117	0.114	0.115	0.326	0.220	0.137	0.136	0.143	0.132	0.132	0.131	0.128	0.121	0.116	0.115	0.343	0.220	0.136	0.136	0.158	0.206	0.133	0.136	0.131	0.124	0.117	0.114	0.344	0.215	0.136	0.135	0.153	0.136	0.129	0.134	0.126	0.118	0.115	0.114	0.343	0.225	0.135	0.134	0.152	0.129	0.124	0.127	0.119	0.117	0.114	0.116	0.387	0.204	0.135	0.137	0.137	0.127	0.137	0.127	0.113	0.113	0.114	0.114
7:20:01	0.344	0.240	0.137	0.136	0.134	0.129	0.124	0.127	0.115	0.116	0.114	0.113	0.338	0.232	0.136	0.133	0.135	0.127	0.123	0.124	0.114	0.114	0.116	0.118	0.364	0.236	0.137	0.137	0.140	0.131	0.125	0.127	0.120	0.117	0.114	0.115	0.370	0.234	0.139	0.138	0.142	0.133	0.132	0.132	0.128	0.121	0.116	0.115	0.410	0.238	0.138	0.138	0.154	0.205	0.134	0.136	0.132	0.124	0.118	0.114	0.367	0.231	0.138	0.137	0.149	0.137	0.130	0.134	0.127	0.118	0.115	0.114	0.380	0.245	0.137	0.136	0.147	0.130	0.124	0.127	0.119	0.117	0.114	0.116	0.474	0.206	0.137	0.138	0.136	0.128	0.137	0.128	0.113	0.113	0.114	0.114
7:40:01	0.364	0.232	0.139	0.137	0.134	0.129	0.125	0.127	0.115	0.116	0.114	0.113	0.375	0.231	0.138	0.134	0.135	0.128	0.123	0.125	0.114	0.114	0.116	0.118	0.411	0.233	0.139	0.139	0.138	0.132	0.125	0.127	0.119	0.117	0.114	0.115	0.444	0.235	0.141	0.139	0.141	0.134	0.132	0.132	0.128	0.121	0.116	0.115	0.461	0.240	0.140	0.140	0.149	0.206	0.134	0.137	0.131	0.124	0.117	0.114	0.522	0.231	0.140	0.139	0.145	0.137	0.130	0.135	0.126	0.118	0.115	0.114	0.444	0.230	0.139	0.138	0.143	0.131	0.125	0.128	0.119	0.117	0.114	0.116	0.525	0.209	0.139	0.140	0.135	0.129	0.137	0.128	0.113	0.113	0.114	0.114
8:00:01	0.366	0.231	0.140	0.138	0.133	0.130	0.124	0.128	0.115	0.116	0.114	0.113	0.370	0.231	0.140	0.136	0.134	0.129	0.123	0.125	0.114	0.114	0.116	0.118	0.435	0.243	0.141	0.140	0.138	0.133	0.126	0.128	0.119	0.117	0.114	0.115	0.480	0.241	0.142	0.140	0.140	0.135	0.132	0.132	0.127	0.121	0.115	0.115	0.494	0.242	0.142	0.141	0.146	0.208	0.135	0.137	0.131	0.123	0.118	0.114	0.447	0.234	0.142	0.140	0.141	0.138	0.130	0.135	0.127	0.118	0.115	0.114	0.473	0.241	0.140	0.139	0.139	0.132	0.125	0.129	0.119	0.117	0.114	0.116	0.523	0.215	0.141	0.141	0.135	0.130	0.137	0.129	0.113	0.113	0.114	0.114
8:20:01	0.407	0.245	0.142	0.141	0.133	0.131	0.125	0.128	0.115	0.116	0.114	0.113	0.411	0.251	0.141	0.137	0.134	0.130	0.123	0.124	0.114	0.114	0.115	0.118	0.471	0.268	0.142	0.142	0.137	0.134	0.125	0.128	0.119	0.117	0.114	0.115	0.511	0.267	0.144	0.142	0.140	0.137	0.132	0.132	0.127	0.121	0.116	0.115	0.541	0.266	0.143	0.142	0.144	0.212	0.135	0.137	0.131	0.123	0.118	0.114	0.498	0.261	0.143	0.141	0.139	0.140	0.131	0.136	0.127	0.118	0.115	0.114	0.504	0.248	0.142	0.141	0.137	0.132	0.126	0.129	0.119	0.117	0.114	0.116	0.526	0.241	0.142	0.143	0.134	0.131	0.136	0.128	0.113	0.114	0.114	0.114
8:40:01	0.436	0.282	0.144	0.142	0.132	0.132	0.126	0.129	0.115	0.116	0.114	0.113	0.434	0.278	0.143	0.139	0.134	0.130	0.124	0.126	0.114	0.114	0.115	0.118	0.515	0.302	0.144	0.144	0.137	0.136	0.127	0.129	0.120	0.117	0.114	0.115	0.546	0.288	0.145	0.143	0.140	0.139	0.134	0.133	0.128	0.121	0.115	0.115	0.568	0.293	0.145	0.144	0.143	0.214	0.136	0.138	0.132	0.124	0.118	0.114	0.518	0.289	0.144	0.143	0.138	0.142	0.132	0.137	0.127	0.119	0.115	0.114	0.536	0.276	0.143	0.142	0.135	0.133	0.127	0.129	0.119	0.117	0.114	0.116	0.526	0.271	0.144	0.144	0.134	0.132	0.137	0.129	0.113	0.113	0.113	0.114
9:00:01	0.423	0.305	0.145	0.144	0.132	0.133	0.126	0.129	0.115	0.116	0.114	0.113	0.411	0.311	0.145	0.140	0.133	0.131	0.124	0.125	0.114	0.114	0.115	0.118	0.506	0.347	0.146	0.145	0.137	0.137	0.126	0.129	0.119	0.117	0.114	0.115	0.527	0.325	0.147	0.145	0.139	0.141	0.134	0.133	0.128	0.121	0.116	0.115	0.575	0.322	0.146	0.145	0.142	0.217	0.136	0.138	0.132	0.124	0.118	0.114	0.519	0.302	0.146	0.144	0.137	0.144	0.132	0.136	0.127	0.119	0.115	0.114	0.543	0.310	0.145	0.143	0.134	0.134	0.126	0.129	0.119	0.117	0.114	0.116	0.538	0.335	0.145	0.145	0.134	0.132	0.137	0.129	0.113	0.113	0.113	0.114
9:20:01	0.446	0.360	0.147	0.145	0.132	0.133	0.125	0.129	0.115	0.116	0.114	0.113	0.448	0.370	0.146	0.142	0.133	0.131	0.124	0.125	0.114	0.114	0.116	0.118	0.532	0.412	0.147	0.146	0.136	0.137	0.127	0.128	0.119	0.117	0.114	0.115	0.560	0.375	0.148	0.146	0.139	0.141	0.133	0.132	0.127	0.121	0.115	0.115	0.571	0.395	0.147	0.146	0.141	0.215	0.135	0.137	0.131	0.123	0.117	0.114	0.540	0.370	0.147	0.146	0.136	0.144	0.131	0.136	0.127	0.118	0.115	0.114	0.553	0.357	0.146	0.144	0.134	0.135	0.127	0.128	0.119	0.117	0.114	0.116	0.525	0.435	0.146	0.146	0.134	0.133	0.138	0.130	0.113	0.113	0.114	0.114
9:40:01	0.470	0.401	0.148	0.147	0.132	0.133	0.126	0.129	0.115	0.116	0.114	0.113	0.466	0.405	0.147	0.142	0.133	0.132	0.124	0.126	0.115	0.114	0.115	0.118	0.562	0.429	0.148	0.147	0.136	0.137	0.127	0.129	0.119	0.117	0.114	0.115	0.599	0.412	0.150	0.147	0.139	0.141	0.134	0.134	0.127	0.121	0.116	0.115	0.590	0.427	0.149	0.147	0.141	0.217	0.137	0.138	0.131	0.124	0.118	0.114	0.539	0.407	0.148	0.147	0.136	0.144	0.132	0.136	0.127	0.119	0.115	0.114	0.554	0.418	0.147	0.145	0.133	0.135	0.127	0.129	0.119	0.117	0.114	0.116	0.538	0.466	0.148	0.147	0.133	0.133	0.137	0.129	0.113	0.113	0.113	0.114
10:00:01	0.472	0.417	0.149	0.147	0.132	0.133	0.127	0.129	0.115	0.116	0.114	0.113	0.481	0.421	0.148	0.144	0.133	0.132	0.124	0.125	0.115	0.114	0.116	0.118	0.582	0.465	0.149	0.149	0.137	0.138	0.127	0.129	0.120	0.117	0.114	0.115	0.616	0.432	0.151	0.149	0.140	0.141	0.136	0.135	0.130	0.123	0.116	0.115	0.608	0.461	0.150	0.149	0.142	0.215	0.139	0.140	0.133	0.126	0.118	0.114	0.545	0.437	0.150	0.149	0.137	0.145	0.134	0.138	0.129	0.120	0.115	0.114	0.564	0.487	0.148	0.147	0.133	0.135	0.128	0.129	0.120	0.117	0.114	0.116	0.567	0.487	0.149	0.148	0.133	0.133	0.138	0.130	0.113	0.113	0.114	0.114
10:20:01	0.481	0.453	0.150	0.149	0.132	0.133	0.127	0.129	0.115	0.116	0.114	0.113	0.504	0.455	0.149	0.145	0.133	0.132	0.125	0.125	0.115	0.114	0.116	0.117	0.583	0.498	0.151	0.151	0.137	0.138	0.128	0.130	0.120	0.117	0.115	0.115	0.619	0.472	0.153	0.151	0.140	0.140	0.137	0.135	0.130	0.123	0.116	0.115	0.613	0.492	0.151	0.150	0.142	0.217	0.139	0.140	0.133	0.126	0.118	0.114	0.558	0.471	0.151	0.150	0.137	0.144	0.135	0.139	0.129	0.120	0.115	0.114	0.572	0.516	0.150	0.148	0.133	0.134	0.129	0.130	0.120	0.117	0.114	0.116	0.584	0.503	0.150	0.149	0.133	0.132	0.137	0.130	0.113	0.113	0.113	0.114
10:40:01	0.495	0.474	0.152	0.150	0.132	0.132	0.127	0.129	0.115	0.116	0.114	0.113	0.501	0.475	0.150	0.147	0.133	0.131	0.125	0.126	0.115	0.114	0.115	0.118	0.583	0.513	0.152	0.151	0.136	0.136	0.128	0.130	0.120	0.117	0.114	0.115	0.616	0.493	0.153	0.151	0.139	0.139	0.135	0.134	0.128	0.121	0.116	0.115	0.618	0.507	0.152	0.151	0.141	0.214	0.138	0.139	0.132	0.124	0.118	0.114	0.576	0.491	0.151	0.150	0.135	0.141	0.133	0.138	0.127	0.119	0.115	0.114	0.582	0.533	0.150	0.149	0.133	0.134	0.129	0.130	0.119	0.117	0.114	0.116	0.599	0.515	0.151	0.150	0.133	0.132	0.138	0.130	0.113	0.113	0.113	0.114
11:00:01	0.496	0.489	0.152	0.151	0.132	0.132	0.128	0.130	0.115	0.116	0.114	0.113	0.491	0.490	0.151	0.147	0.133	0.131	0.124	0.126	0.115	0.114	0.116	0.118	0.573	0.521	0.152	0.151	0.136	0.136	0.129	0.130	0.120	0.117	0.114	0.115	0.605	0.503	0.154	0.152	0.139	0.139	0.136	0.135	0.129	0.122	0.116	0.115	0.639	0.515	0.153	0.152	0.141	0.216	0.138	0.140	0.133	0.125	0.117	0.114	0.582	0.505	0.152	0.151	0.136	0.141	0.134	0.138	0.128	0.120	0.115	0.114	0.578	0.578	0.151	0.149	0.133	0.133	0.128	0.130	0.120	0.117	0.114	0.116	0.615	0.514	0.151	0.150	0.133	0.132	0.138	0.130	0.113	0.113	0.113	0.114
11:20:01	0.500	0.506	0.153	0.153	0.132	0.131	0.128	0.130	0.115	0.116	0.114	0.113	0.500	0.504	0.152	0.148	0.133	0.131	0.125	0.126	0.115	0.114	0.115	0.118	0.576	0.533	0.154	0.153	0.136	0.136	0.129	0.131	0.120	0.117	0.114	0.115	0.612	0.513	0.155	0.154	0.139	0.138	0.137	0.135	0.129	0.122	0.116	0.115	0.651	0.523	0.154	0.153	0.141	0.214	0.139	0.140	0.133	0.125	0.118	0.114	0.599	0.511	0.153	0.153	0.136	0.141	0.134	0.139	0.128	0.120	0.115	0.114	0.597	0.615	0.152	0.150	0.133	0.133	0.129	0.131	0.120	0.117	0.114	0.116	0.622	0.515	0.152	0.151	0.132	0.131	0.138	0.132	0.113	0.113	0.113	0.114
11:40:01	0.507	0.518	0.153	0.153	0.132	0.131	0.129	0.130	0.115	0.116	0.114	0.113	0.502	0.517	0.152	0.149	0.133	0.131	0.125	0.126	0.115	0.114	0.115	0.118	0.589	0.542	0.154	0.154	0.137	0.136	0.130	0.131	0.120	0.117	0.114	0.115	0.618	0.527	0.156	0.155	0.140	0.139	0.139	0.136	0.130	0.123	0.116	0.115	0.660	0.532	0.155	0.155	0.141	0.214	0.141	0.141	0.133	0.126	0.118	0.114	0.614	0.520	0.154	0.155	0.136	0.142	0.136	0.140	0.129	0.120	0.115	0.114	0.606	0.642	0.153	0.151	0.133	0.133	0.130	0.131	0.120	0.117	0.114	0.116	0.629	0.521	0.153	0.152	0.133	0.131	0.138	0.131	0.113	0.114	0.114	0.114
12:00:01	0.516	0.521	0.154	0.154	0.131	0.131	0.129	0.130	0.115	0.116	0.114	0.113	0.524	0.519	0.153	0.150	0.133	0.131	0.125	0.127	0.115	0.114	0.115	0.118	0.577	0.545	0.155	0.155	0.136	0.135	0.130	0.132	0.120	0.117	0.114	0.115	0.623	0.531	0.157	0.156	0.139	0.138	0.138	0.136	0.129	0.122	0.116	0.115	0.665	0.539	0.155	0.155	0.141	0.213	0.140	0.141	0.133	0.125	0.118	0.114	0.619	0.528	0.155	0.156	0.136	0.141	0.136	0.139	0.128	0.120	0.115	0.114	0.612	0.655	0.153	0.152	0.133	0.133	0.129	0.131	0.120	0.117	0.114	0.116	0.642	0.523	0.153	0.152	0.133	0.131	0.138	0.132	0.113	0.114	0.114	0.114
12:20:01	0.524	0.525	0.154	0.154	0.132	0.131	0.129	0.130	0.115	0.116	0.114	0.113	0.525	0.525	0.153	0.150	0.132	0.131	0.125	0.127	0.115	0.114	0.116	0.118	0.586	0.546	0.155	0.156	0.137	0.135	0.131	0.131	0.120	0.117	0.114	0.115	0.623	0.539	0.157	0.157	0.139	0.138	0.138	0.136	0.129	0.122	0.116	0.115	0.674	0.548	0.156	0.156	0.141	0.210	0.141	0.141	0.132	0.125	0.118	0.114	0.627	0.536	0.156	0.157	0.136	0.141	0.137	0.139	0.128	0.120	0.115	0.114	0.617	0.678	0.154	0.153	0.133	0.133	0.131	0.131	0.120	0.117	0.114	0.116	0.656	0.532	0.153	0.153	0.133	0.131	0.139	0.132	0.113	0.113	0.114	0.114
12:40:01	0.542	0.529	0.154	0.155	0.131	0.130	0.129	0.130	0.115	0.116	0.114	0.113	0.553	0.532	0.154	0.152	0.133	0.131	0.125	0.127	0.115	0.114	0.115	0.118	0.602	0.557	0.155	0.156	0.137	0.135	0.131	0.132	0.120	0.117	0.114	0.115	0.641	0.548	0.157	0.157	0.139	0.138	0.138	0.137	0.129	0.122	0.116	0.115	0.685	0.552	0.156	0.157	0.141	0.213	0.142	0.142	0.133	0.126	0.118	0.114	0.638	0.542	0.156	0.158	0.136	0.141	0.138	0.140	0.129	0.120	0.115	0.114	0.623	0.579	0.154	0.154	0.133	0.133	0.131	0.132	0.120	0.117	0.114	0.116	0.663	0.539	0.153	0.153	0.132	0.131	0.138	0.132	0.113	0.113	0.113	0.114
13:00:01	0.544	0.528	0.154	0.155	0.132	0.130	0.129	0.130	0.115	0.116	0.114	0.113	0.543	0.539	0.154	0.152	0.132	0.131	0.125	0.126	0.115	0.114	0.116	0.118	0.608	0.558	0.155	0.157	0.137	0.136	0.131	0.132	0.120	0.117	0.114	0.115	0.639	0.553	0.157	0.158	0.139	0.138	0.139	0.137	0.130	0.123	0.116	0.115	0.685	0.558	0.156	0.158	0.141	0.210	0.141	0.142	0.133	0.126	0.118	0.114	0.639	0.549	0.155	0.158	0.137	0.141	0.137	0.140	0.129	0.120	0.115	0.114	0.629	0.545	0.154	0.154	0.133	0.133	0.131	0.132	0.120	0.118	0.114	0.116	0.672	0.543	0.153	0.154	0.133	0.131	0.139	0.132	0.113	0.113	0.114	0.114
13:20:01	0.562	0.540	0.154	0.155	0.132	0.130	0.129	0.130	0.115	0.116	0.114	0.113	0.563	0.540	0.154	0.152	0.132	0.130	0.125	0.126	0.115	0.114	0.115	0.118	0.614	0.565	0.155	0.157	0.137	0.135	0.131	0.132	0.120	0.117	0.114	0.115	0.594	0.563	0.157	0.158	0.139	0.138	0.138	0.136	0.128	0.122	0.116	0.115	0.687	0.562	0.156	0.158	0.141	0.211	0.141	0.141	0.132	0.125	0.118	0.114	0.647	0.555	0.155	0.158	0.136	0.140	0.137	0.140	0.128	0.120	0.115	0.114	0.630	0.535	0.154	0.154	0.133	0.132	0.131	0.132	0.120	0.117	0.114	0.116	0.670	0.546	0.153	0.154	0.133	0.131	0.138	0.132	0.113	0.113	0.113	0.114
13:40:01	0.574	0.550	0.154	0.156	0.132	0.130	0.129	0.131	0.115	0.116	0.114	0.113	0.575	0.546	0.154	0.153	0.133	0.130	0.126	0.126	0.115	0.114	0.115	0.117	0.592	0.573	0.155	0.158	0.136	0.135	0.131	0.132	0.120	0.117	0.114	0.115	0.583	0.569	0.157	0.158	0.138	0.138	0.138	0.136	0.127	0.121	0.116	0.115	0.687	0.566	0.156	0.159	0.140	0.211	0.140	0.141	0.131	0.124	0.118	0.114	0.657	0.566	0.155	0.158	0.135	0.140	0.136	0.140	0.127	0.119	0.115	0.114	0.640	0.535	0.154	0.154	0.133	0.132	0.131	0.132	0.120	0.117	0.114	0.116	0.675	0.567	0.153	0.154	0.133	0.131	0.138	0.132	0.113	0.113	0.113	0.114
14:00:01	0.581	0.559	0.155	0.156	0.132	0.130	0.129	0.131	0.115	0.116	0.114	0.113	0.587	0.553	0.154	0.153	0.132	0.130	0.125	0.126	0.115	0.114	0.115	0.117	0.606	0.579	0.155	0.158	0.136	0.135	0.131	0.132	0.119	0.117	0.114	0.115	0.564	0.577	0.156	0.158	0.138	0.137	0.137	0.135	0.126	0.120	0.116	0.115	0.680	0.572	0.156	0.159	0.139	0.209	0.139	0.139	0.130	0.123	0.118	0.114	0.662	0.575	0.155	0.158	0.135	0.138	0.136	0.140	0.126	0.119	0.115	0.114	0.647	0.538	0.154	0.155	0.133	0.132	0.131	0.132	0.119	0.117	0.114	0.116	0.681	0.573	0.153	0.154	0.132	0.131	0.138	0.132	0.113	0.113	0.113	0.113
14:20:01	0.589	0.567	0.155	0.157	0.132	0.130	0.129	0.131	0.115	0.116	0.114	0.113	0.598	0.563	0.154	0.153	0.132	0.130	0.125	0.126	0.115	0.114	0.115	0.117	0.522	0.588	0.156	0.158	0.136	0.135	0.131	0.132	0.119	0.117	0.114	0.115	0.534	0.588	0.157	0.158	0.138	0.137	0.137	0.135	0.125	0.120	0.116	0.115	0.684	0.588	0.156	0.159	0.139	0.209	0.139	0.139	0.130	0.123	0.118	0.114	0.663	0.583	0.155	0.159	0.135	0.138	0.136	0.139	0.126	0.119	0.115	0.114	0.654	0.548	0.154	0.155	0.133	0.132	0.131	0.132	0.119	0.117	0.114	0.116	0.689	0.582	0.154	0.155	0.132	0.131	0.138	0.132	0.113	0.113	0.113	0.114
14:40:01	0.596	0.575	0.155	0.156	0.132	0.130	0.130	0.131	0.115	0.116	0.114	0.113	0.603	0.573	0.155	0.153	0.132	0.130	0.126	0.125	0.114	0.114	0.115	0.118	0.538	0.596	0.156	0.158	0.136	0.135	0.131	0.132	0.119	0.117	0.114	0.115	0.531	0.599	0.157	0.159	0.138	0.138	0.137	0.135	0.125	0.120	0.116	0.115	0.653	0.597	0.157	0.159	0.139	0.208	0.139	0.139	0.129	0.123	0.117	0.114	0.664	0.600	0.155	0.159	0.135	0.138	0.136	0.139	0.126	0.119	0.115	0.114	0.657	0.550	0.154	0.155	0.133	0.132	0.131	0.132	0.119	0.117	0.114	0.116	0.690	0.596	0.153	0.155	0.133	0.131	0.139	0.132	0.113	0.113	0.113	0.114
15:00:01	0.604	0.592	0.155	0.157	0.131	0.130	0.129	0.131	0.115	0.116	0.114	0.113	0.606	0.587	0.155	0.154	0.132	0.130	0.125	0.126	0.115	0.114	0.115	0.117	0.430	0.617	0.156	0.159	0.136	0.135	0.131	0.132	0.119	0.117	0.114	0.115	0.469	0.605	0.157	0.159	0.137	0.137	0.137	0.135	0.124	0.120	0.116	0.115	0.626	0.609	0.157	0.159	0.139	0.209	0.139	0.139	0.129	0.122	0.118	0.114	0.662	0.610	0.156	0.159	0.134	0.138	0.136	0.139	0.126	0.118	0.115	0.114	0.660	0.541	0.154	0.155	0.132	0.132	0.131	0.131	0.119	0.117	0.114	0.116	0.688	0.608	0.154	0.155	0.132	0.131	0.138	0.132	0.113	0.113	0.113	0.114
15:20:01	0.610	0.610	0.155	0.157	0.131	0.130	0.129	0.131	0.115	0.116	0.114	0.113	0.608	0.601	0.155	0.154	0.132	0.130	0.125	0.126	0.115	0.114	0.115	0.118	0.384	0.623	0.156	0.159	0.136	0.135	0.131	0.132	0.119	0.117	0.114	0.115	0.465	0.612	0.157	0.159	0.137	0.137	0.137	0.135	0.124	0.120	0.116	0.115	0.616	0.622	0.157	0.160	0.139	0.209	0.139	0.139	0.129	0.122	0.118	0.114	0.660	0.619	0.156	0.159	0.134	0.138	0.136	0.139	0.126	0.118	0.115	0.114	0.659	0.549	0.154	0.155	0.132	0.132	0.131	0.132	0.119	0.117	0.114	0.116	0.691	0.620	0.154	0.155	0.132	0.131	0.138	0.132	0.113	0.113	0.113	0.114
15:40:01	0.611	0.614	0.155	0.157	0.131	0.130	0.129	0.131	0.115	0.116	0.114	0.113	0.609	0.613	0.155	0.154	0.132	0.130	0.125	0.126	0.115	0.114	0.115	0.117	0.370	0.633	0.156	0.159	0.136	0.134	0.131	0.132	0.119	0.117	0.114	0.115	0.433	0.618	0.157	0.159	0.137	0.138	0.136	0.134	0.124	0.120	0.115	0.115	0.611	0.631	0.157	0.160	0.139	0.209	0.138	0.138	0.128	0.122	0.118	0.114	0.662	0.624	0.155	0.160	0.134	0.137	0.135	0.139	0.125	0.118	0.115	0.114	0.661	0.508	0.154	0.155	0.132	0.132	0.131	0.131	0.118	0.117	0.114	0.116	0.697	0.636	0.154	0.155	0.132	0.131	0.138	0.132	0.113	0.113	0.113	0.114
16:00:01	0.612	0.624	0.155	0.157	0.131	0.130	0.129	0.131	0.115	0.116	0.114	0.113	0.609	0.622	0.155	0.154	0.132	0.130	0.126	0.126	0.115	0.114	0.115	0.118	0.387	0.647	0.156	0.159	0.136	0.135	0.131	0.132	0.119	0.117	0.114	0.115	0.408	0.620	0.157	0.160	0.137	0.139	0.137	0.135	0.124	0.120	0.116	0.115	0.604	0.635	0.157	0.160	0.139	0.209	0.139	0.139	0.129	0.122	0.118	0.114	0.658	0.628	0.156	0.160	0.134	0.138	0.136	0.139	0.126	0.119	0.115	0.114	0.662	0.444	0.154	0.155	0.132	0.132	0.131	0.132	0.119	0.117	0.114	0.116	0.699	0.630	0.154	0.156	0.132	0.131	0.138	0.132	0.113	0.113	0.113	0.114
16:20:01	0.611	0.630	0.155	0.157	0.131	0.130	0.129	0.131	0.115	0.116	0.114	0.113	0.609	0.626	0.155	0.155	0.132	0.130	0.126	0.126	0.115	0.114	0.115	0.118	0.386	0.651	0.157	0.159	0.136	0.135	0.131	0.132	0.119	0.117	0.114	0.114	0.477	0.622	0.157	0.160	0.137	0.139	0.137	0.134	0.124	0.120	0.116	0.115	0.598	0.639	0.157	0.160	0.138	0.209	0.138	0.138	0.128	0.122	0.118	0.114	0.656	0.630	0.156	0.160	0.134	0.138	0.135	0.139	0.125	0.118	0.115	0.114	0.661	0.427	0.154	0.155	0.132	0.132	0.131	0.131	0.119	0.117	0.114	0.116	0.704	0.634	0.154	0.155	0.132	0.131	0.138	0.132	0.113	0.113	0.113	0.114
16:40:01	0.610	0.639	0.155	0.157	0.131	0.130	0.129	0.131	0.115	0.116	0.114	0.113	0.609	0.631	0.155	0.155	0.132	0.130	0.126	0.126	0.114	0.114	0.115	0.117	0.354	0.658	0.157	0.159	0.135	0.134	0.131	0.131	0.119	0.117	0.114	0.115	0.486	0.630	0.157	0.160	0.137	0.139	0.136	0.134	0.123	0.119	0.116	0.115	0.590	0.642	0.157	0.160	0.138	0.209	0.138	0.138	0.127	0.121	0.118	0.114	0.657	0.633	0.156	0.160	0.134	0.137	0.134	0.139	0.124	0.118	0.115	0.114	0.662	0.441	0.154	0.155	0.132	0.132	0.131	0.131	0.118	0.117	0.114	0.116	0.717	0.646	0.154	0.155	0.132	0.131	0.138	0.132	0.113	0.113	0.113	0.114
17:00:01	0.609	0.647	0.155	0.157	0.131	0.130	0.129	0.131	0.115	0.116	0.114	0.113	0.607	0.635	0.155	0.155	0.132	0.130	0.126	0.126	0.114	0.114	0.115	0.117	0.383	0.666	0.157	0.160	0.135	0.134	0.131	0.131	0.119	0.117	0.114	0.114	0.437	0.636	0.157	0.160	0.137	0.139	0.136	0.134	0.123	0.119	0.116	0.115	0.584	0.648	0.158	0.161	0.138	0.209	0.138	0.137	0.127	0.121	0.118	0.114	0.657	0.640	0.156	0.160	0.134	0.137	0.134	0.139	0.124	0.118	0.115	0.114	0.660	0.420	0.154	0.156	0.132	0.132	0.131	0.131	0.118	0.117	0.114	0.116	0.729	0.655	0.154	0.155	0.132	0.131	0.138	0.132	0.113	0.113	0.113	0.114
17:20:02	0.609	0.655	0.155	0.157	0.131	0.130	0.129	0.131	0.115	0.116	0.114	0.113	0.607	0.640	0.155	0.154	0.132	0.130	0.126	0.126	0.114	0.114	0.115	0.117	0.389	0.669	0.157	0.160	0.135	0.134	0.131	0.131	0.119	0.117	0.114	0.114	0.438	0.641	0.157	0.160	0.136	0.139	0.136	0.133	0.123	0.119	0.115	0.115	0.578	0.654	0.158	0.161	0.138	0.208	0.137	0.137	0.127	0.121	0.118	0.114	0.655	0.645	0.156	0.160	0.133	0.137	0.134	0.138	0.124	0.118	0.115	0.114	0.660	0.445	0.154	0.156	0.132	0.132	0.131	0.131	0.118	0.117	0.114	0.116	0.735	0.664	0.154	0.155	0.132	0.130	0.138	0.132	0.113	0.113	0.113	0.113
17:40:02	0.606	0.658	0.155	0.157	0.131	0.130	0.129	0.131	0.115	0.116	0.114	0.113	0.606	0.646	0.155	0.155	0.132	0.130	0.126	0.126	0.114	0.114	0.115	0.117	0.386	0.670	0.157	0.160	0.135	0.134	0.130	0.131	0.119	0.117	0.114	0.114	0.418	0.643	0.157	0.160	0.136	0.140	0.135	0.133	0.122	0.119	0.116	0.115	0.583	0.659	0.158	0.161	0.138	0.208	0.137	0.137	0.127	0.121	0.117	0.114	0.655	0.643	0.156	0.160	0.134	0.137	0.134	0.138	0.124	0.118	0.115	0.114	0.663	0.435	0.154	0.156	0.132	0.132	0.130	0.131	0.118	0.117	0.114	0.116	0.735	0.678	0.154	0.155	0.132	0.130	0.138	0.132	0.113	0.113	0.113	0.113
18:00:02	0.603	0.654	0.155	0.157	0.131	0.130	0.129	0.130	0.115	0.116	0.114	0.113	0.605	0.647	0.155	0.155	0.132	0.130	0.126	0.126	0.114	0.114	0.115	0.117	0.387	0.666	0.157	0.159	0.135	0.134	0.130	0.131	0.119	0.117	0.114	0.114	0.423	0.641	0.157	0.160	0.136	0.139	0.135	0.133	0.122	0.119	0.115	0.115	0.589	0.660	0.158	0.161	0.138	0.207	0.137	0.137	0.127	0.121	0.117	0.114	0.654	0.642	0.156	0.160	0.133	0.137	0.134	0.138	0.124	0.118	0.115	0.114	0.666	0.441	0.154	0.156	0.132	0.132	0.130	0.131	0.118	0.117	0.114	0.116	0.735	0.689	0.154	0.155	0.132	0.130	0.138	0.132	0.113	0.113	0.113	0.114
18:20:02	0.602	0.647	0.155	0.158	0.131	0.130	0.129	0.130	0.115	0.116	0.114	0.113	0.606	0.649	0.155	0.155	0.131	0.130	0.126	0.125	0.114	0.114	0.115	0.117	0.384	0.660	0.157	0.159	0.135	0.134	0.130	0.131	0.119	0.116	0.114	0.114	0.433	0.642	0.157	0.160	0.136	0.139	0.135	0.133	0.122	0.119	0.115	0.115	0.595	0.661	0.158	0.161	0.138	0.207	0.137	0.137	0.127	0.121	0.117	0.114	0.655	0.642	0.156	0.160	0.133	0.137	0.134	0.138	0.124	0.118	0.115	0.114	0.669	0.439	0.154	0.156	0.132	0.132	0.130	0.131	0.118	0.117	0.114	0.116	0.741	0.677	0.154	0.156	0.132	0.130	0.138	0.132	0.113	0.113	0.113	0.114
18:40:02	0.601	0.641	0.155	0.158	0.131	0.130	0.128	0.131	0.115	0.116	0.114	0.113	0.609	0.648	0.156	0.155	0.132	0.130	0.125	0.125	0.114	0.114	0.115	0.117	0.386	0.651	0.157	0.159	0.135	0.134	0.130	0.131	0.118	0.117	0.114	0.114	0.444	0.644	0.157	0.160	0.136	0.139	0.135	0.133	0.122	0.119	0.115	0.115	0.607	0.655	0.158	0.161	0.138	0.209	0.137	0.137	0.127	0.121	0.117	0.114	0.655	0.643	0.156	0.160	0.133	0.137	0.134	0.138	0.124	0.118	0.115	0.114	0.672	0.436	0.154	0.156	0.132	0.132	0.130	0.131	0.118	0.117	0.114	0.116	0.746	0.669	0.154	0.155	0.132	0.130	0.138	0.131	0.113	0.113	0.113	0.113
19:00:02	0.598	0.637	0.156	0.158	0.131	0.130	0.128	0.131	0.115	0.116	0.114	0.113	0.606	0.639	0.156	0.155	0.132	0.130	0.126	0.125	0.115	0.114	0.115	0.117	0.406	0.642	0.157	0.160	0.135	0.134	0.130	0.131	0.118	0.117	0.114	0.115	0.446	0.639	0.157	0.160	0.136	0.139	0.134	0.132	0.122	0.119	0.116	0.115	0.607	0.650	0.158	0.161	0.138	0.209	0.136	0.136	0.127	0.121	0.118	0.114	0.655	0.638	0.156	0.160	0.133	0.136	0.133	0.138	0.124	0.118	0.115	0.114	0.677	0.423	0.154	0.156	0.132	0.132	0.130	0.131	0.118	0.117	0.114	0.116	0.751	0.667	0.154	0.155	0.132	0.130	0.138	0.131	0.113	0.113	0.113	0.114
19:20:02	0.598	0.636	0.156	0.158	0.131	0.130	0.128	0.130	0.115	0.116	0.114	0.113	0.606	0.628	0.156	0.155	0.131	0.130	0.125	0.125	0.114	0.114	0.115	0.118	0.401	0.633	0.156	0.160	0.134	0.134	0.130	0.130	0.118	0.116	0.114	0.114	0.451	0.631	0.157	0.160	0.135	0.138	0.133	0.131	0.120	0.118	0.115	0.115	0.605	0.634	0.158	0.161	0.137	0.208	0.135	0.135	0.125	0.120	0.118	0.114	0.659	0.634	0.156	0.160	0.132	0.135	0.133	0.137	0.123	0.117	0.115	0.114	0.682	0.410	0.154	0.156	0.132	0.132	0.130	0.130	0.118	0.117	0.114	0.116	0.754	0.658	0.154	0.156	0.132	0.130	0.138	0.131	0.113	0.113	0.113	0.114
19:40:02	0.598	0.634	0.156	0.158	0.131	0.130	0.128	0.130	0.115	0.116	0.114	0.113	0.606	0.624	0.156	0.155	0.131	0.131	0.125	0.125	0.114	0.114	0.115	0.118	0.407	0.630	0.156	0.160	0.134	0.134	0.130	0.130	0.118	0.116	0.114	0.114	0.447	0.621	0.157	0.160	0.135	0.138	0.133	0.131	0.120	0.118	0.115	0.115	0.610	0.626	0.158	0.161	0.137	0.209	0.135	0.134	0.125	0.119	0.117	0.114	0.658	0.634	0.156	0.160	0.132	0.135	0.133	0.137	0.123	0.117	0.115	0.114	0.680	0.402	0.154	0.156	0.132	0.132	0.130	0.130	0.117	0.117	0.114	0.116	0.757	0.652	0.154	0.156	0.131	0.130	0.137	0.131	0.113	0.114	0.113	0.114
20:00:02	0.602	0.635	0.156	0.158	0.131	0.130	0.128	0.130	0.115	0.116	0.114	0.113	0.611	0.623	0.156	0.155	0.132	0.131	0.126	0.125	0.114	0.114	0.116	0.118	0.412	0.627	0.157	0.160	0.134	0.134	0.130	0.130	0.118	0.116	0.114	0.114	0.447	0.620	0.157	0.160	0.135	0.139	0.133	0.131	0.120	0.118	0.116	0.115	0.617	0.621	0.158	0.161	0.137	0.214	0.135	0.134	0.125	0.119	0.117	0.114	0.660	0.620	0.156	0.160	0.133	0.135	0.132	0.137	0.122	0.117	0.115	0.114	0.678	0.401	0.154	0.155	0.132	0.132	0.130	0.130	0.117	0.117	0.114	0.116	0.759	0.646	0.154	0.155	0.132	0.130	0.138	0.131	0.113	0.114	0.113	0.114
20:20:02	0.600	0.632	0.156	0.158	0.131	0.130	0.128	0.130	0.115	0.116	0.114	0.113	0.609	0.616	0.156	0.155	0.131	0.130	0.125	0.124	0.114	0.114	0.115	0.117	0.406	0.620	0.156	0.160	0.134	0.134	0.129	0.130	0.118	0.116	0.114	0.114	0.432	0.613	0.156	0.160	0.135	0.139	0.133	0.131	0.119	0.118	0.115	0.115	0.614	0.613	0.158	0.161	0.136	0.213	0.134	0.134	0.124	0.119	0.117	0.114	0.660	0.614	0.156	0.159	0.132	0.135	0.132	0.137	0.122	0.117	0.115	0.114	0.678	0.403	0.154	0.155	0.131	0.132	0.130	0.130	0.117	0.117	0.114	0.116	0.765	0.640	0.154	0.155	0.132	0.130	0.137	0.131	0.113	0.113	0.113	0.114
20:40:02	0.600	0.631	0.156	0.158	0.131	0.130	0.128	0.130	0.115	0.116	0.114	0.113	0.609	0.611	0.156	0.155	0.131	0.130	0.125	0.124	0.114	0.114	0.115	0.117	0.395	0.614	0.156	0.160	0.134	0.134	0.129	0.130	0.118	0.116	0.114	0.114	0.417	0.607	0.156	0.160	0.135	0.139	0.133	0.131	0.120	0.118	0.115	0.115	0.610	0.605	0.158	0.161	0.137	0.214	0.135	0.134	0.125	0.120	0.117	0.114	0.664	0.608	0.156	0.159	0.132	0.136	0.132	0.137	0.123	0.117	0.115	0.114	0.679	0.411	0.154	0.155	0.131	0.132	0.129	0.130	0.118	0.117	0.114	0.115	0.771	0.635	0.154	0.155	0.131	0.130	0.137	0.131	0.113	0.113	0.113	0.113
21:00:02	0.602	0.631	0.156	0.158	0.131	0.130	0.128	0.130	0.115	0.116	0.114	0.113	0.611	0.607	0.156	0.155	0.131	0.130	0.125	0.124	0.114	0.114	0.115	0.117	0.390	0.609	0.156	0.160	0.134	0.134	0.129	0.130	0.118	0.116	0.114	0.114	0.403	0.602	0.156	0.160	0.135	0.139	0.133	0.131	0.120	0.118	0.115	0.115	0.601	0.602	0.158	0.161	0.137	0.214	0.135	0.134	0.125	0.119	0.117	0.114	0.667	0.608	0.156	0.160	0.132	0.135	0.132	0.137	0.123	0.117	0.115	0.114	0.680	0.418	0.154	0.155	0.131	0.132	0.129	0.130	0.117	0.117	0.114	0.115	0.775	0.631	0.154	0.155	0.132	0.130	0.137	0.131	0.113	0.113	0.113	0.113
21:20:02	0.602	0.627	0.155	0.158	0.131	0.130	0.127	0.130	0.115	0.116	0.114	0.113	0.611	0.602	0.155	0.155	0.131	0.130	0.125	0.124	0.114	0.114	0.115	0.117	0.382	0.604	0.156	0.160	0.134	0.135	0.129	0.130	0.118	0.116	0.114	0.114	0.396	0.599	0.156	0.160	0.135	0.139	0.133	0.131	0.121	0.118	0.115	0.115	0.600	0.599	0.158	0.161	0.137	0.215	0.135	0.135	0.126	0.120	0.117	0.114	0.670	0.605	0.156	0.160	0.132	0.136	0.132	0.137	0.123	0.117	0.115	0.113	0.682	0.423	0.154	0.155	0.131	0.132	0.129	0.130	0.118	0.117	0.114	0.115	0.780	0.625	0.154	0.155	0.131	0.130	0.137	0.131	0.113	0.113	0.113	0.113
21:40:02	0.606	0.624	0.155	0.158	0.131	0.130	0.127	0.130	0.115	0.116	0.114	0.113	0.608	0.595	0.155	0.155	0.131	0.130	0.125	0.124	0.114	0.114	0.115	0.117	0.378	0.601	0.156	0.160	0.134	0.134	0.129	0.130	0.118	0.116	0.114	0.114	0.389	0.596	0.156	0.160	0.135	0.139	0.133	0.131	0.120	0.118	0.115	0.115	0.585	0.599	0.158	0.161	0.137	0.216	0.135	0.134	0.125	0.120	0.117	0.114	0.674	0.607	0.156	0.159	0.132	0.135	0.132	0.136	0.123	0.117	0.115	0.113	0.687	0.425	0.154	0.155	0.131	0.132	0.129	0.130	0.118	0.117	0.114	0.115	0.786	0.624	0.154	0.155	0.131	0.130	0.137	0.130	0.113	0.113	0.113	0.113
22:00:02	0.607	0.622	0.156	0.158	0.131	0.130	0.127	0.130	0.115	0.116	0.114	0.113	0.603	0.591	0.156	0.155	0.131	0.130	0.125	0.124	0.114	0.114	0.115	0.117	0.373	0.598	0.157	0.160	0.134	0.135	0.129	0.130	0.118	0.117	0.114	0.114	0.383	0.593	0.156	0.160	0.135	0.139	0.133	0.131	0.121	0.118	0.115	0.115	0.575	0.600	0.158	0.162	0.137	0.217	0.135	0.135	0.126	0.120	0.117	0.114	0.679	0.612	0.156	0.159	0.132	0.136	0.132	0.137	0.123	0.117	0.115	0.114	0.692	0.431	0.154	0.155	0.131	0.132	0.129	0.130	0.118	0.117	0.114	0.116	0.793	0.623	0.154	0.155	0.131	0.130	0.137	0.130	0.113	0.113	0.113	0.114
22:20:02	0.605	0.623	0.155	0.157	0.131	0.130	0.127	0.129	0.115	0.116	0.114	0.113	0.601	0.588	0.156	0.155	0.131	0.130	0.125	0.124	0.114	0.114	0.115	0.117	0.370	0.598	0.156	0.160	0.134	0.135	0.129	0.130	0.118	0.116	0.114	0.114	0.380	0.591	0.156	0.160	0.135	0.138	0.133	0.131	0.121	0.118	0.115	0.115	0.570	0.600	0.158	0.161	0.137	0.215	0.135	0.134	0.126	0.120	0.117	0.114	0.682	0.613	0.156	0.159	0.132	0.136	0.132	0.136	0.123	0.117	0.115	0.114	0.693	0.433	0.154	0.155	0.131	0.132	0.129	0.129	0.118	0.117	0.114	0.115	0.797	0.617	0.154	0.155	0.131	0.130	0.137	0.130	0.113	0.113	0.113	0.114
22:40:02	0.602	0.619	0.155	0.158	0.131	0.130	0.127	0.129	0.115	0.116	0.114	0.113	0.592	0.584	0.155	0.155	0.131	0.130	0.125	0.124	0.114	0.114	0.115	0.117	0.368	0.597	0.156	0.160	0.134	0.135	0.129	0.130	0.118	0.116	0.114	0.114	0.377	0.589	0.156	0.160	0.135	0.138	0.133	0.131	0.121	0.118	0.115	0.115	0.542	0.601	0.158	0.162	0.137	0.219	0.135	0.135	0.126	0.120	0.117	0.114	0.679	0.620	0.155	0.159	0.132	0.136	0.132	0.136	0.123	0.117	0.115	0.114	0.694	0.438	0.154	0.155	0.131	0.132	0.129	0.129	0.118	0.117	0.114	0.115	0.807	0.621	0.154	0.155	0.131	0.130	0.136	0.130	0.113	0.113	0.113	0.114
23:00:02	0.599	0.619	0.155	0.158	0.131	0.130	0.127	0.129	0.115	0.116	0.114	0.113	0.585	0.583	0.155	0.155	0.131	0.130	0.124	0.124	0.114	0.114	0.115	0.117	0.364	0.597	0.156	0.160	0.134	0.134	0.129	0.129	0.118	0.116	0.114	0.114	0.373	0.589	0.155	0.160	0.135	0.138	0.133	0.131	0.121	0.118	0.115	0.115	0.524	0.604	0.158	0.162	0.137	0.220	0.135	0.135	0.126	0.120	0.117	0.114	0.680	0.621	0.155	0.159	0.132	0.135	0.132	0.136	0.123	0.117	0.115	0.114	0.695	0.439	0.154	0.155	0.131	0.132	0.129	0.129	0.118	0.117	0.114	0.115	0.817	0.622	0.154	0.155	0.131	0.129	0.136	0.130	0.113	0.113	0.113	0.113
23:20:02	0.594	0.619	0.155	0.158	0.131	0.130	0.127	0.129	0.115	0.116	0.114	0.113	0.580	0.582	0.155	0.155	0.131	0.130	0.124	0.124	0.114	0.114	0.115	0.117	0.364	0.597	0.156	0.160	0.134	0.134	0.129	0.129	0.118	0.116	0.114	0.114	0.369	0.592	0.155	0.160	0.135	0.138	0.133	0.131	0.121	0.118	0.115	0.115	0.507	0.608	0.157	0.162	0.136	0.219	0.135	0.134	0.126	0.120	0.117	0.114	0.682	0.624	0.155	0.158	0.132	0.135	0.132	0.136	0.123	0.117	0.115	0.114	0.696	0.441	0.154	0.155	0.131	0.132	0.129	0.129	0.118	0.117	0.114	0.115	0.824	0.623	0.154	0.155	0.131	0.129	0.136	0.130	0.113	0.113	0.113	0.113
23:40:02	0.586	0.619	0.155	0.158	0.130	0.129	0.127	0.129	0.115	0.116	0.114	0.113	0.576	0.580	0.155	0.155	0.131	0.130	0.124	0.124	0.114	0.114	0.115	0.117	0.363	0.599	0.156	0.160	0.134	0.134	0.129	0.129	0.118	0.116	0.114	0.114	0.366	0.593	0.155	0.160	0.135	0.138	0.133	0.131	0.121	0.118	0.115	0.115	0.494	0.612	0.157	0.162	0.137	0.220	0.135	0.135	0.126	0.120	0.117	0.114	0.688	0.621	0.155	0.158	0.132	0.136	0.132	0.136	0.123	0.117	0.115	0.114	0.699	0.442	0.153	0.155	0.131	0.132	0.129	0.129	0.118	0.117	0.114	0.115	0.832	0.621	0.154	0.155	0.131	0.129	0.136	0.130	0.113	0.113	0.113	0.114
24:00:02	0.580	0.618	0.155	0.158	0.130	0.129	0.127	0.129	0.115	0.116	0.114	0.113	0.573	0.578	0.155	0.155	0.131	0.130	0.124	0.124	0.114	0.114	0.115	0.117	0.361	0.601	0.156	0.160	0.134	0.134	0.128	0.129	0.118	0.117	0.114	0.114	0.364	0.596	0.155	0.161	0.135	0.138	0.133	0.131	0.122	0.119	0.115	0.115	0.484	0.616	0.157	0.162	0.137	0.220	0.135	0.135	0.127	0.120	0.117	0.114	0.692	0.622	0.155	0.159	0.133	0.136	0.132	0.136	0.124	0.118	0.115	0.114	0.703	0.443	0.153	0.155	0.131	0.132	0.128	0.129	0.118	0.117	0.114	0.115	0.840	0.620	0.154	0.155	0.131	0.129	0.136	0.130	0.113	0.113	0.113	0.113
24:20:02	0.581	0.621	0.155	0.158	0.130	0.129	0.127	0.129	0.115	0.116	0.114	0.113	0.574	0.580	0.155	0.155	0.131	0.130	0.124	0.124	0.115	0.114	0.116	0.118	0.362	0.605	0.156	0.159	0.134	0.134	0.128	0.129	0.118	0.117	0.114	0.114	0.365	0.602	0.155	0.161	0.135	0.139	0.133	0.131	0.121	0.119	0.115	0.115	0.486	0.623	0.157	0.162	0.137	0.222	0.135	0.135	0.126	0.120	0.117	0.114	0.696	0.625	0.155	0.158	0.132	0.135	0.131	0.136	0.123	0.117	0.115	0.114	0.709	0.446	0.153	0.155	0.131	0.132	0.128	0.129	0.118	0.117	0.114	0.115	0.846	0.624	0.154	0.155	0.131	0.129	0.136	0.130	0.113	0.113	0.113	0.114
24:40:02	0.573	0.617	0.155	0.158	0.130	0.129	0.127	0.129	0.115	0.116	0.114	0.113	0.567	0.574	0.155	0.155	0.131	0.130	0.124	0.124	0.114	0.114	0.115	0.117	0.359	0.601	0.156	0.159	0.134	0.134	0.128	0.129	0.118	0.116	0.114	0.114	0.362	0.602	0.155	0.160	0.135	0.138	0.133	0.131	0.121	0.119	0.115	0.115	0.471	0.620	0.157	0.161	0.136	0.220	0.134	0.134	0.126	0.120	0.117	0.114	0.698	0.621	0.155	0.158	0.132	0.135	0.131	0.136	0.123	0.117	0.115	0.114	0.710	0.445	0.153	0.155	0.131	0.132	0.128	0.129	0.118	0.117	0.114	0.115	0.851	0.622	0.154	0.155	0.131	0.129	0.136	0.129	0.113	0.113	0.113	0.113
25:00:02	0.575	0.619	0.155	0.158	0.130	0.129	0.127	0.129	0.115	0.116	0.114	0.113	0.564	0.572	0.155	0.155	0.130	0.130	0.124	0.123	0.114	0.114	0.115	0.117	0.358	0.606	0.156	0.159	0.134	0.134	0.128	0.129	0.118	0.117	0.114	0.114	0.361	0.605	0.155	0.160	0.135	0.138	0.133	0.131	0.122	0.119	0.115	0.115	0.468	0.622	0.157	0.162	0.137	0.221	0.135	0.135	0.127	0.120	0.117	0.114	0.701	0.619	0.155	0.158	0.132	0.136	0.132	0.136	0.124	0.118	0.115	0.114	0.714	0.447	0.153	0.155	0.131	0.132	0.128	0.129	0.118	0.117	0.114	0.115	0.856	0.627	0.154	0.155	0.131	0.129	0.136	0.129	0.113	0.113	0.113	0.114
25:20:02	0.561	0.623	0.155	0.158	0.130	0.129	0.126	0.129	0.115	0.116	0.114	0.113	0.560	0.569	0.155	0.155	0.131	0.130	0.124	0.124	0.115	0.114	0.115	0.117	0.359	0.608	0.156	0.159	0.134	0.134	0.128	0.129	0.118	0.117	0.114	0.114	0.361	0.603	0.155	0.160	0.135	0.138	0.133	0.131	0.122	0.119	0.115	0.115	0.464	0.621	0.157	0.162	0.137	0.221	0.135	0.135	0.127	0.121	0.117	0.114	0.703	0.618	0.155	0.158	0.132	0.136	0.132	0.136	0.124	0.118	0.115	0.114	0.715	0.447	0.153	0.155	0.131	0.132	0.128	0.129	0.118	0.117	0.114	0.115	0.860	0.628	0.154	0.155	0.131	0.129	0.136	0.130	0.113	0.113	0.113	0.114
25:40:02	0.572	0.627	0.155	0.158	0.130	0.129	0.126	0.129	0.115	0.116	0.114	0.113	0.558	0.568	0.155	0.155	0.131	0.130	0.124	0.124	0.115	0.114	0.115	0.117	0.359	0.610	0.156	0.159	0.134	0.134	0.128	0.129	0.118	0.117	0.114	0.114	0.360	0.604	0.155	0.161	0.135	0.138	0.133	0.131	0.122	0.119	0.115	0.115	0.463	0.620	0.157	0.162	0.137	0.221	0.135	0.135	0.127	0.120	0.117	0.114	0.707	0.617	0.155	0.158	0.132	0.136	0.132	0.136	0.124	0.118	0.115	0.114	0.717	0.448	0.153	0.155	0.131	0.132	0.128	0.128	0.118	0.117	0.114	0.115	0.863	0.628	0.154	0.155	0.131	0.129	0.136	0.129	0.113	0.113	0.113	0.114
26:00:02	0.569	0.628	0.155	0.158	0.130	0.129	0.126	0.128	0.115	0.116	0.114	0.113	0.554	0.571	0.155	0.155	0.130	0.130	0.124	0.124	0.115	0.114	0.115	0.117	0.360	0.609	0.156	0.159	0.133	0.134	0.128	0.128	0.118	0.116	0.114	0.114	0.360	0.604	0.155	0.160	0.135	0.138	0.133	0.131	0.121	0.119	0.115	0.115	0.463	0.621	0.157	0.161	0.136	0.221	0.134	0.134	0.126	0.120	0.117	0.114	0.708	0.620	0.155	0.158	0.132	0.136	0.131	0.136	0.124	0.117	0.115	0.114	0.722	0.450	0.153	0.155	0.131	0.132	0.128	0.128	0.118	0.117	0.114	0.115	0.866	0.625	0.154	0.155	0.131	0.129	0.136	0.129	0.113	0.113	0.113	0.113
26:20:02	0.563	0.627	0.155	0.158	0.130	0.129	0.126	0.128	0.115	0.116	0.114	0.113	0.551	0.574	0.155	0.155	0.130	0.130	0.123	0.124	0.115	0.114	0.115	0.117	0.362	0.608	0.156	0.159	0.133	0.134	0.128	0.128	0.118	0.116	0.114	0.114	0.361	0.605	0.155	0.160	0.135	0.138	0.133	0.131	0.122	0.119	0.115	0.115	0.465	0.622	0.156	0.161	0.136	0.221	0.134	0.134	0.127	0.120	0.117	0.114	0.706	0.619	0.154	0.158	0.132	0.136	0.131	0.136	0.124	0.118	0.115	0.114	0.724	0.452	0.153	0.155	0.131	0.132	0.128	0.128	0.118	0.117	0.114	0.115	0.868	0.623	0.154	0.155	0.131	0.129	0.136	0.129	0.113	0.113	0.113	0.114
26:40:02	0.579	0.626	0.155	0.158	0.130	0.129	0.126	0.129	0.115	0.116	0.114	0.113	0.550	0.575	0.155	0.155	0.131	0.130	0.124	0.124	0.115	0.114	0.116	0.117	0.363	0.607	0.156	0.159	0.134	0.134	0.128	0.128	0.118	0.117	0.114	0.114	0.361	0.606	0.155	0.160	0.135	0.139	0.133	0.132	0.123	0.119	0.115	0.115	0.465	0.620	0.156	0.161	0.137	0.222	0.135	0.135	0.128	0.121	0.118	0.115	0.703	0.617	0.154	0.158	0.132	0.136	0.132	0.136	0.124	0.118	0.115	0.114	0.724	0.453	0.153	0.155	0.131	0.132	0.128	0.128	0.118	0.117	0.114	0.115	0.868	0.621	0.154	0.155	0.131	0.129	0.135	0.129	0.113	0.113	0.113	0.114
27:00:02	0.584	0.625	0.155	0.158	0.130	0.130	0.126	0.128	0.115	0.116	0.114	0.113	0.549	0.575	0.155	0.155	0.131	0.130	0.124	0.124	0.115	0.114	0.115	0.117	0.366	0.606	0.155	0.159	0.134	0.134	0.128	0.128	0.118	0.117	0.114	0.114	0.365	0.605	0.155	0.160	0.135	0.139	0.133	0.132	0.123	0.119	0.115	0.115	0.467	0.619	0.156	0.161	0.137	0.222	0.135	0.135	0.128	0.121	0.117	0.115	0.698	0.615	0.154	0.158	0.132	0.136	0.132	0.136	0.124	0.118	0.115	0.114	0.726	0.455	0.153	0.154	0.131	0.132	0.128	0.128	0.118	0.117	0.114	0.115	0.869	0.619	0.154	0.155	0.131	0.129	0.135	0.129	0.113	0.113	0.113	0.114
27:20:02	0.577	0.623	0.155	0.158	0.130	0.129	0.126	0.128	0.115	0.116	0.114	0.113	0.548	0.576	0.155	0.154	0.131	0.130	0.123	0.123	0.115	0.114	0.115	0.117	0.369	0.605	0.155	0.159	0.134	0.134	0.127	0.128	0.118	0.117	0.114	0.114	0.369	0.604	0.155	0.160	0.135	0.139	0.133	0.132	0.123	0.119	0.115	0.115	0.469	0.617	0.156	0.161	0.137	0.222	0.135	0.136	0.128	0.121	0.117	0.115	0.693	0.614	0.154	0.158	0.133	0.136	0.132	0.136	0.125	0.118	0.115	0.114	0.726	0.457	0.153	0.154	0.131	0.132	0.128	0.128	0.119	0.117	0.114	0.115	0.868	0.618	0.153	0.155	0.131	0.129	0.135	0.129	0.113	0.113	0.113	0.114
27:40:02	0.594	0.620	0.155	0.158	0.130	0.129	0.126	0.128	0.115	0.116	0.114	0.113	0.546	0.576	0.155	0.154	0.130	0.130	0.123	0.123	0.115	0.114	0.115	0.117	0.376	0.603	0.155	0.159	0.134	0.134	0.127	0.128	0.118	0.117	0.114	0.114	0.371	0.602	0.155	0.160	0.135	0.139	0.133	0.132	0.124	0.120	0.115	0.115	0.472	0.616	0.156	0.161	0.137	0.222	0.135	0.136	0.128	0.122	0.117	0.115	0.688	0.611	0.154	0.158	0.133	0.137	0.132	0.136	0.125	0.118	0.115	0.114	0.727	0.458	0.153	0.154	0.131	0.131	0.128	0.128	0.119	0.117	0.114	0.115	0.868	0.616	0.153	0.154	0.130	0.129	0.135	0.129	0.113	0.113	0.113	0.114
28:00:02	0.606	0.617	0.155	0.158	0.130	0.129	0.126	0.128	0.115	0.116	0.114	0.113	0.543	0.575	0.155	0.154	0.131	0.130	0.124	0.124	0.115	0.114	0.115	0.117	0.380	0.600	0.155	0.159	0.134	0.135	0.127	0.128	0.119	0.117	0.114	0.114	0.374	0.601	0.155	0.161	0.136	0.141	0.135	0.133	0.126	0.121	0.116	0.115	0.474	0.613	0.156	0.162	0.138	0.223	0.137	0.138	0.130	0.124	0.117	0.115	0.682	0.609	0.154	0.158	0.134	0.138	0.133	0.137	0.127	0.120	0.115	0.114	0.728	0.460	0.153	0.154	0.131	0.132	0.128	0.129	0.119	0.117	0.114	0.115	0.867	0.613	0.153	0.154	0.131	0.129	0.135	0.129	0.113	0.113	0.113	0.114
28:20:02	0.613	0.614	0.154	0.157	0.130	0.129	0.126	0.128	0.115	0.116	0.114	0.113	0.541	0.574	0.154	0.154	0.131	0.130	0.123	0.123	0.115	0.114	0.115	0.117	0.388	0.598	0.155	0.158	0.134	0.135	0.127	0.128	0.119	0.117	0.114	0.114	0.378	0.599	0.154	0.160	0.136	0.140	0.134	0.132	0.125	0.120	0.116	0.115	0.475	0.611	0.156	0.161	0.137	0.222	0.136	0.137	0.130	0.123	0.117	0.115	0.676	0.606	0.154	0.158	0.133	0.137	0.132	0.136	0.126	0.119	0.115	0.114	0.728	0.461	0.153	0.154	0.131	0.131	0.127	0.128	0.119	0.117	0.114	0.115	0.865	0.611	0.153	0.155	0.130	0.129	0.135	0.129	0.113	0.113	0.113	0.114
28:40:02	0.613	0.612	0.154	0.158	0.130	0.129	0.126	0.128	0.115	0.116	0.114	0.113	0.539	0.575	0.154	0.154	0.130	0.130	0.123	0.123	0.115	0.114	0.115	0.117	0.391	0.595	0.155	0.158	0.134	0.135	0.127	0.128	0.119	0.117	0.114	0.114	0.383	0.598	0.154	0.161	0.136	0.141	0.135	0.133	0.126	0.121	0.116	0.115	0.477	0.608	0.156	0.161	0.138	0.222	0.136	0.138	0.130	0.123	0.117	0.115	0.674	0.604	0.154	0.158	0.133	0.138	0.133	0.136	0.127	0.119	0.115	0.114	0.727	0.462	0.153	0.154	0.131	0.131	0.127	0.128	0.119	0.117	0.114	0.115	0.863	0.609	0.153	0.154	0.131	0.129	0.135	0.129	0.113	0.113	0.113	0.114
29:00:02	0.618	0.612	0.154	0.157	0.130	0.129	0.126	0.128	0.115	0.116	0.114	0.113	0.541	0.583	0.154	0.154	0.131	0.130	0.123	0.123	0.115	0.114	0.115	0.117	0.398	0.596	0.155	0.158	0.135	0.135	0.127	0.128	0.119	0.117	0.114	0.114	0.391	0.600	0.154	0.161	0.136	0.142	0.135	0.133	0.127	0.121	0.116	0.115	0.487	0.611	0.156	0.161	0.138	0.224	0.137	0.138	0.131	0.124	0.117	0.115	0.673	0.604	0.153	0.158	0.134	0.138	0.133	0.136	0.126	0.120	0.115	0.114	0.730	0.464	0.153	0.154	0.131	0.131	0.127	0.129	0.120	0.117	0.114	0.115	0.860	0.611	0.153	0.154	0.131	0.128	0.135	0.128	0.113	0.113	0.113	0.113
29:20:02	0.617	0.606	0.154	0.157	0.130	0.129	0.126	0.128	0.115	0.116	0.114	0.113	0.528	0.575	0.154	0.154	0.131	0.130	0.123	0.123	0.115	0.114	0.115	0.117	0.397	0.587	0.155	0.158	0.135	0.135	0.127	0.128	0.119	0.117	0.114	0.114	0.389	0.594	0.154	0.161	0.137	0.142	0.136	0.134	0.128	0.122	0.116	0.115	0.483	0.603	0.156	0.162	0.139	0.223	0.137	0.139	0.132	0.125	0.117	0.115	0.670	0.598	0.154	0.158	0.134	0.139	0.134	0.137	0.128	0.120	0.115	0.114	0.726	0.464	0.152	0.154	0.131	0.132	0.127	0.129	0.120	0.117	0.114	0.115	0.859	0.606	0.153	0.154	0.131	0.128	0.134	0.128	0.113	0.113	0.113	0.113
29:40:02	0.613	0.606	0.154	0.157	0.130	0.129	0.125	0.128	0.115	0.116	0.114	0.113	0.529	0.580	0.154	0.154	0.131	0.130	0.123	0.123	0.115	0.114	0.115	0.117	0.404	0.590	0.155	0.158	0.135	0.136	0.127	0.128	0.119	0.117	0.114	0.114	0.397	0.595	0.154	0.161	0.137	0.143	0.136	0.134	0.128	0.122	0.116	0.115	0.491	0.605	0.155	0.162	0.139	0.226	0.138	0.139	0.131	0.125	0.117	0.115	0.669	0.599	0.153	0.158	0.134	0.139	0.133	0.137	0.127	0.120	0.115	0.114	0.730	0.466	0.153	0.154	0.131	0.132	0.127	0.129	0.120	0.118	0.114	0.115	0.856	0.608	0.153	0.154	0.130	0.128	0.134	0.128	0.113	0.113	0.113	0.114
30:00:02	0.611	0.599	0.154	0.157	0.130	0.129	0.125	0.128	0.115	0.116	0.114	0.113	0.509	0.573	0.154	0.154	0.130	0.130	0.123	0.123	0.115	0.114	0.115	0.117	0.402	0.580	0.155	0.158	0.135	0.135	0.127	0.128	0.119	0.117	0.114	0.114	0.394	0.586	0.154	0.160	0.136	0.141	0.134	0.132	0.126	0.121	0.116	0.115	0.486	0.597	0.155	0.161	0.137	0.223	0.136	0.137	0.130	0.123	0.117	0.115	0.667	0.592	0.153	0.158	0.133	0.138	0.132	0.136	0.126	0.119	0.115	0.114	0.724	0.465	0.152	0.153	0.131	0.131	0.127	0.128	0.119	0.117	0.114	0.115	0.854	0.602	0.153	0.154	0.130	0.128	0.134	0.128	0.113	0.113	0.113	0.113
30:20:02	0.606	0.595	0.154	0.157	0.130	0.129	0.125	0.127	0.115	0.116	0.114	0.113	0.500	0.573	0.154	0.154	0.130	0.130	0.123	0.123	0.115	0.114	0.115	0.117	0.404	0.576	0.155	0.158	0.135	0.135	0.127	0.128	0.119	0.117	0.114	0.114	0.394	0.584	0.154	0.160	0.136	0.141	0.135	0.133	0.127	0.121	0.116	0.115	0.488	0.595	0.155	0.161	0.138	0.223	0.137	0.138	0.131	0.124	0.117	0.115	0.668	0.589	0.153	0.158	0.134	0.138	0.133	0.136	0.127	0.120	0.115	0.114	0.725	0.465	0.152	0.153	0.131	0.131	0.127	0.128	0.120	0.117	0.114	0.115	0.852	0.600	0.153	0.154	0.130	0.128	0.134	0.128	0.113	0.113	0.113	0.114
30:40:02	0.610	0.591	0.154	0.157	0.130	0.129	0.125	0.127	0.115	0.116	0.114	0.113	0.487	0.570	0.154	0.154	0.130	0.130	0.123	0.123	0.115	0.114	0.115	0.117	0.407	0.572	0.155	0.158	0.135	0.135	0.127	0.128	0.119	0.117	0.114	0.114	0.398	0.580	0.154	0.160	0.136	0.142	0.135	0.133	0.127	0.122	0.116	0.115	0.488	0.589	0.155	0.161	0.138	0.223	0.137	0.138	0.131	0.124	0.117	0.115	0.667	0.584	0.153	0.158	0.134	0.139	0.133	0.136	0.128	0.120	0.115	0.114	0.723	0.466	0.152	0.153	0.131	0.131	0.127	0.128	0.120	0.117	0.114	0.115	0.849	0.599	0.153	0.154	0.130	0.128	0.134	0.128	0.113	0.113	0.113	0.114
31:00:02	0.604	0.587	0.154	0.157	0.130	0.129	0.125	0.127	0.115	0.116	0.114	0.113	0.474	0.568	0.154	0.154	0.131	0.130	0.123	0.123	0.115	0.114	0.115	0.117	0.409	0.568	0.155	0.158	0.135	0.136	0.127	0.128	0.120	0.117	0.114	0.114	0.400	0.576	0.154	0.161	0.137	0.143	0.136	0.135	0.129	0.123	0.116	0.115	0.489	0.586	0.155	0.161	0.139	0.223	0.138	0.139	0.132	0.126	0.117	0.115	0.669	0.581	0.153	0.158	0.135	0.140	0.134	0.137	0.129	0.121	0.115	0.114	0.722	0.467	0.152	0.153	0.131	0.132	0.127	0.129	0.121	0.118	0.114	0.115	0.846	0.598	0.153	0.154	0.130	0.128	0.134	0.128	0.113	0.113	0.113	0.114
31:20:02	0.600	0.584	0.154	0.157	0.130	0.129	0.125	0.127	0.115	0.116	0.113	0.113	0.467	0.566	0.154	0.154	0.131	0.130	0.123	0.123	0.115	0.114	0.115	0.117	0.411	0.564	0.155	0.158	0.135	0.136	0.127	0.128	0.120	0.117	0.114	0.114	0.403	0.574	0.154	0.161	0.137	0.143	0.136	0.134	0.129	0.123	0.116	0.115	0.489	0.582	0.155	0.161	0.139	0.221	0.138	0.139	0.132	0.126	0.117	0.115	0.670	0.577	0.153	0.158	0.135	0.140	0.134	0.137	0.129	0.121	0.115	0.114	0.721	0.467	0.152	0.153	0.131	0.131	0.127	0.129	0.121	0.118	0.114	0.115	0.843	0.596	0.153	0.154	0.130	0.128	0.134	0.128	0.113	0.113	0.113	0.114
31:40:03	0.602	0.581	0.154	0.157	0.130	0.129	0.125	0.127	0.115	0.116	0.114	0.113	0.457	0.564	0.154	0.154	0.131	0.130	0.123	0.124	0.116	0.114	0.116	0.117	0.413	0.561	0.154	0.158	0.135	0.136	0.127	0.128	0.120	0.117	0.114	0.114	0.406	0.569	0.154	0.160	0.137	0.143	0.136	0.134	0.128	0.123	0.116	0.115	0.490	0.579	0.155	0.161	0.139	0.220	0.137	0.139	0.132	0.126	0.118	0.115	0.669	0.574	0.153	0.158	0.135	0.139	0.134	0.137	0.129	0.121	0.115	0.114	0.720	0.468	0.152	0.153	0.131	0.132	0.127	0.129	0.121	0.118	0.114	0.115	0.841	0.595	0.153	0.154	0.130	0.128	0.134	0.128	0.114	0.113	0.113	0.114
32:00:03	0.598	0.582	0.154	0.157	0.130	0.129	0.125	0.128	0.115	0.116	0.114	0.113	0.471	0.568	0.154	0.154	0.131	0.130	0.123	0.123	0.116	0.114	0.116	0.117	0.417	0.562	0.155	0.158	0.136	0.136	0.127	0.128	0.120	0.117	0.115	0.114	0.412	0.571	0.154	0.161	0.137	0.144	0.136	0.134	0.129	0.123	0.116	0.115	0.494	0.581	0.155	0.161	0.139	0.221	0.138	0.139	0.132	0.126	0.117	0.115	0.666	0.573	0.153	0.158	0.135	0.139	0.134	0.137	0.129	0.121	0.115	0.114	0.722	0.470	0.152	0.153	0.131	0.132	0.127	0.129	0.121	0.118	0.114	0.115	0.837	0.597	0.153	0.154	0.130	0.128	0.134	0.128	0.113	0.113	0.113	0.114
32:20:03	0.588	0.575	0.154	0.157	0.130	0.129	0.125	0.127	0.115	0.116	0.114	0.113	0.455	0.560	0.154	0.154	0.130	0.130	0.123	0.123	0.116	0.114	0.116	0.117	0.416	0.553	0.154	0.158	0.135	0.136	0.127	0.128	0.120	0.117	0.114	0.114	0.410	0.564	0.154	0.160	0.137	0.144	0.136	0.134	0.129	0.123	0.116	0.115	0.491	0.572	0.155	0.161	0.139	0.218	0.138	0.139	0.132	0.126	0.118	0.115	0.662	0.566	0.153	0.158	0.135	0.139	0.134	0.137	0.129	0.121	0.115	0.114	0.717	0.469	0.152	0.153	0.131	0.131	0.127	0.129	0.121	0.118	0.114	0.115	0.831	0.591	0.153	0.154	0.130	0.128	0.134	0.128	0.113	0.113	0.113	0.114
32:40:03	0.587	0.577	0.154	0.157	0.130	0.129	0.125	0.128	0.115	0.116	0.114	0.113	0.472	0.562	0.154	0.154	0.131	0.130	0.123	0.123	0.116	0.114	0.116	0.117	0.419	0.554	0.155	0.157	0.136	0.136	0.127	0.128	0.120	0.117	0.114	0.114	0.415	0.566	0.154	0.160	0.137	0.145	0.136	0.134	0.129	0.123	0.116	0.115	0.495	0.574	0.155	0.161	0.139	0.218	0.138	0.139	0.133	0.126	0.117	0.115	0.658	0.567	0.153	0.157	0.135	0.140	0.134	0.137	0.129	0.122	0.115	0.114	0.717	0.472	0.152	0.153	0.131	0.131	0.127	0.129	0.121	0.118	0.114	0.115	0.827	0.592	0.152	0.153	0.130	0.128	0.134	0.128	0.113	0.113	0.113	0.114
33:00:03	0.576	0.569	0.153	0.157	0.130	0.129	0.125	0.127	0.115	0.116	0.114	0.113	0.462	0.555	0.154	0.154	0.131	0.130	0.123	0.123	0.116	0.114	0.116	0.117	0.418	0.545	0.154	0.157	0.136	0.136	0.127	0.128	0.120	0.117	0.114	0.114	0.414	0.557	0.154	0.160	0.138	0.144	0.136	0.134	0.129	0.123	0.116	0.115	0.492	0.565	0.155	0.161	0.139	0.215	0.137	0.139	0.132	0.126	0.118	0.115	0.652	0.558	0.153	0.157	0.135	0.139	0.134	0.137	0.129	0.121	0.115	0.114	0.711	0.470	0.152	0.152	0.130	0.131	0.127	0.128	0.121	0.118	0.114	0.115	0.817	0.587	0.152	0.154	0.130	0.128	0.134	0.128	0.113	0.113	0.113	0.114
33:20:03	0.574	0.567	0.154	0.157	0.130	0.129	0.125	0.127	0.115	0.116	0.114	0.113	0.468	0.552	0.154	0.154	0.131	0.130	0.123	0.123	0.116	0.114	0.116	0.117	0.420	0.541	0.154	0.157	0.136	0.136	0.127	0.128	0.120	0.117	0.114	0.114	0.415	0.554	0.153	0.160	0.138	0.145	0.137	0.135	0.130	0.124	0.116	0.116	0.491	0.561	0.155	0.161	0.140	0.214	0.138	0.140	0.134	0.127	0.118	0.115	0.646	0.555	0.153	0.158	0.135	0.140	0.135	0.137	0.130	0.122	0.115	0.114	0.707	0.471	0.152	0.152	0.130	0.132	0.127	0.129	0.122	0.118	0.114	0.115	0.807	0.584	0.152	0.154	0.130	0.128	0.134	0.128	0.113	0.113	0.113	0.114
33:40:03	0.572	0.561	0.153	0.157	0.130	0.129	0.125	0.127	0.115	0.116	0.114	0.113	0.472	0.548	0.154	0.154	0.130	0.130	0.123	0.124	0.116	0.114	0.116	0.117	0.421	0.538	0.154	0.157	0.136	0.137	0.127	0.128	0.120	0.118	0.114	0.114	0.415	0.549	0.154	0.161	0.139	0.145	0.137	0.136	0.131	0.124	0.117	0.116	0.491	0.557	0.155	0.161	0.140	0.214	0.139	0.141	0.134	0.128	0.118	0.115	0.640	0.550	0.153	0.158	0.136	0.141	0.135	0.138	0.131	0.123	0.115	0.114	0.703	0.471	0.152	0.152	0.130	0.132	0.127	0.129	0.122	0.118	0.114	0.115	0.799	0.582	0.152	0.154	0.130	0.128	0.134	0.128	0.114	0.114	0.113	0.114
34:00:03	0.572	0.559	0.153	0.156	0.130	0.129	0.125	0.127	0.115	0.116	0.113	0.113	0.477	0.546	0.153	0.153	0.130	0.130	0.123	0.123	0.116	0.114	0.116	0.117	0.421	0.535	0.154	0.157	0.136	0.137	0.127	0.128	0.121	0.118	0.114	0.114	0.417	0.546	0.154	0.161	0.139	0.146	0.138	0.136	0.132	0.125	0.117	0.115	0.491	0.554	0.155	0.161	0.141	0.214	0.140	0.141	0.135	0.129	0.118	0.115	0.636	0.547	0.153	0.158	0.136	0.142	0.136	0.138	0.132	0.123	0.115	0.114	0.697	0.471	0.152	0.152	0.130	0.132	0.127	0.129	0.123	0.118	0.114	0.115	0.789	0.580	0.152	0.154	0.130	0.128	0.134	0.128	0.113	0.113	0.113	0.114
34:20:03	0.569	0.556	0.153	0.156	0.130	0.129	0.125	0.127	0.115	0.115	0.113	0.113	0.482	0.543	0.153	0.153	0.130	0.130	0.123	0.123	0.116	0.114	0.116	0.117	0.422	0.532	0.154	0.157	0.136	0.137	0.126	0.128	0.121	0.117	0.114	0.114	0.418	0.543	0.153	0.160	0.139	0.146	0.138	0.136	0.132	0.125	0.116	0.115	0.491	0.550	0.154	0.161	0.141	0.213	0.139	0.141	0.135	0.128	0.118	0.115	0.630	0.543	0.153	0.158	0.136	0.141	0.136	0.138	0.131	0.123	0.115	0.114	0.692	0.471	0.152	0.152	0.130	0.131	0.127	0.129	0.123	0.118	0.114	0.115	0.782	0.577	0.152	0.153	0.130	0.128	0.134	0.128	0.113	0.113	0.113	0.114
34:40:03	0.566	0.553	0.153	0.156	0.130	0.129	0.125	0.127	0.115	0.116	0.113	0.113	0.485	0.540	0.153	0.153	0.130	0.130	0.123	0.123	0.116	0.114	0.116	0.117	0.423	0.530	0.154	0.157	0.136	0.137	0.126	0.128	0.121	0.118	0.114	0.114	0.419	0.539	0.153	0.160	0.139	0.146	0.138	0.136	0.132	0.125	0.117	0.116	0.491	0.547	0.154	0.161	0.141	0.213	0.140	0.141	0.135	0.129	0.118	0.115	0.626	0.539	0.153	0.158	0.136	0.142	0.136	0.138	0.132	0.124	0.115	0.114	0.688	0.471	0.151	0.152	0.130	0.131	0.127	0.129	0.123	0.118	0.114	0.115	0.770	0.574	0.152	0.153	0.130	0.128	0.133	0.128	0.113	0.113	0.113	0.114
35:00:03	0.562	0.549	0.153	0.156	0.130	0.129	0.125	0.127	0.115	0.116	0.113	0.113	0.487	0.538	0.153	0.153	0.130	0.130	0.123	0.123	0.116	0.114	0.116	0.117	0.424	0.526	0.154	0.157	0.136	0.137	0.126	0.128	0.121	0.118	0.114	0.114	0.420	0.537	0.153	0.160	0.139	0.147	0.138	0.136	0.133	0.125	0.117	0.115	0.492	0.543	0.154	0.161	0.141	0.213	0.140	0.142	0.136	0.129	0.118	0.115	0.623	0.536	0.153	0.158	0.136	0.142	0.136	0.138	0.132	0.124	0.115	0.114	0.684	0.469	0.151	0.152	0.130	0.131	0.127	0.129	0.123	0.119	0.114	0.115	0.759	0.573	0.152	0.153	0.129	0.128	0.133	0.127	0.113	0.113	0.113	0.114
35:20:03	0.555	0.546	0.153	0.156	0.130	0.129	0.125	0.127	0.115	0.115	0.113	0.113	0.489	0.537	0.153	0.153	0.130	0.130	0.123	0.123	0.116	0.114	0.116	0.117	0.426	0.525	0.154	0.157	0.137	0.137	0.126	0.128	0.121	0.118	0.115	0.114	0.422	0.534	0.153	0.160	0.140	0.148	0.139	0.137	0.134	0.126	0.117	0.115	0.491	0.540	0.154	0.161	0.142	0.213	0.141	0.143	0.136	0.130	0.118	0.115	0.618	0.533	0.153	0.158	0.137	0.143	0.137	0.139	0.133	0.125	0.115	0.114	0.679	0.469	0.151	0.152	0.130	0.132	0.127	0.129	0.124	0.119	0.114	0.115	0.751	0.571	0.152	0.153	0.129	0.128	0.133	0.127	0.113	0.113	0.113	0.114
35:40:03	0.548	0.543	0.153	0.156	0.130	0.129	0.125	0.127	0.115	0.115	0.113	0.113	0.488	0.534	0.153	0.153	0.130	0.130	0.123	0.123	0.116	0.114	0.116	0.117	0.427	0.522	0.154	0.157	0.136	0.137	0.126	0.128	0.121	0.118	0.114	0.114	0.424	0.531	0.153	0.160	0.140	0.148	0.138	0.137	0.133	0.126	0.117	0.115	0.491	0.537	0.154	0.161	0.141	0.213	0.140	0.142	0.136	0.130	0.118	0.115	0.613	0.530	0.153	0.158	0.137	0.142	0.136	0.139	0.132	0.124	0.115	0.114	0.675	0.469	0.151	0.151	0.130	0.132	0.127	0.129	0.123	0.119	0.114	0.115	0.738	0.569	0.152	0.153	0.129	0.128	0.133	0.127	0.113	0.113	0.113	0.114
36:00:03	0.547	0.542	0.153	0.155	0.130	0.128	0.125	0.127	0.115	0.115	0.113	0.113	0.491	0.533	0.153	0.153	0.130	0.130	0.123	0.123	0.116	0.114	0.116	0.117	0.428	0.521	0.154	0.157	0.137	0.138	0.127	0.128	0.121	0.118	0.114	0.114	0.425	0.529	0.153	0.160	0.139	0.147	0.139	0.137	0.133	0.126	0.117	0.115	0.492	0.534	0.154	0.161	0.141	0.209	0.140	0.142	0.136	0.130	0.118	0.115	0.617	0.527	0.153	0.158	0.137	0.142	0.136	0.138	0.132	0.124	0.115	0.114	0.664	0.467	0.151	0.151	0.130	0.132	0.127	0.129	0.124	0.119	0.114	0.115	0.737	0.563	0.152	0.153	0.130	0.128	0.133	0.127	0.113	0.113	0.113	0.114
36:20:03	0.550	0.545	0.153	0.155	0.130	0.128	0.125	0.127	0.115	0.115	0.113	0.113	0.500	0.535	0.153	0.153	0.130	0.130	0.123	0.123	0.117	0.114	0.116	0.117	0.432	0.524	0.154	0.157	0.137	0.139	0.126	0.128	0.122	0.118	0.115	0.114	0.429	0.530	0.154	0.161	0.140	0.149	0.140	0.138	0.134	0.127	0.117	0.115	0.495	0.537	0.154	0.161	0.142	0.210	0.141	0.143	0.137	0.131	0.117	0.115	0.614	0.527	0.152	0.158	0.138	0.143	0.137	0.139	0.133	0.125	0.115	0.114	0.660	0.467	0.151	0.151	0.131	0.132	0.127	0.130	0.125	0.119	0.114	0.115	0.734	0.565	0.152	0.153	0.130	0.128	0.134	0.127	0.113	0.113	0.113	0.114
36:40:03	0.536	0.537	0.153	0.155	0.130	0.129	0.125	0.127	0.115	0.115	0.113	0.113	0.491	0.528	0.153	0.153	0.130	0.130	0.123	0.123	0.117	0.114	0.116	0.117	0.430	0.517	0.154	0.157	0.137	0.138	0.127	0.128	0.122	0.118	0.115	0.114	0.429	0.524	0.153	0.160	0.140	0.148	0.140	0.138	0.135	0.127	0.117	0.115	0.491	0.530	0.154	0.161	0.142	0.209	0.141	0.143	0.137	0.131	0.118	0.115	0.608	0.524	0.152	0.158	0.138	0.143	0.137	0.139	0.133	0.125	0.115	0.114	0.654	0.465	0.151	0.151	0.130	0.132	0.127	0.130	0.125	0.119	0.114	0.115	0.713	0.561	0.152	0.152	0.130	0.128	0.133	0.127	0.113	0.113	0.113	0.114
37:00:03	0.530	0.533	0.153	0.155	0.130	0.128	0.124	0.127	0.115	0.115	0.113	0.113	0.489	0.527	0.153	0.153	0.130	0.130	0.123	0.123	0.117	0.114	0.116	0.117	0.432	0.516	0.154	0.157	0.137	0.138	0.127	0.128	0.122	0.118	0.115	0.114	0.432	0.522	0.153	0.160	0.140	0.148	0.139	0.138	0.134	0.126	0.117	0.115	0.492	0.527	0.154	0.161	0.142	0.209	0.141	0.143	0.137	0.131	0.118	0.115	0.603	0.522	0.152	0.157	0.138	0.143	0.137	0.139	0.133	0.125	0.115	0.114	0.649	0.464	0.151	0.151	0.130	0.132	0.127	0.130	0.124	0.119	0.114	0.115	0.707	0.559	0.152	0.152	0.130	0.128	0.133	0.127	0.113	0.113	0.113	0.114
37:20:03	0.523	0.531	0.153	0.155	0.130	0.128	0.124	0.127	0.115	0.115	0.113	0.113	0.489	0.525	0.153	0.153	0.130	0.130	0.123	0.123	0.117	0.114	0.116	0.117	0.433	0.514	0.154	0.157	0.137	0.138	0.127	0.128	0.122	0.118	0.115	0.114	0.433	0.520	0.153	0.160	0.140	0.149	0.140	0.138	0.135	0.127	0.117	0.115	0.492	0.525	0.154	0.161	0.142	0.210	0.141	0.143	0.137	0.131	0.118	0.115	0.599	0.520	0.152	0.158	0.138	0.143	0.137	0.139	0.134	0.126	0.115	0.114	0.644	0.463	0.151	0.151	0.130	0.132	0.127	0.130	0.125	0.119	0.114	0.115	0.696	0.558	0.151	0.152	0.130	0.128	0.133	0.127	0.113	0.113	0.113	0.114
37:40:03	0.518	0.529	0.152	0.155	0.130	0.128	0.124	0.127	0.115	0.115	0.113	0.113	0.489	0.523	0.153	0.153	0.130	0.130	0.123	0.122	0.117	0.114	0.116	0.117	0.434	0.513	0.154	0.157	0.137	0.139	0.127	0.128	0.122	0.118	0.115	0.114	0.436	0.519	0.153	0.160	0.141	0.149	0.140	0.138	0.135	0.127	0.117	0.115	0.492	0.523	0.154	0.161	0.143	0.211	0.142	0.144	0.138	0.132	0.118	0.115	0.596	0.519	0.152	0.158	0.138	0.144	0.138	0.140	0.134	0.126	0.115	0.114	0.639	0.463	0.151	0.151	0.130	0.132	0.127	0.130	0.125	0.120	0.114	0.115	0.686	0.559	0.151	0.152	0.129	0.128	0.133	0.127	0.113	0.113	0.113	0.114
38:00:03	0.513	0.528	0.152	0.155	0.130	0.128	0.124	0.126	0.115	0.115	0.113	0.113	0.487	0.521	0.153	0.153	0.130	0.130	0.123	0.123	0.117	0.114	0.116	0.117	0.435	0.512	0.154	0.157	0.137	0.139	0.126	0.128	0.122	0.118	0.115	0.114	0.439	0.516	0.153	0.160	0.140	0.149	0.140	0.138	0.135	0.127	0.117	0.115	0.493	0.522	0.154	0.161	0.142	0.211	0.142	0.144	0.138	0.132	0.118	0.116	0.593	0.516	0.152	0.157	0.138	0.144	0.138	0.139	0.134	0.126	0.115	0.114	0.634	0.461	0.151	0.151	0.130	0.132	0.127	0.130	0.125	0.119	0.114	0.115	0.678	0.558	0.151	0.152	0.129	0.128	0.133	0.127	0.113	0.113	0.113	0.114
38:20:03	0.509	0.525	0.152	0.155	0.130	0.128	0.124	0.126	0.115	0.115	0.113	0.113	0.487	0.521	0.153	0.153	0.130	0.130	0.123	0.123	0.117	0.114	0.116	0.117	0.436	0.511	0.154	0.157	0.137	0.139	0.126	0.128	0.122	0.118	0.115	0.114	0.441	0.516	0.153	0.160	0.141	0.150	0.140	0.138	0.135	0.127	0.117	0.115	0.493	0.521	0.154	0.161	0.143	0.211	0.142	0.144	0.138	0.132	0.118	0.116	0.591	0.515	0.152	0.157	0.138	0.144	0.138	0.140	0.134	0.126	0.115	0.114	0.628	0.460	0.151	0.151	0.130	0.132	0.127	0.130	0.125	0.120	0.114	0.115	0.671	0.558	0.151	0.152	0.129	0.128	0.133	0.127	0.113	0.113	0.113	0.114
38:40:03	0.505	0.523	0.152	0.155	0.130	0.128	0.124	0.126	0.115	0.115	0.113	0.113	0.486	0.518	0.153	0.153	0.130	0.130	0.123	0.123	0.117	0.114	0.116	0.117	0.435	0.510	0.154	0.156	0.137	0.138	0.126	0.128	0.122	0.118	0.115	0.114	0.442	0.513	0.153	0.160	0.140	0.150	0.140	0.138	0.135	0.127	0.117	0.115	0.493	0.520	0.154	0.161	0.142	0.211	0.141	0.143	0.137	0.131	0.118	0.116	0.587	0.514	0.152	0.157	0.138	0.144	0.137	0.139	0.134	0.126	0.115	0.115	0.625	0.461	0.151	0.150	0.130	0.132	0.127	0.130	0.125	0.119	0.114	0.115	0.665	0.557	0.151	0.152	0.130	0.128	0.133	0.127	0.113	0.113	0.113	0.114
39:00:03	0.503	0.523	0.152	0.155	0.129	0.128	0.124	0.126	0.115	0.115	0.113	0.113	0.485	0.517	0.153	0.153	0.130	0.130	0.123	0.123	0.117	0.114	0.116	0.117	0.436	0.509	0.154	0.156	0.137	0.138	0.126	0.128	0.122	0.118	0.115	0.114	0.442	0.511	0.153	0.160	0.140	0.150	0.140	0.138	0.135	0.127	0.117	0.115	0.494	0.519	0.154	0.160	0.142	0.211	0.141	0.143	0.137	0.131	0.118	0.116	0.584	0.512	0.152	0.157	0.138	0.144	0.137	0.139	0.134	0.126	0.115	0.115	0.620	0.459	0.151	0.150	0.130	0.132	0.127	0.130	0.125	0.119	0.114	0.115	0.659	0.557	0.151	0.152	0.130	0.128	0.133	0.127	0.113	0.113	0.113	0.114
39:20:03	0.500	0.521	0.152	0.155	0.129	0.128	0.124	0.126	0.115	0.115	0.113	0.113	0.484	0.516	0.153	0.153	0.130	0.130	0.123	0.123	0.117	0.114	0.116	0.117	0.435	0.509	0.153	0.156	0.137	0.138	0.126	0.128	0.122	0.118	0.115	0.114	0.442	0.510	0.153	0.160	0.140	0.150	0.140	0.138	0.135	0.127	0.117	0.115	0.493	0.517	0.154	0.160	0.142	0.211	0.141	0.143	0.137	0.131	0.118	0.116	0.581	0.511	0.152	0.157	0.138	0.144	0.138	0.139	0.134	0.126	0.115	0.115	0.616	0.460	0.151	0.150	0.130	0.132	0.127	0.130	0.125	0.120	0.114	0.115	0.653	0.557	0.151	0.152	0.130	0.128	0.133	0.127	0.113	0.113	0.114	0.114
39:40:03	0.498	0.521	0.152	0.154	0.129	0.128	0.124	0.126	0.115	0.115	0.113	0.113	0.482	0.515	0.153	0.153	0.130	0.130	0.123	0.123	0.117	0.114	0.116	0.117	0.435	0.508	0.154	0.156	0.137	0.139	0.126	0.128	0.122	0.118	0.115	0.114	0.440	0.508	0.153	0.160	0.141	0.151	0.140	0.138	0.135	0.128	0.117	0.115	0.494	0.515	0.154	0.160	0.142	0.212	0.142	0.144	0.138	0.132	0.118	0.116	0.579	0.511	0.152	0.157	0.138	0.144	0.138	0.140	0.134	0.126	0.115	0.115	0.613	0.458	0.151	0.150	0.130	0.132	0.127	0.130	0.125	0.120	0.114	0.115	0.649	0.557	0.151	0.152	0.129	0.128	0.133	0.127	0.113	0.113	0.114	0.114
40:00:03	0.496	0.519	0.152	0.154	0.129	0.128	0.124	0.126	0.115	0.115	0.113	0.113	0.483	0.515	0.152	0.152	0.130	0.130	0.123	0.123	0.117	0.114	0.116	0.117	0.434	0.508	0.153	0.156	0.137	0.139	0.126	0.128	0.122	0.118	0.115	0.114	0.439	0.508	0.153	0.160	0.140	0.151	0.140	0.138	0.135	0.127	0.117	0.115	0.494	0.514	0.153	0.160	0.142	0.212	0.141	0.143	0.137	0.131	0.118	0.116	0.578	0.510	0.152	0.157	0.138	0.144	0.137	0.139	0.134	0.126	0.115	0.115	0.609	0.459	0.151	0.150	0.130	0.132	0.127	0.130	0.125	0.120	0.114	0.115	0.645	0.558	0.151	0.152	0.130	0.128	0.133	0.127	0.114	0.113	0.114	0.114
40:20:03	0.494	0.520	0.152	0.154	0.129	0.128	0.124	0.126	0.115	0.115	0.113	0.113	0.482	0.514	0.152	0.152	0.130	0.130	0.123	0.123	0.117	0.114	0.116	0.118	0.433	0.507	0.153	0.156	0.136	0.139	0.126	0.128	0.122	0.118	0.115	0.114	0.438	0.507	0.153	0.160	0.140	0.151	0.140	0.138	0.135	0.127	0.117	0.115	0.494	0.513	0.153	0.160	0.142	0.211	0.141	0.143	0.137	0.131	0.118	0.116	0.576	0.509	0.152	0.157	0.138	0.144	0.137	0.139	0.134	0.126	0.115	0.115	0.606	0.458	0.150	0.150	0.130	0.132	0.127	0.130	0.125	0.120	0.114	0.115	0.642	0.559	0.151	0.152	0.130	0.128	0.133	0.127	0.113	0.113	0.114	0.114
40:40:03	0.493	0.520	0.152	0.154	0.129	0.128	0.124	0.126	0.115	0.115	0.113	0.113	0.481	0.513	0.152	0.152	0.130	0.130	0.123	0.123	0.117	0.114	0.116	0.117	0.431	0.506	0.153	0.156	0.137	0.139	0.126	0.128	0.122	0.118	0.115	0.114	0.436	0.505	0.153	0.160	0.141	0.152	0.140	0.138	0.135	0.127	0.117	0.115	0.495	0.513	0.153	0.160	0.142	0.212	0.141	0.143	0.137	0.132	0.118	0.116	0.574	0.508	0.152	0.157	0.138	0.144	0.138	0.140	0.134	0.126	0.115	0.115	0.604	0.458	0.150	0.150	0.130	0.132	0.127	0.130	0.125	0.120	0.114	0.115	0.639	0.559	0.151	0.152	0.130	0.128	0.133	0.127	0.114	0.114	0.114	0.114
41:00:03	0.491	0.519	0.152	0.154	0.129	0.128	0.124	0.126	0.115	0.115	0.113	0.113	0.481	0.512	0.152	0.152	0.130	0.130	0.123	0.123	0.117	0.115	0.116	0.118	0.430	0.506	0.153	0.156	0.136	0.139	0.126	0.128	0.122	0.118	0.115	0.114	0.435	0.505	0.153	0.160	0.140	0.152	0.140	0.138	0.135	0.127	0.117	0.115	0.495	0.512	0.153	0.160	0.142	0.213	0.141	0.143	0.137	0.131	0.118	0.116	0.573	0.507	0.152	0.157	0.138	0.144	0.138	0.140	0.134	0.126	0.115	0.115	0.602	0.458	0.150	0.149	0.130	0.132	0.127	0.130	0.125	0.120	0.114	0.115	0.638	0.560	0.151	0.152	0.129	0.128	0.133	0.127	0.114	0.113	0.114	0.114
41:20:03	0.489	0.519	0.152	0.154	0.129	0.128	0.124	0.126	0.115	0.115	0.113	0.113	0.481	0.511	0.152	0.152	0.130	0.130	0.123	0.123	0.117	0.115	0.116	0.118	0.429	0.505	0.153	0.155	0.136	0.139	0.126	0.128	0.122	0.118	0.115	0.114	0.434	0.504	0.153	0.159	0.140	0.152	0.140	0.138	0.135	0.127	0.117	0.115	0.495	0.512	0.153	0.160	0.142	0.213	0.141	0.143	0.137	0.132	0.118	0.116	0.572	0.506	0.152	0.157	0.138	0.144	0.138	0.140	0.134	0.126	0.115	0.115	0.599	0.459	0.150	0.149	0.130	0.132	0.127	0.130	0.125	0.120	0.114	0.115	0.640	0.562	0.151	0.152	0.129	0.128	0.133	0.127	0.114	0.114	0.114	0.114
41:40:04	0.487	0.519	0.152	0.154	0.129	0.128	0.124	0.126	0.115	0.115	0.113	0.113	0.482	0.511	0.152	0.152	0.130	0.130	0.123	0.123	0.117	0.114	0.116	0.118	0.428	0.506	0.153	0.155	0.136	0.138	0.126	0.128	0.122	0.118	0.115	0.114	0.433	0.504	0.153	0.159	0.140	0.152	0.139	0.137	0.134	0.127	0.117	0.115	0.495	0.512	0.153	0.160	0.141	0.212	0.140	0.142	0.136	0.131	0.118	0.116	0.571	0.506	0.151	0.157	0.137	0.143	0.137	0.139	0.133	0.126	0.115	0.115	0.600	0.461	0.150	0.149	0.130	0.131	0.127	0.129	0.125	0.119	0.114	0.115	0.641	0.563	0.151	0.152	0.129	0.128	0.133	0.127	0.114	0.113	0.114	0.114
42:00:03	0.485	0.521	0.152	0.154	0.129	0.128	0.124	0.126	0.115	0.115	0.113	0.113	0.481	0.510	0.152	0.152	0.130	0.129	0.123	0.123	0.117	0.114	0.116	0.118	0.427	0.505	0.153	0.155	0.136	0.138	0.126	0.127	0.122	0.118	0.115	0.114	0.434	0.503	0.152	0.159	0.140	0.151	0.138	0.136	0.133	0.126	0.117	0.115	0.496	0.510	0.153	0.159	0.141	0.212	0.140	0.142	0.136	0.130	0.118	0.116	0.572	0.506	0.151	0.156	0.137	0.143	0.136	0.139	0.133	0.125	0.115	0.115	0.600	0.460	0.150	0.149	0.130	0.131	0.127	0.129	0.124	0.119	0.114	0.115	0.641	0.564	0.151	0.151	0.129	0.128	0.133	0.126	0.113	0.113	0.114	0.114
42:20:04	0.483	0.519	0.152	0.154	0.129	0.128	0.124	0.126	0.115	0.115	0.113	0.113	0.481	0.510	0.152	0.152	0.130	0.129	0.123	0.123	0.117	0.114	0.116	0.118	0.427	0.504	0.153	0.155	0.136	0.138	0.126	0.128	0.122	0.118	0.115	0.114	0.435	0.502	0.152	0.159	0.139	0.151	0.138	0.136	0.133	0.126	0.117	0.115	0.496	0.508	0.153	0.159	0.141	0.212	0.140	0.141	0.135	0.130	0.118	0.116	0.572	0.505	0.151	0.156	0.137	0.142	0.136	0.138	0.132	0.125	0.115	0.115	0.601	0.460	0.150	0.149	0.130	0.131	0.127	0.129	0.124	0.119	0.114	0.115	0.642	0.565	0.151	0.151	0.129	0.128	0.132	0.126	0.113	0.113	0.114	0.114
42:40:04	0.484	0.520	0.151	0.154	0.129	0.128	0.124	0.126	0.115	0.115	0.113	0.113	0.481	0.509	0.152	0.152	0.130	0.129	0.123	0.123	0.117	0.114	0.116	0.118	0.424	0.504	0.153	0.155	0.136	0.139	0.126	0.128	0.122	0.118	0.115	0.114	0.437	0.502	0.152	0.159	0.140	0.152	0.139	0.137	0.134	0.127	0.117	0.115	0.496	0.508	0.153	0.160	0.141	0.214	0.141	0.142	0.136	0.131	0.118	0.116	0.572	0.505	0.151	0.156	0.138	0.143	0.137	0.139	0.133	0.126	0.115	0.115	0.602	0.459	0.150	0.149	0.130	0.131	0.127	0.129	0.125	0.120	0.114	0.115	0.642	0.568	0.151	0.151	0.129	0.128	0.133	0.126	0.113	0.113	0.114	0.114
43:00:04	0.483	0.521	0.151	0.154	0.129	0.128	0.124	0.126	0.115	0.115	0.113	0.113	0.481	0.509	0.152	0.152	0.130	0.129	0.123	0.122	0.117	0.114	0.116	0.118	0.423	0.503	0.153	0.155	0.136	0.138	0.126	0.128	0.122	0.118	0.115	0.114	0.440	0.502	0.152	0.159	0.140	0.152	0.139	0.137	0.134	0.126	0.117	0.115	0.497	0.508	0.153	0.160	0.141	0.214	0.140	0.142	0.136	0.131	0.118	0.116	0.571	0.506	0.151	0.156	0.137	0.143	0.137	0.139	0.133	0.125	0.115	0.114	0.602	0.455	0.150	0.149	0.130	0.131	0.127	0.129	0.125	0.120	0.114	0.115	0.642	0.569	0.150	0.151	0.129	0.128	0.132	0.126	0.113	0.113	0.113	0.113
43:20:04	0.483	0.522	0.151	0.154	0.129	0.128	0.124	0.126	0.115	0.115	0.113	0.113	0.481	0.508	0.152	0.152	0.129	0.129	0.123	0.123	0.117	0.114	0.116	0.118	0.422	0.503	0.153	0.155	0.135	0.138	0.126	0.127	0.122	0.118	0.115	0.114	0.444	0.501	0.152	0.159	0.139	0.152	0.138	0.136	0.133	0.126	0.117	0.115	0.497	0.508	0.153	0.159	0.141	0.214	0.140	0.141	0.135	0.130	0.118	0.116	0.570	0.505	0.151	0.156	0.137	0.143	0.136	0.139	0.133	0.125	0.115	0.115	0.602	0.454	0.150	0.148	0.130	0.131	0.126	0.129	0.124	0.119	0.114	0.115	0.642	0.571	0.151	0.151	0.129	0.128	0.132	0.126	0.113	0.113	0.114	0.114
43:40:04	0.482	0.521	0.151	0.154	0.129	0.128	0.124	0.126	0.115	0.115	0.113	0.113	0.480	0.507	0.152	0.152	0.130	0.129	0.123	0.122	0.117	0.114	0.116	0.118	0.420	0.504	0.153	0.154	0.135	0.138	0.126	0.127	0.122	0.118	0.115	0.114	0.444	0.500	0.152	0.159	0.139	0.152	0.138	0.136	0.133	0.126	0.117	0.115	0.496	0.508	0.153	0.159	0.141	0.214	0.140	0.141	0.136	0.130	0.118	0.116	0.570	0.505	0.151	0.156	0.137	0.143	0.136	0.139	0.133	0.125	0.115	0.115	0.602	0.453	0.150	0.148	0.130	0.131	0.126	0.129	0.124	0.119	0.114	0.115	0.642	0.573	0.151	0.151	0.129	0.128	0.132	0.126	0.113	0.113	0.114	0.114
44:00:04	0.482	0.521	0.151	0.154	0.129	0.127	0.124	0.126	0.115	0.115	0.113	0.113	0.481	0.507	0.152	0.151	0.130	0.129	0.123	0.123	0.117	0.114	0.116	0.118	0.418	0.503	0.153	0.154	0.135	0.138	0.126	0.127	0.122	0.118	0.115	0.114	0.442	0.500	0.152	0.159	0.139	0.153	0.139	0.137	0.133	0.127	0.117	0.115	0.496	0.508	0.152	0.159	0.141	0.215	0.140	0.142	0.136	0.131	0.118	0.116	0.569	0.505	0.151	0.156	0.138	0.143	0.137	0.139	0.133	0.126	0.115	0.115	0.603	0.451	0.150	0.148	0.130	0.131	0.126	0.129	0.125	0.120	0.114	0.115	0.643	0.575	0.150	0.151	0.129	0.128	0.132	0.126	0.113	0.113	0.114	0.113
44:20:04	0.483	0.520	0.151	0.153	0.129	0.128	0.124	0.126	0.115	0.115	0.113	0.113	0.480	0.507	0.151	0.151	0.129	0.129	0.123	0.122	0.117	0.114	0.116	0.118	0.419	0.502	0.152	0.154	0.135	0.138	0.126	0.127	0.122	0.118	0.115	0.114	0.438	0.499	0.152	0.158	0.139	0.152	0.138	0.136	0.132	0.126	0.117	0.115	0.496	0.507	0.152	0.159	0.141	0.215	0.139	0.141	0.135	0.130	0.118	0.116	0.569	0.505	0.151	0.156	0.137	0.142	0.136	0.138	0.132	0.125	0.115	0.115	0.605	0.450	0.150	0.148	0.130	0.131	0.126	0.129	0.124	0.119	0.114	0.115	0.642	0.577	0.150	0.151	0.129	0.128	0.132	0.126	0.113	0.113	0.114	0.113
44:40:04	0.483	0.519	0.151	0.153	0.129	0.128	0.124	0.126	0.115	0.115	0.113	0.113	0.480	0.505	0.151	0.151	0.130	0.129	0.123	0.122	0.117	0.114	0.116	0.118	0.418	0.502	0.152	0.154	0.135	0.138	0.126	0.127	0.121	0.118	0.115	0.114	0.436	0.498	0.152	0.158	0.139	0.152	0.138	0.136	0.132	0.126	0.117	0.115	0.496	0.507	0.152	0.159	0.141	0.215	0.139	0.141	0.135	0.130	0.118	0.116	0.569	0.505	0.151	0.156	0.137	0.142	0.136	0.138	0.132	0.125	0.115	0.115	0.606	0.450	0.150	0.148	0.130	0.131	0.126	0.129	0.124	0.119	0.114	0.115	0.641	0.577	0.150	0.151	0.129	0.128	0.132	0.126	0.113	0.113	0.114	0.113
45:00:04	0.483	0.520	0.151	0.153	0.129	0.128	0.124	0.126	0.115	0.115	0.113	0.113	0.479	0.504	0.151	0.151	0.129	0.129	0.123	0.122	0.117	0.114	0.116	0.118	0.418	0.501	0.152	0.154	0.135	0.138	0.126	0.127	0.121	0.118	0.115	0.114	0.431	0.497	0.152	0.158	0.139	0.152	0.138	0.136	0.132	0.126	0.117	0.115	0.495	0.507	0.152	0.159	0.141	0.215	0.139	0.141	0.135	0.130	0.118	0.116	0.569	0.503	0.151	0.155	0.137	0.142	0.136	0.138	0.132	0.125	0.115	0.114	0.607	0.447	0.150	0.148	0.130	0.131	0.126	0.129	0.124	0.119	0.114	0.115	0.641	0.579	0.150	0.151	0.129	0.128	0.132	0.126	0.113	0.113	0.114	0.113
45:20:04	0.484	0.520	0.151	0.153	0.129	0.128	0.124	0.126	0.115	0.115	0.113	0.113	0.479	0.506	0.151	0.151	0.129	0.129	0.122	0.122	0.117	0.114	0.116	0.118	0.419	0.501	0.152	0.154	0.135	0.138	0.126	0.127	0.122	0.118	0.115	0.114	0.429	0.497	0.152	0.158	0.139	0.153	0.138	0.136	0.133	0.126	0.117	0.115	0.495	0.507	0.152	0.159	0.141	0.216	0.140	0.141	0.136	0.130	0.118	0.116	0.571	0.504	0.151	0.156	0.137	0.142	0.136	0.139	0.133	0.125	0.115	0.114	0.608	0.448	0.149	0.148	0.130	0.131	0.126	0.129	0.125	0.120	0.114	0.115	0.639	0.581	0.150	0.151	0.129	0.128	0.132	0.126	0.113	0.113	0.113	0.113
45:40:04	0.484	0.522	0.151	0.153	0.129	0.128	0.124	0.126	0.115	0.115	0.113	0.112	0.479	0.504	0.151	0.151	0.129	0.129	0.123	0.122	0.117	0.114	0.116	0.118	0.419	0.502	0.152	0.154	0.135	0.138	0.126	0.127	0.121	0.118	0.115	0.114	0.426	0.498	0.152	0.158	0.139	0.152	0.138	0.136	0.132	0.126	0.117	0.115	0.493	0.507	0.152	0.159	0.140	0.215	0.139	0.141	0.135	0.130	0.118	0.116	0.571	0.504	0.150	0.155	0.137	0.141	0.135	0.138	0.132	0.124	0.115	0.114	0.607	0.445	0.149	0.147	0.130	0.131	0.126	0.129	0.124	0.119	0.114	0.115	0.640	0.581	0.150	0.151	0.129	0.128	0.132	0.126	0.113	0.113	0.113	0.113
46:00:04	0.486	0.520	0.151	0.153	0.129	0.128	0.124	0.126	0.115	0.115	0.113	0.113	0.479	0.504	0.151	0.151	0.129	0.129	0.123	0.122	0.117	0.114	0.116	0.118	0.418	0.501	0.152	0.153	0.135	0.138	0.126	0.127	0.122	0.118	0.115	0.114	0.427	0.498	0.152	0.158	0.139	0.152	0.137	0.136	0.132	0.126	0.117	0.115	0.492	0.506	0.152	0.159	0.141	0.215	0.139	0.141	0.135	0.130	0.118	0.116	0.571	0.503	0.150	0.155	0.137	0.141	0.135	0.138	0.132	0.125	0.115	0.114	0.609	0.447	0.150	0.147	0.130	0.131	0.126	0.129	0.124	0.119	0.114	0.115	0.640	0.581	0.150	0.151	0.129	0.128	0.132	0.126	0.113	0.113	0.114	0.113
46:20:04	0.486	0.521	0.151	0.153	0.129	0.128	0.124	0.126	0.115	0.115	0.113	0.113	0.478	0.504	0.151	0.151	0.129	0.129	0.123	0.122	0.117	0.114	0.116	0.118	0.416	0.501	0.152	0.153	0.134	0.138	0.126	0.127	0.122	0.118	0.115	0.114	0.425	0.497	0.151	0.158	0.139	0.153	0.138	0.136	0.132	0.126	0.117	0.115	0.489	0.505	0.152	0.159	0.141	0.216	0.139	0.141	0.135	0.130	0.118	0.116	0.571	0.501	0.150	0.155	0.137	0.142	0.136	0.138	0.132	0.125	0.115	0.114	0.607	0.447	0.149	0.147	0.130	0.131	0.126	0.129	0.124	0.119	0.114	0.115	0.639	0.580	0.150	0.150	0.129	0.128	0.132	0.126	0.113	0.113	0.113	0.113
46:40:04	0.487	0.518	0.151	0.153	0.129	0.128	0.124	0.126	0.115	0.115	0.113	0.113	0.478	0.502	0.151	0.151	0.130	0.129	0.123	0.122	0.117	0.114	0.116	0.118	0.417	0.498	0.152	0.153	0.135	0.138	0.126	0.127	0.122	0.118	0.115	0.114	0.426	0.495	0.152	0.158	0.139	0.153	0.138	0.136	0.133	0.126	0.117	0.115	0.488	0.505	0.152	0.159	0.141	0.216	0.140	0.141	0.135	0.130	0.118	0.116	0.571	0.500	0.150	0.155	0.137	0.142	0.136	0.139	0.133	0.125	0.115	0.115	0.605	0.446	0.149	0.147	0.130	0.131	0.126	0.129	0.124	0.119	0.114	0.115	0.638	0.577	0.150	0.151	0.130	0.128	0.132	0.126	0.114	0.113	0.114	0.113
47:00:04	0.487	0.515	0.151	0.153	0.129	0.128	0.123	0.126	0.115	0.115	0.113	0.113	0.477	0.501	0.151	0.151	0.129	0.129	0.122	0.122	0.117	0.114	0.116	0.118	0.414	0.498	0.152	0.153	0.134	0.138	0.126	0.127	0.121	0.118	0.115	0.114	0.425	0.494	0.151	0.158	0.138	0.152	0.137	0.135	0.131	0.125	0.117	0.115	0.486	0.503	0.152	0.159	0.140	0.215	0.138	0.140	0.134	0.129	0.118	0.116	0.571	0.499	0.150	0.155	0.136	0.141	0.135	0.138	0.131	0.124	0.115	0.115	0.605	0.446	0.149	0.147	0.130	0.131	0.126	0.128	0.124	0.119	0.114	0.115	0.638	0.577	0.150	0.150	0.129	0.128	0.132	0.126	0.113	0.113	0.113	0.113
47:20:04	0.487	0.511	0.151	0.153	0.129	0.127	0.123	0.125	0.115	0.115	0.113	0.112	0.476	0.501	0.151	0.151	0.129	0.129	0.122	0.122	0.117	0.114	0.116	0.118	0.412	0.496	0.152	0.153	0.134	0.138	0.126	0.127	0.121	0.118	0.115	0.114	0.420	0.492	0.151	0.158	0.138	0.152	0.137	0.135	0.131	0.125	0.117	0.115	0.485	0.503	0.152	0.159	0.140	0.215	0.139	0.140	0.134	0.129	0.118	0.116	0.572	0.499	0.150	0.155	0.136	0.141	0.135	0.138	0.132	0.124	0.115	0.114	0.605	0.445	0.149	0.147	0.130	0.131	0.126	0.128	0.124	0.119	0.114	0.115	0.637	0.575	0.150	0.151	0.129	0.128	0.132	0.126	0.113	0.113	0.113	0.113
47:40:04	0.486	0.509	0.151	0.153	0.129	0.128	0.123	0.126	0.115	0.115	0.113	0.112	0.476	0.499	0.151	0.151	0.129	0.129	0.123	0.122	0.117	0.114	0.116	0.118	0.415	0.496	0.152	0.153	0.134	0.138	0.126	0.127	0.121	0.118	0.115	0.114	0.421	0.492	0.151	0.158	0.138	0.152	0.137	0.135	0.131	0.125	0.117	0.115	0.484	0.503	0.152	0.159	0.140	0.214	0.138	0.140	0.134	0.129	0.118	0.116	0.572	0.495	0.150	0.155	0.136	0.141	0.135	0.138	0.132	0.124	0.115	0.114	0.606	0.444	0.149	0.147	0.129	0.131	0.126	0.128	0.124	0.119	0.114	0.115	0.637	0.573	0.150	0.151	0.129	0.128	0.132	0.126	0.113	0.113	0.114	0.113
48:00:04	0.489	0.511	0.151	0.153	0.129	0.128	0.123	0.126	0.115	0.115	0.113	0.113	0.481	0.502	0.151	0.151	0.130	0.129	0.122	0.122	0.117	0.114	0.116	0.118	0.413	0.499	0.152	0.153	0.134	0.138	0.125	0.127	0.121	0.118	0.115	0.114	0.426	0.495	0.151	0.158	0.138	0.154	0.137	0.135	0.131	0.125	0.116	0.115	0.485	0.506	0.152	0.160	0.140	0.216	0.138	0.140	0.134	0.129	0.117	0.115	0.575	0.496	0.150	0.154	0.136	0.141	0.135	0.138	0.131	0.124	0.115	0.114	0.606	0.445	0.149	0.146	0.130	0.131	0.126	0.128	0.124	0.119	0.113	0.115	0.638	0.574	0.150	0.150	0.129	0.128	0.132	0.126	0.113	0.113	0.113	0.113

