Field Group

Plate Comment:	
Procedure Summary
  Plate Type:              Corning 96 well for LogPhase600
  Plate Number:            1
  Discontinuous Kinetics:  Runtime 02:00:00 (D:HH:MM), Interval 00:20:00 (HH:MM:SS), 145 Reads (max)
  Read:                    600 nm
  Incubator:               On
    Temperature setpoint:  30 °C
    Temperature gradient:  Off
  Shaking:                 On
     Shaking frequency:    600 RPMs		
			
			

600

Time	A1	A2	A3	A4	A5	A6	A7	A8	A9	A10	A11	A12	B1	B2	B3	B4	B5	B6	B7	B8	B9	B10	B11	B12	C1	C2	C3	C4	C5	C6	C7	C8	C9	C10	C11	C12	D1	D2	D3	D4	D5	D6	D7	D8	D9	D10	D11	D12	E1	E2	E3	E4	E5	E6	E7	E8	E9	E10	E11	E12	F1	F2	F3	F4	F5	F6	F7	F8	F9	F10	F11	F12	G1	G2	G3	G4	G5	G6	G7	G8	G9	G10	G11	G12	H1	H2	H3	H4	H5	H6	H7	H8	H9	H10	H11	H12
0:00:00	0.115	0.116	0.117	0.116	0.116	0.118	0.122	0.117	0.126	0.116	0.117	0.116	0.117	0.116	0.117	0.116	0.117	0.118	0.123	0.117	0.123	0.117	0.117	0.115	0.116	0.100	0.117	0.117	0.118	0.119	0.124	0.117	0.117	0.117	0.117	0.116	0.119	0.118	0.084	0.117	0.118	0.117	0.117	0.117	0.118	0.119	0.117	0.117	0.116	0.119	0.117	0.117	0.119	0.117	0.118	0.119	0.116	0.116	0.116	0.116	0.117	0.117	0.120	0.096	0.120	0.086	0.086	0.119	0.119	0.120	0.118	0.119	0.116	0.101	0.120	0.112	0.100	0.093	0.093	0.117	0.116	0.116	0.119	0.116	0.116	0.116	0.117	0.118	0.117	0.116	0.117	0.119	0.122	0.117	0.117	0.121
0:20:00	0.116	0.116	0.118	0.116	0.117	0.118	0.122	0.118	0.126	0.116	0.118	0.117	0.118	0.116	0.116	0.116	0.117	0.117	0.122	0.117	0.123	0.117	0.117	0.116	0.116	0.107	0.116	0.117	0.118	0.119	0.124	0.118	0.118	0.117	0.117	0.116	0.119	0.118	0.083	0.116	0.117	0.116	0.118	0.116	0.116	0.119	0.117	0.117	0.116	0.117	0.117	0.117	0.119	0.117	0.118	0.119	0.115	0.116	0.117	0.116	0.116	0.116	0.119	0.095	0.120	0.086	0.085	0.120	0.120	0.119	0.118	0.119	0.117	0.090	0.120	0.111	0.098	0.093	0.118	0.117	0.117	0.116	0.120	0.117	0.116	0.116	0.117	0.117	0.117	0.116	0.117	0.117	0.121	0.116	0.118	0.123
0:40:00	0.116	0.116	0.118	0.116	0.117	0.118	0.123	0.118	0.125	0.118	0.118	0.117	0.118	0.116	0.116	0.116	0.117	0.116	0.122	0.117	0.122	0.117	0.118	0.116	0.116	0.107	0.116	0.117	0.118	0.119	0.124	0.119	0.118	0.117	0.118	0.117	0.119	0.117	0.083	0.116	0.117	0.116	0.117	0.116	0.116	0.119	0.118	0.118	0.116	0.117	0.117	0.117	0.119	0.117	0.118	0.119	0.115	0.116	0.117	0.117	0.117	0.116	0.118	0.095	0.120	0.087	0.085	0.120	0.120	0.118	0.118	0.119	0.117	0.086	0.120	0.107	0.098	0.092	0.118	0.117	0.117	0.116	0.120	0.117	0.116	0.115	0.117	0.118	0.117	0.116	0.117	0.117	0.121	0.116	0.119	0.126
1:00:00	0.116	0.116	0.118	0.116	0.117	0.118	0.123	0.119	0.124	0.116	0.119	0.117	0.117	0.116	0.117	0.116	0.117	0.116	0.122	0.117	0.122	0.117	0.118	0.116	0.116	0.108	0.116	0.117	0.118	0.118	0.124	0.119	0.118	0.117	0.118	0.117	0.118	0.117	0.083	0.116	0.116	0.116	0.116	0.116	0.116	0.118	0.118	0.118	0.116	0.117	0.116	0.117	0.119	0.116	0.118	0.119	0.115	0.116	0.118	0.117	0.116	0.116	0.117	0.096	0.119	0.087	0.086	0.120	0.120	0.117	0.119	0.119	0.116	0.084	0.120	0.087	0.098	0.092	0.119	0.117	0.117	0.116	0.121	0.117	0.116	0.115	0.116	0.118	0.118	0.116	0.117	0.117	0.121	0.116	0.119	0.132
1:20:00	0.115	0.116	0.118	0.116	0.117	0.118	0.123	0.119	0.124	0.117	0.119	0.118	0.117	0.115	0.116	0.116	0.117	0.116	0.122	0.117	0.122	0.116	0.119	0.118	0.116	0.108	0.116	0.118	0.118	0.118	0.124	0.119	0.118	0.118	0.119	0.118	0.118	0.117	0.083	0.116	0.116	0.116	0.117	0.116	0.117	0.118	0.119	0.119	0.116	0.116	0.116	0.117	0.119	0.116	0.118	0.119	0.115	0.116	0.119	0.118	0.116	0.115	0.116	0.096	0.119	0.087	0.086	0.120	0.121	0.117	0.120	0.120	0.116	0.084	0.121	0.087	0.097	0.092	0.119	0.117	0.117	0.116	0.122	0.118	0.116	0.117	0.116	0.118	0.118	0.116	0.117	0.117	0.121	0.116	0.120	0.136
1:40:00	0.116	0.116	0.118	0.116	0.117	0.118	0.123	0.119	0.125	0.124	0.121	0.119	0.117	0.116	0.116	0.116	0.117	0.116	0.122	0.117	0.123	0.117	0.121	0.119	0.116	0.108	0.117	0.118	0.118	0.119	0.124	0.119	0.118	0.118	0.121	0.120	0.118	0.117	0.083	0.117	0.116	0.116	0.117	0.117	0.116	0.119	0.120	0.120	0.116	0.117	0.117	0.118	0.119	0.117	0.119	0.119	0.116	0.117	0.120	0.118	0.116	0.116	0.117	0.097	0.120	0.088	0.086	0.121	0.121	0.117	0.121	0.121	0.116	0.083	0.121	0.087	0.096	0.092	0.119	0.117	0.118	0.116	0.123	0.119	0.116	0.115	0.116	0.118	0.118	0.116	0.117	0.117	0.121	0.116	0.121	0.138
2:00:00	0.115	0.116	0.118	0.116	0.117	0.118	0.123	0.119	0.125	0.124	0.122	0.120	0.117	0.116	0.117	0.116	0.117	0.117	0.122	0.117	0.123	0.117	0.122	0.120	0.116	0.109	0.117	0.118	0.118	0.119	0.124	0.119	0.118	0.118	0.122	0.121	0.118	0.117	0.083	0.117	0.116	0.116	0.117	0.117	0.116	0.118	0.122	0.122	0.116	0.117	0.117	0.118	0.120	0.117	0.119	0.119	0.117	0.117	0.122	0.119	0.116	0.115	0.117	0.098	0.119	0.088	0.087	0.122	0.121	0.118	0.123	0.122	0.116	0.083	0.121	0.087	0.095	0.092	0.120	0.117	0.118	0.116	0.125	0.119	0.116	0.115	0.116	0.118	0.118	0.116	0.117	0.117	0.121	0.117	0.123	0.141
2:20:00	0.115	0.116	0.118	0.116	0.117	0.118	0.123	0.119	0.125	0.122	0.124	0.121	0.117	0.116	0.116	0.116	0.117	0.116	0.122	0.117	0.124	0.117	0.123	0.122	0.116	0.109	0.117	0.118	0.118	0.119	0.124	0.119	0.118	0.118	0.124	0.123	0.118	0.117	0.083	0.117	0.116	0.116	0.117	0.117	0.117	0.118	0.124	0.123	0.116	0.117	0.117	0.118	0.119	0.117	0.120	0.119	0.117	0.117	0.124	0.120	0.116	0.116	0.117	0.098	0.119	0.088	0.087	0.122	0.121	0.118	0.124	0.123	0.116	0.083	0.121	0.087	0.094	0.093	0.120	0.117	0.118	0.117	0.127	0.120	0.116	0.115	0.116	0.118	0.118	0.116	0.118	0.117	0.122	0.117	0.125	0.143
2:40:00	0.115	0.116	0.118	0.116	0.116	0.118	0.123	0.120	0.126	0.118	0.127	0.122	0.117	0.116	0.117	0.116	0.117	0.116	0.122	0.117	0.124	0.117	0.126	0.123	0.116	0.109	0.117	0.118	0.118	0.119	0.125	0.119	0.119	0.118	0.127	0.124	0.118	0.117	0.083	0.117	0.116	0.116	0.118	0.117	0.117	0.118	0.127	0.125	0.116	0.117	0.117	0.118	0.120	0.117	0.120	0.119	0.118	0.117	0.127	0.121	0.116	0.116	0.117	0.101	0.119	0.088	0.088	0.123	0.122	0.118	0.128	0.124	0.116	0.083	0.121	0.087	0.093	0.093	0.120	0.117	0.119	0.117	0.130	0.122	0.116	0.115	0.116	0.118	0.118	0.116	0.118	0.117	0.122	0.117	0.128	0.145
3:00:00	0.116	0.116	0.118	0.116	0.117	0.118	0.123	0.120	0.126	0.122	0.130	0.123	0.117	0.116	0.116	0.116	0.117	0.116	0.122	0.117	0.125	0.117	0.128	0.125	0.116	0.109	0.117	0.118	0.118	0.119	0.124	0.119	0.120	0.118	0.130	0.126	0.118	0.117	0.083	0.117	0.116	0.116	0.118	0.117	0.119	0.120	0.130	0.125	0.116	0.117	0.117	0.118	0.120	0.117	0.121	0.119	0.117	0.117	0.130	0.123	0.116	0.115	0.117	0.102	0.120	0.092	0.088	0.124	0.123	0.118	0.131	0.125	0.116	0.083	0.121	0.087	0.092	0.091	0.121	0.117	0.120	0.117	0.133	0.123	0.116	0.115	0.116	0.117	0.117	0.116	0.118	0.117	0.124	0.117	0.131	0.142
3:20:00	0.116	0.116	0.118	0.116	0.117	0.118	0.123	0.120	0.127	0.122	0.134	0.124	0.117	0.116	0.116	0.116	0.117	0.116	0.122	0.117	0.125	0.118	0.131	0.127	0.116	0.109	0.117	0.118	0.118	0.119	0.124	0.119	0.121	0.118	0.133	0.127	0.118	0.117	0.083	0.117	0.116	0.116	0.118	0.117	0.119	0.117	0.134	0.127	0.116	0.117	0.117	0.119	0.120	0.117	0.121	0.119	0.118	0.117	0.134	0.124	0.116	0.115	0.117	0.102	0.120	0.091	0.089	0.124	0.124	0.119	0.136	0.126	0.116	0.083	0.121	0.087	0.090	0.091	0.121	0.117	0.121	0.117	0.138	0.124	0.116	0.115	0.116	0.118	0.117	0.116	0.118	0.117	0.124	0.117	0.136	0.142
3:40:00	0.115	0.116	0.118	0.116	0.117	0.118	0.123	0.120	0.128	0.127	0.139	0.126	0.117	0.116	0.116	0.116	0.117	0.116	0.122	0.117	0.126	0.118	0.136	0.129	0.116	0.109	0.117	0.118	0.118	0.119	0.125	0.119	0.121	0.119	0.139	0.129	0.118	0.117	0.083	0.117	0.116	0.116	0.118	0.117	0.120	0.120	0.139	0.129	0.116	0.117	0.117	0.119	0.120	0.117	0.122	0.119	0.120	0.117	0.140	0.125	0.116	0.115	0.117	0.102	0.119	0.089	0.090	0.124	0.124	0.119	0.141	0.127	0.116	0.083	0.121	0.087	0.090	0.093	0.121	0.117	0.122	0.117	0.143	0.125	0.116	0.115	0.116	0.118	0.117	0.116	0.118	0.117	0.126	0.117	0.141	0.141
4:00:00	0.116	0.116	0.118	0.116	0.117	0.118	0.123	0.120	0.129	0.118	0.145	0.127	0.117	0.116	0.116	0.116	0.117	0.116	0.122	0.117	0.128	0.118	0.140	0.129	0.116	0.109	0.117	0.118	0.118	0.119	0.124	0.119	0.124	0.119	0.145	0.130	0.118	0.117	0.083	0.117	0.116	0.116	0.119	0.117	0.120	0.119	0.145	0.130	0.116	0.117	0.117	0.119	0.120	0.117	0.122	0.119	0.121	0.118	0.145	0.126	0.116	0.115	0.117	0.103	0.120	0.092	0.091	0.125	0.127	0.119	0.147	0.129	0.116	0.083	0.121	0.087	0.087	0.091	0.122	0.117	0.122	0.118	0.149	0.125	0.116	0.115	0.116	0.117	0.117	0.116	0.118	0.117	0.127	0.118	0.147	0.137
4:20:00	0.116	0.116	0.118	0.116	0.117	0.118	0.123	0.120	0.131	0.124	0.152	0.128	0.117	0.116	0.116	0.116	0.117	0.116	0.122	0.117	0.129	0.118	0.147	0.130	0.116	0.108	0.117	0.118	0.118	0.119	0.125	0.119	0.124	0.120	0.152	0.132	0.118	0.117	0.083	0.117	0.116	0.116	0.119	0.117	0.121	0.121	0.153	0.132	0.116	0.117	0.118	0.120	0.120	0.117	0.122	0.119	0.122	0.118	0.153	0.127	0.116	0.115	0.117	0.104	0.120	0.092	0.091	0.126	0.127	0.120	0.155	0.130	0.116	0.083	0.121	0.087	0.085	0.091	0.122	0.117	0.123	0.118	0.157	0.127	0.116	0.115	0.116	0.117	0.117	0.116	0.118	0.117	0.128	0.118	0.155	0.135
4:40:00	0.115	0.116	0.118	0.116	0.117	0.118	0.123	0.120	0.132	0.119	0.161	0.128	0.117	0.116	0.116	0.116	0.117	0.116	0.122	0.117	0.132	0.119	0.155	0.132	0.116	0.109	0.117	0.119	0.118	0.119	0.125	0.119	0.127	0.121	0.161	0.132	0.118	0.117	0.083	0.117	0.116	0.116	0.119	0.117	0.123	0.118	0.162	0.133	0.116	0.117	0.117	0.120	0.120	0.117	0.123	0.120	0.126	0.118	0.162	0.128	0.116	0.115	0.117	0.103	0.119	0.089	0.092	0.125	0.130	0.120	0.164	0.131	0.116	0.083	0.121	0.087	0.086	0.093	0.122	0.117	0.126	0.118	0.167	0.128	0.116	0.115	0.116	0.118	0.117	0.116	0.118	0.117	0.133	0.118	0.164	0.132
5:00:00	0.116	0.116	0.118	0.116	0.117	0.118	0.123	0.120	0.137	0.120	0.169	0.131	0.117	0.116	0.116	0.116	0.117	0.116	0.122	0.117	0.138	0.119	0.163	0.133	0.116	0.109	0.117	0.118	0.118	0.120	0.124	0.119	0.133	0.120	0.169	0.134	0.118	0.117	0.083	0.118	0.116	0.116	0.119	0.116	0.129	0.118	0.169	0.133	0.116	0.117	0.118	0.120	0.120	0.117	0.123	0.120	0.133	0.119	0.168	0.128	0.116	0.115	0.117	0.104	0.120	0.092	0.093	0.126	0.136	0.121	0.170	0.131	0.116	0.083	0.121	0.087	0.085	0.091	0.123	0.117	0.131	0.119	0.173	0.128	0.116	0.115	0.116	0.117	0.117	0.116	0.118	0.117	0.136	0.119	0.171	0.131
5:20:00	0.116	0.116	0.118	0.116	0.117	0.118	0.123	0.120	0.142	0.121	0.174	0.132	0.118	0.116	0.116	0.116	0.117	0.116	0.122	0.117	0.141	0.120	0.171	0.135	0.116	0.109	0.117	0.118	0.118	0.120	0.124	0.119	0.134	0.122	0.174	0.134	0.118	0.117	0.083	0.118	0.116	0.116	0.120	0.117	0.133	0.118	0.176	0.136	0.116	0.117	0.118	0.121	0.120	0.117	0.124	0.120	0.137	0.121	0.175	0.129	0.116	0.115	0.118	0.105	0.120	0.092	0.093	0.126	0.139	0.121	0.176	0.132	0.116	0.083	0.121	0.087	0.085	0.091	0.123	0.117	0.134	0.120	0.179	0.129	0.116	0.115	0.116	0.117	0.117	0.116	0.118	0.117	0.138	0.120	0.178	0.134
5:40:00	0.116	0.116	0.118	0.116	0.117	0.118	0.123	0.120	0.144	0.122	0.180	0.133	0.118	0.116	0.116	0.116	0.117	0.116	0.122	0.118	0.144	0.122	0.177	0.135	0.116	0.109	0.117	0.118	0.118	0.120	0.125	0.119	0.135	0.122	0.180	0.136	0.118	0.117	0.083	0.118	0.117	0.116	0.120	0.117	0.134	0.123	0.180	0.137	0.116	0.117	0.118	0.121	0.120	0.118	0.124	0.120	0.136	0.122	0.179	0.130	0.116	0.115	0.117	0.105	0.120	0.092	0.094	0.126	0.140	0.123	0.181	0.132	0.116	0.083	0.121	0.087	0.085	0.091	0.124	0.117	0.136	0.120	0.184	0.130	0.116	0.115	0.116	0.117	0.117	0.116	0.118	0.117	0.140	0.121	0.183	0.135
6:00:00	0.116	0.116	0.118	0.117	0.117	0.118	0.123	0.120	0.146	0.124	0.182	0.133	0.118	0.116	0.116	0.117	0.118	0.116	0.122	0.117	0.146	0.123	0.183	0.134	0.116	0.107	0.117	0.118	0.118	0.121	0.125	0.119	0.135	0.124	0.182	0.137	0.118	0.117	0.083	0.118	0.117	0.116	0.121	0.117	0.135	0.121	0.181	0.138	0.117	0.117	0.118	0.122	0.121	0.118	0.125	0.121	0.139	0.122	0.180	0.130	0.117	0.116	0.118	0.103	0.120	0.090	0.095	0.126	0.141	0.124	0.182	0.133	0.116	0.083	0.121	0.086	0.086	0.093	0.123	0.117	0.137	0.121	0.185	0.130	0.116	0.115	0.116	0.118	0.117	0.116	0.118	0.117	0.142	0.124	0.185	0.134
6:20:00	0.116	0.116	0.118	0.116	0.117	0.118	0.123	0.120	0.147	0.126	0.181	0.134	0.118	0.116	0.116	0.116	0.117	0.116	0.122	0.117	0.144	0.127	0.185	0.134	0.116	0.109	0.117	0.118	0.118	0.120	0.125	0.119	0.136	0.124	0.183	0.134	0.118	0.117	0.083	0.118	0.117	0.116	0.120	0.117	0.136	0.123	0.181	0.138	0.116	0.117	0.118	0.121	0.121	0.118	0.125	0.121	0.144	0.124	0.180	0.131	0.117	0.115	0.118	0.105	0.120	0.092	0.096	0.127	0.142	0.127	0.182	0.134	0.116	0.083	0.121	0.087	0.085	0.091	0.124	0.117	0.137	0.123	0.184	0.131	0.116	0.115	0.116	0.117	0.117	0.116	0.118	0.117	0.143	0.126	0.184	0.136
6:40:00	0.116	0.116	0.118	0.116	0.117	0.118	0.123	0.120	0.149	0.128	0.181	0.134	0.118	0.116	0.116	0.116	0.118	0.116	0.122	0.117	0.144	0.131	0.185	0.134	0.116	0.109	0.117	0.118	0.118	0.120	0.125	0.119	0.139	0.126	0.183	0.134	0.118	0.117	0.083	0.118	0.117	0.116	0.121	0.117	0.137	0.123	0.179	0.138	0.117	0.117	0.118	0.121	0.121	0.118	0.125	0.121	0.146	0.126	0.179	0.131	0.117	0.115	0.117	0.105	0.120	0.092	0.096	0.127	0.143	0.130	0.182	0.134	0.116	0.083	0.121	0.087	0.086	0.091	0.124	0.117	0.139	0.126	0.185	0.131	0.116	0.115	0.116	0.117	0.117	0.116	0.118	0.117	0.148	0.130	0.184	0.132
7:00:00	0.116	0.116	0.118	0.116	0.117	0.118	0.123	0.120	0.151	0.132	0.181	0.135	0.118	0.116	0.116	0.116	0.117	0.116	0.122	0.117	0.148	0.134	0.185	0.135	0.116	0.109	0.117	0.118	0.118	0.120	0.124	0.119	0.144	0.132	0.183	0.135	0.118	0.117	0.083	0.118	0.117	0.116	0.121	0.116	0.141	0.129	0.179	0.137	0.117	0.117	0.118	0.122	0.121	0.118	0.126	0.121	0.148	0.131	0.179	0.131	0.116	0.115	0.117	0.106	0.120	0.092	0.097	0.127	0.149	0.135	0.182	0.134	0.116	0.083	0.121	0.087	0.085	0.091	0.124	0.117	0.144	0.131	0.184	0.132	0.117	0.115	0.116	0.117	0.117	0.116	0.119	0.117	0.155	0.133	0.186	0.133
7:20:00	0.116	0.116	0.118	0.116	0.117	0.118	0.123	0.120	0.155	0.135	0.182	0.132	0.118	0.116	0.116	0.117	0.117	0.116	0.122	0.117	0.159	0.133	0.185	0.135	0.116	0.109	0.117	0.118	0.118	0.121	0.125	0.119	0.156	0.134	0.183	0.136	0.118	0.117	0.083	0.117	0.117	0.116	0.121	0.116	0.147	0.131	0.181	0.139	0.117	0.117	0.118	0.122	0.121	0.118	0.126	0.121	0.152	0.134	0.179	0.132	0.117	0.115	0.117	0.105	0.120	0.091	0.097	0.128	0.154	0.136	0.182	0.135	0.116	0.083	0.121	0.087	0.086	0.091	0.125	0.117	0.149	0.132	0.185	0.132	0.117	0.115	0.116	0.117	0.117	0.116	0.118	0.117	0.162	0.133	0.186	0.134
7:40:00	0.116	0.116	0.118	0.116	0.117	0.118	0.123	0.120	0.160	0.132	0.182	0.133	0.119	0.116	0.116	0.116	0.117	0.116	0.122	0.117	0.174	0.133	0.184	0.136	0.116	0.107	0.117	0.118	0.118	0.121	0.125	0.119	0.168	0.136	0.184	0.135	0.118	0.117	0.083	0.117	0.116	0.116	0.122	0.116	0.157	0.132	0.180	0.138	0.117	0.117	0.118	0.122	0.121	0.118	0.126	0.122	0.154	0.134	0.179	0.132	0.117	0.115	0.118	0.105	0.120	0.093	0.097	0.128	0.159	0.136	0.182	0.135	0.117	0.083	0.121	0.086	0.086	0.091	0.124	0.117	0.157	0.132	0.184	0.133	0.117	0.115	0.116	0.117	0.118	0.116	0.118	0.117	0.176	0.133	0.187	0.134
8:00:00	0.116	0.116	0.118	0.116	0.117	0.118	0.123	0.120	0.178	0.131	0.182	0.133	0.118	0.116	0.116	0.117	0.117	0.116	0.122	0.117	0.183	0.132	0.186	0.136	0.117	0.109	0.117	0.118	0.118	0.121	0.125	0.119	0.178	0.136	0.184	0.136	0.119	0.117	0.083	0.117	0.117	0.116	0.121	0.117	0.171	0.133	0.181	0.137	0.117	0.117	0.118	0.122	0.121	0.118	0.127	0.122	0.153	0.133	0.181	0.132	0.117	0.115	0.117	0.107	0.120	0.092	0.098	0.128	0.167	0.135	0.183	0.136	0.117	0.083	0.121	0.087	0.086	0.091	0.125	0.116	0.172	0.131	0.185	0.133	0.117	0.115	0.116	0.117	0.117	0.116	0.118	0.117	0.184	0.132	0.189	0.135
8:20:00	0.116	0.116	0.118	0.117	0.117	0.118	0.123	0.121	0.188	0.132	0.182	0.134	0.119	0.117	0.116	0.117	0.117	0.116	0.122	0.118	0.188	0.134	0.186	0.137	0.117	0.109	0.117	0.118	0.118	0.121	0.125	0.119	0.188	0.137	0.184	0.137	0.119	0.117	0.083	0.118	0.117	0.116	0.121	0.117	0.187	0.133	0.182	0.139	0.118	0.117	0.118	0.122	0.122	0.118	0.127	0.122	0.159	0.134	0.182	0.133	0.117	0.115	0.118	0.106	0.120	0.092	0.099	0.128	0.181	0.135	0.184	0.136	0.117	0.083	0.121	0.087	0.086	0.091	0.125	0.116	0.181	0.132	0.185	0.134	0.118	0.115	0.117	0.117	0.118	0.116	0.119	0.117	0.197	0.134	0.191	0.135
8:40:00	0.117	0.116	0.118	0.117	0.117	0.118	0.123	0.120	0.206	0.135	0.182	0.137	0.119	0.116	0.116	0.116	0.117	0.116	0.122	0.117	0.196	0.137	0.184	0.137	0.117	0.109	0.117	0.118	0.119	0.121	0.125	0.119	0.198	0.138	0.185	0.137	0.119	0.117	0.083	0.118	0.117	0.117	0.121	0.117	0.198	0.134	0.183	0.140	0.118	0.117	0.118	0.122	0.122	0.118	0.127	0.122	0.174	0.135	0.181	0.133	0.117	0.116	0.117	0.107	0.120	0.091	0.099	0.128	0.193	0.137	0.184	0.136	0.117	0.083	0.121	0.087	0.086	0.091	0.126	0.116	0.184	0.133	0.185	0.134	0.118	0.115	0.117	0.117	0.118	0.116	0.118	0.117	0.208	0.137	0.191	0.136
9:00:00	0.117	0.117	0.118	0.117	0.117	0.118	0.123	0.120	0.198	0.142	0.182	0.134	0.120	0.116	0.116	0.116	0.118	0.117	0.122	0.117	0.203	0.142	0.186	0.138	0.117	0.109	0.117	0.118	0.119	0.121	0.124	0.118	0.207	0.142	0.184	0.138	0.120	0.117	0.083	0.117	0.117	0.117	0.122	0.117	0.209	0.138	0.186	0.140	0.118	0.118	0.118	0.122	0.122	0.118	0.127	0.122	0.188	0.138	0.183	0.133	0.117	0.117	0.118	0.107	0.121	0.092	0.099	0.128	0.203	0.141	0.185	0.137	0.118	0.083	0.121	0.087	0.087	0.091	0.126	0.116	0.194	0.137	0.186	0.134	0.119	0.115	0.117	0.117	0.118	0.116	0.119	0.117	0.222	0.143	0.191	0.136
9:20:00	0.117	0.117	0.118	0.116	0.117	0.118	0.124	0.121	0.204	0.153	0.182	0.135	0.121	0.116	0.116	0.116	0.118	0.116	0.122	0.117	0.216	0.158	0.185	0.139	0.118	0.110	0.117	0.118	0.119	0.121	0.125	0.118	0.222	0.155	0.185	0.138	0.120	0.117	0.083	0.117	0.117	0.117	0.122	0.117	0.222	0.143	0.190	0.141	0.119	0.118	0.118	0.122	0.123	0.118	0.127	0.122	0.202	0.148	0.185	0.134	0.118	0.117	0.117	0.108	0.121	0.091	0.099	0.128	0.213	0.150	0.186	0.137	0.119	0.083	0.121	0.087	0.087	0.092	0.126	0.117	0.207	0.147	0.186	0.135	0.119	0.115	0.117	0.117	0.118	0.116	0.119	0.117	0.238	0.149	0.194	0.138
9:40:00	0.118	0.117	0.118	0.117	0.118	0.119	0.123	0.121	0.217	0.173	0.184	0.135	0.121	0.116	0.116	0.116	0.118	0.116	0.122	0.118	0.236	0.165	0.189	0.139	0.118	0.108	0.117	0.118	0.120	0.122	0.125	0.119	0.233	0.163	0.190	0.139	0.120	0.117	0.083	0.118	0.117	0.117	0.123	0.116	0.237	0.155	0.186	0.141	0.120	0.119	0.118	0.123	0.123	0.119	0.128	0.123	0.216	0.162	0.188	0.134	0.119	0.116	0.118	0.106	0.121	0.092	0.100	0.129	0.226	0.163	0.187	0.137	0.119	0.083	0.121	0.086	0.087	0.092	0.126	0.116	0.225	0.156	0.189	0.135	0.120	0.115	0.117	0.117	0.117	0.116	0.119	0.117	0.253	0.167	0.191	0.137
10:00:00	0.118	0.117	0.118	0.117	0.117	0.119	0.124	0.121	0.232	0.179	0.184	0.135	0.122	0.116	0.116	0.116	0.119	0.116	0.122	0.118	0.245	0.170	0.188	0.139	0.119	0.110	0.117	0.118	0.120	0.122	0.124	0.118	0.246	0.174	0.192	0.140	0.121	0.118	0.083	0.118	0.118	0.117	0.122	0.117	0.248	0.166	0.188	0.141	0.121	0.119	0.118	0.122	0.124	0.119	0.128	0.123	0.232	0.175	0.190	0.135	0.118	0.117	0.118	0.109	0.122	0.092	0.100	0.129	0.242	0.174	0.192	0.138	0.121	0.083	0.121	0.087	0.088	0.092	0.127	0.116	0.246	0.157	0.191	0.135	0.121	0.115	0.117	0.117	0.118	0.116	0.119	0.117	0.264	0.185	0.197	0.137
10:20:00	0.119	0.117	0.118	0.117	0.118	0.119	0.124	0.121	0.251	0.187	0.189	0.136	0.123	0.117	0.116	0.116	0.119	0.117	0.122	0.118	0.265	0.178	0.194	0.141	0.119	0.110	0.117	0.118	0.120	0.122	0.124	0.118	0.275	0.188	0.194	0.142	0.122	0.118	0.083	0.117	0.118	0.118	0.122	0.117	0.262	0.180	0.189	0.142	0.122	0.120	0.118	0.122	0.125	0.119	0.128	0.123	0.250	0.194	0.194	0.135	0.120	0.117	0.117	0.108	0.122	0.092	0.100	0.128	0.258	0.195	0.194	0.138	0.122	0.083	0.121	0.087	0.089	0.092	0.127	0.116	0.270	0.166	0.193	0.136	0.125	0.115	0.117	0.117	0.118	0.116	0.119	0.117	0.292	0.197	0.198	0.140
10:40:00	0.120	0.117	0.118	0.117	0.119	0.120	0.123	0.121	0.267	0.197	0.191	0.138	0.125	0.117	0.116	0.116	0.119	0.117	0.122	0.119	0.292	0.184	0.197	0.144	0.120	0.109	0.117	0.118	0.122	0.122	0.125	0.118	0.298	0.204	0.196	0.143	0.123	0.118	0.083	0.117	0.119	0.118	0.123	0.117	0.285	0.200	0.192	0.142	0.124	0.119	0.118	0.123	0.125	0.120	0.128	0.124	0.264	0.206	0.196	0.135	0.120	0.118	0.118	0.107	0.123	0.092	0.100	0.129	0.272	0.206	0.192	0.139	0.124	0.084	0.121	0.087	0.089	0.092	0.127	0.116	0.291	0.175	0.195	0.136	0.123	0.116	0.117	0.117	0.119	0.117	0.119	0.117	0.301	0.201	0.199	0.141
11:00:00	0.122	0.117	0.118	0.117	0.119	0.119	0.124	0.121	0.291	0.207	0.198	0.139	0.126	0.118	0.116	0.116	0.119	0.118	0.122	0.119	0.296	0.190	0.197	0.146	0.122	0.112	0.117	0.118	0.122	0.122	0.124	0.118	0.307	0.208	0.193	0.144	0.124	0.118	0.083	0.117	0.119	0.118	0.122	0.117	0.302	0.207	0.196	0.143	0.126	0.121	0.118	0.122	0.126	0.120	0.128	0.123	0.276	0.217	0.193	0.135	0.121	0.118	0.118	0.109	0.123	0.092	0.101	0.129	0.322	0.211	0.221	0.139	0.126	0.084	0.121	0.087	0.090	0.093	0.128	0.117	0.297	0.188	0.195	0.137	0.126	0.116	0.117	0.117	0.120	0.117	0.120	0.117	0.307	0.212	0.203	0.142
11:20:00	0.123	0.118	0.118	0.117	0.120	0.119	0.124	0.121	0.320	0.216	0.218	0.140	0.128	0.117	0.116	0.116	0.120	0.118	0.122	0.119	0.303	0.202	0.200	0.145	0.123	0.112	0.117	0.118	0.124	0.124	0.124	0.118	0.312	0.220	0.196	0.144	0.125	0.119	0.083	0.118	0.120	0.119	0.122	0.117	0.310	0.213	0.195	0.143	0.128	0.122	0.118	0.122	0.128	0.121	0.129	0.123	0.289	0.223	0.195	0.136	0.123	0.121	0.118	0.109	0.124	0.091	0.101	0.129	0.337	0.227	0.223	0.139	0.130	0.085	0.121	0.087	0.093	0.093	0.128	0.118	0.361	0.208	0.196	0.138	0.127	0.117	0.117	0.117	0.120	0.117	0.120	0.117	0.311	0.234	0.207	0.142
11:40:00	0.127	0.119	0.118	0.117	0.121	0.120	0.124	0.121	0.326	0.237	0.209	0.140	0.130	0.118	0.117	0.117	0.121	0.118	0.122	0.119	0.310	0.213	0.201	0.146	0.124	0.113	0.117	0.118	0.125	0.124	0.125	0.118	0.317	0.237	0.199	0.145	0.128	0.119	0.083	0.117	0.121	0.120	0.123	0.117	0.316	0.230	0.196	0.143	0.131	0.120	0.118	0.123	0.129	0.122	0.129	0.124	0.301	0.240	0.196	0.136	0.124	0.120	0.118	0.108	0.125	0.091	0.101	0.129	0.372	0.241	0.200	0.140	0.130	0.089	0.121	0.087	0.095	0.093	0.128	0.117	0.387	0.228	0.198	0.139	0.128	0.122	0.117	0.117	0.121	0.117	0.120	0.117	0.314	0.246	0.207	0.144
12:00:00	0.129	0.123	0.118	0.117	0.123	0.121	0.124	0.121	0.350	0.259	0.209	0.140	0.131	0.118	0.117	0.117	0.124	0.119	0.122	0.119	0.315	0.229	0.201	0.148	0.128	0.116	0.117	0.118	0.127	0.124	0.125	0.118	0.323	0.248	0.198	0.146	0.129	0.120	0.083	0.117	0.122	0.120	0.123	0.117	0.320	0.239	0.197	0.144	0.130	0.123	0.118	0.123	0.130	0.122	0.129	0.124	0.322	0.259	0.196	0.136	0.126	0.122	0.118	0.109	0.127	0.091	0.102	0.129	0.402	0.251	0.196	0.141	0.131	0.090	0.121	0.087	0.097	0.093	0.128	0.117	0.397	0.240	0.198	0.140	0.128	0.123	0.117	0.117	0.123	0.117	0.120	0.117	0.317	0.256	0.223	0.144
12:20:00	0.129	0.124	0.118	0.117	0.124	0.122	0.124	0.120	0.378	0.280	0.222	0.141	0.132	0.120	0.117	0.117	0.124	0.118	0.122	0.119	0.321	0.252	0.203	0.148	0.129	0.116	0.117	0.118	0.129	0.125	0.124	0.118	0.328	0.260	0.199	0.146	0.131	0.121	0.083	0.118	0.123	0.120	0.123	0.117	0.323	0.250	0.200	0.144	0.132	0.124	0.118	0.123	0.131	0.123	0.129	0.125	0.347	0.270	0.196	0.137	0.125	0.122	0.118	0.109	0.128	0.090	0.102	0.129	0.399	0.259	0.198	0.141	0.131	0.091	0.121	0.087	0.097	0.093	0.129	0.117	0.404	0.252	0.200	0.140	0.129	0.124	0.117	0.117	0.123	0.118	0.120	0.117	0.321	0.266	0.223	0.145
12:40:00	0.127	0.124	0.118	0.117	0.125	0.122	0.124	0.120	0.385	0.299	0.213	0.141	0.132	0.120	0.116	0.117	0.126	0.119	0.121	0.119	0.327	0.274	0.202	0.149	0.128	0.117	0.117	0.118	0.131	0.126	0.124	0.118	0.333	0.271	0.200	0.147	0.132	0.121	0.083	0.117	0.126	0.121	0.124	0.117	0.325	0.262	0.196	0.144	0.129	0.125	0.118	0.123	0.133	0.124	0.129	0.124	0.365	0.274	0.197	0.137	0.127	0.124	0.118	0.109	0.129	0.088	0.102	0.129	0.416	0.275	0.200	0.142	0.130	0.091	0.121	0.087	0.097	0.094	0.129	0.118	0.407	0.283	0.200	0.141	0.131	0.123	0.117	0.117	0.125	0.118	0.120	0.117	0.326	0.287	0.209	0.146
13:00:00	0.126	0.125	0.118	0.117	0.126	0.122	0.124	0.120	0.408	0.322	0.214	0.142	0.132	0.124	0.117	0.116	0.129	0.121	0.121	0.119	0.331	0.296	0.204	0.150	0.130	0.121	0.117	0.118	0.130	0.127	0.124	0.118	0.339	0.309	0.202	0.147	0.132	0.129	0.083	0.118	0.129	0.122	0.124	0.116	0.330	0.286	0.239	0.144	0.131	0.126	0.118	0.123	0.136	0.126	0.129	0.124	0.380	0.311	0.197	0.136	0.131	0.124	0.118	0.109	0.133	0.086	0.102	0.130	0.427	0.309	0.197	0.142	0.131	0.092	0.121	0.087	0.099	0.095	0.129	0.117	0.411	0.303	0.201	0.141	0.129	0.126	0.117	0.117	0.125	0.119	0.120	0.117	0.331	0.323	0.209	0.147
13:20:00	0.129	0.126	0.118	0.117	0.129	0.125	0.124	0.120	0.424	0.336	0.206	0.142	0.135	0.124	0.116	0.116	0.130	0.123	0.122	0.119	0.335	0.315	0.204	0.150	0.131	0.122	0.117	0.118	0.131	0.128	0.125	0.118	0.344	0.345	0.202	0.149	0.132	0.129	0.083	0.118	0.130	0.123	0.124	0.116	0.336	0.326	0.238	0.145	0.133	0.126	0.118	0.123	0.135	0.129	0.129	0.123	0.391	0.351	0.197	0.137	0.129	0.124	0.118	0.110	0.134	0.088	0.102	0.130	0.441	0.340	0.199	0.142	0.131	0.094	0.121	0.087	0.098	0.096	0.129	0.117	0.414	0.314	0.201	0.141	0.129	0.125	0.117	0.117	0.126	0.119	0.120	0.117	0.336	0.346	0.211	0.149
13:40:01	0.128	0.128	0.118	0.117	0.131	0.126	0.124	0.120	0.441	0.358	0.223	0.142	0.133	0.129	0.117	0.117	0.131	0.124	0.122	0.119	0.340	0.331	0.205	0.151	0.129	0.123	0.117	0.119	0.131	0.128	0.125	0.118	0.350	0.361	0.202	0.149	0.130	0.129	0.083	0.117	0.130	0.124	0.124	0.116	0.341	0.352	0.239	0.145	0.133	0.129	0.118	0.123	0.136	0.129	0.130	0.123	0.400	0.369	0.198	0.138	0.130	0.127	0.118	0.110	0.134	0.087	0.102	0.130	0.454	0.354	0.199	0.143	0.131	0.096	0.121	0.087	0.098	0.097	0.130	0.117	0.417	0.351	0.202	0.142	0.134	0.127	0.117	0.117	0.128	0.120	0.121	0.117	0.341	0.356	0.268	0.150
14:00:00	0.129	0.129	0.118	0.117	0.130	0.125	0.124	0.120	0.452	0.392	0.215	0.143	0.134	0.131	0.116	0.116	0.131	0.126	0.121	0.119	0.346	0.371	0.207	0.152	0.129	0.120	0.117	0.118	0.130	0.128	0.125	0.118	0.356	0.370	0.203	0.149	0.132	0.132	0.084	0.117	0.131	0.126	0.126	0.116	0.348	0.370	0.237	0.145	0.133	0.131	0.119	0.124	0.137	0.129	0.130	0.123	0.409	0.375	0.198	0.139	0.129	0.129	0.118	0.109	0.134	0.088	0.103	0.131	0.469	0.366	0.213	0.144	0.133	0.096	0.121	0.087	0.098	0.097	0.129	0.117	0.422	0.394	0.203	0.142	0.133	0.128	0.117	0.117	0.128	0.122	0.120	0.117	0.346	0.364	0.210	0.151
14:20:01	0.129	0.130	0.118	0.117	0.129	0.128	0.123	0.120	0.467	0.420	0.219	0.143	0.134	0.131	0.117	0.116	0.130	0.127	0.121	0.119	0.352	0.416	0.208	0.152	0.129	0.121	0.117	0.118	0.131	0.130	0.125	0.118	0.360	0.377	0.201	0.150	0.133	0.132	0.084	0.117	0.131	0.125	0.126	0.116	0.352	0.378	0.240	0.146	0.133	0.132	0.118	0.124	0.137	0.128	0.130	0.122	0.417	0.381	0.197	0.139	0.131	0.129	0.119	0.108	0.134	0.091	0.103	0.130	0.478	0.374	0.216	0.143	0.134	0.099	0.121	0.087	0.099	0.097	0.129	0.117	0.426	0.414	0.204	0.143	0.135	0.129	0.117	0.117	0.130	0.123	0.120	0.117	0.349	0.371	0.272	0.153
14:40:01	0.130	0.130	0.118	0.117	0.131	0.128	0.124	0.120	0.469	0.440	0.224	0.144	0.134	0.130	0.117	0.116	0.131	0.128	0.122	0.119	0.354	0.416	0.208	0.153	0.130	0.121	0.117	0.118	0.132	0.133	0.124	0.117	0.363	0.382	0.203	0.152	0.133	0.130	0.083	0.117	0.132	0.127	0.125	0.116	0.355	0.384	0.242	0.146	0.133	0.132	0.118	0.123	0.140	0.129	0.130	0.122	0.423	0.388	0.208	0.138	0.132	0.129	0.118	0.111	0.132	0.092	0.103	0.130	0.479	0.381	0.203	0.144	0.133	0.100	0.121	0.087	0.099	0.098	0.130	0.117	0.431	0.424	0.204	0.143	0.135	0.130	0.117	0.117	0.128	0.122	0.121	0.117	0.351	0.380	0.223	0.155
15:00:01	0.131	0.130	0.118	0.117	0.133	0.129	0.124	0.120	0.469	0.458	0.234	0.145	0.135	0.130	0.116	0.117	0.131	0.128	0.121	0.119	0.359	0.447	0.209	0.155	0.131	0.120	0.117	0.118	0.132	0.130	0.125	0.117	0.369	0.392	0.202	0.153	0.134	0.130	0.084	0.117	0.132	0.127	0.126	0.116	0.360	0.390	0.242	0.146	0.134	0.131	0.118	0.124	0.144	0.128	0.130	0.122	0.431	0.395	0.199	0.139	0.133	0.128	0.118	0.108	0.133	0.093	0.103	0.131	0.494	0.390	0.199	0.144	0.134	0.102	0.121	0.087	0.099	0.099	0.129	0.116	0.449	0.431	0.203	0.144	0.136	0.131	0.117	0.117	0.128	0.126	0.121	0.117	0.357	0.387	0.232	0.158
15:20:01	0.133	0.131	0.118	0.117	0.131	0.130	0.124	0.120	0.454	0.469	0.252	0.145	0.135	0.131	0.116	0.116	0.131	0.129	0.122	0.119	0.362	0.448	0.210	0.154	0.132	0.121	0.117	0.118	0.132	0.132	0.124	0.117	0.372	0.399	0.203	0.155	0.134	0.130	0.083	0.117	0.134	0.128	0.126	0.116	0.363	0.394	0.237	0.147	0.135	0.130	0.118	0.124	0.146	0.129	0.130	0.121	0.440	0.401	0.199	0.139	0.134	0.132	0.118	0.109	0.135	0.093	0.103	0.130	0.496	0.397	0.203	0.144	0.135	0.100	0.121	0.087	0.100	0.100	0.131	0.117	0.460	0.435	0.205	0.144	0.137	0.133	0.117	0.117	0.129	0.125	0.121	0.116	0.359	0.394	0.218	0.161
15:40:01	0.133	0.131	0.118	0.117	0.131	0.130	0.124	0.120	0.455	0.479	0.226	0.145	0.136	0.132	0.117	0.116	0.131	0.130	0.121	0.119	0.365	0.463	0.210	0.156	0.133	0.124	0.117	0.118	0.133	0.132	0.124	0.117	0.376	0.407	0.202	0.157	0.135	0.132	0.083	0.117	0.135	0.128	0.125	0.116	0.367	0.399	0.245	0.148	0.136	0.129	0.118	0.124	0.150	0.130	0.130	0.121	0.447	0.407	0.200	0.140	0.135	0.129	0.118	0.109	0.136	0.094	0.103	0.130	0.508	0.405	0.204	0.145	0.136	0.096	0.121	0.087	0.100	0.102	0.131	0.117	0.470	0.440	0.205	0.145	0.137	0.130	0.117	0.117	0.130	0.127	0.121	0.117	0.363	0.401	0.218	0.164
16:00:01	0.134	0.132	0.118	0.117	0.131	0.130	0.124	0.120	0.466	0.486	0.231	0.146	0.137	0.132	0.116	0.117	0.131	0.130	0.122	0.119	0.369	0.484	0.210	0.158	0.134	0.127	0.117	0.118	0.133	0.132	0.124	0.117	0.379	0.415	0.202	0.159	0.136	0.134	0.083	0.117	0.136	0.128	0.125	0.116	0.371	0.404	0.237	0.149	0.136	0.130	0.118	0.124	0.154	0.132	0.130	0.121	0.456	0.412	0.201	0.140	0.136	0.129	0.118	0.108	0.137	0.094	0.103	0.130	0.499	0.414	0.213	0.145	0.137	0.103	0.121	0.087	0.102	0.101	0.131	0.116	0.476	0.447	0.206	0.145	0.139	0.132	0.117	0.117	0.131	0.128	0.122	0.116	0.367	0.406	0.234	0.167
16:20:01	0.137	0.131	0.118	0.117	0.132	0.131	0.124	0.120	0.478	0.498	0.240	0.147	0.137	0.132	0.116	0.116	0.132	0.131	0.121	0.119	0.373	0.474	0.211	0.161	0.135	0.126	0.117	0.118	0.134	0.132	0.125	0.117	0.385	0.423	0.204	0.160	0.137	0.134	0.084	0.117	0.136	0.129	0.127	0.116	0.375	0.411	0.242	0.149	0.137	0.131	0.119	0.124	0.158	0.132	0.130	0.122	0.461	0.417	0.210	0.140	0.138	0.131	0.119	0.110	0.137	0.095	0.104	0.131	0.509	0.424	0.203	0.148	0.140	0.102	0.121	0.087	0.103	0.103	0.130	0.116	0.485	0.454	0.205	0.146	0.140	0.133	0.117	0.117	0.131	0.128	0.121	0.116	0.372	0.412	0.220	0.171
16:40:01	0.137	0.132	0.118	0.117	0.133	0.132	0.124	0.120	0.479	0.507	0.224	0.148	0.140	0.132	0.117	0.116	0.133	0.131	0.121	0.119	0.377	0.489	0.212	0.162	0.135	0.125	0.117	0.118	0.136	0.132	0.124	0.117	0.389	0.430	0.205	0.163	0.138	0.134	0.084	0.117	0.135	0.128	0.127	0.116	0.379	0.417	0.241	0.150	0.138	0.131	0.119	0.124	0.159	0.131	0.130	0.121	0.468	0.423	0.200	0.141	0.139	0.129	0.119	0.109	0.138	0.094	0.104	0.131	0.498	0.431	0.205	0.147	0.144	0.098	0.121	0.087	0.105	0.103	0.130	0.116	0.488	0.458	0.206	0.147	0.140	0.133	0.117	0.118	0.133	0.128	0.121	0.116	0.376	0.421	0.216	0.173
17:00:01	0.139	0.133	0.118	0.117	0.133	0.131	0.124	0.120	0.468	0.515	0.236	0.149	0.139	0.133	0.116	0.116	0.134	0.130	0.122	0.119	0.379	0.488	0.212	0.163	0.136	0.128	0.117	0.119	0.137	0.132	0.124	0.117	0.391	0.439	0.205	0.166	0.138	0.135	0.083	0.117	0.135	0.129	0.126	0.116	0.383	0.425	0.240	0.153	0.139	0.133	0.118	0.123	0.162	0.131	0.130	0.121	0.476	0.430	0.201	0.141	0.139	0.129	0.118	0.111	0.140	0.095	0.104	0.131	0.502	0.439	0.221	0.149	0.148	0.102	0.121	0.088	0.108	0.103	0.132	0.116	0.489	0.464	0.208	0.149	0.141	0.133	0.117	0.117	0.134	0.129	0.122	0.117	0.377	0.426	0.217	0.176
17:20:01	0.145	0.133	0.118	0.117	0.133	0.131	0.124	0.120	0.462	0.523	0.237	0.150	0.140	0.134	0.117	0.116	0.135	0.131	0.121	0.119	0.384	0.485	0.212	0.167	0.138	0.126	0.117	0.118	0.140	0.133	0.124	0.117	0.395	0.447	0.205	0.167	0.140	0.136	0.084	0.117	0.136	0.129	0.127	0.116	0.387	0.433	0.251	0.154	0.140	0.133	0.119	0.124	0.165	0.130	0.130	0.122	0.482	0.436	0.201	0.141	0.140	0.131	0.119	0.110	0.143	0.095	0.104	0.131	0.490	0.447	0.247	0.149	0.152	0.099	0.121	0.087	0.113	0.102	0.131	0.117	0.493	0.467	0.207	0.150	0.142	0.133	0.117	0.118	0.135	0.128	0.121	0.117	0.382	0.435	0.218	0.179
17:40:01	0.144	0.134	0.118	0.117	0.134	0.132	0.124	0.120	0.452	0.528	0.240	0.151	0.141	0.134	0.117	0.116	0.136	0.131	0.121	0.119	0.386	0.500	0.214	0.169	0.140	0.130	0.117	0.118	0.142	0.134	0.124	0.117	0.396	0.453	0.205	0.170	0.141	0.136	0.083	0.117	0.137	0.129	0.126	0.116	0.391	0.442	0.242	0.155	0.141	0.133	0.118	0.123	0.167	0.131	0.130	0.121	0.489	0.444	0.201	0.141	0.141	0.131	0.118	0.110	0.145	0.095	0.105	0.131	0.483	0.453	0.209	0.150	0.154	0.099	0.121	0.088	0.116	0.103	0.132	0.116	0.493	0.475	0.208	0.151	0.143	0.134	0.117	0.117	0.136	0.129	0.121	0.117	0.383	0.439	0.234	0.181
18:00:01	0.146	0.136	0.117	0.117	0.134	0.132	0.124	0.120	0.452	0.534	0.227	0.153	0.144	0.136	0.116	0.116	0.137	0.132	0.122	0.119	0.389	0.500	0.214	0.171	0.142	0.132	0.117	0.118	0.145	0.135	0.124	0.117	0.399	0.460	0.205	0.172	0.142	0.138	0.084	0.117	0.139	0.131	0.126	0.116	0.393	0.447	0.242	0.157	0.141	0.134	0.118	0.123	0.171	0.133	0.130	0.121	0.496	0.448	0.202	0.142	0.142	0.132	0.118	0.110	0.149	0.095	0.105	0.131	0.484	0.460	0.212	0.152	0.158	0.097	0.121	0.088	0.119	0.103	0.132	0.116	0.496	0.491	0.209	0.152	0.143	0.134	0.117	0.117	0.138	0.130	0.122	0.117	0.386	0.443	0.220	0.183
18:20:01	0.149	0.138	0.117	0.117	0.135	0.134	0.124	0.120	0.457	0.538	0.250	0.153	0.143	0.137	0.117	0.116	0.138	0.133	0.121	0.119	0.391	0.504	0.214	0.172	0.144	0.135	0.117	0.119	0.149	0.136	0.124	0.117	0.402	0.465	0.205	0.175	0.143	0.139	0.083	0.117	0.141	0.132	0.126	0.116	0.397	0.452	0.238	0.158	0.142	0.134	0.118	0.124	0.173	0.134	0.130	0.121	0.502	0.454	0.204	0.143	0.144	0.133	0.118	0.110	0.154	0.096	0.105	0.131	0.488	0.465	0.236	0.152	0.163	0.098	0.121	0.088	0.123	0.104	0.133	0.116	0.499	0.506	0.210	0.153	0.145	0.134	0.117	0.117	0.140	0.131	0.122	0.116	0.390	0.448	0.221	0.185
18:40:01	0.155	0.140	0.117	0.117	0.137	0.135	0.124	0.120	0.474	0.543	0.231	0.154	0.145	0.138	0.117	0.116	0.141	0.134	0.122	0.119	0.392	0.476	0.213	0.175	0.146	0.136	0.117	0.118	0.153	0.137	0.124	0.117	0.405	0.470	0.208	0.177	0.144	0.140	0.083	0.117	0.144	0.133	0.126	0.116	0.401	0.456	0.250	0.161	0.143	0.135	0.118	0.124	0.175	0.136	0.130	0.121	0.508	0.461	0.202	0.144	0.145	0.135	0.118	0.111	0.158	0.097	0.105	0.131	0.495	0.472	0.210	0.151	0.161	0.099	0.121	0.088	0.127	0.105	0.133	0.116	0.503	0.514	0.210	0.154	0.145	0.135	0.117	0.118	0.143	0.132	0.123	0.117	0.394	0.452	0.222	0.186
19:00:01	0.159	0.141	0.117	0.117	0.138	0.136	0.124	0.120	0.495	0.546	0.216	0.156	0.148	0.139	0.117	0.116	0.143	0.135	0.121	0.119	0.397	0.468	0.215	0.177	0.149	0.134	0.117	0.118	0.157	0.138	0.124	0.117	0.409	0.476	0.205	0.177	0.147	0.142	0.084	0.117	0.148	0.135	0.128	0.116	0.406	0.460	0.247	0.159	0.143	0.136	0.119	0.125	0.180	0.138	0.131	0.122	0.512	0.469	0.203	0.143	0.146	0.137	0.119	0.109	0.162	0.100	0.105	0.131	0.498	0.479	0.209	0.152	0.161	0.103	0.121	0.088	0.130	0.106	0.132	0.116	0.507	0.520	0.210	0.156	0.147	0.136	0.117	0.118	0.145	0.134	0.123	0.117	0.397	0.456	0.226	0.187
19:20:01	0.160	0.142	0.117	0.117	0.139	0.136	0.124	0.120	0.503	0.545	0.230	0.156	0.150	0.140	0.117	0.116	0.145	0.135	0.121	0.119	0.397	0.473	0.215	0.178	0.150	0.135	0.117	0.118	0.158	0.139	0.124	0.117	0.410	0.481	0.206	0.180	0.148	0.142	0.083	0.117	0.151	0.136	0.126	0.116	0.407	0.461	0.247	0.163	0.144	0.137	0.118	0.124	0.181	0.139	0.130	0.121	0.517	0.474	0.211	0.144	0.146	0.138	0.119	0.111	0.165	0.100	0.105	0.130	0.509	0.484	0.220	0.151	0.158	0.101	0.121	0.088	0.132	0.107	0.133	0.116	0.510	0.523	0.211	0.157	0.149	0.137	0.118	0.118	0.147	0.134	0.123	0.117	0.398	0.459	0.232	0.187
19:40:01	0.162	0.145	0.117	0.117	0.140	0.136	0.124	0.119	0.504	0.546	0.255	0.158	0.151	0.141	0.116	0.116	0.148	0.136	0.121	0.119	0.400	0.477	0.215	0.180	0.151	0.136	0.117	0.118	0.159	0.140	0.125	0.117	0.412	0.487	0.205	0.182	0.150	0.144	0.083	0.117	0.156	0.137	0.126	0.116	0.410	0.465	0.250	0.163	0.145	0.138	0.118	0.124	0.184	0.140	0.130	0.121	0.520	0.480	0.206	0.145	0.149	0.139	0.118	0.112	0.167	0.102	0.105	0.131	0.520	0.487	0.212	0.152	0.156	0.104	0.121	0.088	0.134	0.108	0.134	0.116	0.513	0.525	0.212	0.157	0.150	0.138	0.118	0.118	0.150	0.135	0.123	0.117	0.402	0.462	0.221	0.189
20:00:01	0.166	0.148	0.117	0.118	0.142	0.138	0.124	0.120	0.506	0.546	0.259	0.162	0.152	0.144	0.117	0.117	0.152	0.137	0.121	0.119	0.403	0.472	0.216	0.182	0.154	0.137	0.117	0.118	0.162	0.142	0.125	0.117	0.416	0.493	0.205	0.182	0.153	0.148	0.084	0.118	0.160	0.139	0.128	0.116	0.415	0.469	0.254	0.164	0.146	0.139	0.119	0.125	0.189	0.141	0.131	0.122	0.523	0.488	0.205	0.145	0.152	0.141	0.119	0.111	0.173	0.104	0.106	0.131	0.521	0.491	0.225	0.153	0.155	0.103	0.121	0.088	0.136	0.109	0.133	0.116	0.517	0.526	0.213	0.159	0.149	0.139	0.118	0.118	0.154	0.136	0.123	0.117	0.406	0.468	0.238	0.190
20:20:01	0.165	0.149	0.118	0.118	0.142	0.139	0.125	0.120	0.502	0.546	0.233	0.161	0.152	0.145	0.117	0.116	0.153	0.138	0.122	0.119	0.403	0.474	0.216	0.183	0.152	0.139	0.117	0.119	0.162	0.144	0.125	0.117	0.418	0.498	0.208	0.185	0.152	0.149	0.083	0.118	0.162	0.139	0.126	0.117	0.417	0.472	0.243	0.165	0.146	0.140	0.118	0.124	0.189	0.142	0.131	0.121	0.525	0.492	0.207	0.146	0.152	0.142	0.119	0.112	0.173	0.105	0.105	0.131	0.519	0.494	0.213	0.155	0.152	0.103	0.121	0.089	0.137	0.110	0.134	0.116	0.518	0.529	0.214	0.159	0.149	0.140	0.118	0.118	0.156	0.139	0.124	0.117	0.409	0.470	0.225	0.190
20:40:01	0.164	0.150	0.118	0.118	0.143	0.141	0.124	0.120	0.502	0.545	0.224	0.162	0.152	0.146	0.117	0.116	0.155	0.140	0.122	0.119	0.406	0.479	0.217	0.184	0.152	0.142	0.117	0.118	0.165	0.145	0.124	0.117	0.420	0.502	0.207	0.187	0.152	0.150	0.083	0.118	0.165	0.141	0.127	0.116	0.420	0.476	0.253	0.167	0.146	0.141	0.118	0.124	0.192	0.145	0.131	0.121	0.524	0.497	0.210	0.148	0.154	0.145	0.119	0.112	0.175	0.108	0.106	0.130	0.518	0.498	0.225	0.154	0.150	0.107	0.121	0.089	0.140	0.112	0.134	0.117	0.522	0.533	0.214	0.159	0.150	0.142	0.118	0.118	0.158	0.141	0.124	0.117	0.412	0.471	0.225	0.192
21:00:01	0.162	0.151	0.118	0.118	0.144	0.142	0.124	0.120	0.503	0.546	0.260	0.163	0.152	0.146	0.116	0.117	0.157	0.142	0.122	0.119	0.408	0.477	0.218	0.185	0.151	0.140	0.117	0.118	0.166	0.146	0.125	0.117	0.422	0.507	0.210	0.188	0.153	0.152	0.084	0.118	0.168	0.143	0.127	0.117	0.423	0.480	0.251	0.168	0.147	0.143	0.118	0.124	0.195	0.147	0.131	0.121	0.527	0.502	0.208	0.147	0.152	0.147	0.119	0.111	0.177	0.111	0.106	0.131	0.517	0.504	0.209	0.157	0.149	0.107	0.121	0.089	0.142	0.115	0.134	0.116	0.528	0.536	0.214	0.160	0.150	0.144	0.118	0.118	0.159	0.142	0.124	0.117	0.414	0.474	0.226	0.193
21:20:01	0.162	0.152	0.117	0.118	0.146	0.143	0.123	0.120	0.507	0.551	0.256	0.165	0.154	0.146	0.117	0.116	0.160	0.144	0.121	0.119	0.412	0.481	0.218	0.186	0.152	0.141	0.117	0.118	0.170	0.147	0.125	0.117	0.427	0.512	0.209	0.189	0.152	0.153	0.083	0.118	0.171	0.146	0.128	0.117	0.427	0.485	0.251	0.167	0.147	0.146	0.119	0.125	0.197	0.150	0.131	0.122	0.524	0.506	0.213	0.146	0.152	0.149	0.119	0.110	0.176	0.113	0.106	0.131	0.527	0.508	0.217	0.157	0.149	0.109	0.121	0.088	0.144	0.118	0.133	0.116	0.525	0.540	0.215	0.161	0.150	0.145	0.118	0.118	0.160	0.145	0.123	0.117	0.419	0.477	0.227	0.194
21:40:01	0.157	0.152	0.118	0.118	0.145	0.143	0.124	0.119	0.510	0.553	0.225	0.165	0.155	0.146	0.116	0.116	0.161	0.144	0.122	0.119	0.413	0.485	0.217	0.186	0.153	0.143	0.117	0.118	0.169	0.146	0.124	0.117	0.429	0.515	0.209	0.191	0.150	0.152	0.083	0.118	0.171	0.148	0.127	0.116	0.430	0.487	0.251	0.171	0.147	0.148	0.118	0.124	0.197	0.151	0.131	0.122	0.519	0.509	0.208	0.147	0.151	0.150	0.118	0.112	0.177	0.114	0.106	0.130	0.533	0.512	0.213	0.158	0.148	0.110	0.121	0.089	0.144	0.120	0.135	0.116	0.528	0.540	0.216	0.162	0.152	0.146	0.118	0.118	0.159	0.145	0.124	0.117	0.421	0.479	0.227	0.195
22:00:01	0.158	0.152	0.117	0.118	0.146	0.144	0.124	0.119	0.512	0.554	0.258	0.166	0.154	0.146	0.117	0.116	0.163	0.145	0.121	0.119	0.415	0.492	0.219	0.187	0.153	0.142	0.117	0.118	0.171	0.147	0.124	0.116	0.432	0.521	0.212	0.192	0.150	0.153	0.083	0.118	0.173	0.149	0.127	0.116	0.433	0.491	0.255	0.173	0.148	0.149	0.118	0.124	0.200	0.153	0.131	0.122	0.516	0.512	0.218	0.149	0.151	0.150	0.118	0.112	0.177	0.115	0.106	0.131	0.540	0.516	0.237	0.157	0.149	0.110	0.121	0.089	0.143	0.121	0.135	0.116	0.533	0.541	0.216	0.162	0.152	0.147	0.118	0.118	0.159	0.146	0.125	0.117	0.423	0.480	0.228	0.196
22:20:01	0.159	0.152	0.117	0.118	0.147	0.143	0.124	0.119	0.515	0.555	0.235	0.167	0.154	0.146	0.116	0.117	0.161	0.145	0.121	0.119	0.416	0.499	0.218	0.188	0.151	0.145	0.117	0.118	0.174	0.147	0.124	0.116	0.435	0.524	0.209	0.193	0.150	0.154	0.083	0.118	0.174	0.151	0.127	0.116	0.436	0.493	0.247	0.174	0.147	0.150	0.118	0.124	0.204	0.154	0.131	0.122	0.515	0.514	0.218	0.149	0.151	0.151	0.118	0.111	0.176	0.116	0.107	0.131	0.543	0.521	0.211	0.157	0.155	0.111	0.122	0.089	0.147	0.122	0.135	0.116	0.534	0.543	0.217	0.164	0.153	0.148	0.118	0.118	0.157	0.148	0.124	0.117	0.426	0.481	0.245	0.197
22:40:01	0.160	0.153	0.117	0.118	0.147	0.144	0.124	0.119	0.520	0.551	0.252	0.168	0.155	0.146	0.116	0.116	0.160	0.145	0.121	0.119	0.416	0.506	0.220	0.189	0.151	0.145	0.117	0.118	0.173	0.147	0.124	0.116	0.437	0.529	0.210	0.194	0.151	0.155	0.083	0.118	0.174	0.152	0.127	0.116	0.439	0.497	0.244	0.175	0.148	0.152	0.118	0.124	0.210	0.156	0.131	0.122	0.517	0.517	0.215	0.149	0.150	0.152	0.118	0.111	0.179	0.116	0.106	0.131	0.543	0.523	0.251	0.160	0.154	0.111	0.122	0.089	0.148	0.123	0.135	0.116	0.532	0.540	0.217	0.165	0.151	0.148	0.118	0.118	0.166	0.149	0.125	0.116	0.429	0.483	0.228	0.198
23:00:01	0.158	0.154	0.117	0.118	0.148	0.145	0.124	0.119	0.524	0.540	0.249	0.170	0.156	0.146	0.117	0.116	0.158	0.146	0.121	0.119	0.417	0.510	0.220	0.190	0.152	0.145	0.117	0.118	0.179	0.147	0.124	0.116	0.441	0.531	0.211	0.195	0.152	0.156	0.083	0.118	0.175	0.153	0.127	0.116	0.442	0.498	0.247	0.177	0.148	0.153	0.118	0.124	0.213	0.157	0.131	0.122	0.520	0.521	0.219	0.151	0.151	0.153	0.118	0.112	0.184	0.117	0.107	0.131	0.541	0.526	0.252	0.159	0.161	0.112	0.122	0.089	0.149	0.123	0.135	0.116	0.527	0.537	0.218	0.166	0.154	0.149	0.118	0.118	0.175	0.150	0.125	0.116	0.432	0.486	0.229	0.199
23:20:01	0.158	0.154	0.118	0.118	0.147	0.146	0.124	0.119	0.528	0.551	0.257	0.171	0.158	0.146	0.116	0.116	0.155	0.146	0.121	0.119	0.419	0.512	0.221	0.191	0.152	0.145	0.117	0.118	0.183	0.148	0.124	0.116	0.442	0.535	0.211	0.197	0.151	0.157	0.083	0.118	0.176	0.153	0.127	0.116	0.445	0.501	0.247	0.178	0.148	0.154	0.118	0.124	0.215	0.159	0.131	0.122	0.524	0.524	0.209	0.152	0.152	0.153	0.119	0.111	0.193	0.118	0.107	0.131	0.538	0.530	0.212	0.162	0.167	0.113	0.122	0.090	0.149	0.125	0.135	0.116	0.523	0.541	0.218	0.166	0.154	0.149	0.119	0.118	0.179	0.151	0.125	0.116	0.434	0.490	0.229	0.199
23:40:01	0.160	0.155	0.118	0.118	0.147	0.147	0.123	0.119	0.532	0.551	0.236	0.174	0.158	0.147	0.116	0.116	0.154	0.148	0.121	0.119	0.421	0.517	0.221	0.192	0.153	0.148	0.117	0.119	0.191	0.149	0.125	0.117	0.445	0.537	0.213	0.197	0.152	0.159	0.084	0.119	0.179	0.155	0.129	0.117	0.454	0.505	0.256	0.177	0.151	0.155	0.119	0.127	0.218	0.161	0.131	0.123	0.529	0.527	0.214	0.151	0.153	0.154	0.119	0.109	0.207	0.119	0.107	0.131	0.534	0.532	0.216	0.163	0.166	0.115	0.122	0.089	0.151	0.126	0.134	0.116	0.524	0.546	0.219	0.168	0.151	0.150	0.119	0.118	0.178	0.153	0.125	0.117	0.438	0.493	0.230	0.199
24:00:01	0.157	0.154	0.118	0.118	0.146	0.146	0.124	0.119	0.535	0.553	0.274	0.173	0.156	0.147	0.117	0.116	0.156	0.148	0.121	0.120	0.422	0.520	0.221	0.192	0.154	0.147	0.117	0.117	0.194	0.149	0.124	0.117	0.446	0.539	0.214	0.198	0.160	0.158	0.083	0.119	0.179	0.154	0.127	0.116	0.456	0.505	0.243	0.181	0.148	0.156	0.118	0.125	0.217	0.161	0.131	0.122	0.532	0.532	0.220	0.152	0.152	0.155	0.119	0.111	0.210	0.119	0.107	0.131	0.534	0.534	0.227	0.164	0.165	0.115	0.122	0.090	0.153	0.126	0.136	0.116	0.525	0.547	0.219	0.169	0.151	0.151	0.119	0.118	0.180	0.154	0.126	0.116	0.442	0.497	0.231	0.200
24:20:01	0.157	0.155	0.118	0.118	0.146	0.147	0.124	0.119	0.539	0.550	0.266	0.174	0.158	0.147	0.117	0.116	0.157	0.149	0.121	0.119	0.425	0.527	0.220	0.192	0.155	0.147	0.117	0.117	0.201	0.149	0.124	0.116	0.449	0.542	0.212	0.198	0.167	0.159	0.083	0.119	0.185	0.155	0.127	0.117	0.463	0.508	0.249	0.183	0.149	0.156	0.118	0.126	0.215	0.162	0.131	0.122	0.537	0.536	0.217	0.154	0.151	0.156	0.119	0.112	0.211	0.119	0.107	0.131	0.533	0.539	0.215	0.166	0.165	0.116	0.122	0.090	0.159	0.125	0.136	0.116	0.525	0.552	0.220	0.170	0.151	0.152	0.120	0.118	0.178	0.155	0.126	0.117	0.443	0.496	0.231	0.201
24:40:01	0.155	0.155	0.118	0.118	0.149	0.148	0.124	0.119	0.541	0.545	0.247	0.175	0.161	0.148	0.117	0.116	0.158	0.151	0.121	0.119	0.427	0.531	0.222	0.192	0.154	0.149	0.117	0.118	0.201	0.150	0.124	0.116	0.450	0.544	0.212	0.199	0.175	0.160	0.083	0.118	0.188	0.155	0.127	0.116	0.471	0.511	0.248	0.184	0.149	0.157	0.118	0.126	0.218	0.163	0.131	0.122	0.541	0.544	0.213	0.153	0.151	0.156	0.119	0.113	0.211	0.120	0.107	0.131	0.533	0.541	0.225	0.167	0.163	0.117	0.122	0.090	0.168	0.127	0.136	0.116	0.528	0.555	0.221	0.171	0.151	0.153	0.120	0.118	0.165	0.155	0.126	0.117	0.448	0.502	0.232	0.201
25:00:01	0.154	0.156	0.118	0.118	0.151	0.149	0.124	0.119	0.543	0.546	0.248	0.176	0.160	0.149	0.117	0.116	0.158	0.152	0.121	0.119	0.429	0.536	0.223	0.194	0.153	0.149	0.117	0.118	0.200	0.151	0.125	0.116	0.452	0.547	0.212	0.200	0.182	0.160	0.084	0.117	0.191	0.156	0.127	0.117	0.479	0.516	0.253	0.185	0.150	0.157	0.118	0.125	0.222	0.164	0.131	0.122	0.546	0.547	0.218	0.154	0.152	0.156	0.119	0.111	0.209	0.122	0.107	0.131	0.532	0.543	0.226	0.168	0.167	0.118	0.122	0.090	0.178	0.126	0.136	0.116	0.527	0.564	0.221	0.172	0.152	0.153	0.120	0.118	0.165	0.155	0.127	0.117	0.461	0.514	0.233	0.202
25:20:01	0.156	0.156	0.118	0.118	0.151	0.149	0.124	0.119	0.546	0.542	0.240	0.178	0.159	0.148	0.117	0.117	0.159	0.155	0.122	0.119	0.433	0.541	0.221	0.194	0.154	0.149	0.117	0.118	0.202	0.151	0.124	0.117	0.454	0.551	0.216	0.200	0.192	0.162	0.083	0.117	0.201	0.156	0.127	0.117	0.486	0.520	0.246	0.186	0.151	0.158	0.118	0.125	0.221	0.165	0.131	0.123	0.550	0.559	0.212	0.155	0.153	0.156	0.119	0.112	0.214	0.123	0.106	0.131	0.530	0.547	0.224	0.169	0.164	0.118	0.122	0.090	0.183	0.126	0.137	0.116	0.528	0.569	0.222	0.174	0.153	0.154	0.120	0.118	0.162	0.155	0.127	0.117	0.471	0.526	0.234	0.202
25:40:01	0.158	0.157	0.118	0.118	0.155	0.150	0.124	0.119	0.549	0.539	0.259	0.179	0.157	0.149	0.117	0.116	0.160	0.156	0.121	0.119	0.440	0.545	0.222	0.194	0.155	0.153	0.117	0.117	0.203	0.150	0.125	0.117	0.456	0.552	0.213	0.200	0.190	0.163	0.083	0.118	0.213	0.157	0.128	0.117	0.490	0.524	0.245	0.187	0.151	0.159	0.118	0.126	0.223	0.166	0.131	0.122	0.553	0.571	0.217	0.155	0.154	0.156	0.119	0.112	0.210	0.124	0.107	0.132	0.529	0.553	0.240	0.169	0.162	0.119	0.122	0.091	0.181	0.125	0.137	0.116	0.535	0.569	0.223	0.174	0.153	0.155	0.120	0.119	0.157	0.153	0.127	0.116	0.480	0.536	0.243	0.203
26:00:01	0.159	0.156	0.118	0.118	0.151	0.150	0.123	0.119	0.550	0.539	0.249	0.181	0.157	0.149	0.117	0.116	0.159	0.159	0.121	0.119	0.445	0.550	0.223	0.195	0.156	0.153	0.117	0.117	0.203	0.149	0.124	0.117	0.458	0.557	0.216	0.201	0.180	0.164	0.084	0.117	0.220	0.158	0.127	0.117	0.492	0.524	0.253	0.188	0.153	0.159	0.118	0.125	0.226	0.166	0.131	0.122	0.557	0.580	0.217	0.157	0.154	0.158	0.119	0.112	0.215	0.123	0.107	0.132	0.530	0.559	0.211	0.172	0.160	0.120	0.122	0.091	0.181	0.125	0.137	0.116	0.533	0.565	0.223	0.176	0.152	0.154	0.120	0.119	0.151	0.151	0.127	0.117	0.485	0.541	0.239	0.203
26:20:01	0.162	0.156	0.117	0.118	0.149	0.151	0.123	0.119	0.552	0.539	0.278	0.182	0.159	0.149	0.117	0.116	0.158	0.161	0.121	0.119	0.456	0.553	0.224	0.196	0.159	0.153	0.117	0.117	0.203	0.148	0.124	0.116	0.463	0.565	0.215	0.202	0.190	0.163	0.083	0.118	0.226	0.159	0.128	0.117	0.492	0.527	0.254	0.189	0.149	0.160	0.118	0.125	0.227	0.169	0.131	0.123	0.558	0.589	0.209	0.158	0.155	0.159	0.119	0.112	0.222	0.122	0.107	0.132	0.530	0.564	0.212	0.172	0.161	0.119	0.123	0.091	0.180	0.124	0.137	0.116	0.531	0.563	0.223	0.176	0.153	0.155	0.120	0.119	0.152	0.148	0.127	0.116	0.488	0.545	0.235	0.203
26:40:01	0.162	0.156	0.118	0.118	0.151	0.150	0.123	0.119	0.552	0.542	0.259	0.183	0.162	0.148	0.116	0.116	0.163	0.162	0.121	0.119	0.472	0.555	0.223	0.196	0.160	0.155	0.117	0.118	0.207	0.148	0.124	0.117	0.467	0.570	0.217	0.202	0.202	0.164	0.083	0.118	0.226	0.161	0.128	0.117	0.495	0.533	0.247	0.191	0.151	0.161	0.119	0.126	0.226	0.172	0.131	0.123	0.559	0.594	0.219	0.159	0.155	0.159	0.119	0.112	0.227	0.121	0.107	0.131	0.533	0.567	0.212	0.175	0.162	0.117	0.122	0.091	0.178	0.126	0.137	0.116	0.532	0.558	0.224	0.177	0.152	0.155	0.121	0.119	0.149	0.149	0.127	0.117	0.491	0.549	0.234	0.204
27:00:01	0.163	0.157	0.118	0.118	0.152	0.147	0.123	0.119	0.553	0.539	0.265	0.185	0.166	0.147	0.117	0.117	0.182	0.165	0.121	0.120	0.488	0.557	0.225	0.197	0.155	0.154	0.117	0.118	0.205	0.146	0.124	0.117	0.468	0.576	0.216	0.203	0.215	0.165	0.084	0.118	0.226	0.160	0.128	0.117	0.499	0.539	0.245	0.193	0.149	0.163	0.118	0.126	0.229	0.173	0.131	0.123	0.562	0.596	0.209	0.159	0.156	0.159	0.119	0.113	0.228	0.120	0.108	0.132	0.534	0.569	0.223	0.175	0.167	0.118	0.123	0.091	0.182	0.125	0.137	0.116	0.534	0.558	0.225	0.180	0.152	0.155	0.121	0.119	0.148	0.148	0.128	0.117	0.495	0.551	0.235	0.205
27:20:01	0.164	0.158	0.118	0.118	0.152	0.156	0.124	0.119	0.553	0.537	0.277	0.186	0.170	0.147	0.117	0.116	0.193	0.167	0.121	0.119	0.495	0.560	0.226	0.197	0.156	0.155	0.117	0.118	0.218	0.145	0.125	0.117	0.470	0.578	0.218	0.203	0.212	0.168	0.083	0.118	0.231	0.158	0.129	0.117	0.500	0.545	0.253	0.194	0.150	0.164	0.118	0.126	0.233	0.176	0.131	0.123	0.562	0.594	0.209	0.160	0.159	0.161	0.119	0.113	0.196	0.118	0.107	0.131	0.534	0.572	0.215	0.178	0.166	0.115	0.123	0.091	0.180	0.128	0.137	0.116	0.538	0.554	0.225	0.182	0.152	0.154	0.122	0.119	0.147	0.150	0.128	0.116	0.496	0.550	0.237	0.205
27:40:01	0.163	0.158	0.118	0.119	0.153	0.160	0.124	0.119	0.554	0.538	0.262	0.186	0.170	0.147	0.117	0.117	0.196	0.170	0.121	0.120	0.496	0.563	0.226	0.198	0.149	0.157	0.117	0.118	0.218	0.146	0.124	0.117	0.472	0.581	0.218	0.204	0.222	0.169	0.084	0.118	0.232	0.158	0.129	0.117	0.502	0.547	0.250	0.194	0.149	0.167	0.119	0.126	0.242	0.179	0.132	0.123	0.564	0.593	0.210	0.161	0.159	0.161	0.119	0.112	0.172	0.116	0.107	0.131	0.533	0.573	0.252	0.179	0.169	0.118	0.123	0.092	0.180	0.127	0.137	0.116	0.542	0.553	0.226	0.184	0.152	0.152	0.122	0.120	0.146	0.149	0.129	0.117	0.499	0.552	0.237	0.205
28:00:01	0.169	0.158	0.118	0.118	0.149	0.152	0.124	0.119	0.554	0.545	0.264	0.188	0.178	0.146	0.117	0.117	0.223	0.165	0.121	0.120	0.497	0.564	0.226	0.198	0.148	0.157	0.117	0.118	0.218	0.146	0.125	0.117	0.476	0.581	0.219	0.205	0.218	0.169	0.083	0.118	0.228	0.156	0.129	0.117	0.505	0.550	0.255	0.195	0.149	0.169	0.119	0.126	0.242	0.183	0.132	0.123	0.566	0.591	0.210	0.161	0.160	0.163	0.119	0.114	0.161	0.114	0.108	0.132	0.533	0.575	0.219	0.180	0.168	0.119	0.123	0.092	0.178	0.127	0.137	0.116	0.542	0.555	0.226	0.184	0.152	0.149	0.122	0.120	0.146	0.151	0.129	0.117	0.501	0.553	0.265	0.205
28:20:01	0.171	0.155	0.118	0.119	0.148	0.151	0.124	0.119	0.554	0.547	0.247	0.189	0.175	0.147	0.117	0.117	0.228	0.162	0.121	0.120	0.496	0.564	0.226	0.199	0.148	0.159	0.117	0.118	0.220	0.145	0.125	0.117	0.479	0.581	0.218	0.205	0.218	0.170	0.084	0.118	0.229	0.156	0.129	0.117	0.508	0.552	0.261	0.197	0.149	0.172	0.119	0.127	0.243	0.184	0.132	0.124	0.567	0.592	0.213	0.163	0.161	0.163	0.119	0.114	0.159	0.111	0.108	0.132	0.533	0.575	0.246	0.180	0.163	0.123	0.123	0.092	0.166	0.127	0.137	0.116	0.543	0.555	0.227	0.186	0.152	0.149	0.122	0.119	0.148	0.155	0.129	0.117	0.503	0.554	0.252	0.206
28:40:01	0.170	0.155	0.118	0.119	0.152	0.155	0.124	0.119	0.554	0.545	0.254	0.191	0.182	0.147	0.117	0.117	0.227	0.161	0.121	0.120	0.494	0.564	0.227	0.199	0.148	0.161	0.117	0.118	0.217	0.145	0.125	0.117	0.482	0.582	0.219	0.205	0.219	0.171	0.084	0.119	0.232	0.158	0.129	0.117	0.511	0.554	0.258	0.198	0.149	0.175	0.119	0.127	0.244	0.184	0.132	0.124	0.568	0.592	0.224	0.162	0.160	0.165	0.119	0.115	0.160	0.110	0.108	0.132	0.533	0.577	0.225	0.181	0.167	0.121	0.123	0.092	0.157	0.127	0.137	0.116	0.545	0.555	0.227	0.186	0.152	0.149	0.122	0.119	0.149	0.157	0.129	0.117	0.504	0.558	0.237	0.206
29:00:01	0.170	0.154	0.117	0.119	0.152	0.160	0.124	0.119	0.554	0.545	0.255	0.193	0.181	0.147	0.117	0.117	0.221	0.164	0.122	0.120	0.494	0.565	0.229	0.201	0.148	0.162	0.117	0.118	0.216	0.146	0.125	0.117	0.483	0.583	0.220	0.207	0.220	0.171	0.084	0.119	0.235	0.157	0.130	0.118	0.515	0.556	0.263	0.201	0.149	0.178	0.119	0.127	0.256	0.185	0.133	0.125	0.568	0.592	0.225	0.166	0.158	0.164	0.119	0.112	0.167	0.110	0.108	0.131	0.531	0.578	0.224	0.184	0.166	0.117	0.123	0.091	0.149	0.132	0.136	0.116	0.544	0.555	0.230	0.190	0.152	0.150	0.122	0.118	0.147	0.154	0.127	0.117	0.507	0.560	0.241	0.207
29:20:01	0.176	0.155	0.117	0.119	0.154	0.164	0.124	0.119	0.554	0.547	0.252	0.193	0.187	0.147	0.117	0.117	0.223	0.166	0.122	0.120	0.495	0.564	0.228	0.200	0.148	0.163	0.117	0.118	0.212	0.147	0.125	0.117	0.484	0.584	0.219	0.206	0.220	0.173	0.084	0.119	0.234	0.160	0.129	0.118	0.520	0.558	0.259	0.200	0.148	0.179	0.119	0.128	0.259	0.187	0.133	0.124	0.571	0.594	0.225	0.165	0.158	0.166	0.120	0.114	0.174	0.110	0.108	0.131	0.532	0.581	0.219	0.183	0.160	0.123	0.123	0.092	0.152	0.129	0.137	0.116	0.548	0.562	0.228	0.188	0.151	0.149	0.122	0.118	0.149	0.157	0.129	0.117	0.513	0.561	0.238	0.207
29:40:01	0.179	0.155	0.117	0.119	0.149	0.168	0.124	0.119	0.553	0.550	0.242	0.193	0.195	0.147	0.117	0.117	0.225	0.170	0.122	0.120	0.498	0.564	0.228	0.201	0.148	0.162	0.117	0.119	0.197	0.148	0.125	0.117	0.486	0.584	0.221	0.207	0.219	0.176	0.084	0.119	0.236	0.161	0.129	0.118	0.530	0.560	0.254	0.201	0.148	0.183	0.119	0.127	0.253	0.190	0.132	0.124	0.571	0.596	0.220	0.164	0.156	0.165	0.120	0.115	0.180	0.110	0.108	0.132	0.532	0.583	0.230	0.183	0.158	0.121	0.123	0.092	0.150	0.135	0.137	0.116	0.535	0.562	0.229	0.189	0.151	0.150	0.123	0.118	0.149	0.158	0.129	0.117	0.516	0.563	0.238	0.208
30:00:01	0.182	0.156	0.118	0.119	0.150	0.165	0.124	0.119	0.555	0.554	0.268	0.196	0.195	0.147	0.117	0.116	0.223	0.168	0.121	0.120	0.503	0.565	0.229	0.202	0.148	0.166	0.117	0.119	0.171	0.147	0.125	0.117	0.491	0.585	0.221	0.207	0.220	0.178	0.084	0.119	0.234	0.164	0.131	0.118	0.531	0.566	0.265	0.199	0.149	0.187	0.120	0.128	0.252	0.189	0.132	0.125	0.574	0.598	0.220	0.163	0.157	0.168	0.120	0.112	0.205	0.110	0.108	0.132	0.531	0.584	0.238	0.182	0.168	0.126	0.123	0.091	0.162	0.142	0.136	0.116	0.536	0.566	0.229	0.190	0.151	0.150	0.122	0.118	0.148	0.161	0.128	0.117	0.518	0.567	0.246	0.208
30:20:02	0.182	0.158	0.118	0.119	0.157	0.161	0.124	0.119	0.552	0.557	0.256	0.195	0.202	0.147	0.117	0.116	0.228	0.171	0.121	0.120	0.500	0.564	0.228	0.202	0.148	0.166	0.117	0.119	0.164	0.150	0.125	0.117	0.490	0.584	0.222	0.208	0.218	0.179	0.084	0.119	0.235	0.167	0.129	0.118	0.536	0.567	0.247	0.202	0.148	0.184	0.120	0.127	0.254	0.188	0.132	0.125	0.574	0.598	0.219	0.165	0.156	0.166	0.120	0.114	0.201	0.111	0.108	0.132	0.531	0.585	0.230	0.184	0.163	0.126	0.123	0.092	0.149	0.148	0.137	0.116	0.544	0.569	0.230	0.191	0.151	0.152	0.122	0.118	0.148	0.159	0.129	0.117	0.520	0.571	0.240	0.209
30:40:02	0.182	0.160	0.118	0.119	0.151	0.165	0.124	0.119	0.552	0.557	0.280	0.195	0.207	0.149	0.117	0.116	0.224	0.174	0.121	0.119	0.500	0.563	0.230	0.202	0.147	0.166	0.117	0.119	0.160	0.150	0.125	0.117	0.493	0.586	0.222	0.209	0.223	0.181	0.084	0.118	0.233	0.167	0.129	0.118	0.539	0.569	0.266	0.202	0.148	0.185	0.119	0.127	0.254	0.189	0.132	0.125	0.575	0.597	0.221	0.165	0.157	0.169	0.119	0.113	0.209	0.112	0.108	0.131	0.530	0.587	0.269	0.183	0.163	0.129	0.123	0.092	0.150	0.152	0.137	0.116	0.552	0.575	0.230	0.191	0.153	0.151	0.123	0.118	0.150	0.164	0.129	0.117	0.521	0.578	0.239	0.209
31:00:01	0.184	0.160	0.118	0.119	0.156	0.174	0.123	0.119	0.551	0.563	0.278	0.196	0.209	0.148	0.117	0.116	0.217	0.177	0.121	0.119	0.508	0.563	0.230	0.203	0.147	0.168	0.117	0.119	0.173	0.164	0.125	0.117	0.497	0.588	0.223	0.209	0.231	0.182	0.083	0.119	0.213	0.167	0.129	0.118	0.546	0.573	0.258	0.203	0.148	0.184	0.119	0.126	0.257	0.189	0.132	0.125	0.579	0.596	0.212	0.168	0.157	0.171	0.119	0.114	0.218	0.113	0.108	0.131	0.530	0.590	0.263	0.183	0.166	0.132	0.123	0.092	0.157	0.156	0.137	0.116	0.553	0.583	0.230	0.192	0.151	0.152	0.123	0.118	0.150	0.167	0.129	0.117	0.524	0.581	0.241	0.210
31:20:02	0.188	0.162	0.118	0.119	0.152	0.181	0.124	0.119	0.551	0.568	0.242	0.196	0.212	0.148	0.117	0.116	0.219	0.182	0.121	0.120	0.513	0.562	0.230	0.203	0.148	0.170	0.117	0.119	0.185	0.169	0.125	0.117	0.503	0.590	0.223	0.209	0.232	0.182	0.084	0.118	0.179	0.167	0.129	0.118	0.543	0.576	0.250	0.203	0.150	0.183	0.119	0.127	0.254	0.191	0.132	0.125	0.581	0.597	0.212	0.167	0.155	0.170	0.119	0.114	0.201	0.115	0.108	0.132	0.530	0.592	0.223	0.185	0.165	0.134	0.123	0.092	0.149	0.156	0.138	0.116	0.557	0.590	0.231	0.193	0.152	0.153	0.123	0.118	0.147	0.168	0.129	0.117	0.525	0.586	0.271	0.210
31:40:02	0.193	0.164	0.118	0.119	0.157	0.185	0.123	0.119	0.551	0.572	0.274	0.197	0.217	0.149	0.117	0.117	0.220	0.186	0.121	0.120	0.518	0.561	0.230	0.203	0.153	0.174	0.117	0.119	0.190	0.173	0.124	0.117	0.513	0.593	0.224	0.209	0.243	0.184	0.084	0.118	0.163	0.169	0.129	0.118	0.542	0.580	0.265	0.204	0.149	0.183	0.119	0.127	0.232	0.191	0.132	0.125	0.582	0.597	0.213	0.170	0.152	0.172	0.119	0.114	0.200	0.118	0.108	0.132	0.530	0.596	0.220	0.185	0.159	0.132	0.124	0.093	0.152	0.159	0.138	0.116	0.552	0.592	0.231	0.195	0.151	0.157	0.123	0.118	0.145	0.174	0.129	0.117	0.527	0.588	0.244	0.210
32:00:02	0.191	0.166	0.118	0.119	0.161	0.188	0.124	0.119	0.550	0.575	0.247	0.199	0.214	0.152	0.117	0.116	0.220	0.191	0.121	0.120	0.521	0.561	0.232	0.205	0.161	0.177	0.117	0.119	0.192	0.178	0.125	0.117	0.521	0.594	0.225	0.210	0.238	0.185	0.084	0.118	0.171	0.171	0.130	0.118	0.540	0.584	0.254	0.206	0.152	0.183	0.119	0.127	0.220	0.192	0.132	0.127	0.582	0.596	0.223	0.172	0.150	0.171	0.119	0.113	0.225	0.119	0.108	0.131	0.528	0.597	0.247	0.191	0.155	0.134	0.123	0.091	0.149	0.162	0.136	0.116	0.548	0.593	0.233	0.197	0.153	0.160	0.120	0.118	0.144	0.175	0.128	0.117	0.526	0.588	0.244	0.210
32:20:02	0.200	0.169	0.118	0.119	0.162	0.193	0.123	0.119	0.549	0.577	0.284	0.197	0.222	0.153	0.117	0.116	0.218	0.187	0.121	0.120	0.520	0.560	0.232	0.204	0.175	0.179	0.117	0.119	0.201	0.180	0.125	0.117	0.530	0.595	0.224	0.210	0.237	0.188	0.084	0.118	0.188	0.169	0.130	0.118	0.540	0.588	0.265	0.206	0.156	0.184	0.119	0.127	0.182	0.194	0.132	0.125	0.584	0.586	0.213	0.171	0.154	0.174	0.119	0.114	0.222	0.120	0.108	0.131	0.529	0.599	0.228	0.189	0.170	0.136	0.124	0.093	0.152	0.160	0.138	0.116	0.547	0.600	0.232	0.196	0.151	0.163	0.119	0.118	0.147	0.180	0.129	0.117	0.529	0.589	0.243	0.211
32:40:02	0.202	0.173	0.118	0.119	0.165	0.199	0.123	0.119	0.551	0.579	0.279	0.199	0.240	0.156	0.117	0.116	0.220	0.193	0.121	0.120	0.523	0.560	0.231	0.205	0.191	0.184	0.117	0.119	0.204	0.182	0.125	0.117	0.535	0.597	0.225	0.211	0.229	0.192	0.084	0.119	0.192	0.172	0.131	0.118	0.540	0.588	0.268	0.205	0.151	0.186	0.120	0.128	0.159	0.197	0.132	0.126	0.587	0.587	0.212	0.170	0.150	0.178	0.120	0.113	0.221	0.126	0.109	0.132	0.529	0.598	0.230	0.186	0.162	0.141	0.123	0.092	0.164	0.161	0.137	0.116	0.551	0.604	0.232	0.197	0.152	0.166	0.118	0.118	0.146	0.184	0.129	0.116	0.531	0.588	0.243	0.211
33:00:02	0.200	0.175	0.117	0.119	0.159	0.202	0.123	0.119	0.548	0.579	0.251	0.198	0.253	0.154	0.117	0.117	0.232	0.193	0.121	0.120	0.527	0.559	0.231	0.205	0.203	0.185	0.117	0.119	0.196	0.185	0.125	0.117	0.538	0.596	0.225	0.211	0.228	0.192	0.084	0.119	0.201	0.172	0.129	0.118	0.541	0.590	0.257	0.208	0.150	0.185	0.119	0.127	0.169	0.197	0.132	0.126	0.587	0.586	0.214	0.173	0.149	0.178	0.120	0.114	0.211	0.123	0.108	0.131	0.528	0.593	0.251	0.190	0.160	0.143	0.124	0.093	0.162	0.160	0.138	0.116	0.550	0.604	0.232	0.197	0.156	0.163	0.118	0.118	0.145	0.183	0.130	0.117	0.526	0.584	0.242	0.211
33:20:02	0.203	0.180	0.118	0.119	0.168	0.203	0.123	0.119	0.548	0.580	0.267	0.199	0.256	0.154	0.117	0.117	0.241	0.194	0.121	0.120	0.527	0.559	0.232	0.205	0.213	0.186	0.117	0.119	0.192	0.187	0.125	0.117	0.542	0.598	0.224	0.211	0.210	0.195	0.084	0.119	0.191	0.173	0.129	0.118	0.541	0.589	0.252	0.207	0.151	0.186	0.119	0.128	0.172	0.201	0.131	0.126	0.588	0.582	0.214	0.174	0.153	0.180	0.119	0.114	0.225	0.127	0.108	0.132	0.527	0.587	0.241	0.189	0.170	0.145	0.124	0.093	0.162	0.157	0.138	0.116	0.559	0.600	0.233	0.197	0.166	0.162	0.118	0.118	0.144	0.188	0.130	0.117	0.522	0.582	0.243	0.211
33:40:02	0.205	0.180	0.118	0.119	0.167	0.205	0.124	0.119	0.547	0.581	0.264	0.200	0.255	0.154	0.117	0.117	0.241	0.196	0.121	0.120	0.524	0.558	0.233	0.206	0.221	0.190	0.117	0.119	0.206	0.192	0.125	0.117	0.543	0.593	0.224	0.211	0.182	0.197	0.084	0.119	0.182	0.176	0.129	0.118	0.545	0.589	0.253	0.207	0.151	0.187	0.119	0.127	0.166	0.204	0.132	0.126	0.590	0.578	0.223	0.174	0.150	0.183	0.119	0.114	0.228	0.136	0.109	0.132	0.526	0.588	0.225	0.190	0.168	0.149	0.124	0.093	0.164	0.157	0.138	0.116	0.567	0.599	0.233	0.198	0.162	0.162	0.117	0.118	0.144	0.189	0.130	0.117	0.522	0.581	0.279	0.211
34:00:02	0.215	0.186	0.118	0.120	0.164	0.207	0.124	0.119	0.549	0.584	0.290	0.200	0.254	0.158	0.117	0.117	0.243	0.201	0.121	0.120	0.525	0.558	0.233	0.206	0.227	0.194	0.118	0.119	0.197	0.195	0.125	0.117	0.546	0.597	0.225	0.212	0.174	0.199	0.084	0.119	0.173	0.179	0.131	0.119	0.549	0.589	0.259	0.207	0.156	0.192	0.120	0.129	0.166	0.207	0.132	0.127	0.592	0.584	0.214	0.174	0.152	0.187	0.120	0.115	0.223	0.146	0.109	0.133	0.527	0.587	0.267	0.190	0.160	0.151	0.124	0.093	0.175	0.163	0.137	0.116	0.584	0.600	0.233	0.199	0.167	0.167	0.117	0.118	0.144	0.194	0.130	0.117	0.527	0.583	0.244	0.212
34:20:02	0.221	0.186	0.118	0.119	0.163	0.209	0.124	0.119	0.548	0.583	0.291	0.201	0.243	0.158	0.117	0.117	0.224	0.204	0.121	0.120	0.522	0.557	0.233	0.206	0.224	0.195	0.117	0.119	0.198	0.190	0.125	0.117	0.542	0.592	0.225	0.211	0.164	0.203	0.084	0.119	0.159	0.178	0.130	0.118	0.548	0.584	0.255	0.208	0.156	0.192	0.119	0.128	0.199	0.207	0.132	0.126	0.591	0.578	0.214	0.176	0.151	0.186	0.120	0.115	0.218	0.151	0.109	0.132	0.525	0.581	0.258	0.192	0.173	0.152	0.124	0.093	0.175	0.160	0.139	0.116	0.577	0.599	0.234	0.199	0.170	0.167	0.117	0.118	0.150	0.194	0.131	0.117	0.529	0.580	0.256	0.212
34:40:02	0.220	0.192	0.118	0.120	0.159	0.212	0.124	0.119	0.547	0.581	0.271	0.200	0.234	0.160	0.117	0.116	0.206	0.206	0.121	0.120	0.530	0.556	0.234	0.206	0.226	0.196	0.117	0.119	0.214	0.192	0.125	0.117	0.544	0.582	0.226	0.212	0.169	0.203	0.084	0.119	0.158	0.184	0.130	0.118	0.546	0.582	0.258	0.209	0.159	0.193	0.119	0.128	0.198	0.210	0.132	0.126	0.591	0.580	0.216	0.176	0.153	0.189	0.120	0.115	0.208	0.153	0.108	0.133	0.524	0.579	0.229	0.193	0.162	0.154	0.125	0.094	0.177	0.161	0.139	0.116	0.574	0.599	0.234	0.200	0.174	0.169	0.117	0.118	0.152	0.196	0.131	0.117	0.531	0.573	0.244	0.212
35:00:02	0.227	0.196	0.118	0.119	0.155	0.213	0.124	0.119	0.546	0.582	0.283	0.201	0.225	0.161	0.117	0.117	0.192	0.210	0.121	0.120	0.533	0.555	0.232	0.206	0.227	0.198	0.117	0.118	0.211	0.191	0.125	0.117	0.543	0.580	0.225	0.212	0.178	0.205	0.084	0.119	0.156	0.184	0.129	0.118	0.547	0.581	0.251	0.210	0.158	0.195	0.119	0.127	0.209	0.209	0.132	0.126	0.593	0.582	0.216	0.177	0.153	0.192	0.120	0.115	0.206	0.155	0.108	0.132	0.523	0.577	0.253	0.194	0.167	0.156	0.124	0.093	0.181	0.163	0.139	0.116	0.575	0.599	0.234	0.200	0.180	0.172	0.118	0.118	0.159	0.199	0.131	0.117	0.540	0.572	0.247	0.212
35:20:02	0.230	0.199	0.117	0.120	0.160	0.213	0.124	0.119	0.546	0.584	0.281	0.202	0.214	0.162	0.117	0.117	0.207	0.210	0.121	0.120	0.536	0.555	0.233	0.206	0.223	0.200	0.117	0.120	0.227	0.192	0.125	0.117	0.542	0.577	0.227	0.212	0.195	0.207	0.084	0.119	0.160	0.189	0.129	0.118	0.547	0.583	0.263	0.210	0.159	0.196	0.120	0.128	0.212	0.210	0.132	0.127	0.594	0.583	0.216	0.179	0.153	0.194	0.120	0.116	0.200	0.160	0.109	0.132	0.523	0.576	0.261	0.193	0.168	0.158	0.124	0.093	0.192	0.164	0.139	0.116	0.577	0.600	0.235	0.201	0.181	0.173	0.118	0.118	0.150	0.199	0.131	0.117	0.535	0.565	0.245	0.213
35:40:02	0.231	0.205	0.118	0.120	0.161	0.217	0.124	0.119	0.546	0.587	0.265	0.200	0.207	0.165	0.117	0.117	0.228	0.213	0.121	0.120	0.539	0.554	0.233	0.206	0.227	0.201	0.117	0.119	0.220	0.192	0.125	0.117	0.548	0.580	0.227	0.212	0.202	0.208	0.084	0.119	0.167	0.191	0.129	0.118	0.547	0.579	0.263	0.210	0.158	0.198	0.120	0.128	0.224	0.211	0.132	0.126	0.594	0.584	0.215	0.178	0.156	0.196	0.120	0.115	0.212	0.161	0.108	0.132	0.522	0.577	0.265	0.195	0.172	0.160	0.124	0.093	0.188	0.165	0.139	0.116	0.579	0.600	0.235	0.202	0.193	0.174	0.118	0.118	0.149	0.202	0.131	0.117	0.534	0.568	0.246	0.213
36:00:02	0.233	0.211	0.118	0.120	0.174	0.221	0.125	0.119	0.547	0.589	0.290	0.203	0.202	0.171	0.118	0.117	0.234	0.215	0.122	0.120	0.542	0.555	0.235	0.208	0.240	0.206	0.118	0.119	0.225	0.194	0.126	0.117	0.552	0.582	0.226	0.213	0.212	0.213	0.085	0.120	0.184	0.196	0.132	0.119	0.548	0.579	0.257	0.210	0.169	0.202	0.121	0.129	0.227	0.212	0.132	0.127	0.598	0.588	0.215	0.178	0.159	0.199	0.121	0.113	0.236	0.165	0.109	0.133	0.523	0.581	0.267	0.196	0.174	0.165	0.124	0.094	0.192	0.171	0.138	0.116	0.582	0.602	0.235	0.203	0.180	0.176	0.118	0.119	0.148	0.205	0.130	0.117	0.539	0.568	0.248	0.214
36:20:02	0.233	0.210	0.118	0.120	0.189	0.223	0.125	0.119	0.547	0.591	0.274	0.204	0.196	0.177	0.117	0.117	0.237	0.217	0.121	0.120	0.545	0.554	0.234	0.208	0.241	0.206	0.118	0.120	0.232	0.196	0.126	0.117	0.553	0.586	0.227	0.212	0.213	0.214	0.085	0.119	0.176	0.198	0.132	0.119	0.547	0.581	0.256	0.210	0.169	0.204	0.120	0.128	0.219	0.213	0.132	0.128	0.599	0.583	0.215	0.179	0.161	0.201	0.121	0.114	0.231	0.167	0.109	0.132	0.522	0.583	0.231	0.195	0.172	0.167	0.124	0.095	0.194	0.172	0.138	0.117	0.584	0.603	0.236	0.203	0.192	0.180	0.118	0.119	0.156	0.209	0.130	0.116	0.538	0.572	0.253	0.214
36:40:02	0.231	0.215	0.118	0.120	0.177	0.222	0.125	0.119	0.545	0.590	0.276	0.201	0.186	0.173	0.117	0.117	0.241	0.219	0.121	0.120	0.548	0.552	0.234	0.208	0.234	0.207	0.117	0.117	0.236	0.192	0.125	0.117	0.551	0.587	0.227	0.213	0.215	0.214	0.084	0.119	0.172	0.199	0.130	0.119	0.547	0.580	0.252	0.212	0.179	0.204	0.120	0.128	0.226	0.214	0.132	0.127	0.599	0.579	0.223	0.181	0.159	0.201	0.120	0.115	0.223	0.166	0.109	0.132	0.519	0.583	0.227	0.197	0.172	0.166	0.124	0.095	0.190	0.170	0.139	0.116	0.585	0.605	0.236	0.204	0.191	0.186	0.118	0.118	0.155	0.206	0.132	0.116	0.541	0.573	0.245	0.214
37:00:02	0.234	0.218	0.118	0.120	0.166	0.223	0.125	0.119	0.546	0.594	0.283	0.203	0.185	0.174	0.117	0.117	0.245	0.221	0.122	0.120	0.553	0.552	0.234	0.206	0.239	0.211	0.118	0.118	0.223	0.195	0.125	0.117	0.555	0.587	0.228	0.213	0.220	0.215	0.084	0.119	0.168	0.203	0.130	0.119	0.546	0.582	0.249	0.212	0.176	0.206	0.119	0.128	0.215	0.216	0.132	0.127	0.600	0.580	0.216	0.181	0.160	0.202	0.121	0.115	0.216	0.166	0.109	0.132	0.519	0.586	0.238	0.196	0.182	0.167	0.124	0.095	0.190	0.171	0.139	0.116	0.587	0.606	0.236	0.204	0.199	0.184	0.117	0.118	0.152	0.205	0.131	0.116	0.546	0.571	0.245	0.214
37:20:02	0.234	0.222	0.118	0.120	0.152	0.229	0.125	0.119	0.545	0.596	0.276	0.202	0.188	0.175	0.117	0.117	0.247	0.223	0.122	0.120	0.556	0.551	0.235	0.206	0.248	0.209	0.118	0.117	0.223	0.201	0.125	0.117	0.556	0.586	0.229	0.213	0.232	0.216	0.084	0.119	0.167	0.202	0.130	0.119	0.546	0.583	0.255	0.211	0.188	0.207	0.120	0.128	0.201	0.215	0.131	0.127	0.601	0.582	0.230	0.182	0.169	0.203	0.120	0.115	0.220	0.167	0.109	0.132	0.519	0.585	0.269	0.198	0.176	0.169	0.124	0.095	0.190	0.173	0.139	0.116	0.589	0.608	0.237	0.204	0.207	0.180	0.118	0.118	0.157	0.209	0.132	0.117	0.547	0.573	0.245	0.214
37:40:02	0.237	0.226	0.118	0.120	0.147	0.234	0.125	0.119	0.545	0.599	0.275	0.205	0.195	0.181	0.117	0.117	0.246	0.224	0.121	0.120	0.561	0.551	0.235	0.208	0.247	0.213	0.117	0.119	0.209	0.201	0.125	0.117	0.556	0.584	0.228	0.213	0.245	0.219	0.085	0.119	0.162	0.205	0.130	0.119	0.548	0.585	0.254	0.212	0.175	0.209	0.120	0.128	0.185	0.217	0.132	0.127	0.601	0.584	0.230	0.184	0.174	0.206	0.120	0.115	0.223	0.169	0.109	0.132	0.518	0.575	0.228	0.198	0.177	0.171	0.125	0.095	0.193	0.175	0.140	0.116	0.589	0.609	0.237	0.205	0.220	0.181	0.117	0.117	0.165	0.208	0.131	0.116	0.544	0.575	0.259	0.214
38:00:02	0.240	0.228	0.118	0.121	0.150	0.238	0.126	0.119	0.545	0.599	0.300	0.205	0.200	0.187	0.117	0.117	0.246	0.224	0.121	0.120	0.560	0.550	0.235	0.207	0.237	0.214	0.118	0.118	0.186	0.205	0.126	0.117	0.554	0.585	0.228	0.213	0.237	0.220	0.084	0.119	0.167	0.207	0.130	0.119	0.549	0.582	0.254	0.212	0.185	0.210	0.120	0.127	0.173	0.218	0.132	0.127	0.602	0.582	0.223	0.182	0.177	0.206	0.121	0.115	0.246	0.171	0.109	0.132	0.518	0.570	0.267	0.200	0.179	0.173	0.126	0.095	0.191	0.178	0.140	0.116	0.592	0.611	0.238	0.205	0.220	0.182	0.117	0.118	0.166	0.207	0.131	0.116	0.543	0.582	0.247	0.214
38:20:02	0.242	0.230	0.118	0.120	0.147	0.238	0.126	0.119	0.545	0.602	0.296	0.205	0.206	0.189	0.117	0.117	0.248	0.225	0.121	0.120	0.559	0.550	0.235	0.207	0.238	0.215	0.118	0.118	0.182	0.208	0.125	0.117	0.551	0.592	0.229	0.213	0.259	0.222	0.084	0.119	0.161	0.207	0.130	0.119	0.551	0.579	0.263	0.213	0.185	0.212	0.120	0.127	0.170	0.220	0.132	0.127	0.601	0.589	0.217	0.184	0.180	0.208	0.121	0.114	0.256	0.171	0.109	0.133	0.517	0.581	0.268	0.200	0.187	0.174	0.126	0.095	0.195	0.178	0.140	0.116	0.592	0.612	0.238	0.206	0.222	0.188	0.117	0.117	0.192	0.210	0.132	0.116	0.546	0.591	0.249	0.215
38:40:02	0.244	0.232	0.118	0.120	0.147	0.238	0.126	0.119	0.545	0.605	0.287	0.205	0.208	0.192	0.117	0.117	0.251	0.226	0.121	0.120	0.561	0.549	0.235	0.208	0.223	0.217	0.118	0.118	0.191	0.208	0.126	0.117	0.551	0.590	0.230	0.214	0.253	0.223	0.085	0.119	0.168	0.209	0.130	0.119	0.551	0.578	0.256	0.214	0.189	0.213	0.120	0.129	0.172	0.222	0.132	0.128	0.599	0.587	0.217	0.183	0.182	0.209	0.121	0.115	0.278	0.174	0.109	0.132	0.517	0.583	0.268	0.200	0.189	0.176	0.126	0.095	0.197	0.185	0.140	0.116	0.594	0.614	0.238	0.206	0.232	0.197	0.117	0.117	0.193	0.211	0.132	0.116	0.556	0.596	0.248	0.215
39:00:02	0.245	0.233	0.118	0.120	0.149	0.239	0.126	0.119	0.546	0.606	0.275	0.205	0.209	0.196	0.117	0.117	0.250	0.226	0.122	0.120	0.556	0.549	0.236	0.209	0.202	0.218	0.118	0.118	0.180	0.210	0.126	0.117	0.553	0.585	0.228	0.214	0.249	0.224	0.084	0.119	0.167	0.210	0.130	0.119	0.556	0.577	0.253	0.215	0.190	0.214	0.120	0.128	0.182	0.223	0.132	0.128	0.599	0.590	0.217	0.184	0.182	0.210	0.121	0.115	0.259	0.174	0.109	0.132	0.516	0.588	0.231	0.199	0.193	0.177	0.126	0.095	0.193	0.188	0.140	0.116	0.594	0.615	0.239	0.206	0.241	0.202	0.117	0.117	0.230	0.212	0.132	0.116	0.566	0.608	0.248	0.215
39:20:02	0.246	0.234	0.117	0.120	0.159	0.237	0.126	0.119	0.546	0.609	0.284	0.204	0.218	0.200	0.117	0.117	0.249	0.227	0.121	0.120	0.551	0.549	0.236	0.209	0.231	0.220	0.118	0.117	0.169	0.213	0.126	0.117	0.550	0.586	0.231	0.215	0.262	0.224	0.084	0.119	0.161	0.211	0.130	0.119	0.559	0.579	0.257	0.213	0.195	0.215	0.120	0.129	0.207	0.225	0.132	0.128	0.599	0.588	0.217	0.184	0.188	0.212	0.121	0.116	0.258	0.176	0.109	0.132	0.515	0.583	0.241	0.201	0.201	0.179	0.126	0.096	0.194	0.192	0.140	0.116	0.596	0.618	0.239	0.207	0.247	0.205	0.117	0.117	0.224	0.214	0.132	0.116	0.578	0.615	0.251	0.215
39:40:02	0.248	0.238	0.117	0.121	0.180	0.239	0.127	0.119	0.549	0.612	0.279	0.207	0.225	0.204	0.118	0.117	0.251	0.229	0.121	0.120	0.556	0.549	0.236	0.210	0.239	0.222	0.118	0.118	0.162	0.214	0.126	0.117	0.553	0.590	0.230	0.215	0.253	0.228	0.085	0.120	0.156	0.215	0.132	0.119	0.561	0.581	0.273	0.215	0.201	0.219	0.121	0.130	0.224	0.227	0.132	0.129	0.600	0.589	0.217	0.183	0.188	0.214	0.121	0.115	0.247	0.180	0.110	0.133	0.516	0.594	0.240	0.201	0.208	0.183	0.126	0.095	0.198	0.196	0.139	0.116	0.598	0.621	0.240	0.207	0.252	0.209	0.116	0.117	0.251	0.216	0.132	0.116	0.588	0.619	0.249	0.216
40:00:02	0.247	0.238	0.117	0.120	0.182	0.239	0.126	0.119	0.547	0.612	0.273	0.208	0.230	0.202	0.117	0.117	0.245	0.225	0.121	0.120	0.554	0.548	0.236	0.209	0.241	0.224	0.118	0.120	0.163	0.214	0.126	0.117	0.551	0.591	0.229	0.215	0.252	0.227	0.085	0.119	0.155	0.214	0.130	0.119	0.563	0.582	0.254	0.215	0.199	0.218	0.120	0.128	0.209	0.228	0.132	0.128	0.598	0.583	0.218	0.186	0.194	0.213	0.121	0.115	0.246	0.178	0.109	0.132	0.514	0.586	0.231	0.203	0.217	0.182	0.126	0.096	0.201	0.197	0.140	0.116	0.598	0.623	0.240	0.208	0.255	0.209	0.116	0.117	0.239	0.216	0.132	0.116	0.583	0.619	0.249	0.216
40:20:02	0.249	0.240	0.117	0.120	0.183	0.239	0.126	0.119	0.547	0.615	0.267	0.208	0.235	0.206	0.117	0.117	0.248	0.227	0.122	0.120	0.566	0.548	0.236	0.210	0.246	0.225	0.118	0.119	0.164	0.216	0.126	0.117	0.553	0.593	0.232	0.215	0.252	0.229	0.085	0.119	0.154	0.215	0.131	0.119	0.562	0.588	0.259	0.215	0.199	0.219	0.120	0.128	0.224	0.228	0.131	0.128	0.598	0.583	0.217	0.185	0.196	0.214	0.121	0.114	0.241	0.180	0.109	0.132	0.513	0.585	0.229	0.202	0.220	0.183	0.126	0.096	0.202	0.200	0.140	0.116	0.598	0.625	0.241	0.208	0.253	0.212	0.116	0.117	0.245	0.218	0.132	0.116	0.590	0.621	0.281	0.216
40:40:02	0.249	0.242	0.117	0.121	0.189	0.240	0.126	0.119	0.547	0.619	0.275	0.208	0.243	0.209	0.118	0.117	0.249	0.228	0.121	0.120	0.577	0.547	0.236	0.210	0.251	0.224	0.118	0.120	0.173	0.212	0.126	0.117	0.554	0.592	0.231	0.215	0.250	0.229	0.085	0.119	0.165	0.218	0.130	0.119	0.565	0.588	0.251	0.215	0.203	0.220	0.120	0.129	0.259	0.229	0.132	0.128	0.596	0.584	0.219	0.187	0.201	0.216	0.121	0.115	0.231	0.182	0.110	0.133	0.512	0.583	0.270	0.203	0.225	0.185	0.127	0.096	0.204	0.202	0.140	0.116	0.597	0.629	0.241	0.208	0.251	0.213	0.117	0.117	0.253	0.219	0.132	0.116	0.587	0.622	0.250	0.216
41:00:02	0.250	0.242	0.117	0.119	0.195	0.239	0.125	0.118	0.547	0.620	0.266	0.206	0.239	0.209	0.118	0.117	0.247	0.228	0.122	0.120	0.586	0.547	0.237	0.210	0.260	0.227	0.118	0.119	0.181	0.213	0.126	0.117	0.556	0.585	0.231	0.215	0.253	0.230	0.085	0.119	0.166	0.219	0.131	0.119	0.567	0.591	0.260	0.216	0.207	0.221	0.120	0.128	0.287	0.230	0.131	0.128	0.595	0.584	0.219	0.187	0.203	0.217	0.121	0.114	0.240	0.184	0.110	0.133	0.512	0.585	0.275	0.202	0.230	0.187	0.127	0.097	0.206	0.203	0.140	0.116	0.597	0.633	0.242	0.209	0.251	0.216	0.117	0.117	0.261	0.221	0.132	0.116	0.587	0.624	0.250	0.216
41:20:02	0.250	0.243	0.117	0.119	0.199	0.241	0.126	0.118	0.547	0.622	0.269	0.207	0.244	0.212	0.118	0.117	0.246	0.228	0.122	0.120	0.588	0.547	0.237	0.210	0.260	0.228	0.118	0.120	0.229	0.212	0.126	0.117	0.558	0.582	0.231	0.215	0.253	0.231	0.085	0.119	0.168	0.220	0.130	0.119	0.568	0.585	0.261	0.216	0.209	0.222	0.120	0.128	0.299	0.231	0.132	0.128	0.592	0.583	0.229	0.189	0.204	0.218	0.121	0.115	0.232	0.183	0.109	0.132	0.511	0.584	0.267	0.203	0.228	0.188	0.126	0.096	0.207	0.203	0.140	0.116	0.596	0.637	0.242	0.209	0.254	0.218	0.117	0.117	0.261	0.223	0.133	0.116	0.589	0.624	0.254	0.216
41:40:02	0.251	0.245	0.117	0.119	0.197	0.239	0.126	0.119	0.547	0.623	0.293	0.207	0.249	0.212	0.117	0.117	0.247	0.229	0.121	0.120	0.589	0.547	0.237	0.210	0.259	0.230	0.118	0.120	0.237	0.213	0.126	0.117	0.560	0.581	0.232	0.215	0.250	0.232	0.085	0.119	0.172	0.222	0.130	0.119	0.570	0.584	0.255	0.215	0.213	0.223	0.120	0.128	0.302	0.232	0.132	0.128	0.590	0.585	0.219	0.188	0.208	0.219	0.121	0.115	0.223	0.186	0.110	0.133	0.511	0.589	0.249	0.203	0.230	0.189	0.127	0.097	0.207	0.202	0.141	0.116	0.595	0.637	0.242	0.209	0.253	0.220	0.116	0.117	0.253	0.223	0.133	0.116	0.590	0.625	0.277	0.217
42:00:02	0.253	0.246	0.117	0.118	0.206	0.239	0.126	0.119	0.547	0.626	0.279	0.209	0.249	0.213	0.117	0.117	0.248	0.230	0.122	0.120	0.584	0.546	0.237	0.210	0.258	0.228	0.118	0.120	0.256	0.214	0.126	0.117	0.564	0.583	0.231	0.215	0.246	0.233	0.085	0.119	0.185	0.222	0.130	0.119	0.576	0.584	0.255	0.216	0.217	0.224	0.120	0.129	0.309	0.234	0.132	0.128	0.589	0.583	0.219	0.189	0.210	0.219	0.121	0.115	0.213	0.186	0.109	0.131	0.510	0.594	0.239	0.203	0.235	0.190	0.127	0.097	0.206	0.204	0.141	0.116	0.594	0.639	0.243	0.208	0.252	0.222	0.116	0.117	0.253	0.225	0.133	0.116	0.592	0.627	0.250	0.216
42:20:02	0.256	0.248	0.117	0.118	0.208	0.239	0.126	0.119	0.547	0.625	0.266	0.209	0.255	0.215	0.118	0.117	0.248	0.230	0.122	0.120	0.582	0.546	0.237	0.210	0.259	0.228	0.118	0.120	0.254	0.214	0.126	0.117	0.566	0.590	0.233	0.216	0.240	0.234	0.085	0.119	0.189	0.222	0.130	0.119	0.576	0.587	0.257	0.217	0.221	0.225	0.120	0.128	0.308	0.233	0.132	0.128	0.586	0.586	0.219	0.191	0.213	0.221	0.122	0.116	0.209	0.187	0.109	0.132	0.509	0.598	0.266	0.204	0.238	0.191	0.127	0.097	0.206	0.205	0.141	0.116	0.593	0.640	0.243	0.209	0.253	0.223	0.116	0.117	0.262	0.226	0.133	0.116	0.596	0.629	0.251	0.216
42:40:02	0.259	0.248	0.117	0.118	0.212	0.241	0.127	0.119	0.547	0.629	0.286	0.209	0.254	0.215	0.118	0.117	0.249	0.233	0.122	0.120	0.582	0.546	0.237	0.210	0.260	0.230	0.118	0.120	0.254	0.214	0.126	0.117	0.563	0.592	0.235	0.215	0.248	0.235	0.085	0.119	0.189	0.223	0.130	0.119	0.579	0.594	0.261	0.217	0.224	0.227	0.120	0.129	0.309	0.234	0.132	0.128	0.585	0.586	0.220	0.192	0.216	0.221	0.121	0.117	0.199	0.189	0.110	0.132	0.509	0.599	0.267	0.205	0.230	0.192	0.127	0.097	0.206	0.205	0.141	0.116	0.593	0.644	0.244	0.210	0.253	0.224	0.117	0.117	0.242	0.226	0.133	0.117	0.598	0.632	0.253	0.217
43:00:02	0.261	0.249	0.117	0.118	0.214	0.240	0.126	0.119	0.547	0.629	0.295	0.208	0.252	0.216	0.118	0.117	0.251	0.233	0.122	0.121	0.581	0.546	0.237	0.210	0.262	0.233	0.118	0.120	0.255	0.214	0.126	0.117	0.567	0.600	0.233	0.215	0.245	0.236	0.085	0.119	0.194	0.224	0.130	0.120	0.581	0.597	0.254	0.217	0.228	0.227	0.120	0.129	0.310	0.235	0.132	0.128	0.582	0.587	0.220	0.192	0.219	0.222	0.121	0.116	0.192	0.190	0.110	0.132	0.508	0.600	0.268	0.206	0.233	0.194	0.127	0.098	0.206	0.205	0.141	0.116	0.592	0.646	0.244	0.209	0.254	0.226	0.118	0.117	0.231	0.227	0.133	0.116	0.601	0.634	0.252	0.217
43:20:02	0.263	0.249	0.117	0.118	0.216	0.241	0.127	0.119	0.547	0.634	0.271	0.209	0.253	0.220	0.118	0.117	0.257	0.235	0.122	0.120	0.580	0.545	0.238	0.211	0.263	0.234	0.118	0.121	0.255	0.214	0.126	0.117	0.570	0.599	0.233	0.216	0.242	0.236	0.086	0.119	0.199	0.226	0.131	0.120	0.584	0.601	0.262	0.217	0.231	0.228	0.120	0.129	0.303	0.236	0.132	0.128	0.579	0.590	0.221	0.192	0.222	0.223	0.121	0.115	0.202	0.191	0.110	0.133	0.508	0.603	0.278	0.206	0.234	0.195	0.128	0.097	0.209	0.205	0.141	0.116	0.592	0.648	0.244	0.210	0.256	0.227	0.117	0.117	0.230	0.229	0.134	0.116	0.603	0.635	0.252	0.217
43:40:02	0.264	0.250	0.117	0.118	0.217	0.244	0.127	0.119	0.547	0.634	0.265	0.209	0.253	0.220	0.118	0.117	0.262	0.236	0.122	0.121	0.580	0.545	0.238	0.210	0.265	0.234	0.118	0.120	0.254	0.214	0.126	0.117	0.568	0.596	0.233	0.216	0.244	0.237	0.085	0.119	0.204	0.228	0.131	0.120	0.586	0.606	0.253	0.216	0.234	0.229	0.120	0.129	0.309	0.237	0.132	0.128	0.577	0.589	0.221	0.193	0.226	0.223	0.122	0.115	0.182	0.192	0.110	0.132	0.507	0.603	0.241	0.206	0.238	0.197	0.127	0.098	0.209	0.206	0.142	0.116	0.592	0.653	0.245	0.209	0.255	0.228	0.117	0.117	0.228	0.230	0.134	0.116	0.605	0.638	0.252	0.217
44:00:02	0.266	0.251	0.117	0.118	0.214	0.244	0.127	0.119	0.547	0.638	0.283	0.209	0.254	0.224	0.118	0.117	0.268	0.237	0.122	0.120	0.578	0.545	0.238	0.211	0.266	0.236	0.118	0.120	0.252	0.215	0.126	0.117	0.569	0.600	0.236	0.216	0.247	0.238	0.085	0.120	0.200	0.228	0.131	0.120	0.588	0.609	0.272	0.217	0.237	0.230	0.120	0.129	0.299	0.238	0.132	0.128	0.579	0.591	0.221	0.193	0.229	0.224	0.122	0.115	0.172	0.193	0.109	0.132	0.506	0.601	0.283	0.205	0.242	0.197	0.128	0.098	0.207	0.206	0.142	0.116	0.592	0.650	0.245	0.211	0.244	0.230	0.117	0.117	0.226	0.231	0.133	0.116	0.607	0.639	0.264	0.217
44:20:02	0.267	0.252	0.117	0.118	0.215	0.244	0.127	0.119	0.547	0.640	0.276	0.209	0.255	0.224	0.118	0.117	0.267	0.238	0.122	0.120	0.577	0.545	0.239	0.211	0.266	0.238	0.118	0.120	0.249	0.216	0.127	0.117	0.571	0.603	0.237	0.216	0.247	0.239	0.086	0.120	0.203	0.230	0.131	0.120	0.589	0.614	0.258	0.216	0.239	0.231	0.120	0.129	0.303	0.238	0.132	0.129	0.581	0.594	0.221	0.193	0.231	0.226	0.122	0.114	0.175	0.194	0.110	0.132	0.506	0.601	0.243	0.206	0.246	0.198	0.128	0.098	0.209	0.206	0.142	0.116	0.592	0.654	0.246	0.210	0.247	0.232	0.118	0.117	0.245	0.231	0.133	0.116	0.608	0.642	0.253	0.217
44:40:02	0.270	0.253	0.117	0.117	0.215	0.244	0.127	0.119	0.547	0.643	0.268	0.210	0.253	0.226	0.118	0.118	0.268	0.240	0.122	0.120	0.576	0.545	0.238	0.211	0.268	0.238	0.118	0.121	0.249	0.217	0.127	0.117	0.572	0.601	0.235	0.217	0.248	0.239	0.085	0.120	0.204	0.231	0.131	0.120	0.591	0.618	0.258	0.217	0.241	0.231	0.120	0.130	0.257	0.240	0.132	0.129	0.581	0.595	0.222	0.194	0.234	0.226	0.122	0.115	0.170	0.195	0.109	0.133	0.505	0.602	0.232	0.206	0.246	0.198	0.128	0.098	0.208	0.207	0.142	0.117	0.591	0.656	0.246	0.211	0.259	0.232	0.117	0.117	0.263	0.232	0.134	0.116	0.610	0.644	0.257	0.216
45:00:02	0.271	0.254	0.118	0.117	0.230	0.242	0.128	0.119	0.550	0.647	0.269	0.211	0.257	0.231	0.119	0.117	0.268	0.243	0.122	0.120	0.578	0.547	0.239	0.212	0.267	0.239	0.119	0.121	0.247	0.219	0.127	0.117	0.578	0.603	0.236	0.217	0.250	0.242	0.087	0.121	0.208	0.232	0.134	0.121	0.593	0.621	0.260	0.217	0.245	0.234	0.121	0.130	0.233	0.240	0.133	0.130	0.581	0.598	0.221	0.192	0.236	0.229	0.123	0.113	0.183	0.199	0.110	0.133	0.506	0.604	0.231	0.207	0.249	0.201	0.128	0.098	0.212	0.210	0.141	0.116	0.593	0.657	0.246	0.211	0.253	0.234	0.118	0.118	0.251	0.235	0.134	0.116	0.612	0.645	0.256	0.216
45:20:02	0.273	0.253	0.118	0.117	0.228	0.244	0.128	0.119	0.550	0.648	0.311	0.212	0.258	0.231	0.118	0.117	0.273	0.243	0.122	0.120	0.578	0.547	0.239	0.212	0.265	0.240	0.119	0.122	0.245	0.220	0.127	0.117	0.582	0.604	0.236	0.217	0.249	0.242	0.087	0.121	0.205	0.235	0.133	0.120	0.594	0.621	0.258	0.217	0.246	0.235	0.122	0.131	0.228	0.241	0.133	0.130	0.582	0.598	0.221	0.193	0.237	0.230	0.123	0.114	0.202	0.200	0.110	0.132	0.506	0.605	0.228	0.208	0.250	0.202	0.128	0.098	0.212	0.211	0.141	0.116	0.593	0.658	0.247	0.211	0.253	0.237	0.118	0.117	0.250	0.236	0.134	0.116	0.613	0.647	0.254	0.216
45:40:02	0.274	0.253	0.117	0.117	0.231	0.244	0.127	0.119	0.548	0.647	0.273	0.211	0.257	0.228	0.118	0.117	0.273	0.243	0.122	0.120	0.574	0.545	0.239	0.212	0.265	0.239	0.118	0.121	0.244	0.219	0.127	0.117	0.584	0.604	0.237	0.217	0.248	0.241	0.086	0.120	0.198	0.233	0.131	0.120	0.594	0.623	0.274	0.218	0.245	0.233	0.120	0.129	0.231	0.240	0.132	0.129	0.583	0.600	0.222	0.195	0.237	0.229	0.122	0.116	0.203	0.199	0.109	0.132	0.503	0.602	0.228	0.208	0.247	0.201	0.128	0.098	0.213	0.210	0.142	0.116	0.591	0.661	0.247	0.211	0.253	0.235	0.118	0.117	0.232	0.234	0.134	0.116	0.613	0.649	0.275	0.216
46:00:02	0.275	0.252	0.117	0.117	0.231	0.243	0.126	0.119	0.549	0.651	0.305	0.212	0.260	0.231	0.118	0.117	0.270	0.244	0.122	0.121	0.574	0.546	0.240	0.212	0.271	0.240	0.118	0.121	0.245	0.221	0.127	0.117	0.587	0.607	0.238	0.217	0.249	0.242	0.086	0.120	0.202	0.235	0.131	0.120	0.596	0.620	0.271	0.217	0.245	0.234	0.120	0.129	0.232	0.241	0.132	0.129	0.582	0.602	0.222	0.195	0.238	0.230	0.122	0.114	0.206	0.201	0.109	0.132	0.503	0.605	0.228	0.208	0.249	0.203	0.127	0.098	0.214	0.211	0.142	0.116	0.592	0.660	0.248	0.212	0.249	0.235	0.118	0.117	0.229	0.235	0.134	0.116	0.615	0.651	0.257	0.217
46:20:02	0.277	0.252	0.117	0.117	0.237	0.243	0.125	0.119	0.549	0.653	0.296	0.212	0.260	0.233	0.118	0.117	0.266	0.246	0.122	0.120	0.573	0.546	0.240	0.212	0.273	0.242	0.118	0.120	0.246	0.224	0.126	0.117	0.589	0.611	0.237	0.217	0.250	0.244	0.086	0.120	0.201	0.236	0.131	0.120	0.597	0.619	0.260	0.218	0.244	0.235	0.120	0.129	0.234	0.241	0.132	0.129	0.582	0.603	0.222	0.196	0.238	0.231	0.121	0.115	0.211	0.202	0.109	0.132	0.503	0.605	0.230	0.209	0.252	0.204	0.125	0.098	0.214	0.212	0.141	0.116	0.592	0.665	0.248	0.212	0.253	0.237	0.118	0.117	0.230	0.235	0.134	0.116	0.615	0.653	0.267	0.217
46:40:02	0.278	0.253	0.118	0.117	0.249	0.242	0.125	0.119	0.550	0.656	0.299	0.213	0.262	0.231	0.118	0.117	0.262	0.246	0.122	0.120	0.573	0.547	0.240	0.213	0.270	0.244	0.118	0.121	0.244	0.225	0.127	0.117	0.594	0.613	0.239	0.218	0.252	0.246	0.086	0.120	0.199	0.237	0.131	0.120	0.598	0.618	0.267	0.218	0.245	0.236	0.120	0.130	0.256	0.242	0.132	0.129	0.584	0.604	0.223	0.196	0.240	0.232	0.122	0.115	0.212	0.203	0.109	0.132	0.503	0.607	0.238	0.209	0.256	0.205	0.124	0.098	0.215	0.213	0.142	0.116	0.592	0.666	0.248	0.212	0.251	0.239	0.118	0.117	0.234	0.236	0.134	0.116	0.616	0.656	0.257	0.217
47:00:02	0.280	0.253	0.117	0.117	0.252	0.242	0.125	0.119	0.553	0.658	0.291	0.214	0.264	0.238	0.118	0.117	0.258	0.250	0.122	0.120	0.575	0.550	0.241	0.213	0.269	0.245	0.119	0.122	0.247	0.228	0.127	0.117	0.599	0.617	0.238	0.218	0.257	0.249	0.087	0.120	0.209	0.239	0.133	0.120	0.600	0.620	0.264	0.218	0.247	0.238	0.121	0.131	0.247	0.242	0.132	0.130	0.585	0.606	0.223	0.196	0.242	0.234	0.122	0.113	0.219	0.207	0.110	0.133	0.504	0.614	0.229	0.209	0.259	0.209	0.123	0.098	0.217	0.217	0.141	0.117	0.594	0.669	0.249	0.213	0.251	0.242	0.118	0.117	0.233	0.240	0.133	0.116	0.617	0.658	0.256	0.217
47:20:03	0.280	0.254	0.117	0.117	0.257	0.244	0.125	0.119	0.551	0.657	0.295	0.214	0.264	0.239	0.118	0.117	0.255	0.251	0.122	0.121	0.572	0.548	0.241	0.213	0.264	0.247	0.118	0.121	0.248	0.228	0.127	0.117	0.599	0.618	0.239	0.218	0.258	0.250	0.086	0.120	0.204	0.238	0.131	0.120	0.599	0.619	0.269	0.219	0.245	0.237	0.120	0.129	0.243	0.242	0.132	0.130	0.584	0.605	0.224	0.197	0.241	0.234	0.122	0.114	0.219	0.207	0.110	0.132	0.502	0.610	0.245	0.210	0.259	0.208	0.122	0.098	0.220	0.217	0.142	0.117	0.591	0.670	0.249	0.213	0.250	0.241	0.118	0.117	0.232	0.239	0.133	0.116	0.617	0.660	0.255	0.218
47:40:03	0.281	0.255	0.117	0.117	0.264	0.244	0.125	0.119	0.552	0.658	0.291	0.214	0.264	0.240	0.118	0.117	0.253	0.251	0.122	0.121	0.571	0.549	0.242	0.214	0.259	0.249	0.118	0.121	0.248	0.231	0.127	0.117	0.601	0.618	0.239	0.218	0.259	0.251	0.086	0.119	0.208	0.238	0.130	0.120	0.600	0.617	0.269	0.218	0.246	0.238	0.120	0.129	0.233	0.243	0.132	0.130	0.584	0.606	0.225	0.198	0.241	0.235	0.122	0.114	0.220	0.207	0.109	0.132	0.501	0.610	0.230	0.210	0.260	0.209	0.122	0.098	0.221	0.218	0.142	0.116	0.592	0.672	0.250	0.214	0.252	0.242	0.118	0.117	0.229	0.241	0.133	0.116	0.618	0.663	0.258	0.219
48:00:03	0.280	0.255	0.117	0.117	0.265	0.243	0.125	0.119	0.551	0.659	0.290	0.214	0.267	0.241	0.118	0.117	0.252	0.253	0.122	0.121	0.571	0.549	0.242	0.213	0.255	0.249	0.118	0.121	0.249	0.231	0.127	0.117	0.602	0.619	0.240	0.218	0.260	0.253	0.086	0.119	0.209	0.239	0.131	0.120	0.600	0.619	0.262	0.219	0.245	0.239	0.120	0.129	0.234	0.242	0.131	0.130	0.583	0.605	0.224	0.198	0.241	0.237	0.122	0.115	0.223	0.208	0.109	0.132	0.501	0.612	0.231	0.210	0.259	0.211	0.122	0.098	0.220	0.219	0.142	0.116	0.591	0.671	0.250	0.215	0.250	0.243	0.118	0.117	0.223	0.242	0.134	0.116	0.619	0.664	0.259	0.219

