Field Group

Plate Comment:	
Procedure Summary
  Plate Type:              Corning 96 well for LogPhase600
  Plate Number:            3
  Discontinuous Kinetics:  Runtime 02:00:00 (D:HH:MM), Interval 00:20:00 (HH:MM:SS), 145 Reads (max)
  Read:                    600 nm
  Incubator:               On
    Temperature setpoint:  30 °C
    Temperature gradient:  Off
  Shaking:                 On
     Shaking frequency:    600 RPMs		
			
			

600

Time	A1	A2	A3	A4	A5	A6	A7	A8	A9	A10	A11	A12	B1	B2	B3	B4	B5	B6	B7	B8	B9	B10	B11	B12	C1	C2	C3	C4	C5	C6	C7	C8	C9	C10	C11	C12	D1	D2	D3	D4	D5	D6	D7	D8	D9	D10	D11	D12	E1	E2	E3	E4	E5	E6	E7	E8	E9	E10	E11	E12	F1	F2	F3	F4	F5	F6	F7	F8	F9	F10	F11	F12	G1	G2	G3	G4	G5	G6	G7	G8	G9	G10	G11	G12	H1	H2	H3	H4	H5	H6	H7	H8	H9	H10	H11	H12
0:00:00	0.117	0.115	0.116	0.116	0.116	0.117	0.116	0.117	0.117	0.116	0.115	0.116	0.117	0.115	0.118	0.115	0.115	0.117	0.119	0.120	0.117	0.116	0.115	0.116	0.115	0.117	0.121	0.115	0.116	0.116	0.116	0.115	0.116	0.116	0.115	0.116	0.115	0.116	0.116	0.115	0.116	0.116	0.117	0.116	0.115	0.116	0.117	0.118	0.115	0.117	0.116	0.117	0.117	0.118	0.117	0.117	0.116	0.116	0.116	0.116	0.115	0.117	0.118	0.115	0.116	0.116	0.118	0.116	0.116	0.117	0.121	0.117	0.117	0.115	0.116	0.116	0.116	0.116	0.117	0.116	0.116	0.117	0.116	0.115	0.115	0.114	0.116	0.116	0.116	0.117	0.117	0.116	0.117	0.116	0.117	0.115
0:20:01	0.118	0.115	0.117	0.116	0.116	0.118	0.117	0.117	0.118	0.117	0.115	0.116	0.117	0.116	0.118	0.115	0.115	0.117	0.120	0.120	0.117	0.116	0.115	0.116	0.116	0.117	0.121	0.116	0.116	0.116	0.116	0.116	0.116	0.116	0.116	0.116	0.115	0.116	0.115	0.115	0.116	0.116	0.117	0.116	0.115	0.116	0.117	0.117	0.116	0.117	0.116	0.117	0.117	0.117	0.117	0.116	0.116	0.116	0.116	0.116	0.116	0.117	0.117	0.116	0.117	0.116	0.118	0.116	0.117	0.117	0.121	0.117	0.117	0.115	0.116	0.116	0.116	0.116	0.117	0.116	0.117	0.117	0.116	0.116	0.115	0.115	0.116	0.117	0.116	0.117	0.117	0.116	0.117	0.116	0.117	0.116
0:40:01	0.118	0.115	0.117	0.116	0.117	0.119	0.117	0.119	0.119	0.117	0.115	0.116	0.118	0.116	0.119	0.115	0.116	0.118	0.121	0.121	0.120	0.117	0.115	0.116	0.117	0.117	0.121	0.116	0.117	0.117	0.116	0.116	0.117	0.118	0.116	0.116	0.116	0.116	0.115	0.115	0.116	0.116	0.117	0.116	0.116	0.117	0.118	0.117	0.117	0.117	0.116	0.116	0.117	0.117	0.116	0.116	0.117	0.116	0.116	0.116	0.118	0.118	0.117	0.116	0.118	0.116	0.118	0.116	0.117	0.117	0.121	0.117	0.117	0.117	0.116	0.116	0.117	0.117	0.118	0.116	0.117	0.116	0.117	0.116	0.116	0.115	0.116	0.117	0.117	0.118	0.117	0.116	0.120	0.116	0.117	0.115
1:00:01	0.120	0.116	0.117	0.116	0.117	0.120	0.118	0.120	0.120	0.117	0.115	0.116	0.119	0.117	0.119	0.116	0.116	0.119	0.121	0.121	0.122	0.117	0.116	0.117	0.118	0.118	0.121	0.116	0.118	0.118	0.116	0.116	0.118	0.118	0.116	0.116	0.117	0.117	0.115	0.115	0.117	0.117	0.117	0.116	0.116	0.116	0.119	0.117	0.119	0.118	0.116	0.117	0.118	0.117	0.117	0.116	0.117	0.116	0.117	0.117	0.119	0.119	0.117	0.117	0.119	0.117	0.117	0.116	0.118	0.116	0.122	0.117	0.119	0.118	0.116	0.116	0.118	0.118	0.118	0.116	0.118	0.116	0.117	0.116	0.118	0.116	0.116	0.117	0.118	0.118	0.118	0.117	0.121	0.116	0.118	0.116
1:20:01	0.121	0.116	0.117	0.116	0.118	0.121	0.118	0.121	0.121	0.118	0.116	0.117	0.121	0.117	0.119	0.116	0.117	0.120	0.121	0.122	0.123	0.117	0.116	0.117	0.120	0.119	0.122	0.116	0.119	0.118	0.116	0.116	0.120	0.118	0.117	0.116	0.119	0.117	0.116	0.115	0.118	0.117	0.117	0.116	0.118	0.116	0.119	0.118	0.121	0.119	0.117	0.117	0.119	0.118	0.117	0.117	0.119	0.116	0.117	0.118	0.121	0.122	0.117	0.117	0.120	0.117	0.118	0.116	0.119	0.117	0.122	0.118	0.120	0.119	0.117	0.116	0.119	0.118	0.118	0.116	0.120	0.117	0.118	0.116	0.119	0.117	0.117	0.117	0.119	0.119	0.118	0.117	0.123	0.117	0.118	0.116
1:40:01	0.122	0.116	0.118	0.117	0.118	0.121	0.118	0.121	0.122	0.118	0.116	0.117	0.122	0.118	0.119	0.117	0.118	0.121	0.122	0.122	0.125	0.117	0.116	0.117	0.121	0.121	0.125	0.119	0.120	0.120	0.117	0.117	0.121	0.119	0.118	0.117	0.120	0.119	0.120	0.120	0.120	0.119	0.118	0.117	0.121	0.117	0.120	0.118	0.122	0.120	0.119	0.119	0.121	0.119	0.118	0.118	0.122	0.117	0.118	0.119	0.122	0.122	0.118	0.118	0.121	0.118	0.118	0.116	0.120	0.117	0.121	0.118	0.122	0.119	0.117	0.117	0.120	0.119	0.118	0.117	0.121	0.117	0.118	0.116	0.121	0.117	0.117	0.117	0.120	0.120	0.118	0.118	0.123	0.117	0.119	0.117
2:00:01	0.123	0.116	0.118	0.117	0.119	0.122	0.119	0.121	0.123	0.118	0.116	0.117	0.123	0.119	0.120	0.117	0.119	0.122	0.122	0.122	0.125	0.118	0.116	0.117	0.123	0.123	0.128	0.122	0.123	0.123	0.119	0.118	0.124	0.119	0.118	0.117	0.120	0.121	0.123	0.123	0.123	0.123	0.120	0.119	0.125	0.120	0.121	0.118	0.124	0.122	0.122	0.123	0.125	0.122	0.120	0.120	0.127	0.120	0.120	0.119	0.124	0.124	0.119	0.120	0.124	0.121	0.119	0.117	0.122	0.119	0.124	0.119	0.123	0.120	0.118	0.117	0.121	0.120	0.119	0.117	0.122	0.118	0.119	0.117	0.122	0.118	0.118	0.118	0.121	0.121	0.119	0.118	0.124	0.117	0.121	0.117
2:20:01	0.124	0.116	0.118	0.117	0.120	0.123	0.119	0.122	0.124	0.119	0.116	0.117	0.125	0.120	0.121	0.118	0.120	0.124	0.123	0.122	0.126	0.118	0.116	0.118	0.124	0.127	0.131	0.124	0.126	0.126	0.121	0.120	0.129	0.120	0.119	0.117	0.122	0.124	0.125	0.125	0.126	0.126	0.123	0.122	0.128	0.123	0.122	0.119	0.125	0.125	0.126	0.127	0.127	0.126	0.123	0.122	0.131	0.124	0.121	0.119	0.125	0.125	0.122	0.123	0.127	0.124	0.122	0.120	0.127	0.122	0.126	0.119	0.124	0.121	0.119	0.119	0.123	0.122	0.120	0.117	0.124	0.118	0.120	0.117	0.123	0.119	0.118	0.118	0.123	0.122	0.119	0.118	0.126	0.118	0.121	0.117
2:40:01	0.125	0.117	0.119	0.118	0.122	0.123	0.119	0.122	0.126	0.119	0.116	0.118	0.126	0.121	0.121	0.118	0.123	0.126	0.123	0.123	0.127	0.119	0.116	0.118	0.126	0.130	0.132	0.125	0.129	0.128	0.122	0.122	0.132	0.121	0.121	0.118	0.123	0.127	0.127	0.127	0.129	0.129	0.125	0.123	0.132	0.126	0.123	0.119	0.126	0.127	0.128	0.129	0.131	0.129	0.125	0.124	0.133	0.126	0.124	0.120	0.126	0.127	0.125	0.126	0.129	0.127	0.124	0.121	0.131	0.125	0.125	0.120	0.125	0.123	0.120	0.120	0.125	0.125	0.122	0.118	0.125	0.119	0.121	0.117	0.124	0.121	0.119	0.119	0.125	0.123	0.120	0.118	0.125	0.119	0.122	0.117
3:00:01	0.126	0.118	0.120	0.118	0.123	0.123	0.120	0.123	0.128	0.120	0.116	0.118	0.127	0.123	0.122	0.119	0.126	0.127	0.124	0.123	0.129	0.119	0.116	0.118	0.126	0.132	0.133	0.126	0.131	0.131	0.124	0.123	0.135	0.123	0.121	0.118	0.124	0.129	0.128	0.128	0.130	0.132	0.127	0.125	0.134	0.128	0.123	0.119	0.127	0.131	0.130	0.131	0.134	0.132	0.127	0.125	0.135	0.128	0.129	0.120	0.126	0.128	0.128	0.128	0.131	0.130	0.126	0.123	0.134	0.128	0.129	0.120	0.126	0.124	0.121	0.122	0.127	0.127	0.124	0.119	0.127	0.120	0.121	0.118	0.124	0.123	0.120	0.119	0.127	0.126	0.121	0.119	0.128	0.119	0.124	0.118
3:20:01	0.126	0.118	0.120	0.119	0.123	0.123	0.121	0.123	0.128	0.121	0.116	0.119	0.128	0.124	0.123	0.120	0.126	0.127	0.125	0.124	0.130	0.120	0.116	0.119	0.126	0.135	0.134	0.127	0.132	0.131	0.126	0.125	0.136	0.125	0.124	0.119	0.124	0.132	0.129	0.129	0.131	0.135	0.129	0.126	0.135	0.130	0.125	0.120	0.127	0.132	0.132	0.132	0.134	0.134	0.129	0.127	0.136	0.130	0.131	0.121	0.126	0.128	0.131	0.130	0.130	0.134	0.128	0.124	0.136	0.130	0.131	0.121	0.126	0.126	0.123	0.124	0.127	0.130	0.126	0.120	0.128	0.121	0.121	0.118	0.125	0.123	0.120	0.120	0.126	0.128	0.122	0.120	0.128	0.120	0.125	0.118
3:40:01	0.128	0.119	0.121	0.119	0.121	0.123	0.121	0.123	0.127	0.122	0.116	0.119	0.128	0.126	0.124	0.121	0.126	0.129	0.125	0.124	0.129	0.121	0.116	0.119	0.125	0.137	0.136	0.128	0.132	0.135	0.127	0.126	0.136	0.126	0.124	0.119	0.125	0.134	0.130	0.130	0.133	0.137	0.130	0.128	0.135	0.131	0.125	0.121	0.127	0.134	0.133	0.133	0.134	0.136	0.131	0.129	0.136	0.131	0.132	0.121	0.126	0.130	0.132	0.131	0.131	0.135	0.129	0.126	0.137	0.131	0.130	0.121	0.127	0.127	0.124	0.126	0.128	0.131	0.127	0.121	0.128	0.122	0.124	0.119	0.125	0.125	0.121	0.120	0.125	0.129	0.122	0.120	0.128	0.121	0.126	0.119
4:00:01	0.128	0.120	0.122	0.120	0.122	0.123	0.122	0.124	0.127	0.122	0.116	0.120	0.128	0.126	0.124	0.121	0.127	0.127	0.126	0.124	0.131	0.122	0.117	0.120	0.125	0.137	0.135	0.128	0.133	0.135	0.128	0.127	0.136	0.128	0.126	0.120	0.125	0.134	0.130	0.130	0.134	0.138	0.132	0.129	0.135	0.132	0.127	0.121	0.127	0.134	0.134	0.134	0.136	0.137	0.133	0.130	0.136	0.131	0.133	0.122	0.126	0.130	0.134	0.133	0.131	0.136	0.131	0.127	0.137	0.132	0.132	0.122	0.127	0.128	0.127	0.127	0.128	0.132	0.128	0.123	0.129	0.123	0.124	0.119	0.125	0.125	0.122	0.121	0.125	0.129	0.123	0.121	0.127	0.122	0.127	0.119
4:20:01	0.129	0.120	0.123	0.121	0.122	0.123	0.123	0.125	0.128	0.123	0.116	0.120	0.129	0.127	0.125	0.122	0.127	0.131	0.127	0.125	0.131	0.122	0.117	0.120	0.121	0.137	0.136	0.128	0.133	0.137	0.130	0.128	0.136	0.129	0.125	0.121	0.126	0.134	0.131	0.131	0.135	0.133	0.133	0.130	0.135	0.132	0.129	0.122	0.128	0.135	0.135	0.134	0.136	0.138	0.134	0.131	0.136	0.132	0.131	0.122	0.123	0.130	0.135	0.134	0.132	0.137	0.132	0.128	0.137	0.133	0.135	0.123	0.128	0.128	0.129	0.129	0.129	0.132	0.130	0.125	0.130	0.124	0.124	0.120	0.126	0.125	0.123	0.122	0.125	0.130	0.124	0.121	0.129	0.122	0.127	0.120
4:40:01	0.130	0.123	0.123	0.121	0.122	0.124	0.123	0.125	0.128	0.124	0.116	0.121	0.131	0.127	0.126	0.123	0.127	0.132	0.128	0.125	0.130	0.123	0.117	0.121	0.128	0.138	0.136	0.129	0.134	0.137	0.131	0.129	0.137	0.130	0.127	0.121	0.129	0.134	0.131	0.132	0.136	0.138	0.134	0.131	0.136	0.133	0.128	0.122	0.130	0.138	0.136	0.135	0.137	0.140	0.135	0.132	0.134	0.133	0.136	0.123	0.127	0.130	0.136	0.135	0.133	0.138	0.133	0.129	0.138	0.134	0.136	0.123	0.132	0.129	0.130	0.130	0.129	0.134	0.130	0.126	0.131	0.125	0.127	0.121	0.131	0.125	0.123	0.123	0.126	0.128	0.125	0.122	0.129	0.123	0.127	0.121
5:00:01	0.133	0.126	0.124	0.122	0.125	0.124	0.124	0.126	0.129	0.125	0.116	0.122	0.142	0.128	0.127	0.124	0.129	0.133	0.129	0.126	0.132	0.124	0.118	0.121	0.141	0.137	0.136	0.129	0.138	0.138	0.132	0.129	0.135	0.130	0.127	0.122	0.141	0.135	0.132	0.132	0.140	0.139	0.135	0.132	0.137	0.133	0.130	0.123	0.142	0.138	0.136	0.135	0.141	0.141	0.136	0.133	0.135	0.134	0.134	0.123	0.141	0.131	0.137	0.136	0.136	0.141	0.134	0.129	0.139	0.135	0.134	0.124	0.142	0.129	0.131	0.131	0.133	0.135	0.131	0.126	0.134	0.126	0.124	0.121	0.146	0.126	0.124	0.123	0.128	0.132	0.126	0.123	0.133	0.124	0.127	0.122
5:20:01	0.144	0.124	0.125	0.123	0.131	0.126	0.125	0.127	0.133	0.126	0.116	0.122	0.177	0.129	0.128	0.124	0.135	0.134	0.130	0.127	0.137	0.125	0.118	0.122	0.166	0.138	0.137	0.129	0.140	0.140	0.133	0.130	0.139	0.131	0.128	0.122	0.174	0.135	0.133	0.132	0.143	0.141	0.136	0.132	0.138	0.134	0.130	0.124	0.180	0.139	0.137	0.135	0.144	0.143	0.137	0.133	0.138	0.134	0.136	0.124	0.177	0.132	0.137	0.136	0.138	0.143	0.135	0.130	0.142	0.136	0.134	0.124	0.181	0.128	0.131	0.131	0.134	0.137	0.132	0.127	0.137	0.127	0.123	0.122	0.172	0.126	0.125	0.124	0.134	0.134	0.127	0.123	0.137	0.125	0.127	0.122
5:40:01	0.178	0.127	0.126	0.123	0.136	0.129	0.125	0.127	0.138	0.126	0.116	0.123	0.191	0.131	0.129	0.125	0.143	0.136	0.131	0.127	0.146	0.126	0.119	0.123	0.167	0.141	0.138	0.130	0.148	0.143	0.134	0.130	0.149	0.132	0.128	0.123	0.174	0.138	0.133	0.133	0.152	0.144	0.137	0.133	0.146	0.134	0.129	0.124	0.181	0.139	0.138	0.136	0.152	0.144	0.138	0.134	0.149	0.135	0.138	0.125	0.181	0.134	0.138	0.137	0.144	0.145	0.136	0.131	0.149	0.137	0.136	0.125	0.176	0.132	0.132	0.132	0.145	0.140	0.133	0.128	0.144	0.127	0.127	0.123	0.168	0.131	0.126	0.125	0.148	0.136	0.128	0.124	0.151	0.126	0.128	0.123
6:00:01	0.176	0.134	0.127	0.124	0.146	0.133	0.126	0.128	0.156	0.127	0.116	0.124	0.173	0.139	0.130	0.126	0.150	0.140	0.131	0.128	0.165	0.127	0.121	0.123	0.153	0.147	0.138	0.130	0.152	0.144	0.135	0.131	0.150	0.133	0.129	0.124	0.157	0.145	0.134	0.133	0.156	0.145	0.138	0.134	0.149	0.135	0.131	0.125	0.160	0.148	0.138	0.137	0.152	0.143	0.139	0.135	0.148	0.135	0.139	0.126	0.159	0.141	0.139	0.138	0.146	0.147	0.137	0.131	0.152	0.138	0.136	0.126	0.160	0.140	0.134	0.133	0.151	0.143	0.134	0.129	0.145	0.129	0.132	0.124	0.155	0.141	0.127	0.126	0.155	0.139	0.129	0.125	0.144	0.127	0.131	0.124
6:20:01	0.165	0.145	0.127	0.125	0.142	0.136	0.127	0.129	0.140	0.128	0.117	0.124	0.160	0.161	0.130	0.127	0.148	0.143	0.132	0.129	0.142	0.127	0.121	0.124	0.149	0.164	0.139	0.131	0.154	0.148	0.135	0.132	0.141	0.134	0.132	0.124	0.154	0.161	0.134	0.134	0.159	0.145	0.138	0.135	0.140	0.136	0.135	0.126	0.154	0.162	0.139	0.137	0.158	0.146	0.140	0.136	0.139	0.136	0.142	0.126	0.153	0.156	0.140	0.139	0.147	0.143	0.138	0.132	0.143	0.138	0.144	0.127	0.159	0.163	0.135	0.134	0.150	0.144	0.135	0.130	0.137	0.130	0.135	0.124	0.157	0.156	0.128	0.127	0.153	0.143	0.130	0.126	0.134	0.128	0.134	0.124
6:40:01	0.168	0.158	0.128	0.126	0.166	0.137	0.128	0.129	0.131	0.129	0.117	0.125	0.162	0.167	0.131	0.128	0.176	0.144	0.133	0.129	0.135	0.128	0.123	0.125	0.154	0.162	0.139	0.132	0.165	0.148	0.136	0.132	0.138	0.135	0.137	0.125	0.160	0.159	0.135	0.135	0.173	0.147	0.139	0.135	0.137	0.137	0.145	0.127	0.156	0.160	0.139	0.138	0.169	0.148	0.140	0.137	0.137	0.136	0.148	0.127	0.156	0.156	0.141	0.139	0.163	0.146	0.139	0.133	0.140	0.139	0.151	0.127	0.164	0.160	0.136	0.135	0.171	0.146	0.135	0.131	0.134	0.130	0.143	0.124	0.160	0.152	0.129	0.127	0.171	0.145	0.131	0.126	0.131	0.129	0.141	0.125
7:00:01	0.173	0.150	0.128	0.126	0.175	0.141	0.128	0.130	0.130	0.129	0.117	0.125	0.164	0.154	0.132	0.129	0.178	0.151	0.133	0.130	0.134	0.129	0.121	0.125	0.161	0.155	0.140	0.132	0.164	0.162	0.137	0.133	0.137	0.136	0.151	0.126	0.164	0.153	0.136	0.135	0.174	0.160	0.140	0.136	0.136	0.137	0.138	0.127	0.160	0.155	0.140	0.138	0.172	0.159	0.141	0.138	0.136	0.137	0.145	0.128	0.159	0.148	0.141	0.140	0.161	0.158	0.139	0.134	0.140	0.140	0.145	0.128	0.167	0.152	0.137	0.135	0.175	0.160	0.136	0.132	0.134	0.131	0.137	0.126	0.164	0.148	0.129	0.128	0.181	0.156	0.131	0.127	0.131	0.130	0.136	0.126
7:20:01	0.176	0.143	0.129	0.127	0.181	0.163	0.129	0.130	0.129	0.130	0.118	0.126	0.167	0.150	0.132	0.129	0.177	0.172	0.134	0.130	0.134	0.130	0.122	0.126	0.165	0.155	0.140	0.132	0.175	0.167	0.137	0.134	0.137	0.137	0.136	0.127	0.169	0.153	0.136	0.136	0.180	0.170	0.140	0.136	0.135	0.138	0.133	0.128	0.166	0.155	0.140	0.139	0.179	0.163	0.141	0.138	0.136	0.137	0.141	0.128	0.165	0.146	0.142	0.141	0.166	0.163	0.140	0.134	0.139	0.140	0.141	0.129	0.170	0.152	0.138	0.136	0.171	0.165	0.137	0.132	0.133	0.132	0.133	0.126	0.165	0.153	0.130	0.129	0.190	0.165	0.132	0.128	0.131	0.130	0.132	0.126
7:40:01	0.179	0.147	0.130	0.128	0.194	0.167	0.129	0.131	0.129	0.130	0.118	0.126	0.168	0.153	0.133	0.130	0.193	0.176	0.134	0.131	0.134	0.130	0.124	0.126	0.171	0.160	0.141	0.133	0.193	0.171	0.138	0.134	0.137	0.138	0.131	0.128	0.171	0.158	0.137	0.136	0.198	0.170	0.141	0.137	0.135	0.139	0.132	0.128	0.168	0.161	0.140	0.139	0.196	0.170	0.142	0.139	0.135	0.138	0.140	0.129	0.166	0.151	0.142	0.142	0.183	0.168	0.141	0.135	0.139	0.141	0.138	0.129	0.174	0.157	0.138	0.137	0.188	0.170	0.138	0.133	0.133	0.133	0.132	0.127	0.191	0.158	0.130	0.130	0.205	0.171	0.132	0.128	0.131	0.131	0.131	0.127
8:00:01	0.171	0.156	0.131	0.129	0.212	0.176	0.130	0.132	0.129	0.131	0.120	0.127	0.190	0.159	0.133	0.131	0.228	0.181	0.135	0.132	0.134	0.131	0.125	0.127	0.205	0.166	0.141	0.133	0.238	0.181	0.138	0.134	0.136	0.138	0.130	0.128	0.210	0.165	0.137	0.137	0.245	0.177	0.141	0.138	0.135	0.139	0.132	0.129	0.195	0.167	0.141	0.139	0.249	0.175	0.142	0.140	0.135	0.138	0.140	0.130	0.190	0.157	0.143	0.143	0.208	0.176	0.141	0.136	0.139	0.141	0.140	0.129	0.213	0.159	0.139	0.138	0.222	0.172	0.138	0.134	0.133	0.133	0.132	0.128	0.201	0.161	0.131	0.130	0.213	0.178	0.133	0.129	0.131	0.132	0.130	0.128
8:20:01	0.216	0.161	0.132	0.129	0.249	0.191	0.131	0.132	0.128	0.131	0.121	0.128	0.214	0.160	0.135	0.132	0.442	0.191	0.135	0.132	0.134	0.132	0.125	0.127	0.217	0.171	0.142	0.134	0.310	0.192	0.139	0.135	0.136	0.139	0.130	0.129	0.217	0.171	0.138	0.137	0.310	0.192	0.142	0.138	0.135	0.140	0.132	0.130	0.218	0.174	0.141	0.140	0.319	0.185	0.143	0.140	0.135	0.138	0.140	0.131	0.214	0.159	0.144	0.143	0.239	0.185	0.142	0.136	0.139	0.142	0.139	0.130	0.217	0.161	0.140	0.139	0.268	0.185	0.139	0.134	0.133	0.134	0.132	0.128	0.220	0.168	0.132	0.131	0.266	0.191	0.133	0.129	0.131	0.133	0.130	0.128
8:40:01	0.220	0.169	0.132	0.130	0.306	0.213	0.131	0.133	0.128	0.132	0.122	0.128	0.222	0.171	0.135	0.132	0.329	0.209	0.136	0.133	0.134	0.133	0.125	0.128	0.237	0.184	0.142	0.135	0.324	0.209	0.139	0.135	0.136	0.139	0.130	0.130	0.218	0.179	0.139	0.138	0.339	0.222	0.142	0.139	0.135	0.140	0.132	0.130	0.224	0.181	0.141	0.140	0.324	0.205	0.143	0.141	0.135	0.139	0.140	0.131	0.224	0.175	0.144	0.144	0.279	0.205	0.142	0.136	0.139	0.142	0.139	0.131	0.228	0.174	0.140	0.139	0.267	0.209	0.139	0.135	0.133	0.134	0.132	0.129	0.233	0.177	0.133	0.131	0.299	0.202	0.134	0.130	0.130	0.133	0.130	0.129
9:00:01	0.229	0.192	0.133	0.130	0.284	0.261	0.132	0.133	0.128	0.132	0.123	0.129	0.238	0.195	0.136	0.133	0.305	0.247	0.136	0.133	0.134	0.133	0.125	0.129	0.266	0.188	0.143	0.135	0.338	0.268	0.140	0.135	0.136	0.140	0.130	0.130	0.249	0.184	0.139	0.138	0.333	0.289	0.142	0.139	0.135	0.140	0.132	0.131	0.244	0.188	0.142	0.141	0.336	0.257	0.144	0.141	0.135	0.139	0.140	0.132	0.237	0.190	0.145	0.145	0.315	0.249	0.143	0.137	0.139	0.143	0.141	0.131	0.242	0.188	0.141	0.139	0.262	0.257	0.140	0.135	0.133	0.134	0.132	0.130	0.245	0.180	0.134	0.132	0.296	0.237	0.134	0.131	0.131	0.134	0.130	0.129
9:20:01	0.240	0.200	0.133	0.131	0.303	0.253	0.132	0.133	0.128	0.132	0.123	0.130	0.262	0.199	0.137	0.133	0.318	0.271	0.137	0.134	0.134	0.134	0.126	0.129	0.298	0.196	0.143	0.135	0.361	0.298	0.140	0.135	0.136	0.140	0.131	0.131	0.274	0.192	0.140	0.138	0.359	0.328	0.143	0.140	0.135	0.141	0.132	0.131	0.277	0.197	0.142	0.141	0.361	0.288	0.145	0.140	0.135	0.139	0.139	0.132	0.262	0.198	0.146	0.145	0.336	0.262	0.143	0.137	0.139	0.143	0.139	0.132	0.271	0.193	0.141	0.139	0.270	0.260	0.140	0.135	0.133	0.135	0.132	0.130	0.276	0.186	0.135	0.131	0.325	0.256	0.135	0.131	0.131	0.134	0.131	0.130
9:40:01	0.247	0.203	0.134	0.131	0.315	0.259	0.133	0.134	0.128	0.133	0.126	0.130	0.281	0.208	0.138	0.133	0.337	0.260	0.137	0.134	0.134	0.134	0.122	0.129	0.304	0.207	0.144	0.135	0.377	0.309	0.140	0.136	0.136	0.140	0.131	0.131	0.295	0.202	0.140	0.138	0.379	0.323	0.143	0.140	0.134	0.141	0.132	0.132	0.289	0.209	0.143	0.141	0.385	0.306	0.145	0.141	0.135	0.140	0.139	0.133	0.282	0.206	0.146	0.145	0.348	0.284	0.144	0.137	0.138	0.143	0.137	0.133	0.379	0.199	0.142	0.139	0.286	0.269	0.141	0.135	0.132	0.135	0.133	0.131	0.287	0.193	0.136	0.131	0.342	0.249	0.136	0.131	0.131	0.135	0.131	0.131
10:00:01	0.258	0.216	0.135	0.132	0.335	0.270	0.134	0.134	0.128	0.133	0.127	0.131	0.274	0.220	0.138	0.133	0.353	0.279	0.138	0.134	0.134	0.135	0.128	0.130	0.303	0.230	0.144	0.135	0.385	0.310	0.141	0.135	0.135	0.140	0.131	0.132	0.298	0.223	0.140	0.139	0.396	0.318	0.143	0.140	0.134	0.141	0.132	0.132	0.283	0.234	0.143	0.141	0.398	0.304	0.146	0.141	0.135	0.140	0.138	0.133	0.312	0.218	0.146	0.144	0.342	0.293	0.144	0.137	0.138	0.143	0.140	0.134	0.292	0.210	0.142	0.139	0.308	0.271	0.141	0.135	0.131	0.135	0.133	0.131	0.295	0.215	0.137	0.132	0.403	0.285	0.137	0.132	0.130	0.136	0.131	0.131
10:20:01	0.266	0.240	0.136	0.132	0.344	0.287	0.135	0.135	0.128	0.134	0.129	0.131	0.284	0.229	0.140	0.133	0.363	0.303	0.139	0.135	0.134	0.135	0.131	0.130	0.303	0.259	0.145	0.136	0.394	0.316	0.141	0.135	0.134	0.140	0.131	0.132	0.295	0.247	0.142	0.139	0.409	0.330	0.144	0.140	0.133	0.141	0.132	0.133	0.285	0.254	0.144	0.142	0.411	0.314	0.146	0.141	0.134	0.140	0.138	0.134	0.296	0.230	0.147	0.144	0.363	0.304	0.145	0.137	0.137	0.143	0.140	0.134	0.286	0.225	0.142	0.138	0.322	0.288	0.142	0.135	0.131	0.136	0.133	0.132	0.294	0.246	0.138	0.132	0.420	0.319	0.138	0.132	0.130	0.137	0.131	0.132
10:40:01	0.271	0.264	0.137	0.132	0.353	0.313	0.136	0.135	0.128	0.134	0.129	0.132	0.265	0.234	0.141	0.134	0.372	0.323	0.140	0.135	0.134	0.136	0.131	0.131	0.296	0.280	0.147	0.136	0.396	0.332	0.141	0.135	0.134	0.140	0.131	0.133	0.295	0.261	0.143	0.139	0.422	0.349	0.144	0.140	0.133	0.141	0.132	0.133	0.268	0.383	0.145	0.142	0.421	0.334	0.147	0.141	0.134	0.140	0.137	0.134	0.278	0.241	0.147	0.144	0.375	0.325	0.145	0.137	0.137	0.143	0.138	0.135	0.274	0.237	0.143	0.138	0.336	0.309	0.142	0.135	0.131	0.136	0.133	0.132	0.283	0.267	0.139	0.132	0.427	0.332	0.139	0.133	0.130	0.138	0.131	0.132
11:00:01	0.271	0.421	0.138	0.133	0.352	0.341	0.137	0.135	0.128	0.135	0.128	0.132	0.389	0.368	0.142	0.134	0.375	0.358	0.141	0.135	0.134	0.137	0.138	0.131	0.302	0.395	0.147	0.136	0.397	0.345	0.142	0.135	0.134	0.141	0.131	0.133	0.288	0.373	0.143	0.139	0.415	0.364	0.145	0.139	0.133	0.142	0.132	0.134	0.269	0.383	0.145	0.142	0.424	0.349	0.148	0.141	0.134	0.140	0.137	0.135	0.278	0.254	0.148	0.144	0.410	0.348	0.146	0.137	0.137	0.144	0.136	0.135	0.277	0.241	0.143	0.139	0.350	0.338	0.143	0.135	0.131	0.137	0.133	0.132	0.281	0.270	0.141	0.133	0.425	0.362	0.140	0.133	0.130	0.138	0.131	0.132
11:20:01	0.264	0.425	0.139	0.133	0.358	0.352	0.138	0.136	0.128	0.135	0.127	0.132	0.260	0.252	0.143	0.134	0.378	0.374	0.142	0.135	0.134	0.138	0.134	0.131	0.304	0.397	0.148	0.136	0.399	0.357	0.142	0.135	0.134	0.142	0.131	0.133	0.287	0.277	0.144	0.139	0.420	0.386	0.145	0.140	0.132	0.143	0.132	0.134	0.278	0.383	0.146	0.142	0.421	0.367	0.148	0.141	0.134	0.141	0.137	0.135	0.279	0.260	0.148	0.144	0.410	0.373	0.146	0.137	0.137	0.145	0.137	0.136	0.272	0.415	0.144	0.140	0.354	0.361	0.144	0.136	0.131	0.138	0.133	0.133	0.291	0.274	0.142	0.134	0.429	0.380	0.141	0.134	0.130	0.139	0.130	0.133
11:40:01	0.265	0.272	0.140	0.134	0.363	0.358	0.139	0.136	0.128	0.136	0.130	0.132	0.272	0.248	0.144	0.134	0.378	0.387	0.143	0.136	0.134	0.138	0.130	0.132	0.298	0.386	0.149	0.137	0.404	0.379	0.143	0.135	0.135	0.142	0.131	0.134	0.298	0.276	0.145	0.140	0.416	0.392	0.146	0.140	0.132	0.143	0.132	0.135	0.274	0.285	0.146	0.142	0.419	0.382	0.149	0.142	0.134	0.141	0.137	0.135	0.282	0.265	0.149	0.144	0.426	0.390	0.147	0.137	0.137	0.145	0.137	0.136	0.269	0.273	0.145	0.140	0.366	0.383	0.145	0.136	0.131	0.138	0.133	0.134	0.301	0.275	0.143	0.135	0.437	0.396	0.142	0.134	0.130	0.140	0.131	0.134
12:00:01	0.260	0.268	0.141	0.134	0.368	0.376	0.140	0.137	0.128	0.136	0.139	0.133	0.417	0.258	0.145	0.135	0.385	0.393	0.143	0.137	0.134	0.139	0.130	0.132	0.290	0.280	0.149	0.137	0.407	0.387	0.143	0.135	0.135	0.143	0.131	0.134	0.305	0.277	0.146	0.140	0.426	0.400	0.147	0.140	0.132	0.144	0.132	0.135	0.284	0.285	0.147	0.143	0.427	0.399	0.150	0.142	0.134	0.142	0.137	0.136	0.288	0.273	0.150	0.145	0.440	0.401	0.147	0.136	0.138	0.146	0.136	0.136	0.272	0.274	0.146	0.141	0.376	0.402	0.146	0.137	0.131	0.139	0.133	0.134	0.306	0.270	0.143	0.136	0.461	0.406	0.142	0.135	0.130	0.140	0.131	0.134
12:20:01	0.256	0.263	0.142	0.135	0.376	0.379	0.141	0.138	0.129	0.137	0.134	0.133	0.282	0.265	0.146	0.136	0.389	0.399	0.144	0.137	0.134	0.140	0.130	0.133	0.283	0.283	0.150	0.138	0.408	0.394	0.143	0.136	0.135	0.144	0.132	0.135	0.308	0.275	0.147	0.141	0.422	0.406	0.147	0.140	0.132	0.145	0.132	0.136	0.308	0.283	0.148	0.143	0.430	0.411	0.151	0.142	0.134	0.143	0.137	0.136	0.297	0.269	0.151	0.146	0.444	0.408	0.148	0.137	0.138	0.147	0.137	0.137	0.281	0.282	0.146	0.141	0.383	0.407	0.146	0.137	0.132	0.140	0.133	0.135	0.303	0.264	0.145	0.136	0.442	0.421	0.143	0.135	0.130	0.141	0.131	0.135
12:40:01	0.261	0.260	0.142	0.135	0.385	0.378	0.141	0.138	0.129	0.138	0.130	0.134	0.297	0.273	0.147	0.137	0.397	0.403	0.145	0.138	0.134	0.140	0.129	0.133	0.278	0.286	0.151	0.139	0.414	0.396	0.144	0.136	0.136	0.145	0.132	0.135	0.306	0.274	0.148	0.141	0.423	0.408	0.149	0.141	0.132	0.146	0.133	0.136	0.315	0.283	0.148	0.144	0.433	0.414	0.151	0.143	0.134	0.144	0.138	0.137	0.308	0.263	0.152	0.146	0.460	0.411	0.148	0.137	0.138	0.147	0.137	0.137	0.286	0.284	0.147	0.142	0.394	0.412	0.147	0.138	0.132	0.141	0.134	0.135	0.298	0.258	0.145	0.137	0.452	0.424	0.144	0.136	0.130	0.141	0.131	0.135
13:00:01	0.266	0.255	0.143	0.136	0.396	0.377	0.142	0.139	0.130	0.138	0.129	0.134	0.393	0.280	0.147	0.138	0.404	0.409	0.146	0.139	0.135	0.141	0.130	0.134	0.275	0.284	0.151	0.140	0.419	0.395	0.144	0.137	0.136	0.145	0.132	0.136	0.299	0.270	0.149	0.142	0.432	0.409	0.149	0.141	0.132	0.147	0.133	0.137	0.321	0.284	0.148	0.144	0.440	0.422	0.153	0.143	0.134	0.146	0.138	0.137	0.443	0.288	0.153	0.147	0.474	0.421	0.149	0.138	0.139	0.148	0.138	0.138	0.289	0.285	0.148	0.143	0.403	0.420	0.148	0.138	0.133	0.141	0.134	0.135	0.293	0.255	0.146	0.139	0.453	0.421	0.145	0.137	0.131	0.142	0.131	0.136
13:20:01	0.270	0.255	0.144	0.137	0.402	0.378	0.143	0.140	0.130	0.139	0.129	0.135	0.302	0.282	0.149	0.139	0.418	0.417	0.147	0.139	0.135	0.142	0.130	0.135	0.276	0.282	0.153	0.140	0.427	0.398	0.145	0.138	0.136	0.146	0.133	0.136	0.293	0.270	0.149	0.142	0.440	0.414	0.150	0.142	0.132	0.147	0.133	0.137	0.311	0.282	0.149	0.145	0.452	0.423	0.153	0.144	0.134	0.146	0.139	0.138	0.332	0.272	0.154	0.148	0.500	0.416	0.149	0.138	0.139	0.149	0.138	0.138	0.287	0.285	0.149	0.144	0.408	0.422	0.148	0.139	0.133	0.142	0.134	0.136	0.286	0.251	0.147	0.139	0.469	0.433	0.145	0.137	0.131	0.142	0.132	0.136
13:40:01	0.278	0.257	0.145	0.137	0.406	0.380	0.144	0.140	0.131	0.140	0.129	0.136	0.307	0.285	0.149	0.140	0.425	0.417	0.147	0.140	0.135	0.142	0.130	0.135	0.275	0.277	0.153	0.141	0.439	0.403	0.145	0.138	0.137	0.147	0.133	0.137	0.284	0.264	0.150	0.143	0.437	0.414	0.151	0.142	0.133	0.148	0.134	0.138	0.342	0.280	0.149	0.145	0.455	0.415	0.154	0.144	0.134	0.146	0.139	0.138	0.338	0.291	0.154	0.149	0.503	0.417	0.150	0.139	0.140	0.150	0.139	0.139	0.290	0.287	0.150	0.144	0.415	0.427	0.149	0.140	0.134	0.142	0.134	0.136	0.284	0.252	0.148	0.140	0.467	0.439	0.146	0.138	0.131	0.143	0.132	0.137
14:00:01	0.280	0.255	0.145	0.138	0.417	0.382	0.145	0.141	0.132	0.140	0.129	0.136	0.322	0.290	0.149	0.140	0.431	0.423	0.148	0.140	0.135	0.143	0.130	0.135	0.278	0.274	0.153	0.141	0.446	0.404	0.146	0.139	0.137	0.147	0.133	0.137	0.281	0.261	0.150	0.143	0.450	0.423	0.152	0.143	0.133	0.149	0.134	0.138	0.340	0.283	0.150	0.146	0.464	0.414	0.154	0.145	0.134	0.147	0.140	0.139	0.351	0.296	0.155	0.150	0.504	0.419	0.150	0.139	0.140	0.150	0.139	0.139	0.292	0.294	0.150	0.145	0.420	0.439	0.150	0.140	0.135	0.143	0.135	0.137	0.285	0.250	0.148	0.140	0.470	0.441	0.147	0.138	0.132	0.143	0.133	0.138
14:20:01	0.274	0.255	0.146	0.138	0.420	0.382	0.145	0.141	0.132	0.140	0.129	0.136	0.324	0.292	0.150	0.141	0.437	0.428	0.149	0.141	0.136	0.143	0.130	0.136	0.281	0.272	0.154	0.142	0.455	0.416	0.146	0.140	0.138	0.148	0.134	0.138	0.279	0.260	0.151	0.144	0.461	0.428	0.152	0.144	0.133	0.149	0.134	0.139	0.353	0.290	0.150	0.146	0.471	0.423	0.154	0.146	0.134	0.148	0.140	0.139	0.361	0.300	0.155	0.151	0.509	0.419	0.151	0.140	0.141	0.151	0.140	0.140	0.301	0.296	0.150	0.145	0.428	0.445	0.150	0.141	0.135	0.143	0.135	0.137	0.286	0.250	0.148	0.141	0.487	0.448	0.148	0.139	0.132	0.143	0.133	0.138
14:40:01	0.276	0.257	0.147	0.139	0.430	0.387	0.146	0.142	0.133	0.141	0.129	0.137	0.333	0.298	0.151	0.142	0.447	0.435	0.149	0.142	0.136	0.144	0.130	0.137	0.285	0.273	0.155	0.142	0.463	0.410	0.147	0.140	0.138	0.149	0.134	0.138	0.280	0.262	0.151	0.144	0.471	0.433	0.153	0.145	0.134	0.150	0.135	0.139	0.362	0.292	0.150	0.147	0.475	0.413	0.156	0.146	0.135	0.148	0.141	0.140	0.365	0.301	0.156	0.151	0.523	0.418	0.151	0.140	0.141	0.151	0.140	0.140	0.301	0.294	0.151	0.146	0.436	0.451	0.151	0.141	0.136	0.143	0.136	0.138	0.284	0.248	0.149	0.142	0.489	0.456	0.148	0.139	0.133	0.144	0.134	0.139
15:00:01	0.273	0.257	0.147	0.140	0.430	0.390	0.147	0.143	0.134	0.141	0.130	0.137	0.337	0.303	0.151	0.142	0.448	0.434	0.150	0.142	0.137	0.144	0.130	0.137	0.285	0.271	0.154	0.143	0.466	0.415	0.147	0.141	0.138	0.149	0.135	0.139	0.277	0.259	0.151	0.145	0.473	0.442	0.153	0.145	0.134	0.151	0.136	0.140	0.371	0.291	0.151	0.147	0.476	0.412	0.158	0.147	0.135	0.149	0.142	0.140	0.370	0.302	0.156	0.152	0.520	0.422	0.152	0.141	0.142	0.152	0.141	0.140	0.302	0.292	0.151	0.147	0.435	0.457	0.151	0.142	0.137	0.144	0.136	0.138	0.283	0.248	0.149	0.143	0.487	0.453	0.149	0.138	0.134	0.144	0.134	0.139
15:20:01	0.271	0.258	0.148	0.140	0.431	0.395	0.147	0.143	0.135	0.142	0.130	0.138	0.342	0.307	0.152	0.143	0.452	0.435	0.151	0.142	0.137	0.144	0.130	0.138	0.288	0.269	0.154	0.143	0.469	0.424	0.148	0.141	0.139	0.150	0.136	0.139	0.278	0.260	0.152	0.145	0.479	0.448	0.153	0.146	0.135	0.151	0.136	0.140	0.371	0.289	0.151	0.147	0.480	0.426	0.157	0.147	0.135	0.150	0.142	0.141	0.374	0.303	0.157	0.153	0.520	0.429	0.152	0.142	0.142	0.152	0.142	0.141	0.298	0.291	0.152	0.148	0.440	0.462	0.152	0.142	0.138	0.145	0.137	0.139	0.282	0.249	0.149	0.143	0.488	0.464	0.149	0.140	0.135	0.144	0.135	0.140
15:40:01	0.270	0.259	0.148	0.141	0.436	0.404	0.148	0.144	0.137	0.141	0.130	0.138	0.349	0.315	0.153	0.144	0.457	0.438	0.151	0.143	0.138	0.145	0.130	0.138	0.292	0.271	0.156	0.144	0.474	0.431	0.148	0.142	0.139	0.150	0.136	0.140	0.281	0.263	0.152	0.146	0.484	0.452	0.154	0.147	0.135	0.152	0.137	0.140	0.372	0.293	0.151	0.148	0.485	0.426	0.157	0.148	0.136	0.149	0.143	0.141	0.373	0.304	0.157	0.154	0.533	0.435	0.152	0.142	0.143	0.153	0.142	0.141	0.296	0.290	0.152	0.148	0.450	0.466	0.152	0.143	0.139	0.145	0.137	0.139	0.282	0.249	0.150	0.144	0.468	0.474	0.150	0.140	0.135	0.144	0.136	0.140
16:00:01	0.266	0.259	0.148	0.141	0.441	0.410	0.148	0.144	0.138	0.142	0.130	0.138	0.344	0.319	0.153	0.145	0.458	0.438	0.152	0.143	0.139	0.145	0.131	0.138	0.295	0.268	0.155	0.144	0.477	0.432	0.148	0.142	0.140	0.150	0.137	0.140	0.280	0.262	0.152	0.146	0.487	0.460	0.154	0.148	0.136	0.153	0.138	0.141	0.370	0.295	0.152	0.148	0.486	0.430	0.157	0.149	0.136	0.150	0.144	0.141	0.371	0.305	0.157	0.154	0.529	0.440	0.153	0.142	0.144	0.153	0.143	0.142	0.294	0.290	0.152	0.149	0.452	0.463	0.152	0.143	0.140	0.145	0.138	0.139	0.282	0.250	0.150	0.144	0.454	0.474	0.150	0.141	0.136	0.144	0.136	0.141
16:20:01	0.264	0.261	0.148	0.142	0.446	0.418	0.149	0.144	0.139	0.142	0.130	0.139	0.342	0.325	0.153	0.145	0.460	0.446	0.153	0.144	0.140	0.145	0.131	0.139	0.299	0.270	0.156	0.145	0.484	0.439	0.149	0.143	0.141	0.150	0.137	0.140	0.284	0.264	0.152	0.146	0.491	0.466	0.154	0.148	0.137	0.152	0.138	0.141	0.369	0.299	0.152	0.149	0.489	0.437	0.157	0.149	0.137	0.150	0.144	0.142	0.387	0.309	0.157	0.154	0.531	0.446	0.153	0.143	0.145	0.153	0.143	0.142	0.293	0.290	0.152	0.149	0.456	0.466	0.152	0.143	0.141	0.145	0.138	0.140	0.282	0.249	0.149	0.145	0.414	0.488	0.150	0.141	0.137	0.144	0.137	0.141
16:40:01	0.259	0.261	0.149	0.142	0.446	0.399	0.150	0.145	0.140	0.143	0.130	0.139	0.353	0.327	0.154	0.145	0.461	0.450	0.153	0.144	0.140	0.145	0.131	0.139	0.302	0.268	0.155	0.145	0.484	0.445	0.149	0.143	0.141	0.150	0.138	0.141	0.283	0.264	0.152	0.147	0.495	0.469	0.154	0.149	0.138	0.152	0.139	0.141	0.370	0.301	0.152	0.149	0.493	0.448	0.157	0.149	0.137	0.150	0.145	0.142	0.393	0.312	0.157	0.155	0.536	0.451	0.153	0.144	0.145	0.152	0.143	0.142	0.292	0.290	0.153	0.149	0.458	0.466	0.152	0.144	0.142	0.145	0.139	0.140	0.284	0.251	0.150	0.145	0.398	0.504	0.151	0.141	0.138	0.144	0.138	0.141
17:00:02	0.255	0.262	0.149	0.142	0.450	0.367	0.150	0.145	0.141	0.143	0.130	0.139	0.350	0.330	0.154	0.146	0.463	0.453	0.153	0.145	0.141	0.145	0.131	0.140	0.306	0.268	0.155	0.145	0.486	0.450	0.149	0.143	0.142	0.150	0.139	0.141	0.285	0.266	0.152	0.147	0.496	0.472	0.154	0.149	0.138	0.153	0.140	0.142	0.365	0.304	0.152	0.150	0.493	0.458	0.157	0.150	0.138	0.150	0.145	0.142	0.386	0.313	0.157	0.155	0.535	0.457	0.153	0.144	0.146	0.152	0.144	0.143	0.291	0.291	0.154	0.150	0.464	0.468	0.152	0.144	0.143	0.145	0.140	0.140	0.284	0.252	0.150	0.146	0.395	0.462	0.151	0.142	0.139	0.144	0.138	0.142
17:20:02	0.254	0.262	0.149	0.143	0.453	0.381	0.151	0.146	0.142	0.143	0.130	0.140	0.351	0.334	0.154	0.146	0.467	0.424	0.154	0.145	0.142	0.146	0.131	0.140	0.310	0.268	0.155	0.146	0.486	0.455	0.150	0.144	0.143	0.150	0.139	0.141	0.285	0.267	0.152	0.148	0.497	0.475	0.154	0.150	0.139	0.152	0.141	0.143	0.363	0.306	0.152	0.150	0.498	0.462	0.157	0.150	0.138	0.150	0.146	0.143	0.402	0.310	0.157	0.155	0.510	0.460	0.153	0.145	0.147	0.152	0.144	0.143	0.291	0.291	0.153	0.150	0.469	0.468	0.152	0.144	0.144	0.145	0.141	0.141	0.284	0.252	0.150	0.146	0.379	0.401	0.151	0.142	0.140	0.144	0.139	0.142
17:40:02	0.252	0.262	0.149	0.143	0.458	0.360	0.151	0.146	0.144	0.143	0.130	0.140	0.353	0.336	0.154	0.147	0.471	0.387	0.154	0.145	0.143	0.146	0.132	0.140	0.313	0.269	0.155	0.146	0.486	0.459	0.150	0.144	0.144	0.150	0.140	0.142	0.286	0.269	0.152	0.148	0.500	0.476	0.154	0.151	0.140	0.152	0.141	0.143	0.374	0.308	0.152	0.150	0.502	0.465	0.157	0.150	0.139	0.149	0.147	0.143	0.389	0.336	0.157	0.156	0.495	0.465	0.153	0.145	0.148	0.152	0.145	0.143	0.291	0.293	0.153	0.150	0.473	0.471	0.153	0.145	0.145	0.145	0.141	0.141	0.285	0.253	0.149	0.146	0.400	0.400	0.151	0.142	0.141	0.144	0.140	0.142
18:00:02	0.251	0.263	0.149	0.144	0.461	0.348	0.151	0.147	0.145	0.143	0.131	0.141	0.343	0.337	0.154	0.148	0.472	0.376	0.154	0.146	0.144	0.146	0.133	0.141	0.316	0.270	0.155	0.147	0.488	0.461	0.150	0.145	0.145	0.150	0.141	0.142	0.287	0.270	0.152	0.149	0.502	0.477	0.154	0.151	0.141	0.153	0.143	0.143	0.344	0.309	0.152	0.151	0.504	0.469	0.157	0.152	0.140	0.150	0.148	0.144	0.358	0.299	0.157	0.157	0.494	0.466	0.153	0.145	0.149	0.152	0.146	0.144	0.291	0.295	0.152	0.151	0.477	0.470	0.153	0.145	0.146	0.145	0.142	0.142	0.286	0.253	0.150	0.147	0.386	0.371	0.151	0.143	0.143	0.144	0.141	0.143
18:20:02	0.251	0.263	0.149	0.145	0.465	0.345	0.151	0.147	0.146	0.143	0.131	0.141	0.322	0.349	0.154	0.148	0.475	0.373	0.155	0.147	0.145	0.146	0.133	0.141	0.318	0.270	0.155	0.147	0.490	0.465	0.150	0.145	0.146	0.150	0.141	0.143	0.288	0.270	0.151	0.149	0.505	0.481	0.154	0.151	0.142	0.153	0.144	0.143	0.345	0.311	0.152	0.151	0.506	0.471	0.157	0.151	0.140	0.150	0.148	0.144	0.332	0.296	0.157	0.158	0.496	0.464	0.153	0.145	0.150	0.152	0.146	0.144	0.290	0.297	0.152	0.151	0.482	0.468	0.153	0.145	0.147	0.145	0.143	0.142	0.287	0.254	0.150	0.147	0.394	0.382	0.151	0.143	0.144	0.144	0.141	0.143
18:40:02	0.252	0.264	0.149	0.145	0.469	0.354	0.152	0.148	0.148	0.143	0.131	0.141	0.294	0.348	0.155	0.148	0.482	0.371	0.155	0.147	0.147	0.145	0.134	0.141	0.321	0.272	0.156	0.147	0.495	0.471	0.150	0.146	0.147	0.150	0.142	0.143	0.291	0.272	0.151	0.149	0.509	0.487	0.154	0.151	0.142	0.152	0.145	0.143	0.324	0.312	0.152	0.151	0.506	0.475	0.157	0.151	0.141	0.150	0.149	0.144	0.305	0.299	0.157	0.158	0.498	0.467	0.153	0.145	0.151	0.152	0.146	0.144	0.290	0.297	0.151	0.151	0.487	0.473	0.153	0.146	0.148	0.145	0.143	0.142	0.287	0.254	0.149	0.147	0.362	0.376	0.152	0.143	0.145	0.144	0.142	0.143
19:00:02	0.252	0.263	0.149	0.146	0.472	0.333	0.152	0.148	0.149	0.143	0.132	0.141	0.286	0.322	0.154	0.148	0.482	0.369	0.155	0.147	0.148	0.145	0.134	0.141	0.323	0.272	0.155	0.147	0.495	0.470	0.150	0.146	0.148	0.150	0.143	0.143	0.290	0.270	0.151	0.149	0.506	0.485	0.154	0.151	0.143	0.152	0.146	0.144	0.308	0.312	0.152	0.152	0.506	0.474	0.157	0.151	0.141	0.150	0.149	0.144	0.292	0.285	0.156	0.158	0.511	0.466	0.153	0.145	0.152	0.152	0.147	0.145	0.290	0.298	0.151	0.151	0.488	0.468	0.152	0.146	0.149	0.145	0.144	0.142	0.288	0.254	0.149	0.147	0.370	0.376	0.152	0.143	0.146	0.144	0.142	0.143
19:20:02	0.253	0.263	0.150	0.146	0.474	0.347	0.152	0.149	0.150	0.143	0.132	0.141	0.283	0.316	0.154	0.148	0.482	0.367	0.155	0.148	0.149	0.145	0.135	0.141	0.324	0.273	0.155	0.147	0.499	0.471	0.150	0.146	0.148	0.150	0.143	0.143	0.291	0.270	0.151	0.149	0.508	0.486	0.154	0.151	0.144	0.151	0.147	0.144	0.292	0.312	0.151	0.152	0.509	0.476	0.157	0.151	0.142	0.149	0.149	0.144	0.282	0.278	0.155	0.158	0.513	0.467	0.153	0.146	0.152	0.151	0.147	0.145	0.289	0.300	0.151	0.151	0.488	0.469	0.152	0.146	0.150	0.145	0.144	0.142	0.289	0.255	0.149	0.147	0.367	0.365	0.152	0.143	0.148	0.144	0.143	0.143
19:40:02	0.253	0.263	0.150	0.146	0.477	0.343	0.152	0.149	0.152	0.143	0.133	0.142	0.274	0.297	0.154	0.149	0.482	0.366	0.155	0.148	0.151	0.145	0.136	0.141	0.326	0.274	0.155	0.147	0.501	0.473	0.151	0.146	0.150	0.150	0.144	0.143	0.293	0.271	0.151	0.149	0.509	0.487	0.154	0.150	0.145	0.151	0.149	0.144	0.287	0.313	0.151	0.152	0.509	0.479	0.157	0.151	0.143	0.149	0.150	0.144	0.272	0.271	0.155	0.157	0.509	0.467	0.153	0.146	0.154	0.151	0.148	0.145	0.290	0.301	0.151	0.151	0.491	0.470	0.152	0.146	0.151	0.144	0.145	0.142	0.291	0.255	0.149	0.148	0.357	0.352	0.152	0.144	0.149	0.144	0.143	0.143
20:00:02	0.253	0.264	0.150	0.146	0.480	0.340	0.153	0.150	0.153	0.143	0.134	0.142	0.269	0.284	0.155	0.149	0.486	0.368	0.155	0.148	0.152	0.146	0.136	0.142	0.330	0.276	0.156	0.148	0.502	0.474	0.151	0.147	0.152	0.150	0.145	0.143	0.294	0.272	0.151	0.150	0.510	0.488	0.154	0.151	0.147	0.152	0.151	0.144	0.279	0.314	0.152	0.152	0.511	0.480	0.157	0.151	0.144	0.150	0.152	0.145	0.265	0.265	0.156	0.158	0.505	0.468	0.152	0.146	0.156	0.152	0.149	0.145	0.291	0.302	0.151	0.152	0.493	0.471	0.153	0.147	0.152	0.145	0.146	0.143	0.292	0.256	0.149	0.148	0.356	0.354	0.152	0.144	0.151	0.144	0.144	0.143
20:20:02	0.254	0.264	0.150	0.147	0.482	0.337	0.153	0.150	0.155	0.143	0.134	0.142	0.264	0.276	0.155	0.150	0.488	0.366	0.156	0.149	0.154	0.146	0.137	0.142	0.333	0.277	0.156	0.148	0.504	0.475	0.151	0.148	0.153	0.151	0.146	0.143	0.296	0.273	0.151	0.150	0.511	0.489	0.154	0.151	0.148	0.153	0.152	0.144	0.273	0.315	0.152	0.152	0.512	0.477	0.157	0.151	0.145	0.151	0.154	0.145	0.260	0.259	0.157	0.159	0.508	0.468	0.152	0.147	0.158	0.153	0.150	0.145	0.291	0.303	0.151	0.152	0.498	0.474	0.153	0.148	0.154	0.145	0.146	0.143	0.292	0.256	0.149	0.148	0.357	0.344	0.152	0.144	0.152	0.144	0.145	0.143
20:40:02	0.254	0.264	0.150	0.147	0.484	0.333	0.153	0.150	0.155	0.143	0.135	0.142	0.259	0.269	0.155	0.150	0.489	0.364	0.156	0.149	0.156	0.146	0.138	0.142	0.333	0.278	0.155	0.148	0.504	0.474	0.151	0.148	0.154	0.151	0.147	0.144	0.295	0.273	0.151	0.150	0.509	0.484	0.154	0.151	0.149	0.153	0.154	0.144	0.266	0.315	0.152	0.152	0.510	0.475	0.157	0.151	0.145	0.150	0.154	0.145	0.255	0.253	0.157	0.160	0.505	0.465	0.152	0.147	0.159	0.153	0.150	0.145	0.292	0.303	0.151	0.153	0.499	0.472	0.153	0.148	0.154	0.145	0.147	0.143	0.293	0.255	0.149	0.148	0.359	0.347	0.152	0.144	0.153	0.144	0.145	0.143
21:00:02	0.255	0.265	0.150	0.147	0.485	0.331	0.153	0.150	0.157	0.143	0.135	0.142	0.255	0.262	0.156	0.150	0.491	0.359	0.156	0.149	0.158	0.145	0.138	0.142	0.335	0.279	0.156	0.148	0.505	0.477	0.152	0.149	0.156	0.152	0.147	0.144	0.298	0.273	0.151	0.150	0.510	0.488	0.154	0.151	0.150	0.153	0.157	0.144	0.261	0.316	0.153	0.152	0.511	0.475	0.157	0.151	0.147	0.151	0.156	0.145	0.250	0.248	0.158	0.161	0.500	0.466	0.153	0.148	0.161	0.154	0.152	0.145	0.293	0.303	0.151	0.153	0.501	0.473	0.153	0.149	0.156	0.145	0.148	0.143	0.293	0.254	0.149	0.148	0.355	0.342	0.152	0.144	0.154	0.144	0.146	0.143
21:20:02	0.255	0.267	0.150	0.147	0.488	0.331	0.153	0.151	0.158	0.143	0.136	0.142	0.251	0.255	0.157	0.150	0.492	0.358	0.156	0.150	0.160	0.146	0.139	0.142	0.339	0.279	0.156	0.148	0.507	0.478	0.152	0.149	0.157	0.152	0.148	0.143	0.300	0.274	0.150	0.150	0.511	0.488	0.155	0.152	0.151	0.154	0.158	0.144	0.257	0.316	0.153	0.152	0.511	0.475	0.158	0.151	0.148	0.151	0.158	0.145	0.247	0.244	0.158	0.162	0.501	0.466	0.153	0.149	0.162	0.154	0.153	0.146	0.294	0.305	0.151	0.153	0.504	0.475	0.153	0.149	0.157	0.145	0.148	0.143	0.294	0.254	0.149	0.148	0.353	0.349	0.152	0.144	0.155	0.144	0.147	0.143
21:40:02	0.256	0.267	0.150	0.148	0.491	0.330	0.153	0.151	0.160	0.143	0.137	0.142	0.248	0.250	0.157	0.150	0.495	0.356	0.156	0.150	0.162	0.146	0.139	0.142	0.341	0.279	0.156	0.148	0.510	0.480	0.152	0.150	0.158	0.152	0.149	0.144	0.301	0.274	0.151	0.150	0.515	0.490	0.155	0.152	0.151	0.154	0.160	0.144	0.253	0.316	0.153	0.152	0.514	0.477	0.158	0.152	0.149	0.152	0.159	0.145	0.243	0.242	0.159	0.162	0.505	0.468	0.153	0.149	0.164	0.154	0.154	0.145	0.295	0.307	0.151	0.154	0.507	0.475	0.153	0.149	0.159	0.145	0.149	0.143	0.295	0.254	0.149	0.148	0.355	0.347	0.152	0.144	0.156	0.144	0.147	0.143
22:00:02	0.256	0.268	0.150	0.147	0.490	0.329	0.153	0.151	0.161	0.143	0.137	0.142	0.245	0.246	0.158	0.150	0.496	0.356	0.157	0.150	0.163	0.146	0.140	0.142	0.343	0.279	0.156	0.148	0.511	0.479	0.153	0.150	0.159	0.152	0.150	0.144	0.302	0.274	0.151	0.150	0.514	0.492	0.155	0.152	0.153	0.155	0.162	0.145	0.251	0.316	0.153	0.152	0.516	0.479	0.159	0.152	0.150	0.152	0.160	0.145	0.241	0.238	0.159	0.163	0.506	0.467	0.153	0.149	0.165	0.155	0.155	0.145	0.296	0.305	0.151	0.154	0.509	0.475	0.153	0.150	0.160	0.146	0.150	0.143	0.296	0.254	0.149	0.148	0.354	0.348	0.152	0.144	0.157	0.143	0.148	0.143
22:20:02	0.256	0.268	0.150	0.148	0.490	0.327	0.153	0.151	0.161	0.143	0.138	0.142	0.243	0.243	0.158	0.150	0.499	0.356	0.157	0.150	0.165	0.145	0.141	0.142	0.341	0.280	0.156	0.148	0.511	0.481	0.153	0.150	0.160	0.152	0.151	0.143	0.303	0.275	0.150	0.150	0.516	0.489	0.155	0.153	0.155	0.155	0.163	0.144	0.249	0.315	0.153	0.153	0.516	0.479	0.159	0.152	0.151	0.152	0.162	0.145	0.239	0.237	0.159	0.163	0.507	0.464	0.154	0.150	0.167	0.155	0.156	0.145	0.296	0.303	0.150	0.154	0.510	0.478	0.153	0.150	0.161	0.146	0.151	0.143	0.299	0.254	0.149	0.148	0.352	0.347	0.153	0.144	0.158	0.144	0.149	0.143
22:40:02	0.257	0.270	0.150	0.148	0.496	0.326	0.153	0.152	0.163	0.143	0.138	0.142	0.241	0.240	0.158	0.151	0.499	0.355	0.157	0.150	0.167	0.145	0.141	0.142	0.337	0.281	0.156	0.148	0.511	0.481	0.154	0.151	0.162	0.152	0.151	0.144	0.304	0.275	0.150	0.150	0.518	0.493	0.156	0.153	0.155	0.154	0.165	0.145	0.247	0.315	0.153	0.153	0.519	0.481	0.159	0.153	0.153	0.152	0.164	0.145	0.237	0.235	0.159	0.163	0.501	0.464	0.154	0.150	0.168	0.154	0.157	0.145	0.298	0.301	0.150	0.154	0.510	0.479	0.153	0.150	0.163	0.145	0.151	0.142	0.300	0.254	0.149	0.148	0.355	0.353	0.153	0.144	0.160	0.143	0.149	0.143
23:00:02	0.257	0.269	0.150	0.148	0.498	0.325	0.153	0.152	0.164	0.143	0.139	0.142	0.240	0.237	0.159	0.151	0.502	0.353	0.157	0.150	0.169	0.145	0.142	0.142	0.336	0.282	0.156	0.148	0.512	0.483	0.154	0.151	0.163	0.152	0.152	0.143	0.308	0.275	0.151	0.151	0.519	0.492	0.156	0.154	0.158	0.154	0.166	0.145	0.246	0.315	0.153	0.153	0.520	0.482	0.160	0.153	0.154	0.152	0.166	0.145	0.235	0.232	0.159	0.163	0.503	0.464	0.154	0.150	0.170	0.154	0.159	0.145	0.301	0.302	0.150	0.154	0.512	0.479	0.153	0.150	0.165	0.145	0.152	0.142	0.302	0.254	0.149	0.148	0.353	0.353	0.153	0.144	0.161	0.143	0.150	0.143
23:20:02	0.257	0.272	0.150	0.148	0.500	0.326	0.153	0.152	0.165	0.142	0.139	0.142	0.240	0.235	0.160	0.151	0.504	0.352	0.157	0.150	0.171	0.146	0.143	0.142	0.328	0.283	0.156	0.148	0.513	0.483	0.154	0.151	0.165	0.153	0.153	0.143	0.311	0.276	0.150	0.151	0.522	0.490	0.157	0.154	0.161	0.155	0.167	0.145	0.245	0.317	0.153	0.153	0.523	0.484	0.160	0.153	0.156	0.153	0.169	0.145	0.235	0.232	0.159	0.163	0.488	0.466	0.154	0.150	0.172	0.155	0.159	0.146	0.304	0.292	0.150	0.155	0.515	0.480	0.153	0.151	0.168	0.146	0.153	0.143	0.300	0.254	0.149	0.148	0.353	0.352	0.153	0.144	0.163	0.143	0.151	0.143
23:40:02	0.257	0.273	0.150	0.148	0.503	0.331	0.154	0.152	0.166	0.142	0.140	0.142	0.239	0.232	0.161	0.152	0.508	0.352	0.158	0.151	0.173	0.146	0.143	0.142	0.324	0.286	0.156	0.148	0.515	0.483	0.155	0.152	0.166	0.155	0.153	0.143	0.317	0.277	0.150	0.151	0.523	0.494	0.157	0.155	0.163	0.156	0.169	0.145	0.243	0.317	0.154	0.153	0.509	0.483	0.161	0.154	0.157	0.153	0.173	0.146	0.234	0.230	0.160	0.163	0.493	0.469	0.155	0.151	0.174	0.156	0.160	0.145	0.310	0.287	0.151	0.156	0.515	0.481	0.154	0.151	0.170	0.147	0.154	0.142	0.300	0.254	0.149	0.148	0.354	0.356	0.153	0.144	0.164	0.143	0.152	0.143
24:00:02	0.258	0.274	0.150	0.148	0.503	0.334	0.154	0.152	0.167	0.142	0.141	0.142	0.239	0.231	0.162	0.152	0.508	0.351	0.158	0.151	0.175	0.146	0.144	0.142	0.321	0.288	0.157	0.149	0.512	0.486	0.156	0.153	0.169	0.156	0.154	0.143	0.317	0.279	0.150	0.151	0.526	0.493	0.158	0.155	0.165	0.156	0.170	0.145	0.243	0.318	0.154	0.153	0.501	0.484	0.161	0.155	0.159	0.154	0.176	0.146	0.233	0.229	0.160	0.164	0.480	0.469	0.155	0.151	0.176	0.156	0.161	0.146	0.307	0.284	0.151	0.157	0.517	0.483	0.154	0.152	0.173	0.147	0.155	0.143	0.292	0.254	0.149	0.147	0.354	0.362	0.153	0.144	0.166	0.143	0.153	0.143
24:20:02	0.258	0.278	0.150	0.148	0.504	0.338	0.154	0.152	0.168	0.142	0.141	0.142	0.240	0.230	0.162	0.153	0.510	0.350	0.158	0.151	0.177	0.146	0.145	0.142	0.320	0.288	0.157	0.149	0.509	0.488	0.157	0.154	0.172	0.156	0.155	0.143	0.315	0.279	0.150	0.151	0.528	0.494	0.159	0.156	0.170	0.156	0.171	0.145	0.242	0.314	0.155	0.153	0.492	0.486	0.162	0.155	0.160	0.154	0.179	0.146	0.233	0.229	0.161	0.164	0.476	0.469	0.155	0.152	0.179	0.157	0.162	0.146	0.314	0.282	0.150	0.157	0.520	0.484	0.154	0.152	0.175	0.147	0.157	0.143	0.292	0.255	0.149	0.148	0.355	0.365	0.153	0.144	0.168	0.143	0.154	0.142
24:40:02	0.257	0.280	0.150	0.148	0.504	0.345	0.154	0.152	0.170	0.142	0.142	0.142	0.240	0.229	0.163	0.154	0.505	0.349	0.159	0.151	0.180	0.146	0.145	0.142	0.316	0.296	0.157	0.149	0.507	0.489	0.158	0.155	0.175	0.157	0.156	0.143	0.304	0.277	0.150	0.151	0.521	0.496	0.159	0.157	0.175	0.157	0.172	0.145	0.241	0.313	0.155	0.153	0.496	0.486	0.163	0.156	0.163	0.154	0.183	0.146	0.233	0.228	0.161	0.164	0.465	0.469	0.155	0.152	0.182	0.157	0.166	0.145	0.305	0.281	0.150	0.158	0.523	0.486	0.154	0.152	0.179	0.147	0.158	0.142	0.294	0.255	0.149	0.147	0.358	0.371	0.153	0.144	0.170	0.143	0.154	0.142
25:00:02	0.257	0.280	0.149	0.148	0.496	0.349	0.154	0.152	0.172	0.142	0.142	0.142	0.242	0.227	0.163	0.154	0.494	0.348	0.159	0.151	0.182	0.146	0.146	0.142	0.314	0.295	0.157	0.149	0.502	0.489	0.159	0.156	0.179	0.157	0.157	0.143	0.298	0.277	0.150	0.151	0.512	0.493	0.160	0.158	0.179	0.157	0.174	0.145	0.241	0.306	0.155	0.153	0.497	0.486	0.164	0.156	0.166	0.155	0.186	0.146	0.234	0.230	0.161	0.164	0.452	0.468	0.156	0.153	0.185	0.157	0.166	0.145	0.300	0.277	0.151	0.158	0.528	0.487	0.154	0.153	0.182	0.148	0.159	0.142	0.297	0.253	0.148	0.147	0.356	0.373	0.153	0.144	0.171	0.143	0.156	0.142
25:20:02	0.258	0.281	0.149	0.148	0.490	0.352	0.154	0.152	0.173	0.142	0.142	0.142	0.246	0.226	0.163	0.154	0.496	0.349	0.159	0.151	0.186	0.146	0.146	0.142	0.317	0.296	0.158	0.149	0.509	0.493	0.160	0.156	0.183	0.157	0.159	0.143	0.297	0.280	0.150	0.151	0.502	0.494	0.161	0.158	0.184	0.157	0.175	0.145	0.240	0.302	0.155	0.153	0.502	0.491	0.164	0.157	0.169	0.154	0.187	0.146	0.238	0.229	0.161	0.164	0.445	0.470	0.156	0.153	0.188	0.157	0.168	0.145	0.300	0.274	0.150	0.157	0.519	0.489	0.154	0.152	0.186	0.147	0.161	0.142	0.303	0.252	0.148	0.147	0.357	0.379	0.153	0.144	0.173	0.142	0.158	0.142
25:40:02	0.257	0.276	0.149	0.148	0.493	0.354	0.154	0.152	0.175	0.142	0.143	0.142	0.250	0.224	0.163	0.154	0.490	0.346	0.159	0.151	0.188	0.145	0.147	0.142	0.312	0.287	0.157	0.149	0.512	0.492	0.161	0.157	0.186	0.157	0.160	0.143	0.290	0.272	0.150	0.151	0.501	0.493	0.162	0.159	0.189	0.157	0.178	0.146	0.237	0.296	0.155	0.153	0.504	0.488	0.164	0.158	0.171	0.155	0.191	0.146	0.241	0.229	0.161	0.164	0.439	0.468	0.157	0.154	0.190	0.157	0.169	0.145	0.296	0.269	0.150	0.157	0.513	0.490	0.154	0.153	0.189	0.147	0.163	0.142	0.304	0.252	0.148	0.147	0.355	0.382	0.153	0.144	0.175	0.142	0.159	0.142
26:00:02	0.258	0.278	0.149	0.148	0.484	0.358	0.154	0.152	0.177	0.142	0.143	0.142	0.255	0.224	0.163	0.154	0.486	0.348	0.159	0.151	0.191	0.146	0.147	0.142	0.313	0.284	0.157	0.149	0.511	0.495	0.162	0.157	0.191	0.158	0.162	0.143	0.288	0.268	0.150	0.151	0.511	0.490	0.162	0.159	0.193	0.157	0.180	0.145	0.236	0.294	0.155	0.153	0.505	0.490	0.165	0.158	0.176	0.155	0.195	0.146	0.245	0.234	0.161	0.164	0.433	0.470	0.157	0.154	0.193	0.157	0.172	0.145	0.295	0.266	0.150	0.157	0.510	0.492	0.155	0.153	0.192	0.147	0.164	0.142	0.310	0.248	0.149	0.147	0.355	0.386	0.153	0.144	0.177	0.142	0.160	0.142
26:20:02	0.259	0.280	0.149	0.148	0.474	0.363	0.154	0.152	0.178	0.142	0.144	0.142	0.260	0.223	0.163	0.154	0.487	0.344	0.159	0.151	0.194	0.146	0.148	0.142	0.312	0.282	0.158	0.149	0.513	0.494	0.163	0.158	0.195	0.159	0.163	0.143	0.286	0.266	0.150	0.150	0.513	0.478	0.162	0.159	0.201	0.157	0.181	0.146	0.236	0.293	0.155	0.153	0.506	0.492	0.166	0.159	0.179	0.155	0.198	0.146	0.249	0.237	0.161	0.164	0.429	0.469	0.158	0.155	0.196	0.157	0.173	0.145	0.295	0.263	0.150	0.158	0.510	0.488	0.155	0.153	0.196	0.148	0.166	0.142	0.314	0.244	0.148	0.147	0.356	0.387	0.153	0.144	0.179	0.142	0.162	0.142
26:40:02	0.256	0.282	0.149	0.148	0.474	0.361	0.154	0.152	0.180	0.142	0.144	0.142	0.263	0.223	0.164	0.155	0.487	0.347	0.160	0.152	0.198	0.146	0.149	0.142	0.314	0.282	0.158	0.149	0.516	0.496	0.164	0.159	0.200	0.160	0.166	0.143	0.285	0.265	0.150	0.151	0.513	0.478	0.162	0.160	0.205	0.157	0.183	0.146	0.234	0.292	0.155	0.153	0.510	0.493	0.167	0.159	0.183	0.155	0.202	0.146	0.252	0.239	0.161	0.164	0.426	0.472	0.158	0.155	0.200	0.158	0.176	0.145	0.297	0.261	0.150	0.158	0.510	0.481	0.155	0.154	0.200	0.149	0.169	0.142	0.320	0.241	0.148	0.147	0.356	0.395	0.153	0.144	0.181	0.142	0.164	0.142
27:00:02	0.259	0.288	0.149	0.148	0.472	0.364	0.154	0.152	0.182	0.142	0.145	0.142	0.265	0.223	0.164	0.156	0.487	0.345	0.160	0.152	0.201	0.146	0.150	0.142	0.316	0.281	0.158	0.149	0.516	0.498	0.165	0.159	0.204	0.161	0.168	0.143	0.283	0.264	0.150	0.151	0.514	0.480	0.162	0.161	0.208	0.157	0.185	0.146	0.234	0.290	0.155	0.153	0.513	0.488	0.167	0.160	0.186	0.155	0.205	0.147	0.256	0.242	0.161	0.164	0.426	0.473	0.159	0.156	0.204	0.158	0.180	0.145	0.301	0.261	0.150	0.158	0.512	0.481	0.155	0.154	0.203	0.149	0.171	0.142	0.326	0.240	0.148	0.147	0.355	0.397	0.153	0.144	0.184	0.142	0.165	0.142
27:20:02	0.255	0.292	0.149	0.148	0.471	0.366	0.154	0.152	0.184	0.142	0.146	0.141	0.267	0.223	0.164	0.156	0.489	0.344	0.160	0.152	0.205	0.146	0.150	0.142	0.317	0.280	0.158	0.149	0.516	0.498	0.166	0.159	0.209	0.161	0.171	0.143	0.283	0.263	0.150	0.151	0.520	0.473	0.163	0.160	0.210	0.157	0.188	0.147	0.234	0.289	0.156	0.153	0.513	0.483	0.167	0.160	0.191	0.154	0.209	0.147	0.258	0.245	0.161	0.163	0.430	0.470	0.159	0.156	0.208	0.158	0.181	0.145	0.305	0.262	0.150	0.158	0.512	0.476	0.155	0.154	0.208	0.149	0.173	0.142	0.330	0.238	0.148	0.147	0.358	0.400	0.153	0.144	0.186	0.142	0.168	0.141
27:40:02	0.251	0.297	0.149	0.148	0.469	0.368	0.154	0.152	0.186	0.142	0.146	0.141	0.271	0.223	0.164	0.157	0.494	0.345	0.161	0.152	0.208	0.146	0.151	0.141	0.320	0.280	0.158	0.149	0.518	0.493	0.166	0.160	0.214	0.162	0.174	0.143	0.282	0.264	0.150	0.150	0.523	0.479	0.164	0.161	0.209	0.157	0.190	0.147	0.234	0.288	0.156	0.153	0.510	0.485	0.168	0.160	0.196	0.154	0.212	0.147	0.261	0.248	0.161	0.163	0.427	0.460	0.159	0.157	0.211	0.158	0.184	0.145	0.309	0.266	0.151	0.159	0.513	0.473	0.156	0.154	0.211	0.150	0.175	0.142	0.336	0.238	0.148	0.147	0.361	0.405	0.153	0.144	0.188	0.141	0.169	0.141
28:00:02	0.247	0.300	0.149	0.148	0.470	0.373	0.154	0.152	0.189	0.141	0.147	0.141	0.275	0.224	0.165	0.158	0.495	0.347	0.161	0.152	0.211	0.147	0.152	0.141	0.320	0.280	0.158	0.149	0.513	0.484	0.166	0.160	0.219	0.162	0.178	0.143	0.281	0.262	0.150	0.150	0.526	0.482	0.164	0.162	0.215	0.156	0.192	0.147	0.234	0.289	0.156	0.153	0.511	0.473	0.169	0.160	0.202	0.154	0.216	0.147	0.264	0.251	0.161	0.163	0.431	0.459	0.160	0.157	0.213	0.158	0.186	0.145	0.312	0.270	0.151	0.159	0.516	0.471	0.156	0.155	0.215	0.150	0.178	0.142	0.339	0.238	0.148	0.147	0.364	0.407	0.153	0.144	0.191	0.142	0.172	0.141
28:20:02	0.246	0.303	0.149	0.148	0.472	0.375	0.154	0.152	0.191	0.141	0.147	0.141	0.281	0.224	0.165	0.157	0.498	0.349	0.161	0.152	0.214	0.146	0.152	0.142	0.322	0.280	0.159	0.149	0.512	0.486	0.166	0.160	0.224	0.162	0.180	0.143	0.281	0.263	0.150	0.150	0.527	0.485	0.163	0.162	0.210	0.155	0.194	0.147	0.233	0.289	0.156	0.152	0.510	0.475	0.168	0.161	0.206	0.154	0.218	0.147	0.267	0.252	0.161	0.163	0.433	0.455	0.160	0.157	0.213	0.157	0.188	0.145	0.316	0.273	0.151	0.159	0.518	0.471	0.156	0.155	0.219	0.150	0.180	0.142	0.343	0.240	0.148	0.147	0.366	0.409	0.153	0.145	0.193	0.142	0.174	0.141
28:40:02	0.245	0.306	0.149	0.147	0.477	0.378	0.154	0.153	0.193	0.141	0.147	0.141	0.286	0.227	0.164	0.157	0.496	0.355	0.161	0.152	0.217	0.146	0.153	0.142	0.323	0.283	0.159	0.149	0.520	0.479	0.166	0.160	0.228	0.161	0.184	0.143	0.281	0.262	0.150	0.150	0.522	0.492	0.163	0.162	0.222	0.155	0.196	0.147	0.235	0.291	0.156	0.152	0.506	0.481	0.168	0.161	0.209	0.153	0.222	0.147	0.269	0.256	0.161	0.162	0.436	0.452	0.161	0.157	0.214	0.157	0.191	0.145	0.320	0.278	0.150	0.159	0.521	0.469	0.156	0.155	0.223	0.149	0.182	0.142	0.345	0.242	0.148	0.147	0.368	0.409	0.153	0.144	0.195	0.141	0.177	0.141
29:00:02	0.245	0.309	0.148	0.147	0.472	0.383	0.154	0.153	0.194	0.141	0.148	0.141	0.289	0.229	0.164	0.157	0.495	0.362	0.161	0.152	0.221	0.146	0.154	0.141	0.324	0.285	0.159	0.149	0.517	0.475	0.166	0.160	0.232	0.162	0.188	0.143	0.282	0.262	0.150	0.150	0.525	0.495	0.162	0.163	0.221	0.154	0.200	0.147	0.236	0.293	0.156	0.152	0.512	0.486	0.168	0.161	0.203	0.153	0.225	0.147	0.272	0.257	0.160	0.162	0.434	0.456	0.162	0.157	0.217	0.157	0.192	0.145	0.323	0.283	0.151	0.159	0.521	0.469	0.156	0.155	0.227	0.150	0.185	0.141	0.345	0.245	0.148	0.147	0.369	0.412	0.153	0.144	0.197	0.141	0.179	0.141
29:20:02	0.247	0.311	0.148	0.147	0.474	0.387	0.154	0.153	0.197	0.141	0.149	0.141	0.291	0.231	0.164	0.157	0.495	0.370	0.162	0.152	0.224	0.146	0.156	0.141	0.324	0.287	0.159	0.149	0.520	0.471	0.166	0.160	0.235	0.162	0.192	0.143	0.283	0.265	0.150	0.150	0.522	0.500	0.163	0.164	0.225	0.154	0.202	0.147	0.239	0.295	0.156	0.152	0.513	0.488	0.168	0.162	0.202	0.152	0.228	0.147	0.274	0.257	0.160	0.161	0.437	0.461	0.162	0.157	0.220	0.156	0.196	0.145	0.325	0.285	0.151	0.159	0.529	0.473	0.156	0.155	0.231	0.150	0.189	0.141	0.343	0.248	0.148	0.146	0.371	0.411	0.153	0.145	0.200	0.141	0.182	0.141
29:40:02	0.249	0.314	0.149	0.147	0.477	0.390	0.154	0.153	0.200	0.141	0.150	0.141	0.292	0.234	0.164	0.158	0.496	0.376	0.162	0.152	0.226	0.146	0.157	0.141	0.322	0.288	0.159	0.149	0.521	0.474	0.165	0.160	0.238	0.162	0.195	0.143	0.284	0.265	0.150	0.149	0.526	0.497	0.162	0.164	0.226	0.153	0.204	0.147	0.240	0.297	0.156	0.152	0.519	0.491	0.168	0.162	0.211	0.152	0.229	0.147	0.278	0.258	0.160	0.161	0.441	0.465	0.162	0.157	0.223	0.156	0.199	0.145	0.327	0.288	0.152	0.159	0.531	0.475	0.156	0.155	0.234	0.150	0.191	0.141	0.341	0.253	0.148	0.146	0.372	0.412	0.153	0.145	0.203	0.141	0.185	0.141
30:00:02	0.253	0.316	0.148	0.147	0.482	0.393	0.154	0.153	0.201	0.141	0.150	0.141	0.293	0.236	0.164	0.157	0.502	0.378	0.161	0.152	0.228	0.146	0.158	0.141	0.320	0.291	0.159	0.148	0.523	0.479	0.164	0.159	0.240	0.161	0.200	0.142	0.287	0.264	0.150	0.150	0.526	0.502	0.162	0.164	0.231	0.153	0.205	0.146	0.242	0.299	0.155	0.152	0.523	0.487	0.169	0.162	0.209	0.152	0.228	0.146	0.279	0.261	0.160	0.160	0.445	0.468	0.162	0.157	0.226	0.156	0.200	0.144	0.329	0.290	0.152	0.159	0.529	0.478	0.156	0.155	0.236	0.149	0.193	0.141	0.338	0.257	0.148	0.146	0.373	0.412	0.153	0.144	0.205	0.141	0.188	0.141
30:20:02	0.258	0.318	0.148	0.147	0.482	0.395	0.154	0.153	0.203	0.141	0.151	0.141	0.295	0.237	0.163	0.156	0.507	0.379	0.161	0.152	0.231	0.145	0.159	0.141	0.317	0.292	0.158	0.148	0.516	0.479	0.163	0.159	0.242	0.160	0.204	0.142	0.289	0.266	0.150	0.149	0.522	0.499	0.162	0.164	0.232	0.153	0.207	0.146	0.246	0.300	0.155	0.151	0.518	0.488	0.170	0.162	0.211	0.151	0.226	0.146	0.281	0.262	0.159	0.160	0.448	0.468	0.161	0.157	0.228	0.155	0.203	0.144	0.328	0.291	0.152	0.158	0.526	0.478	0.155	0.154	0.239	0.148	0.197	0.141	0.334	0.262	0.147	0.146	0.375	0.413	0.153	0.144	0.206	0.141	0.191	0.141
30:40:02	0.264	0.318	0.148	0.147	0.486	0.398	0.154	0.153	0.205	0.141	0.153	0.141	0.296	0.239	0.162	0.156	0.505	0.383	0.160	0.152	0.234	0.145	0.161	0.141	0.316	0.293	0.158	0.148	0.518	0.481	0.163	0.158	0.244	0.159	0.208	0.142	0.292	0.267	0.150	0.149	0.522	0.491	0.162	0.163	0.234	0.152	0.209	0.146	0.250	0.300	0.155	0.151	0.533	0.486	0.170	0.161	0.219	0.151	0.221	0.146	0.283	0.263	0.159	0.159	0.449	0.470	0.161	0.156	0.231	0.154	0.205	0.144	0.327	0.291	0.152	0.157	0.525	0.479	0.155	0.154	0.240	0.148	0.199	0.141	0.331	0.266	0.147	0.146	0.377	0.415	0.153	0.144	0.209	0.141	0.195	0.141
31:00:02	0.269	0.319	0.148	0.147	0.494	0.400	0.154	0.153	0.207	0.141	0.153	0.140	0.297	0.240	0.162	0.156	0.496	0.388	0.160	0.152	0.236	0.145	0.162	0.141	0.314	0.294	0.158	0.148	0.519	0.484	0.163	0.158	0.245	0.159	0.210	0.142	0.293	0.268	0.149	0.149	0.525	0.489	0.163	0.163	0.236	0.152	0.212	0.146	0.253	0.301	0.154	0.151	0.531	0.487	0.169	0.159	0.220	0.150	0.220	0.146	0.285	0.264	0.158	0.159	0.450	0.470	0.160	0.156	0.235	0.154	0.207	0.144	0.325	0.290	0.152	0.157	0.524	0.482	0.155	0.154	0.241	0.148	0.203	0.141	0.328	0.271	0.147	0.146	0.376	0.415	0.153	0.144	0.211	0.141	0.198	0.140
31:20:02	0.274	0.321	0.148	0.147	0.498	0.402	0.154	0.153	0.208	0.141	0.155	0.140	0.299	0.240	0.162	0.156	0.493	0.390	0.160	0.152	0.238	0.145	0.164	0.141	0.312	0.294	0.158	0.148	0.519	0.486	0.163	0.158	0.246	0.158	0.212	0.142	0.295	0.271	0.149	0.149	0.521	0.490	0.162	0.163	0.237	0.151	0.214	0.146	0.255	0.300	0.154	0.151	0.528	0.487	0.169	0.160	0.223	0.150	0.221	0.145	0.287	0.266	0.158	0.159	0.451	0.469	0.161	0.156	0.240	0.153	0.211	0.144	0.323	0.290	0.152	0.157	0.521	0.481	0.154	0.153	0.243	0.147	0.206	0.141	0.326	0.278	0.147	0.146	0.376	0.415	0.153	0.144	0.212	0.141	0.202	0.140
31:40:02	0.280	0.322	0.148	0.147	0.499	0.405	0.154	0.153	0.210	0.141	0.156	0.140	0.302	0.243	0.161	0.155	0.495	0.392	0.160	0.152	0.241	0.145	0.166	0.141	0.311	0.294	0.158	0.148	0.521	0.487	0.162	0.157	0.248	0.157	0.215	0.142	0.297	0.272	0.149	0.149	0.519	0.489	0.163	0.163	0.240	0.151	0.216	0.145	0.256	0.298	0.154	0.151	0.527	0.487	0.169	0.160	0.227	0.150	0.221	0.145	0.290	0.268	0.158	0.159	0.451	0.470	0.160	0.156	0.243	0.153	0.212	0.144	0.320	0.290	0.151	0.156	0.521	0.488	0.154	0.153	0.246	0.147	0.209	0.141	0.324	0.282	0.147	0.146	0.377	0.415	0.153	0.144	0.214	0.141	0.205	0.140
32:00:02	0.286	0.322	0.148	0.147	0.502	0.406	0.154	0.153	0.210	0.141	0.158	0.140	0.303	0.243	0.160	0.155	0.483	0.393	0.159	0.152	0.243	0.144	0.168	0.141	0.309	0.295	0.157	0.148	0.514	0.489	0.163	0.158	0.250	0.157	0.220	0.142	0.299	0.272	0.149	0.149	0.511	0.484	0.164	0.164	0.242	0.151	0.219	0.145	0.258	0.298	0.154	0.151	0.519	0.485	0.169	0.160	0.230	0.150	0.224	0.145	0.291	0.271	0.157	0.158	0.449	0.470	0.160	0.156	0.247	0.152	0.209	0.144	0.317	0.290	0.151	0.155	0.520	0.494	0.154	0.152	0.248	0.146	0.211	0.141	0.322	0.286	0.147	0.146	0.379	0.416	0.153	0.144	0.215	0.140	0.209	0.140
32:20:02	0.292	0.321	0.148	0.147	0.500	0.408	0.154	0.153	0.212	0.141	0.159	0.140	0.304	0.245	0.159	0.154	0.489	0.395	0.159	0.152	0.245	0.144	0.170	0.141	0.306	0.295	0.157	0.148	0.517	0.488	0.162	0.157	0.251	0.156	0.223	0.142	0.301	0.277	0.149	0.149	0.509	0.482	0.164	0.165	0.246	0.151	0.221	0.145	0.260	0.298	0.153	0.151	0.513	0.486	0.170	0.161	0.235	0.149	0.227	0.145	0.292	0.273	0.157	0.158	0.450	0.465	0.159	0.155	0.251	0.152	0.209	0.144	0.314	0.290	0.151	0.155	0.517	0.501	0.153	0.152	0.250	0.146	0.214	0.141	0.320	0.291	0.147	0.145	0.381	0.416	0.153	0.144	0.215	0.140	0.212	0.140
32:40:02	0.297	0.321	0.148	0.147	0.499	0.410	0.154	0.153	0.213	0.140	0.161	0.140	0.306	0.248	0.159	0.155	0.472	0.397	0.159	0.152	0.248	0.144	0.173	0.141	0.305	0.296	0.157	0.148	0.506	0.483	0.162	0.157	0.253	0.156	0.225	0.142	0.301	0.278	0.149	0.149	0.492	0.483	0.164	0.165	0.247	0.150	0.223	0.144	0.263	0.299	0.153	0.151	0.508	0.489	0.170	0.161	0.235	0.149	0.231	0.144	0.293	0.274	0.157	0.157	0.450	0.466	0.159	0.155	0.254	0.152	0.212	0.143	0.313	0.289	0.151	0.155	0.509	0.507	0.153	0.152	0.251	0.146	0.217	0.141	0.319	0.293	0.147	0.146	0.383	0.418	0.153	0.144	0.217	0.140	0.214	0.140
33:00:02	0.308	0.322	0.147	0.147	0.498	0.414	0.154	0.153	0.214	0.140	0.162	0.140	0.306	0.253	0.159	0.154	0.471	0.399	0.159	0.152	0.249	0.144	0.175	0.141	0.306	0.300	0.158	0.148	0.506	0.485	0.163	0.156	0.254	0.156	0.230	0.142	0.306	0.286	0.149	0.148	0.505	0.467	0.165	0.166	0.251	0.150	0.225	0.144	0.268	0.303	0.153	0.151	0.504	0.485	0.170	0.161	0.241	0.149	0.233	0.144	0.297	0.277	0.157	0.157	0.449	0.473	0.159	0.155	0.259	0.151	0.213	0.143	0.312	0.292	0.151	0.154	0.501	0.508	0.153	0.152	0.254	0.146	0.219	0.141	0.321	0.299	0.147	0.145	0.384	0.419	0.153	0.144	0.219	0.140	0.217	0.140
33:20:02	0.313	0.321	0.147	0.146	0.494	0.416	0.154	0.153	0.216	0.140	0.164	0.140	0.307	0.256	0.159	0.154	0.464	0.399	0.159	0.152	0.252	0.144	0.177	0.140	0.306	0.300	0.158	0.148	0.498	0.486	0.163	0.156	0.255	0.155	0.231	0.141	0.306	0.286	0.149	0.148	0.494	0.465	0.164	0.166	0.255	0.150	0.227	0.144	0.269	0.303	0.153	0.151	0.496	0.484	0.170	0.162	0.245	0.149	0.236	0.144	0.298	0.278	0.156	0.157	0.449	0.474	0.159	0.155	0.263	0.151	0.215	0.143	0.310	0.291	0.151	0.154	0.489	0.509	0.153	0.152	0.256	0.145	0.221	0.141	0.320	0.302	0.147	0.145	0.384	0.418	0.153	0.144	0.218	0.140	0.218	0.140
33:40:02	0.312	0.320	0.147	0.146	0.483	0.417	0.154	0.153	0.218	0.140	0.166	0.140	0.306	0.255	0.158	0.154	0.444	0.400	0.159	0.152	0.253	0.144	0.180	0.140	0.303	0.297	0.156	0.147	0.487	0.484	0.162	0.156	0.257	0.155	0.234	0.141	0.302	0.282	0.148	0.148	0.496	0.457	0.163	0.166	0.255	0.150	0.231	0.144	0.270	0.301	0.152	0.151	0.489	0.483	0.170	0.162	0.252	0.149	0.245	0.144	0.301	0.277	0.156	0.157	0.447	0.476	0.158	0.155	0.269	0.151	0.217	0.143	0.307	0.287	0.151	0.154	0.478	0.508	0.153	0.151	0.257	0.145	0.222	0.141	0.318	0.298	0.146	0.145	0.385	0.418	0.153	0.144	0.219	0.140	0.221	0.140
34:00:03	0.315	0.322	0.147	0.146	0.472	0.419	0.154	0.153	0.219	0.140	0.169	0.140	0.307	0.257	0.158	0.154	0.428	0.400	0.159	0.152	0.256	0.144	0.184	0.140	0.302	0.297	0.156	0.147	0.476	0.479	0.162	0.156	0.259	0.155	0.232	0.141	0.301	0.282	0.148	0.148	0.489	0.457	0.164	0.166	0.260	0.149	0.232	0.144	0.271	0.300	0.152	0.150	0.480	0.482	0.169	0.162	0.258	0.148	0.252	0.144	0.303	0.279	0.155	0.156	0.445	0.477	0.158	0.155	0.274	0.150	0.221	0.143	0.305	0.287	0.151	0.153	0.468	0.505	0.153	0.151	0.257	0.145	0.223	0.140	0.318	0.300	0.146	0.145	0.385	0.419	0.153	0.144	0.219	0.140	0.223	0.140
34:20:03	0.318	0.320	0.147	0.146	0.462	0.422	0.153	0.153	0.220	0.140	0.171	0.140	0.308	0.256	0.158	0.154	0.416	0.402	0.159	0.152	0.257	0.144	0.188	0.140	0.301	0.296	0.156	0.147	0.467	0.485	0.162	0.155	0.261	0.155	0.230	0.141	0.300	0.281	0.148	0.148	0.462	0.452	0.164	0.166	0.262	0.150	0.235	0.144	0.273	0.301	0.152	0.150	0.472	0.485	0.170	0.163	0.263	0.148	0.258	0.144	0.306	0.280	0.155	0.156	0.443	0.468	0.158	0.155	0.277	0.150	0.226	0.143	0.305	0.287	0.151	0.153	0.463	0.501	0.153	0.151	0.258	0.145	0.224	0.140	0.318	0.300	0.147	0.145	0.386	0.418	0.153	0.144	0.220	0.140	0.224	0.140
34:40:03	0.320	0.320	0.147	0.146	0.456	0.423	0.153	0.153	0.221	0.140	0.173	0.139	0.308	0.258	0.157	0.154	0.414	0.402	0.159	0.152	0.259	0.143	0.191	0.140	0.301	0.297	0.156	0.147	0.458	0.487	0.161	0.155	0.262	0.155	0.228	0.141	0.300	0.283	0.148	0.148	0.451	0.441	0.164	0.167	0.266	0.149	0.237	0.143	0.274	0.300	0.152	0.150	0.467	0.470	0.170	0.163	0.266	0.148	0.264	0.143	0.307	0.282	0.155	0.155	0.442	0.468	0.158	0.155	0.280	0.150	0.232	0.142	0.304	0.285	0.151	0.153	0.464	0.498	0.153	0.151	0.259	0.145	0.227	0.140	0.316	0.302	0.146	0.145	0.386	0.418	0.153	0.144	0.222	0.139	0.225	0.139
35:00:03	0.323	0.320	0.147	0.146	0.452	0.426	0.153	0.153	0.222	0.140	0.175	0.139	0.309	0.261	0.157	0.153	0.412	0.403	0.158	0.152	0.260	0.143	0.194	0.140	0.301	0.296	0.156	0.147	0.455	0.476	0.161	0.155	0.262	0.154	0.228	0.141	0.300	0.283	0.147	0.148	0.442	0.430	0.165	0.168	0.271	0.149	0.240	0.143	0.275	0.300	0.152	0.150	0.464	0.477	0.171	0.164	0.270	0.148	0.269	0.143	0.309	0.283	0.155	0.155	0.441	0.468	0.158	0.155	0.292	0.149	0.234	0.142	0.304	0.285	0.150	0.153	0.467	0.496	0.152	0.151	0.261	0.144	0.229	0.140	0.315	0.303	0.146	0.145	0.387	0.420	0.153	0.144	0.224	0.139	0.227	0.139
35:20:03	0.324	0.319	0.147	0.146	0.452	0.427	0.153	0.153	0.223	0.140	0.178	0.139	0.309	0.262	0.157	0.153	0.413	0.405	0.158	0.151	0.262	0.143	0.200	0.140	0.300	0.295	0.155	0.147	0.432	0.472	0.161	0.155	0.267	0.153	0.231	0.141	0.300	0.282	0.147	0.148	0.423	0.422	0.165	0.166	0.273	0.149	0.242	0.143	0.275	0.299	0.151	0.150	0.461	0.463	0.171	0.164	0.271	0.148	0.276	0.143	0.310	0.285	0.154	0.155	0.440	0.464	0.158	0.155	0.296	0.149	0.241	0.142	0.304	0.285	0.150	0.152	0.471	0.495	0.152	0.151	0.262	0.144	0.231	0.140	0.315	0.303	0.146	0.145	0.388	0.421	0.153	0.144	0.228	0.139	0.229	0.139
35:40:03	0.324	0.320	0.147	0.146	0.453	0.429	0.153	0.153	0.224	0.140	0.181	0.139	0.309	0.264	0.156	0.152	0.402	0.407	0.158	0.151	0.264	0.143	0.204	0.140	0.299	0.294	0.155	0.147	0.426	0.469	0.160	0.155	0.268	0.153	0.233	0.141	0.300	0.284	0.147	0.148	0.408	0.414	0.165	0.166	0.278	0.149	0.244	0.143	0.276	0.299	0.151	0.150	0.462	0.470	0.172	0.164	0.280	0.148	0.281	0.143	0.310	0.286	0.154	0.155	0.440	0.463	0.158	0.155	0.300	0.148	0.246	0.142	0.304	0.284	0.150	0.152	0.473	0.493	0.152	0.150	0.264	0.143	0.235	0.140	0.316	0.304	0.146	0.145	0.390	0.422	0.153	0.144	0.230	0.139	0.231	0.139
36:00:03	0.325	0.319	0.147	0.146	0.454	0.432	0.153	0.153	0.226	0.140	0.183	0.139	0.308	0.267	0.156	0.152	0.405	0.408	0.158	0.151	0.265	0.143	0.208	0.140	0.299	0.293	0.155	0.147	0.418	0.477	0.160	0.154	0.271	0.153	0.236	0.141	0.299	0.284	0.147	0.147	0.408	0.409	0.166	0.167	0.282	0.149	0.246	0.142	0.277	0.299	0.151	0.149	0.463	0.477	0.173	0.164	0.288	0.147	0.286	0.143	0.311	0.288	0.153	0.155	0.440	0.462	0.158	0.155	0.304	0.147	0.252	0.142	0.303	0.284	0.150	0.152	0.478	0.492	0.152	0.150	0.264	0.143	0.238	0.140	0.318	0.306	0.146	0.144	0.391	0.423	0.152	0.144	0.228	0.139	0.234	0.139
36:20:03	0.325	0.319	0.147	0.146	0.454	0.434	0.153	0.153	0.227	0.140	0.186	0.139	0.309	0.267	0.155	0.152	0.410	0.409	0.158	0.151	0.267	0.143	0.212	0.140	0.299	0.293	0.155	0.146	0.415	0.469	0.160	0.154	0.272	0.153	0.238	0.141	0.298	0.284	0.147	0.147	0.411	0.404	0.166	0.167	0.288	0.150	0.248	0.142	0.277	0.300	0.150	0.149	0.465	0.461	0.173	0.164	0.290	0.147	0.291	0.142	0.312	0.291	0.153	0.154	0.438	0.460	0.158	0.155	0.308	0.147	0.256	0.141	0.303	0.284	0.149	0.151	0.482	0.490	0.152	0.151	0.266	0.143	0.241	0.140	0.318	0.306	0.146	0.144	0.392	0.424	0.152	0.144	0.228	0.139	0.235	0.139
36:40:03	0.325	0.319	0.147	0.145	0.456	0.436	0.153	0.153	0.228	0.139	0.189	0.139	0.310	0.269	0.155	0.152	0.409	0.408	0.157	0.151	0.269	0.143	0.218	0.140	0.299	0.292	0.154	0.146	0.417	0.458	0.160	0.154	0.276	0.152	0.240	0.141	0.299	0.283	0.146	0.147	0.412	0.401	0.166	0.168	0.291	0.150	0.250	0.142	0.278	0.299	0.150	0.149	0.465	0.448	0.174	0.163	0.298	0.147	0.297	0.142	0.312	0.292	0.153	0.154	0.436	0.458	0.157	0.155	0.311	0.147	0.265	0.141	0.303	0.285	0.149	0.151	0.487	0.488	0.152	0.150	0.267	0.143	0.245	0.140	0.319	0.306	0.146	0.144	0.393	0.425	0.152	0.143	0.230	0.139	0.237	0.139
37:00:03	0.327	0.320	0.146	0.145	0.461	0.439	0.153	0.153	0.229	0.139	0.191	0.139	0.313	0.273	0.155	0.151	0.408	0.410	0.157	0.151	0.270	0.142	0.221	0.139	0.301	0.295	0.155	0.147	0.424	0.452	0.160	0.154	0.280	0.151	0.241	0.140	0.302	0.290	0.147	0.147	0.419	0.405	0.167	0.169	0.296	0.150	0.252	0.142	0.280	0.302	0.150	0.149	0.467	0.440	0.174	0.164	0.299	0.147	0.301	0.142	0.314	0.294	0.152	0.154	0.436	0.459	0.157	0.155	0.313	0.145	0.267	0.141	0.304	0.288	0.149	0.151	0.490	0.487	0.151	0.150	0.270	0.142	0.247	0.140	0.320	0.309	0.146	0.144	0.395	0.426	0.152	0.143	0.235	0.138	0.240	0.138
37:20:03	0.325	0.320	0.147	0.145	0.459	0.439	0.153	0.153	0.231	0.139	0.195	0.139	0.313	0.272	0.154	0.151	0.405	0.410	0.157	0.151	0.271	0.142	0.226	0.139	0.297	0.292	0.154	0.146	0.429	0.440	0.159	0.154	0.281	0.151	0.245	0.140	0.300	0.284	0.146	0.147	0.412	0.403	0.167	0.169	0.301	0.149	0.254	0.142	0.277	0.299	0.150	0.149	0.466	0.427	0.174	0.164	0.305	0.147	0.304	0.142	0.312	0.295	0.152	0.154	0.435	0.457	0.157	0.155	0.316	0.145	0.273	0.141	0.303	0.286	0.149	0.150	0.495	0.485	0.151	0.150	0.270	0.142	0.252	0.140	0.319	0.307	0.145	0.144	0.396	0.427	0.152	0.143	0.236	0.138	0.243	0.139
37:40:03	0.323	0.320	0.146	0.145	0.459	0.441	0.153	0.152	0.233	0.139	0.199	0.139	0.314	0.273	0.154	0.151	0.412	0.411	0.157	0.151	0.273	0.142	0.230	0.139	0.296	0.291	0.154	0.146	0.429	0.431	0.159	0.154	0.283	0.151	0.247	0.140	0.299	0.282	0.146	0.147	0.420	0.409	0.167	0.170	0.305	0.150	0.256	0.142	0.278	0.298	0.149	0.149	0.468	0.416	0.175	0.165	0.307	0.147	0.307	0.142	0.312	0.295	0.152	0.153	0.431	0.458	0.157	0.155	0.319	0.144	0.277	0.141	0.303	0.285	0.149	0.150	0.498	0.484	0.151	0.150	0.272	0.142	0.251	0.140	0.320	0.308	0.145	0.144	0.397	0.428	0.152	0.143	0.235	0.138	0.247	0.139
38:00:03	0.323	0.321	0.146	0.145	0.458	0.442	0.153	0.152	0.235	0.139	0.201	0.139	0.315	0.274	0.154	0.151	0.415	0.412	0.157	0.151	0.275	0.142	0.232	0.139	0.296	0.291	0.153	0.146	0.438	0.421	0.159	0.154	0.287	0.151	0.249	0.140	0.298	0.283	0.146	0.147	0.427	0.412	0.167	0.171	0.309	0.150	0.258	0.142	0.280	0.298	0.149	0.148	0.467	0.412	0.174	0.165	0.314	0.147	0.311	0.142	0.313	0.295	0.151	0.153	0.430	0.458	0.157	0.155	0.320	0.144	0.278	0.141	0.304	0.286	0.149	0.150	0.500	0.483	0.151	0.150	0.274	0.142	0.255	0.140	0.320	0.309	0.145	0.144	0.398	0.428	0.152	0.143	0.237	0.138	0.251	0.139
38:20:03	0.322	0.321	0.146	0.145	0.458	0.443	0.153	0.152	0.236	0.139	0.205	0.139	0.317	0.276	0.154	0.151	0.416	0.412	0.157	0.151	0.277	0.142	0.235	0.139	0.295	0.291	0.153	0.146	0.439	0.417	0.159	0.154	0.291	0.151	0.251	0.140	0.297	0.284	0.146	0.147	0.423	0.421	0.168	0.171	0.311	0.150	0.261	0.142	0.281	0.298	0.149	0.148	0.468	0.409	0.175	0.165	0.318	0.147	0.314	0.142	0.313	0.296	0.151	0.153	0.428	0.459	0.156	0.155	0.321	0.144	0.283	0.141	0.304	0.287	0.148	0.150	0.502	0.483	0.151	0.150	0.276	0.142	0.264	0.140	0.321	0.309	0.145	0.144	0.399	0.428	0.152	0.143	0.239	0.138	0.256	0.138
38:40:03	0.322	0.321	0.146	0.145	0.458	0.444	0.153	0.152	0.237	0.139	0.208	0.138	0.318	0.278	0.154	0.150	0.419	0.413	0.157	0.150	0.278	0.142	0.238	0.139	0.296	0.290	0.153	0.146	0.439	0.413	0.159	0.154	0.292	0.151	0.252	0.140	0.295	0.283	0.146	0.147	0.433	0.427	0.169	0.171	0.315	0.151	0.263	0.141	0.282	0.298	0.148	0.148	0.465	0.411	0.175	0.166	0.321	0.147	0.317	0.141	0.314	0.297	0.151	0.153	0.427	0.458	0.157	0.156	0.322	0.144	0.285	0.141	0.304	0.288	0.148	0.150	0.505	0.484	0.151	0.150	0.278	0.141	0.262	0.139	0.322	0.309	0.145	0.144	0.400	0.430	0.152	0.143	0.241	0.138	0.259	0.139
39:00:03	0.321	0.322	0.146	0.145	0.458	0.445	0.153	0.152	0.237	0.139	0.211	0.138	0.319	0.281	0.154	0.150	0.421	0.414	0.156	0.150	0.279	0.142	0.241	0.139	0.295	0.289	0.153	0.146	0.443	0.411	0.158	0.153	0.296	0.150	0.254	0.140	0.293	0.283	0.146	0.146	0.429	0.435	0.169	0.172	0.317	0.151	0.265	0.141	0.282	0.298	0.148	0.148	0.464	0.419	0.176	0.166	0.327	0.147	0.319	0.141	0.316	0.299	0.150	0.152	0.425	0.459	0.156	0.156	0.323	0.144	0.291	0.141	0.305	0.288	0.148	0.149	0.506	0.483	0.151	0.150	0.280	0.141	0.274	0.139	0.322	0.310	0.145	0.143	0.402	0.431	0.152	0.143	0.244	0.138	0.264	0.138
39:20:03	0.320	0.322	0.146	0.145	0.458	0.447	0.153	0.152	0.241	0.139	0.215	0.138	0.322	0.282	0.154	0.150	0.422	0.414	0.156	0.150	0.281	0.142	0.243	0.139	0.294	0.288	0.153	0.146	0.448	0.411	0.159	0.153	0.299	0.150	0.256	0.140	0.292	0.282	0.145	0.147	0.436	0.439	0.170	0.172	0.321	0.151	0.267	0.141	0.283	0.299	0.148	0.148	0.463	0.426	0.173	0.166	0.329	0.147	0.322	0.141	0.318	0.299	0.150	0.152	0.424	0.459	0.156	0.156	0.324	0.144	0.293	0.141	0.305	0.288	0.148	0.149	0.506	0.484	0.151	0.149	0.284	0.141	0.277	0.140	0.323	0.311	0.145	0.144	0.403	0.431	0.152	0.143	0.247	0.138	0.267	0.139
39:40:03	0.320	0.322	0.146	0.145	0.457	0.449	0.153	0.152	0.243	0.139	0.217	0.138	0.323	0.283	0.153	0.150	0.425	0.415	0.156	0.150	0.283	0.142	0.246	0.139	0.294	0.287	0.152	0.146	0.450	0.412	0.158	0.153	0.302	0.150	0.257	0.140	0.292	0.282	0.145	0.146	0.440	0.439	0.169	0.173	0.324	0.152	0.268	0.141	0.284	0.299	0.148	0.148	0.461	0.433	0.173	0.166	0.333	0.147	0.327	0.141	0.318	0.302	0.150	0.152	0.422	0.458	0.156	0.156	0.326	0.144	0.295	0.140	0.306	0.289	0.148	0.149	0.507	0.484	0.150	0.149	0.287	0.141	0.279	0.139	0.324	0.310	0.145	0.143	0.404	0.431	0.152	0.143	0.250	0.138	0.271	0.138
40:00:03	0.319	0.324	0.146	0.145	0.456	0.451	0.153	0.152	0.242	0.139	0.220	0.138	0.324	0.284	0.153	0.150	0.426	0.416	0.156	0.150	0.285	0.142	0.248	0.139	0.293	0.286	0.152	0.145	0.450	0.414	0.158	0.153	0.305	0.150	0.259	0.140	0.290	0.282	0.145	0.146	0.441	0.440	0.169	0.173	0.327	0.152	0.271	0.141	0.284	0.299	0.147	0.148	0.459	0.438	0.174	0.167	0.336	0.148	0.330	0.141	0.319	0.303	0.150	0.152	0.421	0.458	0.156	0.156	0.327	0.143	0.298	0.141	0.306	0.290	0.148	0.149	0.507	0.485	0.150	0.149	0.289	0.141	0.279	0.139	0.324	0.311	0.145	0.143	0.406	0.432	0.152	0.143	0.252	0.138	0.279	0.138
40:20:03	0.318	0.325	0.146	0.144	0.455	0.453	0.153	0.152	0.245	0.139	0.223	0.138	0.325	0.285	0.153	0.150	0.428	0.416	0.156	0.150	0.286	0.141	0.251	0.139	0.293	0.285	0.152	0.145	0.445	0.416	0.158	0.153	0.309	0.150	0.261	0.140	0.288	0.282	0.145	0.146	0.440	0.438	0.169	0.173	0.331	0.152	0.273	0.141	0.284	0.299	0.147	0.148	0.458	0.444	0.174	0.167	0.340	0.148	0.333	0.141	0.320	0.304	0.150	0.151	0.422	0.457	0.156	0.156	0.330	0.144	0.302	0.140	0.305	0.291	0.148	0.149	0.506	0.485	0.150	0.149	0.293	0.141	0.284	0.139	0.323	0.312	0.145	0.143	0.406	0.433	0.152	0.143	0.255	0.138	0.282	0.138
40:40:03	0.318	0.325	0.146	0.144	0.454	0.454	0.153	0.152	0.248	0.139	0.224	0.138	0.326	0.286	0.153	0.150	0.430	0.417	0.156	0.150	0.287	0.142	0.253	0.138	0.294	0.284	0.152	0.145	0.445	0.419	0.159	0.153	0.312	0.150	0.262	0.140	0.286	0.283	0.145	0.146	0.441	0.436	0.166	0.172	0.334	0.152	0.274	0.141	0.285	0.300	0.147	0.148	0.458	0.447	0.175	0.167	0.343	0.148	0.337	0.141	0.320	0.304	0.150	0.151	0.420	0.456	0.156	0.157	0.331	0.144	0.304	0.140	0.304	0.291	0.148	0.149	0.506	0.485	0.150	0.149	0.297	0.141	0.287	0.139	0.325	0.313	0.145	0.143	0.408	0.434	0.152	0.143	0.257	0.137	0.286	0.138
41:00:03	0.317	0.325	0.146	0.144	0.454	0.457	0.153	0.153	0.248	0.138	0.228	0.138	0.327	0.287	0.154	0.150	0.428	0.417	0.156	0.150	0.290	0.142	0.256	0.139	0.295	0.283	0.152	0.145	0.442	0.421	0.159	0.153	0.314	0.151	0.264	0.140	0.285	0.283	0.145	0.146	0.438	0.435	0.167	0.171	0.338	0.153	0.277	0.141	0.286	0.300	0.146	0.147	0.457	0.451	0.176	0.168	0.345	0.148	0.340	0.141	0.321	0.305	0.150	0.151	0.419	0.455	0.156	0.157	0.332	0.144	0.307	0.141	0.304	0.292	0.148	0.149	0.505	0.486	0.150	0.149	0.302	0.141	0.290	0.139	0.325	0.313	0.145	0.143	0.408	0.435	0.152	0.143	0.260	0.137	0.292	0.138
41:20:03	0.317	0.325	0.146	0.144	0.453	0.457	0.153	0.153	0.249	0.138	0.231	0.138	0.329	0.288	0.153	0.150	0.428	0.418	0.156	0.150	0.292	0.142	0.259	0.139	0.295	0.283	0.152	0.145	0.441	0.426	0.159	0.153	0.318	0.151	0.266	0.140	0.283	0.284	0.145	0.146	0.436	0.434	0.167	0.172	0.335	0.153	0.279	0.141	0.287	0.299	0.146	0.147	0.454	0.451	0.176	0.168	0.348	0.148	0.344	0.141	0.320	0.307	0.150	0.151	0.418	0.455	0.156	0.157	0.334	0.144	0.308	0.140	0.303	0.293	0.148	0.149	0.504	0.485	0.150	0.149	0.307	0.141	0.293	0.139	0.326	0.314	0.144	0.143	0.409	0.436	0.152	0.142	0.264	0.137	0.296	0.138
41:40:03	0.317	0.325	0.146	0.144	0.452	0.459	0.152	0.153	0.251	0.138	0.234	0.138	0.330	0.289	0.153	0.150	0.430	0.419	0.156	0.150	0.292	0.141	0.259	0.138	0.296	0.282	0.152	0.145	0.441	0.429	0.159	0.153	0.320	0.150	0.267	0.140	0.283	0.284	0.145	0.146	0.436	0.433	0.167	0.172	0.341	0.153	0.281	0.141	0.288	0.298	0.146	0.147	0.453	0.450	0.177	0.168	0.351	0.149	0.345	0.141	0.322	0.309	0.150	0.150	0.417	0.454	0.156	0.158	0.334	0.144	0.310	0.140	0.303	0.293	0.148	0.149	0.503	0.484	0.150	0.149	0.313	0.141	0.295	0.139	0.329	0.314	0.144	0.142	0.410	0.438	0.152	0.142	0.266	0.137	0.300	0.138
42:00:03	0.318	0.326	0.146	0.144	0.450	0.460	0.152	0.154	0.254	0.138	0.236	0.138	0.330	0.291	0.154	0.150	0.428	0.420	0.156	0.150	0.294	0.141	0.263	0.138	0.297	0.282	0.151	0.145	0.438	0.434	0.159	0.153	0.323	0.151	0.269	0.140	0.283	0.285	0.144	0.146	0.434	0.433	0.168	0.172	0.343	0.154	0.282	0.141	0.288	0.300	0.146	0.147	0.452	0.452	0.177	0.168	0.356	0.149	0.347	0.141	0.323	0.312	0.150	0.151	0.417	0.454	0.156	0.158	0.337	0.144	0.312	0.140	0.303	0.294	0.148	0.150	0.502	0.484	0.151	0.149	0.317	0.141	0.298	0.139	0.330	0.315	0.144	0.143	0.411	0.439	0.152	0.142	0.269	0.137	0.304	0.138
42:20:03	0.318	0.328	0.145	0.144	0.449	0.461	0.152	0.154	0.253	0.138	0.241	0.138	0.332	0.294	0.154	0.151	0.427	0.421	0.156	0.150	0.296	0.141	0.266	0.138	0.298	0.281	0.151	0.145	0.438	0.437	0.159	0.153	0.326	0.152	0.271	0.139	0.283	0.284	0.144	0.146	0.434	0.431	0.168	0.173	0.346	0.154	0.285	0.141	0.290	0.300	0.146	0.147	0.451	0.451	0.178	0.169	0.357	0.150	0.350	0.141	0.323	0.312	0.150	0.150	0.416	0.453	0.156	0.159	0.338	0.145	0.315	0.140	0.304	0.295	0.148	0.150	0.502	0.483	0.151	0.150	0.323	0.141	0.301	0.139	0.330	0.316	0.144	0.142	0.413	0.440	0.152	0.142	0.273	0.137	0.309	0.138
42:40:03	0.318	0.327	0.145	0.144	0.447	0.463	0.152	0.155	0.257	0.138	0.245	0.138	0.332	0.295	0.154	0.151	0.425	0.420	0.157	0.150	0.298	0.141	0.269	0.138	0.299	0.280	0.151	0.145	0.438	0.440	0.159	0.153	0.327	0.152	0.272	0.140	0.283	0.285	0.144	0.146	0.433	0.430	0.169	0.173	0.348	0.155	0.287	0.141	0.292	0.301	0.146	0.147	0.449	0.452	0.174	0.169	0.361	0.150	0.352	0.141	0.323	0.313	0.150	0.150	0.416	0.452	0.156	0.160	0.340	0.145	0.317	0.140	0.303	0.295	0.148	0.150	0.502	0.483	0.151	0.150	0.327	0.141	0.302	0.139	0.332	0.315	0.144	0.142	0.414	0.441	0.151	0.142	0.277	0.137	0.315	0.138
43:00:03	0.320	0.329	0.145	0.144	0.446	0.464	0.152	0.155	0.256	0.138	0.247	0.138	0.332	0.296	0.154	0.150	0.426	0.421	0.156	0.150	0.298	0.141	0.272	0.138	0.299	0.279	0.151	0.145	0.436	0.443	0.159	0.153	0.331	0.151	0.274	0.139	0.282	0.285	0.144	0.146	0.432	0.430	0.169	0.174	0.351	0.155	0.289	0.141	0.294	0.301	0.146	0.147	0.449	0.453	0.175	0.169	0.362	0.150	0.355	0.141	0.324	0.315	0.150	0.150	0.416	0.451	0.156	0.160	0.342	0.145	0.318	0.140	0.304	0.296	0.148	0.150	0.501	0.482	0.151	0.149	0.331	0.141	0.305	0.139	0.334	0.315	0.144	0.142	0.415	0.442	0.152	0.142	0.279	0.137	0.316	0.138
43:20:03	0.322	0.329	0.145	0.144	0.445	0.465	0.152	0.156	0.259	0.138	0.248	0.138	0.331	0.299	0.153	0.150	0.424	0.422	0.156	0.150	0.300	0.141	0.275	0.138	0.300	0.277	0.151	0.144	0.435	0.445	0.159	0.153	0.332	0.151	0.275	0.139	0.281	0.283	0.144	0.146	0.432	0.429	0.169	0.174	0.354	0.155	0.291	0.141	0.294	0.302	0.146	0.147	0.449	0.454	0.175	0.169	0.363	0.150	0.358	0.140	0.325	0.316	0.150	0.150	0.415	0.450	0.156	0.160	0.343	0.145	0.322	0.140	0.304	0.298	0.147	0.149	0.501	0.481	0.150	0.149	0.337	0.141	0.311	0.139	0.336	0.316	0.144	0.142	0.416	0.443	0.151	0.142	0.280	0.137	0.320	0.137
43:40:03	0.322	0.329	0.145	0.144	0.444	0.464	0.152	0.156	0.259	0.138	0.252	0.137	0.333	0.301	0.152	0.149	0.424	0.422	0.155	0.149	0.301	0.141	0.280	0.138	0.300	0.275	0.151	0.144	0.434	0.445	0.159	0.153	0.335	0.150	0.277	0.139	0.281	0.284	0.144	0.145	0.431	0.427	0.169	0.174	0.357	0.155	0.293	0.141	0.295	0.302	0.146	0.147	0.448	0.452	0.175	0.169	0.369	0.150	0.359	0.140	0.326	0.317	0.149	0.150	0.416	0.450	0.156	0.160	0.345	0.144	0.321	0.140	0.303	0.297	0.147	0.149	0.498	0.480	0.150	0.149	0.344	0.140	0.312	0.139	0.337	0.317	0.144	0.142	0.416	0.443	0.151	0.142	0.280	0.137	0.321	0.138
44:00:03	0.323	0.330	0.145	0.144	0.442	0.464	0.152	0.157	0.260	0.138	0.255	0.137	0.332	0.302	0.152	0.149	0.422	0.422	0.155	0.149	0.303	0.141	0.285	0.138	0.301	0.274	0.151	0.144	0.432	0.446	0.159	0.153	0.338	0.150	0.278	0.139	0.281	0.282	0.144	0.146	0.429	0.426	0.169	0.174	0.358	0.156	0.296	0.141	0.297	0.301	0.145	0.147	0.447	0.452	0.176	0.170	0.370	0.151	0.360	0.140	0.327	0.318	0.149	0.150	0.415	0.448	0.156	0.160	0.347	0.144	0.324	0.140	0.303	0.298	0.147	0.148	0.498	0.479	0.150	0.148	0.347	0.140	0.316	0.139	0.338	0.318	0.144	0.142	0.417	0.443	0.151	0.142	0.282	0.137	0.325	0.137
44:20:03	0.323	0.330	0.145	0.143	0.440	0.466	0.152	0.158	0.262	0.138	0.257	0.137	0.331	0.302	0.152	0.149	0.422	0.422	0.155	0.149	0.305	0.141	0.289	0.138	0.302	0.273	0.151	0.144	0.430	0.445	0.159	0.152	0.338	0.149	0.279	0.139	0.281	0.282	0.144	0.145	0.428	0.426	0.168	0.175	0.359	0.156	0.299	0.141	0.298	0.300	0.145	0.146	0.445	0.451	0.174	0.170	0.375	0.151	0.364	0.140	0.329	0.319	0.149	0.149	0.415	0.447	0.156	0.160	0.347	0.143	0.326	0.139	0.303	0.299	0.147	0.148	0.496	0.479	0.150	0.148	0.351	0.140	0.320	0.138	0.341	0.318	0.144	0.142	0.418	0.444	0.151	0.142	0.289	0.136	0.330	0.137
44:40:03	0.324	0.330	0.145	0.143	0.438	0.469	0.152	0.160	0.264	0.138	0.260	0.137	0.333	0.303	0.152	0.148	0.420	0.422	0.155	0.149	0.305	0.141	0.293	0.138	0.303	0.271	0.150	0.144	0.429	0.444	0.159	0.152	0.340	0.149	0.280	0.139	0.282	0.281	0.143	0.146	0.428	0.424	0.168	0.175	0.361	0.156	0.300	0.140	0.299	0.300	0.145	0.146	0.443	0.450	0.174	0.170	0.375	0.151	0.365	0.140	0.331	0.321	0.149	0.149	0.415	0.446	0.156	0.161	0.349	0.143	0.327	0.140	0.302	0.299	0.146	0.148	0.494	0.477	0.150	0.148	0.356	0.140	0.322	0.138	0.342	0.319	0.144	0.142	0.419	0.444	0.151	0.142	0.295	0.137	0.333	0.137
45:00:03	0.324	0.330	0.145	0.143	0.437	0.469	0.152	0.161	0.266	0.138	0.262	0.137	0.334	0.306	0.151	0.147	0.419	0.422	0.155	0.149	0.306	0.140	0.297	0.138	0.304	0.271	0.150	0.144	0.429	0.445	0.159	0.152	0.341	0.148	0.281	0.139	0.282	0.280	0.143	0.145	0.428	0.424	0.168	0.175	0.363	0.157	0.301	0.140	0.303	0.299	0.144	0.146	0.443	0.449	0.174	0.170	0.376	0.152	0.367	0.140	0.330	0.323	0.148	0.149	0.414	0.443	0.156	0.161	0.350	0.143	0.329	0.139	0.303	0.299	0.146	0.147	0.493	0.476	0.149	0.147	0.361	0.139	0.325	0.138	0.343	0.319	0.144	0.141	0.420	0.445	0.151	0.142	0.292	0.137	0.340	0.137
45:20:03	0.325	0.330	0.145	0.143	0.437	0.468	0.152	0.163	0.267	0.138	0.266	0.137	0.332	0.306	0.151	0.148	0.417	0.422	0.155	0.149	0.307	0.140	0.303	0.138	0.305	0.271	0.150	0.144	0.428	0.444	0.159	0.152	0.343	0.148	0.283	0.139	0.283	0.280	0.143	0.145	0.426	0.422	0.168	0.175	0.364	0.157	0.303	0.140	0.303	0.300	0.144	0.146	0.443	0.447	0.175	0.169	0.380	0.152	0.368	0.140	0.330	0.322	0.148	0.149	0.414	0.443	0.156	0.161	0.352	0.143	0.329	0.139	0.303	0.299	0.146	0.147	0.492	0.474	0.149	0.147	0.365	0.139	0.328	0.138	0.344	0.318	0.144	0.142	0.420	0.445	0.151	0.142	0.295	0.137	0.343	0.137
45:40:03	0.325	0.331	0.145	0.143	0.437	0.469	0.152	0.164	0.270	0.137	0.269	0.137	0.333	0.306	0.151	0.148	0.415	0.423	0.155	0.149	0.307	0.140	0.307	0.138	0.306	0.270	0.150	0.144	0.427	0.443	0.159	0.152	0.344	0.148	0.284	0.139	0.284	0.279	0.143	0.145	0.426	0.420	0.168	0.175	0.367	0.157	0.305	0.140	0.304	0.300	0.144	0.146	0.441	0.446	0.175	0.169	0.380	0.152	0.369	0.139	0.331	0.322	0.148	0.149	0.413	0.441	0.156	0.161	0.353	0.143	0.332	0.139	0.303	0.299	0.146	0.147	0.489	0.473	0.149	0.147	0.370	0.139	0.330	0.138	0.344	0.318	0.144	0.141	0.421	0.445	0.151	0.142	0.305	0.136	0.345	0.137
46:00:04	0.326	0.331	0.144	0.143	0.437	0.470	0.153	0.165	0.269	0.137	0.271	0.137	0.333	0.307	0.150	0.147	0.414	0.423	0.155	0.149	0.310	0.140	0.313	0.138	0.306	0.271	0.150	0.143	0.425	0.442	0.158	0.152	0.346	0.148	0.286	0.139	0.285	0.279	0.143	0.145	0.426	0.419	0.168	0.175	0.370	0.157	0.308	0.140	0.306	0.299	0.144	0.146	0.439	0.445	0.175	0.170	0.380	0.152	0.369	0.139	0.331	0.324	0.148	0.149	0.413	0.439	0.156	0.161	0.354	0.143	0.331	0.139	0.303	0.300	0.146	0.147	0.489	0.472	0.149	0.147	0.374	0.139	0.333	0.139	0.344	0.318	0.143	0.141	0.423	0.446	0.151	0.142	0.305	0.136	0.347	0.137
46:20:03	0.326	0.332	0.144	0.143	0.436	0.471	0.153	0.167	0.272	0.137	0.275	0.137	0.333	0.309	0.150	0.147	0.413	0.424	0.155	0.149	0.312	0.140	0.319	0.138	0.307	0.272	0.150	0.143	0.425	0.440	0.158	0.151	0.349	0.148	0.287	0.139	0.286	0.279	0.143	0.145	0.426	0.419	0.169	0.174	0.371	0.157	0.310	0.140	0.307	0.300	0.144	0.145	0.439	0.444	0.176	0.170	0.384	0.153	0.370	0.139	0.329	0.323	0.148	0.148	0.413	0.438	0.156	0.161	0.355	0.143	0.332	0.139	0.304	0.300	0.146	0.147	0.488	0.471	0.149	0.147	0.378	0.139	0.335	0.138	0.344	0.319	0.143	0.141	0.423	0.446	0.151	0.142	0.301	0.136	0.350	0.137
46:40:03	0.325	0.332	0.144	0.143	0.435	0.471	0.153	0.169	0.275	0.137	0.277	0.137	0.332	0.310	0.151	0.147	0.413	0.424	0.155	0.149	0.312	0.140	0.324	0.138	0.308	0.273	0.149	0.143	0.425	0.438	0.158	0.151	0.351	0.148	0.288	0.139	0.286	0.280	0.143	0.145	0.424	0.418	0.169	0.174	0.373	0.158	0.312	0.140	0.307	0.300	0.144	0.145	0.438	0.443	0.176	0.170	0.384	0.153	0.372	0.139	0.327	0.324	0.148	0.148	0.413	0.436	0.156	0.161	0.356	0.143	0.333	0.139	0.305	0.300	0.146	0.146	0.487	0.469	0.149	0.147	0.383	0.139	0.339	0.138	0.345	0.320	0.143	0.141	0.424	0.447	0.152	0.142	0.319	0.136	0.354	0.137
47:00:04	0.324	0.333	0.144	0.143	0.435	0.472	0.153	0.170	0.275	0.137	0.280	0.137	0.333	0.312	0.151	0.147	0.412	0.424	0.155	0.149	0.312	0.140	0.328	0.138	0.309	0.274	0.149	0.143	0.425	0.437	0.158	0.151	0.353	0.149	0.289	0.139	0.287	0.282	0.143	0.145	0.423	0.419	0.170	0.174	0.374	0.158	0.315	0.140	0.308	0.302	0.144	0.145	0.436	0.441	0.176	0.171	0.386	0.153	0.373	0.139	0.327	0.326	0.148	0.148	0.413	0.436	0.156	0.162	0.357	0.143	0.336	0.139	0.306	0.300	0.146	0.147	0.486	0.468	0.149	0.147	0.387	0.139	0.344	0.139	0.348	0.321	0.143	0.141	0.425	0.448	0.152	0.142	0.309	0.136	0.358	0.137
47:20:03	0.325	0.334	0.144	0.143	0.436	0.472	0.154	0.172	0.278	0.137	0.284	0.137	0.333	0.314	0.151	0.148	0.412	0.425	0.155	0.149	0.313	0.140	0.333	0.138	0.311	0.275	0.149	0.143	0.425	0.436	0.159	0.152	0.355	0.149	0.291	0.139	0.287	0.282	0.143	0.145	0.422	0.417	0.170	0.175	0.376	0.158	0.317	0.140	0.310	0.303	0.144	0.145	0.435	0.440	0.177	0.171	0.392	0.154	0.375	0.139	0.330	0.327	0.148	0.148	0.413	0.434	0.156	0.162	0.358	0.143	0.336	0.139	0.307	0.301	0.146	0.147	0.485	0.468	0.149	0.147	0.390	0.139	0.345	0.139	0.349	0.320	0.143	0.141	0.427	0.449	0.152	0.142	0.317	0.136	0.360	0.137
47:40:04	0.324	0.334	0.144	0.143	0.435	0.473	0.154	0.173	0.279	0.137	0.287	0.137	0.333	0.315	0.150	0.147	0.412	0.426	0.154	0.149	0.315	0.140	0.337	0.138	0.312	0.275	0.149	0.143	0.424	0.435	0.159	0.152	0.356	0.148	0.292	0.138	0.288	0.282	0.143	0.145	0.423	0.417	0.168	0.175	0.378	0.158	0.317	0.140	0.310	0.303	0.144	0.145	0.434	0.439	0.177	0.171	0.391	0.154	0.377	0.139	0.327	0.329	0.148	0.148	0.413	0.434	0.156	0.162	0.359	0.143	0.339	0.139	0.308	0.301	0.145	0.146	0.481	0.466	0.149	0.147	0.395	0.139	0.348	0.139	0.350	0.321	0.143	0.141	0.428	0.449	0.152	0.142	0.322	0.136	0.365	0.137
48:00:04	0.324	0.335	0.144	0.142	0.435	0.472	0.155	0.175	0.281	0.137	0.291	0.137	0.335	0.317	0.150	0.147	0.411	0.426	0.154	0.149	0.313	0.140	0.341	0.137	0.313	0.276	0.149	0.143	0.424	0.434	0.159	0.152	0.358	0.148	0.293	0.138	0.288	0.284	0.142	0.145	0.424	0.415	0.168	0.174	0.380	0.158	0.320	0.140	0.310	0.304	0.143	0.145	0.433	0.438	0.177	0.172	0.391	0.154	0.378	0.139	0.326	0.330	0.147	0.147	0.413	0.433	0.156	0.162	0.359	0.143	0.340	0.139	0.308	0.301	0.145	0.146	0.481	0.465	0.149	0.147	0.398	0.139	0.349	0.139	0.349	0.322	0.143	0.141	0.428	0.450	0.152	0.141	0.308	0.136	0.369	0.137

