Field Group

Plate Comment:	
Procedure Summary
  Plate Type:              Corning 96 well for LogPhase600
  Plate Number:            4
  Discontinuous Kinetics:  Runtime 02:00:00 (D:HH:MM), Interval 00:20:00 (HH:MM:SS), 145 Reads (max)
  Read:                    600 nm
  Incubator:               On
    Temperature setpoint:  30 °C
    Temperature gradient:  Off
  Shaking:                 On
     Shaking frequency:    600 RPMs		
			
			

600

Time	A1	A2	A3	A4	A5	A6	A7	A8	A9	A10	A11	A12	B1	B2	B3	B4	B5	B6	B7	B8	B9	B10	B11	B12	C1	C2	C3	C4	C5	C6	C7	C8	C9	C10	C11	C12	D1	D2	D3	D4	D5	D6	D7	D8	D9	D10	D11	D12	E1	E2	E3	E4	E5	E6	E7	E8	E9	E10	E11	E12	F1	F2	F3	F4	F5	F6	F7	F8	F9	F10	F11	F12	G1	G2	G3	G4	G5	G6	G7	G8	G9	G10	G11	G12	H1	H2	H3	H4	H5	H6	H7	H8	H9	H10	H11	H12
0:00:00	0.115	0.116	0.116	0.117	0.116	0.116	0.117	0.120	0.123	0.122	0.118	0.118	0.127	0.118	0.116	0.118	0.116	0.116	0.117	0.116	0.118	0.118	0.121	0.117	0.119	0.140	0.120	0.118	0.116	0.117	0.117	0.116	0.120	0.126	0.117	0.119	0.124	0.117	0.123	0.169	0.124	0.117	0.117	0.117	0.122	0.117	0.120	0.121	0.121	0.125	0.129	0.121	0.118	0.122	0.126	0.085	0.121	0.120	0.129	0.121	0.148	0.119	0.116	0.123	0.142	0.119	0.117	0.118	0.117	0.118	0.124	0.118	0.124	0.118	0.121	0.118	0.119	0.116	0.117	0.120	0.119	0.117	0.117	0.118	0.132	0.117	0.118	0.117	0.122	0.117	0.117	0.117	0.130	0.121	0.118	0.117
0:20:00	0.115	0.116	0.116	0.117	0.116	0.116	0.117	0.120	0.123	0.122	0.118	0.118	0.128	0.118	0.116	0.117	0.116	0.116	0.117	0.116	0.117	0.117	0.120	0.117	0.118	0.138	0.119	0.118	0.116	0.116	0.117	0.116	0.120	0.126	0.117	0.118	0.125	0.117	0.122	0.165	0.122	0.117	0.117	0.116	0.121	0.118	0.119	0.120	0.122	0.126	0.130	0.121	0.118	0.122	0.131	0.085	0.121	0.120	0.129	0.120	0.148	0.118	0.116	0.123	0.142	0.119	0.118	0.118	0.118	0.118	0.124	0.118	0.124	0.118	0.121	0.118	0.119	0.116	0.117	0.120	0.117	0.116	0.116	0.118	0.133	0.117	0.118	0.117	0.122	0.117	0.117	0.117	0.132	0.121	0.118	0.117
0:40:00	0.116	0.116	0.116	0.117	0.116	0.116	0.117	0.120	0.124	0.122	0.118	0.118	0.128	0.118	0.116	0.117	0.116	0.116	0.117	0.116	0.117	0.118	0.120	0.117	0.118	0.139	0.119	0.118	0.116	0.116	0.117	0.116	0.119	0.127	0.117	0.118	0.126	0.117	0.122	0.167	0.122	0.117	0.117	0.116	0.121	0.119	0.119	0.121	0.122	0.127	0.130	0.122	0.118	0.122	0.132	0.085	0.122	0.120	0.129	0.120	0.148	0.118	0.116	0.123	0.141	0.119	0.118	0.119	0.118	0.118	0.124	0.118	0.125	0.119	0.121	0.118	0.119	0.117	0.117	0.120	0.117	0.116	0.116	0.117	0.134	0.118	0.119	0.117	0.121	0.118	0.117	0.117	0.132	0.122	0.118	0.117
1:00:00	0.117	0.116	0.117	0.117	0.116	0.117	0.118	0.120	0.125	0.123	0.118	0.118	0.129	0.119	0.116	0.117	0.116	0.116	0.117	0.117	0.118	0.120	0.120	0.117	0.119	0.140	0.120	0.118	0.117	0.117	0.117	0.116	0.119	0.128	0.117	0.118	0.127	0.118	0.122	0.164	0.122	0.118	0.117	0.116	0.122	0.120	0.119	0.121	0.123	0.128	0.130	0.122	0.119	0.123	0.133	0.085	0.122	0.121	0.129	0.121	0.149	0.119	0.117	0.123	0.142	0.120	0.118	0.119	0.119	0.118	0.124	0.117	0.126	0.120	0.122	0.118	0.120	0.117	0.117	0.121	0.118	0.116	0.116	0.118	0.135	0.119	0.119	0.117	0.122	0.118	0.117	0.117	0.133	0.123	0.117	0.117
1:20:00	0.118	0.116	0.117	0.117	0.117	0.117	0.118	0.120	0.126	0.124	0.118	0.118	0.130	0.120	0.117	0.117	0.117	0.117	0.118	0.117	0.119	0.121	0.121	0.118	0.121	0.141	0.120	0.118	0.118	0.117	0.118	0.116	0.120	0.129	0.117	0.119	0.128	0.119	0.123	0.166	0.123	0.119	0.118	0.117	0.122	0.122	0.120	0.121	0.124	0.129	0.131	0.122	0.120	0.123	0.134	0.085	0.124	0.121	0.129	0.121	0.150	0.119	0.117	0.123	0.143	0.121	0.118	0.119	0.120	0.118	0.124	0.117	0.128	0.121	0.123	0.119	0.122	0.118	0.118	0.121	0.119	0.116	0.116	0.118	0.136	0.120	0.119	0.118	0.124	0.119	0.117	0.117	0.134	0.124	0.117	0.117
1:40:00	0.119	0.118	0.118	0.117	0.118	0.118	0.119	0.121	0.126	0.125	0.119	0.119	0.132	0.121	0.117	0.118	0.117	0.117	0.118	0.117	0.119	0.122	0.121	0.118	0.122	0.141	0.121	0.119	0.119	0.118	0.119	0.118	0.121	0.131	0.118	0.119	0.129	0.120	0.124	0.169	0.127	0.122	0.122	0.120	0.126	0.124	0.120	0.121	0.125	0.130	0.133	0.123	0.122	0.124	0.135	0.086	0.125	0.121	0.130	0.121	0.151	0.119	0.119	0.124	0.143	0.122	0.119	0.121	0.123	0.118	0.124	0.117	0.129	0.122	0.123	0.120	0.122	0.119	0.118	0.121	0.119	0.116	0.116	0.118	0.137	0.120	0.120	0.118	0.125	0.119	0.118	0.118	0.135	0.124	0.117	0.117
2:00:00	0.120	0.117	0.118	0.118	0.118	0.118	0.119	0.121	0.127	0.127	0.119	0.119	0.133	0.122	0.118	0.118	0.119	0.117	0.118	0.117	0.120	0.124	0.121	0.118	0.123	0.143	0.123	0.122	0.122	0.120	0.122	0.120	0.123	0.132	0.118	0.119	0.131	0.123	0.127	0.171	0.131	0.126	0.126	0.124	0.130	0.127	0.121	0.121	0.126	0.131	0.136	0.124	0.126	0.127	0.137	0.089	0.128	0.121	0.130	0.121	0.153	0.121	0.122	0.126	0.147	0.126	0.122	0.125	0.127	0.119	0.124	0.118	0.130	0.123	0.124	0.121	0.124	0.121	0.120	0.122	0.121	0.116	0.116	0.118	0.138	0.121	0.121	0.118	0.125	0.120	0.118	0.118	0.135	0.125	0.117	0.117
2:20:00	0.121	0.119	0.119	0.118	0.119	0.119	0.119	0.121	0.128	0.127	0.119	0.119	0.134	0.123	0.119	0.119	0.120	0.118	0.119	0.118	0.120	0.124	0.121	0.118	0.124	0.145	0.126	0.124	0.126	0.123	0.124	0.123	0.126	0.134	0.118	0.119	0.131	0.125	0.130	0.175	0.133	0.127	0.127	0.125	0.131	0.131	0.122	0.122	0.127	0.133	0.140	0.125	0.131	0.131	0.144	0.098	0.132	0.122	0.131	0.122	0.154	0.121	0.125	0.129	0.150	0.129	0.127	0.128	0.130	0.120	0.124	0.118	0.131	0.124	0.126	0.123	0.126	0.125	0.123	0.124	0.123	0.116	0.116	0.117	0.138	0.122	0.121	0.119	0.124	0.120	0.119	0.118	0.135	0.125	0.117	0.117
2:40:00	0.123	0.121	0.120	0.118	0.121	0.120	0.120	0.121	0.128	0.129	0.120	0.119	0.134	0.125	0.120	0.120	0.121	0.119	0.120	0.118	0.121	0.126	0.122	0.119	0.125	0.148	0.129	0.127	0.129	0.126	0.127	0.125	0.129	0.137	0.119	0.120	0.133	0.129	0.133	0.177	0.136	0.129	0.129	0.127	0.133	0.133	0.123	0.122	0.129	0.134	0.142	0.128	0.134	0.135	0.151	0.105	0.135	0.124	0.131	0.122	0.155	0.123	0.127	0.133	0.152	0.132	0.129	0.129	0.132	0.122	0.125	0.118	0.132	0.126	0.128	0.126	0.129	0.128	0.125	0.127	0.126	0.117	0.116	0.118	0.138	0.123	0.122	0.120	0.127	0.121	0.119	0.119	0.136	0.126	0.117	0.117
3:00:00	0.124	0.122	0.121	0.119	0.122	0.121	0.121	0.122	0.130	0.127	0.120	0.120	0.135	0.127	0.122	0.121	0.124	0.121	0.120	0.119	0.123	0.127	0.123	0.119	0.126	0.150	0.131	0.129	0.131	0.126	0.128	0.127	0.131	0.139	0.120	0.120	0.134	0.132	0.134	0.176	0.138	0.131	0.131	0.128	0.132	0.135	0.125	0.122	0.129	0.136	0.144	0.131	0.136	0.139	0.156	0.110	0.137	0.126	0.132	0.122	0.157	0.125	0.129	0.135	0.155	0.135	0.132	0.131	0.133	0.124	0.125	0.119	0.133	0.128	0.130	0.129	0.133	0.130	0.127	0.129	0.129	0.117	0.117	0.118	0.139	0.125	0.123	0.120	0.129	0.123	0.120	0.119	0.138	0.128	0.117	0.117
3:20:00	0.125	0.123	0.122	0.119	0.123	0.121	0.121	0.123	0.130	0.128	0.121	0.121	0.138	0.129	0.123	0.122	0.126	0.121	0.122	0.120	0.125	0.128	0.123	0.120	0.127	0.153	0.133	0.131	0.133	0.129	0.130	0.128	0.133	0.142	0.121	0.120	0.134	0.133	0.136	0.188	0.138	0.134	0.132	0.129	0.134	0.136	0.128	0.123	0.130	0.138	0.145	0.136	0.138	0.142	0.161	0.114	0.140	0.129	0.133	0.123	0.158	0.126	0.130	0.138	0.157	0.136	0.133	0.131	0.135	0.126	0.126	0.118	0.133	0.130	0.133	0.131	0.135	0.132	0.129	0.130	0.131	0.118	0.117	0.118	0.136	0.126	0.124	0.122	0.128	0.125	0.121	0.120	0.138	0.129	0.117	0.117
3:40:00	0.124	0.124	0.123	0.119	0.124	0.123	0.122	0.123	0.130	0.127	0.121	0.121	0.135	0.129	0.125	0.124	0.128	0.124	0.122	0.120	0.126	0.122	0.124	0.120	0.127	0.154	0.134	0.132	0.132	0.130	0.130	0.129	0.134	0.142	0.122	0.121	0.134	0.134	0.137	0.179	0.139	0.135	0.133	0.129	0.135	0.136	0.129	0.123	0.130	0.140	0.146	0.138	0.138	0.142	0.165	0.117	0.141	0.131	0.133	0.123	0.157	0.123	0.131	0.139	0.157	0.138	0.134	0.132	0.134	0.127	0.127	0.119	0.135	0.131	0.134	0.132	0.137	0.134	0.130	0.131	0.133	0.119	0.117	0.118	0.141	0.128	0.126	0.122	0.130	0.126	0.121	0.120	0.139	0.129	0.117	0.117
4:00:00	0.124	0.125	0.124	0.120	0.122	0.123	0.123	0.123	0.129	0.131	0.122	0.121	0.137	0.131	0.126	0.125	0.128	0.126	0.124	0.121	0.127	0.127	0.125	0.121	0.128	0.155	0.135	0.133	0.135	0.131	0.131	0.129	0.136	0.143	0.123	0.121	0.134	0.135	0.138	0.180	0.139	0.137	0.133	0.129	0.137	0.137	0.131	0.124	0.131	0.141	0.148	0.140	0.141	0.145	0.168	0.120	0.141	0.131	0.134	0.124	0.157	0.129	0.132	0.140	0.159	0.140	0.136	0.133	0.134	0.128	0.128	0.119	0.135	0.133	0.136	0.133	0.139	0.135	0.131	0.132	0.133	0.120	0.117	0.118	0.142	0.129	0.127	0.123	0.133	0.127	0.122	0.121	0.136	0.129	0.117	0.117
4:20:00	0.125	0.124	0.125	0.121	0.122	0.123	0.124	0.124	0.130	0.130	0.123	0.122	0.137	0.131	0.127	0.126	0.127	0.127	0.124	0.122	0.126	0.127	0.125	0.121	0.128	0.155	0.135	0.133	0.135	0.133	0.132	0.130	0.135	0.142	0.124	0.122	0.135	0.135	0.139	0.181	0.139	0.137	0.133	0.129	0.135	0.137	0.131	0.125	0.132	0.142	0.148	0.141	0.141	0.147	0.169	0.122	0.141	0.131	0.135	0.124	0.158	0.126	0.133	0.141	0.159	0.141	0.136	0.133	0.134	0.128	0.128	0.120	0.136	0.133	0.137	0.133	0.139	0.136	0.131	0.132	0.132	0.120	0.117	0.118	0.143	0.130	0.128	0.124	0.133	0.128	0.123	0.121	0.138	0.129	0.117	0.117
4:40:00	0.124	0.127	0.127	0.121	0.126	0.124	0.124	0.125	0.130	0.131	0.123	0.122	0.138	0.133	0.128	0.127	0.128	0.127	0.125	0.122	0.127	0.125	0.126	0.122	0.129	0.155	0.137	0.134	0.136	0.134	0.132	0.130	0.136	0.141	0.125	0.122	0.136	0.135	0.140	0.181	0.140	0.136	0.134	0.130	0.139	0.137	0.132	0.125	0.134	0.141	0.150	0.143	0.142	0.149	0.171	0.124	0.141	0.133	0.136	0.125	0.159	0.131	0.134	0.142	0.158	0.143	0.137	0.134	0.134	0.128	0.129	0.120	0.138	0.134	0.138	0.134	0.140	0.137	0.132	0.133	0.134	0.120	0.118	0.118	0.147	0.132	0.129	0.125	0.134	0.129	0.124	0.122	0.138	0.129	0.117	0.118
5:00:00	0.128	0.126	0.128	0.122	0.127	0.126	0.125	0.125	0.130	0.132	0.124	0.123	0.145	0.134	0.129	0.127	0.129	0.130	0.126	0.123	0.128	0.128	0.127	0.122	0.137	0.156	0.137	0.134	0.137	0.136	0.132	0.130	0.136	0.144	0.125	0.123	0.146	0.135	0.141	0.185	0.142	0.138	0.135	0.130	0.136	0.137	0.132	0.125	0.142	0.141	0.150	0.143	0.144	0.147	0.172	0.125	0.141	0.135	0.136	0.126	0.163	0.133	0.135	0.142	0.162	0.143	0.137	0.134	0.131	0.128	0.129	0.121	0.146	0.134	0.140	0.135	0.142	0.138	0.132	0.133	0.134	0.121	0.118	0.118	0.156	0.134	0.131	0.126	0.135	0.129	0.125	0.123	0.139	0.129	0.117	0.118
5:20:00	0.139	0.124	0.128	0.122	0.130	0.128	0.126	0.126	0.132	0.132	0.124	0.123	0.158	0.135	0.131	0.128	0.134	0.131	0.127	0.124	0.128	0.128	0.127	0.123	0.151	0.157	0.138	0.135	0.139	0.137	0.134	0.130	0.137	0.145	0.126	0.123	0.163	0.136	0.141	0.182	0.143	0.138	0.135	0.130	0.137	0.138	0.133	0.126	0.165	0.144	0.151	0.145	0.146	0.149	0.173	0.126	0.142	0.137	0.137	0.127	0.172	0.133	0.136	0.144	0.168	0.145	0.138	0.135	0.133	0.128	0.130	0.121	0.165	0.135	0.141	0.135	0.145	0.138	0.133	0.134	0.134	0.121	0.118	0.118	0.179	0.135	0.132	0.128	0.140	0.132	0.126	0.124	0.139	0.130	0.118	0.118
5:40:00	0.164	0.133	0.130	0.123	0.137	0.128	0.127	0.126	0.133	0.133	0.125	0.124	0.184	0.142	0.132	0.129	0.141	0.133	0.128	0.125	0.129	0.131	0.128	0.123	0.178	0.164	0.139	0.136	0.143	0.138	0.134	0.131	0.137	0.147	0.126	0.124	0.187	0.143	0.142	0.182	0.149	0.141	0.136	0.131	0.138	0.140	0.134	0.127	0.200	0.149	0.152	0.146	0.152	0.153	0.174	0.127	0.143	0.138	0.138	0.127	0.198	0.140	0.137	0.144	0.175	0.146	0.138	0.135	0.135	0.129	0.130	0.122	0.194	0.141	0.142	0.136	0.152	0.139	0.134	0.135	0.136	0.122	0.118	0.118	0.200	0.142	0.134	0.128	0.148	0.133	0.127	0.124	0.140	0.130	0.118	0.118
6:00:00	0.166	0.145	0.131	0.124	0.152	0.129	0.128	0.127	0.135	0.136	0.125	0.124	0.176	0.157	0.133	0.130	0.158	0.135	0.129	0.125	0.133	0.138	0.129	0.124	0.170	0.178	0.140	0.136	0.151	0.139	0.135	0.132	0.140	0.154	0.127	0.124	0.178	0.159	0.143	0.185	0.165	0.141	0.136	0.131	0.142	0.147	0.135	0.127	0.183	0.161	0.153	0.147	0.184	0.154	0.176	0.128	0.146	0.138	0.138	0.127	0.193	0.150	0.137	0.145	0.204	0.147	0.139	0.135	0.138	0.129	0.131	0.122	0.179	0.154	0.143	0.137	0.174	0.141	0.134	0.135	0.141	0.123	0.118	0.118	0.190	0.166	0.135	0.129	0.164	0.134	0.128	0.125	0.149	0.131	0.118	0.119
6:20:00	0.157	0.159	0.132	0.124	0.151	0.136	0.129	0.127	0.144	0.141	0.125	0.125	0.165	0.169	0.134	0.131	0.152	0.140	0.130	0.126	0.144	0.150	0.130	0.124	0.158	0.190	0.141	0.137	0.149	0.144	0.135	0.132	0.148	0.164	0.127	0.125	0.165	0.170	0.144	0.185	0.153	0.144	0.137	0.131	0.151	0.153	0.136	0.128	0.163	0.184	0.154	0.148	0.162	0.160	0.177	0.130	0.155	0.139	0.139	0.128	0.182	0.169	0.138	0.146	0.180	0.151	0.140	0.136	0.146	0.129	0.131	0.123	0.164	0.168	0.144	0.138	0.157	0.146	0.135	0.136	0.149	0.124	0.118	0.118	0.176	0.168	0.136	0.130	0.149	0.139	0.128	0.126	0.161	0.131	0.118	0.119
6:40:00	0.148	0.156	0.133	0.123	0.141	0.147	0.130	0.128	0.158	0.154	0.126	0.126	0.155	0.160	0.135	0.132	0.143	0.153	0.130	0.127	0.161	0.152	0.131	0.124	0.147	0.183	0.142	0.138	0.143	0.151	0.136	0.133	0.164	0.165	0.128	0.125	0.154	0.160	0.145	0.184	0.147	0.154	0.137	0.132	0.162	0.153	0.136	0.129	0.150	0.171	0.155	0.149	0.152	0.184	0.178	0.130	0.170	0.138	0.140	0.129	0.173	0.158	0.139	0.147	0.172	0.173	0.141	0.136	0.153	0.130	0.131	0.123	0.153	0.161	0.145	0.139	0.149	0.158	0.136	0.137	0.159	0.124	0.119	0.118	0.165	0.158	0.138	0.131	0.144	0.146	0.129	0.126	0.170	0.135	0.118	0.119
7:00:00	0.139	0.148	0.135	0.124	0.136	0.150	0.131	0.129	0.157	0.156	0.127	0.126	0.147	0.150	0.137	0.134	0.139	0.151	0.132	0.128	0.154	0.149	0.132	0.126	0.139	0.173	0.144	0.139	0.140	0.149	0.137	0.133	0.158	0.161	0.129	0.126	0.145	0.150	0.147	0.185	0.144	0.150	0.137	0.132	0.154	0.149	0.137	0.128	0.141	0.159	0.156	0.151	0.146	0.172	0.179	0.131	0.162	0.139	0.140	0.129	0.166	0.147	0.141	0.148	0.168	0.163	0.141	0.137	0.151	0.131	0.132	0.123	0.145	0.151	0.147	0.140	0.144	0.152	0.136	0.137	0.154	0.125	0.119	0.118	0.156	0.146	0.140	0.132	0.140	0.147	0.130	0.128	0.162	0.142	0.118	0.119
7:20:00	0.135	0.141	0.136	0.125	0.134	0.142	0.131	0.129	0.151	0.151	0.128	0.127	0.145	0.144	0.139	0.135	0.137	0.144	0.133	0.129	0.149	0.145	0.133	0.126	0.137	0.166	0.146	0.140	0.138	0.144	0.137	0.134	0.154	0.157	0.130	0.127	0.143	0.143	0.148	0.186	0.143	0.145	0.138	0.133	0.151	0.145	0.138	0.129	0.138	0.152	0.158	0.152	0.144	0.163	0.180	0.132	0.156	0.141	0.141	0.130	0.163	0.141	0.143	0.149	0.165	0.153	0.142	0.138	0.147	0.132	0.132	0.124	0.142	0.144	0.149	0.141	0.142	0.146	0.137	0.138	0.150	0.125	0.119	0.118	0.154	0.139	0.143	0.133	0.138	0.141	0.131	0.128	0.156	0.153	0.118	0.119
7:40:00	0.135	0.138	0.138	0.126	0.133	0.138	0.132	0.130	0.145	0.147	0.128	0.127	0.146	0.141	0.142	0.135	0.136	0.140	0.133	0.129	0.143	0.142	0.133	0.126	0.137	0.163	0.148	0.141	0.137	0.142	0.137	0.134	0.149	0.154	0.131	0.127	0.144	0.140	0.151	0.188	0.142	0.143	0.138	0.133	0.147	0.143	0.138	0.130	0.138	0.149	0.159	0.153	0.143	0.158	0.182	0.133	0.151	0.145	0.142	0.130	0.163	0.138	0.145	0.150	0.165	0.149	0.142	0.138	0.143	0.132	0.132	0.124	0.142	0.141	0.152	0.142	0.142	0.142	0.137	0.139	0.146	0.126	0.119	0.118	0.154	0.137	0.146	0.134	0.137	0.137	0.132	0.129	0.151	0.148	0.118	0.119
8:00:00	0.135	0.136	0.141	0.126	0.132	0.136	0.132	0.131	0.141	0.144	0.129	0.127	0.145	0.141	0.145	0.136	0.136	0.138	0.134	0.130	0.139	0.142	0.133	0.127	0.136	0.162	0.151	0.141	0.137	0.140	0.138	0.135	0.146	0.153	0.131	0.128	0.142	0.139	0.154	0.189	0.143	0.141	0.138	0.134	0.145	0.142	0.138	0.131	0.138	0.148	0.162	0.154	0.142	0.156	0.182	0.133	0.148	0.151	0.142	0.131	0.162	0.136	0.148	0.151	0.164	0.146	0.143	0.138	0.141	0.131	0.133	0.124	0.143	0.141	0.154	0.142	0.141	0.141	0.138	0.139	0.143	0.126	0.119	0.118	0.153	0.136	0.150	0.135	0.137	0.136	0.133	0.130	0.149	0.143	0.118	0.120
8:20:00	0.139	0.139	0.144	0.127	0.132	0.135	0.133	0.132	0.140	0.142	0.129	0.128	0.148	0.144	0.148	0.137	0.135	0.138	0.135	0.131	0.139	0.143	0.134	0.128	0.141	0.166	0.154	0.142	0.137	0.140	0.138	0.136	0.144	0.159	0.132	0.129	0.146	0.142	0.157	0.188	0.142	0.141	0.139	0.134	0.146	0.148	0.139	0.131	0.137	0.148	0.164	0.155	0.142	0.155	0.183	0.135	0.148	0.160	0.143	0.132	0.167	0.138	0.151	0.152	0.164	0.146	0.143	0.139	0.140	0.133	0.134	0.126	0.142	0.144	0.158	0.143	0.141	0.140	0.138	0.140	0.143	0.125	0.120	0.118	0.157	0.139	0.154	0.137	0.137	0.135	0.133	0.131	0.149	0.140	0.118	0.120
8:40:00	0.137	0.138	0.147	0.127	0.132	0.135	0.133	0.132	0.139	0.143	0.130	0.128	0.148	0.143	0.152	0.138	0.136	0.138	0.135	0.131	0.140	0.149	0.134	0.127	0.140	0.164	0.158	0.143	0.137	0.140	0.138	0.136	0.145	0.162	0.132	0.129	0.146	0.141	0.161	0.188	0.143	0.141	0.139	0.134	0.145	0.149	0.140	0.131	0.141	0.150	0.167	0.156	0.142	0.155	0.184	0.136	0.149	0.154	0.143	0.133	0.166	0.138	0.154	0.153	0.164	0.146	0.143	0.139	0.139	0.132	0.134	0.126	0.146	0.144	0.162	0.145	0.142	0.141	0.139	0.140	0.143	0.127	0.120	0.118	0.156	0.138	0.158	0.137	0.138	0.135	0.134	0.131	0.150	0.139	0.118	0.120
9:00:00	0.137	0.137	0.151	0.128	0.132	0.135	0.134	0.132	0.139	0.146	0.130	0.128	0.147	0.142	0.157	0.140	0.136	0.139	0.136	0.132	0.141	0.151	0.135	0.128	0.140	0.164	0.161	0.144	0.138	0.140	0.139	0.137	0.147	0.164	0.134	0.129	0.145	0.140	0.164	0.191	0.142	0.141	0.139	0.135	0.148	0.150	0.141	0.132	0.141	0.149	0.171	0.157	0.142	0.155	0.185	0.136	0.150	0.150	0.144	0.133	0.166	0.137	0.159	0.154	0.165	0.146	0.144	0.140	0.143	0.134	0.134	0.126	0.145	0.143	0.166	0.146	0.143	0.141	0.139	0.141	0.147	0.127	0.120	0.118	0.155	0.137	0.163	0.139	0.139	0.136	0.135	0.132	0.151	0.139	0.118	0.121
9:20:00	0.137	0.137	0.155	0.127	0.133	0.135	0.134	0.133	0.144	0.147	0.131	0.130	0.147	0.142	0.161	0.141	0.137	0.139	0.136	0.132	0.148	0.153	0.135	0.128	0.139	0.164	0.166	0.145	0.139	0.140	0.139	0.137	0.154	0.166	0.134	0.130	0.145	0.140	0.169	0.191	0.143	0.141	0.140	0.136	0.152	0.152	0.141	0.133	0.140	0.149	0.174	0.158	0.143	0.155	0.185	0.137	0.155	0.147	0.144	0.134	0.166	0.137	0.163	0.155	0.166	0.146	0.144	0.140	0.147	0.134	0.134	0.126	0.145	0.143	0.171	0.147	0.144	0.141	0.140	0.141	0.151	0.127	0.120	0.118	0.155	0.137	0.167	0.142	0.140	0.137	0.136	0.132	0.157	0.139	0.118	0.120
9:40:00	0.137	0.137	0.159	0.128	0.134	0.136	0.135	0.133	0.147	0.148	0.131	0.129	0.147	0.142	0.166	0.141	0.138	0.140	0.136	0.132	0.151	0.155	0.136	0.129	0.140	0.163	0.170	0.147	0.140	0.141	0.139	0.137	0.158	0.170	0.134	0.130	0.145	0.140	0.173	0.194	0.144	0.142	0.140	0.136	0.156	0.156	0.141	0.132	0.140	0.148	0.178	0.159	0.145	0.155	0.185	0.138	0.159	0.145	0.144	0.134	0.165	0.137	0.167	0.157	0.167	0.147	0.145	0.140	0.151	0.133	0.133	0.127	0.145	0.143	0.175	0.149	0.145	0.142	0.140	0.141	0.154	0.125	0.120	0.118	0.155	0.137	0.172	0.143	0.141	0.138	0.137	0.133	0.160	0.142	0.118	0.121
10:00:00	0.137	0.137	0.164	0.129	0.135	0.136	0.136	0.134	0.150	0.150	0.131	0.129	0.147	0.142	0.171	0.143	0.140	0.141	0.137	0.133	0.154	0.159	0.136	0.129	0.140	0.163	0.175	0.148	0.142	0.142	0.140	0.138	0.161	0.174	0.134	0.130	0.145	0.140	0.178	0.196	0.145	0.142	0.141	0.137	0.159	0.161	0.141	0.133	0.140	0.148	0.182	0.160	0.146	0.157	0.185	0.138	0.162	0.143	0.145	0.134	0.166	0.137	0.172	0.158	0.169	0.148	0.145	0.140	0.156	0.133	0.132	0.127	0.145	0.143	0.179	0.150	0.147	0.143	0.140	0.141	0.157	0.125	0.121	0.118	0.155	0.138	0.176	0.145	0.144	0.140	0.137	0.133	0.162	0.144	0.118	0.121
10:20:00	0.137	0.137	0.169	0.130	0.138	0.138	0.136	0.135	0.154	0.153	0.132	0.130	0.148	0.142	0.176	0.144	0.143	0.143	0.138	0.133	0.158	0.163	0.137	0.129	0.140	0.163	0.179	0.149	0.145	0.143	0.141	0.138	0.166	0.180	0.134	0.130	0.145	0.140	0.182	0.197	0.147	0.144	0.142	0.137	0.163	0.168	0.141	0.133	0.140	0.148	0.185	0.161	0.148	0.158	0.184	0.138	0.167	0.143	0.146	0.134	0.166	0.138	0.176	0.160	0.171	0.149	0.146	0.141	0.162	0.133	0.133	0.128	0.145	0.143	0.182	0.151	0.149	0.144	0.141	0.141	0.162	0.128	0.121	0.118	0.156	0.138	0.179	0.146	0.146	0.141	0.138	0.134	0.165	0.145	0.118	0.121
10:40:00	0.137	0.138	0.174	0.130	0.141	0.139	0.137	0.135	0.158	0.156	0.133	0.129	0.149	0.142	0.180	0.145	0.146	0.145	0.139	0.134	0.164	0.170	0.137	0.130	0.141	0.163	0.183	0.151	0.149	0.144	0.141	0.138	0.172	0.192	0.135	0.131	0.145	0.140	0.185	0.198	0.150	0.145	0.142	0.138	0.170	0.182	0.141	0.133	0.140	0.148	0.189	0.162	0.151	0.160	0.183	0.138	0.174	0.145	0.146	0.135	0.166	0.139	0.180	0.161	0.174	0.152	0.146	0.141	0.171	0.130	0.133	0.129	0.145	0.143	0.186	0.153	0.152	0.146	0.141	0.141	0.171	0.128	0.121	0.118	0.157	0.139	0.183	0.149	0.150	0.144	0.139	0.134	0.170	0.146	0.118	0.121
11:00:00	0.138	0.138	0.178	0.130	0.145	0.142	0.138	0.136	0.164	0.161	0.134	0.131	0.149	0.143	0.184	0.148	0.151	0.148	0.139	0.134	0.170	0.182	0.138	0.130	0.141	0.163	0.186	0.153	0.154	0.146	0.141	0.138	0.180	0.200	0.136	0.132	0.146	0.140	0.189	0.203	0.154	0.147	0.143	0.138	0.178	0.186	0.142	0.134	0.141	0.148	0.193	0.164	0.154	0.162	0.183	0.138	0.181	0.147	0.147	0.135	0.167	0.139	0.184	0.163	0.177	0.154	0.147	0.142	0.183	0.133	0.134	0.129	0.146	0.144	0.191	0.156	0.156	0.149	0.141	0.142	0.183	0.127	0.121	0.118	0.157	0.139	0.186	0.153	0.154	0.147	0.140	0.135	0.175	0.149	0.118	0.121
11:20:00	0.138	0.139	0.182	0.130	0.150	0.145	0.139	0.136	0.171	0.169	0.135	0.131	0.150	0.143	0.188	0.150	0.156	0.151	0.140	0.135	0.179	0.185	0.139	0.131	0.142	0.164	0.190	0.155	0.158	0.150	0.142	0.138	0.194	0.196	0.137	0.132	0.146	0.141	0.192	0.203	0.159	0.150	0.144	0.139	0.195	0.183	0.143	0.135	0.141	0.149	0.196	0.166	0.157	0.164	0.183	0.137	0.194	0.149	0.148	0.135	0.168	0.140	0.187	0.165	0.181	0.157	0.147	0.142	0.201	0.134	0.134	0.129	0.147	0.145	0.194	0.158	0.160	0.151	0.142	0.142	0.204	0.126	0.121	0.118	0.158	0.140	0.189	0.156	0.159	0.150	0.141	0.135	0.185	0.152	0.118	0.122
11:40:00	0.139	0.140	0.185	0.130	0.155	0.149	0.140	0.137	0.180	0.169	0.136	0.132	0.151	0.144	0.191	0.153	0.160	0.155	0.141	0.135	0.192	0.180	0.140	0.131	0.143	0.165	0.192	0.158	0.162	0.150	0.142	0.139	0.199	0.194	0.138	0.132	0.147	0.141	0.195	0.207	0.164	0.153	0.145	0.139	0.210	0.181	0.144	0.135	0.142	0.150	0.198	0.169	0.159	0.167	0.183	0.137	0.205	0.151	0.148	0.136	0.169	0.141	0.190	0.168	0.184	0.160	0.147	0.142	0.201	0.137	0.134	0.129	0.147	0.146	0.198	0.161	0.164	0.154	0.142	0.143	0.203	0.130	0.121	0.118	0.159	0.141	0.192	0.159	0.164	0.154	0.141	0.136	0.200	0.157	0.118	0.121
12:00:00	0.140	0.141	0.188	0.130	0.163	0.152	0.140	0.137	0.182	0.169	0.137	0.132	0.152	0.145	0.194	0.156	0.168	0.159	0.142	0.136	0.193	0.180	0.141	0.131	0.143	0.166	0.195	0.161	0.170	0.155	0.143	0.139	0.199	0.194	0.139	0.133	0.148	0.142	0.197	0.207	0.170	0.157	0.147	0.140	0.204	0.181	0.145	0.135	0.143	0.151	0.200	0.172	0.163	0.171	0.183	0.137	0.199	0.154	0.150	0.136	0.170	0.142	0.193	0.171	0.190	0.164	0.148	0.143	0.196	0.136	0.134	0.129	0.148	0.146	0.200	0.164	0.171	0.158	0.143	0.143	0.193	0.135	0.121	0.118	0.160	0.141	0.194	0.163	0.171	0.158	0.142	0.136	0.199	0.164	0.118	0.122
12:20:00	0.141	0.141	0.191	0.131	0.167	0.160	0.141	0.138	0.181	0.170	0.139	0.132	0.152	0.146	0.196	0.159	0.171	0.166	0.143	0.136	0.190	0.181	0.142	0.132	0.144	0.166	0.197	0.163	0.174	0.163	0.144	0.139	0.200	0.196	0.140	0.133	0.149	0.143	0.199	0.212	0.171	0.166	0.149	0.140	0.203	0.183	0.147	0.136	0.143	0.152	0.202	0.175	0.165	0.178	0.183	0.137	0.194	0.159	0.151	0.137	0.171	0.143	0.195	0.174	0.192	0.170	0.148	0.143	0.195	0.140	0.134	0.129	0.149	0.147	0.203	0.168	0.176	0.166	0.144	0.144	0.191	0.143	0.121	0.119	0.160	0.142	0.196	0.167	0.174	0.164	0.143	0.137	0.194	0.173	0.118	0.122
12:40:00	0.141	0.142	0.193	0.131	0.169	0.164	0.142	0.138	0.181	0.170	0.140	0.132	0.153	0.146	0.198	0.162	0.174	0.169	0.144	0.137	0.187	0.184	0.143	0.133	0.144	0.167	0.199	0.167	0.177	0.171	0.144	0.140	0.199	0.197	0.142	0.134	0.149	0.143	0.201	0.217	0.174	0.174	0.150	0.141	0.202	0.183	0.148	0.137	0.143	0.152	0.204	0.178	0.166	0.181	0.183	0.136	0.193	0.165	0.152	0.138	0.172	0.143	0.196	0.178	0.194	0.173	0.149	0.143	0.198	0.146	0.135	0.130	0.149	0.147	0.205	0.171	0.180	0.167	0.144	0.144	0.192	0.141	0.122	0.119	0.160	0.142	0.198	0.172	0.178	0.170	0.143	0.137	0.192	0.170	0.118	0.123
13:00:00	0.142	0.142	0.195	0.132	0.173	0.165	0.143	0.139	0.184	0.173	0.141	0.133	0.153	0.147	0.200	0.166	0.177	0.170	0.144	0.138	0.187	0.185	0.144	0.133	0.145	0.167	0.201	0.170	0.181	0.173	0.144	0.140	0.200	0.203	0.143	0.134	0.150	0.144	0.203	0.217	0.177	0.173	0.150	0.141	0.203	0.192	0.149	0.138	0.144	0.153	0.206	0.182	0.171	0.182	0.183	0.136	0.195	0.176	0.153	0.139	0.172	0.144	0.198	0.181	0.196	0.174	0.149	0.144	0.202	0.149	0.136	0.131	0.150	0.148	0.207	0.175	0.185	0.168	0.145	0.145	0.196	0.138	0.122	0.119	0.159	0.142	0.199	0.176	0.183	0.172	0.144	0.138	0.193	0.170	0.118	0.122
13:20:00	0.142	0.142	0.197	0.132	0.176	0.168	0.143	0.139	0.188	0.177	0.141	0.133	0.153	0.146	0.202	0.170	0.181	0.172	0.144	0.138	0.189	0.192	0.145	0.133	0.145	0.167	0.202	0.173	0.184	0.173	0.145	0.140	0.201	0.203	0.143	0.136	0.149	0.144	0.205	0.221	0.179	0.175	0.151	0.141	0.208	0.193	0.150	0.138	0.144	0.153	0.208	0.185	0.179	0.181	0.184	0.136	0.198	0.184	0.154	0.139	0.173	0.144	0.200	0.185	0.198	0.176	0.150	0.144	0.211	0.144	0.135	0.131	0.150	0.148	0.208	0.178	0.188	0.169	0.145	0.145	0.202	0.136	0.122	0.118	0.159	0.142	0.201	0.179	0.186	0.175	0.144	0.138	0.196	0.173	0.118	0.122
13:40:00	0.141	0.143	0.199	0.132	0.178	0.170	0.144	0.140	0.194	0.181	0.142	0.134	0.152	0.146	0.203	0.174	0.183	0.174	0.145	0.139	0.192	0.191	0.146	0.135	0.144	0.167	0.204	0.177	0.186	0.175	0.145	0.141	0.202	0.204	0.145	0.136	0.148	0.144	0.206	0.224	0.181	0.176	0.151	0.142	0.203	0.196	0.151	0.139	0.144	0.153	0.209	0.189	0.185	0.180	0.184	0.136	0.205	0.183	0.154	0.140	0.172	0.144	0.201	0.189	0.201	0.178	0.150	0.145	0.222	0.142	0.136	0.131	0.150	0.148	0.210	0.182	0.190	0.171	0.146	0.146	0.218	0.136	0.122	0.118	0.159	0.142	0.202	0.183	0.189	0.177	0.144	0.139	0.200	0.175	0.118	0.123
14:00:00	0.140	0.144	0.201	0.133	0.182	0.172	0.144	0.140	0.199	0.182	0.143	0.135	0.152	0.148	0.205	0.177	0.188	0.177	0.145	0.139	0.198	0.192	0.147	0.135	0.144	0.167	0.205	0.180	0.188	0.176	0.145	0.141	0.195	0.203	0.145	0.137	0.148	0.144	0.207	0.227	0.184	0.176	0.151	0.142	0.206	0.196	0.152	0.139	0.144	0.154	0.211	0.193	0.190	0.185	0.184	0.136	0.209	0.184	0.155	0.141	0.172	0.146	0.203	0.191	0.210	0.179	0.150	0.145	0.226	0.141	0.136	0.131	0.150	0.147	0.211	0.185	0.194	0.173	0.147	0.147	0.217	0.136	0.123	0.119	0.160	0.142	0.202	0.186	0.193	0.180	0.145	0.140	0.206	0.178	0.118	0.123
14:20:00	0.142	0.144	0.202	0.133	0.186	0.176	0.144	0.141	0.200	0.185	0.144	0.136	0.153	0.148	0.206	0.181	0.193	0.180	0.146	0.140	0.200	0.194	0.148	0.136	0.143	0.168	0.207	0.183	0.189	0.178	0.145	0.141	0.265	0.207	0.146	0.138	0.148	0.145	0.209	0.231	0.187	0.177	0.151	0.143	0.207	0.200	0.153	0.140	0.145	0.155	0.212	0.195	0.194	0.190	0.184	0.136	0.211	0.187	0.156	0.141	0.172	0.146	0.203	0.194	0.221	0.181	0.150	0.146	0.227	0.142	0.136	0.131	0.150	0.148	0.213	0.188	0.197	0.177	0.147	0.147	0.221	0.137	0.123	0.119	0.159	0.142	0.203	0.189	0.198	0.183	0.145	0.140	0.208	0.184	0.118	0.124
14:40:00	0.142	0.144	0.203	0.134	0.191	0.181	0.145	0.141	0.202	0.186	0.144	0.136	0.153	0.148	0.207	0.184	0.195	0.182	0.146	0.140	0.202	0.197	0.149	0.137	0.144	0.168	0.208	0.186	0.188	0.177	0.145	0.142	0.203	0.206	0.147	0.139	0.149	0.145	0.210	0.233	0.191	0.179	0.152	0.143	0.197	0.204	0.154	0.141	0.145	0.155	0.213	0.198	0.198	0.194	0.185	0.136	0.213	0.188	0.157	0.142	0.174	0.146	0.205	0.197	0.226	0.183	0.151	0.146	0.229	0.143	0.137	0.132	0.150	0.148	0.214	0.191	0.202	0.181	0.147	0.148	0.223	0.138	0.123	0.119	0.159	0.143	0.204	0.191	0.202	0.186	0.145	0.141	0.211	0.185	0.118	0.124
15:00:01	0.142	0.144	0.204	0.135	0.195	0.184	0.145	0.142	0.205	0.188	0.145	0.137	0.153	0.148	0.208	0.186	0.195	0.184	0.146	0.141	0.205	0.200	0.150	0.137	0.144	0.168	0.209	0.188	0.190	0.181	0.145	0.142	0.211	0.209	0.148	0.139	0.149	0.145	0.210	0.235	0.197	0.182	0.152	0.144	0.209	0.203	0.155	0.141	0.144	0.155	0.215	0.201	0.201	0.199	0.186	0.136	0.216	0.194	0.159	0.142	0.174	0.147	0.206	0.200	0.231	0.187	0.151	0.147	0.235	0.143	0.137	0.131	0.150	0.149	0.214	0.194	0.206	0.185	0.148	0.148	0.226	0.142	0.123	0.118	0.160	0.143	0.205	0.193	0.206	0.189	0.146	0.141	0.214	0.187	0.118	0.123
15:20:01	0.141	0.144	0.205	0.136	0.196	0.186	0.145	0.142	0.211	0.189	0.146	0.138	0.153	0.148	0.209	0.189	0.198	0.186	0.147	0.141	0.209	0.204	0.151	0.138	0.144	0.168	0.210	0.190	0.193	0.185	0.146	0.142	0.222	0.211	0.149	0.140	0.148	0.145	0.211	0.237	0.202	0.186	0.152	0.144	0.208	0.206	0.156	0.142	0.146	0.156	0.216	0.203	0.205	0.205	0.186	0.136	0.221	0.194	0.159	0.143	0.173	0.147	0.206	0.202	0.237	0.192	0.151	0.147	0.239	0.146	0.137	0.132	0.151	0.149	0.215	0.196	0.211	0.187	0.148	0.149	0.231	0.144	0.123	0.119	0.160	0.143	0.205	0.195	0.210	0.192	0.146	0.142	0.218	0.190	0.118	0.124
15:40:01	0.141	0.145	0.206	0.137	0.199	0.189	0.146	0.143	0.216	0.194	0.147	0.139	0.153	0.148	0.210	0.191	0.201	0.188	0.148	0.142	0.213	0.207	0.151	0.139	0.144	0.169	0.212	0.192	0.197	0.188	0.146	0.143	0.211	0.215	0.150	0.141	0.148	0.145	0.213	0.237	0.206	0.191	0.153	0.145	0.221	0.213	0.157	0.142	0.146	0.156	0.217	0.205	0.209	0.209	0.187	0.137	0.224	0.202	0.160	0.144	0.174	0.147	0.207	0.204	0.241	0.196	0.152	0.147	0.245	0.149	0.138	0.133	0.151	0.149	0.216	0.198	0.215	0.189	0.148	0.149	0.232	0.145	0.124	0.119	0.160	0.143	0.206	0.197	0.215	0.195	0.146	0.142	0.222	0.191	0.118	0.124
16:00:01	0.141	0.145	0.207	0.138	0.203	0.193	0.146	0.143	0.222	0.197	0.147	0.139	0.153	0.149	0.211	0.193	0.205	0.191	0.147	0.142	0.218	0.210	0.152	0.140	0.144	0.169	0.212	0.194	0.201	0.192	0.146	0.143	0.221	0.219	0.151	0.141	0.148	0.146	0.213	0.241	0.209	0.195	0.153	0.145	0.223	0.217	0.158	0.143	0.146	0.156	0.218	0.207	0.212	0.214	0.187	0.137	0.227	0.209	0.161	0.145	0.174	0.148	0.208	0.205	0.246	0.200	0.152	0.147	0.246	0.151	0.138	0.133	0.151	0.149	0.217	0.200	0.220	0.191	0.149	0.150	0.235	0.148	0.124	0.119	0.159	0.143	0.207	0.198	0.218	0.200	0.146	0.142	0.227	0.196	0.118	0.124
16:20:01	0.141	0.145	0.208	0.139	0.207	0.198	0.146	0.143	0.228	0.200	0.148	0.140	0.153	0.149	0.212	0.194	0.209	0.194	0.147	0.143	0.220	0.212	0.153	0.140	0.143	0.169	0.213	0.196	0.205	0.195	0.146	0.143	0.222	0.217	0.151	0.142	0.148	0.146	0.213	0.241	0.213	0.198	0.153	0.145	0.216	0.213	0.158	0.144	0.145	0.156	0.219	0.209	0.218	0.220	0.187	0.137	0.231	0.210	0.161	0.145	0.174	0.148	0.209	0.207	0.251	0.205	0.152	0.148	0.248	0.153	0.138	0.134	0.151	0.149	0.217	0.201	0.225	0.194	0.149	0.150	0.241	0.152	0.124	0.119	0.159	0.143	0.207	0.200	0.223	0.203	0.146	0.143	0.232	0.199	0.118	0.125
16:40:01	0.141	0.146	0.208	0.140	0.210	0.201	0.146	0.144	0.231	0.204	0.148	0.141	0.154	0.150	0.212	0.196	0.210	0.198	0.147	0.143	0.222	0.215	0.152	0.141	0.143	0.169	0.214	0.197	0.209	0.199	0.146	0.144	0.232	0.224	0.152	0.143	0.149	0.146	0.214	0.253	0.216	0.201	0.154	0.146	0.216	0.211	0.158	0.144	0.145	0.156	0.220	0.211	0.223	0.225	0.185	0.137	0.235	0.211	0.162	0.146	0.175	0.148	0.210	0.208	0.258	0.212	0.152	0.148	0.255	0.157	0.137	0.134	0.150	0.149	0.217	0.203	0.232	0.199	0.149	0.150	0.249	0.158	0.124	0.119	0.159	0.143	0.207	0.200	0.229	0.209	0.146	0.143	0.239	0.203	0.118	0.125
17:00:01	0.142	0.146	0.209	0.142	0.212	0.203	0.146	0.144	0.236	0.210	0.148	0.141	0.153	0.149	0.213	0.197	0.211	0.201	0.147	0.143	0.224	0.220	0.153	0.141	0.144	0.169	0.215	0.198	0.212	0.201	0.146	0.144	0.221	0.215	0.152	0.143	0.149	0.146	0.215	0.244	0.220	0.203	0.154	0.146	0.218	0.217	0.158	0.145	0.145	0.157	0.221	0.212	0.229	0.228	0.185	0.136	0.234	0.204	0.162	0.147	0.174	0.148	0.210	0.209	0.260	0.218	0.152	0.149	0.256	0.163	0.138	0.135	0.151	0.149	0.218	0.203	0.235	0.202	0.149	0.150	0.253	0.167	0.124	0.119	0.159	0.143	0.208	0.201	0.234	0.212	0.147	0.143	0.242	0.206	0.118	0.125
17:20:01	0.142	0.146	0.210	0.143	0.215	0.205	0.146	0.144	0.241	0.212	0.149	0.141	0.154	0.149	0.213	0.199	0.213	0.204	0.147	0.143	0.230	0.224	0.154	0.142	0.144	0.169	0.216	0.200	0.214	0.204	0.146	0.144	0.228	0.216	0.153	0.144	0.149	0.146	0.216	0.247	0.223	0.203	0.154	0.147	0.222	0.220	0.158	0.146	0.145	0.157	0.222	0.213	0.234	0.229	0.185	0.135	0.236	0.215	0.162	0.147	0.175	0.149	0.211	0.210	0.266	0.222	0.152	0.148	0.257	0.171	0.138	0.135	0.151	0.149	0.218	0.205	0.239	0.205	0.149	0.150	0.248	0.189	0.124	0.119	0.159	0.143	0.208	0.202	0.241	0.217	0.147	0.143	0.246	0.211	0.118	0.124
17:40:01	0.142	0.147	0.211	0.145	0.219	0.208	0.147	0.145	0.247	0.216	0.149	0.142	0.154	0.150	0.214	0.200	0.215	0.207	0.147	0.144	0.235	0.228	0.154	0.142	0.144	0.169	0.217	0.200	0.215	0.206	0.147	0.144	0.230	0.225	0.153	0.145	0.149	0.146	0.216	0.249	0.224	0.208	0.154	0.147	0.227	0.215	0.159	0.146	0.146	0.158	0.222	0.214	0.241	0.234	0.184	0.135	0.233	0.219	0.163	0.148	0.175	0.149	0.211	0.211	0.271	0.225	0.152	0.149	0.261	0.187	0.138	0.136	0.151	0.149	0.218	0.206	0.243	0.209	0.149	0.150	0.255	0.186	0.125	0.119	0.160	0.144	0.209	0.203	0.247	0.221	0.147	0.144	0.250	0.215	0.118	0.125
18:00:01	0.142	0.147	0.211	0.147	0.225	0.212	0.147	0.145	0.251	0.218	0.149	0.143	0.154	0.150	0.215	0.201	0.221	0.210	0.147	0.144	0.238	0.230	0.154	0.143	0.144	0.170	0.218	0.201	0.219	0.209	0.147	0.145	0.236	0.222	0.153	0.145	0.149	0.146	0.217	0.250	0.226	0.215	0.154	0.147	0.232	0.221	0.159	0.147	0.146	0.158	0.223	0.215	0.245	0.238	0.184	0.134	0.225	0.221	0.163	0.149	0.176	0.149	0.212	0.212	0.279	0.230	0.151	0.149	0.261	0.192	0.137	0.136	0.151	0.150	0.219	0.206	0.245	0.213	0.149	0.151	0.257	0.179	0.125	0.119	0.160	0.144	0.209	0.203	0.253	0.225	0.149	0.144	0.251	0.219	0.118	0.125
18:20:01	0.143	0.147	0.212	0.149	0.229	0.216	0.147	0.145	0.255	0.222	0.149	0.143	0.154	0.150	0.215	0.202	0.226	0.213	0.147	0.144	0.237	0.231	0.154	0.144	0.144	0.170	0.218	0.203	0.223	0.212	0.147	0.145	0.238	0.226	0.153	0.146	0.149	0.147	0.217	0.252	0.230	0.220	0.154	0.147	0.235	0.225	0.159	0.148	0.146	0.158	0.223	0.216	0.249	0.243	0.183	0.133	0.233	0.221	0.163	0.149	0.176	0.150	0.212	0.213	0.286	0.235	0.152	0.149	0.262	0.188	0.138	0.136	0.151	0.150	0.219	0.207	0.252	0.217	0.149	0.151	0.263	0.178	0.125	0.119	0.160	0.144	0.210	0.204	0.259	0.229	0.149	0.144	0.254	0.221	0.118	0.125
18:40:01	0.143	0.148	0.212	0.151	0.232	0.220	0.147	0.146	0.260	0.225	0.149	0.144	0.155	0.151	0.216	0.202	0.229	0.216	0.147	0.145	0.232	0.234	0.155	0.144	0.144	0.170	0.219	0.204	0.227	0.215	0.147	0.145	0.242	0.230	0.154	0.146	0.150	0.147	0.218	0.250	0.237	0.223	0.154	0.147	0.240	0.224	0.159	0.148	0.146	0.159	0.224	0.217	0.253	0.248	0.183	0.133	0.246	0.221	0.163	0.150	0.176	0.150	0.212	0.214	0.292	0.242	0.152	0.149	0.267	0.188	0.138	0.137	0.152	0.150	0.220	0.208	0.252	0.221	0.149	0.151	0.262	0.180	0.125	0.119	0.160	0.144	0.210	0.204	0.265	0.234	0.149	0.145	0.257	0.224	0.118	0.125
19:00:01	0.143	0.148	0.213	0.153	0.235	0.224	0.147	0.146	0.266	0.231	0.150	0.145	0.155	0.151	0.216	0.203	0.234	0.219	0.147	0.145	0.233	0.237	0.155	0.145	0.145	0.170	0.220	0.204	0.230	0.218	0.147	0.146	0.245	0.233	0.154	0.147	0.150	0.147	0.218	0.251	0.240	0.226	0.154	0.148	0.244	0.227	0.159	0.149	0.146	0.159	0.224	0.217	0.258	0.254	0.183	0.132	0.248	0.223	0.164	0.150	0.176	0.150	0.212	0.215	0.297	0.250	0.151	0.149	0.272	0.188	0.138	0.137	0.152	0.150	0.220	0.208	0.266	0.224	0.149	0.151	0.267	0.184	0.124	0.119	0.160	0.144	0.210	0.204	0.271	0.238	0.148	0.145	0.260	0.228	0.118	0.125
19:20:01	0.143	0.148	0.213	0.155	0.239	0.227	0.147	0.146	0.269	0.222	0.150	0.145	0.155	0.151	0.217	0.204	0.238	0.221	0.147	0.145	0.245	0.238	0.155	0.145	0.145	0.170	0.220	0.205	0.231	0.220	0.147	0.146	0.245	0.235	0.154	0.147	0.150	0.147	0.218	0.251	0.243	0.229	0.154	0.148	0.247	0.230	0.159	0.149	0.147	0.158	0.224	0.217	0.279	0.261	0.180	0.130	0.250	0.229	0.164	0.150	0.177	0.150	0.213	0.215	0.299	0.257	0.151	0.149	0.277	0.192	0.138	0.137	0.152	0.150	0.220	0.208	0.260	0.227	0.148	0.150	0.271	0.188	0.125	0.119	0.161	0.145	0.210	0.204	0.277	0.243	0.149	0.145	0.261	0.231	0.118	0.125
19:40:01	0.144	0.149	0.214	0.158	0.241	0.232	0.147	0.146	0.240	0.237	0.150	0.146	0.155	0.151	0.217	0.204	0.241	0.224	0.147	0.145	0.232	0.240	0.155	0.146	0.145	0.170	0.221	0.206	0.233	0.224	0.147	0.146	0.256	0.239	0.154	0.148	0.150	0.147	0.219	0.254	0.246	0.232	0.154	0.148	0.253	0.237	0.159	0.150	0.147	0.159	0.225	0.219	0.287	0.269	0.181	0.130	0.262	0.233	0.164	0.151	0.177	0.151	0.213	0.216	0.302	0.267	0.151	0.149	0.284	0.193	0.138	0.138	0.152	0.151	0.220	0.209	0.266	0.230	0.148	0.151	0.273	0.201	0.125	0.119	0.161	0.145	0.211	0.205	0.283	0.247	0.149	0.145	0.259	0.235	0.118	0.125
20:00:01	0.144	0.149	0.214	0.160	0.243	0.236	0.147	0.146	0.254	0.240	0.150	0.146	0.156	0.152	0.218	0.204	0.244	0.227	0.147	0.145	0.239	0.241	0.156	0.146	0.145	0.171	0.222	0.208	0.236	0.227	0.147	0.147	0.261	0.244	0.154	0.148	0.151	0.148	0.220	0.254	0.248	0.234	0.154	0.148	0.259	0.240	0.160	0.150	0.147	0.160	0.225	0.220	0.294	0.276	0.184	0.132	0.268	0.239	0.164	0.151	0.177	0.152	0.213	0.217	0.308	0.277	0.151	0.150	0.289	0.201	0.139	0.138	0.153	0.151	0.221	0.210	0.288	0.233	0.149	0.152	0.276	0.198	0.125	0.119	0.161	0.145	0.211	0.205	0.289	0.251	0.149	0.145	0.259	0.237	0.118	0.125
20:20:01	0.144	0.149	0.215	0.162	0.245	0.240	0.147	0.146	0.274	0.242	0.151	0.147	0.156	0.152	0.218	0.205	0.247	0.230	0.148	0.146	0.255	0.242	0.156	0.146	0.146	0.172	0.222	0.209	0.239	0.230	0.148	0.147	0.264	0.251	0.155	0.148	0.151	0.149	0.220	0.254	0.251	0.237	0.154	0.149	0.262	0.247	0.162	0.150	0.147	0.160	0.225	0.223	0.297	0.281	0.186	0.134	0.266	0.238	0.165	0.152	0.178	0.152	0.214	0.218	0.316	0.283	0.151	0.149	0.292	0.199	0.140	0.139	0.153	0.152	0.222	0.211	0.301	0.236	0.149	0.152	0.284	0.196	0.125	0.119	0.161	0.145	0.211	0.206	0.293	0.255	0.149	0.145	0.272	0.241	0.118	0.126
20:40:01	0.144	0.149	0.215	0.164	0.248	0.245	0.147	0.147	0.263	0.237	0.151	0.147	0.157	0.153	0.219	0.205	0.250	0.235	0.148	0.146	0.246	0.246	0.156	0.147	0.146	0.172	0.223	0.210	0.242	0.234	0.148	0.147	0.276	0.260	0.155	0.149	0.151	0.149	0.220	0.263	0.254	0.239	0.154	0.149	0.277	0.258	0.162	0.151	0.148	0.160	0.225	0.224	0.304	0.285	0.187	0.136	0.264	0.243	0.165	0.152	0.179	0.152	0.214	0.219	0.324	0.288	0.151	0.149	0.306	0.195	0.140	0.139	0.152	0.152	0.222	0.211	0.296	0.237	0.150	0.152	0.285	0.200	0.126	0.119	0.161	0.146	0.212	0.206	0.296	0.258	0.149	0.146	0.277	0.245	0.118	0.125
21:00:01	0.145	0.149	0.215	0.167	0.250	0.248	0.147	0.147	0.269	0.235	0.151	0.147	0.156	0.152	0.220	0.206	0.252	0.234	0.148	0.146	0.257	0.250	0.156	0.147	0.146	0.172	0.223	0.210	0.244	0.236	0.148	0.148	0.277	0.266	0.155	0.149	0.151	0.149	0.221	0.255	0.257	0.241	0.154	0.149	0.280	0.263	0.162	0.151	0.148	0.161	0.225	0.224	0.305	0.290	0.188	0.137	0.276	0.243	0.165	0.152	0.178	0.153	0.214	0.219	0.327	0.290	0.151	0.150	0.313	0.205	0.141	0.140	0.153	0.152	0.223	0.211	0.302	0.240	0.150	0.153	0.284	0.203	0.125	0.119	0.162	0.146	0.212	0.207	0.301	0.261	0.148	0.145	0.274	0.246	0.118	0.125
21:20:01	0.145	0.150	0.216	0.169	0.254	0.253	0.147	0.147	0.266	0.249	0.151	0.147	0.157	0.152	0.220	0.206	0.253	0.239	0.148	0.146	0.248	0.259	0.157	0.147	0.146	0.173	0.224	0.211	0.247	0.240	0.148	0.148	0.288	0.272	0.155	0.149	0.152	0.149	0.221	0.256	0.260	0.243	0.154	0.149	0.291	0.273	0.163	0.151	0.148	0.161	0.226	0.225	0.311	0.294	0.190	0.139	0.279	0.248	0.165	0.152	0.179	0.153	0.214	0.220	0.329	0.291	0.151	0.150	0.317	0.207	0.141	0.141	0.153	0.152	0.223	0.212	0.305	0.243	0.150	0.153	0.290	0.208	0.126	0.119	0.162	0.146	0.212	0.207	0.306	0.265	0.149	0.145	0.275	0.251	0.118	0.125
21:40:01	0.145	0.150	0.216	0.171	0.256	0.257	0.147	0.147	0.271	0.240	0.151	0.148	0.157	0.153	0.220	0.207	0.256	0.243	0.148	0.146	0.244	0.264	0.157	0.147	0.146	0.173	0.224	0.212	0.249	0.243	0.149	0.148	0.298	0.284	0.156	0.149	0.152	0.150	0.221	0.258	0.263	0.245	0.155	0.149	0.300	0.281	0.163	0.151	0.148	0.162	0.226	0.226	0.317	0.300	0.193	0.141	0.276	0.246	0.165	0.153	0.179	0.153	0.215	0.220	0.332	0.295	0.151	0.150	0.323	0.205	0.141	0.141	0.154	0.153	0.224	0.212	0.309	0.245	0.151	0.154	0.289	0.214	0.126	0.119	0.162	0.146	0.212	0.207	0.311	0.268	0.148	0.145	0.280	0.254	0.118	0.125
22:00:01	0.145	0.150	0.216	0.172	0.260	0.262	0.147	0.147	0.300	0.240	0.151	0.148	0.157	0.153	0.221	0.208	0.258	0.247	0.148	0.146	0.285	0.271	0.157	0.147	0.147	0.173	0.225	0.213	0.252	0.247	0.149	0.149	0.306	0.295	0.156	0.150	0.152	0.150	0.222	0.259	0.266	0.248	0.155	0.149	0.307	0.290	0.164	0.152	0.148	0.162	0.226	0.227	0.318	0.304	0.194	0.144	0.302	0.253	0.165	0.153	0.179	0.153	0.215	0.221	0.341	0.298	0.152	0.150	0.324	0.211	0.142	0.141	0.154	0.153	0.224	0.213	0.314	0.247	0.151	0.154	0.300	0.218	0.126	0.119	0.162	0.146	0.212	0.208	0.317	0.271	0.148	0.145	0.286	0.259	0.118	0.125
22:20:01	0.145	0.150	0.217	0.174	0.263	0.266	0.147	0.147	0.293	0.260	0.151	0.148	0.157	0.153	0.221	0.208	0.260	0.252	0.148	0.146	0.268	0.277	0.157	0.148	0.147	0.174	0.225	0.213	0.255	0.250	0.149	0.149	0.311	0.299	0.156	0.150	0.152	0.150	0.222	0.261	0.269	0.251	0.155	0.149	0.320	0.295	0.164	0.152	0.148	0.162	0.227	0.228	0.322	0.308	0.196	0.146	0.303	0.261	0.166	0.153	0.179	0.153	0.215	0.221	0.346	0.302	0.151	0.150	0.334	0.214	0.142	0.142	0.154	0.153	0.224	0.213	0.317	0.249	0.151	0.154	0.300	0.221	0.126	0.119	0.162	0.146	0.213	0.208	0.320	0.273	0.148	0.145	0.302	0.263	0.118	0.125
22:40:01	0.145	0.150	0.217	0.175	0.267	0.269	0.147	0.147	0.310	0.246	0.151	0.148	0.157	0.153	0.222	0.209	0.263	0.254	0.148	0.146	0.278	0.281	0.157	0.148	0.147	0.174	0.226	0.214	0.258	0.254	0.149	0.149	0.317	0.309	0.156	0.150	0.152	0.151	0.222	0.257	0.272	0.254	0.155	0.150	0.323	0.301	0.164	0.152	0.149	0.163	0.227	0.229	0.324	0.315	0.197	0.147	0.308	0.264	0.166	0.153	0.179	0.154	0.216	0.222	0.348	0.307	0.152	0.150	0.338	0.207	0.143	0.142	0.154	0.153	0.225	0.214	0.321	0.251	0.151	0.154	0.301	0.226	0.126	0.120	0.163	0.146	0.213	0.208	0.325	0.278	0.148	0.145	0.299	0.266	0.118	0.126
23:00:01	0.146	0.150	0.217	0.177	0.271	0.274	0.147	0.147	0.327	0.243	0.151	0.148	0.157	0.153	0.222	0.209	0.266	0.258	0.148	0.147	0.277	0.293	0.157	0.148	0.147	0.174	0.226	0.214	0.262	0.257	0.150	0.150	0.327	0.307	0.157	0.150	0.153	0.151	0.223	0.259	0.275	0.256	0.156	0.150	0.333	0.314	0.164	0.152	0.149	0.163	0.227	0.229	0.329	0.319	0.198	0.149	0.293	0.265	0.166	0.153	0.180	0.154	0.216	0.222	0.351	0.313	0.152	0.150	0.347	0.210	0.143	0.143	0.154	0.154	0.225	0.214	0.324	0.254	0.151	0.154	0.302	0.232	0.126	0.119	0.163	0.147	0.213	0.209	0.329	0.281	0.148	0.145	0.301	0.271	0.118	0.126
23:20:01	0.146	0.150	0.217	0.178	0.275	0.277	0.147	0.147	0.322	0.259	0.151	0.148	0.158	0.154	0.223	0.210	0.268	0.263	0.148	0.147	0.262	0.300	0.158	0.148	0.147	0.175	0.226	0.216	0.266	0.259	0.150	0.150	0.335	0.317	0.157	0.150	0.153	0.151	0.223	0.262	0.278	0.259	0.156	0.150	0.341	0.322	0.166	0.152	0.149	0.164	0.227	0.231	0.332	0.323	0.201	0.152	0.315	0.268	0.166	0.154	0.180	0.155	0.216	0.223	0.353	0.318	0.152	0.150	0.348	0.213	0.145	0.143	0.155	0.155	0.226	0.215	0.326	0.256	0.151	0.155	0.309	0.238	0.127	0.120	0.163	0.147	0.213	0.210	0.332	0.283	0.148	0.145	0.331	0.274	0.118	0.126
23:40:01	0.146	0.150	0.218	0.179	0.278	0.281	0.147	0.147	0.316	0.266	0.152	0.148	0.158	0.155	0.224	0.212	0.273	0.268	0.150	0.148	0.294	0.309	0.158	0.149	0.148	0.176	0.227	0.216	0.269	0.262	0.151	0.151	0.344	0.322	0.159	0.151	0.153	0.152	0.223	0.261	0.281	0.262	0.156	0.150	0.347	0.324	0.167	0.152	0.149	0.166	0.228	0.232	0.335	0.328	0.206	0.156	0.316	0.272	0.166	0.154	0.180	0.156	0.216	0.223	0.361	0.326	0.153	0.150	0.357	0.231	0.147	0.144	0.155	0.156	0.227	0.216	0.329	0.259	0.152	0.155	0.317	0.247	0.127	0.120	0.163	0.147	0.213	0.210	0.337	0.288	0.148	0.145	0.315	0.281	0.118	0.125
24:00:01	0.146	0.151	0.218	0.180	0.283	0.285	0.147	0.147	0.322	0.279	0.151	0.149	0.158	0.155	0.224	0.212	0.277	0.272	0.150	0.148	0.302	0.316	0.158	0.149	0.148	0.177	0.228	0.217	0.274	0.266	0.151	0.151	0.349	0.333	0.159	0.151	0.154	0.153	0.224	0.261	0.283	0.265	0.157	0.150	0.354	0.328	0.168	0.153	0.149	0.167	0.228	0.233	0.340	0.334	0.211	0.160	0.322	0.275	0.167	0.155	0.180	0.156	0.217	0.224	0.365	0.334	0.153	0.150	0.364	0.233	0.148	0.144	0.155	0.157	0.228	0.216	0.335	0.262	0.152	0.155	0.325	0.253	0.128	0.119	0.163	0.147	0.214	0.210	0.340	0.292	0.148	0.145	0.324	0.284	0.118	0.126
24:20:01	0.146	0.151	0.218	0.181	0.286	0.287	0.147	0.147	0.328	0.256	0.152	0.149	0.158	0.155	0.225	0.213	0.280	0.276	0.150	0.148	0.287	0.322	0.158	0.149	0.148	0.177	0.228	0.218	0.277	0.268	0.151	0.152	0.359	0.331	0.159	0.151	0.154	0.153	0.224	0.261	0.286	0.269	0.157	0.151	0.359	0.335	0.168	0.153	0.149	0.167	0.229	0.234	0.343	0.338	0.214	0.164	0.332	0.279	0.167	0.155	0.181	0.156	0.217	0.225	0.368	0.341	0.153	0.150	0.370	0.234	0.149	0.144	0.155	0.157	0.229	0.217	0.343	0.266	0.153	0.156	0.336	0.264	0.128	0.119	0.163	0.147	0.214	0.210	0.342	0.296	0.148	0.145	0.333	0.286	0.118	0.126
24:40:01	0.146	0.151	0.218	0.182	0.290	0.291	0.147	0.147	0.304	0.270	0.152	0.149	0.158	0.155	0.225	0.213	0.283	0.280	0.150	0.148	0.306	0.329	0.158	0.149	0.148	0.178	0.229	0.219	0.279	0.270	0.152	0.152	0.364	0.344	0.159	0.151	0.154	0.153	0.224	0.266	0.289	0.273	0.157	0.151	0.361	0.348	0.169	0.153	0.149	0.168	0.229	0.235	0.346	0.343	0.217	0.168	0.335	0.282	0.167	0.155	0.181	0.157	0.217	0.225	0.368	0.346	0.152	0.150	0.371	0.235	0.150	0.144	0.155	0.158	0.229	0.217	0.343	0.270	0.153	0.156	0.342	0.267	0.128	0.120	0.163	0.147	0.214	0.211	0.342	0.300	0.148	0.145	0.330	0.294	0.118	0.126
25:00:01	0.146	0.151	0.218	0.183	0.294	0.295	0.146	0.147	0.319	0.290	0.151	0.149	0.158	0.155	0.225	0.214	0.285	0.283	0.150	0.148	0.299	0.336	0.158	0.149	0.148	0.178	0.229	0.218	0.281	0.273	0.152	0.152	0.367	0.344	0.160	0.151	0.154	0.154	0.224	0.262	0.291	0.276	0.157	0.151	0.369	0.355	0.169	0.153	0.150	0.168	0.230	0.235	0.349	0.348	0.220	0.171	0.337	0.287	0.167	0.155	0.181	0.156	0.218	0.225	0.375	0.354	0.152	0.150	0.375	0.239	0.150	0.144	0.155	0.158	0.229	0.218	0.349	0.273	0.153	0.155	0.345	0.274	0.129	0.120	0.163	0.147	0.214	0.211	0.345	0.303	0.148	0.145	0.338	0.296	0.118	0.126
25:20:01	0.146	0.151	0.218	0.183	0.298	0.298	0.146	0.147	0.332	0.269	0.151	0.149	0.158	0.155	0.225	0.214	0.287	0.286	0.150	0.148	0.310	0.343	0.158	0.149	0.148	0.178	0.229	0.219	0.282	0.275	0.152	0.152	0.372	0.352	0.160	0.151	0.154	0.153	0.224	0.262	0.294	0.277	0.157	0.152	0.371	0.354	0.169	0.153	0.150	0.168	0.230	0.236	0.353	0.354	0.221	0.173	0.348	0.293	0.167	0.155	0.181	0.157	0.218	0.226	0.377	0.360	0.152	0.149	0.375	0.243	0.150	0.145	0.155	0.158	0.229	0.218	0.355	0.276	0.153	0.155	0.349	0.278	0.129	0.119	0.163	0.147	0.214	0.211	0.344	0.307	0.148	0.145	0.343	0.302	0.118	0.126
25:40:01	0.146	0.151	0.219	0.184	0.302	0.301	0.146	0.147	0.319	0.280	0.151	0.149	0.158	0.156	0.226	0.214	0.290	0.290	0.150	0.148	0.320	0.348	0.158	0.149	0.149	0.178	0.229	0.220	0.285	0.278	0.152	0.152	0.376	0.352	0.160	0.151	0.154	0.154	0.225	0.261	0.297	0.281	0.157	0.151	0.373	0.355	0.169	0.153	0.150	0.168	0.230	0.236	0.358	0.361	0.222	0.175	0.352	0.298	0.167	0.155	0.181	0.157	0.218	0.226	0.379	0.368	0.152	0.149	0.382	0.250	0.150	0.145	0.155	0.158	0.229	0.218	0.363	0.280	0.153	0.155	0.357	0.285	0.129	0.119	0.164	0.147	0.214	0.211	0.347	0.310	0.148	0.145	0.350	0.301	0.118	0.126
26:00:01	0.146	0.151	0.219	0.184	0.305	0.305	0.146	0.147	0.338	0.286	0.152	0.149	0.159	0.156	0.226	0.215	0.293	0.294	0.150	0.149	0.311	0.352	0.158	0.149	0.149	0.178	0.230	0.220	0.287	0.281	0.152	0.152	0.381	0.361	0.160	0.151	0.154	0.154	0.225	0.262	0.300	0.283	0.158	0.152	0.375	0.367	0.170	0.153	0.150	0.168	0.231	0.236	0.361	0.369	0.222	0.177	0.345	0.302	0.167	0.155	0.181	0.157	0.218	0.226	0.380	0.376	0.151	0.149	0.385	0.254	0.151	0.145	0.155	0.158	0.229	0.218	0.371	0.284	0.152	0.155	0.358	0.291	0.129	0.119	0.164	0.147	0.214	0.211	0.347	0.314	0.147	0.145	0.357	0.312	0.118	0.126
26:20:01	0.147	0.152	0.219	0.185	0.310	0.309	0.146	0.147	0.353	0.306	0.152	0.149	0.160	0.157	0.226	0.215	0.297	0.299	0.151	0.149	0.326	0.357	0.158	0.149	0.149	0.179	0.230	0.221	0.290	0.284	0.152	0.152	0.383	0.361	0.160	0.151	0.155	0.154	0.225	0.274	0.305	0.286	0.158	0.152	0.381	0.366	0.170	0.153	0.150	0.169	0.231	0.238	0.365	0.376	0.222	0.178	0.346	0.304	0.168	0.155	0.182	0.157	0.219	0.226	0.381	0.381	0.151	0.148	0.388	0.259	0.152	0.145	0.155	0.158	0.230	0.218	0.374	0.287	0.152	0.155	0.364	0.297	0.129	0.119	0.164	0.147	0.214	0.211	0.346	0.316	0.147	0.145	0.369	0.313	0.118	0.126
26:40:01	0.147	0.152	0.219	0.185	0.314	0.311	0.146	0.147	0.362	0.296	0.151	0.149	0.159	0.158	0.228	0.217	0.303	0.302	0.153	0.150	0.330	0.360	0.158	0.149	0.149	0.179	0.230	0.220	0.292	0.285	0.152	0.152	0.387	0.368	0.162	0.151	0.155	0.154	0.225	0.267	0.307	0.288	0.158	0.152	0.381	0.364	0.171	0.153	0.150	0.171	0.231	0.237	0.371	0.382	0.225	0.179	0.351	0.307	0.168	0.156	0.181	0.158	0.219	0.226	0.391	0.387	0.151	0.148	0.387	0.261	0.153	0.145	0.156	0.159	0.230	0.218	0.387	0.291	0.152	0.155	0.365	0.299	0.131	0.120	0.164	0.147	0.215	0.212	0.352	0.320	0.147	0.145	0.358	0.324	0.118	0.127
27:00:01	0.147	0.153	0.220	0.186	0.318	0.316	0.146	0.147	0.340	0.282	0.152	0.149	0.160	0.159	0.228	0.217	0.306	0.307	0.153	0.150	0.342	0.365	0.158	0.149	0.149	0.179	0.231	0.222	0.294	0.289	0.152	0.152	0.390	0.370	0.162	0.151	0.155	0.154	0.226	0.273	0.311	0.292	0.158	0.152	0.385	0.376	0.171	0.153	0.150	0.171	0.232	0.239	0.373	0.388	0.225	0.179	0.359	0.305	0.168	0.156	0.183	0.158	0.220	0.226	0.393	0.392	0.150	0.148	0.391	0.266	0.154	0.145	0.155	0.160	0.230	0.219	0.387	0.295	0.152	0.154	0.373	0.306	0.131	0.120	0.164	0.147	0.215	0.212	0.348	0.323	0.147	0.145	0.369	0.319	0.118	0.127
27:20:01	0.147	0.152	0.220	0.186	0.321	0.317	0.146	0.146	0.372	0.311	0.151	0.149	0.159	0.158	0.228	0.218	0.311	0.310	0.153	0.151	0.340	0.367	0.159	0.149	0.150	0.179	0.231	0.221	0.296	0.289	0.152	0.152	0.394	0.373	0.162	0.151	0.155	0.154	0.225	0.264	0.313	0.295	0.159	0.152	0.386	0.373	0.171	0.153	0.150	0.171	0.232	0.238	0.379	0.394	0.226	0.180	0.356	0.306	0.168	0.156	0.182	0.159	0.220	0.226	0.396	0.397	0.151	0.148	0.391	0.262	0.155	0.145	0.156	0.160	0.231	0.218	0.399	0.298	0.151	0.154	0.378	0.313	0.131	0.120	0.164	0.147	0.215	0.212	0.356	0.328	0.147	0.144	0.365	0.330	0.118	0.127
27:40:01	0.147	0.153	0.220	0.186	0.325	0.320	0.146	0.146	0.359	0.303	0.151	0.149	0.159	0.159	0.229	0.219	0.316	0.314	0.154	0.151	0.338	0.371	0.159	0.149	0.150	0.179	0.231	0.222	0.299	0.291	0.151	0.152	0.398	0.378	0.162	0.151	0.156	0.154	0.226	0.264	0.317	0.300	0.160	0.153	0.388	0.381	0.171	0.154	0.150	0.172	0.232	0.238	0.389	0.401	0.226	0.181	0.381	0.316	0.168	0.157	0.182	0.160	0.220	0.225	0.399	0.404	0.150	0.148	0.394	0.261	0.156	0.146	0.156	0.160	0.231	0.218	0.408	0.303	0.151	0.154	0.382	0.328	0.132	0.120	0.164	0.147	0.215	0.213	0.360	0.332	0.147	0.144	0.373	0.342	0.118	0.127
28:00:01	0.147	0.153	0.220	0.187	0.329	0.323	0.146	0.146	0.357	0.305	0.152	0.149	0.159	0.159	0.229	0.219	0.320	0.317	0.154	0.151	0.351	0.376	0.158	0.149	0.150	0.179	0.231	0.222	0.302	0.293	0.151	0.151	0.400	0.380	0.163	0.151	0.156	0.154	0.226	0.264	0.321	0.303	0.160	0.153	0.394	0.381	0.172	0.154	0.150	0.172	0.232	0.238	0.395	0.406	0.226	0.181	0.382	0.325	0.169	0.157	0.182	0.160	0.220	0.226	0.404	0.408	0.150	0.148	0.397	0.269	0.156	0.146	0.156	0.160	0.231	0.218	0.409	0.306	0.151	0.153	0.387	0.331	0.132	0.120	0.164	0.147	0.215	0.213	0.360	0.334	0.147	0.144	0.379	0.348	0.118	0.127
28:20:01	0.147	0.153	0.220	0.188	0.333	0.326	0.146	0.146	0.362	0.318	0.152	0.149	0.160	0.159	0.229	0.219	0.324	0.322	0.153	0.151	0.356	0.377	0.158	0.149	0.150	0.178	0.231	0.222	0.305	0.295	0.150	0.151	0.403	0.384	0.163	0.152	0.156	0.153	0.226	0.263	0.324	0.307	0.161	0.153	0.395	0.382	0.171	0.154	0.150	0.172	0.232	0.238	0.400	0.412	0.226	0.180	0.376	0.334	0.169	0.157	0.182	0.160	0.221	0.225	0.413	0.412	0.150	0.148	0.384	0.265	0.157	0.146	0.156	0.160	0.231	0.218	0.418	0.310	0.150	0.153	0.388	0.342	0.132	0.120	0.164	0.147	0.216	0.213	0.364	0.337	0.147	0.144	0.379	0.354	0.118	0.127
28:40:01	0.147	0.154	0.221	0.188	0.336	0.330	0.146	0.146	0.354	0.322	0.152	0.149	0.160	0.159	0.229	0.219	0.327	0.325	0.153	0.151	0.360	0.381	0.159	0.149	0.150	0.178	0.231	0.222	0.308	0.297	0.150	0.150	0.405	0.389	0.162	0.152	0.156	0.153	0.226	0.264	0.328	0.310	0.160	0.153	0.397	0.392	0.171	0.154	0.150	0.172	0.232	0.237	0.406	0.417	0.224	0.180	0.378	0.334	0.169	0.157	0.182	0.160	0.221	0.225	0.423	0.418	0.149	0.148	0.389	0.273	0.157	0.146	0.156	0.160	0.231	0.218	0.422	0.314	0.150	0.152	0.391	0.347	0.132	0.120	0.164	0.147	0.216	0.213	0.364	0.341	0.147	0.144	0.376	0.356	0.118	0.127
29:00:01	0.148	0.154	0.221	0.189	0.339	0.332	0.145	0.146	0.367	0.314	0.152	0.149	0.160	0.159	0.229	0.220	0.331	0.327	0.153	0.151	0.348	0.384	0.158	0.149	0.150	0.178	0.231	0.222	0.312	0.299	0.150	0.150	0.407	0.390	0.163	0.152	0.156	0.153	0.226	0.264	0.332	0.314	0.161	0.153	0.400	0.391	0.171	0.154	0.150	0.172	0.232	0.237	0.413	0.422	0.224	0.181	0.382	0.326	0.169	0.157	0.182	0.160	0.221	0.225	0.428	0.420	0.149	0.148	0.394	0.274	0.157	0.146	0.156	0.160	0.232	0.218	0.424	0.316	0.149	0.152	0.398	0.352	0.133	0.119	0.164	0.147	0.216	0.213	0.365	0.345	0.147	0.144	0.381	0.367	0.118	0.127
29:20:01	0.148	0.154	0.221	0.189	0.341	0.334	0.145	0.146	0.374	0.299	0.152	0.150	0.160	0.160	0.230	0.220	0.334	0.331	0.154	0.151	0.363	0.385	0.159	0.149	0.150	0.177	0.231	0.223	0.315	0.301	0.149	0.150	0.409	0.392	0.163	0.152	0.156	0.152	0.226	0.268	0.335	0.317	0.161	0.154	0.402	0.392	0.171	0.154	0.150	0.173	0.232	0.237	0.418	0.429	0.224	0.180	0.394	0.338	0.169	0.158	0.182	0.161	0.222	0.225	0.429	0.425	0.148	0.147	0.399	0.276	0.158	0.146	0.156	0.161	0.232	0.218	0.426	0.320	0.149	0.151	0.398	0.353	0.133	0.120	0.164	0.147	0.216	0.214	0.370	0.346	0.147	0.144	0.387	0.375	0.118	0.127
29:40:01	0.148	0.155	0.221	0.190	0.344	0.336	0.145	0.146	0.415	0.304	0.152	0.150	0.160	0.159	0.230	0.220	0.338	0.333	0.153	0.151	0.372	0.388	0.159	0.149	0.150	0.177	0.230	0.223	0.318	0.303	0.149	0.149	0.411	0.393	0.163	0.152	0.156	0.152	0.226	0.266	0.339	0.321	0.161	0.154	0.404	0.399	0.171	0.154	0.150	0.173	0.232	0.237	0.424	0.435	0.224	0.179	0.385	0.343	0.169	0.158	0.182	0.161	0.222	0.225	0.432	0.431	0.149	0.147	0.399	0.279	0.158	0.146	0.156	0.161	0.232	0.218	0.433	0.323	0.149	0.151	0.401	0.358	0.133	0.120	0.164	0.147	0.216	0.214	0.374	0.349	0.147	0.144	0.384	0.370	0.118	0.127
30:00:01	0.148	0.155	0.221	0.190	0.347	0.338	0.145	0.146	0.412	0.304	0.152	0.150	0.160	0.158	0.229	0.219	0.339	0.335	0.151	0.149	0.364	0.390	0.159	0.149	0.150	0.176	0.230	0.223	0.322	0.304	0.148	0.149	0.414	0.394	0.162	0.151	0.156	0.152	0.226	0.264	0.340	0.323	0.161	0.154	0.405	0.398	0.170	0.154	0.150	0.172	0.232	0.237	0.432	0.441	0.222	0.177	0.390	0.342	0.169	0.157	0.182	0.159	0.222	0.225	0.438	0.435	0.148	0.147	0.407	0.282	0.158	0.146	0.156	0.159	0.232	0.218	0.436	0.327	0.148	0.150	0.405	0.360	0.132	0.120	0.164	0.147	0.216	0.213	0.375	0.352	0.147	0.144	0.395	0.354	0.118	0.127
30:20:01	0.149	0.155	0.221	0.191	0.349	0.341	0.145	0.146	0.397	0.328	0.152	0.150	0.160	0.158	0.229	0.219	0.342	0.337	0.151	0.150	0.360	0.390	0.159	0.150	0.150	0.176	0.230	0.223	0.325	0.306	0.148	0.149	0.415	0.395	0.162	0.151	0.156	0.151	0.226	0.265	0.343	0.325	0.161	0.155	0.404	0.398	0.170	0.154	0.150	0.171	0.232	0.237	0.444	0.446	0.221	0.176	0.397	0.344	0.169	0.157	0.183	0.159	0.222	0.225	0.446	0.439	0.148	0.147	0.408	0.274	0.158	0.146	0.156	0.159	0.231	0.217	0.439	0.330	0.148	0.150	0.406	0.360	0.132	0.120	0.164	0.147	0.216	0.213	0.379	0.353	0.146	0.144	0.398	0.383	0.118	0.127
30:40:01	0.149	0.156	0.221	0.191	0.350	0.343	0.145	0.146	0.428	0.303	0.152	0.150	0.160	0.157	0.228	0.219	0.345	0.338	0.151	0.149	0.363	0.390	0.158	0.149	0.150	0.176	0.230	0.222	0.327	0.307	0.148	0.148	0.416	0.396	0.161	0.151	0.156	0.151	0.225	0.262	0.345	0.328	0.162	0.155	0.405	0.399	0.170	0.154	0.151	0.171	0.233	0.236	0.446	0.450	0.221	0.175	0.396	0.345	0.169	0.157	0.183	0.159	0.222	0.225	0.454	0.442	0.148	0.147	0.404	0.290	0.157	0.146	0.156	0.159	0.231	0.217	0.442	0.333	0.148	0.150	0.409	0.354	0.132	0.120	0.164	0.147	0.216	0.214	0.381	0.356	0.146	0.144	0.390	0.377	0.118	0.128
31:00:01	0.150	0.157	0.221	0.191	0.353	0.344	0.145	0.146	0.387	0.319	0.152	0.150	0.160	0.157	0.228	0.219	0.347	0.341	0.150	0.149	0.375	0.392	0.159	0.150	0.150	0.175	0.230	0.223	0.330	0.309	0.148	0.148	0.418	0.398	0.161	0.151	0.156	0.151	0.225	0.264	0.347	0.331	0.162	0.155	0.403	0.402	0.169	0.155	0.150	0.170	0.233	0.236	0.447	0.454	0.219	0.175	0.410	0.346	0.169	0.157	0.183	0.159	0.222	0.225	0.457	0.445	0.148	0.147	0.411	0.287	0.157	0.146	0.156	0.159	0.231	0.217	0.444	0.336	0.147	0.149	0.412	0.358	0.132	0.120	0.164	0.148	0.216	0.214	0.383	0.359	0.146	0.144	0.397	0.380	0.118	0.128
31:20:01	0.150	0.157	0.222	0.192	0.355	0.346	0.145	0.146	0.404	0.309	0.152	0.150	0.160	0.157	0.228	0.219	0.349	0.343	0.150	0.149	0.382	0.393	0.159	0.150	0.150	0.175	0.230	0.223	0.334	0.311	0.147	0.148	0.419	0.399	0.161	0.151	0.156	0.150	0.225	0.263	0.348	0.335	0.162	0.156	0.406	0.405	0.169	0.155	0.151	0.170	0.233	0.236	0.456	0.459	0.216	0.175	0.401	0.346	0.170	0.157	0.183	0.159	0.223	0.226	0.465	0.448	0.148	0.147	0.413	0.286	0.157	0.146	0.156	0.158	0.231	0.217	0.448	0.339	0.147	0.149	0.411	0.362	0.132	0.120	0.164	0.147	0.216	0.214	0.385	0.362	0.146	0.143	0.403	0.374	0.118	0.127
31:40:01	0.152	0.159	0.222	0.193	0.358	0.350	0.145	0.146	0.409	0.307	0.152	0.150	0.162	0.157	0.228	0.219	0.352	0.346	0.149	0.149	0.376	0.394	0.158	0.150	0.150	0.175	0.230	0.224	0.337	0.314	0.147	0.148	0.420	0.400	0.160	0.151	0.156	0.151	0.226	0.271	0.351	0.338	0.162	0.156	0.405	0.407	0.169	0.154	0.151	0.169	0.234	0.238	0.470	0.465	0.216	0.172	0.404	0.356	0.170	0.156	0.184	0.158	0.223	0.226	0.478	0.453	0.147	0.146	0.419	0.295	0.156	0.146	0.155	0.158	0.231	0.217	0.450	0.342	0.147	0.149	0.414	0.353	0.132	0.120	0.164	0.147	0.216	0.214	0.384	0.365	0.146	0.144	0.411	0.381	0.119	0.128
32:00:02	0.151	0.158	0.222	0.193	0.360	0.351	0.145	0.146	0.400	0.320	0.152	0.150	0.160	0.157	0.228	0.219	0.355	0.347	0.149	0.148	0.385	0.395	0.159	0.150	0.149	0.175	0.230	0.223	0.340	0.314	0.147	0.147	0.421	0.402	0.160	0.151	0.155	0.150	0.226	0.263	0.352	0.340	0.163	0.156	0.408	0.407	0.168	0.155	0.151	0.168	0.234	0.236	0.475	0.466	0.215	0.172	0.401	0.365	0.170	0.156	0.183	0.158	0.223	0.226	0.486	0.456	0.148	0.146	0.416	0.291	0.156	0.146	0.156	0.157	0.231	0.217	0.455	0.343	0.147	0.148	0.418	0.347	0.133	0.120	0.164	0.148	0.216	0.214	0.392	0.369	0.146	0.143	0.405	0.386	0.119	0.127
32:20:02	0.152	0.158	0.222	0.193	0.363	0.353	0.145	0.146	0.416	0.307	0.152	0.150	0.160	0.157	0.228	0.219	0.357	0.349	0.149	0.148	0.389	0.396	0.159	0.150	0.150	0.174	0.230	0.224	0.343	0.315	0.147	0.147	0.423	0.404	0.160	0.151	0.155	0.150	0.225	0.266	0.355	0.343	0.163	0.157	0.407	0.408	0.168	0.155	0.151	0.168	0.234	0.236	0.475	0.470	0.214	0.172	0.410	0.367	0.171	0.156	0.183	0.158	0.223	0.226	0.491	0.459	0.147	0.146	0.411	0.295	0.155	0.146	0.156	0.158	0.230	0.217	0.458	0.347	0.146	0.148	0.421	0.347	0.133	0.120	0.164	0.147	0.216	0.214	0.392	0.375	0.146	0.143	0.404	0.367	0.119	0.127
32:40:02	0.153	0.159	0.223	0.194	0.365	0.356	0.145	0.145	0.423	0.317	0.152	0.150	0.161	0.157	0.228	0.220	0.360	0.351	0.149	0.148	0.392	0.397	0.159	0.150	0.150	0.174	0.230	0.225	0.347	0.317	0.146	0.147	0.423	0.404	0.160	0.151	0.155	0.150	0.226	0.265	0.357	0.345	0.163	0.157	0.411	0.410	0.168	0.155	0.151	0.169	0.234	0.237	0.483	0.475	0.214	0.171	0.408	0.367	0.172	0.156	0.184	0.159	0.223	0.227	0.499	0.462	0.147	0.146	0.410	0.300	0.155	0.146	0.156	0.158	0.230	0.217	0.460	0.349	0.146	0.148	0.423	0.348	0.133	0.120	0.164	0.147	0.216	0.214	0.398	0.377	0.146	0.143	0.403	0.364	0.118	0.128
33:00:02	0.154	0.160	0.223	0.194	0.367	0.359	0.144	0.145	0.398	0.319	0.152	0.150	0.161	0.157	0.228	0.220	0.362	0.353	0.148	0.148	0.394	0.399	0.159	0.150	0.150	0.174	0.230	0.225	0.350	0.318	0.146	0.147	0.425	0.406	0.160	0.151	0.155	0.150	0.226	0.268	0.359	0.349	0.163	0.157	0.411	0.411	0.167	0.155	0.151	0.169	0.234	0.237	0.489	0.477	0.215	0.171	0.397	0.369	0.173	0.157	0.184	0.158	0.223	0.227	0.507	0.465	0.147	0.146	0.409	0.290	0.155	0.147	0.156	0.158	0.230	0.217	0.463	0.351	0.146	0.147	0.421	0.346	0.133	0.120	0.164	0.147	0.217	0.214	0.402	0.381	0.146	0.143	0.406	0.386	0.119	0.128
33:20:02	0.155	0.161	0.223	0.195	0.370	0.362	0.144	0.145	0.419	0.318	0.152	0.150	0.161	0.157	0.228	0.220	0.364	0.354	0.148	0.148	0.401	0.399	0.159	0.150	0.150	0.174	0.230	0.225	0.352	0.319	0.146	0.147	0.426	0.407	0.160	0.152	0.155	0.150	0.226	0.267	0.361	0.351	0.163	0.157	0.413	0.412	0.167	0.154	0.151	0.168	0.234	0.237	0.492	0.483	0.214	0.170	0.420	0.368	0.174	0.157	0.185	0.158	0.223	0.227	0.512	0.468	0.147	0.145	0.415	0.305	0.154	0.147	0.156	0.157	0.230	0.217	0.466	0.353	0.146	0.147	0.425	0.347	0.134	0.120	0.164	0.147	0.217	0.214	0.408	0.384	0.145	0.143	0.401	0.365	0.118	0.128
33:40:02	0.156	0.162	0.223	0.195	0.372	0.365	0.144	0.145	0.425	0.319	0.152	0.150	0.162	0.157	0.228	0.220	0.367	0.357	0.148	0.148	0.388	0.401	0.158	0.150	0.150	0.174	0.230	0.226	0.354	0.321	0.146	0.147	0.427	0.409	0.160	0.152	0.155	0.150	0.226	0.266	0.364	0.354	0.163	0.158	0.414	0.414	0.166	0.155	0.151	0.168	0.234	0.237	0.500	0.487	0.214	0.169	0.408	0.363	0.176	0.157	0.186	0.158	0.223	0.228	0.517	0.471	0.146	0.145	0.419	0.308	0.154	0.146	0.156	0.157	0.230	0.217	0.471	0.356	0.146	0.147	0.427	0.355	0.134	0.120	0.164	0.147	0.217	0.214	0.413	0.386	0.145	0.143	0.413	0.374	0.119	0.128
34:00:02	0.157	0.162	0.223	0.196	0.374	0.367	0.144	0.145	0.394	0.321	0.152	0.150	0.162	0.156	0.228	0.221	0.369	0.358	0.148	0.148	0.398	0.402	0.159	0.150	0.150	0.174	0.231	0.227	0.357	0.322	0.146	0.147	0.428	0.411	0.160	0.151	0.156	0.150	0.226	0.265	0.366	0.356	0.164	0.158	0.414	0.416	0.166	0.155	0.151	0.168	0.235	0.238	0.500	0.491	0.214	0.169	0.402	0.368	0.178	0.157	0.186	0.159	0.224	0.228	0.531	0.474	0.147	0.146	0.421	0.304	0.154	0.147	0.156	0.158	0.230	0.217	0.482	0.359	0.146	0.147	0.428	0.361	0.134	0.120	0.164	0.148	0.217	0.215	0.418	0.383	0.146	0.143	0.415	0.390	0.119	0.128
34:20:02	0.157	0.163	0.223	0.196	0.377	0.370	0.144	0.145	0.379	0.319	0.152	0.150	0.162	0.156	0.228	0.221	0.371	0.359	0.148	0.148	0.406	0.403	0.159	0.150	0.150	0.173	0.231	0.227	0.359	0.323	0.146	0.146	0.429	0.411	0.160	0.151	0.155	0.149	0.226	0.266	0.369	0.359	0.164	0.158	0.416	0.417	0.166	0.155	0.151	0.168	0.235	0.238	0.501	0.495	0.214	0.169	0.396	0.376	0.180	0.156	0.186	0.158	0.224	0.228	0.535	0.477	0.147	0.146	0.423	0.315	0.154	0.147	0.156	0.157	0.230	0.217	0.484	0.360	0.145	0.147	0.426	0.365	0.134	0.120	0.164	0.148	0.217	0.214	0.423	0.380	0.145	0.143	0.404	0.383	0.119	0.128
34:40:02	0.158	0.164	0.223	0.196	0.378	0.372	0.144	0.145	0.360	0.316	0.152	0.150	0.162	0.156	0.228	0.221	0.374	0.361	0.147	0.147	0.385	0.403	0.159	0.150	0.149	0.173	0.231	0.227	0.362	0.323	0.146	0.146	0.430	0.413	0.159	0.152	0.155	0.149	0.226	0.266	0.370	0.361	0.164	0.159	0.414	0.417	0.166	0.155	0.151	0.168	0.235	0.238	0.517	0.497	0.214	0.170	0.391	0.375	0.181	0.156	0.187	0.158	0.224	0.229	0.541	0.480	0.146	0.145	0.418	0.316	0.154	0.146	0.156	0.157	0.230	0.217	0.468	0.363	0.145	0.146	0.425	0.370	0.134	0.120	0.164	0.148	0.217	0.214	0.429	0.381	0.145	0.143	0.396	0.389	0.118	0.128
35:00:02	0.159	0.164	0.224	0.197	0.380	0.375	0.144	0.145	0.352	0.318	0.153	0.151	0.163	0.156	0.228	0.221	0.378	0.363	0.146	0.147	0.384	0.406	0.159	0.150	0.149	0.173	0.231	0.228	0.365	0.324	0.146	0.146	0.431	0.414	0.159	0.151	0.155	0.149	0.226	0.266	0.373	0.364	0.164	0.159	0.416	0.419	0.165	0.155	0.151	0.167	0.235	0.238	0.520	0.501	0.214	0.170	0.384	0.374	0.184	0.156	0.187	0.158	0.224	0.229	0.548	0.482	0.146	0.145	0.421	0.310	0.154	0.147	0.156	0.157	0.230	0.217	0.481	0.365	0.145	0.146	0.428	0.378	0.135	0.120	0.164	0.147	0.217	0.214	0.432	0.389	0.145	0.143	0.384	0.373	0.119	0.128
35:20:02	0.160	0.165	0.224	0.197	0.382	0.377	0.144	0.145	0.349	0.321	0.153	0.151	0.164	0.156	0.228	0.221	0.381	0.366	0.146	0.147	0.384	0.407	0.159	0.151	0.149	0.173	0.231	0.229	0.368	0.325	0.145	0.146	0.432	0.414	0.159	0.152	0.155	0.149	0.226	0.267	0.377	0.366	0.163	0.159	0.417	0.419	0.165	0.155	0.151	0.167	0.235	0.238	0.525	0.504	0.212	0.170	0.377	0.378	0.186	0.156	0.188	0.157	0.224	0.230	0.555	0.486	0.146	0.145	0.421	0.323	0.154	0.147	0.156	0.156	0.229	0.217	0.492	0.367	0.145	0.146	0.431	0.376	0.135	0.120	0.164	0.147	0.217	0.214	0.435	0.388	0.145	0.142	0.374	0.370	0.119	0.128
35:40:02	0.161	0.166	0.224	0.198	0.385	0.380	0.144	0.145	0.349	0.323	0.153	0.151	0.165	0.155	0.227	0.221	0.383	0.368	0.146	0.146	0.373	0.407	0.158	0.151	0.149	0.173	0.231	0.229	0.370	0.326	0.145	0.146	0.433	0.414	0.159	0.152	0.155	0.149	0.226	0.267	0.379	0.369	0.163	0.159	0.416	0.419	0.165	0.155	0.151	0.167	0.236	0.239	0.535	0.507	0.212	0.170	0.372	0.375	0.189	0.156	0.189	0.157	0.224	0.230	0.564	0.488	0.146	0.145	0.423	0.326	0.154	0.147	0.156	0.156	0.229	0.217	0.476	0.369	0.145	0.146	0.435	0.377	0.135	0.120	0.165	0.147	0.217	0.214	0.439	0.391	0.145	0.142	0.369	0.386	0.119	0.128
36:00:02	0.162	0.167	0.224	0.198	0.388	0.384	0.144	0.145	0.348	0.324	0.153	0.151	0.165	0.155	0.227	0.221	0.385	0.371	0.146	0.146	0.364	0.409	0.158	0.151	0.149	0.172	0.231	0.230	0.372	0.327	0.145	0.146	0.433	0.417	0.159	0.152	0.155	0.149	0.226	0.272	0.381	0.371	0.163	0.159	0.419	0.420	0.164	0.155	0.151	0.166	0.236	0.239	0.527	0.512	0.212	0.169	0.367	0.376	0.191	0.156	0.190	0.157	0.224	0.231	0.567	0.487	0.146	0.145	0.425	0.326	0.154	0.147	0.156	0.156	0.229	0.217	0.490	0.371	0.145	0.146	0.433	0.387	0.135	0.120	0.165	0.147	0.217	0.214	0.444	0.395	0.144	0.142	0.368	0.389	0.119	0.128
36:20:02	0.163	0.167	0.224	0.199	0.391	0.387	0.144	0.145	0.346	0.328	0.154	0.151	0.166	0.156	0.228	0.222	0.387	0.373	0.146	0.146	0.366	0.410	0.158	0.151	0.149	0.172	0.232	0.230	0.375	0.328	0.145	0.146	0.434	0.418	0.159	0.152	0.155	0.149	0.227	0.266	0.383	0.374	0.163	0.160	0.418	0.422	0.164	0.155	0.151	0.167	0.236	0.239	0.527	0.515	0.211	0.167	0.364	0.376	0.193	0.156	0.191	0.157	0.224	0.231	0.578	0.493	0.146	0.145	0.424	0.328	0.154	0.147	0.156	0.156	0.229	0.217	0.488	0.373	0.144	0.145	0.436	0.385	0.135	0.120	0.165	0.147	0.217	0.214	0.449	0.401	0.145	0.142	0.369	0.354	0.119	0.128
36:40:02	0.164	0.168	0.224	0.199	0.393	0.390	0.143	0.145	0.346	0.330	0.154	0.151	0.167	0.155	0.227	0.222	0.388	0.376	0.145	0.146	0.364	0.410	0.159	0.151	0.149	0.172	0.232	0.231	0.379	0.329	0.145	0.146	0.435	0.418	0.159	0.152	0.155	0.149	0.227	0.268	0.385	0.376	0.163	0.160	0.418	0.423	0.164	0.155	0.151	0.167	0.236	0.240	0.532	0.515	0.212	0.167	0.363	0.373	0.196	0.156	0.192	0.157	0.224	0.231	0.590	0.498	0.146	0.144	0.420	0.325	0.154	0.147	0.156	0.156	0.229	0.217	0.489	0.375	0.144	0.145	0.435	0.387	0.135	0.120	0.165	0.147	0.217	0.214	0.452	0.402	0.144	0.142	0.368	0.347	0.119	0.128
37:00:02	0.167	0.171	0.225	0.201	0.396	0.393	0.143	0.145	0.348	0.334	0.155	0.152	0.171	0.156	0.228	0.222	0.391	0.378	0.145	0.146	0.363	0.411	0.158	0.152	0.149	0.172	0.232	0.232	0.382	0.331	0.145	0.146	0.434	0.418	0.158	0.151	0.155	0.149	0.227	0.278	0.389	0.379	0.163	0.160	0.421	0.423	0.164	0.155	0.151	0.166	0.237	0.242	0.541	0.519	0.209	0.168	0.362	0.376	0.196	0.156	0.195	0.157	0.224	0.232	0.596	0.501	0.145	0.144	0.433	0.324	0.154	0.147	0.155	0.156	0.229	0.218	0.495	0.378	0.144	0.145	0.433	0.396	0.136	0.120	0.165	0.147	0.217	0.214	0.451	0.402	0.144	0.142	0.366	0.339	0.119	0.128
37:20:02	0.166	0.169	0.225	0.200	0.399	0.395	0.143	0.144	0.349	0.336	0.155	0.152	0.168	0.155	0.227	0.222	0.394	0.379	0.145	0.146	0.363	0.412	0.159	0.152	0.149	0.172	0.232	0.232	0.384	0.331	0.145	0.146	0.437	0.419	0.158	0.152	0.155	0.149	0.227	0.269	0.389	0.380	0.163	0.160	0.420	0.424	0.164	0.155	0.151	0.166	0.237	0.241	0.547	0.522	0.211	0.168	0.362	0.373	0.200	0.156	0.193	0.157	0.224	0.232	0.594	0.502	0.145	0.144	0.425	0.330	0.153	0.147	0.156	0.155	0.229	0.217	0.488	0.379	0.144	0.145	0.438	0.401	0.136	0.120	0.165	0.147	0.217	0.214	0.461	0.407	0.144	0.142	0.368	0.337	0.119	0.128
37:40:02	0.167	0.170	0.225	0.201	0.402	0.399	0.143	0.144	0.351	0.339	0.156	0.153	0.169	0.155	0.227	0.222	0.397	0.381	0.145	0.146	0.365	0.413	0.159	0.153	0.149	0.172	0.232	0.232	0.385	0.333	0.145	0.146	0.437	0.420	0.159	0.152	0.155	0.149	0.227	0.269	0.391	0.383	0.164	0.160	0.420	0.425	0.165	0.156	0.151	0.167	0.237	0.241	0.550	0.525	0.211	0.168	0.364	0.367	0.202	0.156	0.194	0.157	0.224	0.232	0.598	0.506	0.145	0.144	0.426	0.329	0.154	0.147	0.156	0.155	0.229	0.218	0.498	0.381	0.144	0.145	0.442	0.401	0.136	0.121	0.165	0.147	0.217	0.214	0.463	0.409	0.144	0.142	0.368	0.335	0.119	0.128
38:00:02	0.168	0.172	0.225	0.201	0.404	0.402	0.143	0.144	0.354	0.341	0.157	0.153	0.170	0.155	0.227	0.223	0.400	0.383	0.145	0.145	0.367	0.413	0.159	0.154	0.149	0.171	0.232	0.232	0.388	0.334	0.145	0.146	0.438	0.420	0.159	0.152	0.155	0.148	0.227	0.269	0.393	0.385	0.164	0.160	0.422	0.424	0.165	0.156	0.151	0.167	0.237	0.241	0.551	0.526	0.211	0.168	0.364	0.382	0.204	0.156	0.195	0.157	0.224	0.232	0.605	0.509	0.145	0.144	0.424	0.327	0.154	0.148	0.156	0.155	0.229	0.218	0.491	0.382	0.144	0.144	0.441	0.399	0.136	0.121	0.165	0.147	0.217	0.214	0.469	0.416	0.144	0.142	0.369	0.333	0.119	0.128
38:20:02	0.172	0.176	0.226	0.204	0.408	0.405	0.143	0.144	0.356	0.341	0.159	0.155	0.175	0.156	0.228	0.223	0.403	0.386	0.145	0.145	0.369	0.415	0.159	0.155	0.149	0.172	0.233	0.234	0.390	0.337	0.145	0.146	0.438	0.421	0.158	0.151	0.155	0.149	0.228	0.280	0.396	0.388	0.164	0.161	0.423	0.424	0.165	0.156	0.151	0.167	0.238	0.244	0.555	0.532	0.210	0.168	0.364	0.379	0.204	0.156	0.199	0.158	0.224	0.234	0.617	0.510	0.145	0.144	0.437	0.325	0.154	0.147	0.155	0.156	0.229	0.218	0.501	0.386	0.144	0.144	0.442	0.399	0.137	0.121	0.165	0.147	0.217	0.214	0.469	0.415	0.144	0.142	0.368	0.333	0.119	0.128
38:40:02	0.171	0.174	0.225	0.203	0.409	0.407	0.143	0.144	0.358	0.343	0.159	0.155	0.171	0.155	0.227	0.223	0.403	0.387	0.144	0.145	0.369	0.415	0.159	0.156	0.149	0.171	0.232	0.233	0.391	0.338	0.145	0.146	0.438	0.421	0.158	0.152	0.154	0.148	0.228	0.274	0.397	0.389	0.164	0.160	0.421	0.424	0.165	0.158	0.151	0.167	0.237	0.242	0.547	0.533	0.211	0.168	0.366	0.363	0.207	0.156	0.197	0.158	0.224	0.233	0.619	0.509	0.145	0.144	0.428	0.335	0.154	0.148	0.156	0.155	0.229	0.218	0.496	0.386	0.144	0.144	0.442	0.399	0.137	0.120	0.165	0.147	0.217	0.214	0.474	0.420	0.144	0.142	0.369	0.332	0.118	0.128
39:00:02	0.172	0.175	0.225	0.204	0.412	0.409	0.143	0.144	0.360	0.344	0.161	0.157	0.172	0.155	0.227	0.223	0.406	0.389	0.144	0.145	0.369	0.415	0.159	0.158	0.149	0.171	0.232	0.234	0.393	0.341	0.144	0.146	0.440	0.421	0.158	0.152	0.154	0.148	0.227	0.269	0.400	0.392	0.164	0.161	0.422	0.426	0.166	0.158	0.151	0.167	0.238	0.242	0.549	0.533	0.210	0.168	0.365	0.357	0.209	0.156	0.199	0.158	0.224	0.233	0.617	0.510	0.145	0.144	0.427	0.334	0.154	0.148	0.156	0.155	0.229	0.218	0.505	0.389	0.143	0.144	0.444	0.396	0.137	0.120	0.165	0.147	0.217	0.214	0.479	0.426	0.144	0.141	0.369	0.331	0.118	0.128
39:20:02	0.173	0.175	0.226	0.205	0.413	0.412	0.143	0.144	0.362	0.344	0.162	0.160	0.173	0.155	0.228	0.223	0.408	0.391	0.144	0.145	0.370	0.416	0.159	0.160	0.149	0.171	0.232	0.235	0.395	0.345	0.145	0.146	0.437	0.421	0.158	0.152	0.154	0.148	0.228	0.272	0.404	0.394	0.164	0.161	0.425	0.427	0.167	0.160	0.151	0.167	0.238	0.243	0.552	0.537	0.210	0.168	0.367	0.351	0.211	0.157	0.200	0.158	0.224	0.234	0.620	0.515	0.145	0.144	0.430	0.331	0.155	0.149	0.156	0.155	0.229	0.218	0.505	0.391	0.143	0.144	0.445	0.397	0.137	0.120	0.164	0.147	0.217	0.214	0.483	0.428	0.144	0.141	0.369	0.332	0.118	0.128
39:40:02	0.174	0.176	0.226	0.206	0.414	0.415	0.143	0.144	0.363	0.344	0.164	0.162	0.174	0.156	0.228	0.224	0.411	0.392	0.144	0.145	0.371	0.417	0.160	0.161	0.149	0.171	0.233	0.235	0.397	0.348	0.144	0.146	0.438	0.422	0.158	0.152	0.154	0.148	0.228	0.271	0.407	0.396	0.164	0.161	0.427	0.428	0.167	0.161	0.151	0.167	0.238	0.243	0.560	0.540	0.211	0.168	0.368	0.347	0.212	0.157	0.201	0.158	0.223	0.234	0.623	0.517	0.145	0.144	0.440	0.336	0.155	0.150	0.156	0.155	0.229	0.218	0.507	0.392	0.143	0.144	0.446	0.399	0.137	0.120	0.164	0.147	0.218	0.215	0.483	0.430	0.143	0.141	0.370	0.333	0.118	0.129
40:00:02	0.175	0.177	0.226	0.207	0.417	0.419	0.143	0.144	0.364	0.344	0.166	0.165	0.175	0.156	0.228	0.224	0.414	0.394	0.144	0.145	0.373	0.418	0.160	0.163	0.149	0.172	0.233	0.236	0.400	0.351	0.145	0.146	0.439	0.423	0.159	0.152	0.154	0.148	0.228	0.273	0.411	0.398	0.164	0.162	0.426	0.429	0.168	0.162	0.151	0.167	0.239	0.243	0.561	0.543	0.210	0.168	0.369	0.346	0.213	0.157	0.203	0.159	0.223	0.235	0.627	0.518	0.145	0.144	0.438	0.342	0.156	0.150	0.156	0.155	0.229	0.218	0.509	0.394	0.143	0.144	0.446	0.401	0.137	0.121	0.164	0.147	0.218	0.215	0.489	0.433	0.143	0.141	0.371	0.333	0.118	0.129
40:20:02	0.176	0.177	0.226	0.209	0.419	0.421	0.142	0.144	0.364	0.344	0.168	0.168	0.176	0.156	0.228	0.224	0.415	0.397	0.144	0.145	0.375	0.419	0.160	0.166	0.149	0.172	0.233	0.236	0.403	0.352	0.144	0.146	0.439	0.423	0.159	0.152	0.154	0.148	0.228	0.275	0.411	0.400	0.165	0.161	0.423	0.428	0.168	0.163	0.151	0.168	0.239	0.244	0.568	0.545	0.210	0.168	0.372	0.346	0.214	0.158	0.204	0.159	0.224	0.235	0.639	0.518	0.145	0.143	0.431	0.341	0.156	0.152	0.156	0.155	0.229	0.218	0.510	0.396	0.143	0.143	0.448	0.403	0.138	0.120	0.165	0.147	0.218	0.215	0.493	0.435	0.143	0.141	0.371	0.334	0.118	0.129
40:40:02	0.177	0.177	0.227	0.210	0.420	0.424	0.142	0.144	0.365	0.345	0.170	0.171	0.177	0.156	0.228	0.224	0.417	0.399	0.144	0.145	0.377	0.419	0.160	0.169	0.149	0.172	0.233	0.237	0.405	0.354	0.145	0.146	0.437	0.423	0.159	0.152	0.154	0.148	0.228	0.272	0.410	0.403	0.165	0.162	0.426	0.428	0.170	0.166	0.151	0.169	0.239	0.245	0.573	0.547	0.211	0.168	0.372	0.347	0.215	0.158	0.205	0.160	0.224	0.235	0.650	0.522	0.145	0.143	0.439	0.344	0.157	0.152	0.156	0.155	0.229	0.218	0.510	0.398	0.143	0.143	0.450	0.405	0.138	0.120	0.164	0.148	0.218	0.215	0.496	0.438	0.143	0.141	0.372	0.335	0.118	0.129
41:00:02	0.179	0.178	0.227	0.212	0.422	0.427	0.142	0.144	0.365	0.345	0.173	0.174	0.178	0.157	0.229	0.225	0.419	0.401	0.145	0.145	0.380	0.420	0.161	0.171	0.150	0.172	0.233	0.237	0.407	0.355	0.145	0.146	0.438	0.424	0.160	0.153	0.154	0.148	0.228	0.272	0.411	0.406	0.165	0.162	0.430	0.430	0.172	0.168	0.151	0.170	0.240	0.246	0.576	0.549	0.212	0.169	0.374	0.350	0.216	0.159	0.206	0.161	0.223	0.235	0.651	0.525	0.145	0.143	0.443	0.341	0.159	0.154	0.156	0.156	0.230	0.218	0.514	0.400	0.143	0.143	0.452	0.409	0.138	0.121	0.164	0.147	0.219	0.216	0.500	0.441	0.143	0.141	0.373	0.335	0.118	0.129
41:20:02	0.180	0.179	0.228	0.214	0.424	0.430	0.142	0.144	0.366	0.344	0.175	0.177	0.179	0.157	0.229	0.225	0.421	0.403	0.145	0.145	0.382	0.421	0.161	0.172	0.150	0.172	0.233	0.238	0.409	0.356	0.145	0.147	0.439	0.425	0.160	0.153	0.155	0.148	0.229	0.279	0.412	0.407	0.165	0.162	0.431	0.430	0.172	0.169	0.151	0.170	0.240	0.246	0.577	0.552	0.212	0.169	0.377	0.354	0.217	0.160	0.207	0.161	0.224	0.236	0.651	0.526	0.145	0.143	0.437	0.340	0.158	0.155	0.156	0.156	0.230	0.218	0.516	0.402	0.143	0.143	0.449	0.414	0.138	0.121	0.164	0.147	0.219	0.216	0.502	0.442	0.143	0.141	0.373	0.335	0.118	0.129
41:40:02	0.181	0.179	0.228	0.216	0.427	0.433	0.142	0.144	0.366	0.344	0.177	0.180	0.180	0.158	0.229	0.225	0.423	0.404	0.144	0.145	0.383	0.421	0.162	0.175	0.150	0.172	0.233	0.238	0.410	0.357	0.145	0.146	0.438	0.425	0.160	0.153	0.154	0.148	0.228	0.275	0.414	0.409	0.166	0.163	0.431	0.428	0.173	0.171	0.152	0.171	0.241	0.247	0.579	0.552	0.214	0.167	0.380	0.356	0.218	0.161	0.209	0.162	0.224	0.236	0.645	0.524	0.145	0.143	0.433	0.340	0.160	0.156	0.156	0.156	0.230	0.219	0.515	0.404	0.143	0.143	0.450	0.414	0.138	0.121	0.165	0.147	0.220	0.216	0.506	0.449	0.143	0.141	0.375	0.336	0.118	0.129
42:00:02	0.182	0.180	0.229	0.218	0.429	0.435	0.142	0.144	0.366	0.344	0.180	0.183	0.182	0.158	0.229	0.226	0.426	0.406	0.145	0.145	0.385	0.422	0.162	0.178	0.150	0.172	0.233	0.239	0.412	0.357	0.145	0.147	0.438	0.425	0.160	0.154	0.155	0.148	0.229	0.276	0.418	0.411	0.166	0.163	0.431	0.427	0.174	0.174	0.152	0.172	0.241	0.248	0.582	0.558	0.214	0.167	0.381	0.356	0.219	0.162	0.209	0.163	0.224	0.237	0.649	0.526	0.144	0.143	0.443	0.359	0.160	0.158	0.156	0.156	0.231	0.219	0.518	0.405	0.142	0.143	0.452	0.418	0.139	0.121	0.165	0.147	0.220	0.217	0.508	0.450	0.143	0.141	0.376	0.337	0.118	0.129
42:20:02	0.183	0.180	0.230	0.221	0.431	0.438	0.142	0.143	0.366	0.345	0.182	0.185	0.183	0.158	0.230	0.226	0.429	0.409	0.145	0.145	0.386	0.422	0.162	0.179	0.151	0.173	0.233	0.240	0.414	0.357	0.145	0.147	0.438	0.425	0.161	0.155	0.155	0.148	0.229	0.275	0.421	0.413	0.166	0.163	0.432	0.427	0.176	0.176	0.152	0.173	0.242	0.249	0.585	0.558	0.215	0.168	0.383	0.358	0.220	0.163	0.211	0.164	0.224	0.237	0.662	0.530	0.144	0.143	0.443	0.355	0.162	0.160	0.156	0.157	0.231	0.219	0.519	0.407	0.142	0.143	0.468	0.420	0.139	0.121	0.165	0.147	0.221	0.217	0.511	0.450	0.143	0.141	0.377	0.337	0.118	0.129
42:40:02	0.183	0.180	0.230	0.223	0.433	0.440	0.142	0.143	0.366	0.345	0.183	0.187	0.183	0.158	0.230	0.227	0.431	0.411	0.145	0.145	0.389	0.422	0.163	0.182	0.151	0.173	0.233	0.240	0.416	0.357	0.145	0.147	0.438	0.424	0.161	0.155	0.155	0.148	0.229	0.278	0.424	0.415	0.166	0.164	0.431	0.423	0.177	0.177	0.153	0.173	0.242	0.249	0.587	0.562	0.216	0.168	0.384	0.359	0.221	0.164	0.211	0.164	0.223	0.238	0.661	0.534	0.144	0.143	0.428	0.346	0.164	0.161	0.156	0.157	0.231	0.219	0.522	0.409	0.142	0.143	0.443	0.423	0.139	0.121	0.164	0.148	0.221	0.217	0.515	0.453	0.143	0.141	0.379	0.337	0.118	0.129
43:00:02	0.184	0.181	0.231	0.226	0.436	0.443	0.142	0.143	0.365	0.344	0.185	0.189	0.184	0.158	0.230	0.226	0.434	0.413	0.144	0.144	0.391	0.423	0.163	0.183	0.150	0.173	0.234	0.241	0.417	0.357	0.145	0.147	0.437	0.424	0.161	0.156	0.155	0.148	0.229	0.277	0.425	0.417	0.166	0.164	0.433	0.425	0.178	0.180	0.153	0.172	0.243	0.250	0.589	0.563	0.217	0.168	0.387	0.361	0.221	0.164	0.212	0.164	0.223	0.237	0.669	0.535	0.144	0.143	0.434	0.338	0.164	0.163	0.156	0.156	0.231	0.219	0.524	0.410	0.142	0.142	0.426	0.425	0.139	0.121	0.165	0.147	0.222	0.217	0.515	0.454	0.143	0.141	0.381	0.337	0.118	0.130
43:20:02	0.184	0.181	0.232	0.229	0.438	0.446	0.142	0.143	0.365	0.344	0.187	0.190	0.185	0.158	0.229	0.226	0.437	0.415	0.143	0.144	0.393	0.424	0.164	0.185	0.150	0.172	0.234	0.241	0.417	0.358	0.145	0.147	0.438	0.424	0.161	0.157	0.155	0.148	0.229	0.277	0.426	0.419	0.166	0.164	0.435	0.424	0.178	0.181	0.153	0.172	0.243	0.251	0.593	0.566	0.216	0.168	0.389	0.362	0.222	0.166	0.212	0.164	0.224	0.238	0.671	0.535	0.144	0.143	0.437	0.333	0.164	0.164	0.156	0.155	0.231	0.219	0.529	0.412	0.142	0.142	0.422	0.428	0.138	0.120	0.165	0.147	0.222	0.217	0.517	0.455	0.143	0.140	0.381	0.337	0.118	0.130
43:40:02	0.185	0.182	0.233	0.232	0.441	0.449	0.142	0.143	0.364	0.344	0.188	0.192	0.185	0.158	0.230	0.226	0.439	0.417	0.143	0.144	0.395	0.423	0.164	0.186	0.150	0.172	0.234	0.242	0.418	0.358	0.145	0.146	0.437	0.423	0.161	0.158	0.155	0.147	0.229	0.279	0.426	0.421	0.166	0.164	0.438	0.423	0.178	0.182	0.153	0.172	0.244	0.252	0.596	0.569	0.216	0.169	0.392	0.364	0.223	0.167	0.213	0.164	0.224	0.239	0.667	0.537	0.143	0.142	0.443	0.332	0.163	0.165	0.156	0.155	0.231	0.219	0.527	0.414	0.142	0.142	0.418	0.429	0.138	0.119	0.165	0.148	0.222	0.218	0.520	0.455	0.143	0.140	0.383	0.337	0.118	0.130
44:00:02	0.185	0.182	0.234	0.235	0.442	0.451	0.142	0.143	0.364	0.344	0.190	0.193	0.186	0.158	0.231	0.226	0.440	0.418	0.143	0.144	0.398	0.424	0.166	0.188	0.150	0.172	0.234	0.242	0.419	0.359	0.145	0.147	0.428	0.423	0.161	0.159	0.155	0.147	0.230	0.279	0.427	0.423	0.167	0.165	0.438	0.424	0.181	0.186	0.153	0.172	0.244	0.253	0.598	0.571	0.216	0.169	0.393	0.365	0.223	0.168	0.213	0.164	0.224	0.239	0.680	0.541	0.144	0.143	0.426	0.332	0.166	0.167	0.156	0.155	0.231	0.219	0.529	0.415	0.142	0.142	0.413	0.431	0.138	0.120	0.165	0.147	0.223	0.217	0.522	0.457	0.143	0.140	0.385	0.338	0.118	0.130
44:20:02	0.186	0.183	0.235	0.239	0.444	0.454	0.142	0.143	0.365	0.344	0.192	0.195	0.188	0.159	0.231	0.226	0.441	0.419	0.143	0.144	0.401	0.425	0.166	0.190	0.150	0.172	0.234	0.243	0.421	0.361	0.145	0.147	0.440	0.422	0.161	0.160	0.155	0.147	0.230	0.280	0.429	0.424	0.167	0.165	0.441	0.429	0.183	0.189	0.154	0.172	0.245	0.254	0.602	0.574	0.215	0.169	0.394	0.367	0.224	0.170	0.214	0.164	0.224	0.241	0.690	0.544	0.143	0.143	0.436	0.334	0.167	0.168	0.156	0.155	0.231	0.219	0.531	0.416	0.142	0.142	0.407	0.434	0.138	0.121	0.165	0.147	0.223	0.218	0.525	0.459	0.143	0.140	0.385	0.337	0.118	0.130
44:40:02	0.186	0.184	0.236	0.243	0.446	0.455	0.142	0.143	0.365	0.344	0.193	0.196	0.188	0.159	0.231	0.226	0.442	0.421	0.143	0.144	0.403	0.424	0.167	0.192	0.150	0.172	0.234	0.243	0.421	0.362	0.145	0.147	0.441	0.420	0.162	0.161	0.155	0.147	0.230	0.281	0.432	0.426	0.167	0.165	0.439	0.423	0.183	0.190	0.154	0.173	0.246	0.255	0.605	0.575	0.216	0.169	0.396	0.369	0.225	0.171	0.215	0.165	0.224	0.241	0.682	0.544	0.143	0.142	0.447	0.336	0.167	0.170	0.156	0.154	0.231	0.219	0.531	0.418	0.142	0.142	0.404	0.435	0.138	0.119	0.165	0.147	0.224	0.219	0.529	0.460	0.142	0.140	0.385	0.337	0.118	0.130
45:00:02	0.187	0.185	0.238	0.248	0.449	0.457	0.142	0.143	0.364	0.344	0.195	0.197	0.190	0.160	0.231	0.226	0.442	0.422	0.142	0.143	0.404	0.421	0.168	0.193	0.150	0.172	0.234	0.244	0.422	0.364	0.145	0.147	0.442	0.419	0.162	0.163	0.155	0.147	0.230	0.282	0.433	0.428	0.167	0.165	0.451	0.418	0.185	0.193	0.155	0.173	0.247	0.256	0.609	0.577	0.215	0.169	0.398	0.370	0.225	0.173	0.216	0.165	0.224	0.242	0.690	0.544	0.143	0.142	0.466	0.338	0.168	0.172	0.156	0.154	0.231	0.219	0.534	0.419	0.142	0.142	0.399	0.437	0.138	0.121	0.165	0.147	0.225	0.219	0.535	0.462	0.142	0.140	0.386	0.337	0.118	0.130
45:20:02	0.188	0.185	0.239	0.253	0.452	0.460	0.141	0.143	0.363	0.343	0.196	0.198	0.191	0.160	0.231	0.226	0.448	0.424	0.142	0.143	0.406	0.431	0.170	0.194	0.151	0.172	0.234	0.245	0.423	0.365	0.145	0.147	0.427	0.418	0.163	0.165	0.155	0.147	0.231	0.280	0.435	0.429	0.167	0.165	0.450	0.433	0.187	0.193	0.156	0.173	0.248	0.257	0.611	0.582	0.215	0.169	0.400	0.371	0.226	0.175	0.217	0.166	0.224	0.242	0.689	0.545	0.143	0.142	0.442	0.340	0.170	0.174	0.156	0.154	0.232	0.219	0.534	0.421	0.142	0.141	0.397	0.439	0.138	0.121	0.165	0.147	0.226	0.220	0.536	0.465	0.142	0.140	0.385	0.337	0.118	0.130
45:40:03	0.188	0.186	0.241	0.256	0.454	0.462	0.141	0.143	0.363	0.343	0.197	0.200	0.191	0.160	0.232	0.226	0.453	0.425	0.142	0.143	0.407	0.438	0.171	0.195	0.150	0.172	0.235	0.245	0.424	0.366	0.145	0.147	0.414	0.414	0.163	0.167	0.155	0.147	0.231	0.284	0.436	0.430	0.167	0.165	0.420	0.439	0.189	0.197	0.156	0.174	0.249	0.258	0.611	0.583	0.215	0.170	0.401	0.373	0.226	0.176	0.217	0.166	0.224	0.242	0.685	0.549	0.143	0.142	0.416	0.342	0.171	0.176	0.156	0.154	0.232	0.219	0.536	0.422	0.141	0.141	0.394	0.441	0.138	0.122	0.165	0.147	0.227	0.221	0.540	0.465	0.142	0.140	0.385	0.337	0.118	0.131
46:00:03	0.189	0.187	0.242	0.261	0.456	0.465	0.141	0.143	0.363	0.342	0.198	0.201	0.192	0.160	0.233	0.226	0.456	0.427	0.142	0.143	0.409	0.431	0.172	0.196	0.150	0.172	0.235	0.246	0.426	0.367	0.146	0.148	0.405	0.429	0.164	0.168	0.155	0.147	0.231	0.283	0.436	0.431	0.168	0.165	0.418	0.426	0.190	0.198	0.157	0.174	0.249	0.259	0.610	0.587	0.215	0.170	0.401	0.374	0.227	0.178	0.218	0.167	0.224	0.243	0.689	0.554	0.143	0.142	0.404	0.344	0.171	0.177	0.156	0.154	0.232	0.220	0.537	0.424	0.141	0.141	0.394	0.442	0.138	0.120	0.165	0.147	0.228	0.222	0.542	0.468	0.142	0.140	0.385	0.338	0.118	0.131
46:20:03	0.189	0.188	0.244	0.266	0.459	0.466	0.141	0.143	0.362	0.342	0.199	0.202	0.193	0.161	0.233	0.226	0.455	0.427	0.142	0.143	0.410	0.411	0.174	0.197	0.150	0.172	0.235	0.247	0.428	0.368	0.146	0.148	0.398	0.436	0.165	0.171	0.155	0.147	0.233	0.284	0.438	0.433	0.167	0.166	0.415	0.408	0.192	0.200	0.158	0.175	0.251	0.261	0.613	0.586	0.215	0.170	0.403	0.376	0.227	0.180	0.218	0.168	0.225	0.245	0.689	0.556	0.143	0.142	0.401	0.345	0.172	0.178	0.157	0.154	0.233	0.220	0.538	0.425	0.141	0.141	0.393	0.444	0.138	0.121	0.166	0.147	0.230	0.223	0.546	0.469	0.142	0.140	0.386	0.337	0.118	0.131
46:40:03	0.190	0.189	0.246	0.270	0.461	0.469	0.141	0.143	0.361	0.342	0.200	0.203	0.194	0.161	0.234	0.227	0.453	0.430	0.142	0.143	0.411	0.401	0.175	0.198	0.151	0.172	0.236	0.247	0.431	0.369	0.146	0.148	0.392	0.423	0.166	0.172	0.156	0.147	0.232	0.283	0.440	0.435	0.167	0.166	0.413	0.397	0.194	0.202	0.159	0.176	0.252	0.262	0.614	0.589	0.216	0.170	0.404	0.378	0.228	0.182	0.218	0.169	0.225	0.245	0.676	0.555	0.143	0.142	0.399	0.346	0.173	0.180	0.157	0.154	0.233	0.220	0.540	0.426	0.141	0.141	0.392	0.444	0.138	0.121	0.166	0.147	0.231	0.224	0.549	0.475	0.142	0.140	0.384	0.337	0.118	0.131
47:00:03	0.191	0.190	0.249	0.276	0.464	0.471	0.141	0.143	0.360	0.342	0.201	0.204	0.195	0.162	0.234	0.227	0.460	0.431	0.142	0.143	0.412	0.395	0.177	0.199	0.151	0.172	0.236	0.248	0.433	0.369	0.146	0.148	0.388	0.411	0.167	0.175	0.156	0.147	0.232	0.283	0.441	0.436	0.167	0.166	0.411	0.390	0.195	0.203	0.160	0.177	0.253	0.264	0.616	0.591	0.216	0.170	0.404	0.379	0.229	0.184	0.219	0.170	0.226	0.246	0.667	0.556	0.143	0.142	0.398	0.347	0.175	0.181	0.157	0.154	0.234	0.220	0.540	0.427	0.141	0.141	0.392	0.448	0.138	0.121	0.166	0.147	0.233	0.226	0.552	0.477	0.142	0.140	0.383	0.337	0.118	0.131
47:20:03	0.192	0.191	0.251	0.280	0.467	0.474	0.141	0.143	0.359	0.342	0.202	0.205	0.196	0.163	0.236	0.228	0.463	0.433	0.142	0.143	0.414	0.392	0.179	0.200	0.151	0.172	0.237	0.249	0.436	0.371	0.146	0.149	0.385	0.403	0.168	0.177	0.156	0.147	0.233	0.285	0.442	0.438	0.168	0.166	0.407	0.386	0.197	0.205	0.161	0.179	0.255	0.266	0.618	0.594	0.216	0.170	0.406	0.381	0.230	0.185	0.220	0.170	0.226	0.248	0.666	0.559	0.143	0.142	0.398	0.350	0.177	0.182	0.157	0.154	0.235	0.221	0.541	0.428	0.141	0.141	0.393	0.450	0.138	0.121	0.167	0.148	0.234	0.227	0.556	0.479	0.142	0.140	0.384	0.337	0.118	0.131
47:40:03	0.193	0.192	0.253	0.284	0.470	0.475	0.141	0.143	0.358	0.341	0.203	0.206	0.197	0.163	0.237	0.228	0.463	0.434	0.142	0.143	0.414	0.390	0.181	0.200	0.152	0.172	0.237	0.250	0.437	0.372	0.147	0.149	0.383	0.396	0.169	0.179	0.156	0.147	0.233	0.285	0.443	0.440	0.168	0.166	0.404	0.384	0.198	0.206	0.162	0.179	0.256	0.267	0.621	0.598	0.216	0.171	0.407	0.383	0.230	0.187	0.220	0.171	0.227	0.248	0.656	0.562	0.143	0.142	0.389	0.351	0.177	0.183	0.157	0.154	0.235	0.221	0.543	0.430	0.141	0.141	0.393	0.449	0.138	0.120	0.167	0.148	0.236	0.228	0.558	0.483	0.142	0.140	0.383	0.337	0.118	0.131
48:00:03	0.195	0.193	0.256	0.288	0.472	0.478	0.141	0.143	0.356	0.341	0.204	0.207	0.198	0.164	0.239	0.229	0.460	0.436	0.142	0.143	0.416	0.388	0.182	0.201	0.152	0.172	0.237	0.251	0.436	0.373	0.147	0.149	0.382	0.393	0.170	0.180	0.156	0.147	0.234	0.286	0.446	0.441	0.168	0.167	0.400	0.382	0.200	0.206	0.163	0.179	0.257	0.269	0.621	0.598	0.216	0.171	0.408	0.384	0.231	0.188	0.221	0.172	0.227	0.250	0.644	0.567	0.143	0.142	0.383	0.352	0.177	0.184	0.158	0.154	0.236	0.221	0.543	0.431	0.141	0.140	0.394	0.445	0.138	0.121	0.168	0.147	0.238	0.229	0.561	0.485	0.142	0.139	0.382	0.336	0.118	0.131

