Field Group

Plate Comment:	
Procedure Summary
  Plate Type:              Corning 96 well for LogPhase600
  Plate Number:            3
  Discontinuous Kinetics:  Runtime 02:00:00 (D:HH:MM), Interval 00:20:00 (HH:MM:SS), 145 Reads (max)
  Read:                    600 nm
  Incubator:               On
    Temperature setpoint:  30 °C
    Temperature gradient:  Off
  Shaking:                 On
     Shaking frequency:    600 RPMs		
			
			

600

Time	A1	A2	A3	A4	A5	A6	A7	A8	A9	A10	A11	A12	B1	B2	B3	B4	B5	B6	B7	B8	B9	B10	B11	B12	C1	C2	C3	C4	C5	C6	C7	C8	C9	C10	C11	C12	D1	D2	D3	D4	D5	D6	D7	D8	D9	D10	D11	D12	E1	E2	E3	E4	E5	E6	E7	E8	E9	E10	E11	E12	F1	F2	F3	F4	F5	F6	F7	F8	F9	F10	F11	F12	G1	G2	G3	G4	G5	G6	G7	G8	G9	G10	G11	G12	H1	H2	H3	H4	H5	H6	H7	H8	H9	H10	H11	H12
0:00:00	0.117	0.116	0.116	0.116	0.119	0.116	0.121	0.117	0.117	0.119	0.118	0.119	0.115	0.117	0.117	0.120	0.119	0.122	0.117	0.116	0.117	0.121	0.122	0.120	0.117	0.118	0.121	0.121	0.123	0.123	0.120	0.117	0.120	0.119	0.118	0.119	0.117	0.116	0.117	0.118	0.117	0.119	0.120	0.117	0.121	0.119	0.121	0.124	0.117	0.116	0.117	0.118	0.117	0.118	0.117	0.117	0.124	0.118	0.118	0.119	0.117	0.116	0.117	0.117	0.117	0.116	0.117	0.117	0.118	0.117	0.119	0.118	0.115	0.115	0.118	0.116	0.116	0.116	0.117	0.117	0.119	0.118	0.119	0.118	0.117	0.115	0.120	0.119	0.123	0.123	0.120	0.116	0.117	0.117	0.118	0.117
0:20:00	0.116	0.116	0.116	0.117	0.119	0.116	0.121	0.117	0.117	0.119	0.119	0.119	0.115	0.117	0.118	0.120	0.119	0.122	0.117	0.116	0.117	0.121	0.122	0.120	0.117	0.117	0.121	0.121	0.121	0.123	0.120	0.117	0.120	0.119	0.118	0.119	0.117	0.115	0.117	0.117	0.116	0.119	0.120	0.117	0.121	0.119	0.122	0.124	0.118	0.116	0.117	0.117	0.116	0.117	0.116	0.117	0.124	0.118	0.119	0.119	0.116	0.116	0.116	0.117	0.116	0.115	0.117	0.116	0.118	0.117	0.120	0.118	0.114	0.115	0.117	0.116	0.115	0.116	0.117	0.117	0.118	0.118	0.120	0.118	0.117	0.115	0.120	0.119	0.123	0.123	0.121	0.116	0.118	0.117	0.118	0.117
0:40:00	0.117	0.116	0.116	0.117	0.119	0.116	0.122	0.118	0.118	0.119	0.119	0.119	0.115	0.117	0.119	0.121	0.119	0.122	0.118	0.117	0.117	0.121	0.123	0.121	0.117	0.116	0.122	0.121	0.122	0.123	0.121	0.117	0.120	0.119	0.119	0.119	0.117	0.117	0.117	0.117	0.115	0.119	0.120	0.117	0.121	0.119	0.122	0.124	0.117	0.115	0.117	0.117	0.115	0.116	0.117	0.117	0.124	0.118	0.119	0.119	0.116	0.115	0.116	0.117	0.116	0.115	0.117	0.117	0.118	0.117	0.120	0.118	0.114	0.115	0.117	0.117	0.115	0.116	0.117	0.117	0.118	0.118	0.120	0.118	0.117	0.115	0.121	0.119	0.123	0.122	0.121	0.116	0.117	0.117	0.119	0.117
1:00:00	0.117	0.116	0.117	0.118	0.119	0.116	0.123	0.119	0.118	0.119	0.120	0.120	0.115	0.117	0.120	0.121	0.119	0.122	0.119	0.117	0.117	0.121	0.124	0.121	0.117	0.116	0.123	0.123	0.121	0.123	0.122	0.118	0.120	0.119	0.119	0.120	0.118	0.117	0.118	0.118	0.115	0.119	0.121	0.118	0.121	0.120	0.123	0.125	0.118	0.116	0.118	0.118	0.116	0.116	0.118	0.118	0.124	0.118	0.120	0.120	0.116	0.115	0.117	0.118	0.116	0.116	0.118	0.118	0.118	0.117	0.121	0.118	0.115	0.115	0.119	0.118	0.116	0.116	0.118	0.118	0.119	0.118	0.121	0.119	0.117	0.115	0.122	0.120	0.123	0.123	0.122	0.118	0.118	0.117	0.119	0.118
1:20:00	0.117	0.116	0.118	0.119	0.119	0.116	0.124	0.120	0.118	0.119	0.121	0.120	0.115	0.117	0.121	0.122	0.120	0.122	0.120	0.119	0.118	0.121	0.124	0.122	0.117	0.116	0.124	0.124	0.121	0.123	0.123	0.119	0.120	0.119	0.120	0.120	0.118	0.117	0.119	0.119	0.115	0.119	0.122	0.119	0.121	0.120	0.123	0.126	0.118	0.116	0.120	0.119	0.116	0.116	0.118	0.118	0.124	0.118	0.121	0.121	0.116	0.115	0.119	0.118	0.116	0.115	0.119	0.118	0.118	0.117	0.122	0.119	0.115	0.115	0.120	0.118	0.116	0.116	0.120	0.119	0.119	0.118	0.121	0.119	0.117	0.115	0.123	0.121	0.123	0.123	0.124	0.118	0.118	0.117	0.120	0.118
1:40:00	0.117	0.116	0.120	0.120	0.119	0.117	0.125	0.121	0.118	0.119	0.122	0.121	0.116	0.117	0.123	0.124	0.120	0.122	0.121	0.120	0.118	0.121	0.125	0.122	0.117	0.116	0.126	0.125	0.122	0.123	0.124	0.120	0.120	0.119	0.121	0.120	0.118	0.118	0.121	0.121	0.115	0.119	0.123	0.120	0.121	0.120	0.124	0.126	0.118	0.116	0.121	0.120	0.116	0.116	0.119	0.119	0.124	0.118	0.122	0.121	0.116	0.115	0.120	0.120	0.116	0.115	0.120	0.119	0.118	0.117	0.122	0.120	0.115	0.115	0.122	0.119	0.116	0.116	0.121	0.120	0.119	0.118	0.122	0.120	0.117	0.116	0.125	0.122	0.123	0.124	0.125	0.119	0.118	0.117	0.121	0.118
2:00:00	0.117	0.116	0.123	0.122	0.120	0.117	0.125	0.122	0.118	0.119	0.123	0.121	0.116	0.117	0.125	0.125	0.120	0.122	0.122	0.121	0.118	0.121	0.126	0.122	0.117	0.117	0.129	0.127	0.122	0.123	0.125	0.122	0.120	0.119	0.122	0.121	0.118	0.117	0.123	0.122	0.116	0.119	0.124	0.121	0.121	0.120	0.125	0.127	0.118	0.116	0.124	0.121	0.116	0.116	0.120	0.120	0.124	0.119	0.122	0.122	0.116	0.115	0.123	0.121	0.117	0.116	0.121	0.121	0.118	0.117	0.123	0.120	0.115	0.115	0.124	0.121	0.116	0.116	0.121	0.122	0.119	0.119	0.123	0.121	0.117	0.116	0.127	0.123	0.123	0.124	0.126	0.121	0.118	0.118	0.122	0.120
2:20:00	0.117	0.116	0.125	0.124	0.120	0.117	0.126	0.123	0.119	0.120	0.124	0.122	0.116	0.117	0.128	0.127	0.120	0.122	0.123	0.123	0.118	0.121	0.128	0.123	0.117	0.117	0.131	0.128	0.122	0.123	0.125	0.124	0.120	0.119	0.124	0.122	0.118	0.118	0.126	0.124	0.116	0.120	0.124	0.122	0.122	0.120	0.127	0.127	0.118	0.116	0.127	0.123	0.116	0.116	0.121	0.121	0.124	0.119	0.124	0.122	0.117	0.116	0.126	0.123	0.117	0.116	0.122	0.123	0.118	0.118	0.125	0.121	0.115	0.116	0.127	0.122	0.116	0.117	0.122	0.123	0.119	0.119	0.125	0.121	0.117	0.116	0.130	0.125	0.123	0.124	0.126	0.122	0.119	0.118	0.124	0.120
2:40:00	0.118	0.116	0.129	0.126	0.120	0.117	0.126	0.125	0.119	0.120	0.126	0.123	0.116	0.117	0.132	0.128	0.120	0.123	0.123	0.124	0.118	0.122	0.130	0.124	0.117	0.117	0.135	0.130	0.122	0.124	0.126	0.126	0.120	0.119	0.126	0.123	0.118	0.118	0.130	0.126	0.116	0.120	0.125	0.124	0.122	0.120	0.129	0.128	0.119	0.116	0.130	0.125	0.117	0.117	0.122	0.123	0.124	0.119	0.126	0.123	0.117	0.116	0.130	0.124	0.117	0.116	0.122	0.124	0.119	0.118	0.127	0.121	0.116	0.116	0.131	0.124	0.116	0.117	0.122	0.125	0.119	0.119	0.127	0.122	0.118	0.116	0.134	0.126	0.124	0.124	0.127	0.124	0.119	0.118	0.126	0.121
3:00:00	0.118	0.117	0.135	0.128	0.120	0.117	0.127	0.127	0.119	0.120	0.129	0.123	0.117	0.117	0.137	0.130	0.121	0.123	0.123	0.126	0.118	0.122	0.134	0.125	0.118	0.117	0.140	0.132	0.123	0.124	0.126	0.128	0.121	0.120	0.128	0.123	0.119	0.118	0.136	0.127	0.117	0.120	0.125	0.126	0.123	0.121	0.132	0.129	0.119	0.116	0.135	0.127	0.117	0.117	0.122	0.125	0.125	0.119	0.129	0.124	0.117	0.116	0.135	0.126	0.118	0.117	0.122	0.126	0.119	0.118	0.129	0.122	0.116	0.116	0.136	0.126	0.117	0.117	0.122	0.127	0.120	0.119	0.130	0.123	0.118	0.116	0.139	0.128	0.124	0.124	0.127	0.126	0.120	0.119	0.129	0.122
3:20:00	0.119	0.117	0.142	0.131	0.120	0.117	0.127	0.129	0.121	0.120	0.133	0.124	0.117	0.118	0.144	0.133	0.120	0.123	0.123	0.128	0.120	0.122	0.138	0.126	0.118	0.118	0.147	0.134	0.124	0.124	0.127	0.130	0.121	0.120	0.132	0.124	0.119	0.119	0.142	0.130	0.117	0.120	0.126	0.129	0.123	0.121	0.135	0.130	0.120	0.117	0.142	0.130	0.118	0.118	0.123	0.127	0.126	0.120	0.132	0.125	0.118	0.117	0.142	0.128	0.118	0.117	0.122	0.128	0.119	0.118	0.132	0.124	0.117	0.117	0.143	0.128	0.117	0.118	0.123	0.128	0.121	0.120	0.134	0.124	0.119	0.117	0.146	0.130	0.124	0.124	0.127	0.128	0.120	0.119	0.132	0.123
3:40:00	0.120	0.118	0.151	0.134	0.121	0.118	0.127	0.131	0.121	0.121	0.139	0.125	0.118	0.118	0.154	0.135	0.122	0.124	0.123	0.131	0.121	0.123	0.144	0.127	0.119	0.118	0.157	0.137	0.124	0.125	0.127	0.133	0.122	0.121	0.136	0.126	0.120	0.119	0.151	0.133	0.118	0.121	0.126	0.132	0.125	0.122	0.140	0.131	0.120	0.117	0.150	0.133	0.118	0.118	0.123	0.129	0.126	0.120	0.136	0.126	0.119	0.117	0.151	0.131	0.119	0.117	0.123	0.130	0.121	0.119	0.136	0.124	0.118	0.117	0.152	0.130	0.118	0.118	0.123	0.131	0.123	0.121	0.139	0.125	0.120	0.117	0.155	0.132	0.125	0.125	0.127	0.130	0.121	0.120	0.137	0.124
4:00:00	0.120	0.118	0.162	0.138	0.122	0.119	0.127	0.134	0.122	0.122	0.147	0.126	0.119	0.119	0.164	0.139	0.123	0.124	0.123	0.134	0.122	0.123	0.151	0.127	0.120	0.120	0.167	0.141	0.124	0.125	0.127	0.136	0.123	0.121	0.142	0.127	0.121	0.120	0.163	0.136	0.119	0.122	0.126	0.136	0.126	0.122	0.146	0.132	0.121	0.118	0.161	0.137	0.119	0.119	0.124	0.133	0.128	0.121	0.141	0.127	0.120	0.118	0.162	0.134	0.120	0.118	0.123	0.133	0.123	0.120	0.141	0.125	0.119	0.117	0.163	0.133	0.118	0.118	0.123	0.134	0.124	0.121	0.146	0.126	0.120	0.118	0.166	0.135	0.126	0.126	0.127	0.133	0.123	0.121	0.144	0.124
4:20:00	0.122	0.119	0.174	0.141	0.122	0.119	0.127	0.137	0.124	0.123	0.157	0.127	0.121	0.119	0.176	0.142	0.123	0.125	0.123	0.137	0.123	0.125	0.161	0.129	0.122	0.121	0.178	0.144	0.126	0.126	0.127	0.140	0.124	0.122	0.149	0.128	0.122	0.121	0.174	0.140	0.119	0.123	0.127	0.141	0.127	0.123	0.155	0.134	0.123	0.119	0.172	0.141	0.120	0.120	0.124	0.137	0.129	0.122	0.147	0.128	0.122	0.118	0.173	0.138	0.120	0.119	0.123	0.137	0.124	0.121	0.149	0.127	0.120	0.118	0.175	0.137	0.119	0.120	0.123	0.137	0.125	0.121	0.156	0.127	0.122	0.119	0.178	0.139	0.127	0.126	0.127	0.137	0.124	0.122	0.154	0.125
4:40:00	0.123	0.120	0.184	0.144	0.123	0.120	0.127	0.140	0.125	0.124	0.168	0.129	0.122	0.120	0.186	0.145	0.124	0.126	0.124	0.140	0.125	0.126	0.168	0.130	0.123	0.122	0.189	0.147	0.127	0.127	0.127	0.144	0.126	0.122	0.157	0.129	0.124	0.122	0.186	0.142	0.121	0.123	0.127	0.145	0.128	0.125	0.164	0.136	0.125	0.120	0.184	0.143	0.121	0.121	0.125	0.140	0.131	0.123	0.155	0.130	0.123	0.119	0.184	0.140	0.122	0.120	0.123	0.140	0.127	0.122	0.157	0.128	0.122	0.119	0.185	0.139	0.120	0.120	0.123	0.140	0.128	0.123	0.164	0.128	0.123	0.119	0.189	0.141	0.128	0.127	0.127	0.139	0.126	0.123	0.161	0.127
5:00:00	0.125	0.121	0.194	0.148	0.125	0.121	0.127	0.142	0.128	0.125	0.174	0.131	0.124	0.121	0.196	0.148	0.126	0.127	0.124	0.142	0.129	0.127	0.174	0.132	0.126	0.123	0.199	0.150	0.128	0.128	0.127	0.146	0.128	0.123	0.164	0.131	0.126	0.124	0.197	0.145	0.122	0.125	0.127	0.150	0.132	0.126	0.171	0.139	0.127	0.121	0.195	0.146	0.123	0.123	0.126	0.143	0.133	0.125	0.161	0.132	0.126	0.120	0.194	0.144	0.123	0.121	0.123	0.143	0.129	0.123	0.163	0.130	0.125	0.120	0.196	0.141	0.121	0.121	0.123	0.142	0.130	0.125	0.171	0.130	0.126	0.121	0.200	0.144	0.129	0.129	0.128	0.142	0.127	0.124	0.169	0.128
5:20:00	0.128	0.122	0.204	0.153	0.126	0.122	0.127	0.145	0.129	0.127	0.179	0.133	0.127	0.122	0.206	0.153	0.127	0.128	0.123	0.145	0.132	0.128	0.177	0.133	0.128	0.125	0.210	0.154	0.129	0.129	0.127	0.150	0.130	0.125	0.170	0.132	0.129	0.125	0.207	0.149	0.124	0.126	0.127	0.155	0.134	0.127	0.177	0.141	0.131	0.123	0.206	0.151	0.125	0.124	0.127	0.147	0.135	0.126	0.165	0.133	0.129	0.121	0.204	0.148	0.125	0.122	0.124	0.146	0.131	0.125	0.168	0.131	0.127	0.121	0.206	0.144	0.123	0.122	0.123	0.145	0.134	0.125	0.174	0.131	0.129	0.122	0.209	0.148	0.131	0.130	0.128	0.145	0.132	0.126	0.174	0.130
5:40:00	0.132	0.124	0.211	0.158	0.128	0.124	0.127	0.149	0.133	0.129	0.180	0.134	0.131	0.123	0.214	0.158	0.130	0.130	0.124	0.150	0.137	0.130	0.179	0.135	0.131	0.126	0.219	0.159	0.131	0.131	0.128	0.154	0.134	0.127	0.172	0.134	0.133	0.127	0.216	0.153	0.127	0.128	0.128	0.161	0.140	0.129	0.180	0.142	0.134	0.125	0.213	0.155	0.127	0.126	0.127	0.153	0.141	0.128	0.168	0.135	0.133	0.123	0.212	0.153	0.127	0.125	0.124	0.150	0.137	0.127	0.171	0.132	0.132	0.123	0.214	0.149	0.125	0.124	0.123	0.150	0.138	0.127	0.175	0.133	0.133	0.124	0.218	0.152	0.133	0.132	0.127	0.150	0.135	0.128	0.176	0.132
6:00:00	0.136	0.125	0.217	0.164	0.131	0.126	0.127	0.154	0.139	0.131	0.181	0.136	0.132	0.126	0.220	0.163	0.131	0.132	0.124	0.155	0.139	0.133	0.180	0.137	0.135	0.129	0.224	0.164	0.132	0.133	0.128	0.159	0.141	0.129	0.175	0.136	0.136	0.130	0.222	0.159	0.129	0.130	0.128	0.168	0.142	0.131	0.182	0.143	0.136	0.127	0.220	0.161	0.130	0.130	0.128	0.159	0.143	0.131	0.172	0.137	0.134	0.126	0.218	0.159	0.128	0.127	0.124	0.156	0.139	0.128	0.174	0.134	0.133	0.126	0.219	0.155	0.127	0.127	0.123	0.155	0.143	0.129	0.177	0.134	0.135	0.128	0.225	0.157	0.134	0.134	0.128	0.154	0.142	0.130	0.179	0.133
6:20:00	0.136	0.128	0.223	0.171	0.133	0.129	0.127	0.160	0.145	0.132	0.183	0.137	0.133	0.129	0.228	0.169	0.133	0.135	0.123	0.160	0.152	0.134	0.181	0.139	0.135	0.132	0.232	0.170	0.134	0.135	0.128	0.165	0.147	0.132	0.177	0.138	0.134	0.133	0.228	0.166	0.132	0.135	0.128	0.175	0.145	0.135	0.184	0.144	0.137	0.130	0.227	0.168	0.132	0.134	0.129	0.165	0.146	0.135	0.172	0.140	0.135	0.129	0.225	0.165	0.132	0.131	0.124	0.161	0.145	0.133	0.175	0.136	0.135	0.129	0.226	0.160	0.129	0.130	0.123	0.161	0.152	0.132	0.178	0.136	0.134	0.130	0.232	0.162	0.138	0.139	0.128	0.160	0.150	0.132	0.178	0.134
6:40:01	0.138	0.131	0.229	0.178	0.135	0.132	0.127	0.165	0.152	0.134	0.183	0.138	0.137	0.132	0.235	0.176	0.136	0.137	0.123	0.166	0.154	0.140	0.182	0.140	0.138	0.133	0.241	0.177	0.136	0.137	0.128	0.171	0.147	0.137	0.178	0.140	0.140	0.134	0.235	0.173	0.135	0.135	0.128	0.181	0.145	0.137	0.185	0.144	0.140	0.132	0.234	0.174	0.134	0.134	0.129	0.173	0.150	0.137	0.173	0.140	0.141	0.130	0.231	0.172	0.134	0.132	0.124	0.167	0.147	0.137	0.177	0.138	0.139	0.130	0.232	0.166	0.132	0.132	0.123	0.167	0.152	0.137	0.180	0.138	0.139	0.133	0.240	0.170	0.139	0.140	0.128	0.166	0.154	0.137	0.179	0.135
7:00:01	0.143	0.133	0.236	0.184	0.136	0.134	0.127	0.172	0.155	0.139	0.185	0.139	0.142	0.131	0.242	0.183	0.138	0.137	0.124	0.173	0.157	0.143	0.183	0.141	0.144	0.134	0.248	0.183	0.137	0.137	0.128	0.177	0.150	0.141	0.180	0.141	0.147	0.133	0.242	0.180	0.136	0.133	0.129	0.186	0.149	0.141	0.186	0.145	0.147	0.132	0.240	0.181	0.135	0.133	0.130	0.180	0.157	0.140	0.174	0.142	0.150	0.132	0.238	0.179	0.134	0.130	0.124	0.175	0.154	0.140	0.178	0.139	0.144	0.131	0.238	0.173	0.134	0.131	0.123	0.174	0.153	0.140	0.181	0.138	0.142	0.134	0.248	0.177	0.142	0.140	0.128	0.173	0.155	0.139	0.179	0.135
7:20:01	0.154	0.132	0.243	0.191	0.138	0.133	0.127	0.179	0.154	0.141	0.187	0.139	0.148	0.134	0.250	0.189	0.136	0.140	0.123	0.180	0.157	0.149	0.184	0.142	0.153	0.135	0.255	0.190	0.139	0.140	0.128	0.184	0.153	0.149	0.181	0.141	0.152	0.135	0.249	0.187	0.135	0.137	0.129	0.197	0.158	0.143	0.187	0.145	0.149	0.135	0.247	0.188	0.134	0.137	0.131	0.189	0.164	0.142	0.176	0.142	0.151	0.133	0.244	0.185	0.133	0.133	0.124	0.183	0.156	0.147	0.180	0.140	0.152	0.133	0.244	0.180	0.132	0.133	0.123	0.181	0.154	0.145	0.182	0.139	0.151	0.135	0.255	0.184	0.140	0.141	0.128	0.180	0.157	0.145	0.181	0.136
7:40:01	0.161	0.134	0.250	0.197	0.136	0.136	0.127	0.185	0.157	0.146	0.188	0.140	0.151	0.136	0.256	0.195	0.139	0.142	0.124	0.187	0.161	0.161	0.185	0.142	0.156	0.137	0.263	0.197	0.139	0.142	0.128	0.189	0.156	0.152	0.183	0.142	0.155	0.138	0.255	0.194	0.138	0.138	0.130	0.208	0.161	0.145	0.189	0.146	0.152	0.136	0.253	0.194	0.135	0.140	0.132	0.198	0.175	0.146	0.179	0.142	0.151	0.136	0.250	0.192	0.134	0.136	0.125	0.190	0.160	0.148	0.182	0.141	0.152	0.135	0.251	0.188	0.132	0.136	0.124	0.189	0.156	0.155	0.184	0.140	0.157	0.137	0.263	0.193	0.141	0.145	0.128	0.188	0.162	0.154	0.182	0.137
8:00:01	0.163	0.137	0.256	0.203	0.137	0.138	0.127	0.193	0.164	0.155	0.190	0.140	0.155	0.139	0.263	0.203	0.137	0.145	0.124	0.195	0.168	0.164	0.187	0.142	0.159	0.142	0.268	0.203	0.140	0.144	0.129	0.196	0.155	0.149	0.184	0.142	0.156	0.142	0.262	0.201	0.138	0.140	0.130	0.215	0.164	0.143	0.189	0.146	0.151	0.141	0.259	0.200	0.139	0.142	0.132	0.205	0.172	0.143	0.181	0.142	0.151	0.140	0.256	0.199	0.136	0.141	0.125	0.197	0.155	0.148	0.183	0.141	0.150	0.140	0.258	0.195	0.133	0.141	0.124	0.195	0.162	0.158	0.186	0.140	0.155	0.139	0.271	0.199	0.142	0.146	0.128	0.195	0.170	0.155	0.183	0.137
8:20:01	0.165	0.139	0.263	0.212	0.138	0.140	0.128	0.198	0.168	0.154	0.192	0.141	0.160	0.138	0.270	0.209	0.139	0.146	0.124	0.201	0.169	0.164	0.189	0.143	0.161	0.143	0.274	0.210	0.139	0.144	0.129	0.201	0.156	0.151	0.186	0.143	0.158	0.142	0.268	0.209	0.139	0.142	0.130	0.223	0.166	0.145	0.192	0.146	0.151	0.141	0.266	0.207	0.139	0.143	0.132	0.214	0.175	0.144	0.183	0.143	0.150	0.141	0.262	0.206	0.135	0.140	0.125	0.204	0.163	0.147	0.185	0.141	0.149	0.141	0.264	0.202	0.134	0.142	0.124	0.202	0.164	0.158	0.187	0.140	0.158	0.140	0.275	0.205	0.143	0.145	0.129	0.201	0.174	0.155	0.184	0.138
8:40:01	0.166	0.139	0.270	0.220	0.139	0.141	0.128	0.205	0.166	0.157	0.194	0.142	0.158	0.139	0.277	0.217	0.139	0.144	0.124	0.206	0.172	0.165	0.191	0.143	0.161	0.143	0.280	0.218	0.140	0.144	0.129	0.208	0.170	0.162	0.188	0.143	0.158	0.141	0.273	0.217	0.140	0.144	0.131	0.229	0.177	0.152	0.194	0.147	0.152	0.140	0.272	0.217	0.140	0.145	0.133	0.221	0.176	0.150	0.186	0.143	0.155	0.141	0.268	0.216	0.137	0.140	0.125	0.211	0.163	0.158	0.186	0.142	0.150	0.141	0.271	0.209	0.135	0.141	0.124	0.211	0.181	0.157	0.190	0.141	0.165	0.140	0.282	0.215	0.144	0.145	0.128	0.209	0.177	0.155	0.186	0.138
9:00:01	0.177	0.140	0.275	0.228	0.139	0.141	0.128	0.212	0.171	0.165	0.196	0.142	0.170	0.138	0.283	0.223	0.140	0.144	0.124	0.215	0.177	0.171	0.192	0.144	0.167	0.143	0.289	0.226	0.141	0.145	0.129	0.215	0.188	0.154	0.189	0.143	0.165	0.142	0.280	0.225	0.141	0.144	0.131	0.235	0.194	0.149	0.196	0.148	0.160	0.142	0.280	0.223	0.140	0.147	0.134	0.229	0.197	0.152	0.188	0.144	0.163	0.142	0.274	0.222	0.138	0.141	0.126	0.220	0.189	0.152	0.189	0.142	0.158	0.142	0.277	0.218	0.136	0.141	0.124	0.217	0.183	0.163	0.193	0.141	0.165	0.140	0.288	0.221	0.144	0.144	0.129	0.218	0.181	0.162	0.189	0.138
9:20:01	0.160	0.140	0.282	0.236	0.140	0.141	0.128	0.218	0.184	0.174	0.198	0.143	0.165	0.138	0.290	0.231	0.141	0.144	0.124	0.221	0.189	0.175	0.195	0.144	0.170	0.143	0.291	0.233	0.142	0.144	0.129	0.221	0.191	0.148	0.191	0.143	0.165	0.141	0.286	0.233	0.142	0.142	0.131	0.235	0.195	0.153	0.198	0.148	0.181	0.142	0.285	0.232	0.141	0.150	0.134	0.238	0.206	0.155	0.190	0.144	0.175	0.143	0.280	0.230	0.139	0.141	0.126	0.226	0.185	0.147	0.191	0.142	0.176	0.143	0.282	0.224	0.137	0.140	0.124	0.225	0.191	0.168	0.196	0.141	0.176	0.142	0.298	0.230	0.145	0.146	0.129	0.224	0.189	0.164	0.191	0.139
9:40:01	0.186	0.142	0.288	0.246	0.140	0.141	0.128	0.226	0.196	0.173	0.201	0.143	0.184	0.139	0.295	0.241	0.141	0.145	0.125	0.229	0.202	0.177	0.198	0.145	0.188	0.146	0.297	0.242	0.142	0.144	0.130	0.229	0.204	0.170	0.193	0.144	0.183	0.144	0.291	0.242	0.143	0.144	0.132	0.242	0.213	0.156	0.201	0.149	0.179	0.147	0.290	0.239	0.142	0.153	0.135	0.247	0.204	0.156	0.193	0.145	0.189	0.151	0.286	0.239	0.141	0.143	0.126	0.233	0.194	0.163	0.194	0.143	0.176	0.154	0.288	0.234	0.137	0.142	0.125	0.234	0.197	0.166	0.199	0.143	0.186	0.149	0.302	0.238	0.145	0.150	0.129	0.232	0.207	0.163	0.193	0.139
10:00:01	0.202	0.150	0.295	0.257	0.140	0.143	0.128	0.236	0.210	0.176	0.203	0.144	0.197	0.144	0.300	0.251	0.141	0.149	0.125	0.238	0.213	0.179	0.200	0.145	0.205	0.153	0.305	0.251	0.143	0.150	0.130	0.238	0.217	0.182	0.196	0.145	0.200	0.151	0.296	0.251	0.144	0.147	0.133	0.251	0.223	0.176	0.204	0.149	0.197	0.152	0.295	0.247	0.143	0.152	0.136	0.256	0.223	0.180	0.195	0.145	0.201	0.153	0.292	0.249	0.141	0.145	0.126	0.244	0.211	0.172	0.196	0.143	0.193	0.158	0.292	0.244	0.137	0.147	0.125	0.243	0.212	0.177	0.201	0.143	0.202	0.155	0.312	0.248	0.145	0.157	0.130	0.243	0.212	0.178	0.198	0.140
10:20:01	0.209	0.160	0.301	0.268	0.141	0.153	0.129	0.246	0.215	0.196	0.206	0.145	0.211	0.152	0.306	0.262	0.142	0.153	0.125	0.249	0.217	0.198	0.203	0.146	0.209	0.161	0.308	0.260	0.143	0.154	0.131	0.248	0.220	0.200	0.209	0.145	0.210	0.159	0.301	0.263	0.146	0.156	0.134	0.258	0.224	0.192	0.207	0.150	0.208	0.163	0.300	0.258	0.144	0.159	0.138	0.267	0.227	0.189	0.199	0.146	0.209	0.166	0.296	0.259	0.142	0.156	0.127	0.256	0.216	0.189	0.197	0.143	0.202	0.166	0.298	0.254	0.138	0.157	0.125	0.253	0.214	0.196	0.202	0.143	0.205	0.167	0.319	0.258	0.146	0.175	0.130	0.254	0.214	0.196	0.199	0.140
10:40:01	0.209	0.172	0.306	0.275	0.142	0.159	0.129	0.258	0.217	0.201	0.210	0.145	0.212	0.172	0.312	0.270	0.143	0.172	0.125	0.259	0.218	0.207	0.206	0.146	0.209	0.179	0.314	0.269	0.145	0.170	0.131	0.258	0.221	0.208	0.198	0.145	0.211	0.177	0.305	0.272	0.147	0.176	0.135	0.265	0.225	0.210	0.209	0.150	0.210	0.184	0.305	0.267	0.146	0.176	0.139	0.276	0.228	0.191	0.202	0.146	0.209	0.183	0.304	0.270	0.145	0.173	0.127	0.266	0.217	0.199	0.200	0.144	0.204	0.182	0.303	0.262	0.138	0.176	0.125	0.264	0.215	0.205	0.207	0.144	0.205	0.180	0.325	0.269	0.147	0.185	0.131	0.266	0.215	0.205	0.208	0.141
11:00:01	0.209	0.179	0.310	0.284	0.143	0.177	0.130	0.269	0.218	0.208	0.211	0.145	0.210	0.187	0.319	0.278	0.144	0.187	0.126	0.271	0.219	0.211	0.208	0.147	0.208	0.188	0.321	0.279	0.147	0.188	0.132	0.268	0.222	0.214	0.214	0.146	0.209	0.188	0.311	0.280	0.149	0.190	0.136	0.277	0.226	0.213	0.212	0.151	0.209	0.188	0.308	0.275	0.149	0.185	0.140	0.283	0.229	0.205	0.204	0.147	0.207	0.187	0.308	0.276	0.147	0.180	0.127	0.276	0.219	0.206	0.207	0.144	0.203	0.184	0.308	0.273	0.139	0.182	0.126	0.273	0.216	0.209	0.207	0.144	0.204	0.184	0.332	0.280	0.147	0.191	0.132	0.276	0.215	0.208	0.202	0.141
11:20:01	0.207	0.183	0.315	0.291	0.143	0.187	0.130	0.278	0.219	0.212	0.215	0.146	0.207	0.194	0.323	0.285	0.145	0.194	0.126	0.280	0.219	0.215	0.209	0.147	0.207	0.190	0.325	0.287	0.148	0.200	0.133	0.277	0.222	0.216	0.201	0.146	0.207	0.190	0.316	0.287	0.153	0.201	0.137	0.281	0.227	0.218	0.214	0.151	0.207	0.190	0.313	0.281	0.152	0.189	0.141	0.289	0.230	0.209	0.207	0.148	0.206	0.189	0.314	0.285	0.149	0.185	0.128	0.285	0.220	0.208	0.203	0.145	0.202	0.186	0.312	0.282	0.140	0.185	0.127	0.280	0.217	0.213	0.214	0.145	0.203	0.191	0.338	0.289	0.148	0.196	0.133	0.285	0.215	0.214	0.205	0.141
11:40:01	0.206	0.193	0.320	0.297	0.145	0.195	0.131	0.288	0.219	0.220	0.217	0.147	0.206	0.200	0.329	0.294	0.146	0.203	0.127	0.288	0.219	0.221	0.213	0.148	0.206	0.192	0.331	0.295	0.151	0.205	0.134	0.285	0.223	0.221	0.202	0.147	0.205	0.193	0.318	0.294	0.157	0.205	0.139	0.286	0.228	0.222	0.216	0.152	0.206	0.194	0.319	0.288	0.157	0.196	0.143	0.295	0.231	0.212	0.209	0.149	0.204	0.191	0.319	0.292	0.150	0.191	0.129	0.292	0.221	0.211	0.204	0.146	0.201	0.189	0.317	0.290	0.141	0.189	0.127	0.288	0.218	0.217	0.216	0.145	0.202	0.191	0.344	0.298	0.151	0.196	0.134	0.293	0.215	0.215	0.216	0.142
12:00:01	0.205	0.195	0.326	0.304	0.147	0.200	0.132	0.296	0.220	0.221	0.218	0.147	0.204	0.200	0.335	0.301	0.149	0.204	0.127	0.296	0.219	0.221	0.213	0.149	0.205	0.194	0.336	0.301	0.157	0.206	0.135	0.295	0.223	0.220	0.204	0.147	0.204	0.194	0.322	0.301	0.159	0.204	0.141	0.298	0.229	0.221	0.218	0.152	0.204	0.194	0.321	0.295	0.158	0.196	0.144	0.302	0.231	0.215	0.213	0.149	0.203	0.192	0.326	0.298	0.149	0.191	0.129	0.300	0.222	0.213	0.206	0.146	0.200	0.189	0.322	0.295	0.143	0.190	0.128	0.294	0.220	0.216	0.214	0.146	0.201	0.190	0.349	0.305	0.155	0.195	0.135	0.301	0.215	0.214	0.208	0.142
12:20:01	0.204	0.197	0.331	0.311	0.152	0.200	0.133	0.303	0.220	0.220	0.221	0.148	0.203	0.199	0.339	0.307	0.154	0.203	0.128	0.303	0.219	0.220	0.215	0.149	0.204	0.192	0.341	0.307	0.157	0.205	0.136	0.300	0.224	0.219	0.251	0.148	0.203	0.192	0.330	0.306	0.162	0.203	0.143	0.301	0.229	0.221	0.220	0.153	0.204	0.193	0.328	0.299	0.162	0.196	0.146	0.307	0.232	0.216	0.214	0.150	0.202	0.191	0.329	0.302	0.153	0.191	0.130	0.308	0.222	0.214	0.207	0.146	0.199	0.188	0.325	0.302	0.148	0.189	0.129	0.301	0.221	0.215	0.225	0.146	0.200	0.189	0.355	0.312	0.160	0.194	0.136	0.308	0.214	0.213	0.246	0.143
12:40:01	0.204	0.199	0.335	0.315	0.153	0.199	0.134	0.310	0.221	0.219	0.219	0.149	0.203	0.199	0.344	0.313	0.155	0.202	0.129	0.310	0.219	0.219	0.217	0.150	0.204	0.191	0.346	0.313	0.163	0.204	0.137	0.307	0.225	0.218	0.261	0.149	0.203	0.191	0.332	0.312	0.168	0.202	0.145	0.308	0.230	0.222	0.221	0.153	0.203	0.192	0.332	0.304	0.168	0.196	0.148	0.312	0.233	0.218	0.215	0.150	0.201	0.190	0.334	0.307	0.160	0.190	0.131	0.314	0.223	0.214	0.211	0.147	0.199	0.187	0.330	0.308	0.154	0.188	0.129	0.307	0.223	0.214	0.252	0.148	0.200	0.189	0.359	0.319	0.170	0.194	0.138	0.315	0.214	0.212	0.237	0.143
13:00:01	0.204	0.200	0.340	0.321	0.165	0.199	0.135	0.316	0.221	0.218	0.220	0.149	0.202	0.200	0.346	0.318	0.165	0.202	0.130	0.315	0.219	0.218	0.217	0.150	0.203	0.190	0.351	0.319	0.175	0.204	0.138	0.312	0.226	0.218	0.273	0.149	0.202	0.191	0.335	0.317	0.179	0.202	0.148	0.315	0.230	0.223	0.224	0.154	0.203	0.191	0.336	0.309	0.178	0.196	0.150	0.316	0.234	0.219	0.217	0.151	0.201	0.189	0.338	0.313	0.167	0.191	0.132	0.321	0.223	0.215	0.210	0.147	0.199	0.186	0.334	0.313	0.161	0.187	0.131	0.312	0.225	0.214	0.256	0.148	0.200	0.189	0.364	0.325	0.177	0.195	0.140	0.321	0.214	0.212	0.259	0.144
13:20:01	0.204	0.201	0.343	0.325	0.176	0.199	0.137	0.322	0.222	0.218	0.224	0.150	0.201	0.200	0.352	0.323	0.174	0.202	0.132	0.321	0.219	0.218	0.220	0.151	0.203	0.190	0.355	0.323	0.186	0.204	0.140	0.318	0.227	0.219	0.274	0.149	0.202	0.190	0.340	0.322	0.193	0.202	0.151	0.319	0.231	0.224	0.226	0.155	0.202	0.191	0.339	0.313	0.190	0.197	0.152	0.321	0.235	0.220	0.220	0.151	0.201	0.189	0.342	0.318	0.177	0.191	0.133	0.326	0.224	0.216	0.211	0.147	0.199	0.186	0.338	0.319	0.171	0.187	0.132	0.318	0.227	0.214	0.266	0.149	0.199	0.189	0.368	0.331	0.181	0.195	0.143	0.327	0.214	0.211	0.274	0.144
13:40:01	0.203	0.202	0.346	0.329	0.181	0.200	0.140	0.328	0.222	0.218	0.227	0.151	0.201	0.201	0.356	0.328	0.181	0.202	0.134	0.327	0.219	0.217	0.222	0.152	0.203	0.190	0.359	0.328	0.191	0.205	0.142	0.324	0.229	0.220	0.273	0.150	0.202	0.190	0.343	0.326	0.201	0.203	0.155	0.327	0.231	0.224	0.229	0.156	0.202	0.191	0.342	0.317	0.199	0.197	0.155	0.326	0.236	0.222	0.219	0.153	0.201	0.189	0.344	0.322	0.184	0.191	0.134	0.331	0.226	0.217	0.214	0.149	0.199	0.186	0.342	0.323	0.176	0.187	0.134	0.322	0.230	0.215	0.275	0.150	0.199	0.190	0.372	0.336	0.183	0.195	0.146	0.332	0.214	0.211	0.237	0.145
14:00:01	0.204	0.203	0.349	0.332	0.184	0.200	0.143	0.333	0.223	0.219	0.227	0.152	0.201	0.201	0.359	0.331	0.185	0.202	0.135	0.332	0.220	0.217	0.223	0.153	0.203	0.190	0.364	0.331	0.194	0.205	0.145	0.328	0.231	0.221	0.268	0.151	0.202	0.191	0.346	0.331	0.206	0.203	0.159	0.330	0.232	0.224	0.230	0.157	0.202	0.191	0.344	0.320	0.204	0.199	0.158	0.330	0.238	0.222	0.221	0.154	0.200	0.189	0.347	0.325	0.188	0.192	0.136	0.336	0.226	0.217	0.212	0.149	0.199	0.186	0.344	0.328	0.179	0.188	0.136	0.326	0.232	0.216	0.279	0.151	0.200	0.190	0.375	0.341	0.185	0.196	0.149	0.337	0.213	0.212	0.234	0.146
14:20:01	0.204	0.204	0.352	0.336	0.187	0.201	0.146	0.336	0.223	0.221	0.231	0.153	0.200	0.202	0.364	0.335	0.187	0.202	0.138	0.336	0.220	0.217	0.224	0.154	0.203	0.191	0.369	0.335	0.197	0.205	0.148	0.332	0.232	0.221	0.283	0.152	0.201	0.191	0.348	0.334	0.210	0.204	0.163	0.333	0.233	0.225	0.231	0.158	0.201	0.191	0.347	0.323	0.208	0.200	0.162	0.334	0.239	0.224	0.221	0.155	0.200	0.189	0.350	0.327	0.192	0.194	0.139	0.340	0.228	0.218	0.216	0.150	0.198	0.187	0.346	0.332	0.181	0.188	0.138	0.330	0.233	0.217	0.273	0.152	0.199	0.190	0.378	0.345	0.187	0.196	0.153	0.341	0.213	0.213	0.226	0.146
14:40:01	0.203	0.204	0.354	0.339	0.190	0.201	0.150	0.340	0.222	0.222	0.227	0.153	0.200	0.202	0.365	0.337	0.190	0.202	0.140	0.338	0.220	0.218	0.225	0.155	0.203	0.191	0.370	0.338	0.199	0.205	0.151	0.335	0.233	0.222	0.278	0.152	0.200	0.191	0.348	0.337	0.213	0.203	0.167	0.336	0.234	0.225	0.230	0.159	0.201	0.191	0.349	0.325	0.212	0.201	0.165	0.337	0.241	0.224	0.223	0.155	0.199	0.189	0.350	0.330	0.194	0.195	0.140	0.343	0.228	0.219	0.220	0.150	0.197	0.187	0.348	0.335	0.183	0.188	0.140	0.333	0.234	0.218	0.284	0.153	0.199	0.190	0.380	0.348	0.188	0.196	0.158	0.344	0.213	0.213	0.284	0.146
15:00:01	0.203	0.205	0.356	0.342	0.192	0.201	0.155	0.344	0.222	0.224	0.230	0.154	0.200	0.203	0.372	0.341	0.192	0.202	0.143	0.343	0.220	0.218	0.225	0.157	0.202	0.191	0.375	0.341	0.203	0.205	0.155	0.339	0.234	0.223	0.273	0.153	0.200	0.191	0.352	0.339	0.216	0.203	0.171	0.339	0.235	0.226	0.232	0.160	0.200	0.191	0.351	0.327	0.214	0.202	0.168	0.340	0.242	0.226	0.225	0.156	0.199	0.189	0.351	0.330	0.197	0.196	0.143	0.347	0.229	0.220	0.247	0.151	0.197	0.187	0.351	0.338	0.185	0.188	0.143	0.335	0.235	0.220	0.289	0.153	0.199	0.191	0.383	0.352	0.190	0.196	0.164	0.347	0.213	0.213	0.281	0.147
15:20:01	0.203	0.206	0.358	0.344	0.194	0.202	0.161	0.347	0.223	0.227	0.236	0.155	0.199	0.203	0.371	0.342	0.195	0.203	0.147	0.346	0.220	0.219	0.226	0.157	0.203	0.191	0.376	0.343	0.207	0.206	0.161	0.342	0.236	0.224	0.299	0.153	0.200	0.192	0.354	0.340	0.220	0.204	0.175	0.342	0.237	0.228	0.232	0.161	0.200	0.192	0.353	0.331	0.219	0.204	0.174	0.343	0.243	0.226	0.223	0.157	0.198	0.190	0.352	0.333	0.200	0.197	0.147	0.349	0.231	0.221	0.221	0.152	0.197	0.187	0.352	0.340	0.186	0.188	0.147	0.337	0.234	0.221	0.288	0.154	0.199	0.191	0.384	0.355	0.191	0.197	0.170	0.349	0.213	0.214	0.304	0.148
15:40:01	0.203	0.207	0.360	0.346	0.196	0.202	0.167	0.350	0.222	0.230	0.232	0.156	0.199	0.203	0.374	0.345	0.197	0.203	0.151	0.349	0.220	0.220	0.228	0.158	0.203	0.192	0.377	0.346	0.210	0.206	0.166	0.345	0.236	0.224	0.289	0.154	0.200	0.192	0.356	0.341	0.223	0.205	0.178	0.346	0.238	0.229	0.232	0.162	0.200	0.192	0.357	0.332	0.221	0.205	0.178	0.345	0.244	0.227	0.236	0.158	0.198	0.190	0.353	0.335	0.204	0.199	0.152	0.352	0.232	0.221	0.225	0.152	0.197	0.187	0.354	0.342	0.187	0.189	0.152	0.339	0.234	0.223	0.289	0.155	0.199	0.191	0.387	0.358	0.192	0.197	0.175	0.352	0.212	0.214	0.291	0.149
16:00:01	0.203	0.207	0.364	0.348	0.198	0.202	0.173	0.353	0.221	0.231	0.231	0.158	0.199	0.203	0.385	0.347	0.199	0.203	0.156	0.351	0.220	0.221	0.225	0.160	0.203	0.192	0.384	0.348	0.211	0.206	0.169	0.348	0.236	0.226	0.296	0.155	0.199	0.192	0.359	0.343	0.224	0.205	0.180	0.347	0.239	0.229	0.234	0.163	0.200	0.192	0.359	0.334	0.222	0.206	0.181	0.346	0.245	0.227	0.256	0.161	0.198	0.190	0.355	0.337	0.205	0.200	0.157	0.355	0.234	0.223	0.222	0.154	0.197	0.187	0.356	0.345	0.189	0.189	0.158	0.341	0.234	0.226	0.284	0.158	0.199	0.192	0.414	0.362	0.193	0.197	0.182	0.354	0.212	0.215	0.290	0.150
16:20:01	0.203	0.208	0.395	0.349	0.199	0.203	0.179	0.356	0.222	0.235	0.231	0.159	0.199	0.203	0.397	0.349	0.203	0.203	0.162	0.353	0.220	0.223	0.227	0.162	0.203	0.192	0.390	0.351	0.213	0.207	0.175	0.349	0.238	0.227	0.307	0.157	0.199	0.192	0.368	0.343	0.224	0.205	0.184	0.352	0.240	0.230	0.235	0.165	0.200	0.192	0.370	0.336	0.222	0.206	0.184	0.347	0.245	0.228	0.272	0.161	0.198	0.190	0.373	0.337	0.205	0.200	0.161	0.357	0.235	0.223	0.221	0.155	0.196	0.188	0.366	0.349	0.189	0.189	0.163	0.343	0.230	0.226	0.293	0.157	0.199	0.192	0.443	0.365	0.195	0.198	0.189	0.356	0.212	0.213	0.304	0.151
16:40:01	0.203	0.208	0.415	0.351	0.201	0.203	0.186	0.357	0.219	0.236	0.287	0.160	0.199	0.204	0.412	0.351	0.204	0.203	0.167	0.355	0.219	0.222	0.229	0.162	0.203	0.192	0.405	0.353	0.217	0.207	0.179	0.352	0.238	0.229	0.298	0.157	0.199	0.193	0.377	0.344	0.227	0.205	0.190	0.354	0.241	0.230	0.234	0.165	0.200	0.192	0.379	0.338	0.225	0.207	0.191	0.349	0.246	0.229	0.276	0.163	0.198	0.190	0.387	0.340	0.211	0.201	0.167	0.359	0.237	0.224	0.224	0.155	0.197	0.188	0.391	0.350	0.191	0.189	0.170	0.344	0.233	0.229	0.295	0.159	0.199	0.193	0.463	0.366	0.195	0.198	0.194	0.359	0.211	0.215	0.296	0.152
17:00:01	0.203	0.209	0.424	0.353	0.204	0.204	0.194	0.359	0.220	0.240	0.280	0.163	0.198	0.204	0.426	0.352	0.207	0.204	0.172	0.356	0.220	0.225	0.227	0.163	0.203	0.192	0.422	0.355	0.220	0.208	0.185	0.353	0.241	0.232	0.284	0.159	0.199	0.193	0.389	0.345	0.229	0.205	0.195	0.355	0.243	0.231	0.236	0.166	0.199	0.193	0.392	0.339	0.224	0.207	0.196	0.349	0.245	0.229	0.261	0.165	0.198	0.190	0.402	0.341	0.211	0.201	0.172	0.360	0.238	0.224	0.227	0.157	0.196	0.188	0.410	0.353	0.191	0.190	0.176	0.345	0.229	0.229	0.285	0.160	0.199	0.193	0.471	0.368	0.197	0.199	0.200	0.360	0.211	0.214	0.301	0.152
17:20:01	0.204	0.209	0.429	0.354	0.205	0.204	0.201	0.362	0.218	0.241	0.294	0.162	0.198	0.204	0.436	0.353	0.208	0.204	0.177	0.357	0.220	0.224	0.227	0.164	0.203	0.192	0.434	0.356	0.224	0.208	0.192	0.353	0.241	0.234	0.307	0.159	0.199	0.193	0.402	0.346	0.232	0.206	0.202	0.357	0.244	0.232	0.236	0.167	0.200	0.193	0.405	0.340	0.227	0.209	0.204	0.350	0.247	0.231	0.272	0.166	0.198	0.191	0.413	0.344	0.216	0.203	0.178	0.362	0.240	0.225	0.226	0.159	0.196	0.188	0.425	0.354	0.193	0.190	0.184	0.346	0.233	0.232	0.289	0.162	0.200	0.194	0.476	0.369	0.197	0.199	0.206	0.362	0.211	0.215	0.300	0.154
17:40:01	0.204	0.210	0.430	0.358	0.207	0.204	0.206	0.363	0.217	0.243	0.294	0.164	0.199	0.205	0.442	0.354	0.211	0.205	0.184	0.357	0.220	0.224	0.226	0.165	0.203	0.192	0.444	0.357	0.226	0.209	0.198	0.356	0.244	0.235	0.286	0.161	0.199	0.193	0.410	0.346	0.233	0.206	0.205	0.359	0.245	0.234	0.236	0.168	0.199	0.194	0.414	0.340	0.228	0.209	0.211	0.351	0.247	0.231	0.270	0.167	0.198	0.191	0.418	0.343	0.217	0.203	0.184	0.363	0.241	0.225	0.272	0.159	0.196	0.188	0.432	0.357	0.194	0.190	0.192	0.347	0.232	0.234	0.289	0.163	0.200	0.194	0.477	0.370	0.198	0.199	0.212	0.364	0.210	0.215	0.297	0.155
18:00:01	0.204	0.211	0.430	0.369	0.212	0.206	0.213	0.365	0.220	0.250	0.300	0.165	0.198	0.205	0.446	0.362	0.215	0.206	0.189	0.360	0.222	0.229	0.231	0.167	0.203	0.193	0.452	0.363	0.229	0.210	0.202	0.357	0.249	0.238	0.292	0.163	0.200	0.193	0.416	0.351	0.236	0.207	0.211	0.360	0.246	0.235	0.237	0.170	0.199	0.194	0.420	0.344	0.229	0.209	0.216	0.352	0.247	0.232	0.275	0.167	0.197	0.191	0.424	0.348	0.219	0.203	0.190	0.364	0.242	0.226	0.225	0.160	0.197	0.189	0.434	0.359	0.194	0.191	0.196	0.347	0.227	0.233	0.295	0.164	0.200	0.194	0.476	0.376	0.199	0.200	0.218	0.364	0.209	0.213	0.309	0.156
18:20:01	0.204	0.211	0.426	0.376	0.213	0.206	0.220	0.367	0.218	0.251	0.293	0.166	0.198	0.205	0.446	0.370	0.217	0.206	0.195	0.363	0.222	0.228	0.231	0.167	0.203	0.193	0.454	0.373	0.229	0.210	0.208	0.360	0.249	0.240	0.288	0.164	0.199	0.194	0.418	0.360	0.236	0.207	0.216	0.365	0.247	0.235	0.238	0.171	0.199	0.194	0.422	0.354	0.230	0.210	0.219	0.355	0.247	0.233	0.275	0.169	0.197	0.191	0.426	0.356	0.219	0.204	0.195	0.372	0.243	0.226	0.248	0.162	0.197	0.189	0.435	0.371	0.194	0.191	0.203	0.350	0.229	0.235	0.290	0.164	0.200	0.195	0.475	0.401	0.200	0.201	0.224	0.374	0.209	0.213	0.305	0.157
18:40:01	0.204	0.212	0.425	0.386	0.216	0.206	0.226	0.385	0.218	0.253	0.301	0.166	0.198	0.205	0.445	0.378	0.219	0.207	0.200	0.374	0.222	0.229	0.230	0.169	0.203	0.193	0.455	0.383	0.232	0.210	0.213	0.368	0.251	0.243	0.303	0.165	0.199	0.194	0.420	0.368	0.238	0.207	0.221	0.373	0.249	0.236	0.239	0.172	0.199	0.194	0.424	0.361	0.233	0.211	0.224	0.363	0.248	0.233	0.271	0.170	0.197	0.192	0.426	0.365	0.221	0.205	0.201	0.387	0.243	0.226	0.243	0.164	0.197	0.189	0.436	0.383	0.195	0.191	0.209	0.371	0.229	0.237	0.291	0.166	0.200	0.195	0.473	0.414	0.200	0.201	0.231	0.391	0.209	0.213	0.316	0.158
19:00:01	0.204	0.212	0.423	0.397	0.218	0.207	0.233	0.397	0.217	0.255	0.300	0.168	0.198	0.205	0.445	0.387	0.221	0.207	0.206	0.379	0.223	0.230	0.233	0.170	0.203	0.193	0.456	0.395	0.234	0.211	0.218	0.375	0.253	0.245	0.309	0.167	0.199	0.194	0.420	0.378	0.239	0.207	0.226	0.380	0.249	0.237	0.240	0.172	0.199	0.194	0.424	0.368	0.234	0.211	0.228	0.368	0.248	0.233	0.276	0.171	0.197	0.192	0.427	0.373	0.221	0.206	0.207	0.398	0.244	0.227	0.226	0.165	0.196	0.189	0.435	0.392	0.195	0.191	0.215	0.387	0.229	0.239	0.303	0.167	0.201	0.196	0.472	0.421	0.201	0.202	0.237	0.406	0.208	0.213	0.306	0.159
19:20:01	0.205	0.213	0.422	0.405	0.219	0.208	0.240	0.407	0.215	0.256	0.305	0.169	0.198	0.206	0.443	0.395	0.222	0.207	0.210	0.388	0.222	0.227	0.231	0.169	0.204	0.194	0.455	0.404	0.236	0.211	0.224	0.385	0.253	0.246	0.324	0.167	0.199	0.195	0.420	0.386	0.241	0.207	0.231	0.389	0.250	0.238	0.241	0.173	0.200	0.195	0.425	0.378	0.236	0.211	0.232	0.378	0.249	0.234	0.280	0.172	0.198	0.192	0.427	0.382	0.223	0.207	0.211	0.404	0.244	0.227	0.276	0.166	0.197	0.190	0.436	0.402	0.196	0.192	0.220	0.401	0.233	0.242	0.305	0.171	0.201	0.196	0.474	0.428	0.201	0.202	0.243	0.422	0.208	0.214	0.320	0.160
19:40:01	0.205	0.213	0.421	0.410	0.221	0.209	0.247	0.414	0.215	0.259	0.299	0.169	0.198	0.206	0.443	0.401	0.225	0.208	0.216	0.397	0.222	0.227	0.232	0.171	0.204	0.194	0.452	0.411	0.239	0.212	0.229	0.394	0.254	0.249	0.312	0.168	0.199	0.195	0.420	0.395	0.241	0.208	0.235	0.398	0.250	0.239	0.240	0.175	0.199	0.195	0.424	0.386	0.237	0.211	0.235	0.386	0.249	0.234	0.272	0.173	0.198	0.192	0.426	0.390	0.223	0.208	0.216	0.412	0.244	0.228	0.231	0.167	0.197	0.190	0.436	0.409	0.196	0.192	0.226	0.410	0.233	0.243	0.296	0.170	0.201	0.197	0.471	0.432	0.201	0.203	0.249	0.431	0.208	0.215	0.311	0.161
20:00:01	0.205	0.214	0.419	0.414	0.224	0.210	0.254	0.419	0.217	0.262	0.305	0.171	0.198	0.206	0.440	0.403	0.227	0.209	0.223	0.405	0.225	0.230	0.230	0.171	0.204	0.194	0.448	0.415	0.240	0.213	0.235	0.401	0.256	0.251	0.319	0.170	0.199	0.195	0.418	0.402	0.240	0.208	0.241	0.407	0.250	0.240	0.240	0.176	0.199	0.195	0.422	0.394	0.237	0.211	0.238	0.393	0.248	0.234	0.279	0.175	0.198	0.192	0.424	0.396	0.222	0.209	0.221	0.419	0.245	0.228	0.237	0.169	0.196	0.190	0.433	0.414	0.194	0.192	0.230	0.414	0.229	0.242	0.309	0.172	0.201	0.197	0.465	0.430	0.203	0.203	0.255	0.431	0.207	0.212	0.313	0.162
20:20:01	0.205	0.215	0.417	0.417	0.224	0.211	0.260	0.424	0.217	0.264	0.308	0.172	0.198	0.207	0.439	0.403	0.227	0.210	0.229	0.409	0.226	0.231	0.233	0.172	0.204	0.194	0.446	0.419	0.241	0.214	0.240	0.407	0.257	0.253	0.312	0.172	0.199	0.196	0.416	0.406	0.242	0.209	0.246	0.413	0.250	0.241	0.243	0.178	0.199	0.195	0.421	0.400	0.238	0.211	0.241	0.400	0.248	0.234	0.273	0.176	0.197	0.193	0.422	0.401	0.223	0.209	0.225	0.423	0.245	0.228	0.237	0.169	0.196	0.190	0.432	0.418	0.194	0.192	0.236	0.418	0.228	0.243	0.307	0.173	0.201	0.198	0.462	0.431	0.203	0.204	0.260	0.436	0.207	0.212	0.312	0.164
20:40:01	0.206	0.216	0.416	0.418	0.226	0.213	0.266	0.427	0.218	0.266	0.305	0.172	0.198	0.207	0.439	0.404	0.228	0.211	0.236	0.415	0.227	0.231	0.234	0.175	0.204	0.194	0.443	0.421	0.242	0.214	0.246	0.409	0.258	0.256	0.309	0.172	0.199	0.196	0.416	0.410	0.243	0.209	0.251	0.418	0.251	0.242	0.240	0.178	0.199	0.195	0.420	0.404	0.238	0.213	0.245	0.404	0.249	0.235	0.285	0.177	0.198	0.193	0.421	0.403	0.224	0.210	0.231	0.427	0.245	0.229	0.287	0.171	0.197	0.191	0.431	0.421	0.194	0.192	0.240	0.422	0.228	0.244	0.307	0.174	0.202	0.198	0.460	0.432	0.203	0.204	0.266	0.440	0.206	0.212	0.308	0.165
21:00:01	0.206	0.217	0.419	0.423	0.230	0.215	0.272	0.430	0.218	0.268	0.309	0.173	0.199	0.209	0.440	0.408	0.231	0.212	0.242	0.420	0.229	0.232	0.236	0.174	0.205	0.195	0.447	0.423	0.248	0.215	0.251	0.417	0.259	0.258	0.322	0.172	0.200	0.196	0.417	0.412	0.246	0.212	0.255	0.422	0.252	0.243	0.242	0.178	0.200	0.196	0.423	0.408	0.243	0.216	0.249	0.408	0.251	0.236	0.283	0.177	0.198	0.193	0.424	0.407	0.228	0.212	0.236	0.430	0.247	0.230	0.238	0.170	0.197	0.191	0.433	0.424	0.195	0.192	0.245	0.425	0.230	0.247	0.310	0.175	0.202	0.199	0.464	0.435	0.203	0.204	0.271	0.447	0.206	0.214	0.325	0.165
21:20:01	0.206	0.217	0.413	0.425	0.230	0.215	0.277	0.431	0.219	0.270	0.303	0.175	0.198	0.208	0.434	0.402	0.231	0.212	0.249	0.423	0.229	0.232	0.236	0.176	0.205	0.194	0.440	0.420	0.245	0.216	0.256	0.422	0.260	0.259	0.315	0.176	0.199	0.196	0.411	0.414	0.244	0.212	0.260	0.427	0.252	0.245	0.242	0.181	0.200	0.195	0.418	0.412	0.241	0.216	0.254	0.411	0.250	0.236	0.282	0.179	0.198	0.193	0.419	0.409	0.226	0.212	0.241	0.431	0.246	0.230	0.233	0.172	0.197	0.191	0.429	0.422	0.193	0.192	0.249	0.426	0.227	0.247	0.315	0.175	0.202	0.199	0.452	0.429	0.204	0.205	0.275	0.446	0.206	0.212	0.315	0.166
21:40:01	0.207	0.218	0.411	0.425	0.234	0.217	0.282	0.432	0.219	0.272	0.308	0.176	0.198	0.208	0.433	0.400	0.232	0.212	0.256	0.426	0.230	0.232	0.235	0.179	0.205	0.194	0.439	0.420	0.246	0.217	0.263	0.424	0.261	0.260	0.315	0.177	0.200	0.196	0.410	0.415	0.244	0.213	0.266	0.431	0.252	0.246	0.242	0.180	0.200	0.196	0.417	0.413	0.241	0.217	0.257	0.414	0.249	0.236	0.282	0.181	0.198	0.193	0.417	0.409	0.228	0.213	0.246	0.430	0.246	0.231	0.233	0.174	0.197	0.191	0.427	0.422	0.193	0.192	0.254	0.427	0.227	0.248	0.313	0.178	0.202	0.199	0.450	0.429	0.204	0.205	0.279	0.448	0.205	0.212	0.310	0.166
22:00:01	0.208	0.219	0.411	0.422	0.236	0.218	0.287	0.433	0.218	0.273	0.307	0.176	0.199	0.210	0.432	0.399	0.234	0.213	0.261	0.426	0.228	0.230	0.232	0.177	0.206	0.195	0.437	0.418	0.248	0.218	0.270	0.426	0.262	0.261	0.318	0.177	0.200	0.197	0.410	0.415	0.244	0.214	0.270	0.433	0.253	0.248	0.239	0.181	0.200	0.197	0.417	0.414	0.243	0.219	0.262	0.414	0.251	0.236	0.279	0.182	0.198	0.194	0.417	0.410	0.230	0.215	0.251	0.432	0.247	0.232	0.285	0.175	0.198	0.192	0.429	0.422	0.195	0.193	0.260	0.427	0.231	0.253	0.307	0.180	0.203	0.200	0.452	0.435	0.204	0.206	0.284	0.454	0.206	0.216	0.323	0.168
22:20:01	0.209	0.221	0.409	0.423	0.241	0.220	0.295	0.435	0.222	0.276	0.310	0.177	0.198	0.210	0.429	0.401	0.238	0.214	0.269	0.429	0.232	0.235	0.238	0.179	0.206	0.195	0.436	0.418	0.249	0.221	0.275	0.426	0.263	0.263	0.327	0.181	0.200	0.198	0.407	0.416	0.245	0.215	0.276	0.436	0.254	0.250	0.246	0.184	0.200	0.198	0.416	0.415	0.243	0.221	0.268	0.416	0.250	0.236	0.283	0.185	0.199	0.194	0.414	0.410	0.230	0.215	0.256	0.432	0.246	0.233	0.242	0.177	0.198	0.192	0.425	0.420	0.194	0.193	0.264	0.427	0.228	0.251	0.319	0.183	0.203	0.200	0.448	0.431	0.204	0.206	0.291	0.452	0.205	0.215	0.311	0.168
22:40:01	0.211	0.223	0.409	0.422	0.244	0.222	0.298	0.434	0.221	0.276	0.307	0.177	0.199	0.212	0.429	0.401	0.238	0.216	0.272	0.429	0.231	0.232	0.234	0.179	0.206	0.196	0.439	0.418	0.252	0.223	0.281	0.429	0.263	0.263	0.330	0.180	0.200	0.199	0.408	0.416	0.248	0.217	0.281	0.439	0.254	0.252	0.246	0.183	0.201	0.200	0.417	0.416	0.246	0.225	0.274	0.418	0.253	0.237	0.287	0.185	0.199	0.195	0.415	0.410	0.232	0.217	0.261	0.435	0.247	0.235	0.252	0.178	0.199	0.192	0.429	0.422	0.197	0.194	0.268	0.429	0.233	0.256	0.320	0.184	0.205	0.201	0.454	0.437	0.204	0.206	0.297	0.458	0.205	0.221	0.315	0.169
23:00:01	0.213	0.225	0.408	0.427	0.248	0.223	0.302	0.436	0.226	0.279	0.314	0.179	0.199	0.212	0.432	0.401	0.240	0.217	0.276	0.431	0.235	0.236	0.236	0.182	0.206	0.197	0.442	0.418	0.253	0.225	0.285	0.432	0.264	0.264	0.332	0.184	0.201	0.200	0.406	0.416	0.247	0.218	0.286	0.442	0.255	0.252	0.245	0.184	0.201	0.200	0.416	0.417	0.245	0.225	0.278	0.419	0.252	0.237	0.287	0.188	0.199	0.195	0.412	0.409	0.232	0.217	0.265	0.436	0.247	0.234	0.263	0.180	0.199	0.192	0.425	0.421	0.196	0.194	0.272	0.428	0.229	0.254	0.319	0.187	0.205	0.201	0.450	0.433	0.205	0.207	0.301	0.456	0.205	0.219	0.311	0.169
23:20:01	0.217	0.229	0.412	0.426	0.253	0.226	0.307	0.438	0.228	0.280	0.322	0.179	0.200	0.214	0.441	0.402	0.244	0.221	0.280	0.430	0.237	0.239	0.239	0.183	0.208	0.198	0.452	0.421	0.258	0.228	0.288	0.435	0.265	0.264	0.338	0.183	0.201	0.201	0.410	0.418	0.252	0.222	0.291	0.444	0.255	0.254	0.246	0.185	0.202	0.203	0.420	0.419	0.248	0.228	0.283	0.421	0.255	0.238	0.290	0.188	0.200	0.198	0.416	0.412	0.236	0.218	0.269	0.441	0.249	0.236	0.269	0.178	0.200	0.194	0.429	0.422	0.199	0.195	0.275	0.431	0.232	0.259	0.324	0.189	0.207	0.202	0.462	0.440	0.206	0.207	0.308	0.461	0.205	0.226	0.320	0.171
23:40:01	0.217	0.229	0.406	0.425	0.254	0.225	0.314	0.439	0.229	0.281	0.307	0.180	0.199	0.213	0.438	0.400	0.245	0.221	0.286	0.431	0.238	0.239	0.240	0.186	0.207	0.198	0.446	0.419	0.256	0.228	0.294	0.436	0.266	0.265	0.326	0.186	0.201	0.201	0.403	0.417	0.250	0.223	0.295	0.444	0.256	0.255	0.244	0.189	0.201	0.202	0.415	0.419	0.246	0.229	0.287	0.422	0.254	0.238	0.287	0.192	0.200	0.197	0.413	0.409	0.235	0.218	0.270	0.442	0.247	0.236	0.241	0.184	0.200	0.193	0.425	0.418	0.199	0.195	0.280	0.429	0.229	0.258	0.320	0.192	0.206	0.202	0.454	0.433	0.206	0.207	0.314	0.459	0.205	0.225	0.313	0.170
24:00:01	0.222	0.234	0.411	0.429	0.257	0.229	0.319	0.444	0.234	0.283	0.319	0.181	0.199	0.215	0.442	0.407	0.248	0.224	0.291	0.435	0.242	0.244	0.240	0.189	0.208	0.198	0.453	0.422	0.260	0.231	0.296	0.438	0.267	0.266	0.338	0.186	0.201	0.202	0.406	0.419	0.253	0.225	0.301	0.445	0.257	0.256	0.248	0.191	0.201	0.204	0.419	0.421	0.250	0.231	0.291	0.425	0.255	0.239	0.288	0.192	0.200	0.198	0.415	0.412	0.237	0.220	0.276	0.444	0.248	0.237	0.256	0.183	0.200	0.194	0.426	0.421	0.200	0.195	0.284	0.429	0.228	0.259	0.326	0.192	0.208	0.203	0.461	0.435	0.206	0.207	0.319	0.460	0.204	0.227	0.340	0.171
24:20:02	0.222	0.234	0.405	0.428	0.259	0.229	0.326	0.444	0.231	0.283	0.314	0.180	0.199	0.215	0.437	0.405	0.247	0.223	0.297	0.436	0.239	0.241	0.239	0.190	0.207	0.198	0.445	0.419	0.260	0.231	0.302	0.436	0.267	0.265	0.337	0.189	0.201	0.202	0.404	0.418	0.252	0.224	0.307	0.447	0.257	0.256	0.250	0.191	0.201	0.204	0.415	0.420	0.250	0.231	0.296	0.424	0.255	0.239	0.285	0.195	0.199	0.197	0.410	0.410	0.236	0.221	0.281	0.444	0.248	0.238	0.246	0.188	0.200	0.193	0.424	0.417	0.200	0.195	0.290	0.429	0.229	0.261	0.323	0.193	0.208	0.203	0.457	0.435	0.206	0.207	0.324	0.461	0.204	0.228	0.319	0.170
24:40:02	0.225	0.236	0.405	0.427	0.260	0.231	0.330	0.444	0.228	0.285	0.310	0.181	0.200	0.216	0.436	0.401	0.248	0.224	0.301	0.437	0.236	0.238	0.240	0.186	0.208	0.199	0.445	0.419	0.263	0.232	0.307	0.438	0.266	0.265	0.330	0.188	0.201	0.203	0.404	0.418	0.253	0.226	0.311	0.448	0.257	0.257	0.245	0.193	0.202	0.205	0.414	0.421	0.253	0.232	0.300	0.425	0.257	0.240	0.292	0.196	0.200	0.198	0.411	0.412	0.239	0.224	0.285	0.444	0.249	0.239	0.238	0.188	0.201	0.194	0.427	0.420	0.203	0.195	0.294	0.431	0.232	0.264	0.326	0.197	0.210	0.204	0.465	0.440	0.206	0.208	0.329	0.466	0.204	0.233	0.316	0.172
25:00:02	0.230	0.240	0.410	0.430	0.264	0.236	0.335	0.449	0.232	0.288	0.322	0.181	0.201	0.217	0.440	0.405	0.252	0.228	0.306	0.442	0.239	0.244	0.238	0.192	0.210	0.200	0.452	0.424	0.266	0.236	0.310	0.440	0.267	0.266	0.339	0.189	0.201	0.204	0.406	0.421	0.255	0.228	0.317	0.449	0.258	0.258	0.244	0.194	0.202	0.207	0.418	0.422	0.254	0.234	0.303	0.428	0.258	0.241	0.288	0.196	0.201	0.200	0.413	0.415	0.242	0.226	0.290	0.446	0.250	0.241	0.256	0.188	0.201	0.195	0.430	0.421	0.203	0.196	0.300	0.432	0.231	0.265	0.328	0.198	0.213	0.206	0.472	0.443	0.207	0.208	0.334	0.469	0.204	0.234	0.323	0.172
25:20:02	0.231	0.239	0.403	0.427	0.264	0.236	0.340	0.447	0.229	0.288	0.326	0.182	0.200	0.217	0.440	0.403	0.252	0.227	0.312	0.443	0.237	0.241	0.238	0.189	0.210	0.200	0.447	0.421	0.266	0.235	0.316	0.441	0.267	0.266	0.331	0.190	0.201	0.204	0.403	0.418	0.255	0.227	0.321	0.449	0.258	0.259	0.245	0.193	0.202	0.207	0.416	0.422	0.253	0.235	0.308	0.425	0.258	0.241	0.291	0.198	0.200	0.199	0.410	0.412	0.242	0.226	0.294	0.445	0.250	0.240	0.247	0.192	0.200	0.195	0.429	0.420	0.203	0.196	0.304	0.432	0.232	0.266	0.328	0.200	0.214	0.207	0.470	0.443	0.207	0.208	0.339	0.469	0.204	0.236	0.310	0.172
25:40:02	0.234	0.240	0.403	0.429	0.267	0.238	0.343	0.450	0.232	0.290	0.319	0.184	0.199	0.216	0.442	0.401	0.254	0.229	0.317	0.447	0.240	0.246	0.240	0.192	0.209	0.200	0.449	0.421	0.266	0.237	0.320	0.443	0.268	0.267	0.335	0.194	0.201	0.204	0.401	0.420	0.254	0.227	0.325	0.451	0.258	0.260	0.246	0.198	0.202	0.207	0.415	0.423	0.253	0.236	0.311	0.426	0.257	0.240	0.292	0.201	0.200	0.199	0.408	0.413	0.241	0.226	0.300	0.444	0.249	0.240	0.252	0.195	0.200	0.194	0.426	0.417	0.200	0.196	0.307	0.431	0.227	0.264	0.325	0.200	0.213	0.206	0.469	0.438	0.207	0.209	0.342	0.468	0.203	0.233	0.314	0.173
26:00:02	0.236	0.242	0.402	0.429	0.266	0.239	0.347	0.448	0.230	0.291	0.316	0.184	0.200	0.218	0.443	0.402	0.256	0.230	0.321	0.445	0.237	0.244	0.236	0.192	0.211	0.201	0.451	0.422	0.268	0.238	0.323	0.443	0.267	0.267	0.330	0.193	0.201	0.204	0.401	0.419	0.255	0.229	0.330	0.450	0.258	0.261	0.251	0.199	0.202	0.208	0.417	0.422	0.255	0.237	0.315	0.427	0.259	0.241	0.286	0.198	0.201	0.200	0.411	0.414	0.243	0.227	0.304	0.446	0.250	0.242	0.264	0.195	0.202	0.196	0.428	0.419	0.203	0.196	0.312	0.433	0.231	0.267	0.321	0.200	0.217	0.208	0.474	0.444	0.207	0.209	0.347	0.472	0.204	0.238	0.318	0.174
26:20:02	0.238	0.243	0.402	0.429	0.267	0.241	0.351	0.448	0.231	0.292	0.331	0.184	0.200	0.219	0.446	0.402	0.256	0.232	0.325	0.444	0.237	0.245	0.239	0.190	0.211	0.201	0.452	0.423	0.268	0.238	0.327	0.444	0.267	0.268	0.332	0.193	0.201	0.204	0.403	0.420	0.255	0.230	0.334	0.451	0.259	0.261	0.245	0.200	0.203	0.208	0.416	0.422	0.255	0.238	0.320	0.427	0.259	0.242	0.288	0.199	0.200	0.200	0.412	0.415	0.243	0.228	0.309	0.446	0.250	0.242	0.257	0.197	0.202	0.196	0.427	0.419	0.202	0.197	0.316	0.434	0.230	0.268	0.329	0.201	0.217	0.209	0.476	0.446	0.207	0.209	0.351	0.473	0.204	0.239	0.317	0.174
26:40:02	0.241	0.245	0.402	0.431	0.270	0.243	0.354	0.451	0.232	0.293	0.331	0.183	0.201	0.220	0.451	0.404	0.258	0.232	0.328	0.446	0.237	0.246	0.238	0.193	0.212	0.201	0.454	0.425	0.269	0.239	0.331	0.446	0.266	0.268	0.334	0.194	0.201	0.204	0.404	0.422	0.255	0.230	0.338	0.452	0.258	0.262	0.247	0.202	0.203	0.209	0.415	0.422	0.256	0.239	0.322	0.427	0.259	0.243	0.297	0.200	0.201	0.200	0.411	0.415	0.244	0.229	0.314	0.446	0.251	0.242	0.237	0.200	0.202	0.196	0.427	0.420	0.202	0.197	0.319	0.434	0.230	0.268	0.320	0.201	0.220	0.210	0.478	0.446	0.208	0.209	0.355	0.475	0.204	0.241	0.330	0.176
27:00:02	0.246	0.249	0.409	0.436	0.273	0.248	0.358	0.454	0.241	0.295	0.333	0.188	0.201	0.221	0.457	0.410	0.262	0.235	0.332	0.451	0.245	0.254	0.243	0.198	0.214	0.202	0.461	0.429	0.273	0.242	0.334	0.450	0.269	0.270	0.339	0.198	0.201	0.205	0.407	0.421	0.256	0.232	0.341	0.456	0.259	0.263	0.250	0.205	0.204	0.210	0.418	0.423	0.256	0.238	0.325	0.428	0.258	0.242	0.299	0.203	0.202	0.201	0.412	0.416	0.245	0.229	0.317	0.447	0.250	0.243	0.267	0.201	0.203	0.196	0.427	0.420	0.201	0.197	0.321	0.435	0.226	0.267	0.333	0.202	0.221	0.211	0.480	0.446	0.209	0.210	0.358	0.474	0.203	0.239	0.326	0.176
27:20:02	0.247	0.249	0.404	0.433	0.273	0.247	0.361	0.454	0.238	0.295	0.326	0.187	0.204	0.223	0.456	0.405	0.260	0.235	0.335	0.449	0.240	0.251	0.240	0.197	0.216	0.203	0.457	0.428	0.272	0.240	0.338	0.450	0.267	0.269	0.335	0.197	0.202	0.207	0.409	0.423	0.256	0.235	0.345	0.455	0.260	0.264	0.254	0.206	0.205	0.211	0.415	0.424	0.258	0.240	0.330	0.428	0.261	0.244	0.298	0.203	0.204	0.202	0.410	0.415	0.245	0.231	0.322	0.448	0.251	0.243	0.290	0.202	0.205	0.198	0.427	0.420	0.206	0.198	0.325	0.435	0.232	0.269	0.328	0.207	0.227	0.215	0.483	0.451	0.211	0.210	0.362	0.477	0.206	0.247	0.319	0.177
27:40:02	0.251	0.253	0.412	0.438	0.275	0.251	0.364	0.459	0.247	0.297	0.331	0.189	0.204	0.223	0.460	0.414	0.263	0.237	0.338	0.455	0.248	0.258	0.243	0.204	0.220	0.204	0.463	0.432	0.276	0.244	0.342	0.455	0.269	0.270	0.350	0.201	0.203	0.208	0.411	0.422	0.258	0.236	0.348	0.458	0.261	0.264	0.255	0.208	0.207	0.212	0.419	0.425	0.260	0.242	0.333	0.431	0.261	0.245	0.300	0.206	0.205	0.203	0.413	0.417	0.248	0.232	0.324	0.450	0.251	0.243	0.249	0.204	0.206	0.198	0.427	0.420	0.204	0.198	0.326	0.436	0.228	0.269	0.328	0.206	0.228	0.215	0.484	0.448	0.212	0.210	0.364	0.476	0.205	0.247	0.354	0.177
28:00:02	0.254	0.255	0.413	0.438	0.277	0.252	0.367	0.458	0.247	0.298	0.334	0.191	0.207	0.226	0.462	0.414	0.263	0.239	0.342	0.452	0.246	0.257	0.240	0.201	0.223	0.205	0.464	0.434	0.277	0.245	0.344	0.455	0.268	0.270	0.353	0.201	0.204	0.210	0.412	0.422	0.261	0.240	0.353	0.458	0.262	0.265	0.252	0.209	0.209	0.215	0.420	0.427	0.262	0.246	0.338	0.433	0.263	0.247	0.295	0.204	0.208	0.206	0.414	0.418	0.250	0.235	0.328	0.451	0.253	0.245	0.255	0.204	0.210	0.200	0.430	0.421	0.209	0.200	0.330	0.437	0.234	0.271	0.333	0.207	0.234	0.219	0.486	0.453	0.214	0.211	0.369	0.477	0.209	0.253	0.333	0.182
28:20:02	0.254	0.257	0.409	0.435	0.277	0.251	0.369	0.459	0.245	0.299	0.339	0.191	0.208	0.226	0.459	0.411	0.263	0.238	0.345	0.451	0.244	0.256	0.245	0.200	0.222	0.204	0.460	0.434	0.276	0.244	0.347	0.454	0.267	0.269	0.333	0.203	0.203	0.210	0.408	0.422	0.261	0.240	0.356	0.458	0.263	0.266	0.254	0.209	0.209	0.215	0.415	0.425	0.262	0.247	0.341	0.433	0.264	0.247	0.297	0.208	0.207	0.205	0.409	0.416	0.249	0.236	0.331	0.451	0.253	0.244	0.289	0.206	0.210	0.199	0.428	0.420	0.211	0.201	0.332	0.436	0.236	0.270	0.327	0.209	0.235	0.220	0.484	0.453	0.214	0.211	0.392	0.479	0.210	0.254	0.343	0.184
28:40:02	0.256	0.259	0.411	0.437	0.280	0.253	0.376	0.457	0.246	0.300	0.325	0.191	0.209	0.227	0.460	0.413	0.264	0.239	0.347	0.453	0.244	0.257	0.241	0.200	0.223	0.204	0.463	0.437	0.278	0.245	0.350	0.454	0.267	0.270	0.334	0.205	0.203	0.210	0.408	0.423	0.263	0.241	0.358	0.460	0.263	0.266	0.249	0.211	0.210	0.214	0.415	0.425	0.263	0.247	0.343	0.432	0.264	0.248	0.299	0.208	0.208	0.205	0.409	0.416	0.249	0.237	0.333	0.452	0.253	0.244	0.284	0.207	0.211	0.200	0.429	0.420	0.212	0.201	0.334	0.437	0.236	0.271	0.324	0.211	0.238	0.222	0.486	0.454	0.215	0.211	0.424	0.479	0.211	0.255	0.339	0.185
29:00:02	0.258	0.260	0.412	0.438	0.281	0.256	0.392	0.464	0.250	0.302	0.332	0.192	0.208	0.225	0.461	0.413	0.265	0.239	0.350	0.454	0.247	0.260	0.245	0.205	0.222	0.204	0.463	0.438	0.278	0.247	0.353	0.453	0.268	0.270	0.345	0.208	0.203	0.210	0.408	0.425	0.262	0.241	0.361	0.459	0.263	0.266	0.251	0.211	0.209	0.214	0.414	0.426	0.261	0.247	0.345	0.432	0.263	0.248	0.298	0.212	0.207	0.205	0.406	0.416	0.249	0.236	0.335	0.451	0.252	0.244	0.295	0.210	0.209	0.198	0.427	0.419	0.207	0.200	0.336	0.436	0.231	0.270	0.332	0.215	0.237	0.220	0.485	0.451	0.213	0.211	0.438	0.477	0.207	0.252	0.344	0.189
29:20:02	0.261	0.263	0.414	0.438	0.283	0.259	0.406	0.462	0.249	0.304	0.339	0.192	0.211	0.228	0.461	0.418	0.266	0.242	0.353	0.455	0.245	0.259	0.239	0.206	0.225	0.206	0.465	0.441	0.280	0.248	0.355	0.454	0.267	0.271	0.336	0.207	0.203	0.212	0.411	0.424	0.264	0.244	0.376	0.459	0.264	0.267	0.251	0.216	0.211	0.216	0.416	0.426	0.262	0.248	0.348	0.432	0.265	0.249	0.299	0.212	0.210	0.208	0.412	0.417	0.252	0.238	0.338	0.453	0.253	0.246	0.320	0.211	0.212	0.200	0.430	0.421	0.211	0.202	0.339	0.438	0.236	0.272	0.327	0.216	0.243	0.224	0.489	0.457	0.215	0.212	0.455	0.481	0.212	0.257	0.340	0.192
29:40:02	0.263	0.265	0.415	0.440	0.285	0.260	0.421	0.462	0.250	0.305	0.342	0.192	0.212	0.229	0.459	0.421	0.267	0.243	0.358	0.454	0.245	0.261	0.242	0.204	0.225	0.206	0.466	0.443	0.281	0.249	0.359	0.455	0.267	0.271	0.351	0.208	0.204	0.212	0.410	0.425	0.265	0.245	0.389	0.461	0.264	0.268	0.253	0.229	0.211	0.217	0.417	0.427	0.262	0.249	0.349	0.432	0.265	0.250	0.300	0.210	0.211	0.209	0.413	0.418	0.253	0.239	0.339	0.453	0.253	0.247	0.255	0.212	0.213	0.201	0.431	0.421	0.210	0.203	0.350	0.439	0.236	0.272	0.335	0.218	0.246	0.226	0.490	0.458	0.217	0.212	0.463	0.481	0.213	0.258	0.326	0.196
30:00:02	0.265	0.266	0.416	0.441	0.287	0.263	0.433	0.464	0.252	0.307	0.343	0.194	0.212	0.229	0.461	0.422	0.267	0.245	0.364	0.455	0.246	0.261	0.242	0.207	0.226	0.207	0.466	0.445	0.282	0.250	0.364	0.455	0.267	0.271	0.337	0.209	0.204	0.212	0.410	0.424	0.265	0.246	0.400	0.462	0.264	0.268	0.257	0.228	0.211	0.217	0.418	0.428	0.262	0.249	0.361	0.432	0.266	0.251	0.294	0.214	0.213	0.209	0.413	0.418	0.253	0.240	0.353	0.451	0.253	0.248	0.260	0.213	0.214	0.201	0.431	0.422	0.211	0.203	0.366	0.439	0.237	0.272	0.333	0.220	0.248	0.228	0.492	0.459	0.217	0.213	0.468	0.482	0.213	0.259	0.327	0.197
30:20:02	0.267	0.267	0.416	0.441	0.288	0.265	0.442	0.463	0.253	0.308	0.344	0.196	0.212	0.229	0.465	0.425	0.268	0.246	0.370	0.454	0.246	0.262	0.246	0.210	0.227	0.207	0.466	0.446	0.283	0.251	0.369	0.454	0.266	0.271	0.350	0.210	0.204	0.213	0.412	0.424	0.265	0.247	0.406	0.461	0.263	0.269	0.259	0.237	0.211	0.217	0.418	0.428	0.261	0.249	0.375	0.432	0.266	0.251	0.300	0.214	0.213	0.209	0.412	0.419	0.253	0.240	0.368	0.452	0.253	0.248	0.289	0.214	0.216	0.202	0.431	0.422	0.211	0.204	0.379	0.440	0.236	0.272	0.337	0.220	0.251	0.229	0.492	0.461	0.219	0.213	0.471	0.481	0.214	0.259	0.320	0.198
30:40:02	0.268	0.269	0.417	0.442	0.289	0.267	0.450	0.463	0.254	0.310	0.335	0.196	0.212	0.229	0.466	0.427	0.269	0.247	0.377	0.454	0.247	0.263	0.246	0.208	0.228	0.208	0.467	0.446	0.283	0.253	0.379	0.456	0.266	0.272	0.334	0.212	0.204	0.215	0.411	0.424	0.265	0.249	0.412	0.463	0.264	0.269	0.252	0.244	0.212	0.218	0.419	0.428	0.261	0.251	0.385	0.433	0.266	0.253	0.301	0.217	0.214	0.210	0.413	0.419	0.254	0.240	0.383	0.455	0.253	0.249	0.281	0.214	0.216	0.202	0.432	0.423	0.213	0.205	0.390	0.442	0.236	0.273	0.340	0.221	0.253	0.232	0.494	0.462	0.219	0.213	0.474	0.481	0.215	0.260	0.326	0.200
31:00:02	0.270	0.270	0.418	0.441	0.290	0.268	0.456	0.465	0.255	0.312	0.332	0.196	0.213	0.230	0.465	0.427	0.270	0.249	0.382	0.456	0.248	0.264	0.242	0.211	0.228	0.208	0.468	0.446	0.284	0.254	0.380	0.454	0.266	0.272	0.354	0.213	0.204	0.215	0.411	0.424	0.266	0.249	0.417	0.464	0.264	0.271	0.253	0.233	0.212	0.218	0.419	0.428	0.263	0.252	0.396	0.434	0.267	0.254	0.302	0.218	0.213	0.209	0.414	0.419	0.254	0.241	0.394	0.455	0.253	0.249	0.312	0.217	0.217	0.202	0.431	0.422	0.212	0.205	0.398	0.440	0.236	0.273	0.335	0.219	0.255	0.232	0.494	0.463	0.220	0.213	0.477	0.482	0.215	0.261	0.316	0.203
31:20:02	0.271	0.271	0.418	0.442	0.292	0.271	0.462	0.466	0.256	0.313	0.343	0.198	0.214	0.231	0.465	0.428	0.271	0.250	0.390	0.457	0.248	0.265	0.247	0.225	0.229	0.208	0.469	0.445	0.284	0.255	0.389	0.457	0.266	0.272	0.352	0.214	0.205	0.215	0.411	0.424	0.266	0.249	0.422	0.462	0.264	0.271	0.256	0.231	0.213	0.219	0.419	0.428	0.263	0.251	0.405	0.435	0.267	0.254	0.295	0.217	0.213	0.209	0.415	0.419	0.254	0.242	0.401	0.455	0.253	0.250	0.301	0.218	0.218	0.202	0.432	0.423	0.211	0.206	0.403	0.442	0.236	0.274	0.338	0.225	0.257	0.233	0.497	0.465	0.221	0.213	0.479	0.482	0.215	0.261	0.346	0.203
31:40:02	0.271	0.271	0.419	0.442	0.294	0.273	0.466	0.467	0.256	0.315	0.352	0.196	0.214	0.231	0.466	0.428	0.271	0.251	0.395	0.457	0.247	0.265	0.247	0.214	0.228	0.207	0.470	0.443	0.284	0.257	0.391	0.456	0.265	0.272	0.349	0.215	0.204	0.214	0.411	0.424	0.266	0.248	0.426	0.462	0.264	0.270	0.257	0.231	0.212	0.219	0.420	0.429	0.264	0.250	0.413	0.435	0.267	0.254	0.299	0.219	0.213	0.209	0.416	0.421	0.256	0.243	0.406	0.455	0.253	0.251	0.304	0.219	0.217	0.202	0.433	0.423	0.212	0.206	0.407	0.442	0.235	0.274	0.339	0.225	0.258	0.233	0.498	0.465	0.222	0.213	0.480	0.482	0.214	0.261	0.338	0.204
32:00:02	0.275	0.274	0.425	0.446	0.297	0.278	0.471	0.471	0.259	0.318	0.358	0.207	0.216	0.234	0.471	0.434	0.274	0.254	0.404	0.461	0.252	0.267	0.245	0.217	0.229	0.209	0.477	0.447	0.287	0.260	0.400	0.460	0.267	0.273	0.351	0.218	0.204	0.215	0.415	0.425	0.266	0.251	0.432	0.465	0.263	0.270	0.258	0.232	0.213	0.220	0.424	0.430	0.265	0.251	0.419	0.437	0.266	0.254	0.302	0.219	0.214	0.211	0.420	0.422	0.257	0.246	0.409	0.456	0.253	0.253	0.325	0.218	0.219	0.203	0.434	0.427	0.212	0.206	0.411	0.444	0.233	0.275	0.341	0.219	0.262	0.236	0.502	0.468	0.223	0.214	0.483	0.484	0.213	0.262	0.342	0.201
32:20:02	0.275	0.274	0.420	0.443	0.296	0.277	0.472	0.471	0.256	0.318	0.343	0.211	0.215	0.233	0.470	0.431	0.273	0.254	0.403	0.459	0.249	0.266	0.248	0.213	0.229	0.207	0.474	0.444	0.285	0.260	0.398	0.458	0.265	0.273	0.345	0.219	0.203	0.214	0.412	0.423	0.265	0.249	0.432	0.464	0.262	0.270	0.256	0.234	0.211	0.218	0.420	0.427	0.262	0.250	0.422	0.434	0.265	0.253	0.303	0.223	0.212	0.209	0.416	0.419	0.255	0.245	0.411	0.453	0.252	0.252	0.305	0.221	0.218	0.202	0.432	0.425	0.211	0.205	0.413	0.444	0.234	0.274	0.341	0.225	0.262	0.237	0.501	0.468	0.222	0.214	0.484	0.483	0.214	0.262	0.331	0.205
32:40:02	0.276	0.276	0.422	0.444	0.297	0.279	0.475	0.472	0.258	0.319	0.344	0.203	0.217	0.234	0.472	0.430	0.275	0.255	0.405	0.458	0.248	0.266	0.248	0.214	0.231	0.208	0.476	0.445	0.285	0.261	0.401	0.460	0.265	0.273	0.336	0.220	0.205	0.214	0.414	0.422	0.265	0.251	0.431	0.465	0.261	0.270	0.263	0.235	0.213	0.218	0.420	0.428	0.261	0.249	0.426	0.434	0.264	0.253	0.302	0.223	0.215	0.210	0.418	0.421	0.255	0.247	0.412	0.453	0.251	0.252	0.333	0.221	0.220	0.203	0.432	0.425	0.212	0.206	0.416	0.444	0.234	0.274	0.337	0.226	0.265	0.239	0.501	0.468	0.225	0.215	0.486	0.483	0.216	0.262	0.331	0.207
33:00:02	0.277	0.277	0.423	0.445	0.298	0.280	0.478	0.473	0.260	0.319	0.359	0.206	0.218	0.236	0.474	0.433	0.275	0.256	0.407	0.461	0.250	0.267	0.242	0.215	0.233	0.209	0.478	0.445	0.285	0.262	0.403	0.459	0.265	0.273	0.342	0.220	0.206	0.215	0.412	0.422	0.265	0.251	0.433	0.465	0.261	0.270	0.260	0.254	0.215	0.220	0.421	0.428	0.261	0.249	0.427	0.433	0.264	0.254	0.304	0.226	0.216	0.211	0.419	0.421	0.255	0.247	0.414	0.455	0.251	0.252	0.341	0.220	0.223	0.204	0.434	0.425	0.213	0.208	0.418	0.445	0.235	0.274	0.337	0.224	0.268	0.242	0.501	0.468	0.228	0.216	0.487	0.482	0.220	0.262	0.326	0.212
33:20:02	0.279	0.279	0.424	0.445	0.299	0.280	0.480	0.474	0.260	0.321	0.361	0.214	0.220	0.237	0.476	0.433	0.275	0.257	0.410	0.461	0.252	0.268	0.244	0.217	0.235	0.211	0.480	0.445	0.287	0.263	0.405	0.461	0.265	0.273	0.360	0.221	0.209	0.216	0.416	0.423	0.266	0.254	0.435	0.466	0.262	0.271	0.265	0.237	0.217	0.221	0.423	0.428	0.263	0.251	0.430	0.435	0.266	0.255	0.298	0.225	0.219	0.213	0.420	0.422	0.256	0.248	0.416	0.453	0.252	0.251	0.328	0.224	0.225	0.205	0.434	0.425	0.215	0.209	0.420	0.444	0.237	0.274	0.344	0.225	0.270	0.246	0.503	0.466	0.233	0.218	0.488	0.482	0.224	0.262	0.331	0.212
33:40:02	0.280	0.281	0.425	0.445	0.300	0.282	0.483	0.474	0.260	0.322	0.362	0.215	0.221	0.237	0.477	0.434	0.276	0.257	0.411	0.461	0.253	0.268	0.246	0.217	0.237	0.212	0.482	0.444	0.287	0.263	0.407	0.460	0.266	0.273	0.340	0.222	0.211	0.218	0.416	0.422	0.267	0.256	0.438	0.466	0.262	0.272	0.264	0.236	0.218	0.222	0.423	0.428	0.264	0.253	0.431	0.436	0.266	0.256	0.298	0.228	0.222	0.213	0.420	0.421	0.256	0.249	0.418	0.455	0.252	0.251	0.331	0.224	0.227	0.207	0.434	0.426	0.218	0.211	0.422	0.446	0.238	0.275	0.342	0.222	0.272	0.248	0.504	0.466	0.235	0.219	0.489	0.482	0.228	0.262	0.331	0.214
34:00:02	0.283	0.285	0.430	0.447	0.303	0.285	0.486	0.478	0.262	0.325	0.366	0.216	0.225	0.240	0.484	0.440	0.278	0.260	0.419	0.463	0.259	0.270	0.253	0.219	0.240	0.215	0.488	0.446	0.290	0.267	0.412	0.463	0.267	0.273	0.350	0.223	0.214	0.220	0.419	0.425	0.268	0.258	0.435	0.469	0.263	0.273	0.261	0.255	0.221	0.225	0.426	0.430	0.266	0.257	0.433	0.438	0.267	0.257	0.309	0.226	0.225	0.217	0.424	0.423	0.258	0.253	0.420	0.455	0.253	0.253	0.360	0.224	0.230	0.210	0.437	0.428	0.221	0.213	0.424	0.446	0.239	0.275	0.345	0.224	0.277	0.253	0.508	0.467	0.240	0.223	0.490	0.484	0.233	0.263	0.345	0.216
34:20:02	0.283	0.285	0.426	0.445	0.304	0.284	0.487	0.476	0.261	0.326	0.366	0.222	0.225	0.239	0.482	0.435	0.277	0.258	0.416	0.464	0.256	0.269	0.252	0.220	0.240	0.215	0.484	0.444	0.289	0.267	0.409	0.463	0.266	0.273	0.342	0.223	0.214	0.219	0.418	0.423	0.267	0.258	0.440	0.467	0.263	0.273	0.260	0.238	0.221	0.225	0.424	0.429	0.265	0.258	0.433	0.437	0.267	0.257	0.299	0.230	0.225	0.216	0.421	0.421	0.257	0.252	0.420	0.454	0.253	0.252	0.329	0.224	0.229	0.210	0.434	0.426	0.221	0.214	0.424	0.447	0.241	0.274	0.341	0.232	0.279	0.253	0.504	0.466	0.239	0.222	0.490	0.483	0.235	0.263	0.337	0.216
34:40:02	0.286	0.287	0.428	0.445	0.305	0.285	0.488	0.477	0.262	0.328	0.366	0.219	0.226	0.239	0.484	0.435	0.279	0.259	0.421	0.466	0.257	0.270	0.246	0.221	0.241	0.216	0.486	0.443	0.289	0.268	0.413	0.463	0.266	0.273	0.338	0.224	0.216	0.221	0.418	0.422	0.267	0.258	0.439	0.468	0.264	0.273	0.259	0.246	0.222	0.227	0.424	0.429	0.265	0.260	0.434	0.437	0.268	0.257	0.308	0.228	0.227	0.218	0.422	0.422	0.259	0.253	0.421	0.455	0.253	0.253	0.361	0.227	0.230	0.211	0.435	0.428	0.223	0.215	0.425	0.445	0.242	0.275	0.340	0.228	0.281	0.254	0.505	0.466	0.240	0.224	0.492	0.483	0.237	0.264	0.333	0.221
35:00:02	0.288	0.288	0.428	0.445	0.307	0.286	0.490	0.478	0.262	0.329	0.368	0.224	0.226	0.242	0.486	0.434	0.279	0.259	0.425	0.466	0.258	0.270	0.246	0.220	0.242	0.217	0.487	0.443	0.290	0.269	0.415	0.465	0.266	0.273	0.358	0.224	0.217	0.222	0.419	0.423	0.268	0.258	0.440	0.470	0.264	0.274	0.268	0.240	0.224	0.227	0.425	0.430	0.265	0.262	0.435	0.437	0.268	0.258	0.308	0.229	0.228	0.220	0.424	0.422	0.259	0.253	0.421	0.454	0.253	0.253	0.362	0.226	0.230	0.212	0.435	0.426	0.224	0.215	0.426	0.446	0.243	0.275	0.343	0.228	0.283	0.254	0.508	0.467	0.243	0.224	0.493	0.483	0.239	0.264	0.341	0.221
35:20:02	0.290	0.289	0.428	0.445	0.308	0.287	0.492	0.479	0.262	0.331	0.368	0.225	0.227	0.244	0.486	0.434	0.280	0.260	0.427	0.466	0.259	0.271	0.248	0.224	0.243	0.218	0.489	0.444	0.291	0.271	0.417	0.467	0.266	0.273	0.342	0.224	0.219	0.223	0.421	0.423	0.267	0.259	0.443	0.472	0.264	0.274	0.268	0.239	0.225	0.228	0.426	0.430	0.266	0.262	0.435	0.436	0.268	0.258	0.301	0.230	0.229	0.221	0.424	0.422	0.259	0.253	0.423	0.455	0.253	0.253	0.358	0.227	0.232	0.214	0.437	0.427	0.225	0.216	0.427	0.446	0.244	0.276	0.345	0.229	0.285	0.256	0.508	0.467	0.246	0.227	0.495	0.484	0.243	0.264	0.334	0.221
35:40:02	0.291	0.291	0.429	0.445	0.309	0.287	0.493	0.480	0.262	0.332	0.371	0.227	0.228	0.244	0.488	0.434	0.281	0.262	0.431	0.467	0.260	0.272	0.252	0.218	0.244	0.219	0.490	0.444	0.292	0.272	0.422	0.467	0.266	0.273	0.360	0.225	0.219	0.224	0.422	0.424	0.268	0.261	0.446	0.475	0.265	0.274	0.262	0.240	0.226	0.229	0.426	0.430	0.267	0.264	0.436	0.438	0.269	0.260	0.311	0.232	0.230	0.222	0.426	0.422	0.260	0.254	0.423	0.454	0.254	0.254	0.362	0.228	0.233	0.215	0.437	0.428	0.227	0.216	0.429	0.446	0.245	0.276	0.349	0.228	0.287	0.255	0.509	0.467	0.248	0.228	0.495	0.485	0.244	0.265	0.340	0.222
36:00:02	0.293	0.293	0.429	0.446	0.312	0.289	0.495	0.481	0.263	0.334	0.364	0.226	0.229	0.246	0.489	0.434	0.282	0.263	0.435	0.467	0.261	0.272	0.248	0.243	0.244	0.220	0.491	0.443	0.292	0.273	0.425	0.467	0.267	0.272	0.345	0.226	0.220	0.225	0.422	0.425	0.269	0.263	0.446	0.475	0.266	0.275	0.262	0.245	0.227	0.230	0.426	0.431	0.268	0.264	0.437	0.439	0.270	0.260	0.308	0.232	0.231	0.222	0.426	0.423	0.261	0.254	0.425	0.456	0.254	0.254	0.370	0.228	0.234	0.216	0.438	0.428	0.227	0.215	0.430	0.448	0.246	0.276	0.349	0.227	0.288	0.256	0.512	0.468	0.249	0.227	0.498	0.485	0.246	0.266	0.337	0.223
36:20:02	0.295	0.293	0.430	0.446	0.313	0.290	0.497	0.482	0.263	0.336	0.372	0.223	0.231	0.246	0.491	0.435	0.283	0.263	0.438	0.469	0.261	0.272	0.251	0.241	0.245	0.220	0.492	0.445	0.293	0.273	0.427	0.470	0.266	0.272	0.360	0.225	0.221	0.224	0.423	0.425	0.270	0.262	0.449	0.477	0.265	0.275	0.269	0.254	0.228	0.231	0.427	0.431	0.268	0.264	0.437	0.439	0.269	0.261	0.311	0.231	0.231	0.223	0.426	0.423	0.261	0.255	0.425	0.454	0.254	0.254	0.364	0.230	0.235	0.217	0.438	0.429	0.227	0.215	0.432	0.447	0.246	0.277	0.353	0.231	0.289	0.258	0.511	0.467	0.251	0.229	0.498	0.486	0.247	0.266	0.334	0.224
36:40:02	0.297	0.295	0.431	0.446	0.314	0.291	0.498	0.483	0.264	0.338	0.371	0.229	0.232	0.248	0.493	0.433	0.284	0.264	0.443	0.471	0.262	0.273	0.256	0.231	0.246	0.221	0.494	0.445	0.294	0.274	0.431	0.471	0.267	0.272	0.343	0.227	0.223	0.225	0.424	0.425	0.270	0.263	0.447	0.478	0.266	0.275	0.270	0.243	0.228	0.231	0.428	0.431	0.269	0.263	0.438	0.440	0.270	0.261	0.303	0.231	0.232	0.223	0.426	0.424	0.262	0.256	0.426	0.456	0.254	0.254	0.360	0.230	0.236	0.218	0.439	0.429	0.228	0.216	0.433	0.446	0.246	0.277	0.350	0.234	0.290	0.258	0.513	0.467	0.254	0.229	0.501	0.486	0.249	0.266	0.328	0.227
37:00:02	0.298	0.296	0.431	0.446	0.316	0.291	0.500	0.485	0.263	0.339	0.375	0.225	0.233	0.249	0.493	0.434	0.285	0.265	0.445	0.472	0.262	0.273	0.256	0.227	0.246	0.221	0.495	0.446	0.295	0.275	0.434	0.471	0.267	0.272	0.353	0.228	0.225	0.225	0.425	0.424	0.271	0.264	0.451	0.480	0.266	0.276	0.272	0.243	0.229	0.231	0.428	0.432	0.269	0.264	0.438	0.440	0.270	0.262	0.305	0.232	0.233	0.224	0.426	0.424	0.262	0.256	0.427	0.455	0.254	0.254	0.363	0.231	0.237	0.220	0.438	0.429	0.229	0.217	0.434	0.448	0.247	0.277	0.349	0.236	0.292	0.259	0.513	0.468	0.256	0.232	0.502	0.487	0.251	0.266	0.332	0.228
37:20:02	0.299	0.297	0.432	0.447	0.318	0.293	0.502	0.487	0.263	0.342	0.366	0.236	0.234	0.249	0.494	0.436	0.286	0.265	0.449	0.473	0.263	0.273	0.255	0.230	0.247	0.221	0.497	0.446	0.295	0.276	0.437	0.472	0.267	0.272	0.354	0.228	0.226	0.226	0.425	0.426	0.271	0.264	0.457	0.482	0.267	0.277	0.274	0.244	0.231	0.232	0.429	0.432	0.270	0.265	0.439	0.440	0.271	0.263	0.311	0.233	0.233	0.225	0.428	0.425	0.263	0.258	0.428	0.456	0.255	0.255	0.365	0.233	0.238	0.221	0.439	0.429	0.230	0.218	0.435	0.449	0.248	0.278	0.354	0.236	0.293	0.259	0.514	0.467	0.258	0.233	0.504	0.487	0.252	0.267	0.344	0.228
37:40:02	0.300	0.298	0.433	0.448	0.320	0.294	0.503	0.488	0.264	0.344	0.368	0.224	0.235	0.250	0.495	0.436	0.287	0.266	0.453	0.475	0.264	0.273	0.254	0.236	0.248	0.222	0.497	0.447	0.296	0.277	0.438	0.475	0.267	0.272	0.346	0.229	0.227	0.226	0.425	0.427	0.272	0.265	0.456	0.483	0.267	0.277	0.271	0.246	0.231	0.232	0.429	0.433	0.270	0.265	0.439	0.440	0.271	0.263	0.310	0.234	0.235	0.226	0.428	0.424	0.264	0.259	0.428	0.456	0.255	0.255	0.347	0.231	0.239	0.222	0.439	0.430	0.231	0.219	0.436	0.448	0.248	0.278	0.356	0.233	0.293	0.260	0.515	0.469	0.259	0.232	0.505	0.487	0.253	0.268	0.343	0.230
38:00:02	0.302	0.299	0.433	0.448	0.321	0.295	0.505	0.490	0.264	0.346	0.371	0.226	0.235	0.251	0.495	0.436	0.288	0.267	0.455	0.476	0.264	0.274	0.259	0.223	0.249	0.223	0.499	0.448	0.297	0.277	0.441	0.478	0.267	0.272	0.360	0.228	0.227	0.228	0.427	0.427	0.272	0.264	0.456	0.485	0.267	0.277	0.276	0.245	0.233	0.233	0.430	0.433	0.271	0.267	0.439	0.441	0.272	0.264	0.311	0.235	0.236	0.226	0.427	0.424	0.265	0.262	0.430	0.457	0.255	0.255	0.381	0.231	0.240	0.223	0.440	0.430	0.233	0.220	0.436	0.448	0.249	0.279	0.354	0.235	0.294	0.261	0.516	0.469	0.262	0.235	0.507	0.488	0.254	0.268	0.336	0.228
38:20:02	0.302	0.301	0.433	0.449	0.323	0.296	0.508	0.491	0.265	0.348	0.376	0.234	0.236	0.251	0.497	0.437	0.289	0.267	0.457	0.477	0.265	0.274	0.256	0.244	0.250	0.224	0.499	0.448	0.297	0.277	0.446	0.478	0.267	0.272	0.339	0.228	0.227	0.228	0.427	0.427	0.272	0.265	0.461	0.486	0.268	0.278	0.272	0.244	0.233	0.235	0.431	0.434	0.270	0.268	0.439	0.441	0.272	0.265	0.301	0.236	0.237	0.227	0.429	0.426	0.265	0.261	0.430	0.457	0.255	0.255	0.385	0.233	0.240	0.223	0.440	0.430	0.233	0.220	0.436	0.448	0.249	0.279	0.357	0.239	0.295	0.261	0.516	0.469	0.264	0.235	0.508	0.489	0.255	0.270	0.349	0.229
38:40:02	0.303	0.301	0.434	0.449	0.325	0.298	0.510	0.492	0.265	0.350	0.382	0.236	0.237	0.253	0.497	0.437	0.290	0.268	0.459	0.479	0.265	0.275	0.260	0.237	0.251	0.224	0.500	0.449	0.298	0.278	0.449	0.479	0.267	0.272	0.342	0.231	0.227	0.228	0.428	0.428	0.273	0.266	0.462	0.487	0.268	0.278	0.275	0.246	0.233	0.235	0.432	0.435	0.271	0.268	0.439	0.441	0.272	0.265	0.302	0.238	0.236	0.227	0.429	0.426	0.266	0.263	0.429	0.457	0.255	0.256	0.373	0.233	0.241	0.223	0.441	0.431	0.234	0.221	0.437	0.449	0.250	0.280	0.358	0.236	0.296	0.261	0.518	0.469	0.265	0.236	0.510	0.490	0.256	0.270	0.359	0.233
39:00:02	0.304	0.303	0.435	0.449	0.326	0.298	0.512	0.492	0.266	0.351	0.372	0.241	0.236	0.253	0.499	0.437	0.290	0.269	0.463	0.481	0.265	0.275	0.254	0.244	0.251	0.224	0.501	0.450	0.299	0.279	0.451	0.480	0.268	0.272	0.350	0.230	0.227	0.228	0.429	0.427	0.273	0.268	0.459	0.488	0.269	0.278	0.274	0.247	0.233	0.236	0.432	0.434	0.271	0.269	0.439	0.440	0.273	0.266	0.309	0.239	0.237	0.228	0.430	0.426	0.267	0.264	0.430	0.460	0.256	0.256	0.360	0.233	0.241	0.223	0.441	0.431	0.233	0.222	0.437	0.450	0.250	0.281	0.360	0.233	0.297	0.262	0.519	0.470	0.265	0.236	0.512	0.491	0.256	0.271	0.340	0.233
39:20:02	0.306	0.303	0.436	0.451	0.329	0.299	0.513	0.494	0.266	0.354	0.378	0.238	0.238	0.254	0.498	0.438	0.291	0.270	0.464	0.482	0.265	0.276	0.259	0.245	0.250	0.223	0.502	0.451	0.299	0.279	0.454	0.481	0.268	0.272	0.360	0.232	0.226	0.228	0.429	0.427	0.273	0.266	0.458	0.488	0.267	0.278	0.275	0.260	0.232	0.236	0.433	0.434	0.271	0.269	0.439	0.441	0.272	0.265	0.313	0.238	0.237	0.229	0.429	0.425	0.266	0.264	0.429	0.457	0.255	0.256	0.361	0.236	0.241	0.223	0.442	0.431	0.233	0.222	0.437	0.449	0.250	0.281	0.363	0.240	0.299	0.263	0.520	0.470	0.267	0.235	0.514	0.492	0.256	0.272	0.340	0.233
39:40:02	0.308	0.304	0.437	0.452	0.330	0.300	0.516	0.494	0.267	0.356	0.380	0.245	0.238	0.256	0.500	0.438	0.292	0.270	0.467	0.484	0.265	0.276	0.263	0.243	0.251	0.224	0.503	0.451	0.300	0.279	0.456	0.482	0.268	0.272	0.360	0.232	0.226	0.229	0.430	0.426	0.273	0.266	0.459	0.489	0.267	0.278	0.273	0.245	0.233	0.237	0.433	0.434	0.270	0.269	0.439	0.440	0.271	0.265	0.313	0.241	0.237	0.228	0.430	0.425	0.266	0.263	0.430	0.457	0.254	0.256	0.365	0.235	0.242	0.224	0.442	0.431	0.233	0.221	0.437	0.449	0.250	0.281	0.359	0.241	0.299	0.263	0.521	0.470	0.269	0.237	0.516	0.492	0.257	0.272	0.333	0.235
40:00:02	0.309	0.305	0.438	0.452	0.332	0.301	0.518	0.495	0.267	0.357	0.385	0.234	0.239	0.258	0.501	0.440	0.293	0.271	0.469	0.486	0.265	0.276	0.266	0.244	0.251	0.224	0.504	0.452	0.301	0.281	0.458	0.483	0.268	0.272	0.360	0.234	0.227	0.229	0.430	0.427	0.272	0.266	0.463	0.489	0.266	0.278	0.275	0.245	0.234	0.236	0.434	0.434	0.270	0.269	0.438	0.441	0.271	0.265	0.306	0.242	0.237	0.228	0.431	0.426	0.266	0.262	0.429	0.458	0.254	0.256	0.350	0.238	0.242	0.225	0.443	0.430	0.234	0.222	0.437	0.449	0.250	0.282	0.360	0.241	0.301	0.264	0.522	0.471	0.273	0.238	0.518	0.493	0.258	0.273	0.352	0.235
40:20:02	0.309	0.305	0.439	0.454	0.332	0.301	0.520	0.496	0.267	0.360	0.387	0.241	0.240	0.259	0.502	0.440	0.294	0.271	0.472	0.487	0.266	0.277	0.260	0.240	0.252	0.225	0.505	0.453	0.300	0.281	0.459	0.484	0.267	0.272	0.349	0.232	0.227	0.228	0.430	0.428	0.272	0.265	0.465	0.489	0.265	0.277	0.275	0.249	0.235	0.236	0.434	0.434	0.269	0.269	0.438	0.441	0.271	0.265	0.305	0.242	0.237	0.229	0.432	0.425	0.265	0.263	0.428	0.456	0.253	0.256	0.352	0.237	0.241	0.225	0.443	0.431	0.234	0.222	0.437	0.450	0.250	0.282	0.368	0.237	0.301	0.264	0.521	0.471	0.273	0.238	0.520	0.494	0.258	0.273	0.358	0.234
40:40:02	0.309	0.306	0.440	0.455	0.333	0.302	0.523	0.497	0.267	0.361	0.382	0.237	0.240	0.260	0.502	0.441	0.295	0.273	0.474	0.489	0.266	0.277	0.261	0.243	0.251	0.226	0.506	0.453	0.301	0.281	0.461	0.487	0.267	0.271	0.366	0.235	0.227	0.228	0.431	0.427	0.272	0.266	0.466	0.488	0.265	0.277	0.281	0.255	0.235	0.237	0.434	0.434	0.269	0.269	0.437	0.440	0.270	0.264	0.314	0.241	0.237	0.228	0.433	0.425	0.265	0.264	0.428	0.457	0.253	0.256	0.362	0.238	0.242	0.226	0.444	0.430	0.234	0.222	0.437	0.449	0.250	0.283	0.365	0.240	0.302	0.265	0.522	0.472	0.275	0.240	0.522	0.495	0.259	0.274	0.358	0.234
41:00:02	0.310	0.306	0.440	0.455	0.334	0.303	0.525	0.497	0.267	0.363	0.382	0.241	0.240	0.261	0.503	0.442	0.296	0.273	0.477	0.489	0.266	0.277	0.267	0.249	0.253	0.226	0.507	0.454	0.301	0.281	0.463	0.487	0.267	0.271	0.359	0.241	0.228	0.228	0.430	0.426	0.271	0.264	0.469	0.487	0.264	0.277	0.285	0.258	0.235	0.238	0.435	0.434	0.269	0.269	0.437	0.440	0.270	0.265	0.315	0.241	0.238	0.228	0.433	0.426	0.265	0.264	0.428	0.457	0.252	0.256	0.376	0.237	0.243	0.227	0.444	0.430	0.235	0.223	0.437	0.449	0.250	0.283	0.368	0.239	0.304	0.265	0.525	0.472	0.277	0.242	0.524	0.496	0.260	0.274	0.359	0.235
41:20:03	0.311	0.307	0.441	0.456	0.336	0.304	0.527	0.498	0.268	0.363	0.387	0.239	0.240	0.261	0.504	0.443	0.296	0.273	0.478	0.490	0.266	0.278	0.269	0.242	0.252	0.226	0.507	0.454	0.302	0.281	0.465	0.489	0.267	0.271	0.361	0.241	0.228	0.228	0.431	0.426	0.271	0.266	0.472	0.488	0.264	0.277	0.279	0.267	0.235	0.237	0.435	0.434	0.269	0.270	0.437	0.440	0.270	0.265	0.316	0.242	0.237	0.230	0.433	0.425	0.265	0.265	0.428	0.457	0.252	0.257	0.367	0.239	0.244	0.227	0.444	0.430	0.235	0.224	0.437	0.449	0.251	0.283	0.367	0.243	0.304	0.266	0.523	0.473	0.280	0.243	0.526	0.497	0.261	0.275	0.349	0.236
41:40:03	0.313	0.308	0.442	0.457	0.337	0.304	0.530	0.499	0.268	0.365	0.390	0.236	0.240	0.262	0.504	0.445	0.296	0.274	0.483	0.490	0.266	0.278	0.269	0.244	0.252	0.226	0.508	0.455	0.302	0.283	0.467	0.489	0.267	0.271	0.351	0.242	0.229	0.228	0.432	0.427	0.271	0.264	0.471	0.486	0.263	0.276	0.280	0.250	0.236	0.238	0.435	0.434	0.268	0.270	0.436	0.440	0.270	0.264	0.312	0.241	0.238	0.230	0.434	0.425	0.264	0.266	0.428	0.457	0.252	0.256	0.378	0.238	0.244	0.227	0.445	0.430	0.236	0.225	0.437	0.448	0.251	0.283	0.371	0.238	0.306	0.266	0.524	0.472	0.280	0.243	0.529	0.497	0.262	0.275	0.346	0.235
42:00:03	0.314	0.308	0.442	0.457	0.338	0.304	0.532	0.499	0.268	0.366	0.386	0.242	0.241	0.262	0.505	0.446	0.297	0.275	0.484	0.491	0.267	0.278	0.268	0.246	0.252	0.226	0.509	0.456	0.302	0.283	0.472	0.489	0.267	0.271	0.370	0.244	0.229	0.228	0.433	0.427	0.271	0.264	0.473	0.486	0.263	0.277	0.281	0.272	0.236	0.238	0.436	0.434	0.268	0.271	0.436	0.440	0.270	0.265	0.313	0.242	0.238	0.230	0.434	0.425	0.265	0.266	0.428	0.458	0.251	0.256	0.364	0.239	0.245	0.228	0.445	0.430	0.237	0.225	0.437	0.448	0.251	0.284	0.368	0.239	0.307	0.267	0.525	0.471	0.283	0.246	0.530	0.498	0.262	0.275	0.364	0.235
42:20:03	0.316	0.309	0.443	0.459	0.340	0.304	0.534	0.499	0.268	0.368	0.390	0.242	0.242	0.263	0.506	0.448	0.298	0.275	0.485	0.492	0.267	0.278	0.271	0.255	0.252	0.227	0.509	0.457	0.302	0.283	0.477	0.489	0.266	0.271	0.347	0.243	0.229	0.230	0.433	0.426	0.270	0.264	0.473	0.485	0.263	0.276	0.285	0.256	0.236	0.239	0.436	0.434	0.268	0.271	0.436	0.441	0.269	0.264	0.313	0.244	0.239	0.231	0.435	0.426	0.264	0.267	0.429	0.458	0.251	0.256	0.350	0.239	0.246	0.228	0.446	0.430	0.237	0.225	0.437	0.447	0.251	0.284	0.373	0.238	0.307	0.267	0.527	0.472	0.284	0.246	0.533	0.499	0.263	0.276	0.347	0.235
42:40:03	0.317	0.309	0.444	0.460	0.342	0.305	0.538	0.500	0.269	0.369	0.395	0.249	0.242	0.262	0.506	0.450	0.299	0.277	0.490	0.492	0.267	0.279	0.272	0.250	0.253	0.227	0.510	0.460	0.303	0.283	0.481	0.490	0.267	0.271	0.352	0.238	0.230	0.229	0.434	0.427	0.270	0.265	0.476	0.485	0.262	0.276	0.286	0.259	0.236	0.240	0.438	0.435	0.268	0.271	0.436	0.442	0.269	0.264	0.312	0.243	0.238	0.232	0.436	0.426	0.265	0.267	0.429	0.457	0.250	0.256	0.373	0.241	0.247	0.228	0.446	0.430	0.237	0.224	0.438	0.448	0.251	0.285	0.372	0.244	0.309	0.267	0.527	0.473	0.286	0.246	0.536	0.500	0.264	0.277	0.346	0.237
43:00:03	0.318	0.309	0.445	0.461	0.343	0.306	0.540	0.500	0.269	0.370	0.390	0.243	0.243	0.265	0.506	0.450	0.299	0.277	0.491	0.492	0.267	0.280	0.276	0.246	0.253	0.227	0.511	0.462	0.303	0.283	0.485	0.490	0.267	0.270	0.344	0.248	0.229	0.228	0.434	0.426	0.269	0.264	0.476	0.484	0.261	0.276	0.282	0.264	0.237	0.240	0.438	0.434	0.267	0.271	0.435	0.442	0.269	0.264	0.319	0.244	0.239	0.231	0.436	0.426	0.265	0.267	0.427	0.456	0.250	0.257	0.363	0.242	0.247	0.228	0.447	0.431	0.237	0.224	0.438	0.448	0.251	0.286	0.377	0.241	0.309	0.267	0.528	0.475	0.287	0.247	0.537	0.500	0.264	0.277	0.345	0.237
43:20:03	0.320	0.309	0.446	0.461	0.345	0.307	0.542	0.501	0.269	0.372	0.393	0.242	0.243	0.264	0.508	0.453	0.300	0.278	0.492	0.493	0.268	0.280	0.272	0.252	0.254	0.227	0.512	0.462	0.304	0.284	0.489	0.491	0.267	0.270	0.356	0.234	0.229	0.228	0.435	0.427	0.269	0.264	0.477	0.484	0.261	0.276	0.291	0.262	0.237	0.240	0.438	0.435	0.267	0.270	0.435	0.441	0.268	0.265	0.310	0.247	0.240	0.231	0.438	0.426	0.265	0.268	0.427	0.458	0.249	0.257	0.380	0.242	0.248	0.229	0.447	0.430	0.237	0.225	0.438	0.448	0.250	0.286	0.375	0.240	0.309	0.266	0.530	0.474	0.289	0.248	0.539	0.501	0.264	0.278	0.350	0.241
43:40:03	0.321	0.309	0.446	0.463	0.346	0.307	0.544	0.501	0.270	0.374	0.392	0.234	0.244	0.265	0.509	0.455	0.301	0.280	0.495	0.495	0.268	0.281	0.280	0.256	0.254	0.228	0.513	0.463	0.304	0.285	0.491	0.490	0.267	0.270	0.355	0.234	0.229	0.228	0.434	0.426	0.269	0.263	0.477	0.484	0.260	0.275	0.290	0.265	0.237	0.241	0.439	0.435	0.266	0.269	0.434	0.440	0.267	0.264	0.309	0.245	0.239	0.231	0.438	0.425	0.264	0.266	0.427	0.457	0.248	0.257	0.393	0.242	0.249	0.230	0.448	0.431	0.237	0.225	0.438	0.449	0.250	0.286	0.376	0.246	0.309	0.266	0.531	0.474	0.291	0.249	0.541	0.501	0.265	0.278	0.340	0.243
44:00:03	0.321	0.309	0.447	0.463	0.347	0.308	0.546	0.501	0.270	0.374	0.395	0.248	0.244	0.267	0.509	0.456	0.302	0.279	0.498	0.495	0.269	0.282	0.274	0.249	0.254	0.228	0.513	0.464	0.304	0.285	0.492	0.490	0.267	0.271	0.331	0.234	0.229	0.228	0.435	0.427	0.268	0.263	0.479	0.484	0.259	0.275	0.286	0.258	0.237	0.241	0.439	0.435	0.266	0.268	0.433	0.440	0.266	0.264	0.309	0.244	0.241	0.232	0.438	0.426	0.265	0.267	0.427	0.456	0.248	0.257	0.374	0.242	0.249	0.231	0.449	0.431	0.237	0.226	0.438	0.449	0.250	0.287	0.380	0.244	0.309	0.266	0.533	0.474	0.292	0.251	0.542	0.500	0.265	0.279	0.347	0.240
44:20:03	0.322	0.309	0.448	0.464	0.348	0.307	0.548	0.500	0.271	0.376	0.393	0.250	0.245	0.267	0.511	0.458	0.302	0.280	0.500	0.495	0.269	0.282	0.272	0.258	0.254	0.228	0.514	0.464	0.305	0.285	0.494	0.490	0.267	0.271	0.377	0.232	0.229	0.227	0.436	0.426	0.268	0.264	0.481	0.482	0.259	0.275	0.284	0.259	0.237	0.240	0.440	0.434	0.265	0.269	0.433	0.439	0.266	0.264	0.310	0.245	0.241	0.232	0.438	0.426	0.264	0.266	0.427	0.456	0.248	0.256	0.377	0.242	0.249	0.231	0.449	0.430	0.237	0.226	0.438	0.450	0.250	0.287	0.381	0.243	0.310	0.266	0.534	0.476	0.293	0.253	0.544	0.500	0.266	0.279	0.349	0.243
44:40:03	0.324	0.309	0.449	0.465	0.350	0.308	0.550	0.499	0.271	0.377	0.390	0.241	0.245	0.269	0.511	0.460	0.303	0.282	0.500	0.496	0.269	0.283	0.277	0.254	0.254	0.228	0.515	0.465	0.305	0.285	0.498	0.491	0.267	0.271	0.368	0.232	0.230	0.228	0.437	0.428	0.268	0.263	0.484	0.483	0.259	0.275	0.286	0.275	0.237	0.241	0.440	0.434	0.265	0.269	0.433	0.440	0.266	0.264	0.310	0.247	0.242	0.233	0.440	0.427	0.264	0.265	0.427	0.458	0.247	0.257	0.373	0.243	0.251	0.232	0.450	0.431	0.237	0.226	0.439	0.450	0.250	0.287	0.381	0.241	0.310	0.265	0.533	0.475	0.297	0.254	0.546	0.500	0.266	0.280	0.362	0.242
45:00:03	0.326	0.309	0.449	0.466	0.351	0.307	0.551	0.500	0.271	0.377	0.397	0.245	0.247	0.269	0.512	0.462	0.304	0.282	0.505	0.497	0.269	0.283	0.281	0.250	0.254	0.229	0.516	0.465	0.305	0.285	0.497	0.491	0.267	0.270	0.342	0.234	0.230	0.228	0.437	0.427	0.268	0.263	0.485	0.482	0.258	0.275	0.292	0.267	0.237	0.241	0.441	0.435	0.264	0.269	0.433	0.439	0.266	0.264	0.309	0.247	0.242	0.232	0.441	0.426	0.264	0.266	0.426	0.458	0.247	0.256	0.391	0.241	0.252	0.232	0.451	0.431	0.237	0.227	0.439	0.449	0.250	0.288	0.381	0.244	0.309	0.265	0.533	0.477	0.297	0.255	0.548	0.500	0.267	0.280	0.345	0.243
45:20:03	0.327	0.308	0.450	0.466	0.352	0.306	0.552	0.499	0.271	0.378	0.401	0.245	0.248	0.270	0.512	0.463	0.305	0.283	0.506	0.496	0.269	0.283	0.281	0.251	0.255	0.230	0.517	0.466	0.306	0.286	0.500	0.491	0.267	0.270	0.358	0.236	0.231	0.227	0.438	0.428	0.268	0.263	0.487	0.482	0.258	0.275	0.292	0.275	0.237	0.242	0.441	0.435	0.264	0.269	0.433	0.442	0.266	0.264	0.312	0.245	0.242	0.232	0.441	0.427	0.264	0.266	0.427	0.457	0.247	0.257	0.382	0.242	0.252	0.232	0.451	0.431	0.237	0.228	0.439	0.449	0.251	0.288	0.385	0.244	0.310	0.264	0.534	0.476	0.299	0.257	0.549	0.500	0.268	0.279	0.356	0.244
45:40:03	0.329	0.308	0.450	0.466	0.353	0.306	0.553	0.499	0.271	0.379	0.401	0.245	0.249	0.270	0.515	0.463	0.305	0.282	0.507	0.495	0.269	0.284	0.284	0.255	0.256	0.230	0.520	0.466	0.306	0.286	0.503	0.490	0.267	0.270	0.354	0.232	0.232	0.228	0.439	0.428	0.268	0.264	0.488	0.482	0.258	0.275	0.298	0.271	0.237	0.243	0.442	0.436	0.265	0.270	0.434	0.441	0.266	0.265	0.319	0.245	0.242	0.232	0.441	0.428	0.264	0.267	0.428	0.457	0.247	0.257	0.396	0.244	0.253	0.233	0.451	0.431	0.238	0.229	0.440	0.449	0.251	0.288	0.387	0.243	0.310	0.263	0.534	0.476	0.301	0.260	0.551	0.500	0.268	0.279	0.356	0.244
46:00:03	0.330	0.307	0.450	0.467	0.355	0.306	0.556	0.498	0.271	0.380	0.404	0.246	0.250	0.270	0.515	0.463	0.305	0.283	0.507	0.495	0.269	0.284	0.282	0.250	0.257	0.231	0.520	0.467	0.306	0.286	0.503	0.491	0.266	0.270	0.348	0.235	0.233	0.228	0.439	0.428	0.268	0.263	0.491	0.482	0.258	0.275	0.300	0.267	0.238	0.242	0.443	0.436	0.265	0.270	0.434	0.442	0.266	0.265	0.323	0.245	0.243	0.233	0.443	0.429	0.265	0.268	0.427	0.458	0.246	0.257	0.377	0.239	0.254	0.234	0.451	0.431	0.239	0.230	0.440	0.451	0.251	0.288	0.388	0.242	0.311	0.263	0.532	0.476	0.303	0.260	0.552	0.499	0.269	0.280	0.362	0.243
46:20:03	0.331	0.306	0.451	0.467	0.356	0.306	0.557	0.499	0.271	0.381	0.402	0.248	0.251	0.271	0.514	0.464	0.306	0.283	0.512	0.495	0.269	0.285	0.287	0.249	0.258	0.232	0.520	0.468	0.307	0.287	0.507	0.491	0.266	0.270	0.354	0.236	0.233	0.228	0.439	0.428	0.269	0.263	0.493	0.483	0.258	0.275	0.293	0.253	0.237	0.242	0.443	0.436	0.266	0.272	0.435	0.443	0.266	0.265	0.313	0.246	0.243	0.233	0.442	0.428	0.265	0.269	0.428	0.459	0.246	0.257	0.379	0.244	0.255	0.234	0.452	0.432	0.240	0.230	0.440	0.451	0.251	0.289	0.389	0.247	0.310	0.261	0.534	0.477	0.305	0.262	0.553	0.500	0.269	0.280	0.359	0.243
46:40:03	0.333	0.305	0.451	0.469	0.358	0.306	0.560	0.499	0.272	0.382	0.408	0.252	0.251	0.272	0.514	0.465	0.307	0.284	0.513	0.494	0.269	0.286	0.290	0.254	0.260	0.232	0.520	0.468	0.307	0.288	0.507	0.491	0.266	0.270	0.352	0.241	0.233	0.229	0.440	0.429	0.269	0.264	0.495	0.483	0.258	0.275	0.299	0.272	0.237	0.242	0.444	0.437	0.266	0.272	0.435	0.442	0.266	0.266	0.325	0.246	0.243	0.233	0.443	0.427	0.265	0.270	0.429	0.459	0.246	0.257	0.395	0.243	0.255	0.234	0.452	0.432	0.240	0.230	0.441	0.451	0.251	0.289	0.385	0.242	0.310	0.261	0.532	0.477	0.307	0.263	0.554	0.500	0.270	0.281	0.367	0.244
47:00:03	0.335	0.305	0.455	0.470	0.361	0.308	0.564	0.502	0.274	0.383	0.409	0.249	0.253	0.275	0.516	0.468	0.309	0.285	0.515	0.494	0.271	0.289	0.295	0.253	0.261	0.234	0.523	0.471	0.311	0.290	0.511	0.492	0.267	0.271	0.366	0.234	0.235	0.230	0.443	0.432	0.269	0.266	0.502	0.484	0.258	0.275	0.302	0.263	0.239	0.244	0.448	0.439	0.267	0.272	0.437	0.446	0.266	0.266	0.320	0.249	0.245	0.235	0.447	0.429	0.267	0.272	0.431	0.461	0.247	0.258	0.405	0.245	0.257	0.237	0.455	0.434	0.242	0.233	0.443	0.453	0.252	0.291	0.391	0.248	0.311	0.261	0.536	0.479	0.312	0.268	0.558	0.503	0.272	0.283	0.374	0.244
47:20:03	0.335	0.302	0.453	0.469	0.360	0.307	0.564	0.499	0.274	0.382	0.407	0.254	0.252	0.276	0.514	0.466	0.308	0.285	0.514	0.494	0.270	0.288	0.292	0.255	0.260	0.232	0.519	0.469	0.308	0.288	0.510	0.490	0.266	0.270	0.368	0.236	0.234	0.230	0.441	0.429	0.267	0.262	0.500	0.481	0.257	0.274	0.297	0.272	0.238	0.243	0.445	0.437	0.265	0.270	0.435	0.443	0.265	0.266	0.322	0.247	0.244	0.233	0.445	0.428	0.265	0.270	0.428	0.459	0.245	0.257	0.385	0.246	0.256	0.235	0.453	0.431	0.240	0.231	0.441	0.450	0.251	0.290	0.395	0.244	0.308	0.258	0.532	0.477	0.309	0.265	0.557	0.501	0.270	0.283	0.356	0.242
47:40:03	0.334	0.301	0.453	0.470	0.362	0.307	0.565	0.499	0.274	0.382	0.404	0.250	0.254	0.276	0.513	0.467	0.309	0.285	0.518	0.493	0.270	0.288	0.294	0.251	0.260	0.233	0.520	0.469	0.309	0.288	0.510	0.489	0.266	0.270	0.370	0.236	0.233	0.230	0.442	0.429	0.268	0.263	0.499	0.481	0.256	0.274	0.305	0.258	0.239	0.242	0.446	0.437	0.265	0.270	0.435	0.445	0.265	0.266	0.320	0.250	0.245	0.233	0.445	0.428	0.265	0.270	0.428	0.458	0.244	0.257	0.392	0.245	0.257	0.236	0.454	0.431	0.240	0.231	0.442	0.452	0.251	0.291	0.393	0.248	0.307	0.257	0.532	0.478	0.310	0.267	0.558	0.501	0.270	0.282	0.379	0.247
48:00:03	0.335	0.301	0.453	0.471	0.363	0.306	0.567	0.499	0.274	0.382	0.410	0.258	0.254	0.277	0.513	0.467	0.308	0.285	0.518	0.492	0.270	0.288	0.293	0.254	0.260	0.234	0.519	0.469	0.309	0.288	0.513	0.489	0.266	0.269	0.375	0.238	0.234	0.230	0.443	0.430	0.267	0.263	0.502	0.481	0.256	0.274	0.297	0.262	0.239	0.243	0.446	0.438	0.265	0.270	0.435	0.443	0.264	0.266	0.319	0.250	0.245	0.234	0.445	0.428	0.265	0.270	0.429	0.459	0.244	0.257	0.401	0.247	0.258	0.236	0.454	0.432	0.240	0.231	0.442	0.453	0.251	0.291	0.397	0.248	0.305	0.256	0.530	0.478	0.311	0.266	0.559	0.501	0.270	0.282	0.382	0.244

