Field Group

Plate Comment:	
Procedure Summary
  Plate Type:              Corning 96 well for LogPhase600
  Plate Number:            4
  Discontinuous Kinetics:  Runtime 02:00:00 (D:HH:MM), Interval 00:20:00 (HH:MM:SS), 145 Reads (max)
  Read:                    600 nm
  Incubator:               On
    Temperature setpoint:  30 °C
    Temperature gradient:  Off
  Shaking:                 On
     Shaking frequency:    600 RPMs		
			
			

600

Time	A1	A2	A3	A4	A5	A6	A7	A8	A9	A10	A11	A12	B1	B2	B3	B4	B5	B6	B7	B8	B9	B10	B11	B12	C1	C2	C3	C4	C5	C6	C7	C8	C9	C10	C11	C12	D1	D2	D3	D4	D5	D6	D7	D8	D9	D10	D11	D12	E1	E2	E3	E4	E5	E6	E7	E8	E9	E10	E11	E12	F1	F2	F3	F4	F5	F6	F7	F8	F9	F10	F11	F12	G1	G2	G3	G4	G5	G6	G7	G8	G9	G10	G11	G12	H1	H2	H3	H4	H5	H6	H7	H8	H9	H10	H11	H12
0:00:00	0.118	0.117	0.118	0.119	0.114	0.114	0.114	0.114	0.115	0.116	0.115	0.114	0.119	0.118	0.120	0.118	0.114	0.116	0.114	0.117	0.115	0.115	0.115	0.114	0.117	0.117	0.117	0.119	0.117	0.114	0.114	0.114	0.116	0.115	0.114	0.116	0.118	0.117	0.118	0.119	0.115	0.114	0.116	0.114	0.114	0.114	0.115	0.113	0.119	0.117	0.118	0.120	0.115	0.114	0.114	0.115	0.113	0.115	0.116	0.115	0.120	0.118	0.120	0.117	0.114	0.115	0.114	0.114	0.113	0.114	0.114	0.116	0.125	0.117	0.118	0.119	0.117	0.116	0.119	0.118	0.122	0.122	0.115	0.118	0.126	0.120	0.119	0.124	0.119	0.118	0.116	0.114	0.114	0.117	0.114	0.114
0:20:00	0.119	0.117	0.119	0.119	0.114	0.114	0.114	0.115	0.115	0.116	0.114	0.114	0.119	0.119	0.121	0.119	0.115	0.115	0.115	0.117	0.115	0.114	0.114	0.113	0.117	0.117	0.118	0.118	0.115	0.114	0.114	0.114	0.114	0.114	0.114	0.114	0.119	0.117	0.118	0.119	0.114	0.114	0.115	0.113	0.113	0.114	0.115	0.113	0.119	0.117	0.118	0.119	0.115	0.114	0.114	0.115	0.113	0.114	0.116	0.115	0.120	0.117	0.119	0.118	0.114	0.114	0.113	0.113	0.113	0.114	0.114	0.116	0.126	0.118	0.119	0.120	0.117	0.117	0.119	0.118	0.121	0.122	0.115	0.118	0.126	0.120	0.120	0.125	0.119	0.117	0.115	0.114	0.114	0.117	0.113	0.114
0:40:00	0.119	0.118	0.119	0.120	0.114	0.114	0.114	0.115	0.115	0.116	0.114	0.114	0.119	0.119	0.121	0.120	0.114	0.115	0.114	0.117	0.115	0.115	0.114	0.114	0.117	0.117	0.118	0.118	0.115	0.114	0.114	0.114	0.114	0.114	0.114	0.114	0.119	0.118	0.118	0.119	0.114	0.114	0.114	0.112	0.113	0.114	0.115	0.113	0.119	0.117	0.119	0.120	0.115	0.114	0.114	0.115	0.113	0.115	0.116	0.115	0.121	0.117	0.120	0.118	0.114	0.115	0.113	0.114	0.114	0.114	0.114	0.116	0.126	0.118	0.120	0.120	0.117	0.117	0.119	0.118	0.121	0.122	0.115	0.118	0.126	0.120	0.121	0.126	0.119	0.117	0.115	0.113	0.114	0.117	0.113	0.114
1:00:00	0.119	0.118	0.120	0.120	0.114	0.114	0.114	0.115	0.115	0.116	0.114	0.113	0.119	0.119	0.121	0.120	0.114	0.115	0.114	0.116	0.115	0.114	0.114	0.113	0.118	0.117	0.119	0.119	0.115	0.114	0.114	0.114	0.114	0.114	0.114	0.114	0.119	0.117	0.121	0.119	0.114	0.114	0.114	0.112	0.113	0.114	0.115	0.112	0.118	0.117	0.119	0.120	0.115	0.114	0.114	0.115	0.113	0.115	0.116	0.115	0.120	0.117	0.120	0.119	0.114	0.114	0.113	0.113	0.113	0.114	0.113	0.117	0.126	0.118	0.121	0.120	0.117	0.117	0.119	0.118	0.121	0.122	0.115	0.118	0.125	0.121	0.122	0.126	0.119	0.117	0.115	0.114	0.114	0.117	0.113	0.114
1:20:00	0.119	0.118	0.121	0.121	0.114	0.114	0.114	0.115	0.115	0.116	0.114	0.114	0.120	0.119	0.122	0.120	0.114	0.115	0.114	0.116	0.115	0.114	0.114	0.113	0.118	0.117	0.120	0.119	0.115	0.114	0.114	0.114	0.114	0.114	0.114	0.114	0.120	0.118	0.121	0.120	0.114	0.114	0.114	0.112	0.114	0.114	0.115	0.113	0.119	0.117	0.120	0.121	0.115	0.114	0.114	0.115	0.113	0.115	0.116	0.115	0.121	0.117	0.121	0.119	0.113	0.114	0.113	0.114	0.113	0.114	0.113	0.117	0.126	0.118	0.122	0.121	0.117	0.117	0.119	0.118	0.120	0.122	0.115	0.118	0.126	0.121	0.122	0.127	0.119	0.116	0.115	0.114	0.114	0.117	0.113	0.113
1:40:00	0.119	0.118	0.122	0.121	0.114	0.114	0.114	0.115	0.115	0.116	0.114	0.113	0.120	0.119	0.123	0.121	0.114	0.115	0.115	0.116	0.115	0.115	0.114	0.113	0.119	0.117	0.121	0.120	0.115	0.114	0.114	0.114	0.114	0.114	0.114	0.114	0.120	0.118	0.122	0.121	0.114	0.114	0.114	0.113	0.113	0.114	0.115	0.113	0.118	0.117	0.121	0.121	0.115	0.114	0.114	0.115	0.113	0.115	0.116	0.115	0.121	0.117	0.123	0.119	0.114	0.114	0.113	0.113	0.113	0.114	0.114	0.117	0.126	0.118	0.123	0.122	0.117	0.116	0.119	0.118	0.120	0.122	0.115	0.118	0.125	0.122	0.123	0.127	0.119	0.117	0.115	0.114	0.114	0.117	0.113	0.113
2:00:00	0.119	0.118	0.122	0.121	0.114	0.114	0.114	0.115	0.115	0.116	0.114	0.113	0.120	0.119	0.125	0.122	0.114	0.115	0.114	0.116	0.117	0.115	0.114	0.114	0.119	0.117	0.122	0.121	0.115	0.114	0.114	0.114	0.114	0.114	0.114	0.114	0.121	0.118	0.123	0.121	0.114	0.113	0.114	0.112	0.113	0.114	0.114	0.113	0.119	0.118	0.122	0.122	0.115	0.114	0.114	0.115	0.113	0.115	0.116	0.115	0.119	0.118	0.124	0.120	0.113	0.114	0.113	0.113	0.114	0.114	0.113	0.117	0.127	0.118	0.123	0.122	0.117	0.116	0.119	0.118	0.120	0.122	0.115	0.118	0.126	0.122	0.125	0.128	0.119	0.116	0.115	0.113	0.114	0.117	0.113	0.113
2:20:00	0.119	0.118	0.124	0.122	0.114	0.114	0.114	0.116	0.115	0.116	0.114	0.113	0.120	0.119	0.125	0.123	0.114	0.115	0.114	0.116	0.117	0.115	0.114	0.114	0.120	0.117	0.123	0.122	0.115	0.114	0.114	0.114	0.114	0.114	0.114	0.114	0.121	0.117	0.124	0.122	0.114	0.114	0.114	0.113	0.113	0.114	0.115	0.113	0.120	0.117	0.123	0.123	0.115	0.114	0.114	0.115	0.113	0.115	0.116	0.115	0.120	0.118	0.125	0.121	0.113	0.115	0.113	0.113	0.113	0.114	0.113	0.117	0.127	0.118	0.125	0.123	0.117	0.116	0.119	0.118	0.120	0.122	0.115	0.118	0.126	0.123	0.126	0.129	0.119	0.116	0.115	0.114	0.114	0.117	0.113	0.113
2:40:00	0.119	0.118	0.125	0.123	0.114	0.114	0.114	0.116	0.115	0.116	0.114	0.113	0.121	0.120	0.127	0.123	0.114	0.115	0.114	0.116	0.117	0.114	0.114	0.114	0.120	0.117	0.124	0.123	0.115	0.114	0.114	0.114	0.114	0.114	0.114	0.114	0.121	0.118	0.125	0.123	0.114	0.114	0.114	0.113	0.113	0.114	0.114	0.113	0.119	0.118	0.124	0.124	0.115	0.114	0.114	0.115	0.113	0.114	0.116	0.115	0.120	0.118	0.126	0.122	0.114	0.114	0.113	0.113	0.113	0.114	0.113	0.117	0.127	0.119	0.126	0.124	0.117	0.116	0.119	0.118	0.120	0.122	0.115	0.118	0.126	0.124	0.128	0.130	0.119	0.117	0.116	0.113	0.113	0.117	0.113	0.113
3:00:00	0.120	0.119	0.126	0.123	0.114	0.114	0.114	0.116	0.115	0.116	0.114	0.113	0.121	0.119	0.130	0.124	0.114	0.115	0.114	0.116	0.117	0.115	0.114	0.113	0.121	0.118	0.126	0.123	0.115	0.114	0.114	0.114	0.114	0.114	0.114	0.114	0.122	0.118	0.126	0.124	0.114	0.114	0.114	0.113	0.113	0.114	0.114	0.113	0.120	0.118	0.125	0.125	0.115	0.114	0.114	0.115	0.113	0.114	0.116	0.115	0.122	0.119	0.128	0.123	0.114	0.114	0.113	0.113	0.113	0.114	0.113	0.117	0.128	0.119	0.128	0.125	0.117	0.116	0.119	0.118	0.120	0.122	0.115	0.118	0.126	0.125	0.132	0.132	0.119	0.117	0.115	0.114	0.114	0.117	0.113	0.113
3:20:00	0.121	0.119	0.129	0.124	0.114	0.114	0.114	0.116	0.115	0.116	0.114	0.113	0.120	0.120	0.130	0.125	0.114	0.114	0.114	0.116	0.117	0.115	0.114	0.114	0.120	0.119	0.128	0.124	0.115	0.114	0.114	0.114	0.114	0.114	0.114	0.114	0.122	0.119	0.128	0.126	0.114	0.114	0.114	0.112	0.113	0.114	0.115	0.112	0.121	0.119	0.127	0.126	0.115	0.114	0.114	0.115	0.113	0.115	0.116	0.115	0.121	0.118	0.129	0.125	0.114	0.114	0.113	0.113	0.113	0.114	0.113	0.117	0.129	0.119	0.130	0.126	0.117	0.116	0.119	0.118	0.120	0.121	0.115	0.118	0.127	0.126	0.132	0.133	0.119	0.116	0.116	0.114	0.114	0.117	0.113	0.113
3:40:00	0.122	0.120	0.131	0.125	0.114	0.114	0.114	0.116	0.115	0.116	0.114	0.113	0.122	0.121	0.133	0.126	0.114	0.115	0.114	0.116	0.117	0.115	0.114	0.113	0.123	0.119	0.130	0.126	0.115	0.114	0.114	0.114	0.114	0.114	0.114	0.114	0.123	0.119	0.129	0.128	0.114	0.114	0.114	0.113	0.113	0.114	0.115	0.112	0.121	0.119	0.129	0.128	0.115	0.115	0.114	0.115	0.113	0.114	0.116	0.115	0.121	0.120	0.132	0.126	0.114	0.114	0.113	0.114	0.114	0.114	0.113	0.117	0.130	0.120	0.133	0.127	0.117	0.116	0.119	0.118	0.120	0.121	0.115	0.118	0.129	0.127	0.135	0.135	0.119	0.116	0.115	0.114	0.113	0.117	0.113	0.113
4:00:00	0.122	0.120	0.134	0.126	0.114	0.114	0.114	0.116	0.115	0.116	0.114	0.113	0.123	0.122	0.137	0.127	0.114	0.114	0.114	0.116	0.117	0.115	0.114	0.113	0.123	0.119	0.132	0.127	0.115	0.114	0.114	0.114	0.114	0.114	0.114	0.114	0.123	0.120	0.132	0.129	0.114	0.114	0.114	0.113	0.113	0.114	0.115	0.113	0.122	0.120	0.131	0.129	0.115	0.115	0.114	0.115	0.113	0.115	0.116	0.115	0.122	0.120	0.134	0.128	0.114	0.115	0.113	0.113	0.114	0.114	0.113	0.117	0.130	0.121	0.135	0.128	0.117	0.116	0.119	0.118	0.120	0.121	0.115	0.118	0.130	0.128	0.138	0.135	0.119	0.117	0.116	0.114	0.114	0.117	0.113	0.113
4:20:00	0.124	0.121	0.138	0.127	0.114	0.114	0.114	0.116	0.115	0.116	0.114	0.113	0.124	0.122	0.140	0.129	0.114	0.115	0.114	0.116	0.117	0.115	0.114	0.113	0.126	0.120	0.135	0.128	0.115	0.114	0.114	0.114	0.114	0.114	0.114	0.114	0.126	0.121	0.135	0.130	0.114	0.114	0.114	0.113	0.113	0.114	0.114	0.113	0.123	0.121	0.134	0.130	0.116	0.115	0.115	0.115	0.113	0.114	0.116	0.115	0.125	0.122	0.138	0.129	0.114	0.114	0.113	0.113	0.113	0.114	0.113	0.117	0.132	0.121	0.137	0.130	0.116	0.116	0.119	0.118	0.120	0.121	0.115	0.118	0.132	0.129	0.141	0.136	0.119	0.116	0.116	0.114	0.114	0.117	0.113	0.113
4:40:00	0.126	0.123	0.142	0.129	0.114	0.114	0.114	0.116	0.115	0.116	0.114	0.113	0.128	0.123	0.144	0.130	0.114	0.115	0.114	0.116	0.117	0.115	0.114	0.113	0.127	0.121	0.138	0.129	0.115	0.114	0.114	0.114	0.114	0.114	0.114	0.114	0.129	0.123	0.138	0.132	0.114	0.114	0.114	0.113	0.113	0.114	0.115	0.113	0.125	0.122	0.137	0.132	0.116	0.115	0.115	0.115	0.113	0.114	0.116	0.115	0.128	0.123	0.141	0.131	0.114	0.115	0.114	0.114	0.114	0.114	0.114	0.117	0.134	0.123	0.141	0.132	0.117	0.116	0.119	0.118	0.120	0.121	0.115	0.118	0.133	0.131	0.145	0.138	0.119	0.116	0.116	0.114	0.114	0.117	0.113	0.113
5:00:01	0.129	0.125	0.148	0.131	0.114	0.114	0.114	0.116	0.115	0.116	0.114	0.113	0.131	0.125	0.148	0.132	0.114	0.115	0.114	0.116	0.117	0.115	0.114	0.114	0.130	0.122	0.142	0.130	0.115	0.114	0.114	0.114	0.114	0.114	0.114	0.114	0.131	0.125	0.142	0.134	0.114	0.115	0.115	0.113	0.114	0.114	0.115	0.113	0.129	0.124	0.140	0.134	0.116	0.115	0.115	0.115	0.113	0.115	0.116	0.115	0.129	0.124	0.145	0.132	0.115	0.115	0.114	0.114	0.114	0.114	0.114	0.117	0.136	0.123	0.145	0.134	0.116	0.116	0.119	0.118	0.119	0.121	0.115	0.118	0.135	0.129	0.149	0.139	0.119	0.116	0.116	0.114	0.114	0.117	0.113	0.114
5:20:00	0.131	0.126	0.154	0.132	0.114	0.114	0.114	0.116	0.115	0.116	0.114	0.113	0.133	0.128	0.150	0.134	0.114	0.114	0.114	0.116	0.117	0.115	0.114	0.114	0.132	0.124	0.146	0.132	0.115	0.114	0.113	0.114	0.114	0.114	0.114	0.114	0.132	0.127	0.146	0.136	0.114	0.114	0.114	0.113	0.114	0.114	0.115	0.113	0.129	0.126	0.144	0.135	0.116	0.115	0.115	0.115	0.113	0.114	0.116	0.115	0.132	0.126	0.150	0.134	0.115	0.115	0.114	0.114	0.114	0.114	0.114	0.117	0.139	0.125	0.149	0.135	0.116	0.116	0.119	0.118	0.119	0.121	0.115	0.117	0.138	0.132	0.153	0.140	0.119	0.116	0.116	0.114	0.114	0.117	0.113	0.114
5:40:01	0.134	0.129	0.161	0.135	0.114	0.114	0.114	0.116	0.115	0.116	0.114	0.113	0.136	0.130	0.156	0.136	0.114	0.114	0.115	0.116	0.117	0.115	0.114	0.113	0.135	0.126	0.153	0.134	0.115	0.114	0.113	0.114	0.114	0.114	0.114	0.114	0.135	0.129	0.151	0.137	0.114	0.114	0.115	0.113	0.114	0.114	0.115	0.113	0.133	0.127	0.151	0.136	0.116	0.116	0.115	0.115	0.113	0.114	0.116	0.115	0.134	0.128	0.156	0.135	0.115	0.115	0.114	0.114	0.114	0.114	0.113	0.117	0.139	0.128	0.156	0.137	0.116	0.116	0.119	0.118	0.119	0.121	0.115	0.118	0.142	0.135	0.159	0.141	0.119	0.116	0.116	0.114	0.114	0.117	0.113	0.114
6:00:01	0.137	0.129	0.165	0.137	0.114	0.114	0.114	0.116	0.115	0.116	0.114	0.113	0.141	0.131	0.160	0.138	0.114	0.114	0.114	0.116	0.117	0.115	0.114	0.114	0.139	0.129	0.160	0.135	0.115	0.114	0.113	0.114	0.114	0.114	0.114	0.114	0.137	0.131	0.157	0.138	0.115	0.115	0.115	0.113	0.114	0.114	0.115	0.113	0.136	0.130	0.156	0.138	0.117	0.116	0.115	0.116	0.113	0.114	0.116	0.115	0.136	0.130	0.162	0.137	0.115	0.115	0.114	0.114	0.114	0.114	0.114	0.117	0.144	0.129	0.162	0.139	0.116	0.116	0.119	0.118	0.119	0.121	0.115	0.118	0.147	0.135	0.163	0.142	0.119	0.116	0.116	0.114	0.114	0.117	0.113	0.114
6:20:01	0.143	0.133	0.168	0.139	0.114	0.114	0.114	0.116	0.115	0.116	0.114	0.113	0.144	0.135	0.163	0.139	0.114	0.114	0.114	0.116	0.117	0.115	0.114	0.113	0.143	0.132	0.166	0.136	0.115	0.114	0.113	0.114	0.114	0.114	0.114	0.114	0.139	0.134	0.162	0.139	0.115	0.115	0.115	0.113	0.114	0.114	0.115	0.113	0.140	0.134	0.160	0.139	0.117	0.116	0.115	0.116	0.113	0.114	0.116	0.115	0.135	0.133	0.167	0.138	0.115	0.116	0.114	0.114	0.114	0.114	0.114	0.117	0.147	0.132	0.165	0.140	0.116	0.116	0.119	0.118	0.119	0.121	0.115	0.117	0.150	0.139	0.165	0.143	0.119	0.116	0.116	0.114	0.114	0.117	0.113	0.113
6:40:01	0.149	0.135	0.170	0.140	0.114	0.114	0.114	0.116	0.115	0.116	0.114	0.113	0.149	0.137	0.165	0.140	0.114	0.114	0.114	0.116	0.117	0.115	0.114	0.113	0.145	0.137	0.170	0.137	0.115	0.114	0.113	0.114	0.114	0.114	0.114	0.114	0.142	0.139	0.165	0.140	0.115	0.115	0.115	0.113	0.114	0.114	0.115	0.113	0.143	0.138	0.162	0.140	0.117	0.116	0.115	0.116	0.113	0.114	0.116	0.115	0.143	0.137	0.170	0.139	0.115	0.116	0.114	0.114	0.114	0.114	0.113	0.117	0.149	0.136	0.167	0.140	0.116	0.116	0.119	0.118	0.119	0.121	0.115	0.117	0.153	0.142	0.167	0.143	0.120	0.116	0.116	0.114	0.114	0.117	0.113	0.113
7:00:01	0.153	0.141	0.170	0.140	0.114	0.114	0.114	0.116	0.115	0.116	0.114	0.113	0.154	0.141	0.165	0.140	0.114	0.114	0.114	0.116	0.116	0.115	0.114	0.113	0.148	0.141	0.171	0.139	0.115	0.114	0.113	0.114	0.114	0.114	0.114	0.114	0.144	0.144	0.168	0.140	0.115	0.115	0.115	0.113	0.114	0.114	0.115	0.113	0.145	0.142	0.165	0.141	0.117	0.116	0.115	0.116	0.113	0.114	0.116	0.115	0.143	0.142	0.173	0.139	0.115	0.116	0.114	0.114	0.114	0.114	0.113	0.117	0.151	0.140	0.166	0.140	0.116	0.116	0.119	0.118	0.119	0.121	0.115	0.117	0.160	0.145	0.167	0.144	0.119	0.116	0.116	0.114	0.114	0.117	0.113	0.113
7:20:01	0.155	0.149	0.171	0.139	0.114	0.114	0.114	0.116	0.115	0.116	0.114	0.113	0.157	0.151	0.167	0.140	0.114	0.114	0.114	0.116	0.116	0.114	0.114	0.113	0.151	0.153	0.172	0.140	0.115	0.114	0.113	0.114	0.114	0.114	0.114	0.114	0.148	0.156	0.170	0.141	0.115	0.115	0.115	0.113	0.114	0.114	0.114	0.113	0.146	0.153	0.168	0.142	0.118	0.117	0.115	0.116	0.113	0.114	0.116	0.115	0.145	0.153	0.175	0.141	0.115	0.115	0.114	0.114	0.114	0.115	0.113	0.117	0.152	0.147	0.167	0.140	0.116	0.116	0.119	0.118	0.119	0.121	0.115	0.117	0.165	0.151	0.170	0.144	0.119	0.116	0.116	0.114	0.114	0.117	0.113	0.113
7:40:01	0.154	0.153	0.173	0.140	0.114	0.114	0.114	0.116	0.115	0.116	0.114	0.113	0.158	0.158	0.169	0.141	0.114	0.114	0.115	0.116	0.116	0.115	0.114	0.113	0.152	0.150	0.174	0.141	0.115	0.114	0.113	0.114	0.114	0.114	0.114	0.114	0.154	0.153	0.173	0.142	0.115	0.115	0.115	0.113	0.114	0.114	0.115	0.113	0.148	0.151	0.171	0.143	0.118	0.117	0.116	0.116	0.114	0.115	0.116	0.115	0.146	0.151	0.177	0.141	0.116	0.116	0.114	0.114	0.114	0.115	0.114	0.117	0.155	0.156	0.169	0.140	0.116	0.116	0.119	0.118	0.119	0.121	0.115	0.117	0.166	0.160	0.172	0.145	0.119	0.116	0.116	0.114	0.114	0.117	0.113	0.114
8:00:01	0.158	0.152	0.174	0.140	0.114	0.114	0.114	0.116	0.115	0.116	0.114	0.113	0.161	0.159	0.172	0.141	0.114	0.114	0.115	0.116	0.116	0.115	0.114	0.114	0.154	0.151	0.175	0.141	0.115	0.114	0.113	0.114	0.114	0.114	0.114	0.114	0.155	0.154	0.175	0.142	0.115	0.115	0.115	0.113	0.114	0.114	0.115	0.113	0.150	0.151	0.172	0.143	0.118	0.117	0.115	0.116	0.114	0.114	0.116	0.115	0.147	0.153	0.180	0.143	0.116	0.116	0.115	0.114	0.114	0.114	0.114	0.117	0.156	0.158	0.170	0.141	0.116	0.116	0.119	0.118	0.119	0.121	0.115	0.117	0.170	0.161	0.172	0.145	0.119	0.116	0.116	0.114	0.114	0.117	0.113	0.113
8:20:01	0.160	0.153	0.175	0.141	0.114	0.114	0.114	0.116	0.115	0.116	0.114	0.113	0.165	0.162	0.173	0.142	0.114	0.114	0.115	0.116	0.116	0.114	0.114	0.114	0.156	0.154	0.177	0.142	0.115	0.114	0.113	0.114	0.114	0.114	0.114	0.114	0.161	0.157	0.176	0.143	0.115	0.115	0.115	0.113	0.114	0.114	0.115	0.113	0.152	0.152	0.174	0.144	0.118	0.117	0.115	0.116	0.113	0.114	0.116	0.115	0.148	0.156	0.181	0.142	0.116	0.115	0.114	0.114	0.114	0.115	0.114	0.117	0.158	0.162	0.171	0.142	0.116	0.116	0.119	0.118	0.119	0.121	0.115	0.117	0.171	0.169	0.174	0.146	0.119	0.116	0.116	0.114	0.114	0.117	0.113	0.113
8:40:01	0.163	0.157	0.176	0.141	0.114	0.114	0.114	0.116	0.115	0.116	0.114	0.113	0.165	0.170	0.173	0.142	0.114	0.114	0.114	0.116	0.116	0.114	0.114	0.114	0.159	0.159	0.178	0.142	0.115	0.114	0.113	0.114	0.114	0.114	0.114	0.114	0.166	0.163	0.177	0.143	0.115	0.115	0.115	0.113	0.114	0.114	0.115	0.113	0.153	0.158	0.175	0.146	0.118	0.117	0.116	0.116	0.114	0.114	0.116	0.115	0.148	0.161	0.182	0.144	0.116	0.116	0.115	0.114	0.114	0.114	0.113	0.117	0.161	0.168	0.172	0.142	0.116	0.116	0.119	0.118	0.119	0.121	0.115	0.117	0.175	0.171	0.174	0.146	0.119	0.116	0.116	0.114	0.114	0.117	0.113	0.113
9:00:01	0.173	0.158	0.177	0.141	0.114	0.114	0.114	0.116	0.115	0.116	0.114	0.113	0.171	0.172	0.174	0.143	0.114	0.114	0.114	0.116	0.116	0.114	0.114	0.113	0.160	0.164	0.179	0.142	0.115	0.114	0.113	0.114	0.114	0.114	0.114	0.114	0.168	0.167	0.179	0.144	0.115	0.115	0.115	0.113	0.114	0.114	0.115	0.113	0.158	0.163	0.177	0.147	0.118	0.117	0.116	0.116	0.114	0.114	0.116	0.115	0.148	0.165	0.183	0.145	0.116	0.116	0.115	0.114	0.114	0.115	0.113	0.117	0.166	0.168	0.173	0.142	0.116	0.116	0.119	0.118	0.119	0.121	0.115	0.117	0.179	0.173	0.175	0.146	0.119	0.116	0.116	0.114	0.114	0.117	0.113	0.113
9:20:01	0.168	0.160	0.178	0.142	0.114	0.114	0.114	0.116	0.115	0.116	0.114	0.113	0.168	0.174	0.175	0.143	0.114	0.114	0.114	0.116	0.116	0.114	0.114	0.113	0.162	0.165	0.180	0.143	0.115	0.114	0.113	0.114	0.114	0.114	0.114	0.114	0.172	0.163	0.181	0.145	0.115	0.115	0.115	0.113	0.114	0.114	0.115	0.113	0.161	0.157	0.178	0.148	0.118	0.117	0.116	0.116	0.114	0.114	0.116	0.115	0.149	0.166	0.184	0.145	0.116	0.116	0.114	0.114	0.114	0.114	0.113	0.117	0.173	0.171	0.174	0.143	0.116	0.116	0.119	0.118	0.119	0.121	0.115	0.117	0.176	0.179	0.176	0.147	0.119	0.116	0.116	0.114	0.114	0.117	0.113	0.113
9:40:01	0.182	0.163	0.179	0.142	0.114	0.114	0.114	0.116	0.115	0.116	0.114	0.113	0.183	0.167	0.176	0.144	0.114	0.114	0.115	0.115	0.116	0.115	0.114	0.113	0.165	0.167	0.181	0.143	0.115	0.114	0.113	0.114	0.114	0.114	0.114	0.114	0.175	0.163	0.183	0.146	0.115	0.116	0.115	0.113	0.114	0.114	0.114	0.113	0.159	0.156	0.180	0.149	0.118	0.117	0.116	0.116	0.114	0.114	0.116	0.115	0.152	0.166	0.185	0.146	0.116	0.117	0.115	0.114	0.114	0.114	0.113	0.117	0.175	0.171	0.175	0.143	0.116	0.115	0.119	0.118	0.119	0.121	0.115	0.117	0.172	0.184	0.178	0.148	0.119	0.116	0.116	0.114	0.114	0.117	0.113	0.114
10:00:01	0.175	0.166	0.181	0.142	0.114	0.114	0.114	0.116	0.115	0.116	0.114	0.113	0.171	0.178	0.178	0.144	0.114	0.114	0.115	0.116	0.116	0.115	0.114	0.113	0.166	0.183	0.183	0.144	0.115	0.114	0.113	0.114	0.114	0.114	0.114	0.114	0.176	0.166	0.185	0.148	0.115	0.115	0.115	0.113	0.114	0.114	0.115	0.113	0.158	0.162	0.183	0.150	0.119	0.118	0.116	0.116	0.114	0.114	0.116	0.115	0.156	0.175	0.186	0.146	0.117	0.117	0.115	0.114	0.114	0.114	0.113	0.117	0.170	0.167	0.176	0.144	0.116	0.115	0.119	0.118	0.119	0.121	0.115	0.117	0.192	0.178	0.179	0.148	0.119	0.116	0.116	0.114	0.114	0.117	0.113	0.113
10:20:01	0.192	0.172	0.183	0.143	0.114	0.114	0.114	0.116	0.115	0.115	0.114	0.113	0.190	0.182	0.180	0.145	0.114	0.114	0.114	0.116	0.116	0.114	0.114	0.113	0.174	0.187	0.185	0.144	0.115	0.114	0.113	0.114	0.114	0.114	0.114	0.114	0.163	0.179	0.189	0.149	0.116	0.116	0.115	0.112	0.114	0.114	0.115	0.113	0.161	0.178	0.186	0.152	0.119	0.118	0.116	0.116	0.114	0.114	0.116	0.115	0.159	0.180	0.189	0.147	0.117	0.117	0.115	0.114	0.114	0.114	0.113	0.117	0.168	0.179	0.178	0.144	0.116	0.115	0.119	0.118	0.119	0.121	0.115	0.117	0.201	0.182	0.181	0.149	0.119	0.116	0.116	0.114	0.114	0.117	0.113	0.113
10:40:01	0.200	0.176	0.186	0.143	0.114	0.114	0.114	0.116	0.115	0.116	0.114	0.113	0.199	0.193	0.181	0.146	0.114	0.114	0.115	0.116	0.116	0.115	0.114	0.113	0.175	0.181	0.187	0.145	0.115	0.114	0.113	0.114	0.114	0.114	0.114	0.114	0.174	0.188	0.192	0.150	0.116	0.116	0.115	0.113	0.114	0.114	0.114	0.113	0.166	0.186	0.189	0.153	0.120	0.118	0.116	0.116	0.114	0.114	0.116	0.115	0.161	0.181	0.191	0.148	0.117	0.117	0.115	0.114	0.114	0.115	0.113	0.117	0.171	0.185	0.180	0.145	0.116	0.115	0.119	0.118	0.119	0.121	0.115	0.117	0.208	0.193	0.183	0.150	0.119	0.116	0.116	0.114	0.114	0.117	0.113	0.113
11:00:01	0.212	0.177	0.189	0.144	0.114	0.114	0.114	0.116	0.115	0.116	0.114	0.113	0.209	0.203	0.184	0.146	0.114	0.114	0.115	0.116	0.116	0.114	0.114	0.113	0.190	0.198	0.190	0.145	0.115	0.114	0.113	0.114	0.114	0.114	0.114	0.114	0.186	0.199	0.194	0.152	0.116	0.116	0.115	0.113	0.114	0.114	0.115	0.113	0.165	0.197	0.192	0.153	0.120	0.118	0.116	0.116	0.114	0.114	0.116	0.115	0.156	0.197	0.193	0.148	0.117	0.117	0.115	0.114	0.114	0.115	0.114	0.117	0.183	0.195	0.183	0.146	0.116	0.115	0.119	0.118	0.119	0.121	0.115	0.117	0.215	0.203	0.186	0.152	0.119	0.116	0.116	0.114	0.114	0.117	0.113	0.113
11:20:01	0.217	0.197	0.191	0.144	0.114	0.114	0.114	0.116	0.115	0.116	0.114	0.113	0.213	0.211	0.186	0.147	0.114	0.114	0.114	0.116	0.116	0.114	0.114	0.113	0.198	0.203	0.192	0.145	0.115	0.114	0.113	0.114	0.114	0.114	0.114	0.114	0.196	0.204	0.197	0.153	0.116	0.116	0.115	0.113	0.114	0.114	0.114	0.113	0.173	0.205	0.195	0.154	0.120	0.119	0.117	0.116	0.114	0.114	0.116	0.115	0.158	0.203	0.197	0.148	0.118	0.117	0.116	0.114	0.114	0.114	0.114	0.117	0.192	0.204	0.185	0.146	0.116	0.115	0.119	0.118	0.119	0.121	0.115	0.117	0.217	0.212	0.188	0.151	0.119	0.116	0.116	0.114	0.114	0.117	0.113	0.113
11:40:01	0.219	0.206	0.194	0.145	0.114	0.114	0.114	0.116	0.115	0.115	0.114	0.113	0.216	0.224	0.190	0.148	0.114	0.114	0.114	0.116	0.116	0.114	0.114	0.113	0.203	0.207	0.195	0.146	0.115	0.114	0.113	0.114	0.114	0.114	0.114	0.114	0.204	0.209	0.200	0.155	0.116	0.117	0.116	0.113	0.114	0.114	0.115	0.113	0.169	0.208	0.199	0.156	0.121	0.120	0.117	0.116	0.114	0.114	0.116	0.115	0.163	0.206	0.198	0.150	0.118	0.118	0.116	0.114	0.114	0.114	0.113	0.117	0.200	0.215	0.188	0.147	0.116	0.115	0.119	0.118	0.119	0.121	0.115	0.117	0.218	0.224	0.191	0.153	0.120	0.116	0.116	0.114	0.114	0.117	0.113	0.113
12:00:01	0.221	0.211	0.196	0.145	0.114	0.114	0.114	0.116	0.115	0.116	0.114	0.113	0.218	0.224	0.191	0.149	0.114	0.114	0.115	0.116	0.116	0.114	0.114	0.113	0.208	0.212	0.197	0.147	0.115	0.114	0.113	0.114	0.114	0.114	0.114	0.114	0.208	0.214	0.202	0.155	0.116	0.117	0.116	0.113	0.114	0.114	0.115	0.113	0.174	0.213	0.201	0.157	0.121	0.120	0.117	0.116	0.114	0.114	0.116	0.115	0.168	0.212	0.201	0.150	0.118	0.118	0.116	0.115	0.114	0.115	0.113	0.117	0.205	0.217	0.191	0.148	0.116	0.115	0.119	0.118	0.119	0.121	0.115	0.117	0.219	0.227	0.193	0.153	0.119	0.116	0.116	0.114	0.114	0.117	0.113	0.113
12:20:01	0.222	0.216	0.199	0.145	0.114	0.114	0.114	0.116	0.115	0.115	0.114	0.113	0.219	0.222	0.194	0.150	0.114	0.114	0.115	0.116	0.116	0.114	0.114	0.113	0.211	0.213	0.198	0.147	0.115	0.114	0.113	0.114	0.114	0.114	0.114	0.114	0.211	0.215	0.204	0.156	0.117	0.117	0.116	0.113	0.114	0.114	0.115	0.113	0.182	0.215	0.204	0.158	0.122	0.120	0.117	0.116	0.114	0.114	0.116	0.115	0.174	0.213	0.204	0.151	0.118	0.119	0.116	0.114	0.114	0.115	0.113	0.117	0.208	0.217	0.192	0.149	0.116	0.115	0.119	0.118	0.119	0.121	0.115	0.117	0.219	0.226	0.195	0.155	0.119	0.116	0.116	0.114	0.114	0.117	0.113	0.113
12:40:01	0.224	0.217	0.201	0.146	0.114	0.114	0.114	0.116	0.115	0.115	0.114	0.113	0.220	0.221	0.196	0.151	0.114	0.114	0.114	0.116	0.116	0.114	0.114	0.113	0.213	0.213	0.200	0.148	0.115	0.114	0.113	0.114	0.114	0.114	0.114	0.114	0.213	0.215	0.205	0.157	0.117	0.117	0.116	0.113	0.114	0.114	0.114	0.113	0.189	0.215	0.206	0.158	0.122	0.121	0.117	0.117	0.114	0.114	0.116	0.115	0.184	0.213	0.206	0.152	0.119	0.119	0.116	0.115	0.114	0.114	0.113	0.117	0.210	0.216	0.194	0.149	0.116	0.115	0.119	0.118	0.119	0.120	0.115	0.117	0.219	0.225	0.196	0.156	0.120	0.116	0.116	0.114	0.114	0.117	0.113	0.113
13:00:01	0.224	0.217	0.202	0.146	0.114	0.114	0.114	0.116	0.115	0.115	0.114	0.113	0.220	0.219	0.196	0.151	0.114	0.114	0.114	0.115	0.116	0.114	0.114	0.113	0.216	0.213	0.201	0.148	0.115	0.114	0.113	0.114	0.114	0.114	0.114	0.114	0.214	0.214	0.206	0.158	0.117	0.117	0.116	0.113	0.114	0.114	0.115	0.113	0.194	0.215	0.207	0.159	0.122	0.121	0.117	0.117	0.114	0.114	0.116	0.115	0.189	0.213	0.208	0.153	0.119	0.119	0.116	0.115	0.114	0.114	0.113	0.117	0.211	0.215	0.195	0.150	0.116	0.115	0.119	0.118	0.119	0.121	0.115	0.117	0.220	0.224	0.198	0.154	0.119	0.116	0.116	0.114	0.114	0.117	0.113	0.113
13:20:01	0.225	0.217	0.203	0.146	0.114	0.114	0.114	0.116	0.115	0.115	0.114	0.113	0.220	0.218	0.198	0.152	0.114	0.114	0.114	0.115	0.116	0.114	0.114	0.113	0.218	0.213	0.202	0.149	0.115	0.114	0.113	0.114	0.114	0.114	0.114	0.114	0.215	0.215	0.207	0.158	0.117	0.117	0.116	0.113	0.114	0.114	0.114	0.113	0.198	0.215	0.209	0.160	0.123	0.121	0.118	0.117	0.114	0.114	0.116	0.115	0.192	0.213	0.208	0.154	0.120	0.119	0.117	0.115	0.114	0.114	0.113	0.117	0.212	0.214	0.196	0.150	0.116	0.115	0.119	0.118	0.119	0.121	0.115	0.117	0.219	0.224	0.200	0.157	0.119	0.116	0.116	0.114	0.114	0.117	0.113	0.113
13:40:01	0.226	0.218	0.205	0.147	0.114	0.114	0.114	0.116	0.115	0.116	0.114	0.113	0.219	0.218	0.200	0.153	0.114	0.114	0.115	0.116	0.116	0.114	0.114	0.113	0.221	0.214	0.204	0.148	0.115	0.114	0.114	0.114	0.114	0.114	0.114	0.114	0.215	0.215	0.209	0.159	0.117	0.117	0.116	0.113	0.114	0.114	0.115	0.113	0.202	0.216	0.210	0.161	0.123	0.121	0.118	0.117	0.114	0.115	0.116	0.115	0.196	0.213	0.209	0.155	0.120	0.120	0.117	0.115	0.114	0.115	0.113	0.117	0.213	0.214	0.197	0.151	0.116	0.115	0.119	0.118	0.119	0.121	0.115	0.117	0.219	0.223	0.201	0.157	0.119	0.116	0.116	0.114	0.114	0.117	0.113	0.114
14:00:01	0.227	0.220	0.206	0.148	0.114	0.114	0.114	0.116	0.115	0.115	0.114	0.113	0.220	0.217	0.197	0.154	0.114	0.114	0.114	0.116	0.116	0.114	0.114	0.113	0.224	0.216	0.205	0.151	0.115	0.114	0.114	0.114	0.114	0.114	0.114	0.114	0.216	0.217	0.211	0.161	0.118	0.118	0.116	0.113	0.114	0.114	0.115	0.113	0.205	0.218	0.212	0.163	0.125	0.123	0.119	0.117	0.114	0.115	0.116	0.115	0.198	0.215	0.211	0.156	0.121	0.121	0.117	0.115	0.114	0.114	0.113	0.117	0.213	0.213	0.199	0.153	0.116	0.115	0.119	0.118	0.119	0.121	0.115	0.117	0.219	0.222	0.202	0.158	0.120	0.116	0.116	0.114	0.114	0.117	0.113	0.114
14:20:01	0.225	0.221	0.207	0.148	0.114	0.114	0.114	0.116	0.115	0.116	0.114	0.113	0.218	0.216	0.203	0.155	0.114	0.114	0.114	0.116	0.116	0.114	0.114	0.113	0.226	0.218	0.207	0.152	0.116	0.115	0.114	0.114	0.114	0.114	0.114	0.114	0.215	0.219	0.212	0.163	0.119	0.120	0.117	0.114	0.114	0.114	0.115	0.113	0.209	0.220	0.215	0.165	0.126	0.125	0.120	0.118	0.114	0.115	0.116	0.115	0.200	0.216	0.214	0.158	0.123	0.122	0.119	0.116	0.114	0.115	0.113	0.117	0.214	0.212	0.200	0.154	0.116	0.115	0.119	0.118	0.119	0.121	0.115	0.117	0.219	0.222	0.203	0.159	0.119	0.116	0.116	0.114	0.114	0.117	0.113	0.113
14:40:01	0.224	0.223	0.208	0.149	0.114	0.114	0.114	0.116	0.115	0.116	0.114	0.113	0.217	0.216	0.204	0.156	0.114	0.114	0.114	0.116	0.116	0.114	0.114	0.113	0.228	0.220	0.206	0.151	0.115	0.115	0.114	0.114	0.114	0.114	0.114	0.114	0.215	0.220	0.213	0.162	0.118	0.119	0.116	0.114	0.114	0.114	0.115	0.113	0.211	0.221	0.213	0.164	0.126	0.124	0.119	0.117	0.114	0.115	0.116	0.115	0.200	0.217	0.214	0.158	0.122	0.122	0.118	0.115	0.114	0.115	0.113	0.117	0.214	0.212	0.200	0.154	0.116	0.115	0.119	0.118	0.119	0.121	0.115	0.117	0.218	0.221	0.203	0.162	0.120	0.116	0.116	0.114	0.114	0.117	0.113	0.114
15:00:01	0.223	0.225	0.208	0.150	0.114	0.114	0.114	0.116	0.115	0.115	0.114	0.113	0.217	0.215	0.205	0.158	0.114	0.114	0.115	0.116	0.116	0.114	0.114	0.113	0.230	0.222	0.207	0.152	0.115	0.115	0.114	0.114	0.114	0.114	0.114	0.114	0.214	0.221	0.212	0.163	0.118	0.119	0.116	0.114	0.114	0.114	0.115	0.113	0.214	0.222	0.214	0.164	0.125	0.123	0.119	0.117	0.114	0.115	0.116	0.115	0.201	0.219	0.215	0.159	0.122	0.122	0.118	0.115	0.114	0.115	0.113	0.117	0.215	0.211	0.202	0.156	0.116	0.115	0.119	0.118	0.119	0.121	0.115	0.117	0.218	0.221	0.205	0.161	0.120	0.116	0.116	0.114	0.114	0.117	0.113	0.113
15:20:01	0.222	0.227	0.210	0.150	0.114	0.114	0.114	0.116	0.115	0.115	0.114	0.113	0.216	0.215	0.205	0.159	0.114	0.114	0.115	0.116	0.116	0.114	0.114	0.113	0.230	0.224	0.213	0.152	0.116	0.115	0.114	0.114	0.114	0.114	0.114	0.114	0.214	0.223	0.214	0.165	0.120	0.120	0.117	0.114	0.114	0.114	0.115	0.113	0.217	0.224	0.216	0.167	0.127	0.126	0.120	0.118	0.114	0.115	0.116	0.115	0.202	0.221	0.217	0.161	0.124	0.123	0.119	0.116	0.115	0.115	0.113	0.117	0.215	0.211	0.202	0.158	0.116	0.115	0.119	0.118	0.119	0.120	0.115	0.117	0.218	0.220	0.205	0.160	0.120	0.116	0.116	0.114	0.114	0.117	0.113	0.113
15:40:01	0.221	0.229	0.211	0.151	0.114	0.113	0.114	0.116	0.115	0.115	0.114	0.113	0.216	0.214	0.205	0.160	0.114	0.114	0.115	0.116	0.116	0.114	0.114	0.113	0.229	0.226	0.213	0.155	0.116	0.115	0.114	0.114	0.114	0.114	0.114	0.114	0.214	0.225	0.216	0.166	0.120	0.121	0.117	0.114	0.114	0.114	0.114	0.113	0.218	0.226	0.217	0.168	0.128	0.126	0.121	0.118	0.115	0.115	0.116	0.115	0.202	0.223	0.217	0.163	0.124	0.124	0.120	0.116	0.114	0.114	0.113	0.117	0.215	0.210	0.202	0.158	0.116	0.115	0.119	0.118	0.119	0.120	0.115	0.117	0.217	0.220	0.206	0.162	0.119	0.116	0.116	0.114	0.114	0.117	0.113	0.113
16:00:01	0.221	0.231	0.212	0.151	0.114	0.114	0.114	0.116	0.115	0.115	0.114	0.113	0.215	0.214	0.206	0.161	0.114	0.114	0.115	0.116	0.116	0.114	0.114	0.113	0.226	0.228	0.214	0.155	0.115	0.115	0.114	0.114	0.114	0.114	0.114	0.114	0.213	0.226	0.214	0.166	0.119	0.120	0.117	0.114	0.114	0.114	0.115	0.113	0.218	0.227	0.217	0.168	0.127	0.125	0.120	0.118	0.114	0.115	0.116	0.115	0.203	0.224	0.217	0.162	0.123	0.123	0.119	0.115	0.114	0.115	0.113	0.117	0.214	0.210	0.202	0.159	0.116	0.115	0.119	0.118	0.119	0.120	0.115	0.117	0.217	0.220	0.206	0.164	0.119	0.116	0.116	0.114	0.114	0.117	0.113	0.113
16:20:01	0.220	0.234	0.212	0.153	0.114	0.114	0.114	0.116	0.115	0.115	0.114	0.113	0.215	0.215	0.207	0.161	0.114	0.114	0.115	0.116	0.116	0.114	0.114	0.113	0.223	0.229	0.214	0.157	0.115	0.115	0.114	0.114	0.114	0.114	0.114	0.114	0.212	0.227	0.216	0.167	0.118	0.119	0.116	0.114	0.114	0.114	0.115	0.113	0.216	0.228	0.218	0.168	0.126	0.124	0.119	0.118	0.114	0.115	0.116	0.115	0.202	0.224	0.218	0.164	0.122	0.122	0.119	0.116	0.114	0.115	0.113	0.117	0.213	0.209	0.203	0.159	0.116	0.115	0.119	0.118	0.119	0.120	0.115	0.117	0.216	0.219	0.207	0.163	0.119	0.116	0.116	0.114	0.114	0.117	0.113	0.114
16:40:01	0.218	0.236	0.212	0.154	0.114	0.114	0.114	0.116	0.115	0.115	0.114	0.113	0.214	0.214	0.206	0.162	0.114	0.114	0.114	0.115	0.116	0.114	0.114	0.113	0.221	0.229	0.214	0.157	0.115	0.115	0.114	0.114	0.114	0.114	0.114	0.114	0.211	0.228	0.217	0.168	0.118	0.119	0.116	0.114	0.114	0.114	0.114	0.113	0.216	0.229	0.219	0.169	0.125	0.124	0.119	0.117	0.114	0.115	0.116	0.115	0.202	0.226	0.218	0.164	0.122	0.122	0.118	0.115	0.114	0.114	0.113	0.117	0.213	0.208	0.204	0.160	0.116	0.115	0.119	0.118	0.119	0.120	0.115	0.117	0.216	0.219	0.207	0.164	0.119	0.116	0.116	0.114	0.114	0.117	0.113	0.113
17:00:01	0.217	0.237	0.214	0.155	0.114	0.114	0.114	0.116	0.115	0.115	0.114	0.113	0.213	0.213	0.208	0.163	0.114	0.114	0.114	0.115	0.116	0.114	0.114	0.113	0.218	0.231	0.215	0.159	0.115	0.115	0.114	0.114	0.114	0.114	0.114	0.114	0.210	0.229	0.218	0.169	0.118	0.119	0.116	0.114	0.114	0.114	0.115	0.113	0.215	0.230	0.219	0.170	0.125	0.124	0.119	0.117	0.114	0.115	0.116	0.115	0.202	0.227	0.218	0.165	0.122	0.122	0.118	0.115	0.114	0.115	0.113	0.117	0.212	0.208	0.204	0.161	0.116	0.115	0.119	0.118	0.119	0.120	0.115	0.117	0.215	0.218	0.207	0.165	0.119	0.116	0.116	0.114	0.114	0.117	0.113	0.113
17:20:01	0.216	0.238	0.212	0.155	0.114	0.114	0.114	0.116	0.115	0.115	0.114	0.113	0.213	0.213	0.208	0.164	0.114	0.114	0.115	0.116	0.116	0.115	0.114	0.113	0.216	0.233	0.216	0.160	0.115	0.115	0.114	0.114	0.114	0.114	0.114	0.114	0.209	0.230	0.218	0.171	0.118	0.119	0.117	0.114	0.114	0.114	0.115	0.113	0.213	0.231	0.219	0.172	0.126	0.124	0.119	0.117	0.114	0.115	0.116	0.115	0.202	0.227	0.219	0.166	0.122	0.122	0.118	0.116	0.114	0.115	0.113	0.117	0.212	0.208	0.205	0.161	0.116	0.115	0.119	0.118	0.119	0.120	0.115	0.117	0.214	0.218	0.208	0.166	0.119	0.116	0.116	0.113	0.114	0.117	0.113	0.113
17:40:01	0.216	0.240	0.215	0.157	0.114	0.114	0.114	0.116	0.115	0.115	0.114	0.113	0.212	0.213	0.209	0.166	0.114	0.114	0.114	0.115	0.116	0.115	0.114	0.113	0.214	0.235	0.216	0.161	0.115	0.115	0.114	0.114	0.114	0.114	0.114	0.114	0.209	0.230	0.218	0.171	0.118	0.119	0.116	0.114	0.114	0.114	0.115	0.113	0.211	0.232	0.219	0.172	0.125	0.124	0.119	0.117	0.114	0.115	0.116	0.115	0.201	0.225	0.219	0.166	0.122	0.122	0.118	0.115	0.114	0.115	0.113	0.117	0.211	0.207	0.204	0.162	0.116	0.115	0.119	0.118	0.119	0.120	0.115	0.117	0.214	0.217	0.208	0.166	0.119	0.116	0.116	0.113	0.114	0.117	0.113	0.113
18:00:01	0.215	0.239	0.215	0.158	0.114	0.114	0.114	0.116	0.115	0.115	0.114	0.113	0.211	0.212	0.209	0.166	0.114	0.114	0.114	0.115	0.116	0.115	0.114	0.113	0.213	0.235	0.217	0.162	0.115	0.115	0.114	0.114	0.114	0.114	0.114	0.114	0.208	0.231	0.218	0.172	0.118	0.119	0.116	0.114	0.114	0.114	0.115	0.113	0.210	0.233	0.220	0.173	0.125	0.123	0.119	0.117	0.114	0.115	0.116	0.115	0.201	0.226	0.220	0.168	0.121	0.121	0.118	0.115	0.114	0.115	0.113	0.117	0.211	0.207	0.206	0.163	0.116	0.115	0.119	0.118	0.119	0.120	0.115	0.117	0.214	0.217	0.210	0.166	0.119	0.116	0.116	0.114	0.114	0.117	0.113	0.113
18:20:01	0.216	0.243	0.217	0.158	0.114	0.114	0.114	0.116	0.115	0.115	0.114	0.113	0.212	0.214	0.210	0.167	0.114	0.114	0.114	0.116	0.117	0.115	0.114	0.113	0.212	0.237	0.217	0.163	0.115	0.115	0.114	0.114	0.114	0.114	0.114	0.114	0.208	0.234	0.217	0.173	0.118	0.119	0.116	0.114	0.114	0.114	0.115	0.113	0.209	0.234	0.217	0.172	0.125	0.123	0.119	0.117	0.114	0.115	0.116	0.115	0.201	0.225	0.219	0.167	0.121	0.121	0.118	0.115	0.114	0.114	0.113	0.117	0.209	0.207	0.205	0.164	0.116	0.115	0.119	0.119	0.119	0.120	0.115	0.117	0.213	0.216	0.208	0.167	0.120	0.116	0.116	0.114	0.114	0.117	0.113	0.114
18:40:01	0.213	0.240	0.217	0.160	0.114	0.114	0.114	0.116	0.115	0.115	0.114	0.113	0.210	0.212	0.210	0.168	0.114	0.114	0.115	0.116	0.116	0.115	0.114	0.113	0.210	0.236	0.219	0.164	0.115	0.115	0.114	0.114	0.114	0.114	0.114	0.114	0.207	0.232	0.218	0.173	0.118	0.119	0.116	0.114	0.114	0.114	0.115	0.113	0.207	0.234	0.219	0.173	0.125	0.123	0.119	0.117	0.114	0.115	0.116	0.115	0.200	0.223	0.220	0.169	0.122	0.121	0.118	0.115	0.114	0.115	0.113	0.117	0.209	0.206	0.206	0.166	0.116	0.115	0.119	0.118	0.119	0.120	0.115	0.117	0.212	0.216	0.210	0.168	0.120	0.116	0.116	0.114	0.114	0.117	0.113	0.113
19:00:01	0.212	0.238	0.213	0.160	0.114	0.114	0.114	0.116	0.115	0.115	0.114	0.113	0.210	0.212	0.209	0.167	0.114	0.114	0.114	0.115	0.116	0.115	0.114	0.113	0.209	0.235	0.218	0.164	0.115	0.115	0.114	0.114	0.114	0.114	0.114	0.114	0.206	0.232	0.218	0.173	0.117	0.118	0.116	0.114	0.114	0.114	0.115	0.113	0.207	0.234	0.219	0.174	0.123	0.121	0.118	0.117	0.114	0.115	0.116	0.115	0.199	0.223	0.218	0.169	0.120	0.120	0.117	0.115	0.114	0.115	0.113	0.117	0.209	0.205	0.206	0.166	0.116	0.115	0.119	0.118	0.119	0.120	0.115	0.117	0.212	0.216	0.208	0.169	0.119	0.116	0.116	0.114	0.114	0.117	0.113	0.113
19:20:01	0.212	0.238	0.217	0.163	0.114	0.114	0.114	0.116	0.115	0.115	0.114	0.113	0.209	0.212	0.210	0.171	0.114	0.114	0.115	0.116	0.116	0.115	0.114	0.113	0.208	0.234	0.217	0.166	0.115	0.114	0.114	0.114	0.114	0.114	0.114	0.114	0.205	0.231	0.217	0.173	0.117	0.117	0.116	0.114	0.114	0.114	0.115	0.113	0.205	0.233	0.216	0.172	0.121	0.120	0.117	0.117	0.114	0.115	0.116	0.115	0.199	0.219	0.218	0.168	0.118	0.119	0.116	0.115	0.114	0.115	0.113	0.117	0.208	0.205	0.206	0.167	0.116	0.115	0.119	0.118	0.119	0.120	0.115	0.117	0.211	0.215	0.209	0.171	0.119	0.116	0.116	0.114	0.114	0.117	0.113	0.113
19:40:01	0.211	0.236	0.214	0.163	0.114	0.113	0.114	0.116	0.115	0.115	0.114	0.113	0.208	0.211	0.211	0.171	0.114	0.114	0.114	0.115	0.116	0.115	0.114	0.113	0.207	0.234	0.216	0.166	0.115	0.114	0.114	0.114	0.114	0.114	0.114	0.114	0.205	0.230	0.217	0.174	0.116	0.117	0.116	0.114	0.114	0.114	0.115	0.113	0.205	0.233	0.217	0.175	0.120	0.119	0.117	0.117	0.114	0.114	0.116	0.115	0.198	0.221	0.217	0.169	0.118	0.118	0.116	0.115	0.114	0.115	0.114	0.117	0.208	0.205	0.206	0.167	0.116	0.115	0.119	0.118	0.119	0.120	0.115	0.117	0.211	0.215	0.210	0.171	0.119	0.116	0.116	0.114	0.114	0.117	0.113	0.113
20:00:01	0.211	0.237	0.212	0.162	0.114	0.114	0.114	0.116	0.115	0.115	0.114	0.113	0.208	0.211	0.207	0.171	0.114	0.114	0.115	0.116	0.116	0.115	0.114	0.113	0.206	0.233	0.217	0.167	0.115	0.114	0.114	0.114	0.114	0.114	0.114	0.114	0.204	0.229	0.217	0.175	0.116	0.117	0.116	0.113	0.114	0.114	0.115	0.113	0.203	0.232	0.217	0.174	0.120	0.119	0.117	0.117	0.114	0.115	0.116	0.115	0.197	0.216	0.217	0.170	0.118	0.118	0.116	0.115	0.114	0.115	0.113	0.117	0.206	0.204	0.205	0.169	0.116	0.115	0.119	0.118	0.119	0.120	0.115	0.117	0.210	0.214	0.210	0.171	0.120	0.116	0.116	0.114	0.114	0.117	0.113	0.113
20:20:01	0.210	0.235	0.215	0.165	0.114	0.113	0.114	0.116	0.115	0.115	0.114	0.113	0.207	0.210	0.210	0.173	0.114	0.114	0.115	0.115	0.116	0.115	0.114	0.113	0.205	0.232	0.217	0.168	0.115	0.114	0.114	0.114	0.114	0.114	0.114	0.114	0.203	0.229	0.216	0.176	0.116	0.116	0.116	0.113	0.114	0.114	0.115	0.113	0.203	0.232	0.218	0.176	0.119	0.118	0.117	0.116	0.114	0.114	0.116	0.115	0.197	0.218	0.218	0.170	0.117	0.117	0.116	0.115	0.114	0.114	0.113	0.117	0.207	0.204	0.207	0.170	0.116	0.115	0.119	0.118	0.119	0.120	0.115	0.117	0.210	0.214	0.209	0.175	0.119	0.116	0.116	0.114	0.114	0.116	0.113	0.113
20:40:01	0.210	0.235	0.217	0.166	0.114	0.114	0.114	0.116	0.115	0.115	0.114	0.113	0.206	0.210	0.210	0.174	0.114	0.114	0.115	0.116	0.116	0.115	0.114	0.113	0.204	0.231	0.219	0.167	0.115	0.114	0.114	0.114	0.114	0.114	0.114	0.114	0.203	0.227	0.216	0.176	0.116	0.117	0.116	0.113	0.114	0.114	0.115	0.113	0.202	0.230	0.218	0.175	0.120	0.119	0.117	0.117	0.114	0.115	0.116	0.115	0.196	0.214	0.217	0.169	0.118	0.118	0.116	0.115	0.114	0.115	0.113	0.117	0.205	0.203	0.206	0.170	0.116	0.115	0.119	0.118	0.119	0.120	0.115	0.117	0.209	0.213	0.211	0.175	0.120	0.116	0.116	0.113	0.114	0.116	0.113	0.113
21:00:01	0.209	0.234	0.216	0.166	0.114	0.113	0.114	0.116	0.115	0.115	0.114	0.113	0.206	0.210	0.210	0.175	0.114	0.114	0.114	0.115	0.116	0.115	0.114	0.113	0.203	0.230	0.215	0.167	0.115	0.114	0.113	0.114	0.114	0.114	0.114	0.114	0.202	0.226	0.215	0.176	0.116	0.117	0.116	0.113	0.114	0.114	0.115	0.113	0.201	0.231	0.217	0.177	0.120	0.119	0.117	0.117	0.114	0.114	0.116	0.115	0.196	0.215	0.216	0.169	0.118	0.118	0.116	0.115	0.114	0.115	0.113	0.117	0.205	0.203	0.206	0.170	0.116	0.115	0.119	0.118	0.119	0.120	0.115	0.117	0.209	0.213	0.210	0.173	0.120	0.116	0.116	0.114	0.114	0.117	0.113	0.113
21:20:01	0.209	0.233	0.217	0.167	0.114	0.113	0.114	0.116	0.115	0.115	0.114	0.113	0.205	0.209	0.211	0.175	0.114	0.114	0.114	0.115	0.116	0.115	0.114	0.113	0.202	0.229	0.218	0.169	0.115	0.114	0.113	0.114	0.114	0.114	0.114	0.114	0.202	0.224	0.218	0.177	0.116	0.117	0.116	0.113	0.114	0.114	0.114	0.113	0.201	0.230	0.218	0.178	0.120	0.119	0.117	0.116	0.114	0.114	0.116	0.115	0.195	0.214	0.218	0.171	0.118	0.118	0.116	0.115	0.114	0.114	0.113	0.117	0.205	0.202	0.206	0.172	0.116	0.115	0.119	0.118	0.119	0.120	0.115	0.117	0.208	0.213	0.211	0.177	0.120	0.116	0.116	0.114	0.114	0.117	0.113	0.113
21:40:01	0.208	0.232	0.218	0.166	0.114	0.113	0.114	0.116	0.115	0.115	0.114	0.113	0.205	0.209	0.211	0.175	0.114	0.114	0.114	0.115	0.116	0.115	0.114	0.113	0.202	0.226	0.216	0.170	0.115	0.114	0.113	0.114	0.114	0.114	0.114	0.114	0.201	0.223	0.217	0.178	0.116	0.117	0.116	0.113	0.114	0.114	0.114	0.113	0.200	0.228	0.219	0.179	0.120	0.119	0.117	0.116	0.114	0.114	0.116	0.115	0.194	0.212	0.216	0.171	0.118	0.118	0.116	0.115	0.114	0.115	0.113	0.117	0.204	0.202	0.206	0.170	0.116	0.115	0.119	0.118	0.119	0.120	0.115	0.117	0.208	0.212	0.210	0.174	0.119	0.116	0.116	0.114	0.114	0.117	0.113	0.113
22:00:01	0.208	0.231	0.218	0.169	0.114	0.114	0.114	0.116	0.115	0.115	0.114	0.113	0.205	0.208	0.211	0.177	0.114	0.114	0.114	0.115	0.116	0.115	0.114	0.113	0.201	0.225	0.218	0.171	0.115	0.114	0.114	0.114	0.114	0.114	0.114	0.114	0.200	0.222	0.218	0.179	0.116	0.117	0.116	0.113	0.114	0.114	0.115	0.113	0.199	0.227	0.219	0.180	0.119	0.119	0.117	0.116	0.114	0.114	0.116	0.115	0.194	0.211	0.218	0.172	0.117	0.118	0.116	0.115	0.114	0.115	0.113	0.117	0.204	0.202	0.207	0.172	0.116	0.115	0.119	0.118	0.119	0.120	0.115	0.117	0.208	0.212	0.211	0.176	0.119	0.116	0.116	0.114	0.114	0.117	0.113	0.113
22:20:01	0.208	0.232	0.220	0.169	0.114	0.114	0.114	0.116	0.115	0.115	0.114	0.113	0.204	0.209	0.212	0.177	0.114	0.114	0.114	0.116	0.117	0.115	0.114	0.113	0.200	0.223	0.218	0.172	0.115	0.115	0.114	0.114	0.114	0.114	0.114	0.114	0.200	0.220	0.220	0.180	0.117	0.117	0.116	0.114	0.114	0.114	0.115	0.113	0.198	0.225	0.219	0.182	0.122	0.121	0.118	0.117	0.114	0.115	0.116	0.115	0.193	0.208	0.219	0.174	0.119	0.119	0.117	0.115	0.114	0.115	0.113	0.117	0.202	0.201	0.206	0.172	0.116	0.115	0.119	0.118	0.119	0.120	0.115	0.117	0.208	0.211	0.211	0.177	0.120	0.116	0.116	0.114	0.114	0.116	0.113	0.113
22:40:01	0.208	0.231	0.216	0.169	0.114	0.113	0.114	0.116	0.115	0.115	0.114	0.113	0.204	0.209	0.211	0.177	0.114	0.114	0.114	0.115	0.116	0.115	0.114	0.113	0.200	0.221	0.220	0.173	0.115	0.115	0.114	0.114	0.114	0.114	0.114	0.114	0.199	0.219	0.221	0.182	0.117	0.118	0.116	0.114	0.114	0.114	0.115	0.112	0.198	0.225	0.222	0.186	0.123	0.122	0.118	0.117	0.114	0.115	0.116	0.115	0.192	0.209	0.221	0.176	0.120	0.120	0.117	0.115	0.114	0.115	0.113	0.117	0.203	0.200	0.207	0.172	0.116	0.115	0.119	0.118	0.119	0.120	0.115	0.117	0.210	0.211	0.211	0.178	0.119	0.116	0.116	0.114	0.114	0.116	0.113	0.113
23:00:01	0.209	0.231	0.219	0.170	0.114	0.113	0.114	0.116	0.115	0.115	0.114	0.113	0.203	0.208	0.212	0.178	0.114	0.114	0.114	0.115	0.116	0.115	0.114	0.113	0.200	0.220	0.219	0.173	0.115	0.115	0.114	0.114	0.114	0.114	0.114	0.114	0.199	0.217	0.222	0.183	0.118	0.118	0.116	0.114	0.114	0.114	0.114	0.113	0.198	0.223	0.223	0.187	0.123	0.122	0.118	0.117	0.114	0.114	0.116	0.115	0.192	0.208	0.221	0.176	0.120	0.120	0.118	0.115	0.114	0.115	0.113	0.117	0.202	0.200	0.207	0.173	0.116	0.115	0.119	0.118	0.119	0.120	0.115	0.117	0.211	0.211	0.211	0.176	0.119	0.116	0.116	0.114	0.114	0.116	0.113	0.113
23:20:02	0.209	0.230	0.220	0.172	0.114	0.113	0.114	0.116	0.114	0.115	0.114	0.113	0.203	0.208	0.211	0.177	0.114	0.114	0.114	0.115	0.116	0.115	0.114	0.113	0.199	0.218	0.220	0.174	0.115	0.115	0.114	0.114	0.114	0.114	0.114	0.114	0.198	0.215	0.222	0.184	0.118	0.119	0.116	0.113	0.114	0.114	0.115	0.112	0.197	0.220	0.223	0.187	0.125	0.123	0.119	0.117	0.114	0.115	0.116	0.115	0.191	0.205	0.222	0.177	0.122	0.121	0.118	0.115	0.114	0.114	0.113	0.117	0.200	0.199	0.206	0.172	0.116	0.115	0.119	0.118	0.119	0.120	0.115	0.117	0.211	0.209	0.212	0.176	0.120	0.116	0.116	0.114	0.114	0.116	0.113	0.113
23:40:02	0.208	0.229	0.220	0.171	0.114	0.113	0.114	0.116	0.115	0.115	0.114	0.113	0.202	0.207	0.211	0.178	0.114	0.114	0.114	0.115	0.116	0.115	0.114	0.113	0.199	0.217	0.221	0.174	0.116	0.115	0.114	0.114	0.114	0.114	0.114	0.114	0.198	0.215	0.224	0.185	0.119	0.119	0.117	0.114	0.114	0.114	0.114	0.113	0.197	0.220	0.226	0.190	0.126	0.125	0.120	0.118	0.115	0.115	0.116	0.115	0.191	0.206	0.224	0.179	0.123	0.123	0.119	0.116	0.114	0.115	0.113	0.117	0.201	0.199	0.208	0.174	0.116	0.115	0.119	0.118	0.119	0.120	0.115	0.117	0.215	0.209	0.211	0.177	0.119	0.116	0.116	0.113	0.114	0.116	0.113	0.113
24:00:02	0.208	0.228	0.220	0.171	0.114	0.113	0.114	0.116	0.115	0.115	0.114	0.113	0.202	0.207	0.213	0.179	0.114	0.114	0.114	0.115	0.116	0.115	0.113	0.113	0.198	0.216	0.222	0.175	0.116	0.115	0.114	0.114	0.114	0.114	0.114	0.114	0.197	0.214	0.225	0.187	0.119	0.120	0.117	0.114	0.114	0.114	0.114	0.113	0.196	0.219	0.227	0.192	0.128	0.126	0.121	0.118	0.115	0.115	0.116	0.115	0.190	0.205	0.223	0.180	0.124	0.124	0.120	0.116	0.115	0.114	0.113	0.117	0.200	0.198	0.208	0.174	0.116	0.115	0.119	0.118	0.119	0.120	0.115	0.117	0.217	0.209	0.212	0.180	0.119	0.116	0.115	0.113	0.114	0.116	0.113	0.113
24:20:02	0.210	0.230	0.220	0.172	0.114	0.113	0.114	0.116	0.115	0.115	0.114	0.113	0.202	0.207	0.212	0.179	0.114	0.114	0.114	0.115	0.116	0.115	0.114	0.113	0.198	0.216	0.222	0.176	0.116	0.115	0.114	0.114	0.114	0.114	0.114	0.114	0.197	0.215	0.226	0.188	0.120	0.121	0.117	0.114	0.114	0.114	0.115	0.113	0.196	0.219	0.228	0.193	0.128	0.127	0.121	0.118	0.115	0.115	0.116	0.114	0.190	0.205	0.223	0.181	0.125	0.125	0.120	0.116	0.115	0.114	0.113	0.117	0.199	0.198	0.208	0.174	0.116	0.115	0.118	0.118	0.119	0.120	0.115	0.117	0.218	0.208	0.212	0.179	0.120	0.116	0.116	0.113	0.114	0.117	0.113	0.113
24:40:02	0.207	0.225	0.219	0.172	0.114	0.113	0.114	0.115	0.115	0.115	0.114	0.113	0.201	0.206	0.212	0.179	0.114	0.114	0.114	0.115	0.116	0.115	0.114	0.113	0.197	0.212	0.222	0.175	0.116	0.115	0.114	0.114	0.114	0.114	0.114	0.114	0.196	0.210	0.226	0.188	0.119	0.120	0.117	0.114	0.114	0.114	0.115	0.113	0.195	0.215	0.228	0.194	0.128	0.127	0.121	0.118	0.115	0.115	0.116	0.115	0.189	0.203	0.223	0.180	0.124	0.124	0.120	0.116	0.115	0.114	0.113	0.117	0.199	0.197	0.208	0.175	0.116	0.115	0.118	0.118	0.119	0.120	0.115	0.117	0.219	0.208	0.212	0.180	0.119	0.116	0.115	0.114	0.114	0.116	0.113	0.113
25:00:02	0.209	0.227	0.220	0.173	0.114	0.113	0.114	0.116	0.115	0.115	0.114	0.113	0.201	0.206	0.214	0.180	0.114	0.114	0.114	0.115	0.116	0.115	0.114	0.113	0.196	0.214	0.223	0.176	0.116	0.115	0.114	0.114	0.114	0.114	0.114	0.114	0.196	0.211	0.226	0.188	0.119	0.120	0.117	0.114	0.114	0.114	0.114	0.113	0.195	0.216	0.227	0.194	0.128	0.126	0.121	0.118	0.115	0.115	0.116	0.114	0.188	0.203	0.223	0.180	0.124	0.124	0.120	0.116	0.115	0.114	0.113	0.117	0.198	0.197	0.208	0.175	0.116	0.115	0.118	0.118	0.119	0.120	0.115	0.117	0.222	0.208	0.212	0.180	0.120	0.116	0.116	0.114	0.114	0.117	0.113	0.113
25:20:02	0.206	0.223	0.220	0.173	0.114	0.113	0.114	0.115	0.115	0.115	0.114	0.113	0.200	0.204	0.213	0.179	0.114	0.114	0.114	0.115	0.116	0.115	0.113	0.113	0.195	0.210	0.222	0.175	0.116	0.115	0.114	0.114	0.114	0.114	0.114	0.114	0.194	0.208	0.226	0.189	0.119	0.121	0.117	0.114	0.114	0.114	0.114	0.113	0.194	0.213	0.228	0.195	0.128	0.127	0.121	0.118	0.115	0.115	0.116	0.114	0.187	0.200	0.225	0.181	0.125	0.124	0.120	0.116	0.115	0.115	0.113	0.117	0.197	0.196	0.208	0.175	0.116	0.115	0.118	0.118	0.119	0.120	0.115	0.117	0.224	0.207	0.213	0.178	0.119	0.116	0.116	0.114	0.114	0.116	0.113	0.113
25:40:02	0.207	0.222	0.221	0.172	0.114	0.113	0.114	0.115	0.114	0.115	0.114	0.113	0.199	0.204	0.212	0.180	0.114	0.114	0.114	0.115	0.116	0.115	0.114	0.113	0.195	0.209	0.222	0.175	0.116	0.115	0.114	0.114	0.114	0.114	0.114	0.114	0.194	0.208	0.226	0.188	0.119	0.120	0.117	0.114	0.114	0.114	0.114	0.113	0.193	0.212	0.228	0.195	0.128	0.126	0.121	0.118	0.115	0.114	0.116	0.114	0.187	0.199	0.225	0.181	0.124	0.124	0.120	0.116	0.115	0.114	0.113	0.117	0.197	0.195	0.208	0.176	0.116	0.115	0.118	0.118	0.119	0.120	0.115	0.117	0.226	0.207	0.213	0.179	0.119	0.116	0.116	0.113	0.114	0.116	0.113	0.113
26:00:02	0.206	0.222	0.221	0.173	0.114	0.113	0.114	0.115	0.114	0.115	0.114	0.113	0.198	0.203	0.212	0.179	0.114	0.114	0.114	0.115	0.116	0.115	0.114	0.113	0.194	0.208	0.223	0.176	0.116	0.115	0.114	0.114	0.114	0.114	0.114	0.114	0.193	0.206	0.226	0.188	0.119	0.120	0.117	0.114	0.114	0.114	0.114	0.112	0.192	0.211	0.228	0.196	0.127	0.126	0.120	0.118	0.115	0.114	0.116	0.114	0.186	0.199	0.225	0.179	0.124	0.124	0.120	0.116	0.114	0.114	0.113	0.117	0.196	0.195	0.208	0.175	0.115	0.115	0.118	0.118	0.119	0.120	0.115	0.117	0.228	0.206	0.214	0.179	0.119	0.116	0.116	0.113	0.114	0.116	0.113	0.113
26:20:02	0.206	0.222	0.220	0.173	0.114	0.113	0.114	0.115	0.114	0.115	0.114	0.113	0.198	0.204	0.213	0.180	0.114	0.114	0.114	0.115	0.116	0.115	0.113	0.113	0.193	0.207	0.223	0.177	0.116	0.115	0.114	0.114	0.114	0.114	0.114	0.114	0.192	0.205	0.226	0.189	0.119	0.120	0.117	0.114	0.114	0.114	0.114	0.113	0.192	0.210	0.228	0.195	0.127	0.126	0.121	0.118	0.115	0.114	0.116	0.114	0.185	0.198	0.225	0.181	0.124	0.124	0.120	0.116	0.114	0.114	0.113	0.117	0.196	0.194	0.208	0.176	0.115	0.115	0.118	0.118	0.119	0.120	0.115	0.117	0.230	0.206	0.213	0.179	0.119	0.115	0.115	0.113	0.114	0.116	0.113	0.113
26:40:02	0.206	0.222	0.221	0.174	0.114	0.113	0.114	0.115	0.114	0.115	0.114	0.113	0.198	0.203	0.213	0.179	0.114	0.114	0.114	0.115	0.116	0.115	0.114	0.113	0.193	0.207	0.223	0.177	0.116	0.115	0.114	0.114	0.114	0.114	0.114	0.114	0.192	0.205	0.226	0.190	0.119	0.120	0.117	0.114	0.114	0.114	0.114	0.113	0.191	0.209	0.229	0.197	0.127	0.126	0.121	0.118	0.115	0.114	0.116	0.114	0.185	0.197	0.225	0.182	0.124	0.124	0.120	0.116	0.115	0.114	0.113	0.117	0.195	0.193	0.208	0.176	0.115	0.114	0.118	0.118	0.119	0.120	0.115	0.117	0.233	0.205	0.213	0.181	0.119	0.115	0.115	0.113	0.114	0.116	0.113	0.113
27:00:02	0.208	0.222	0.221	0.172	0.114	0.113	0.114	0.115	0.114	0.115	0.114	0.113	0.198	0.203	0.213	0.179	0.114	0.114	0.114	0.115	0.116	0.115	0.113	0.113	0.193	0.206	0.224	0.176	0.116	0.115	0.114	0.114	0.114	0.114	0.114	0.114	0.192	0.204	0.227	0.190	0.119	0.120	0.117	0.114	0.114	0.114	0.114	0.112	0.191	0.209	0.228	0.197	0.127	0.126	0.120	0.118	0.115	0.114	0.116	0.114	0.185	0.196	0.225	0.181	0.123	0.123	0.120	0.116	0.115	0.115	0.113	0.117	0.195	0.193	0.208	0.176	0.115	0.114	0.118	0.118	0.119	0.120	0.115	0.117	0.239	0.205	0.213	0.179	0.119	0.115	0.116	0.113	0.114	0.116	0.113	0.113
27:20:02	0.210	0.224	0.223	0.174	0.114	0.113	0.114	0.115	0.114	0.115	0.114	0.113	0.198	0.204	0.214	0.180	0.114	0.114	0.114	0.115	0.116	0.115	0.113	0.113	0.193	0.206	0.225	0.178	0.116	0.115	0.114	0.114	0.114	0.114	0.114	0.114	0.191	0.204	0.228	0.191	0.121	0.123	0.118	0.114	0.114	0.114	0.115	0.113	0.190	0.209	0.230	0.197	0.130	0.129	0.123	0.119	0.115	0.115	0.116	0.115	0.184	0.196	0.227	0.181	0.126	0.127	0.122	0.117	0.115	0.115	0.113	0.117	0.193	0.192	0.208	0.177	0.115	0.115	0.119	0.118	0.119	0.120	0.115	0.117	0.241	0.204	0.213	0.181	0.119	0.116	0.116	0.113	0.114	0.116	0.113	0.113
27:40:02	0.211	0.224	0.222	0.173	0.114	0.113	0.114	0.115	0.114	0.115	0.114	0.113	0.198	0.205	0.214	0.180	0.114	0.114	0.114	0.115	0.116	0.115	0.113	0.113	0.193	0.206	0.226	0.178	0.116	0.116	0.114	0.114	0.114	0.114	0.114	0.114	0.191	0.205	0.230	0.193	0.122	0.123	0.118	0.114	0.114	0.114	0.114	0.112	0.190	0.211	0.232	0.202	0.131	0.130	0.124	0.119	0.115	0.115	0.116	0.114	0.184	0.197	0.228	0.185	0.128	0.128	0.123	0.117	0.115	0.114	0.113	0.117	0.193	0.192	0.209	0.177	0.115	0.115	0.118	0.118	0.119	0.120	0.115	0.117	0.247	0.204	0.213	0.182	0.119	0.116	0.116	0.113	0.114	0.116	0.113	0.113
28:00:02	0.212	0.225	0.220	0.174	0.114	0.113	0.114	0.115	0.114	0.115	0.114	0.113	0.198	0.205	0.213	0.180	0.114	0.114	0.114	0.115	0.116	0.115	0.114	0.113	0.192	0.206	0.226	0.179	0.117	0.116	0.114	0.114	0.114	0.114	0.114	0.114	0.191	0.205	0.231	0.194	0.123	0.125	0.119	0.115	0.114	0.114	0.114	0.112	0.190	0.211	0.233	0.203	0.132	0.131	0.125	0.120	0.115	0.115	0.116	0.114	0.184	0.197	0.228	0.184	0.129	0.129	0.124	0.118	0.115	0.115	0.113	0.117	0.193	0.191	0.209	0.178	0.115	0.115	0.118	0.118	0.119	0.120	0.115	0.117	0.250	0.203	0.214	0.182	0.119	0.116	0.115	0.114	0.114	0.116	0.113	0.113
28:20:02	0.213	0.225	0.222	0.174	0.114	0.113	0.114	0.115	0.114	0.115	0.114	0.113	0.198	0.205	0.214	0.181	0.114	0.114	0.114	0.115	0.116	0.115	0.114	0.113	0.192	0.205	0.228	0.180	0.117	0.116	0.114	0.114	0.114	0.114	0.114	0.114	0.190	0.206	0.232	0.195	0.124	0.126	0.119	0.115	0.114	0.114	0.114	0.113	0.189	0.212	0.235	0.204	0.134	0.132	0.126	0.121	0.116	0.115	0.116	0.114	0.183	0.197	0.230	0.186	0.130	0.130	0.125	0.118	0.115	0.115	0.113	0.117	0.192	0.191	0.209	0.178	0.116	0.115	0.118	0.118	0.119	0.120	0.115	0.117	0.252	0.203	0.213	0.181	0.119	0.116	0.116	0.113	0.114	0.116	0.113	0.113
28:40:02	0.214	0.226	0.222	0.175	0.113	0.113	0.114	0.115	0.114	0.115	0.114	0.113	0.197	0.206	0.214	0.181	0.114	0.114	0.114	0.115	0.116	0.115	0.114	0.113	0.191	0.205	0.226	0.178	0.117	0.116	0.114	0.114	0.114	0.114	0.114	0.114	0.190	0.205	0.233	0.196	0.124	0.126	0.119	0.115	0.114	0.114	0.114	0.113	0.189	0.211	0.235	0.205	0.134	0.133	0.126	0.121	0.116	0.115	0.116	0.114	0.183	0.197	0.231	0.187	0.130	0.130	0.126	0.118	0.115	0.115	0.113	0.117	0.192	0.191	0.209	0.178	0.115	0.115	0.118	0.118	0.119	0.120	0.115	0.117	0.255	0.203	0.214	0.181	0.120	0.116	0.116	0.113	0.114	0.116	0.113	0.113
29:00:02	0.215	0.226	0.221	0.175	0.113	0.113	0.114	0.115	0.114	0.115	0.114	0.113	0.197	0.206	0.215	0.181	0.114	0.114	0.114	0.115	0.116	0.115	0.113	0.113	0.191	0.204	0.227	0.179	0.117	0.116	0.114	0.114	0.114	0.114	0.114	0.114	0.189	0.205	0.233	0.197	0.124	0.126	0.119	0.115	0.114	0.114	0.114	0.112	0.188	0.210	0.236	0.206	0.134	0.133	0.126	0.121	0.116	0.115	0.116	0.114	0.182	0.196	0.229	0.186	0.130	0.130	0.125	0.118	0.115	0.115	0.113	0.117	0.192	0.190	0.209	0.178	0.115	0.115	0.118	0.118	0.119	0.120	0.115	0.117	0.257	0.202	0.211	0.182	0.119	0.116	0.115	0.113	0.114	0.116	0.112	0.113
29:20:02	0.215	0.227	0.224	0.176	0.114	0.114	0.114	0.115	0.114	0.115	0.114	0.113	0.197	0.207	0.215	0.182	0.114	0.114	0.114	0.115	0.116	0.115	0.114	0.113	0.190	0.203	0.228	0.181	0.117	0.116	0.114	0.114	0.114	0.114	0.114	0.115	0.189	0.203	0.233	0.196	0.124	0.126	0.119	0.115	0.114	0.114	0.114	0.113	0.188	0.207	0.234	0.204	0.134	0.133	0.126	0.121	0.116	0.115	0.116	0.115	0.182	0.195	0.230	0.186	0.131	0.130	0.126	0.118	0.115	0.115	0.113	0.117	0.190	0.189	0.209	0.179	0.115	0.115	0.119	0.118	0.119	0.120	0.115	0.117	0.257	0.201	0.213	0.184	0.119	0.116	0.115	0.113	0.114	0.116	0.113	0.113
29:40:02	0.221	0.231	0.223	0.176	0.113	0.114	0.114	0.115	0.115	0.115	0.114	0.113	0.199	0.210	0.215	0.182	0.114	0.114	0.114	0.115	0.116	0.115	0.114	0.113	0.191	0.205	0.229	0.180	0.117	0.116	0.114	0.114	0.114	0.114	0.114	0.115	0.189	0.205	0.234	0.198	0.124	0.126	0.119	0.115	0.114	0.114	0.114	0.113	0.188	0.210	0.235	0.207	0.134	0.132	0.126	0.121	0.116	0.115	0.116	0.114	0.181	0.195	0.229	0.187	0.130	0.130	0.125	0.118	0.115	0.115	0.113	0.117	0.190	0.189	0.209	0.178	0.115	0.115	0.118	0.118	0.119	0.120	0.115	0.117	0.264	0.202	0.213	0.179	0.119	0.115	0.115	0.113	0.114	0.116	0.113	0.113
30:00:02	0.218	0.228	0.222	0.175	0.114	0.114	0.114	0.115	0.114	0.115	0.114	0.113	0.196	0.207	0.215	0.182	0.114	0.114	0.114	0.115	0.116	0.116	0.114	0.113	0.190	0.202	0.229	0.181	0.117	0.116	0.114	0.114	0.114	0.114	0.114	0.115	0.188	0.202	0.233	0.196	0.124	0.126	0.119	0.115	0.114	0.114	0.115	0.112	0.187	0.208	0.237	0.207	0.134	0.132	0.126	0.121	0.116	0.115	0.116	0.114	0.181	0.194	0.231	0.185	0.130	0.130	0.125	0.118	0.115	0.115	0.113	0.117	0.190	0.188	0.209	0.178	0.115	0.115	0.118	0.118	0.119	0.120	0.115	0.117	0.264	0.201	0.214	0.183	0.119	0.116	0.115	0.113	0.114	0.116	0.113	0.113
30:20:02	0.219	0.229	0.223	0.175	0.113	0.114	0.114	0.115	0.114	0.115	0.114	0.113	0.196	0.208	0.215	0.182	0.114	0.114	0.114	0.115	0.116	0.116	0.114	0.113	0.189	0.201	0.229	0.180	0.117	0.116	0.114	0.114	0.114	0.114	0.114	0.115	0.187	0.201	0.233	0.197	0.124	0.126	0.119	0.115	0.114	0.114	0.114	0.112	0.187	0.207	0.237	0.207	0.134	0.132	0.126	0.121	0.116	0.115	0.116	0.114	0.180	0.193	0.231	0.187	0.130	0.130	0.125	0.118	0.115	0.115	0.113	0.117	0.190	0.188	0.210	0.178	0.115	0.115	0.118	0.118	0.119	0.120	0.115	0.117	0.266	0.201	0.214	0.183	0.119	0.116	0.115	0.113	0.114	0.116	0.113	0.113
30:40:02	0.220	0.229	0.223	0.175	0.114	0.113	0.114	0.115	0.114	0.115	0.114	0.113	0.196	0.209	0.215	0.183	0.114	0.114	0.114	0.115	0.116	0.115	0.114	0.113	0.189	0.200	0.228	0.181	0.117	0.116	0.114	0.114	0.114	0.114	0.114	0.115	0.187	0.200	0.234	0.197	0.124	0.126	0.119	0.115	0.114	0.114	0.114	0.112	0.186	0.206	0.236	0.208	0.134	0.132	0.126	0.121	0.116	0.115	0.116	0.114	0.180	0.193	0.231	0.187	0.130	0.130	0.126	0.118	0.115	0.115	0.113	0.117	0.189	0.187	0.208	0.179	0.115	0.115	0.118	0.118	0.119	0.120	0.115	0.117	0.268	0.201	0.214	0.183	0.119	0.116	0.116	0.113	0.114	0.116	0.113	0.113
31:00:02	0.220	0.230	0.224	0.176	0.113	0.114	0.114	0.115	0.114	0.115	0.114	0.113	0.196	0.209	0.216	0.183	0.114	0.114	0.114	0.115	0.116	0.116	0.114	0.113	0.188	0.200	0.229	0.182	0.117	0.116	0.114	0.114	0.114	0.114	0.114	0.115	0.187	0.200	0.234	0.198	0.124	0.126	0.119	0.115	0.114	0.114	0.114	0.113	0.185	0.206	0.236	0.208	0.134	0.133	0.126	0.121	0.116	0.115	0.116	0.114	0.179	0.192	0.232	0.188	0.130	0.131	0.126	0.118	0.115	0.115	0.113	0.117	0.189	0.187	0.207	0.179	0.115	0.115	0.118	0.118	0.119	0.120	0.115	0.117	0.271	0.201	0.213	0.184	0.119	0.116	0.115	0.113	0.114	0.116	0.113	0.113
31:20:02	0.221	0.230	0.224	0.175	0.113	0.113	0.114	0.115	0.114	0.115	0.114	0.113	0.196	0.209	0.215	0.182	0.114	0.114	0.114	0.115	0.115	0.116	0.114	0.113	0.187	0.199	0.229	0.180	0.117	0.116	0.114	0.114	0.114	0.114	0.114	0.115	0.186	0.198	0.233	0.198	0.123	0.125	0.119	0.114	0.114	0.114	0.114	0.112	0.185	0.204	0.236	0.208	0.133	0.132	0.125	0.120	0.115	0.115	0.116	0.114	0.179	0.191	0.232	0.188	0.130	0.130	0.125	0.117	0.115	0.115	0.113	0.117	0.188	0.186	0.209	0.179	0.115	0.115	0.118	0.118	0.119	0.120	0.115	0.117	0.273	0.201	0.214	0.181	0.119	0.116	0.115	0.113	0.114	0.116	0.113	0.113
31:40:02	0.220	0.229	0.224	0.176	0.113	0.114	0.114	0.115	0.114	0.115	0.114	0.113	0.195	0.210	0.215	0.182	0.114	0.114	0.114	0.115	0.116	0.116	0.114	0.113	0.187	0.199	0.228	0.179	0.117	0.115	0.114	0.114	0.114	0.114	0.114	0.115	0.185	0.196	0.232	0.197	0.122	0.124	0.118	0.114	0.114	0.114	0.114	0.112	0.184	0.203	0.236	0.207	0.132	0.131	0.124	0.120	0.115	0.115	0.116	0.114	0.178	0.190	0.230	0.187	0.129	0.128	0.124	0.117	0.115	0.115	0.113	0.117	0.188	0.185	0.210	0.178	0.115	0.114	0.118	0.118	0.119	0.120	0.115	0.117	0.274	0.201	0.214	0.183	0.119	0.115	0.115	0.113	0.114	0.116	0.113	0.113
32:00:02	0.221	0.229	0.225	0.175	0.113	0.114	0.114	0.115	0.114	0.115	0.114	0.113	0.194	0.210	0.216	0.183	0.114	0.114	0.114	0.115	0.115	0.116	0.114	0.113	0.186	0.198	0.227	0.179	0.116	0.115	0.114	0.114	0.114	0.114	0.114	0.115	0.185	0.195	0.232	0.195	0.121	0.122	0.118	0.114	0.114	0.114	0.114	0.112	0.184	0.200	0.235	0.207	0.130	0.129	0.123	0.119	0.115	0.115	0.116	0.114	0.177	0.188	0.229	0.186	0.127	0.127	0.122	0.117	0.115	0.114	0.113	0.117	0.187	0.185	0.210	0.178	0.115	0.114	0.118	0.118	0.119	0.120	0.115	0.117	0.277	0.201	0.214	0.182	0.119	0.115	0.115	0.113	0.114	0.116	0.113	0.113
32:20:02	0.222	0.229	0.224	0.176	0.113	0.114	0.114	0.115	0.114	0.115	0.114	0.113	0.195	0.211	0.214	0.183	0.114	0.114	0.114	0.115	0.115	0.116	0.114	0.113	0.185	0.197	0.227	0.179	0.116	0.115	0.114	0.114	0.114	0.114	0.114	0.115	0.184	0.194	0.231	0.194	0.120	0.121	0.117	0.114	0.114	0.114	0.114	0.113	0.183	0.199	0.234	0.206	0.128	0.127	0.122	0.119	0.115	0.114	0.116	0.114	0.177	0.187	0.228	0.183	0.125	0.125	0.121	0.117	0.115	0.115	0.113	0.117	0.187	0.184	0.209	0.178	0.115	0.114	0.118	0.118	0.119	0.120	0.115	0.117	0.279	0.201	0.213	0.184	0.119	0.115	0.115	0.113	0.114	0.116	0.113	0.113
32:40:02	0.223	0.229	0.224	0.175	0.113	0.114	0.114	0.115	0.114	0.115	0.114	0.113	0.196	0.210	0.216	0.183	0.114	0.114	0.114	0.115	0.115	0.116	0.114	0.113	0.185	0.196	0.227	0.179	0.116	0.115	0.114	0.114	0.114	0.114	0.114	0.115	0.184	0.193	0.230	0.195	0.120	0.121	0.117	0.114	0.114	0.114	0.114	0.112	0.182	0.198	0.233	0.204	0.127	0.126	0.121	0.118	0.115	0.114	0.116	0.114	0.177	0.186	0.227	0.184	0.124	0.124	0.121	0.116	0.115	0.115	0.113	0.117	0.186	0.184	0.209	0.178	0.115	0.114	0.118	0.118	0.119	0.120	0.115	0.117	0.280	0.202	0.214	0.183	0.119	0.115	0.115	0.113	0.114	0.116	0.113	0.113
33:00:02	0.226	0.230	0.225	0.176	0.113	0.114	0.114	0.115	0.114	0.115	0.114	0.113	0.198	0.211	0.214	0.184	0.114	0.114	0.114	0.115	0.115	0.116	0.114	0.113	0.185	0.196	0.228	0.179	0.116	0.115	0.114	0.114	0.114	0.114	0.114	0.115	0.184	0.193	0.230	0.195	0.120	0.121	0.117	0.114	0.114	0.114	0.114	0.112	0.182	0.198	0.232	0.204	0.127	0.126	0.121	0.118	0.115	0.114	0.116	0.114	0.176	0.186	0.225	0.183	0.124	0.124	0.120	0.116	0.115	0.115	0.113	0.117	0.186	0.184	0.209	0.178	0.115	0.114	0.118	0.118	0.119	0.120	0.115	0.117	0.282	0.203	0.215	0.182	0.119	0.115	0.115	0.113	0.114	0.116	0.113	0.113
33:20:02	0.231	0.234	0.225	0.177	0.113	0.114	0.114	0.115	0.114	0.115	0.113	0.113	0.204	0.218	0.215	0.186	0.114	0.114	0.114	0.115	0.115	0.116	0.114	0.113	0.186	0.199	0.230	0.180	0.117	0.115	0.114	0.114	0.114	0.114	0.114	0.115	0.185	0.197	0.232	0.199	0.122	0.123	0.118	0.114	0.114	0.114	0.114	0.112	0.182	0.201	0.233	0.207	0.130	0.129	0.123	0.119	0.115	0.115	0.116	0.114	0.176	0.187	0.228	0.185	0.127	0.127	0.123	0.117	0.115	0.114	0.113	0.117	0.186	0.183	0.209	0.178	0.115	0.114	0.118	0.118	0.119	0.120	0.115	0.116	0.287	0.206	0.214	0.184	0.120	0.115	0.115	0.113	0.113	0.116	0.113	0.113
33:40:02	0.229	0.232	0.225	0.176	0.113	0.114	0.114	0.115	0.114	0.115	0.113	0.113	0.203	0.216	0.214	0.185	0.114	0.114	0.114	0.115	0.115	0.116	0.114	0.113	0.184	0.197	0.229	0.182	0.117	0.116	0.114	0.114	0.114	0.114	0.114	0.115	0.184	0.194	0.233	0.198	0.122	0.124	0.118	0.115	0.114	0.114	0.114	0.113	0.181	0.199	0.235	0.208	0.130	0.130	0.124	0.120	0.115	0.115	0.116	0.114	0.176	0.187	0.229	0.187	0.128	0.128	0.123	0.117	0.115	0.115	0.113	0.117	0.185	0.183	0.210	0.179	0.115	0.114	0.118	0.118	0.119	0.120	0.115	0.117	0.289	0.208	0.214	0.184	0.119	0.115	0.115	0.113	0.113	0.116	0.113	0.113
34:00:02	0.231	0.233	0.225	0.177	0.113	0.114	0.114	0.115	0.114	0.115	0.113	0.113	0.205	0.217	0.215	0.185	0.114	0.114	0.114	0.115	0.115	0.116	0.114	0.113	0.184	0.196	0.229	0.183	0.117	0.116	0.114	0.114	0.114	0.114	0.114	0.115	0.183	0.194	0.233	0.198	0.122	0.124	0.119	0.115	0.114	0.114	0.114	0.112	0.181	0.199	0.235	0.209	0.131	0.130	0.124	0.120	0.115	0.115	0.116	0.114	0.176	0.187	0.228	0.187	0.128	0.128	0.124	0.117	0.115	0.115	0.113	0.117	0.185	0.182	0.210	0.180	0.115	0.114	0.118	0.118	0.119	0.120	0.115	0.117	0.292	0.211	0.214	0.184	0.119	0.115	0.115	0.113	0.113	0.116	0.113	0.113
34:20:02	0.235	0.235	0.226	0.177	0.113	0.114	0.114	0.115	0.114	0.115	0.113	0.113	0.210	0.223	0.216	0.186	0.114	0.114	0.114	0.115	0.115	0.116	0.114	0.113	0.185	0.199	0.231	0.184	0.117	0.116	0.114	0.114	0.114	0.114	0.114	0.115	0.184	0.198	0.235	0.201	0.124	0.126	0.119	0.115	0.114	0.114	0.114	0.113	0.182	0.201	0.236	0.211	0.132	0.131	0.126	0.120	0.116	0.115	0.116	0.114	0.175	0.188	0.232	0.188	0.129	0.129	0.125	0.118	0.115	0.115	0.113	0.117	0.185	0.182	0.210	0.180	0.115	0.114	0.118	0.118	0.119	0.120	0.115	0.117	0.297	0.214	0.214	0.182	0.119	0.115	0.115	0.113	0.113	0.116	0.114	0.113
34:40:02	0.233	0.234	0.225	0.177	0.113	0.114	0.114	0.115	0.114	0.115	0.113	0.113	0.209	0.220	0.215	0.185	0.114	0.114	0.114	0.115	0.115	0.116	0.114	0.113	0.184	0.195	0.231	0.183	0.117	0.116	0.114	0.114	0.114	0.114	0.114	0.115	0.183	0.195	0.235	0.201	0.124	0.126	0.119	0.115	0.114	0.114	0.114	0.112	0.181	0.199	0.237	0.212	0.133	0.132	0.126	0.121	0.116	0.115	0.116	0.114	0.175	0.187	0.232	0.189	0.130	0.130	0.125	0.118	0.115	0.114	0.113	0.117	0.185	0.181	0.209	0.180	0.115	0.114	0.118	0.118	0.119	0.120	0.115	0.117	0.298	0.216	0.213	0.184	0.119	0.115	0.115	0.113	0.113	0.116	0.113	0.113
35:00:02	0.234	0.234	0.226	0.177	0.113	0.114	0.114	0.115	0.114	0.115	0.113	0.113	0.211	0.220	0.215	0.186	0.114	0.114	0.114	0.115	0.115	0.116	0.114	0.113	0.183	0.194	0.231	0.184	0.117	0.116	0.114	0.114	0.114	0.114	0.114	0.115	0.183	0.194	0.235	0.202	0.124	0.126	0.119	0.115	0.114	0.114	0.114	0.112	0.180	0.199	0.238	0.212	0.133	0.132	0.126	0.121	0.116	0.115	0.116	0.114	0.175	0.186	0.232	0.188	0.130	0.130	0.126	0.118	0.115	0.114	0.113	0.117	0.184	0.181	0.210	0.180	0.115	0.114	0.118	0.118	0.119	0.120	0.115	0.117	0.300	0.217	0.214	0.184	0.119	0.115	0.115	0.113	0.113	0.116	0.114	0.113
35:20:02	0.235	0.234	0.226	0.177	0.113	0.114	0.114	0.115	0.114	0.115	0.113	0.113	0.212	0.221	0.215	0.186	0.114	0.114	0.114	0.115	0.115	0.116	0.114	0.113	0.183	0.193	0.231	0.183	0.117	0.116	0.114	0.114	0.114	0.114	0.114	0.115	0.183	0.195	0.236	0.201	0.124	0.126	0.119	0.115	0.114	0.114	0.114	0.112	0.180	0.198	0.238	0.213	0.133	0.132	0.126	0.121	0.116	0.115	0.116	0.114	0.174	0.186	0.233	0.189	0.130	0.130	0.125	0.118	0.115	0.115	0.113	0.117	0.185	0.180	0.209	0.180	0.115	0.114	0.118	0.118	0.119	0.120	0.115	0.117	0.303	0.220	0.214	0.182	0.119	0.115	0.115	0.113	0.113	0.116	0.114	0.113
35:40:02	0.238	0.237	0.227	0.178	0.113	0.114	0.114	0.115	0.114	0.115	0.113	0.113	0.217	0.226	0.216	0.187	0.114	0.114	0.114	0.115	0.115	0.116	0.114	0.113	0.185	0.195	0.233	0.185	0.118	0.116	0.114	0.114	0.114	0.114	0.114	0.115	0.184	0.197	0.237	0.205	0.125	0.127	0.120	0.115	0.114	0.114	0.114	0.112	0.181	0.201	0.239	0.214	0.134	0.133	0.127	0.122	0.116	0.115	0.116	0.114	0.174	0.187	0.233	0.190	0.132	0.132	0.127	0.119	0.116	0.115	0.113	0.117	0.185	0.180	0.209	0.180	0.115	0.114	0.118	0.118	0.119	0.120	0.115	0.116	0.307	0.223	0.214	0.181	0.119	0.115	0.115	0.113	0.113	0.116	0.114	0.113
36:00:02	0.237	0.235	0.226	0.178	0.114	0.114	0.114	0.115	0.114	0.115	0.113	0.113	0.213	0.223	0.216	0.186	0.114	0.114	0.114	0.115	0.115	0.116	0.114	0.113	0.183	0.193	0.232	0.184	0.118	0.116	0.114	0.114	0.114	0.114	0.114	0.115	0.182	0.194	0.238	0.204	0.125	0.128	0.120	0.115	0.114	0.114	0.114	0.112	0.179	0.199	0.241	0.214	0.135	0.134	0.127	0.122	0.116	0.115	0.116	0.114	0.174	0.186	0.234	0.190	0.132	0.132	0.127	0.119	0.116	0.115	0.113	0.117	0.186	0.180	0.210	0.180	0.115	0.114	0.118	0.118	0.119	0.120	0.115	0.117	0.308	0.223	0.213	0.185	0.119	0.115	0.115	0.113	0.113	0.116	0.114	0.113
36:20:02	0.237	0.236	0.227	0.179	0.114	0.114	0.114	0.115	0.114	0.115	0.113	0.113	0.214	0.225	0.215	0.187	0.114	0.114	0.114	0.115	0.115	0.116	0.114	0.113	0.183	0.193	0.232	0.186	0.118	0.116	0.114	0.114	0.114	0.114	0.114	0.115	0.183	0.194	0.238	0.204	0.126	0.128	0.120	0.115	0.114	0.114	0.114	0.112	0.179	0.198	0.240	0.212	0.135	0.134	0.128	0.122	0.116	0.115	0.116	0.114	0.173	0.185	0.234	0.191	0.132	0.132	0.127	0.119	0.116	0.115	0.113	0.117	0.186	0.179	0.210	0.181	0.115	0.114	0.118	0.118	0.119	0.120	0.115	0.116	0.310	0.226	0.214	0.185	0.119	0.116	0.115	0.113	0.113	0.116	0.114	0.113
36:40:02	0.237	0.236	0.226	0.179	0.114	0.114	0.114	0.115	0.114	0.115	0.113	0.113	0.214	0.225	0.216	0.187	0.114	0.114	0.114	0.115	0.115	0.116	0.114	0.113	0.183	0.192	0.233	0.186	0.118	0.116	0.114	0.114	0.114	0.114	0.114	0.115	0.183	0.194	0.239	0.205	0.126	0.128	0.120	0.115	0.114	0.114	0.114	0.112	0.179	0.198	0.241	0.216	0.136	0.134	0.128	0.122	0.116	0.115	0.116	0.114	0.173	0.185	0.235	0.192	0.132	0.132	0.127	0.119	0.116	0.115	0.113	0.117	0.187	0.179	0.210	0.181	0.115	0.114	0.118	0.118	0.119	0.120	0.115	0.116	0.313	0.227	0.214	0.183	0.119	0.116	0.115	0.113	0.113	0.116	0.114	0.113
37:00:02	0.238	0.237	0.227	0.179	0.114	0.114	0.114	0.115	0.114	0.115	0.113	0.113	0.214	0.225	0.215	0.187	0.114	0.114	0.114	0.115	0.115	0.116	0.114	0.113	0.182	0.193	0.233	0.187	0.118	0.117	0.115	0.114	0.114	0.114	0.114	0.115	0.182	0.195	0.239	0.205	0.126	0.129	0.121	0.115	0.114	0.114	0.114	0.112	0.178	0.198	0.241	0.216	0.136	0.135	0.128	0.122	0.116	0.115	0.116	0.114	0.173	0.185	0.235	0.192	0.133	0.133	0.128	0.120	0.116	0.115	0.113	0.117	0.188	0.178	0.209	0.181	0.115	0.114	0.118	0.118	0.119	0.120	0.115	0.116	0.314	0.230	0.214	0.186	0.119	0.115	0.115	0.113	0.113	0.116	0.114	0.113
37:20:02	0.239	0.237	0.227	0.179	0.114	0.114	0.114	0.115	0.114	0.115	0.113	0.113	0.217	0.226	0.214	0.187	0.114	0.114	0.114	0.115	0.115	0.116	0.114	0.113	0.182	0.193	0.234	0.187	0.118	0.117	0.115	0.114	0.114	0.114	0.114	0.115	0.182	0.194	0.239	0.206	0.127	0.129	0.121	0.115	0.115	0.114	0.114	0.112	0.178	0.198	0.242	0.217	0.137	0.136	0.129	0.123	0.117	0.115	0.116	0.114	0.172	0.185	0.235	0.193	0.134	0.134	0.129	0.120	0.116	0.115	0.113	0.116	0.190	0.178	0.210	0.182	0.115	0.114	0.118	0.118	0.119	0.120	0.115	0.116	0.317	0.231	0.214	0.184	0.119	0.115	0.115	0.113	0.113	0.116	0.113	0.113
37:40:02	0.239	0.238	0.228	0.179	0.114	0.114	0.114	0.115	0.114	0.115	0.114	0.113	0.220	0.226	0.214	0.188	0.114	0.114	0.114	0.115	0.115	0.116	0.115	0.113	0.181	0.193	0.235	0.188	0.118	0.117	0.115	0.114	0.114	0.114	0.114	0.115	0.182	0.194	0.240	0.205	0.127	0.130	0.121	0.116	0.115	0.114	0.114	0.112	0.178	0.198	0.242	0.218	0.137	0.136	0.129	0.123	0.117	0.115	0.116	0.114	0.172	0.185	0.236	0.193	0.134	0.134	0.129	0.120	0.116	0.115	0.113	0.117	0.193	0.178	0.203	0.181	0.115	0.115	0.118	0.118	0.119	0.120	0.115	0.117	0.319	0.233	0.214	0.185	0.119	0.115	0.115	0.113	0.113	0.116	0.114	0.113
38:00:02	0.240	0.239	0.227	0.181	0.114	0.114	0.114	0.115	0.114	0.115	0.113	0.113	0.221	0.227	0.215	0.188	0.114	0.114	0.114	0.115	0.115	0.116	0.115	0.113	0.181	0.194	0.232	0.188	0.118	0.117	0.115	0.114	0.114	0.114	0.114	0.115	0.182	0.194	0.240	0.207	0.127	0.130	0.121	0.116	0.115	0.114	0.114	0.113	0.177	0.198	0.243	0.215	0.138	0.137	0.130	0.123	0.117	0.115	0.116	0.114	0.172	0.184	0.235	0.194	0.134	0.135	0.129	0.121	0.116	0.115	0.113	0.117	0.194	0.177	0.208	0.181	0.115	0.115	0.118	0.118	0.119	0.120	0.115	0.117	0.322	0.235	0.214	0.187	0.119	0.115	0.115	0.113	0.113	0.116	0.114	0.113
38:20:02	0.241	0.240	0.228	0.180	0.114	0.114	0.114	0.115	0.114	0.115	0.113	0.113	0.223	0.228	0.215	0.188	0.114	0.114	0.114	0.115	0.115	0.116	0.114	0.113	0.181	0.194	0.236	0.189	0.118	0.117	0.115	0.114	0.114	0.114	0.114	0.115	0.182	0.194	0.241	0.206	0.128	0.130	0.121	0.116	0.115	0.114	0.114	0.112	0.178	0.198	0.243	0.219	0.138	0.137	0.130	0.124	0.117	0.115	0.116	0.114	0.171	0.184	0.236	0.194	0.135	0.134	0.129	0.121	0.116	0.115	0.113	0.117	0.193	0.177	0.216	0.181	0.115	0.115	0.118	0.118	0.119	0.120	0.115	0.117	0.324	0.237	0.214	0.187	0.119	0.115	0.115	0.113	0.113	0.116	0.114	0.113
38:40:02	0.241	0.240	0.227	0.180	0.114	0.114	0.114	0.115	0.115	0.115	0.113	0.113	0.224	0.228	0.215	0.188	0.114	0.114	0.114	0.115	0.115	0.116	0.115	0.113	0.180	0.194	0.236	0.190	0.119	0.117	0.115	0.114	0.114	0.114	0.114	0.115	0.182	0.194	0.241	0.207	0.128	0.131	0.122	0.116	0.115	0.114	0.114	0.112	0.177	0.198	0.243	0.218	0.138	0.137	0.130	0.124	0.117	0.115	0.116	0.114	0.171	0.185	0.237	0.194	0.135	0.135	0.130	0.122	0.117	0.115	0.113	0.117	0.193	0.176	0.215	0.182	0.115	0.115	0.118	0.118	0.119	0.120	0.115	0.117	0.326	0.238	0.213	0.186	0.119	0.115	0.115	0.113	0.113	0.116	0.114	0.113
39:00:02	0.242	0.241	0.227	0.181	0.114	0.114	0.114	0.115	0.115	0.115	0.113	0.113	0.224	0.228	0.214	0.189	0.114	0.114	0.114	0.115	0.115	0.116	0.115	0.113	0.179	0.194	0.236	0.189	0.119	0.117	0.115	0.114	0.114	0.114	0.114	0.115	0.182	0.193	0.244	0.207	0.128	0.131	0.122	0.116	0.115	0.114	0.114	0.112	0.177	0.197	0.243	0.218	0.138	0.137	0.130	0.124	0.117	0.115	0.116	0.114	0.171	0.184	0.237	0.195	0.136	0.136	0.130	0.122	0.117	0.115	0.113	0.117	0.192	0.176	0.217	0.182	0.115	0.115	0.118	0.118	0.119	0.120	0.115	0.116	0.329	0.239	0.214	0.187	0.119	0.115	0.115	0.113	0.113	0.116	0.114	0.113
39:20:02	0.243	0.241	0.228	0.180	0.114	0.114	0.114	0.115	0.115	0.115	0.113	0.113	0.224	0.230	0.214	0.188	0.114	0.114	0.114	0.115	0.115	0.116	0.115	0.113	0.178	0.193	0.235	0.189	0.118	0.117	0.115	0.114	0.114	0.114	0.114	0.115	0.182	0.192	0.246	0.207	0.128	0.130	0.122	0.116	0.115	0.114	0.114	0.112	0.176	0.196	0.244	0.218	0.138	0.137	0.129	0.123	0.117	0.115	0.116	0.114	0.171	0.183	0.237	0.195	0.135	0.135	0.129	0.121	0.116	0.115	0.113	0.117	0.192	0.175	0.211	0.182	0.115	0.114	0.118	0.118	0.119	0.120	0.115	0.116	0.331	0.240	0.213	0.186	0.119	0.115	0.115	0.114	0.113	0.116	0.114	0.113
39:40:02	0.245	0.243	0.228	0.183	0.114	0.114	0.114	0.115	0.115	0.115	0.113	0.113	0.229	0.233	0.215	0.190	0.114	0.114	0.114	0.115	0.115	0.116	0.115	0.113	0.180	0.195	0.235	0.191	0.118	0.117	0.115	0.114	0.114	0.114	0.114	0.115	0.184	0.193	0.243	0.209	0.127	0.129	0.121	0.115	0.115	0.114	0.114	0.112	0.176	0.197	0.243	0.220	0.137	0.136	0.129	0.123	0.117	0.115	0.116	0.114	0.171	0.183	0.236	0.194	0.134	0.134	0.128	0.120	0.116	0.115	0.113	0.117	0.194	0.175	0.213	0.181	0.115	0.114	0.118	0.118	0.119	0.120	0.115	0.116	0.334	0.244	0.214	0.186	0.119	0.115	0.115	0.114	0.113	0.116	0.113	0.113
40:00:02	0.245	0.243	0.228	0.183	0.114	0.114	0.114	0.115	0.115	0.115	0.113	0.113	0.229	0.233	0.216	0.190	0.114	0.114	0.114	0.115	0.115	0.116	0.114	0.113	0.180	0.195	0.234	0.190	0.118	0.117	0.115	0.114	0.114	0.114	0.114	0.115	0.184	0.193	0.241	0.209	0.126	0.128	0.121	0.115	0.115	0.114	0.114	0.112	0.176	0.197	0.243	0.218	0.136	0.134	0.128	0.122	0.117	0.115	0.116	0.114	0.170	0.182	0.235	0.192	0.133	0.132	0.127	0.120	0.116	0.115	0.113	0.117	0.194	0.175	0.216	0.181	0.115	0.114	0.118	0.118	0.119	0.120	0.115	0.116	0.336	0.246	0.213	0.186	0.119	0.115	0.115	0.114	0.113	0.116	0.114	0.113
40:20:02	0.244	0.242	0.227	0.183	0.114	0.114	0.114	0.115	0.115	0.115	0.113	0.113	0.227	0.230	0.214	0.189	0.114	0.114	0.114	0.115	0.114	0.116	0.114	0.113	0.179	0.192	0.233	0.188	0.118	0.116	0.115	0.114	0.114	0.114	0.114	0.115	0.182	0.189	0.240	0.207	0.125	0.127	0.120	0.115	0.114	0.114	0.114	0.112	0.174	0.193	0.242	0.218	0.134	0.132	0.127	0.121	0.116	0.115	0.116	0.114	0.170	0.180	0.234	0.193	0.131	0.131	0.126	0.119	0.116	0.115	0.113	0.117	0.192	0.174	0.213	0.180	0.115	0.114	0.118	0.118	0.119	0.120	0.115	0.116	0.335	0.246	0.214	0.188	0.119	0.115	0.115	0.113	0.113	0.116	0.113	0.113
40:40:03	0.245	0.242	0.228	0.182	0.114	0.114	0.114	0.115	0.115	0.115	0.113	0.113	0.228	0.232	0.214	0.190	0.114	0.114	0.114	0.115	0.114	0.116	0.114	0.113	0.179	0.191	0.233	0.190	0.118	0.116	0.115	0.114	0.114	0.114	0.114	0.114	0.183	0.189	0.242	0.205	0.125	0.127	0.120	0.115	0.114	0.114	0.114	0.112	0.174	0.193	0.242	0.217	0.133	0.131	0.126	0.121	0.116	0.115	0.116	0.114	0.170	0.180	0.233	0.192	0.130	0.130	0.126	0.119	0.116	0.115	0.113	0.117	0.193	0.174	0.211	0.180	0.115	0.114	0.118	0.118	0.119	0.120	0.115	0.116	0.337	0.248	0.214	0.191	0.119	0.115	0.115	0.114	0.113	0.116	0.113	0.113
41:00:03	0.245	0.242	0.226	0.183	0.114	0.114	0.114	0.115	0.115	0.115	0.113	0.113	0.229	0.232	0.215	0.189	0.114	0.114	0.114	0.115	0.114	0.116	0.114	0.113	0.179	0.191	0.233	0.189	0.118	0.116	0.115	0.114	0.114	0.114	0.114	0.114	0.183	0.188	0.239	0.207	0.124	0.126	0.120	0.115	0.114	0.114	0.114	0.112	0.173	0.192	0.241	0.217	0.132	0.131	0.126	0.121	0.116	0.115	0.116	0.114	0.170	0.180	0.233	0.192	0.130	0.130	0.126	0.119	0.116	0.115	0.113	0.117	0.193	0.173	0.213	0.180	0.115	0.114	0.118	0.118	0.119	0.120	0.115	0.116	0.337	0.250	0.214	0.190	0.119	0.115	0.115	0.114	0.113	0.116	0.113	0.113
41:20:03	0.246	0.243	0.221	0.184	0.114	0.113	0.114	0.115	0.115	0.115	0.113	0.113	0.230	0.232	0.214	0.190	0.114	0.114	0.114	0.115	0.114	0.116	0.114	0.113	0.179	0.191	0.233	0.190	0.118	0.116	0.115	0.114	0.114	0.114	0.114	0.114	0.183	0.187	0.240	0.207	0.125	0.127	0.120	0.115	0.114	0.114	0.114	0.112	0.173	0.193	0.241	0.216	0.131	0.131	0.127	0.122	0.116	0.115	0.116	0.114	0.169	0.179	0.233	0.191	0.129	0.130	0.126	0.119	0.116	0.115	0.113	0.117	0.195	0.173	0.214	0.181	0.115	0.114	0.118	0.118	0.119	0.120	0.115	0.116	0.338	0.252	0.214	0.191	0.119	0.115	0.115	0.114	0.113	0.116	0.113	0.113
41:40:03	0.246	0.244	0.224	0.183	0.114	0.113	0.114	0.115	0.115	0.115	0.113	0.113	0.230	0.233	0.214	0.190	0.114	0.114	0.114	0.115	0.114	0.116	0.114	0.113	0.178	0.191	0.233	0.190	0.118	0.116	0.115	0.114	0.114	0.115	0.114	0.114	0.184	0.186	0.241	0.207	0.124	0.125	0.119	0.115	0.114	0.114	0.114	0.112	0.173	0.192	0.240	0.214	0.130	0.130	0.125	0.120	0.116	0.115	0.116	0.114	0.169	0.178	0.232	0.189	0.128	0.129	0.125	0.118	0.115	0.115	0.113	0.117	0.196	0.173	0.215	0.180	0.115	0.114	0.118	0.118	0.119	0.120	0.115	0.116	0.339	0.253	0.214	0.192	0.119	0.115	0.115	0.114	0.113	0.116	0.113	0.113
42:00:03	0.247	0.244	0.228	0.185	0.114	0.113	0.114	0.115	0.115	0.115	0.113	0.113	0.231	0.233	0.214	0.191	0.114	0.114	0.114	0.115	0.114	0.116	0.114	0.113	0.178	0.191	0.233	0.191	0.118	0.116	0.115	0.114	0.114	0.114	0.114	0.114	0.185	0.186	0.239	0.206	0.124	0.126	0.119	0.115	0.114	0.114	0.114	0.112	0.172	0.191	0.240	0.216	0.130	0.130	0.126	0.121	0.116	0.114	0.116	0.114	0.169	0.178	0.232	0.191	0.129	0.129	0.125	0.118	0.115	0.115	0.113	0.117	0.198	0.172	0.216	0.180	0.115	0.114	0.118	0.118	0.119	0.119	0.115	0.116	0.340	0.255	0.214	0.193	0.119	0.115	0.115	0.114	0.113	0.116	0.113	0.113
42:20:03	0.247	0.245	0.225	0.185	0.114	0.113	0.114	0.114	0.115	0.115	0.113	0.113	0.231	0.233	0.214	0.192	0.114	0.114	0.114	0.114	0.114	0.116	0.114	0.113	0.178	0.191	0.232	0.190	0.117	0.116	0.115	0.114	0.114	0.115	0.114	0.114	0.185	0.185	0.239	0.207	0.123	0.125	0.119	0.115	0.114	0.114	0.114	0.112	0.172	0.191	0.239	0.216	0.129	0.129	0.125	0.120	0.116	0.114	0.116	0.114	0.169	0.177	0.232	0.191	0.128	0.128	0.124	0.118	0.115	0.114	0.113	0.116	0.198	0.172	0.213	0.180	0.115	0.114	0.118	0.118	0.119	0.120	0.115	0.116	0.340	0.256	0.214	0.194	0.119	0.115	0.115	0.113	0.113	0.116	0.113	0.113
42:40:03	0.250	0.247	0.230	0.187	0.114	0.114	0.114	0.115	0.115	0.114	0.113	0.113	0.234	0.237	0.215	0.194	0.114	0.114	0.114	0.115	0.114	0.116	0.115	0.113	0.179	0.194	0.233	0.193	0.117	0.116	0.115	0.114	0.114	0.115	0.114	0.114	0.189	0.187	0.238	0.208	0.123	0.124	0.119	0.114	0.114	0.114	0.114	0.112	0.173	0.192	0.239	0.216	0.129	0.129	0.124	0.120	0.116	0.115	0.116	0.114	0.170	0.178	0.232	0.191	0.128	0.127	0.124	0.118	0.115	0.115	0.113	0.117	0.201	0.172	0.215	0.179	0.115	0.114	0.118	0.118	0.119	0.120	0.115	0.116	0.343	0.260	0.214	0.191	0.120	0.115	0.115	0.114	0.113	0.116	0.113	0.113
43:00:03	0.249	0.246	0.233	0.185	0.114	0.113	0.114	0.114	0.115	0.115	0.113	0.113	0.232	0.235	0.214	0.192	0.114	0.114	0.114	0.115	0.114	0.116	0.114	0.113	0.176	0.190	0.232	0.190	0.117	0.116	0.115	0.114	0.114	0.115	0.114	0.114	0.185	0.183	0.238	0.206	0.122	0.123	0.118	0.115	0.114	0.114	0.114	0.112	0.171	0.189	0.238	0.215	0.128	0.128	0.123	0.120	0.115	0.114	0.116	0.114	0.169	0.176	0.230	0.191	0.126	0.126	0.123	0.117	0.115	0.115	0.113	0.117	0.200	0.172	0.214	0.180	0.115	0.114	0.118	0.118	0.119	0.120	0.115	0.116	0.341	0.260	0.213	0.193	0.119	0.115	0.115	0.114	0.113	0.116	0.113	0.113
43:20:03	0.250	0.247	0.227	0.185	0.114	0.113	0.114	0.114	0.115	0.115	0.113	0.113	0.232	0.236	0.214	0.191	0.114	0.114	0.114	0.115	0.114	0.116	0.114	0.113	0.176	0.189	0.232	0.189	0.117	0.116	0.115	0.114	0.114	0.115	0.114	0.114	0.185	0.183	0.237	0.207	0.121	0.122	0.118	0.114	0.114	0.114	0.114	0.112	0.170	0.187	0.237	0.214	0.127	0.127	0.122	0.119	0.115	0.114	0.116	0.114	0.169	0.175	0.230	0.190	0.125	0.126	0.122	0.117	0.115	0.115	0.113	0.117	0.200	0.171	0.214	0.179	0.115	0.114	0.118	0.118	0.119	0.120	0.115	0.116	0.341	0.261	0.214	0.193	0.119	0.115	0.115	0.114	0.113	0.116	0.113	0.113
43:40:03	0.250	0.247	0.232	0.184	0.114	0.113	0.113	0.114	0.115	0.115	0.113	0.113	0.232	0.236	0.215	0.191	0.114	0.114	0.114	0.115	0.114	0.116	0.114	0.113	0.175	0.189	0.231	0.187	0.117	0.115	0.114	0.114	0.114	0.115	0.114	0.114	0.185	0.181	0.236	0.205	0.121	0.122	0.117	0.114	0.114	0.114	0.114	0.112	0.170	0.186	0.236	0.214	0.126	0.126	0.122	0.119	0.115	0.114	0.116	0.114	0.169	0.174	0.229	0.188	0.124	0.124	0.121	0.117	0.115	0.115	0.113	0.117	0.200	0.171	0.206	0.178	0.115	0.114	0.118	0.118	0.119	0.120	0.115	0.116	0.343	0.263	0.215	0.193	0.120	0.115	0.115	0.114	0.113	0.116	0.113	0.113
44:00:03	0.251	0.248	0.237	0.186	0.114	0.113	0.113	0.114	0.115	0.115	0.113	0.113	0.232	0.236	0.214	0.194	0.114	0.114	0.114	0.115	0.114	0.116	0.114	0.113	0.175	0.189	0.231	0.190	0.117	0.115	0.114	0.114	0.114	0.115	0.114	0.114	0.185	0.180	0.235	0.204	0.120	0.121	0.117	0.114	0.114	0.114	0.114	0.112	0.169	0.185	0.236	0.212	0.125	0.125	0.121	0.118	0.115	0.114	0.116	0.114	0.169	0.173	0.228	0.189	0.123	0.124	0.121	0.116	0.115	0.115	0.113	0.116	0.201	0.170	0.214	0.178	0.115	0.114	0.118	0.118	0.119	0.119	0.115	0.116	0.343	0.263	0.215	0.193	0.120	0.115	0.115	0.114	0.113	0.116	0.113	0.112
44:20:03	0.251	0.248	0.232	0.186	0.114	0.113	0.113	0.114	0.115	0.115	0.113	0.113	0.233	0.237	0.214	0.193	0.114	0.114	0.114	0.115	0.114	0.116	0.114	0.113	0.175	0.189	0.230	0.190	0.117	0.115	0.114	0.114	0.114	0.115	0.114	0.113	0.187	0.180	0.235	0.205	0.120	0.121	0.117	0.114	0.114	0.114	0.114	0.112	0.169	0.185	0.235	0.211	0.125	0.124	0.121	0.118	0.115	0.114	0.116	0.114	0.169	0.173	0.229	0.189	0.123	0.123	0.120	0.116	0.114	0.115	0.113	0.117	0.203	0.170	0.208	0.179	0.115	0.114	0.118	0.118	0.119	0.119	0.115	0.116	0.344	0.264	0.215	0.194	0.120	0.115	0.115	0.114	0.113	0.116	0.113	0.113
44:40:03	0.252	0.249	0.229	0.185	0.114	0.113	0.114	0.114	0.115	0.115	0.113	0.113	0.234	0.238	0.214	0.194	0.114	0.114	0.114	0.115	0.114	0.116	0.114	0.113	0.175	0.189	0.230	0.188	0.117	0.115	0.114	0.114	0.114	0.115	0.114	0.114	0.188	0.180	0.235	0.205	0.120	0.120	0.117	0.114	0.114	0.114	0.114	0.112	0.169	0.184	0.235	0.211	0.124	0.124	0.120	0.118	0.115	0.114	0.116	0.114	0.169	0.172	0.228	0.186	0.122	0.123	0.120	0.116	0.115	0.115	0.113	0.117	0.204	0.170	0.206	0.178	0.115	0.114	0.118	0.118	0.119	0.120	0.115	0.116	0.343	0.267	0.216	0.193	0.119	0.115	0.115	0.114	0.113	0.116	0.113	0.113
45:00:03	0.253	0.249	0.228	0.187	0.114	0.113	0.113	0.114	0.115	0.115	0.113	0.113	0.235	0.239	0.214	0.195	0.114	0.114	0.114	0.115	0.114	0.116	0.114	0.113	0.176	0.189	0.231	0.188	0.117	0.115	0.114	0.114	0.114	0.115	0.114	0.114	0.190	0.179	0.235	0.205	0.119	0.120	0.117	0.114	0.114	0.113	0.114	0.112	0.168	0.184	0.235	0.212	0.124	0.123	0.120	0.118	0.115	0.114	0.116	0.114	0.169	0.172	0.227	0.188	0.122	0.122	0.119	0.116	0.115	0.114	0.113	0.116	0.207	0.170	0.206	0.179	0.115	0.114	0.118	0.118	0.119	0.120	0.115	0.116	0.341	0.268	0.213	0.197	0.119	0.115	0.115	0.114	0.113	0.116	0.113	0.113
45:20:03	0.253	0.251	0.228	0.187	0.114	0.113	0.113	0.114	0.114	0.115	0.113	0.113	0.236	0.240	0.215	0.195	0.114	0.114	0.114	0.115	0.114	0.116	0.114	0.113	0.176	0.189	0.230	0.188	0.117	0.115	0.114	0.114	0.114	0.115	0.114	0.113	0.191	0.179	0.235	0.205	0.119	0.120	0.117	0.114	0.114	0.114	0.114	0.112	0.168	0.183	0.234	0.212	0.124	0.124	0.120	0.118	0.115	0.114	0.116	0.114	0.170	0.172	0.228	0.188	0.122	0.123	0.119	0.116	0.114	0.115	0.113	0.116	0.208	0.169	0.208	0.178	0.115	0.114	0.118	0.118	0.119	0.120	0.115	0.116	0.339	0.270	0.213	0.197	0.119	0.115	0.115	0.114	0.113	0.116	0.113	0.113
45:40:03	0.253	0.251	0.232	0.187	0.114	0.113	0.113	0.114	0.114	0.115	0.113	0.113	0.237	0.240	0.214	0.196	0.114	0.114	0.114	0.115	0.114	0.115	0.114	0.113	0.177	0.189	0.231	0.188	0.117	0.115	0.114	0.114	0.114	0.115	0.114	0.113	0.193	0.180	0.237	0.206	0.120	0.121	0.117	0.114	0.114	0.114	0.114	0.112	0.168	0.184	0.235	0.213	0.125	0.125	0.121	0.118	0.115	0.114	0.116	0.114	0.170	0.172	0.228	0.189	0.123	0.123	0.120	0.116	0.115	0.115	0.113	0.117	0.208	0.169	0.215	0.179	0.115	0.114	0.118	0.118	0.119	0.119	0.115	0.116	0.338	0.272	0.215	0.198	0.119	0.115	0.115	0.114	0.113	0.116	0.113	0.113
46:00:03	0.254	0.252	0.234	0.187	0.114	0.113	0.113	0.114	0.114	0.115	0.113	0.113	0.238	0.242	0.214	0.196	0.114	0.114	0.114	0.115	0.114	0.115	0.114	0.113	0.177	0.189	0.230	0.187	0.117	0.115	0.114	0.114	0.114	0.115	0.114	0.113	0.193	0.179	0.234	0.206	0.120	0.121	0.117	0.114	0.114	0.114	0.114	0.112	0.168	0.184	0.235	0.213	0.125	0.125	0.121	0.118	0.115	0.114	0.116	0.114	0.171	0.171	0.228	0.189	0.123	0.124	0.120	0.116	0.115	0.115	0.113	0.117	0.210	0.169	0.208	0.178	0.115	0.114	0.118	0.118	0.119	0.119	0.115	0.116	0.335	0.274	0.214	0.200	0.119	0.115	0.115	0.114	0.113	0.116	0.113	0.113
46:20:03	0.255	0.252	0.228	0.188	0.114	0.113	0.113	0.114	0.114	0.115	0.113	0.113	0.239	0.242	0.216	0.197	0.114	0.114	0.114	0.115	0.114	0.115	0.114	0.113	0.177	0.190	0.231	0.188	0.117	0.116	0.114	0.114	0.114	0.115	0.114	0.113	0.194	0.180	0.235	0.206	0.120	0.121	0.117	0.114	0.114	0.114	0.114	0.112	0.167	0.184	0.236	0.213	0.126	0.126	0.121	0.119	0.115	0.114	0.116	0.114	0.172	0.172	0.229	0.189	0.124	0.124	0.121	0.117	0.115	0.114	0.113	0.116	0.210	0.169	0.214	0.178	0.115	0.114	0.118	0.118	0.119	0.119	0.115	0.116	0.332	0.276	0.212	0.200	0.119	0.115	0.115	0.114	0.113	0.116	0.113	0.113
46:40:03	0.255	0.253	0.232	0.189	0.114	0.113	0.113	0.114	0.114	0.115	0.113	0.113	0.240	0.243	0.215	0.198	0.114	0.114	0.114	0.115	0.114	0.115	0.114	0.113	0.176	0.189	0.231	0.187	0.117	0.116	0.115	0.115	0.114	0.115	0.114	0.113	0.195	0.180	0.237	0.208	0.121	0.122	0.118	0.114	0.114	0.114	0.114	0.112	0.167	0.184	0.237	0.214	0.126	0.126	0.122	0.119	0.115	0.114	0.116	0.114	0.172	0.172	0.230	0.191	0.124	0.125	0.121	0.117	0.115	0.114	0.113	0.117	0.212	0.168	0.206	0.178	0.115	0.114	0.118	0.118	0.119	0.119	0.115	0.116	0.329	0.278	0.212	0.202	0.119	0.115	0.115	0.114	0.113	0.116	0.113	0.113
47:00:03	0.259	0.256	0.228	0.192	0.113	0.113	0.113	0.114	0.114	0.114	0.113	0.113	0.243	0.245	0.216	0.201	0.114	0.114	0.114	0.115	0.114	0.115	0.114	0.113	0.179	0.193	0.231	0.187	0.117	0.115	0.114	0.114	0.114	0.115	0.114	0.113	0.199	0.181	0.236	0.209	0.120	0.120	0.117	0.114	0.114	0.114	0.114	0.112	0.168	0.185	0.236	0.214	0.125	0.124	0.121	0.118	0.115	0.114	0.116	0.114	0.173	0.171	0.229	0.189	0.123	0.123	0.120	0.116	0.114	0.114	0.113	0.116	0.214	0.168	0.217	0.178	0.115	0.114	0.118	0.118	0.119	0.119	0.115	0.116	0.328	0.282	0.209	0.200	0.119	0.115	0.115	0.114	0.113	0.116	0.113	0.113
47:20:03	0.257	0.254	0.237	0.189	0.113	0.113	0.113	0.114	0.114	0.115	0.113	0.113	0.241	0.243	0.215	0.199	0.114	0.114	0.114	0.115	0.114	0.115	0.114	0.113	0.175	0.189	0.230	0.187	0.117	0.115	0.114	0.114	0.114	0.115	0.114	0.113	0.195	0.178	0.235	0.206	0.119	0.120	0.117	0.114	0.114	0.114	0.114	0.112	0.166	0.182	0.235	0.213	0.124	0.123	0.120	0.118	0.114	0.114	0.116	0.114	0.172	0.170	0.228	0.188	0.122	0.122	0.119	0.116	0.114	0.114	0.113	0.116	0.214	0.168	0.215	0.178	0.115	0.114	0.118	0.118	0.119	0.119	0.115	0.116	0.323	0.281	0.211	0.204	0.119	0.115	0.115	0.114	0.113	0.116	0.113	0.113
47:40:03	0.257	0.255	0.229	0.189	0.113	0.113	0.113	0.114	0.114	0.114	0.113	0.113	0.241	0.244	0.216	0.199	0.113	0.114	0.114	0.115	0.114	0.115	0.114	0.113	0.175	0.190	0.230	0.184	0.117	0.115	0.114	0.114	0.114	0.115	0.114	0.113	0.196	0.177	0.235	0.206	0.119	0.120	0.117	0.114	0.114	0.114	0.114	0.112	0.166	0.182	0.235	0.212	0.123	0.123	0.120	0.118	0.114	0.114	0.116	0.114	0.172	0.170	0.227	0.187	0.122	0.122	0.119	0.116	0.114	0.114	0.113	0.116	0.215	0.168	0.213	0.177	0.115	0.114	0.118	0.118	0.119	0.119	0.115	0.116	0.319	0.283	0.211	0.204	0.119	0.115	0.115	0.114	0.113	0.116	0.113	0.113
48:00:03	0.258	0.255	0.239	0.190	0.113	0.113	0.113	0.114	0.114	0.114	0.113	0.113	0.242	0.244	0.216	0.200	0.114	0.114	0.114	0.115	0.114	0.115	0.114	0.113	0.175	0.190	0.230	0.186	0.117	0.115	0.114	0.114	0.114	0.115	0.114	0.113	0.198	0.177	0.236	0.207	0.119	0.119	0.117	0.114	0.114	0.114	0.114	0.112	0.166	0.182	0.235	0.212	0.123	0.123	0.120	0.118	0.114	0.114	0.116	0.114	0.174	0.169	0.227	0.189	0.121	0.122	0.119	0.116	0.114	0.115	0.113	0.116	0.218	0.167	0.212	0.178	0.115	0.114	0.118	0.117	0.119	0.119	0.115	0.116	0.316	0.283	0.212	0.204	0.119	0.115	0.115	0.114	0.113	0.116	0.113	0.113

