Field Group

Plate Comment:	
Procedure Summary
  Plate Type:              Corning 96 well for LogPhase600
  Plate Number:            1
  Discontinuous Kinetics:  Runtime 02:00:00 (D:HH:MM), Interval 00:20:00 (HH:MM:SS), 145 Reads (max)
  Read:                    600 nm
  Incubator:               On
    Temperature setpoint:  30 °C
    Temperature gradient:  On
  Shaking:                 On
     Shaking frequency:    600 RPMs		
			
			

600

Time	A1	A2	A3	A4	A5	A6	A7	A8	A9	A10	A11	A12	B1	B2	B3	B4	B5	B6	B7	B8	B9	B10	B11	B12	C1	C2	C3	C4	C5	C6	C7	C8	C9	C10	C11	C12	D1	D2	D3	D4	D5	D6	D7	D8	D9	D10	D11	D12	E1	E2	E3	E4	E5	E6	E7	E8	E9	E10	E11	E12	F1	F2	F3	F4	F5	F6	F7	F8	F9	F10	F11	F12	G1	G2	G3	G4	G5	G6	G7	G8	G9	G10	G11	G12	H1	H2	H3	H4	H5	H6	H7	H8	H9	H10	H11	H12
0:00:00													0.148	0.152	0.163	0.153	0.151	0.149	0.154	0.151	0.149	0.151	0.150	0.150	0.148	0.148	0.156	0.150	0.151	0.145	0.145	0.141	0.148	0.143	0.153	0.149	0.164	0.152	0.148	0.146	0.154	0.142	0.150	0.153	0.158	0.149	0.149	0.151	0.156	0.155	0.153	0.152	0.148	0.144	0.143	0.146	0.154	0.152	0.149	0.144	0.151	0.147	0.164	0.177	0.148	0.154	0.148	0.154	0.151	0.148	0.151	0.150	0.148	0.148	0.155	0.155	0.151	0.148	0.142	0.147	0.155	0.158	0.148	0.150												
0:20:00													0.149	0.153	0.162	0.153	0.149	0.150	0.153	0.152	0.149	0.150	0.149	0.149	0.147	0.148	0.155	0.150	0.151	0.144	0.144	0.141	0.147	0.142	0.152	0.148	0.162	0.152	0.150	0.147	0.152	0.144	0.148	0.152	0.156	0.148	0.148	0.150	0.155	0.155	0.152	0.151	0.147	0.145	0.143	0.145	0.152	0.151	0.149	0.145	0.149	0.147	0.166	0.177	0.148	0.155	0.145	0.152	0.151	0.147	0.153	0.149	0.148	0.148	0.160	0.155	0.151	0.147	0.142	0.148	0.153	0.161	0.149	0.150												
0:40:00													0.149	0.153	0.160	0.152	0.149	0.150	0.153	0.151	0.149	0.150	0.148	0.150	0.147	0.147	0.154	0.148	0.151	0.144	0.144	0.141	0.147	0.142	0.152	0.148	0.163	0.153	0.150	0.147	0.152	0.144	0.148	0.153	0.155	0.148	0.148	0.150	0.154	0.155	0.151	0.151	0.146	0.144	0.143	0.144	0.151	0.151	0.148	0.144	0.150	0.150	0.154	0.175	0.148	0.155	0.145	0.151	0.151	0.147	0.153	0.149	0.148	0.147	0.171	0.154	0.150	0.146	0.142	0.148	0.152	0.166	0.149	0.150												
1:00:00													0.149	0.153	0.160	0.152	0.149	0.150	0.153	0.150	0.149	0.150	0.148	0.149	0.147	0.147	0.153	0.148	0.151	0.144	0.144	0.141	0.147	0.142	0.152	0.148	0.163	0.152	0.150	0.147	0.152	0.144	0.148	0.153	0.155	0.148	0.148	0.150	0.154	0.155	0.151	0.151	0.146	0.144	0.143	0.144	0.151	0.151	0.148	0.144	0.149	0.150	0.153	0.175	0.148	0.155	0.145	0.151	0.150	0.147	0.153	0.149	0.148	0.148	0.180	0.154	0.150	0.147	0.142	0.147	0.151	0.170	0.148	0.150												
1:20:00													0.149	0.152	0.160	0.151	0.150	0.150	0.153	0.150	0.149	0.150	0.148	0.150	0.147	0.148	0.152	0.150	0.150	0.144	0.144	0.141	0.147	0.142	0.152	0.149	0.162	0.151	0.148	0.147	0.153	0.142	0.148	0.151	0.155	0.148	0.147	0.151	0.154	0.154	0.152	0.151	0.146	0.144	0.143	0.144	0.151	0.152	0.148	0.143	0.150	0.148	0.153	0.174	0.148	0.155	0.146	0.151	0.150	0.147	0.151	0.149	0.148	0.148	0.189	0.154	0.150	0.148	0.142	0.146	0.152	0.177	0.147	0.149												
1:40:00													0.149	0.153	0.160	0.152	0.149	0.150	0.153	0.150	0.149	0.149	0.148	0.149	0.147	0.147	0.151	0.149	0.151	0.144	0.144	0.141	0.147	0.142	0.152	0.148	0.162	0.152	0.150	0.148	0.153	0.144	0.148	0.153	0.155	0.148	0.147	0.150	0.154	0.154	0.152	0.150	0.146	0.144	0.143	0.144	0.150	0.151	0.148	0.144	0.149	0.148	0.151	0.174	0.148	0.154	0.145	0.151	0.150	0.147	0.153	0.149	0.149	0.147	0.196	0.154	0.150	0.147	0.141	0.147	0.151	0.177	0.148	0.150												
2:00:00													0.150	0.153	0.160	0.152	0.150	0.150	0.152	0.150	0.149	0.149	0.148	0.149	0.147	0.147	0.151	0.150	0.151	0.144	0.144	0.141	0.148	0.142	0.152	0.147	0.162	0.152	0.150	0.148	0.153	0.144	0.148	0.153	0.154	0.148	0.147	0.150	0.154	0.154	0.152	0.150	0.146	0.144	0.142	0.144	0.150	0.152	0.148	0.144	0.149	0.148	0.151	0.173	0.148	0.154	0.145	0.151	0.150	0.147	0.153	0.149	0.149	0.148	0.204	0.154	0.150	0.147	0.141	0.147	0.151	0.179	0.148	0.150												
2:20:00													0.150	0.152	0.160	0.151	0.150	0.150	0.152	0.150	0.150	0.150	0.148	0.149	0.147	0.147	0.151	0.151	0.152	0.144	0.144	0.141	0.148	0.142	0.152	0.147	0.163	0.152	0.149	0.149	0.154	0.143	0.148	0.152	0.154	0.147	0.147	0.150	0.154	0.154	0.153	0.150	0.146	0.144	0.142	0.144	0.150	0.153	0.148	0.144	0.149	0.147	0.151	0.173	0.148	0.154	0.145	0.150	0.150	0.147	0.152	0.149	0.149	0.148	0.211	0.154	0.150	0.147	0.142	0.147	0.151	0.183	0.148	0.150												
2:40:00													0.151	0.152	0.159	0.151	0.151	0.150	0.152	0.150	0.151	0.150	0.148	0.149	0.148	0.147	0.151	0.151	0.152	0.144	0.144	0.140	0.149	0.142	0.152	0.147	0.163	0.152	0.149	0.150	0.156	0.143	0.148	0.152	0.155	0.147	0.147	0.150	0.154	0.154	0.153	0.150	0.146	0.144	0.142	0.144	0.150	0.153	0.148	0.144	0.149	0.147	0.151	0.173	0.148	0.155	0.145	0.150	0.150	0.147	0.152	0.148	0.149	0.148	0.215	0.154	0.149	0.147	0.142	0.147	0.151	0.183	0.148	0.150												
3:00:00													0.152	0.152	0.159	0.151	0.152	0.150	0.153	0.149	0.152	0.149	0.148	0.149	0.149	0.147	0.151	0.150	0.154	0.143	0.144	0.141	0.151	0.142	0.152	0.147	0.164	0.151	0.149	0.150	0.159	0.143	0.148	0.152	0.156	0.147	0.146	0.150	0.154	0.154	0.153	0.150	0.146	0.144	0.142	0.144	0.150	0.154	0.148	0.143	0.149	0.147	0.151	0.173	0.148	0.155	0.145	0.150	0.150	0.147	0.152	0.149	0.149	0.148	0.220	0.153	0.150	0.147	0.141	0.147	0.151	0.188	0.148	0.150												
3:20:00													0.154	0.152	0.159	0.152	0.153	0.150	0.153	0.149	0.153	0.149	0.148	0.149	0.152	0.147	0.150	0.153	0.155	0.144	0.144	0.141	0.153	0.142	0.151	0.147	0.165	0.151	0.148	0.148	0.162	0.144	0.148	0.152	0.158	0.148	0.147	0.150	0.154	0.154	0.157	0.150	0.146	0.145	0.142	0.144	0.151	0.155	0.149	0.144	0.149	0.147	0.151	0.173	0.147	0.154	0.145	0.150	0.150	0.147	0.152	0.148	0.149	0.148	0.213	0.154	0.150	0.148	0.142	0.147	0.151	0.185	0.148	0.149												
3:40:00													0.158	0.152	0.159	0.151	0.156	0.150	0.153	0.150	0.157	0.150	0.148	0.149	0.154	0.147	0.151	0.153	0.159	0.144	0.144	0.141	0.157	0.142	0.152	0.147	0.170	0.152	0.149	0.151	0.169	0.143	0.148	0.152	0.162	0.147	0.146	0.150	0.154	0.154	0.154	0.150	0.146	0.145	0.142	0.144	0.150	0.155	0.148	0.144	0.149	0.148	0.151	0.172	0.148	0.155	0.145	0.150	0.150	0.147	0.152	0.149	0.149	0.148	0.229	0.154	0.150	0.148	0.142	0.147	0.151	0.191	0.148	0.150												
4:00:00													0.163	0.152	0.159	0.152	0.159	0.150	0.153	0.150	0.162	0.149	0.148	0.149	0.158	0.147	0.150	0.154	0.165	0.144	0.144	0.141	0.163	0.142	0.151	0.147	0.174	0.151	0.149	0.149	0.175	0.144	0.148	0.152	0.167	0.148	0.146	0.150	0.154	0.154	0.158	0.150	0.146	0.145	0.142	0.144	0.151	0.157	0.149	0.144	0.149	0.148	0.151	0.173	0.147	0.154	0.145	0.151	0.150	0.148	0.152	0.148	0.149	0.148	0.220	0.154	0.150	0.149	0.142	0.147	0.151	0.188	0.148	0.149												
4:20:00													0.170	0.152	0.159	0.151	0.166	0.150	0.153	0.149	0.170	0.149	0.148	0.149	0.165	0.147	0.150	0.154	0.173	0.144	0.144	0.141	0.173	0.142	0.151	0.147	0.180	0.151	0.148	0.150	0.187	0.143	0.148	0.151	0.172	0.148	0.147	0.150	0.154	0.154	0.159	0.150	0.146	0.146	0.142	0.144	0.151	0.158	0.149	0.144	0.149	0.148	0.151	0.173	0.147	0.154	0.145	0.151	0.150	0.148	0.151	0.148	0.149	0.149	0.223	0.154	0.150	0.150	0.142	0.147	0.151	0.190	0.148	0.149												
4:40:00													0.182	0.152	0.159	0.151	0.174	0.150	0.153	0.150	0.181	0.149	0.148	0.149	0.176	0.147	0.150	0.154	0.187	0.144	0.144	0.141	0.187	0.142	0.151	0.147	0.191	0.151	0.149	0.150	0.201	0.144	0.148	0.152	0.184	0.148	0.147	0.150	0.154	0.155	0.160	0.150	0.146	0.146	0.142	0.144	0.151	0.159	0.149	0.144	0.148	0.149	0.151	0.173	0.147	0.155	0.145	0.151	0.150	0.149	0.151	0.148	0.150	0.149	0.226	0.154	0.150	0.150	0.142	0.147	0.151	0.189	0.148	0.149												
5:00:00													0.198	0.152	0.159	0.151	0.188	0.150	0.153	0.149	0.197	0.149	0.148	0.149	0.194	0.147	0.150	0.153	0.205	0.144	0.145	0.141	0.208	0.142	0.152	0.147	0.208	0.152	0.149	0.153	0.221	0.144	0.148	0.152	0.198	0.147	0.146	0.150	0.154	0.156	0.156	0.150	0.145	0.147	0.142	0.144	0.150	0.159	0.148	0.144	0.149	0.150	0.151	0.172	0.147	0.157	0.145	0.150	0.150	0.150	0.152	0.149	0.149	0.150	0.242	0.154	0.149	0.150	0.142	0.147	0.151	0.196	0.148	0.150												
5:20:00													0.219	0.152	0.159	0.151	0.204	0.150	0.154	0.150	0.216	0.149	0.148	0.149	0.215	0.147	0.150	0.156	0.224	0.144	0.145	0.141	0.231	0.142	0.151	0.147	0.226	0.151	0.149	0.150	0.239	0.144	0.148	0.152	0.216	0.147	0.147	0.150	0.154	0.157	0.161	0.150	0.146	0.148	0.142	0.144	0.151	0.161	0.149	0.144	0.148	0.151	0.150	0.173	0.147	0.156	0.145	0.151	0.149	0.151	0.151	0.148	0.149	0.151	0.230	0.154	0.150	0.152	0.142	0.147	0.151	0.193	0.148	0.149												
5:40:00													0.252	0.152	0.159	0.151	0.228	0.150	0.154	0.150	0.245	0.149	0.148	0.149	0.246	0.147	0.150	0.155	0.250	0.144	0.145	0.141	0.264	0.142	0.151	0.147	0.255	0.151	0.149	0.151	0.268	0.144	0.148	0.152	0.241	0.147	0.146	0.150	0.153	0.158	0.162	0.150	0.145	0.149	0.142	0.144	0.151	0.163	0.148	0.144	0.148	0.153	0.150	0.173	0.147	0.157	0.144	0.151	0.149	0.153	0.151	0.148	0.149	0.152	0.232	0.154	0.150	0.153	0.142	0.147	0.150	0.195	0.148	0.150												
6:00:00													0.289	0.152	0.161	0.151	0.249	0.150	0.155	0.149	0.266	0.149	0.148	0.149	0.280	0.147	0.151	0.154	0.273	0.144	0.146	0.141	0.295	0.142	0.152	0.147	0.285	0.151	0.150	0.155	0.294	0.144	0.149	0.152	0.269	0.147	0.146	0.150	0.153	0.160	0.158	0.150	0.145	0.151	0.142	0.144	0.150	0.164	0.148	0.144	0.149	0.154	0.150	0.172	0.147	0.160	0.145	0.151	0.149	0.155	0.151	0.149	0.148	0.154	0.249	0.154	0.150	0.154	0.142	0.147	0.151	0.202	0.147	0.150												
6:20:00													0.338	0.152	0.160	0.151	0.275	0.150	0.154	0.150	0.297	0.149	0.148	0.149	0.311	0.147	0.152	0.156	0.294	0.144	0.147	0.141	0.321	0.142	0.151	0.147	0.312	0.151	0.150	0.151	0.324	0.144	0.149	0.152	0.297	0.147	0.146	0.150	0.153	0.162	0.163	0.151	0.145	0.153	0.142	0.144	0.151	0.168	0.148	0.145	0.148	0.157	0.150	0.174	0.147	0.161	0.144	0.151	0.149	0.158	0.151	0.148	0.149	0.156	0.237	0.155	0.150	0.158	0.142	0.147	0.151	0.200	0.148	0.150												
6:40:00													0.396	0.152	0.162	0.151	0.302	0.150	0.157	0.149	0.331	0.149	0.148	0.149	0.349	0.147	0.154	0.157	0.327	0.144	0.146	0.141	0.354	0.143	0.151	0.147	0.351	0.151	0.152	0.151	0.357	0.144	0.149	0.152	0.322	0.147	0.146	0.150	0.153	0.165	0.164	0.151	0.145	0.156	0.142	0.145	0.151	0.172	0.148	0.145	0.148	0.160	0.150	0.176	0.147	0.164	0.144	0.152	0.149	0.161	0.151	0.148	0.149	0.159	0.238	0.155	0.150	0.161	0.142	0.148	0.150	0.204	0.147	0.150												
7:00:00													0.436	0.152	0.164	0.151	0.338	0.150	0.157	0.149	0.368	0.149	0.148	0.149	0.388	0.147	0.152	0.157	0.370	0.144	0.149	0.141	0.390	0.143	0.151	0.147	0.397	0.151	0.153	0.151	0.393	0.144	0.149	0.152	0.361	0.147	0.146	0.150	0.153	0.168	0.165	0.151	0.145	0.159	0.142	0.145	0.151	0.176	0.148	0.145	0.148	0.165	0.150	0.177	0.147	0.168	0.144	0.152	0.149	0.166	0.151	0.149	0.149	0.163	0.241	0.155	0.150	0.165	0.142	0.148	0.150	0.207	0.147	0.151												
7:20:00													0.456	0.152	0.167	0.151	0.364	0.150	0.159	0.149	0.395	0.149	0.148	0.149	0.414	0.147	0.152	0.157	0.399	0.144	0.148	0.141	0.411	0.143	0.152	0.147	0.431	0.151	0.157	0.152	0.416	0.144	0.151	0.152	0.383	0.147	0.146	0.150	0.153	0.173	0.166	0.152	0.145	0.164	0.142	0.146	0.150	0.181	0.148	0.145	0.148	0.170	0.150	0.178	0.147	0.174	0.145	0.152	0.149	0.171	0.150	0.149	0.148	0.167	0.242	0.155	0.150	0.170	0.142	0.148	0.150	0.214	0.147	0.151												
7:40:00													0.456	0.152	0.170	0.151	0.383	0.150	0.161	0.149	0.403	0.149	0.148	0.149	0.436	0.147	0.157	0.155	0.418	0.144	0.148	0.141	0.420	0.142	0.152	0.147	0.444	0.151	0.157	0.156	0.430	0.143	0.154	0.151	0.405	0.147	0.146	0.149	0.153	0.180	0.161	0.152	0.145	0.171	0.142	0.147	0.150	0.186	0.148	0.145	0.149	0.177	0.150	0.177	0.147	0.181	0.145	0.153	0.149	0.179	0.151	0.150	0.148	0.175	0.261	0.156	0.150	0.175	0.142	0.149	0.150	0.224	0.147	0.151												
8:00:00													0.455	0.152	0.174	0.151	0.388	0.150	0.161	0.149	0.413	0.149	0.148	0.149	0.439	0.147	0.158	0.156	0.448	0.144	0.150	0.141	0.429	0.143	0.151	0.147	0.450	0.151	0.162	0.152	0.453	0.144	0.154	0.151	0.423	0.147	0.146	0.150	0.153	0.188	0.167	0.153	0.145	0.179	0.142	0.146	0.150	0.197	0.148	0.147	0.148	0.187	0.150	0.180	0.147	0.189	0.145	0.154	0.149	0.189	0.150	0.150	0.148	0.183	0.245	0.156	0.150	0.185	0.142	0.150	0.150	0.229	0.147	0.152												
8:20:00													0.462	0.153	0.178	0.151	0.397	0.150	0.159	0.149	0.416	0.149	0.148	0.149	0.454	0.147	0.159	0.158	0.478	0.144	0.154	0.141	0.454	0.143	0.151	0.147	0.469	0.151	0.167	0.152	0.485	0.144	0.158	0.150	0.463	0.147	0.146	0.149	0.153	0.199	0.168	0.153	0.145	0.190	0.142	0.148	0.150	0.208	0.148	0.147	0.148	0.199	0.150	0.179	0.147	0.201	0.145	0.154	0.149	0.203	0.150	0.150	0.148	0.194	0.246	0.157	0.150	0.197	0.142	0.151	0.150	0.239	0.147	0.152												
8:40:00													0.467	0.154	0.189	0.150	0.407	0.150	0.162	0.149	0.426	0.149	0.148	0.149	0.467	0.147	0.176	0.156	0.502	0.144	0.153	0.141	0.488	0.143	0.152	0.147	0.495	0.151	0.185	0.155	0.516	0.144	0.159	0.150	0.506	0.147	0.146	0.149	0.153	0.214	0.163	0.154	0.145	0.204	0.142	0.149	0.150	0.222	0.148	0.147	0.149	0.215	0.150	0.178	0.147	0.216	0.145	0.153	0.149	0.221	0.151	0.152	0.148	0.210	0.267	0.158	0.150	0.210	0.142	0.150	0.150	0.257	0.147	0.154												
9:00:00													0.486	0.162	0.214	0.151	0.416	0.150	0.170	0.149	0.439	0.149	0.148	0.149	0.494	0.147	0.182	0.157	0.520	0.144	0.159	0.141	0.520	0.143	0.151	0.147	0.523	0.150	0.200	0.151	0.537	0.144	0.163	0.150	0.538	0.147	0.146	0.149	0.153	0.232	0.170	0.154	0.145	0.222	0.142	0.149	0.150	0.243	0.148	0.148	0.148	0.236	0.149	0.180	0.147	0.236	0.144	0.156	0.149	0.242	0.150	0.152	0.148	0.228	0.250	0.159	0.150	0.231	0.142	0.150	0.150	0.273	0.147	0.154												
9:20:00													0.499	0.165	0.198	0.151	0.426	0.150	0.179	0.149	0.451	0.149	0.148	0.149	0.522	0.147	0.200	0.157	0.536	0.144	0.169	0.141	0.545	0.143	0.151	0.147	0.546	0.150	0.206	0.151	0.554	0.144	0.168	0.150	0.562	0.147	0.146	0.149	0.153	0.254	0.171	0.154	0.145	0.244	0.142	0.151	0.150	0.265	0.148	0.148	0.148	0.260	0.149	0.181	0.147	0.258	0.144	0.157	0.149	0.268	0.150	0.153	0.148	0.254	0.252	0.160	0.150	0.256	0.142	0.153	0.150	0.292	0.147	0.154												
9:40:00													0.502	0.174	0.217	0.150	0.438	0.150	0.209	0.149	0.465	0.149	0.148	0.149	0.548	0.147	0.197	0.156	0.552	0.144	0.195	0.141	0.564	0.143	0.152	0.147	0.565	0.151	0.204	0.155	0.567	0.144	0.193	0.150	0.577	0.147	0.146	0.149	0.153	0.275	0.165	0.155	0.145	0.270	0.142	0.153	0.149	0.287	0.147	0.149	0.148	0.285	0.149	0.181	0.147	0.281	0.145	0.159	0.149	0.292	0.151	0.154	0.148	0.277	0.273	0.161	0.150	0.275	0.142	0.151	0.150	0.309	0.147	0.158												
10:00:00													0.513	0.188	0.233	0.151	0.446	0.150	0.187	0.149	0.476	0.149	0.148	0.149	0.565	0.147	0.206	0.158	0.562	0.144	0.184	0.141	0.573	0.143	0.152	0.147	0.584	0.150	0.210	0.150	0.575	0.144	0.193	0.150	0.587	0.147	0.146	0.149	0.153	0.299	0.170	0.155	0.145	0.294	0.142	0.153	0.150	0.313	0.148	0.151	0.148	0.310	0.149	0.182	0.147	0.310	0.144	0.159	0.149	0.319	0.150	0.154	0.148	0.306	0.254	0.164	0.150	0.301	0.142	0.155	0.150	0.342	0.147	0.157												
10:20:00													0.516	0.207	0.263	0.151	0.456	0.151	0.194	0.149	0.489	0.149	0.148	0.149	0.583	0.147	0.205	0.158	0.571	0.144	0.190	0.141	0.584	0.143	0.151	0.147	0.594	0.150	0.229	0.149	0.580	0.144	0.186	0.150	0.597	0.147	0.146	0.149	0.153	0.329	0.172	0.156	0.145	0.323	0.142	0.156	0.150	0.355	0.148	0.152	0.148	0.344	0.149	0.185	0.147	0.336	0.144	0.161	0.149	0.351	0.150	0.155	0.148	0.332	0.254	0.164	0.150	0.331	0.142	0.158	0.150	0.382	0.147	0.158												
10:40:00													0.511	0.228	0.299	0.150	0.466	0.150	0.205	0.149	0.504	0.149	0.148	0.149	0.595	0.147	0.220	0.155	0.581	0.144	0.194	0.141	0.592	0.143	0.152	0.147	0.600	0.151	0.254	0.153	0.588	0.144	0.194	0.150	0.613	0.147	0.145	0.149	0.153	0.364	0.166	0.157	0.145	0.353	0.142	0.157	0.149	0.380	0.148	0.153	0.148	0.363	0.150	0.187	0.147	0.364	0.145	0.163	0.149	0.368	0.151	0.157	0.148	0.361	0.277	0.167	0.150	0.347	0.142	0.160	0.150	0.403	0.147	0.161												
11:00:00													0.509	0.255	0.345	0.151	0.474	0.150	0.220	0.149	0.514	0.149	0.148	0.149	0.606	0.147	0.238	0.155	0.589	0.144	0.207	0.141	0.601	0.143	0.152	0.147	0.607	0.151	0.294	0.153	0.596	0.144	0.208	0.150	0.621	0.147	0.145	0.149	0.153	0.369	0.166	0.159	0.145	0.366	0.142	0.157	0.149	0.394	0.148	0.155	0.148	0.380	0.150	0.188	0.147	0.381	0.145	0.165	0.149	0.398	0.150	0.159	0.148	0.395	0.278	0.170	0.150	0.368	0.142	0.162	0.150	0.413	0.147	0.163												
11:20:00													0.518	0.284	0.403	0.151	0.481	0.151	0.235	0.149	0.519	0.149	0.148	0.149	0.615	0.147	0.253	0.157	0.597	0.144	0.231	0.141	0.605	0.143	0.151	0.147	0.611	0.150	0.330	0.149	0.602	0.144	0.235	0.150	0.626	0.147	0.146	0.149	0.153	0.393	0.171	0.160	0.145	0.376	0.142	0.165	0.150	0.404	0.148	0.159	0.148	0.390	0.149	0.189	0.147	0.383	0.145	0.169	0.149	0.403	0.150	0.161	0.148	0.425	0.256	0.173	0.150	0.376	0.142	0.166	0.150	0.428	0.147	0.164												
11:40:00													0.511	0.316	0.456	0.151	0.489	0.151	0.259	0.149	0.530	0.150	0.148	0.149	0.620	0.147	0.274	0.155	0.607	0.144	0.266	0.141	0.611	0.143	0.152	0.147	0.618	0.151	0.357	0.153	0.608	0.144	0.276	0.150	0.633	0.147	0.145	0.149	0.153	0.391	0.166	0.163	0.145	0.378	0.142	0.175	0.149	0.413	0.148	0.161	0.149	0.403	0.149	0.197	0.147	0.391	0.145	0.178	0.149	0.407	0.151	0.166	0.147	0.433	0.278	0.178	0.150	0.384	0.142	0.172	0.150	0.435	0.147	0.168												
12:00:00													0.518	0.349	0.500	0.151	0.496	0.151	0.285	0.149	0.534	0.149	0.148	0.149	0.629	0.147	0.298	0.156	0.616	0.144	0.306	0.141	0.614	0.143	0.151	0.147	0.628	0.150	0.391	0.149	0.614	0.144	0.310	0.150	0.638	0.147	0.146	0.149	0.153	0.417	0.170	0.166	0.145	0.380	0.142	0.195	0.150	0.415	0.148	0.167	0.148	0.418	0.149	0.220	0.147	0.394	0.145	0.202	0.149	0.411	0.150	0.170	0.147	0.435	0.259	0.191	0.150	0.382	0.142	0.189	0.150	0.439	0.147	0.171												
12:20:00													0.525	0.371	0.555	0.151	0.505	0.150	0.312	0.149	0.541	0.149	0.147	0.149	0.634	0.147	0.318	0.156	0.625	0.144	0.343	0.141	0.620	0.143	0.151	0.146	0.636	0.150	0.420	0.149	0.619	0.144	0.342	0.149	0.645	0.147	0.145	0.149	0.153	0.412	0.170	0.172	0.145	0.405	0.142	0.197	0.150	0.416	0.148	0.178	0.148	0.430	0.149	0.239	0.147	0.401	0.145	0.199	0.149	0.416	0.150	0.175	0.148	0.440	0.258	0.220	0.150	0.387	0.142	0.211	0.150	0.445	0.147	0.178												
12:40:00													0.531	0.376	0.602	0.151	0.514	0.151	0.329	0.149	0.548	0.149	0.148	0.149	0.641	0.147	0.338	0.156	0.634	0.144	0.379	0.141	0.626	0.143	0.151	0.146	0.642	0.150	0.455	0.147	0.624	0.144	0.368	0.149	0.652	0.147	0.145	0.149	0.153	0.412	0.173	0.181	0.145	0.394	0.142	0.189	0.150	0.424	0.148	0.206	0.148	0.471	0.149	0.245	0.147	0.407	0.144	0.193	0.149	0.414	0.150	0.190	0.147	0.426	0.255	0.233	0.150	0.392	0.142	0.217	0.149	0.451	0.147	0.193												
13:00:00													0.528	0.379	0.642	0.150	0.522	0.150	0.358	0.149	0.558	0.149	0.148	0.149	0.652	0.147	0.361	0.154	0.641	0.144	0.400	0.141	0.636	0.143	0.151	0.146	0.650	0.150	0.487	0.150	0.629	0.144	0.394	0.149	0.661	0.147	0.145	0.149	0.153	0.418	0.212	0.206	0.144	0.402	0.142	0.191	0.149	0.430	0.147	0.214	0.148	0.463	0.149	0.252	0.147	0.413	0.145	0.205	0.149	0.418	0.150	0.222	0.147	0.481	0.275	0.252	0.150	0.399	0.142	0.226	0.150	0.439	0.147	0.221												
13:20:00													0.542	0.380	0.664	0.151	0.531	0.151	0.377	0.149	0.563	0.149	0.148	0.149	0.662	0.147	0.386	0.156	0.645	0.144	0.434	0.141	0.644	0.143	0.151	0.146	0.665	0.150	0.525	0.148	0.633	0.144	0.424	0.149	0.667	0.147	0.145	0.149	0.153	0.430	0.203	0.213	0.145	0.408	0.142	0.204	0.150	0.432	0.148	0.225	0.148	0.483	0.149	0.257	0.147	0.422	0.145	0.226	0.149	0.422	0.150	0.226	0.147	0.480	0.252	0.267	0.150	0.406	0.142	0.241	0.149	0.453	0.147	0.233												
13:40:00													0.552	0.383	0.711	0.150	0.538	0.151	0.405	0.149	0.572	0.149	0.147	0.149	0.675	0.147	0.436	0.156	0.654	0.144	0.469	0.141	0.650	0.143	0.151	0.146	0.681	0.150	0.544	0.148	0.641	0.144	0.455	0.149	0.674	0.147	0.145	0.149	0.153	0.428	0.213	0.221	0.145	0.416	0.142	0.222	0.150	0.435	0.148	0.240	0.148	0.484	0.149	0.270	0.147	0.433	0.145	0.254	0.149	0.427	0.150	0.248	0.147	0.488	0.249	0.282	0.150	0.412	0.142	0.263	0.149	0.448	0.147	0.250												
14:00:00													0.558	0.385	0.721	0.150	0.546	0.151	0.426	0.149	0.581	0.149	0.147	0.149	0.690	0.147	0.534	0.156	0.663	0.144	0.501	0.141	0.660	0.143	0.151	0.146	0.695	0.150	0.616	0.148	0.648	0.144	0.484	0.149	0.682	0.147	0.145	0.149	0.153	0.436	0.229	0.251	0.145	0.425	0.142	0.240	0.150	0.442	0.148	0.258	0.148	0.504	0.149	0.288	0.147	0.442	0.145	0.279	0.149	0.428	0.150	0.270	0.147	0.493	0.246	0.323	0.150	0.418	0.142	0.285	0.149	0.451	0.147	0.265												
14:20:00													0.572	0.389	0.727	0.150	0.555	0.151	0.460	0.149	0.591	0.149	0.147	0.149	0.704	0.147	0.611	0.156	0.672	0.144	0.534	0.141	0.670	0.143	0.151	0.146	0.710	0.150	0.661	0.148	0.657	0.144	0.514	0.149	0.693	0.147	0.145	0.149	0.153	0.443	0.254	0.286	0.145	0.433	0.142	0.254	0.149	0.445	0.148	0.276	0.148	0.512	0.149	0.306	0.147	0.451	0.145	0.303	0.148	0.431	0.150	0.288	0.147	0.500	0.243	0.360	0.150	0.424	0.142	0.309	0.149	0.453	0.147	0.287												
14:40:00													0.585	0.391	0.776	0.150	0.565	0.151	0.545	0.149	0.602	0.149	0.148	0.149	0.720	0.147	0.649	0.156	0.682	0.144	0.554	0.141	0.679	0.143	0.151	0.146	0.725	0.150	0.714	0.148	0.666	0.144	0.533	0.149	0.704	0.147	0.145	0.149	0.153	0.450	0.292	0.319	0.145	0.442	0.142	0.271	0.149	0.449	0.148	0.291	0.148	0.494	0.149	0.319	0.147	0.455	0.145	0.333	0.148	0.434	0.150	0.308	0.147	0.505	0.240	0.399	0.150	0.429	0.142	0.338	0.149	0.456	0.147	0.309												
15:00:00													0.597	0.395	0.813	0.150	0.576	0.151	0.621	0.149	0.615	0.149	0.147	0.149	0.736	0.147	0.707	0.156	0.692	0.144	0.620	0.141	0.686	0.143	0.151	0.146	0.740	0.150	0.713	0.148	0.675	0.144	0.576	0.149	0.715	0.147	0.145	0.149	0.153	0.456	0.331	0.339	0.145	0.450	0.142	0.299	0.149	0.452	0.148	0.314	0.148	0.505	0.149	0.336	0.147	0.461	0.145	0.364	0.148	0.439	0.149	0.335	0.147	0.510	0.238	0.430	0.150	0.432	0.142	0.370	0.149	0.459	0.147	0.335												
15:20:00													0.610	0.398	0.839	0.150	0.588	0.151	0.655	0.149	0.627	0.149	0.147	0.149	0.748	0.147	0.751	0.156	0.702	0.144	0.656	0.141	0.694	0.143	0.151	0.146	0.751	0.150	0.753	0.148	0.684	0.144	0.602	0.149	0.724	0.147	0.145	0.149	0.153	0.461	0.365	0.363	0.145	0.457	0.142	0.333	0.149	0.455	0.148	0.349	0.148	0.514	0.149	0.349	0.147	0.467	0.145	0.403	0.148	0.443	0.149	0.352	0.147	0.516	0.235	0.468	0.150	0.436	0.142	0.408	0.149	0.460	0.146	0.360												
15:40:00													0.620	0.401	0.866	0.150	0.602	0.151	0.716	0.149	0.637	0.149	0.148	0.149	0.758	0.147	0.776	0.156	0.710	0.144	0.691	0.141	0.701	0.143	0.151	0.146	0.760	0.150	0.766	0.148	0.693	0.144	0.641	0.149	0.733	0.147	0.145	0.149	0.153	0.466	0.401	0.378	0.145	0.463	0.142	0.348	0.149	0.462	0.148	0.380	0.148	0.524	0.149	0.362	0.147	0.472	0.145	0.428	0.148	0.448	0.149	0.389	0.147	0.521	0.232	0.516	0.150	0.439	0.142	0.441	0.149	0.466	0.146	0.396												
16:00:00													0.630	0.405	0.892	0.151	0.616	0.151	0.742	0.149	0.648	0.149	0.148	0.149	0.767	0.147	0.807	0.157	0.720	0.144	0.718	0.141	0.711	0.143	0.151	0.146	0.769	0.150	0.806	0.148	0.702	0.144	0.705	0.149	0.742	0.147	0.145	0.149	0.153	0.472	0.429	0.404	0.145	0.470	0.142	0.381	0.149	0.468	0.148	0.403	0.148	0.534	0.149	0.387	0.147	0.477	0.145	0.461	0.149	0.452	0.149	0.430	0.147	0.529	0.231	0.556	0.150	0.442	0.142	0.482	0.149	0.472	0.147	0.430												
16:20:00													0.640	0.408	0.917	0.151	0.629	0.151	0.774	0.149	0.658	0.149	0.148	0.149	0.776	0.147	0.835	0.156	0.728	0.144	0.761	0.142	0.719	0.143	0.151	0.146	0.777	0.149	0.821	0.148	0.710	0.144	0.735	0.149	0.751	0.147	0.146	0.148	0.153	0.477	0.460	0.428	0.145	0.478	0.142	0.409	0.149	0.473	0.148	0.437	0.148	0.543	0.149	0.408	0.147	0.484	0.145	0.495	0.148	0.458	0.149	0.466	0.147	0.535	0.229	0.607	0.150	0.445	0.142	0.518	0.149	0.475	0.146	0.481												
16:40:00													0.648	0.412	0.950	0.151	0.640	0.151	0.799	0.149	0.667	0.149	0.148	0.149	0.784	0.147	0.871	0.157	0.736	0.144	0.783	0.142	0.726	0.143	0.151	0.146	0.783	0.149	0.836	0.147	0.717	0.144	0.768	0.149	0.760	0.147	0.146	0.148	0.153	0.480	0.493	0.452	0.145	0.485	0.142	0.436	0.149	0.476	0.148	0.473	0.148	0.553	0.148	0.426	0.147	0.489	0.145	0.513	0.149	0.461	0.149	0.505	0.147	0.541	0.228	0.641	0.150	0.448	0.142	0.545	0.149	0.481	0.146	0.526												
17:00:01													0.657	0.417	0.969	0.151	0.653	0.151	0.817	0.149	0.678	0.149	0.149	0.149	0.791	0.147	0.894	0.157	0.744	0.144	0.818	0.142	0.733	0.143	0.151	0.146	0.789	0.149	0.864	0.147	0.725	0.144	0.795	0.149	0.768	0.147	0.146	0.148	0.153	0.485	0.522	0.479	0.145	0.493	0.142	0.460	0.149	0.484	0.148	0.505	0.148	0.560	0.148	0.445	0.147	0.496	0.145	0.552	0.149	0.467	0.149	0.549	0.147	0.547	0.225	0.679	0.150	0.451	0.142	0.576	0.149	0.487	0.147	0.569												
17:20:01													0.666	0.422	0.992	0.151	0.663	0.151	0.843	0.149	0.688	0.149	0.148	0.149	0.798	0.147	0.933	0.157	0.752	0.144	0.846	0.142	0.740	0.143	0.151	0.146	0.795	0.149	0.856	0.148	0.732	0.144	0.820	0.149	0.777	0.147	0.146	0.148	0.153	0.489	0.553	0.508	0.145	0.502	0.142	0.499	0.149	0.490	0.148	0.540	0.148	0.569	0.148	0.469	0.147	0.506	0.145	0.580	0.149	0.474	0.149	0.563	0.147	0.554	0.223	0.691	0.150	0.455	0.142	0.600	0.149	0.491	0.146	0.612												
17:40:01													0.674	0.427	1.031	0.150	0.672	0.151	0.861	0.149	0.697	0.149	0.149	0.149	0.803	0.147	0.960	0.157	0.759	0.144	0.844	0.142	0.746	0.143	0.152	0.146	0.801	0.149	0.884	0.148	0.740	0.144	0.837	0.149	0.785	0.147	0.146	0.148	0.153	0.495	0.582	0.537	0.145	0.514	0.142	0.533	0.149	0.498	0.148	0.569	0.148	0.580	0.149	0.496	0.147	0.514	0.145	0.607	0.149	0.482	0.149	0.598	0.147	0.562	0.221	0.728	0.150	0.460	0.142	0.627	0.149	0.495	0.146	0.650												
18:00:01													0.683	0.432	1.038	0.150	0.681	0.151	0.889	0.149	0.709	0.149	0.150	0.149	0.809	0.147	0.993	0.157	0.766	0.144	0.887	0.142	0.752	0.143	0.151	0.146	0.806	0.149	0.896	0.148	0.747	0.144	0.855	0.149	0.792	0.147	0.146	0.148	0.153	0.501	0.607	0.566	0.145	0.525	0.142	0.549	0.149	0.504	0.147	0.610	0.148	0.593	0.148	0.525	0.147	0.523	0.145	0.643	0.148	0.493	0.149	0.632	0.147	0.569	0.218	0.762	0.150	0.464	0.142	0.655	0.149	0.499	0.146	0.684												
18:20:01													0.693	0.437	1.076	0.151	0.691	0.151	0.899	0.149	0.720	0.149	0.150	0.149	0.815	0.147	1.023	0.157	0.773	0.144	0.906	0.142	0.759	0.144	0.151	0.146	0.812	0.149	0.920	0.148	0.755	0.144	0.871	0.149	0.799	0.147	0.146	0.148	0.153	0.507	0.638	0.594	0.145	0.536	0.142	0.590	0.149	0.513	0.148	0.637	0.148	0.608	0.149	0.559	0.147	0.530	0.145	0.647	0.149	0.505	0.149	0.672	0.147	0.577	0.217	0.769	0.150	0.468	0.142	0.687	0.149	0.506	0.147	0.719												
18:40:01													0.701	0.441	1.081	0.150	0.700	0.151	0.920	0.149	0.736	0.149	0.152	0.149	0.820	0.147	1.045	0.157	0.778	0.144	0.934	0.142	0.765	0.144	0.151	0.146	0.817	0.149	0.922	0.148	0.762	0.144	0.890	0.149	0.807	0.147	0.146	0.148	0.153	0.513	0.679	0.625	0.145	0.546	0.142	0.633	0.149	0.516	0.148	0.649	0.148	0.623	0.148	0.605	0.147	0.536	0.145	0.671	0.148	0.518	0.149	0.696	0.147	0.585	0.215	0.796	0.150	0.472	0.142	0.695	0.149	0.509	0.146	0.748												
19:00:01													0.708	0.451	1.108	0.150	0.711	0.151	0.941	0.149	0.748	0.149	0.152	0.149	0.825	0.147	1.066	0.157	0.784	0.144	0.949	0.142	0.772	0.144	0.152	0.146	0.822	0.149	0.944	0.148	0.768	0.144	0.904	0.149	0.813	0.147	0.147	0.148	0.153	0.521	0.717	0.647	0.145	0.554	0.142	0.655	0.149	0.529	0.148	0.683	0.148	0.638	0.148	0.658	0.146	0.541	0.145	0.694	0.148	0.532	0.149	0.697	0.147	0.592	0.213	0.798	0.150	0.476	0.142	0.717	0.149	0.513	0.146	0.763												
19:20:01													0.717	0.455	1.129	0.150	0.721	0.151	0.945	0.149	0.760	0.149	0.152	0.149	0.830	0.147	1.083	0.157	0.789	0.144	0.955	0.142	0.779	0.144	0.153	0.146	0.826	0.149	0.961	0.147	0.774	0.144	0.932	0.149	0.818	0.147	0.147	0.148	0.153	0.530	0.725	0.683	0.145	0.562	0.142	0.687	0.149	0.537	0.147	0.715	0.148	0.651	0.148	0.692	0.146	0.547	0.145	0.740	0.148	0.547	0.149	0.746	0.147	0.601	0.210	0.809	0.150	0.479	0.142	0.745	0.149	0.516	0.146	0.806												
19:40:01													0.723	0.460	1.146	0.150	0.731	0.151	0.963	0.149	0.769	0.149	0.153	0.149	0.834	0.147	1.107	0.157	0.796	0.144	0.970	0.142	0.785	0.144	0.153	0.146	0.831	0.149	0.980	0.148	0.779	0.144	0.947	0.149	0.824	0.147	0.147	0.148	0.153	0.541	0.766	0.711	0.144	0.568	0.142	0.705	0.149	0.545	0.148	0.762	0.148	0.663	0.148	0.740	0.146	0.552	0.145	0.770	0.148	0.562	0.149	0.773	0.147	0.610	0.208	0.817	0.150	0.483	0.142	0.779	0.149	0.520	0.146	0.829												
20:00:01													0.730	0.465	1.153	0.150	0.741	0.151	0.971	0.149	0.777	0.149	0.153	0.149	0.839	0.147	1.118	0.157	0.802	0.144	0.986	0.142	0.791	0.144	0.153	0.146	0.835	0.149	1.004	0.147	0.785	0.144	0.959	0.149	0.830	0.146	0.148	0.148	0.153	0.555	0.806	0.733	0.144	0.574	0.142	0.738	0.149	0.556	0.147	0.805	0.148	0.675	0.148	0.760	0.146	0.557	0.145	0.808	0.148	0.574	0.149	0.804	0.147	0.619	0.207	0.834	0.150	0.487	0.142	0.781	0.149	0.524	0.146	0.856												
20:20:01													0.737	0.469	1.166	0.150	0.751	0.151	0.974	0.149	0.786	0.149	0.154	0.149	0.845	0.147	1.134	0.156	0.808	0.144	0.995	0.142	0.797	0.144	0.152	0.146	0.841	0.149	1.020	0.147	0.791	0.144	0.979	0.148	0.835	0.146	0.150	0.148	0.153	0.571	0.846	0.754	0.144	0.579	0.142	0.774	0.149	0.566	0.148	0.839	0.148	0.688	0.148	0.783	0.146	0.563	0.145	0.834	0.148	0.586	0.149	0.840	0.147	0.629	0.205	0.850	0.150	0.492	0.142	0.809	0.149	0.528	0.146	0.879												
20:40:01													0.745	0.471	1.198	0.150	0.761	0.151	0.989	0.149	0.795	0.149	0.155	0.149	0.850	0.147	1.153	0.156	0.815	0.144	1.007	0.142	0.804	0.144	0.154	0.146	0.846	0.149	1.042	0.147	0.796	0.144	0.984	0.148	0.842	0.146	0.148	0.148	0.153	0.584	0.886	0.776	0.144	0.582	0.142	0.810	0.149	0.577	0.147	0.867	0.148	0.699	0.148	0.812	0.146	0.568	0.145	0.852	0.148	0.597	0.148	0.873	0.147	0.639	0.203	0.872	0.150	0.495	0.142	0.839	0.149	0.533	0.146	0.901												
21:00:01													0.754	0.474	1.211	0.150	0.770	0.151	1.000	0.149	0.785	0.149	0.155	0.149	0.853	0.147	1.170	0.156	0.821	0.144	1.021	0.142	0.809	0.144	0.153	0.146	0.851	0.149	1.060	0.147	0.801	0.144	1.000	0.148	0.847	0.146	0.150	0.148	0.153	0.597	0.927	0.799	0.144	0.585	0.142	0.834	0.149	0.588	0.147	0.899	0.148	0.710	0.148	0.839	0.146	0.574	0.145	0.874	0.148	0.607	0.148	0.897	0.147	0.652	0.200	0.893	0.150	0.500	0.142	0.869	0.149	0.540	0.146	0.922												
21:20:01													0.772	0.477	1.220	0.150	0.781	0.151	1.012	0.149	0.795	0.149	0.156	0.149	0.857	0.147	1.185	0.161	0.829	0.144	1.025	0.142	0.815	0.143	0.155	0.146	0.858	0.149	1.079	0.146	0.807	0.143	1.003	0.148	0.853	0.146	0.152	0.148	0.153	0.614	0.981	0.834	0.145	0.591	0.142	0.854	0.150	0.599	0.147	0.923	0.148	0.721	0.148	0.863	0.146	0.583	0.146	0.899	0.148	0.613	0.147	0.917	0.147	0.665	0.197	0.904	0.149	0.506	0.142	0.870	0.150	0.545	0.146	0.937												
21:40:01													0.781	0.479	1.235	0.150	0.789	0.151	1.029	0.149	0.809	0.149	0.156	0.149	0.861	0.147	1.207	0.161	0.834	0.145	1.039	0.142	0.820	0.143	0.155	0.146	0.863	0.149	1.105	0.146	0.812	0.143	1.008	0.148	0.858	0.146	0.153	0.148	0.153	0.625	1.024	0.878	0.145	0.594	0.142	0.875	0.150	0.608	0.147	0.943	0.148	0.728	0.148	0.879	0.146	0.589	0.145	0.925	0.148	0.622	0.147	0.935	0.147	0.679	0.196	0.915	0.149	0.511	0.142	0.881	0.150	0.552	0.146	0.955												
22:00:01													0.782	0.481	1.252	0.150	0.794	0.151	1.043	0.149	0.824	0.149	0.157	0.149	0.865	0.147	1.210	0.156	0.839	0.144	1.047	0.142	0.826	0.143	0.155	0.146	0.865	0.149	1.114	0.147	0.815	0.144	1.026	0.148	0.864	0.146	0.154	0.148	0.153	0.630	1.045	0.878	0.144	0.595	0.142	0.898	0.149	0.621	0.147	0.969	0.148	0.732	0.148	0.894	0.146	0.591	0.145	0.939	0.148	0.633	0.148	0.950	0.147	0.689	0.195	0.951	0.150	0.516	0.142	0.890	0.149	0.562	0.146	0.981												
22:20:01													0.790	0.482	1.268	0.150	0.800	0.151	1.064	0.150	0.831	0.149	0.159	0.149	0.869	0.147	1.226	0.156	0.846	0.144	1.062	0.142	0.831	0.143	0.155	0.146	0.871	0.149	1.120	0.147	0.819	0.144	1.032	0.148	0.869	0.146	0.154	0.148	0.153	0.639	1.059	0.914	0.144	0.598	0.142	0.919	0.149	0.632	0.147	0.988	0.148	0.738	0.148	0.910	0.146	0.596	0.145	0.959	0.148	0.641	0.148	0.964	0.147	0.701	0.193	0.973	0.150	0.521	0.142	0.910	0.148	0.567	0.146	1.006												
22:40:01													0.804	0.482	1.302	0.150	0.808	0.150	1.080	0.149	0.835	0.149	0.159	0.149	0.877	0.147	1.237	0.160	0.853	0.144	1.063	0.142	0.835	0.143	0.156	0.146	0.879	0.149	1.138	0.146	0.824	0.143	1.034	0.148	0.875	0.146	0.154	0.148	0.153	0.649	1.058	0.919	0.145	0.606	0.142	0.939	0.150	0.640	0.147	1.001	0.148	0.747	0.148	0.933	0.146	0.606	0.145	0.966	0.148	0.646	0.147	0.987	0.147	0.713	0.192	0.966	0.149	0.530	0.142	0.930	0.150	0.574	0.146	1.018												
23:00:01													0.804	0.484	1.296	0.150	0.813	0.151	1.087	0.149	0.841	0.149	0.160	0.149	0.881	0.147	1.252	0.156	0.858	0.144	1.080	0.142	0.841	0.143	0.157	0.146	0.882	0.149	1.150	0.147	0.827	0.144	1.038	0.148	0.880	0.146	0.157	0.148	0.153	0.653	1.062	0.931	0.144	0.607	0.142	0.954	0.149	0.651	0.147	1.018	0.148	0.752	0.148	0.953	0.146	0.607	0.145	0.980	0.148	0.656	0.148	1.000	0.147	0.721	0.189	0.981	0.150	0.534	0.142	0.944	0.149	0.581	0.146	1.037												
23:20:01													0.811	0.486	1.327	0.150	0.819	0.151	1.093	0.149	0.848	0.149	0.162	0.149	0.885	0.147	1.265	0.156	0.864	0.144	1.095	0.142	0.844	0.143	0.157	0.146	0.887	0.149	1.158	0.147	0.830	0.144	1.038	0.148	0.885	0.146	0.160	0.148	0.153	0.659	1.077	0.932	0.144	0.610	0.142	0.965	0.149	0.660	0.147	1.028	0.148	0.757	0.148	0.982	0.146	0.612	0.145	0.991	0.148	0.664	0.148	1.019	0.147	0.731	0.187	1.006	0.150	0.539	0.142	0.960	0.149	0.589	0.147	1.049												
23:40:01													0.818	0.487	1.346	0.150	0.826	0.151	1.108	0.149	0.855	0.149	0.163	0.149	0.891	0.147	1.278	0.156	0.870	0.144	1.105	0.142	0.849	0.144	0.157	0.146	0.892	0.149	1.175	0.147	0.834	0.144	1.049	0.148	0.890	0.146	0.160	0.148	0.153	0.665	1.092	0.940	0.144	0.614	0.142	0.982	0.149	0.669	0.147	1.034	0.148	0.762	0.148	1.004	0.146	0.617	0.145	0.999	0.148	0.671	0.148	1.032	0.147	0.739	0.185	1.032	0.150	0.545	0.142	0.971	0.148	0.594	0.146	1.056												
24:00:01													0.825	0.489	1.355	0.150	0.832	0.151	1.126	0.149	0.864	0.149	0.165	0.149	0.897	0.147	1.288	0.156	0.876	0.144	1.122	0.142	0.854	0.144	0.159	0.146	0.898	0.149	1.192	0.147	0.837	0.144	1.056	0.148	0.896	0.146	0.159	0.147	0.153	0.671	1.107	0.947	0.144	0.618	0.142	0.994	0.149	0.676	0.147	1.050	0.148	0.768	0.148	1.033	0.146	0.624	0.145	1.010	0.148	0.680	0.148	1.037	0.148	0.746	0.182	1.054	0.150	0.553	0.142	0.976	0.149	0.605	0.146	1.071												
24:20:01													0.832	0.491	1.368	0.150	0.839	0.150	1.137	0.149	0.872	0.149	0.167	0.149	0.901	0.147	1.304	0.156	0.882	0.144	1.141	0.142	0.857	0.143	0.159	0.146	0.904	0.149	1.213	0.147	0.840	0.144	1.065	0.148	0.900	0.146	0.163	0.148	0.153	0.678	1.115	0.956	0.145	0.623	0.142	1.003	0.149	0.682	0.147	1.059	0.148	0.774	0.148	1.058	0.146	0.631	0.145	1.017	0.148	0.688	0.148	1.066	0.148	0.754	0.180	1.078	0.150	0.559	0.142	0.986	0.149	0.609	0.146	1.082												
24:40:01													0.839	0.493	1.376	0.150	0.847	0.151	1.148	0.149	0.881	0.149	0.169	0.149	0.907	0.146	1.329	0.156	0.888	0.144	1.151	0.142	0.861	0.143	0.160	0.146	0.909	0.149	1.221	0.147	0.844	0.144	1.070	0.148	0.905	0.146	0.166	0.147	0.153	0.683	1.123	0.961	0.145	0.627	0.142	1.016	0.149	0.688	0.147	1.071	0.148	0.780	0.148	1.076	0.146	0.637	0.145	1.022	0.148	0.694	0.148	1.072	0.148	0.762	0.175	1.103	0.149	0.567	0.142	0.985	0.148	0.611	0.146	1.098												
25:00:01													0.846	0.496	1.386	0.151	0.855	0.151	1.157	0.149	0.889	0.149	0.171	0.149	0.911	0.146	1.336	0.155	0.893	0.144	1.156	0.142	0.866	0.144	0.160	0.146	0.914	0.148	1.240	0.147	0.847	0.144	1.084	0.148	0.910	0.146	0.164	0.147	0.153	0.690	1.128	0.965	0.144	0.631	0.142	1.025	0.149	0.695	0.147	1.073	0.148	0.785	0.148	1.100	0.146	0.640	0.145	1.026	0.148	0.698	0.148	1.091	0.148	0.771	0.171	1.127	0.150	0.573	0.142	1.001	0.148	0.615	0.146	1.114												
25:20:01													0.852	0.497	1.395	0.150	0.864	0.151	1.182	0.149	0.898	0.149	0.174	0.149	0.916	0.146	1.338	0.155	0.899	0.144	1.158	0.141	0.871	0.143	0.161	0.146	0.919	0.148	1.246	0.146	0.850	0.144	1.091	0.148	0.915	0.146	0.170	0.147	0.153	0.696	1.131	0.974	0.144	0.636	0.142	1.031	0.149	0.702	0.147	1.086	0.148	0.791	0.148	1.114	0.146	0.647	0.145	1.042	0.148	0.701	0.148	1.098	0.148	0.779	0.168	1.150	0.150	0.580	0.142	1.012	0.148	0.619	0.146	1.126												
25:40:01													0.859	0.498	1.401	0.150	0.873	0.150	1.207	0.149	0.906	0.149	0.178	0.149	0.922	0.146	1.347	0.155	0.904	0.144	1.173	0.141	0.875	0.143	0.161	0.146	0.925	0.148	1.262	0.146	0.853	0.143	1.091	0.148	0.920	0.146	0.167	0.147	0.153	0.703	1.133	0.974	0.145	0.640	0.142	1.036	0.149	0.706	0.148	1.094	0.148	0.798	0.148	1.134	0.146	0.654	0.145	1.047	0.148	0.701	0.148	1.112	0.148	0.784	0.164	1.164	0.150	0.587	0.142	1.017	0.148	0.626	0.146	1.139												
26:00:01													0.874	0.500	1.407	0.150	0.881	0.150	1.218	0.149	0.914	0.149	0.182	0.149	0.927	0.146	1.360	0.155	0.909	0.144	1.185	0.142	0.879	0.143	0.162	0.146	0.930	0.148	1.274	0.146	0.856	0.143	1.101	0.148	0.925	0.146	0.169	0.147	0.153	0.710	1.136	0.977	0.144	0.645	0.142	1.046	0.149	0.712	0.147	1.105	0.148	0.804	0.148	1.165	0.146	0.659	0.145	1.063	0.148	0.702	0.148	1.123	0.148	0.789	0.160	1.191	0.150	0.593	0.142	1.033	0.148	0.633	0.146	1.160												
26:20:01													0.895	0.501	1.413	0.150	0.890	0.150	1.246	0.149	0.924	0.149	0.190	0.149	0.933	0.146	1.381	0.154	0.914	0.144	1.196	0.141	0.884	0.143	0.163	0.146	0.934	0.148	1.288	0.146	0.859	0.143	1.123	0.148	0.929	0.146	0.178	0.147	0.153	0.718	1.137	0.987	0.144	0.649	0.142	1.051	0.149	0.714	0.147	1.113	0.148	0.811	0.148	1.181	0.146	0.664	0.145	1.074	0.148	0.703	0.148	1.134	0.148	0.793	0.156	1.206	0.149	0.599	0.142	1.042	0.148	0.639	0.146	1.179												
26:40:01													0.910	0.502	1.415	0.150	0.898	0.151	1.270	0.149	0.932	0.149	0.204	0.149	0.938	0.146	1.397	0.154	0.918	0.144	1.211	0.141	0.888	0.143	0.165	0.146	0.939	0.148	1.295	0.146	0.862	0.143	1.131	0.148	0.933	0.146	0.174	0.147	0.153	0.723	1.139	0.960	0.144	0.654	0.142	1.057	0.149	0.718	0.147	1.122	0.148	0.818	0.148	1.202	0.146	0.670	0.145	1.081	0.148	0.704	0.148	1.141	0.148	0.797	0.152	1.224	0.150	0.606	0.142	1.056	0.148	0.646	0.146	1.192												
27:00:01													0.918	0.504	1.419	0.150	0.906	0.150	1.283	0.149	0.939	0.149	0.215	0.149	0.943	0.146	1.410	0.154	0.923	0.144	1.231	0.142	0.894	0.143	0.166	0.146	0.944	0.148	1.308	0.146	0.864	0.143	1.143	0.148	0.938	0.146	0.178	0.147	0.153	0.728	1.140	0.933	0.144	0.658	0.142	1.064	0.149	0.721	0.147	1.128	0.148	0.825	0.148	1.224	0.145	0.675	0.145	1.095	0.148	0.708	0.148	1.153	0.148	0.803	0.147	1.248	0.149	0.612	0.142	1.063	0.148	0.651	0.146	1.206												
27:20:01													0.924	0.507	1.422	0.150	0.913	0.151	1.294	0.149	0.945	0.149	0.228	0.149	0.949	0.146	1.420	0.153	0.929	0.144	1.265	0.142	0.899	0.144	0.169	0.146	0.950	0.148	1.319	0.146	0.868	0.143	1.150	0.148	0.943	0.146	0.181	0.147	0.153	0.733	1.140	0.909	0.144	0.662	0.142	1.074	0.149	0.725	0.147	1.142	0.148	0.831	0.148	1.239	0.146	0.680	0.145	1.097	0.148	0.713	0.148	1.166	0.148	0.807	0.145	1.274	0.149	0.619	0.142	1.074	0.148	0.657	0.146	1.218												
27:40:01													0.926	0.512	1.422	0.151	0.920	0.151	1.305	0.149	0.954	0.149	0.243	0.149	0.953	0.146	1.426	0.153	0.933	0.144	1.281	0.142	0.908	0.143	0.174	0.146	0.955	0.148	1.332	0.145	0.872	0.144	1.163	0.148	0.948	0.146	0.193	0.147	0.153	0.740	1.139	0.905	0.144	0.666	0.142	1.081	0.149	0.728	0.147	1.149	0.148	0.839	0.148	1.236	0.145	0.685	0.145	1.104	0.148	0.714	0.148	1.183	0.148	0.812	0.145	1.296	0.149	0.626	0.142	1.088	0.148	0.662	0.146	1.233												
28:00:01													0.931	0.515	1.424	0.151	0.929	0.150	1.319	0.149	0.963	0.149	0.265	0.149	0.959	0.146	1.436	0.157	0.939	0.144	1.279	0.142	0.912	0.143	0.178	0.146	0.962	0.148	1.350	0.144	0.875	0.143	1.171	0.148	0.953	0.146	0.203	0.147	0.153	0.748	1.144	0.907	0.145	0.673	0.142	1.086	0.150	0.729	0.147	1.159	0.148	0.849	0.148	1.255	0.145	0.693	0.146	1.115	0.148	0.713	0.147	1.194	0.147	0.818	0.145	1.305	0.149	0.638	0.142	1.101	0.149	0.666	0.146	1.252												
28:20:01													0.927	0.517	1.422	0.151	0.934	0.151	1.327	0.149	0.972	0.149	0.283	0.149	0.962	0.146	1.440	0.153	0.944	0.144	1.298	0.141	0.914	0.143	0.184	0.146	0.964	0.148	1.356	0.145	0.878	0.144	1.186	0.147	0.956	0.146	0.224	0.147	0.152	0.752	1.143	0.912	0.144	0.674	0.142	1.091	0.149	0.730	0.147	1.171	0.148	0.853	0.148	1.269	0.145	0.693	0.145	1.128	0.148	0.713	0.148	1.208	0.148	0.822	0.145	1.324	0.149	0.640	0.142	1.115	0.148	0.668	0.146	1.278												
28:40:01													0.927	0.516	1.421	0.151	0.943	0.151	1.339	0.149	0.981	0.149	0.314	0.149	0.968	0.146	1.446	0.153	0.949	0.144	1.322	0.141	0.916	0.143	0.195	0.146	0.968	0.148	1.367	0.145	0.881	0.144	1.201	0.147	0.960	0.146	0.234	0.147	0.153	0.757	1.141	0.920	0.145	0.679	0.142	1.104	0.149	0.731	0.147	1.184	0.148	0.859	0.148	1.285	0.145	0.698	0.145	1.129	0.148	0.713	0.148	1.222	0.148	0.828	0.145	1.350	0.150	0.647	0.142	1.134	0.148	0.670	0.146	1.285												
29:00:01													0.927	0.516	1.421	0.151	0.951	0.151	1.348	0.149	0.989	0.149	0.347	0.149	0.973	0.146	1.450	0.153	0.955	0.144	1.324	0.142	0.918	0.143	0.208	0.146	0.973	0.148	1.375	0.145	0.885	0.144	1.196	0.147	0.964	0.146	0.246	0.147	0.153	0.763	1.141	0.932	0.144	0.684	0.142	1.113	0.149	0.733	0.147	1.193	0.148	0.866	0.148	1.291	0.145	0.703	0.145	1.139	0.148	0.713	0.148	1.235	0.148	0.833	0.145	1.369	0.149	0.652	0.143	1.151	0.148	0.673	0.146	1.302												
29:20:01													0.926	0.514	1.421	0.151	0.957	0.151	1.356	0.149	0.996	0.149	0.391	0.149	0.978	0.146	1.452	0.152	0.962	0.144	1.337	0.142	0.920	0.144	0.222	0.146	0.978	0.148	1.382	0.145	0.889	0.144	1.215	0.147	0.968	0.146	0.262	0.147	0.153	0.769	1.141	0.939	0.145	0.689	0.142	1.119	0.149	0.733	0.148	1.205	0.148	0.873	0.148	1.307	0.145	0.708	0.145	1.148	0.148	0.713	0.148	1.248	0.148	0.840	0.145	1.381	0.150	0.657	0.143	1.165	0.148	0.675	0.147	1.316												
29:40:01													0.926	0.513	1.423	0.151	0.967	0.151	1.365	0.149	1.004	0.149	0.431	0.149	0.983	0.146	1.452	0.152	0.970	0.144	1.351	0.142	0.923	0.144	0.230	0.146	0.983	0.148	1.389	0.145	0.893	0.144	1.218	0.147	0.972	0.146	0.280	0.147	0.153	0.774	1.139	0.944	0.145	0.694	0.142	1.124	0.149	0.734	0.148	1.224	0.148	0.880	0.148	1.321	0.145	0.711	0.145	1.159	0.148	0.714	0.148	1.260	0.147	0.846	0.145	1.396	0.150	0.662	0.143	1.177	0.148	0.677	0.147	1.335												
30:00:01													0.925	0.511	1.422	0.151	0.979	0.151	1.366	0.149	1.015	0.149	0.471	0.149	0.989	0.146	1.452	0.152	0.980	0.144	1.362	0.142	0.926	0.143	0.242	0.146	0.988	0.148	1.397	0.145	0.896	0.144	1.232	0.147	0.978	0.146	0.304	0.147	0.153	0.781	1.139	0.948	0.145	0.698	0.142	1.133	0.149	0.735	0.148	1.236	0.148	0.887	0.148	1.332	0.145	0.714	0.145	1.171	0.148	0.716	0.148	1.271	0.148	0.852	0.145	1.407	0.150	0.665	0.143	1.199	0.148	0.680	0.147	1.361												
30:20:01													0.924	0.510	1.422	0.151	0.991	0.151	1.370	0.149	1.024	0.149	0.507	0.149	0.995	0.146	1.452	0.151	0.988	0.144	1.368	0.142	0.930	0.144	0.256	0.146	0.993	0.148	1.403	0.145	0.900	0.143	1.248	0.147	0.987	0.146	0.347	0.147	0.153	0.787	1.136	0.951	0.145	0.701	0.142	1.141	0.149	0.736	0.147	1.252	0.148	0.894	0.148	1.347	0.145	0.716	0.145	1.174	0.148	0.718	0.148	1.274	0.148	0.857	0.145	1.417	0.149	0.667	0.143	1.215	0.148	0.683	0.147	1.388												
30:40:01													0.922	0.509	1.424	0.151	1.001	0.151	1.374	0.149	1.029	0.149	0.552	0.149	1.001	0.146	1.452	0.151	0.993	0.144	1.374	0.142	0.934	0.144	0.273	0.146	0.997	0.148	1.410	0.145	0.904	0.143	1.257	0.147	0.991	0.146	0.382	0.148	0.153	0.792	1.137	0.954	0.145	0.704	0.142	1.149	0.149	0.737	0.148	1.266	0.148	0.901	0.148	1.357	0.145	0.717	0.145	1.189	0.148	0.720	0.148	1.292	0.148	0.862	0.145	1.421	0.149	0.668	0.143	1.231	0.148	0.688	0.147	1.403												
31:00:01													0.921	0.508	1.427	0.151	1.008	0.151	1.378	0.149	1.034	0.149	0.577	0.149	1.008	0.146	1.452	0.151	0.998	0.144	1.378	0.142	0.939	0.144	0.301	0.146	1.002	0.148	1.415	0.145	0.908	0.143	1.257	0.147	0.994	0.146	0.407	0.148	0.153	0.797	1.139	0.957	0.145	0.707	0.142	1.156	0.149	0.738	0.148	1.285	0.148	0.909	0.148	1.374	0.145	0.718	0.145	1.196	0.148	0.722	0.148	1.307	0.148	0.866	0.145	1.427	0.150	0.669	0.143	1.252	0.148	0.691	0.147	1.423												
31:20:01													0.920	0.508	1.433	0.151	1.023	0.151	1.381	0.149	1.038	0.149	0.604	0.149	1.016	0.146	1.454	0.151	1.005	0.144	1.387	0.142	0.944	0.144	0.339	0.146	1.008	0.148	1.422	0.145	0.912	0.143	1.275	0.147	0.997	0.146	0.430	0.147	0.153	0.802	1.139	0.959	0.145	0.710	0.142	1.165	0.149	0.740	0.148	1.296	0.148	0.916	0.148	1.391	0.145	0.719	0.145	1.211	0.148	0.723	0.148	1.325	0.148	0.870	0.145	1.429	0.149	0.669	0.143	1.263	0.148	0.696	0.147	1.438												
31:40:01													0.918	0.508	1.438	0.151	1.034	0.151	1.383	0.149	1.044	0.149	0.631	0.149	1.024	0.146	1.455	0.150	1.012	0.144	1.394	0.142	0.948	0.144	0.375	0.145	1.013	0.148	1.426	0.145	0.915	0.143	1.288	0.147	1.000	0.146	0.452	0.147	0.153	0.808	1.142	0.961	0.145	0.713	0.142	1.173	0.149	0.741	0.147	1.308	0.148	0.923	0.148	1.393	0.145	0.720	0.145	1.217	0.148	0.725	0.148	1.342	0.147	0.875	0.145	1.427	0.150	0.669	0.143	1.279	0.148	0.699	0.147	1.447												
32:00:01													0.917	0.508	1.448	0.151	1.037	0.151	1.383	0.149	1.050	0.149	0.670	0.149	1.031	0.146	1.456	0.150	1.018	0.144	1.404	0.142	0.953	0.143	0.409	0.145	1.019	0.148	1.430	0.145	0.920	0.143	1.294	0.147	1.003	0.146	0.476	0.147	0.153	0.813	1.149	0.964	0.145	0.716	0.142	1.181	0.149	0.743	0.147	1.314	0.148	0.930	0.148	1.408	0.145	0.722	0.145	1.231	0.148	0.726	0.148	1.352	0.148	0.880	0.145	1.425	0.150	0.669	0.143	1.300	0.148	0.703	0.147	1.454												
32:20:01													0.916	0.507	1.460	0.151	1.045	0.150	1.383	0.149	1.057	0.149	0.711	0.149	1.038	0.146	1.457	0.149	1.025	0.144	1.411	0.142	0.958	0.143	0.439	0.145	1.025	0.148	1.435	0.145	0.924	0.143	1.308	0.147	1.005	0.145	0.493	0.147	0.153	0.817	1.154	0.968	0.144	0.719	0.142	1.194	0.149	0.744	0.147	1.329	0.148	0.936	0.148	1.425	0.145	0.723	0.145	1.240	0.147	0.727	0.147	1.371	0.148	0.886	0.145	1.422	0.149	0.668	0.143	1.308	0.148	0.710	0.147	1.458												
32:40:01													0.914	0.508	1.472	0.151	1.055	0.150	1.384	0.149	1.063	0.149	0.736	0.149	1.044	0.146	1.460	0.149	1.030	0.144	1.414	0.142	0.962	0.143	0.469	0.145	1.031	0.148	1.438	0.145	0.928	0.143	1.321	0.147	1.008	0.145	0.513	0.147	0.152	0.822	1.157	0.970	0.144	0.722	0.142	1.208	0.149	0.745	0.147	1.337	0.148	0.942	0.148	1.440	0.145	0.724	0.145	1.248	0.147	0.729	0.147	1.390	0.147	0.892	0.145	1.421	0.149	0.667	0.143	1.325	0.148	0.714	0.147	1.463												
33:00:01													0.914	0.513	1.476	0.150	1.065	0.150	1.385	0.149	1.070	0.149	0.735	0.149	1.052	0.146	1.465	0.150	1.036	0.144	1.417	0.142	0.966	0.143	0.495	0.146	1.041	0.147	1.445	0.144	0.932	0.143	1.323	0.147	1.012	0.146	0.555	0.147	0.153	0.830	1.163	0.975	0.145	0.728	0.142	1.212	0.149	0.745	0.147	1.353	0.147	0.950	0.147	1.449	0.145	0.729	0.146	1.267	0.148	0.731	0.147	1.404	0.147	0.899	0.145	1.423	0.149	0.668	0.143	1.347	0.149	0.717	0.146	1.464												
33:20:01													0.912	0.509	1.450	0.151	1.069	0.150	1.384	0.149	1.077	0.149	0.726	0.149	1.057	0.146	1.466	0.148	1.041	0.144	1.416	0.142	0.970	0.143	0.526	0.145	1.044	0.147	1.444	0.145	0.936	0.143	1.328	0.147	1.014	0.145	0.613	0.147	0.153	0.832	1.163	0.979	0.144	0.728	0.142	1.222	0.149	0.746	0.147	1.377	0.148	0.952	0.148	1.460	0.145	0.728	0.145	1.272	0.147	0.732	0.148	1.416	0.148	0.903	0.145	1.423	0.149	0.666	0.143	1.364	0.148	0.722	0.147	1.465												
33:40:01													0.908	0.507	1.414	0.150	1.071	0.151	1.385	0.149	1.084	0.150	0.754	0.149	1.062	0.146	1.465	0.148	1.046	0.144	1.418	0.142	0.974	0.143	0.550	0.145	1.047	0.148	1.445	0.145	0.939	0.143	1.334	0.147	1.018	0.146	0.640	0.147	0.152	0.836	1.165	0.982	0.144	0.732	0.142	1.231	0.148	0.750	0.147	1.394	0.148	0.956	0.148	1.461	0.145	0.729	0.145	1.284	0.147	0.735	0.148	1.422	0.147	0.909	0.145	1.421	0.148	0.667	0.143	1.376	0.149	0.728	0.146	1.467												
34:00:01													0.909	0.511	1.372	0.151	1.075	0.150	1.385	0.149	1.090	0.149	0.822	0.149	1.069	0.146	1.464	0.148	1.051	0.144	1.417	0.142	0.977	0.143	0.578	0.145	1.053	0.147	1.448	0.145	0.944	0.143	1.343	0.147	1.019	0.145	0.670	0.147	0.152	0.841	1.168	0.983	0.144	0.735	0.142	1.245	0.149	0.749	0.147	1.408	0.148	0.962	0.148	1.457	0.145	0.731	0.145	1.308	0.147	0.735	0.147	1.431	0.147	0.916	0.145	1.424	0.149	0.667	0.143	1.385	0.148	0.730	0.147	1.462												
34:20:01													0.908	0.512	1.349	0.151	1.077	0.150	1.385	0.149	1.094	0.150	0.813	0.149	1.075	0.146	1.462	0.147	1.054	0.144	1.420	0.142	0.981	0.143	0.607	0.145	1.057	0.147	1.454	0.145	0.947	0.143	1.352	0.147	1.022	0.145	0.704	0.147	0.152	0.846	1.169	0.986	0.144	0.738	0.142	1.253	0.149	0.750	0.147	1.420	0.148	0.965	0.148	1.453	0.145	0.732	0.145	1.318	0.147	0.737	0.147	1.441	0.148	0.922	0.145	1.428	0.149	0.667	0.143	1.391	0.148	0.733	0.147	1.463												
34:40:01													0.906	0.513	1.339	0.151	1.078	0.150	1.392	0.149	1.098	0.150	0.827	0.149	1.080	0.146	1.462	0.147	1.058	0.144	1.424	0.142	0.985	0.143	0.644	0.145	1.061	0.147	1.450	0.145	0.951	0.143	1.365	0.147	1.024	0.145	0.719	0.147	0.152	0.850	1.169	0.988	0.145	0.741	0.142	1.264	0.149	0.751	0.147	1.432	0.148	0.970	0.148	1.454	0.145	0.734	0.145	1.340	0.147	0.738	0.147	1.449	0.148	0.927	0.145	1.428	0.149	0.667	0.143	1.399	0.148	0.737	0.147	1.461												
35:00:01													0.905	0.514	1.339	0.151	1.080	0.150	1.405	0.149	1.102	0.151	0.859	0.149	1.086	0.146	1.460	0.147	1.061	0.144	1.425	0.142	0.989	0.143	0.658	0.145	1.066	0.147	1.454	0.145	0.955	0.143	1.371	0.147	1.026	0.145	0.743	0.147	0.153	0.854	1.168	0.989	0.144	0.744	0.142	1.274	0.149	0.754	0.147	1.444	0.148	0.974	0.147	1.456	0.145	0.736	0.145	1.350	0.147	0.739	0.147	1.450	0.148	0.932	0.145	1.428	0.149	0.668	0.143	1.398	0.148	0.741	0.147	1.457												
35:20:01													0.905	0.522	1.347	0.150	1.083	0.150	1.423	0.149	1.105	0.151	0.875	0.149	1.091	0.146	1.462	0.147	1.066	0.144	1.426	0.142	0.992	0.143	0.683	0.145	1.072	0.147	1.457	0.144	0.959	0.143	1.382	0.147	1.028	0.145	0.768	0.147	0.153	0.861	1.170	0.989	0.145	0.750	0.142	1.280	0.149	0.755	0.147	1.451	0.147	0.980	0.147	1.454	0.145	0.741	0.146	1.363	0.147	0.741	0.147	1.450	0.147	0.939	0.145	1.429	0.148	0.671	0.143	1.399	0.149	0.744	0.146	1.449												
35:40:01													0.904	0.518	1.352	0.151	1.083	0.151	1.429	0.150	1.107	0.153	0.875	0.149	1.097	0.146	1.461	0.147	1.071	0.144	1.425	0.142	0.997	0.143	0.699	0.145	1.075	0.147	1.452	0.145	0.964	0.143	1.385	0.147	1.031	0.145	0.802	0.147	0.153	0.863	1.167	0.991	0.144	0.750	0.142	1.285	0.149	0.759	0.147	1.463	0.148	0.981	0.147	1.456	0.145	0.741	0.145	1.364	0.147	0.744	0.147	1.452	0.147	0.943	0.145	1.432	0.149	0.670	0.143	1.399	0.148	0.749	0.147	1.442												
36:00:01													0.903	0.527	1.359	0.150	1.085	0.150	1.422	0.149	1.109	0.154	0.885	0.149	1.101	0.146	1.467	0.147	1.074	0.144	1.427	0.142	1.000	0.143	0.717	0.146	1.082	0.147	1.455	0.144	0.968	0.142	1.392	0.147	1.034	0.146	0.804	0.147	0.153	0.871	1.168	0.991	0.145	0.755	0.142	1.293	0.149	0.759	0.147	1.469	0.147	0.987	0.147	1.457	0.145	0.745	0.146	1.375	0.147	0.745	0.147	1.447	0.147	0.948	0.145	1.438	0.148	0.673	0.143	1.396	0.149	0.752	0.146	1.440												
36:20:01													0.901	0.521	1.361	0.151	1.084	0.150	1.378	0.150	1.109	0.157	0.895	0.149	1.104	0.146	1.470	0.147	1.077	0.144	1.427	0.142	1.004	0.143	0.741	0.145	1.083	0.147	1.452	0.145	0.972	0.143	1.395	0.147	1.035	0.145	0.821	0.147	0.153	0.870	1.163	0.991	0.144	0.755	0.142	1.293	0.149	0.761	0.147	1.478	0.148	0.987	0.147	1.458	0.145	0.744	0.145	1.393	0.147	0.747	0.147	1.448	0.147	0.952	0.145	1.442	0.149	0.671	0.143	1.393	0.148	0.757	0.147	1.454												
36:40:02													0.899	0.523	1.367	0.151	1.084	0.150	1.337	0.150	1.110	0.161	0.919	0.149	1.108	0.146	1.481	0.147	1.078	0.144	1.429	0.142	1.006	0.143	0.773	0.145	1.087	0.147	1.456	0.145	0.977	0.143	1.399	0.147	1.038	0.146	0.826	0.147	0.153	0.874	1.161	0.990	0.145	0.757	0.142	1.292	0.149	0.763	0.147	1.482	0.148	0.990	0.148	1.459	0.145	0.746	0.145	1.405	0.147	0.749	0.147	1.447	0.147	0.956	0.145	1.449	0.149	0.672	0.143	1.392	0.148	0.761	0.147	1.471												
37:00:01													0.899	0.525	1.372	0.151	1.085	0.151	1.316	0.150	1.111	0.164	0.935	0.149	1.111	0.146	1.495	0.147	1.080	0.144	1.426	0.142	1.010	0.143	0.784	0.145	1.092	0.147	1.457	0.145	0.983	0.143	1.403	0.147	1.040	0.145	0.839	0.147	0.153	0.877	1.159	0.988	0.145	0.759	0.142	1.306	0.149	0.765	0.147	1.485	0.148	0.992	0.147	1.461	0.145	0.748	0.145	1.418	0.147	0.751	0.147	1.444	0.148	0.961	0.145	1.456	0.149	0.673	0.143	1.391	0.148	0.766	0.147	1.484												
37:20:02													0.898	0.526	1.377	0.151	1.085	0.151	1.312	0.150	1.112	0.169	0.951	0.149	1.114	0.146	1.502	0.147	1.082	0.144	1.426	0.142	1.014	0.143	0.819	0.145	1.096	0.147	1.461	0.145	0.987	0.143	1.404	0.147	1.042	0.146	0.842	0.147	0.153	0.881	1.156	0.987	0.145	0.762	0.142	1.336	0.149	0.766	0.147	1.484	0.148	0.995	0.147	1.463	0.145	0.750	0.145	1.427	0.147	0.753	0.147	1.442	0.147	0.967	0.145	1.463	0.149	0.675	0.143	1.392	0.148	0.770	0.147	1.497												
37:40:02													0.897	0.529	1.381	0.151	1.085	0.151	1.316	0.150	1.112	0.175	0.967	0.149	1.116	0.146	1.513	0.147	1.084	0.144	1.424	0.142	1.017	0.143	0.843	0.145	1.100	0.147	1.460	0.145	0.991	0.143	1.407	0.147	1.044	0.145	0.852	0.147	0.153	0.884	1.154	0.986	0.145	0.765	0.142	1.343	0.149	0.768	0.147	1.484	0.148	0.998	0.147	1.464	0.145	0.751	0.145	1.433	0.147	0.755	0.147	1.437	0.147	0.972	0.145	1.471	0.149	0.676	0.143	1.389	0.148	0.775	0.147	1.504												
38:00:02													0.896	0.531	1.384	0.151	1.085	0.151	1.323	0.150	1.112	0.180	0.992	0.149	1.118	0.146	1.521	0.147	1.086	0.144	1.425	0.142	1.021	0.143	0.850	0.145	1.105	0.147	1.457	0.145	0.995	0.143	1.406	0.147	1.047	0.145	0.866	0.147	0.153	0.887	1.151	0.983	0.145	0.768	0.142	1.353	0.149	0.770	0.147	1.479	0.148	1.000	0.147	1.468	0.145	0.754	0.145	1.441	0.147	0.757	0.147	1.438	0.148	0.976	0.145	1.476	0.149	0.677	0.143	1.392	0.148	0.779	0.147	1.500												
38:20:02													0.895	0.533	1.387	0.151	1.084	0.150	1.333	0.150	1.112	0.184	1.004	0.149	1.119	0.146	1.525	0.147	1.087	0.144	1.433	0.142	1.024	0.143	0.856	0.145	1.110	0.147	1.460	0.145	0.999	0.143	1.410	0.147	1.049	0.145	0.883	0.147	0.153	0.891	1.150	0.983	0.144	0.771	0.142	1.355	0.149	0.770	0.147	1.477	0.147	1.002	0.147	1.471	0.145	0.755	0.145	1.445	0.147	0.759	0.147	1.433	0.147	0.981	0.145	1.476	0.149	0.678	0.143	1.393	0.148	0.783	0.147	1.470												
38:40:02													0.892	0.533	1.392	0.150	1.083	0.151	1.343	0.150	1.113	0.187	1.018	0.149	1.122	0.146	1.542	0.147	1.090	0.144	1.443	0.142	1.029	0.143	0.865	0.145	1.114	0.147	1.457	0.145	1.001	0.143	1.409	0.147	1.053	0.146	0.909	0.147	0.152	0.896	1.147	0.983	0.144	0.774	0.142	1.357	0.148	0.776	0.147	1.477	0.148	1.005	0.148	1.471	0.145	0.757	0.146	1.450	0.147	0.762	0.147	1.428	0.147	0.984	0.145	1.433	0.148	0.681	0.143	1.394	0.149	0.789	0.147	1.428												
39:00:02													0.894	0.538	1.394	0.151	1.083	0.151	1.347	0.150	1.112	0.190	1.041	0.149	1.123	0.146	1.542	0.147	1.092	0.144	1.452	0.143	1.031	0.143	0.882	0.145	1.120	0.147	1.457	0.145	1.006	0.143	1.409	0.147	1.054	0.145	0.916	0.147	0.153	0.899	1.145	0.978	0.145	0.777	0.142	1.366	0.149	0.774	0.147	1.474	0.147	1.008	0.147	1.474	0.145	0.760	0.146	1.449	0.147	0.762	0.147	1.430	0.147	0.990	0.145	1.384	0.148	0.680	0.143	1.389	0.148	0.793	0.147	1.371												
39:20:02													0.893	0.541	1.397	0.151	1.083	0.150	1.353	0.150	1.112	0.191	1.056	0.149	1.124	0.146	1.534	0.147	1.093	0.144	1.461	0.143	1.034	0.143	0.900	0.145	1.125	0.147	1.457	0.145	1.009	0.143	1.411	0.147	1.057	0.145	0.935	0.147	0.153	0.903	1.143	0.978	0.145	0.779	0.142	1.384	0.149	0.776	0.147	1.473	0.147	1.010	0.147	1.473	0.145	0.761	0.146	1.449	0.147	0.764	0.147	1.430	0.147	0.994	0.145	1.346	0.149	0.681	0.143	1.393	0.148	0.797	0.147	1.336												
39:40:02													0.893	0.550	1.403	0.150	1.084	0.150	1.361	0.149	1.112	0.193	1.074	0.149	1.127	0.146	1.532	0.148	1.096	0.145	1.473	0.143	1.037	0.143	0.898	0.145	1.132	0.147	1.460	0.144	1.013	0.143	1.413	0.147	1.060	0.146	0.953	0.147	0.153	0.909	1.144	0.975	0.145	0.784	0.142	1.404	0.149	0.778	0.147	1.470	0.147	1.016	0.147	1.472	0.145	0.766	0.146	1.449	0.147	0.765	0.147	1.437	0.147	0.999	0.145	1.335	0.149	0.685	0.143	1.389	0.149	0.800	0.147	1.316												
40:00:02													0.889	0.541	1.403	0.150	1.081	0.151	1.367	0.150	1.112	0.194	1.092	0.149	1.126	0.146	1.523	0.147	1.098	0.144	1.481	0.143	1.042	0.143	0.925	0.145	1.130	0.147	1.460	0.145	1.014	0.143	1.413	0.147	1.062	0.146	0.967	0.147	0.152	0.909	1.139	0.974	0.144	0.784	0.142	1.408	0.148	0.780	0.147	1.473	0.148	1.015	0.148	1.475	0.145	0.764	0.146	1.449	0.147	0.767	0.147	1.446	0.147	1.001	0.145	1.335	0.148	0.684	0.143	1.391	0.149	0.806	0.147	1.323												
40:20:02													0.891	0.547	1.405	0.151	1.082	0.151	1.372	0.150	1.111	0.195	1.123	0.149	1.127	0.146	1.520	0.147	1.099	0.144	1.488	0.143	1.043	0.143	0.938	0.145	1.133	0.147	1.461	0.145	1.018	0.143	1.414	0.147	1.064	0.145	0.981	0.147	0.152	0.912	1.137	0.970	0.144	0.786	0.142	1.415	0.149	0.780	0.147	1.470	0.147	1.017	0.147	1.477	0.145	0.767	0.146	1.447	0.147	0.768	0.147	1.451	0.147	1.006	0.145	1.343	0.149	0.685	0.143	1.391	0.148	0.809	0.147	1.327												
40:40:02													0.890	0.549	1.407	0.151	1.082	0.150	1.377	0.150	1.110	0.197	1.150	0.149	1.128	0.146	1.522	0.147	1.102	0.144	1.493	0.143	1.046	0.143	0.961	0.145	1.135	0.147	1.465	0.145	1.022	0.143	1.417	0.147	1.067	0.145	1.005	0.147	0.152	0.915	1.134	0.969	0.144	0.789	0.142	1.421	0.149	0.782	0.147	1.468	0.147	1.020	0.147	1.476	0.145	0.769	0.146	1.444	0.147	0.769	0.147	1.460	0.147	1.010	0.145	1.352	0.149	0.686	0.143	1.395	0.148	0.813	0.147	1.337												
41:00:02													0.890	0.552	1.408	0.151	1.082	0.150	1.381	0.150	1.109	0.197	1.169	0.149	1.130	0.146	1.518	0.147	1.103	0.144	1.498	0.143	1.050	0.143	0.984	0.145	1.137	0.147	1.467	0.145	1.024	0.143	1.417	0.147	1.069	0.145	1.014	0.147	0.153	0.918	1.132	0.968	0.144	0.791	0.142	1.429	0.149	0.784	0.147	1.465	0.147	1.022	0.147	1.481	0.145	0.770	0.146	1.444	0.147	0.770	0.147	1.473	0.148	1.015	0.145	1.359	0.149	0.688	0.143	1.397	0.148	0.817	0.147	1.348												
41:20:02													0.889	0.554	1.410	0.151	1.082	0.150	1.385	0.150	1.109	0.198	1.195	0.149	1.131	0.146	1.515	0.147	1.104	0.144	1.502	0.143	1.054	0.143	1.009	0.145	1.140	0.147	1.472	0.145	1.027	0.143	1.417	0.147	1.072	0.145	1.029	0.147	0.153	0.921	1.131	0.966	0.144	0.794	0.142	1.432	0.148	0.785	0.147	1.463	0.147	1.024	0.147	1.478	0.145	0.772	0.146	1.445	0.147	0.771	0.147	1.479	0.147	1.020	0.145	1.367	0.149	0.689	0.143	1.406	0.148	0.820	0.147	1.360												
41:40:02													0.888	0.556	1.410	0.151	1.081	0.150	1.389	0.150	1.108	0.198	1.219	0.149	1.131	0.146	1.511	0.147	1.106	0.144	1.506	0.143	1.058	0.143	1.041	0.145	1.141	0.147	1.474	0.145	1.031	0.143	1.418	0.147	1.075	0.146	1.042	0.147	0.152	0.924	1.128	0.964	0.144	0.796	0.142	1.434	0.148	0.786	0.147	1.461	0.147	1.026	0.147	1.482	0.145	0.773	0.146	1.444	0.147	0.773	0.147	1.490	0.147	1.024	0.145	1.375	0.149	0.690	0.143	1.407	0.148	0.823	0.147	1.371												
42:00:02													0.888	0.559	1.411	0.151	1.081	0.151	1.393	0.150	1.107	0.198	1.241	0.149	1.133	0.146	1.499	0.147	1.107	0.144	1.509	0.143	1.061	0.143	1.064	0.145	1.142	0.147	1.478	0.145	1.032	0.143	1.421	0.147	1.077	0.145	1.059	0.147	0.153	0.928	1.126	0.961	0.144	0.799	0.142	1.436	0.148	0.788	0.147	1.459	0.147	1.027	0.147	1.482	0.145	0.775	0.146	1.443	0.147	0.774	0.147	1.498	0.147	1.033	0.145	1.381	0.149	0.691	0.143	1.415	0.148	0.827	0.147	1.381												
42:20:02													0.887	0.561	1.411	0.151	1.081	0.150	1.396	0.150	1.106	0.198	1.256	0.149	1.133	0.146	1.492	0.147	1.108	0.144	1.514	0.143	1.064	0.143	1.094	0.145	1.143	0.147	1.481	0.145	1.035	0.143	1.420	0.147	1.080	0.145	1.077	0.147	0.153	0.931	1.124	0.960	0.144	0.801	0.142	1.436	0.148	0.789	0.147	1.462	0.147	1.030	0.147	1.482	0.145	0.777	0.146	1.445	0.147	0.774	0.147	1.507	0.147	1.039	0.145	1.386	0.149	0.692	0.143	1.420	0.148	0.830	0.147	1.391												
42:40:02													0.887	0.563	1.411	0.151	1.080	0.151	1.399	0.150	1.105	0.199	1.254	0.149	1.134	0.146	1.488	0.147	1.109	0.144	1.517	0.143	1.068	0.143	1.111	0.145	1.145	0.147	1.483	0.145	1.038	0.143	1.420	0.147	1.083	0.145	1.095	0.147	0.153	0.934	1.122	0.959	0.144	0.804	0.142	1.434	0.148	0.790	0.147	1.466	0.147	1.031	0.147	1.486	0.145	0.778	0.146	1.446	0.147	0.776	0.147	1.516	0.147	1.043	0.145	1.391	0.149	0.693	0.143	1.428	0.148	0.832	0.147	1.400												
43:00:02													0.887	0.567	1.409	0.151	1.080	0.150	1.401	0.150	1.104	0.201	1.269	0.149	1.135	0.146	1.486	0.147	1.110	0.144	1.512	0.143	1.071	0.143	1.135	0.145	1.146	0.147	1.486	0.145	1.041	0.143	1.421	0.147	1.086	0.145	1.119	0.147	0.153	0.936	1.121	0.957	0.144	0.807	0.142	1.433	0.148	0.792	0.147	1.468	0.147	1.034	0.147	1.487	0.145	0.780	0.146	1.447	0.147	0.778	0.147	1.521	0.147	1.046	0.145	1.397	0.149	0.694	0.143	1.435	0.148	0.835	0.147	1.409												
43:20:02													0.884	0.565	1.410	0.151	1.078	0.150	1.404	0.150	1.105	0.203	1.284	0.149	1.134	0.146	1.484	0.147	1.112	0.144	1.516	0.143	1.075	0.143	1.151	0.145	1.145	0.147	1.490	0.145	1.043	0.143	1.419	0.147	1.089	0.146	1.144	0.147	0.152	0.940	1.119	0.957	0.144	0.810	0.142	1.432	0.148	0.794	0.146	1.472	0.147	1.036	0.148	1.489	0.144	0.781	0.146	1.450	0.147	0.779	0.147	1.523	0.147	1.048	0.145	1.399	0.148	0.696	0.143	1.439	0.148	0.837	0.147	1.418												
43:40:02													0.883	0.569	1.411	0.150	1.078	0.151	1.407	0.150	1.104	0.205	1.302	0.150	1.135	0.146	1.478	0.148	1.113	0.144	1.514	0.143	1.080	0.143	1.178	0.145	1.146	0.147	1.492	0.145	1.047	0.143	1.420	0.147	1.091	0.146	1.162	0.147	0.152	0.943	1.117	0.955	0.144	0.812	0.142	1.430	0.148	0.796	0.147	1.473	0.147	1.039	0.148	1.493	0.145	0.783	0.146	1.450	0.147	0.780	0.147	1.522	0.147	1.050	0.145	1.405	0.148	0.698	0.143	1.443	0.149	0.840	0.147	1.425												
44:00:02													0.882	0.572	1.409	0.151	1.077	0.150	1.408	0.150	1.103	0.205	1.307	0.149	1.135	0.146	1.474	0.148	1.114	0.144	1.509	0.143	1.085	0.143	1.203	0.145	1.146	0.147	1.492	0.145	1.050	0.143	1.417	0.147	1.093	0.146	1.176	0.147	0.153	0.946	1.114	0.952	0.144	0.814	0.142	1.429	0.148	0.797	0.147	1.480	0.147	1.041	0.148	1.493	0.145	0.784	0.146	1.450	0.147	0.781	0.147	1.516	0.147	1.051	0.145	1.410	0.149	0.699	0.143	1.446	0.148	0.842	0.147	1.431												
44:20:02													0.884	0.579	1.408	0.151	1.078	0.150	1.409	0.150	1.101	0.202	1.314	0.149	1.135	0.146	1.466	0.148	1.115	0.144	1.498	0.143	1.089	0.143	1.220	0.145	1.148	0.147	1.494	0.145	1.054	0.143	1.416	0.147	1.093	0.146	1.198	0.147	0.152	0.949	1.113	0.951	0.144	0.817	0.143	1.429	0.148	0.797	0.147	1.485	0.147	1.043	0.147	1.495	0.145	0.786	0.146	1.452	0.147	0.782	0.147	1.500	0.148	1.052	0.145	1.416	0.149	0.698	0.143	1.450	0.148	0.844	0.147	1.435												
44:40:02													0.885	0.581	1.409	0.151	1.078	0.150	1.411	0.150	1.100	0.200	1.319	0.149	1.136	0.146	1.462	0.148	1.116	0.144	1.491	0.143	1.094	0.144	1.240	0.145	1.149	0.147	1.497	0.145	1.057	0.143	1.413	0.147	1.094	0.146	1.222	0.147	0.153	0.953	1.111	0.950	0.144	0.819	0.143	1.429	0.148	0.798	0.147	1.487	0.147	1.045	0.147	1.497	0.145	0.788	0.146	1.451	0.147	0.783	0.147	1.478	0.147	1.052	0.145	1.421	0.149	0.699	0.143	1.452	0.148	0.847	0.147	1.440												
45:00:02													0.884	0.584	1.408	0.151	1.078	0.150	1.412	0.150	1.099	0.198	1.326	0.149	1.136	0.146	1.460	0.148	1.117	0.144	1.482	0.143	1.099	0.143	1.258	0.145	1.148	0.146	1.499	0.145	1.060	0.143	1.414	0.147	1.095	0.145	1.250	0.147	0.152	0.956	1.109	0.948	0.144	0.820	0.143	1.428	0.148	0.799	0.147	1.490	0.147	1.047	0.147	1.502	0.145	0.789	0.146	1.454	0.147	0.784	0.147	1.453	0.147	1.052	0.145	1.424	0.149	0.700	0.143	1.453	0.148	0.849	0.147	1.443												
45:20:02													0.884	0.588	1.408	0.151	1.077	0.150	1.414	0.150	1.099	0.198	1.331	0.149	1.136	0.146	1.460	0.148	1.118	0.144	1.476	0.143	1.103	0.143	1.273	0.145	1.149	0.146	1.504	0.145	1.063	0.143	1.418	0.147	1.095	0.145	1.252	0.147	0.153	0.959	1.107	0.946	0.144	0.823	0.142	1.429	0.148	0.801	0.147	1.494	0.147	1.050	0.147	1.505	0.144	0.791	0.146	1.450	0.147	0.785	0.147	1.431	0.148	1.052	0.145	1.426	0.149	0.701	0.143	1.453	0.148	0.852	0.147	1.443												
45:40:02													0.881	0.588	1.408	0.151	1.075	0.150	1.416	0.150	1.099	0.197	1.334	0.149	1.136	0.146	1.465	0.148	1.119	0.144	1.480	0.143	1.106	0.143	1.292	0.145	1.149	0.147	1.512	0.145	1.065	0.143	1.416	0.147	1.097	0.146	1.277	0.147	0.152	0.963	1.105	0.945	0.144	0.825	0.142	1.429	0.148	0.804	0.146	1.500	0.147	1.052	0.147	1.508	0.145	0.792	0.146	1.450	0.147	0.787	0.147	1.415	0.147	1.052	0.145	1.424	0.148	0.704	0.143	1.448	0.148	0.855	0.147	1.442												
46:00:02													0.880	0.591	1.408	0.150	1.074	0.150	1.416	0.150	1.098	0.197	1.336	0.150	1.135	0.146	1.468	0.148	1.119	0.144	1.474	0.143	1.108	0.143	1.316	0.145	1.148	0.147	1.512	0.145	1.067	0.143	1.419	0.147	1.097	0.146	1.294	0.147	0.152	0.966	1.104	0.944	0.144	0.827	0.142	1.431	0.148	0.805	0.146	1.504	0.147	1.056	0.147	1.509	0.144	0.793	0.146	1.453	0.147	0.788	0.147	1.402	0.147	1.052	0.145	1.421	0.148	0.704	0.143	1.440	0.148	0.857	0.147	1.440												
46:20:02													0.882	0.598	1.408	0.151	1.076	0.151	1.416	0.150	1.096	0.195	1.337	0.149	1.135	0.146	1.467	0.147	1.119	0.144	1.464	0.143	1.109	0.143	1.326	0.145	1.150	0.146	1.509	0.145	1.071	0.143	1.419	0.147	1.096	0.145	1.296	0.147	0.153	0.969	1.102	0.942	0.144	0.829	0.143	1.434	0.148	0.805	0.147	1.509	0.147	1.059	0.147	1.510	0.145	0.795	0.146	1.445	0.147	0.789	0.147	1.396	0.147	1.052	0.145	1.421	0.149	0.704	0.143	1.431	0.148	0.859	0.147	1.437												
46:40:02													0.881	0.601	1.406	0.151	1.075	0.151	1.416	0.150	1.095	0.195	1.342	0.149	1.136	0.146	1.468	0.147	1.120	0.144	1.461	0.143	1.110	0.143	1.331	0.145	1.151	0.146	1.511	0.145	1.074	0.143	1.421	0.147	1.097	0.145	1.315	0.147	0.152	0.972	1.100	0.941	0.144	0.831	0.143	1.433	0.148	0.806	0.147	1.514	0.147	1.065	0.147	1.511	0.144	0.797	0.146	1.446	0.146	0.790	0.147	1.394	0.147	1.052	0.145	1.419	0.148	0.705	0.143	1.408	0.148	0.862	0.147	1.435												
47:00:02													0.880	0.603	1.405	0.151	1.074	0.151	1.415	0.150	1.095	0.195	1.355	0.149	1.136	0.146	1.469	0.147	1.120	0.144	1.461	0.143	1.112	0.143	1.343	0.145	1.150	0.146	1.513	0.144	1.076	0.142	1.422	0.147	1.097	0.145	1.322	0.147	0.152	0.976	1.099	0.939	0.144	0.833	0.143	1.436	0.148	0.807	0.147	1.523	0.147	1.071	0.147	1.513	0.144	0.798	0.146	1.448	0.147	0.791	0.147	1.397	0.147	1.052	0.145	1.417	0.148	0.706	0.143	1.385	0.148	0.864	0.147	1.433												
47:20:02													0.880	0.606	1.403	0.151	1.074	0.151	1.414	0.150	1.094	0.195	1.367	0.149	1.136	0.146	1.470	0.147	1.121	0.144	1.462	0.143	1.113	0.143	1.352	0.145	1.150	0.146	1.516	0.145	1.079	0.142	1.424	0.147	1.097	0.145	1.331	0.147	0.152	0.979	1.097	0.937	0.144	0.835	0.143	1.435	0.148	0.809	0.147	1.530	0.147	1.075	0.147	1.514	0.144	0.800	0.146	1.452	0.147	0.792	0.147	1.402	0.147	1.052	0.145	1.416	0.149	0.707	0.143	1.363	0.148	0.867	0.147	1.432												
47:40:02													0.879	0.606	1.402	0.151	1.073	0.150	1.412	0.150	1.093	0.194	1.341	0.149	1.136	0.146	1.470	0.147	1.122	0.144	1.462	0.143	1.113	0.143	1.360	0.145	1.151	0.146	1.519	0.144	1.082	0.142	1.424	0.147	1.097	0.145	1.331	0.147	0.152	0.983	1.096	0.935	0.144	0.838	0.143	1.436	0.148	0.810	0.147	1.537	0.147	1.079	0.147	1.516	0.144	0.801	0.146	1.454	0.146	0.794	0.147	1.408	0.147	1.052	0.145	1.415	0.148	0.709	0.143	1.347	0.148	0.869	0.147	1.431												
48:00:02													0.879	0.607	1.402	0.151	1.073	0.151	1.411	0.150	1.093	0.194	1.295	0.149	1.137	0.146	1.471	0.148	1.123	0.144	1.461	0.143	1.115	0.143	1.365	0.145	1.152	0.146	1.520	0.145	1.085	0.143	1.426	0.147	1.097	0.146	1.353	0.147	0.152	0.987	1.095	0.934	0.144	0.840	0.143	1.438	0.148	0.812	0.147	1.543	0.147	1.080	0.147	1.519	0.145	0.803	0.146	1.458	0.147	0.795	0.147	1.414	0.147	1.052	0.145	1.414	0.148	0.710	0.143	1.341	0.148	0.872	0.147	1.429												

