Field Group

Plate Comment:	
Procedure Summary
  Plate Type:              Corning 96 well for LogPhase600
  Plate Number:            3
  Discontinuous Kinetics:  Runtime 02:00:00 (D:HH:MM), Interval 00:20:00 (HH:MM:SS), 145 Reads (max)
  Read:                    600 nm
  Incubator:               On
    Temperature setpoint:  30 °C
    Temperature gradient:  On
  Shaking:                 On
     Shaking frequency:    600 RPMs		
			
			

600

Time	A1	A2	A3	A4	A5	A6	A7	A8	A9	A10	A11	A12	B1	B2	B3	B4	B5	B6	B7	B8	B9	B10	B11	B12	C1	C2	C3	C4	C5	C6	C7	C8	C9	C10	C11	C12	D1	D2	D3	D4	D5	D6	D7	D8	D9	D10	D11	D12	E1	E2	E3	E4	E5	E6	E7	E8	E9	E10	E11	E12	F1	F2	F3	F4	F5	F6	F7	F8	F9	F10	F11	F12	G1	G2	G3	G4	G5	G6	G7	G8	G9	G10	G11	G12	H1	H2	H3	H4	H5	H6	H7	H8	H9	H10	H11	H12
0:00:00													0.143	0.152	0.154	0.145	0.150	0.147	0.153	0.150	0.151	0.156	0.150	0.276	0.149	0.154	0.158	0.148	0.144	0.144	0.152	0.146	0.151	0.142	0.149	0.194	0.147	0.149	0.148	0.167	0.155	0.171	0.168	0.162	0.156	0.167	0.162	0.155	0.157	0.147	0.144	0.154	0.154	0.149	0.146	0.149	0.146	0.154	0.145	0.158	0.152	0.152	0.151	0.153	0.146	0.150	0.150	0.146	0.147	0.164	0.150	0.154	0.146	0.151	0.147	0.157	0.151	0.152	0.149	0.149	0.149	0.143	0.146	0.148												
0:20:00													0.142	0.152	0.154	0.145	0.150	0.147	0.153	0.150	0.150	0.154	0.150	0.276	0.149	0.154	0.157	0.147	0.143	0.144	0.151	0.146	0.152	0.142	0.149	0.183	0.147	0.149	0.147	0.166	0.155	0.171	0.169	0.162	0.156	0.166	0.161	0.156	0.157	0.147	0.143	0.155	0.153	0.149	0.146	0.148	0.146	0.153	0.144	0.158	0.153	0.151	0.150	0.152	0.147	0.149	0.150	0.145	0.146	0.162	0.150	0.153	0.146	0.150	0.146	0.156	0.151	0.152	0.148	0.148	0.149	0.143	0.146	0.148												
0:40:00													0.142	0.152	0.153	0.145	0.150	0.147	0.153	0.150	0.150	0.154	0.150	0.283	0.149	0.154	0.156	0.147	0.143	0.143	0.150	0.146	0.152	0.142	0.149	0.182	0.147	0.149	0.146	0.166	0.155	0.170	0.169	0.161	0.157	0.166	0.161	0.155	0.156	0.146	0.143	0.154	0.152	0.148	0.146	0.148	0.146	0.153	0.144	0.157	0.153	0.151	0.150	0.152	0.146	0.148	0.150	0.145	0.146	0.162	0.149	0.153	0.145	0.150	0.146	0.156	0.151	0.151	0.148	0.148	0.148	0.143	0.146	0.147												
1:00:00													0.142	0.152	0.153	0.145	0.149	0.147	0.152	0.149	0.150	0.153	0.150	0.286	0.148	0.153	0.156	0.147	0.143	0.143	0.150	0.146	0.152	0.142	0.149	0.183	0.147	0.149	0.147	0.166	0.155	0.170	0.169	0.161	0.157	0.166	0.161	0.155	0.156	0.146	0.143	0.154	0.152	0.148	0.145	0.148	0.145	0.153	0.144	0.156	0.153	0.151	0.150	0.151	0.146	0.148	0.151	0.145	0.146	0.162	0.149	0.153	0.145	0.150	0.146	0.156	0.150	0.151	0.147	0.148	0.148	0.143	0.146	0.147												
1:20:00													0.142	0.152	0.154	0.145	0.150	0.147	0.153	0.149	0.150	0.153	0.150	0.287	0.148	0.153	0.156	0.147	0.143	0.143	0.150	0.146	0.153	0.142	0.149	0.183	0.146	0.149	0.147	0.166	0.154	0.170	0.169	0.161	0.157	0.166	0.160	0.155	0.156	0.146	0.143	0.154	0.152	0.148	0.145	0.148	0.145	0.152	0.144	0.156	0.153	0.151	0.149	0.151	0.146	0.148	0.151	0.145	0.146	0.162	0.149	0.153	0.145	0.150	0.146	0.156	0.151	0.151	0.147	0.148	0.148	0.143	0.146	0.147												
1:40:00													0.143	0.152	0.154	0.145	0.149	0.147	0.153	0.149	0.150	0.153	0.150	0.284	0.148	0.153	0.156	0.147	0.143	0.143	0.150	0.145	0.155	0.142	0.149	0.183	0.147	0.149	0.147	0.166	0.154	0.169	0.169	0.161	0.157	0.165	0.160	0.155	0.156	0.146	0.143	0.154	0.152	0.148	0.145	0.148	0.145	0.152	0.143	0.156	0.153	0.151	0.150	0.151	0.146	0.148	0.152	0.145	0.146	0.162	0.149	0.153	0.146	0.150	0.146	0.156	0.150	0.151	0.147	0.148	0.148	0.143	0.146	0.147												
2:00:00													0.143	0.152	0.154	0.145	0.150	0.147	0.153	0.149	0.150	0.153	0.150	0.292	0.148	0.153	0.156	0.146	0.143	0.143	0.149	0.145	0.155	0.142	0.149	0.184	0.147	0.149	0.147	0.165	0.155	0.169	0.169	0.161	0.158	0.165	0.160	0.155	0.156	0.146	0.143	0.153	0.152	0.148	0.146	0.148	0.145	0.152	0.143	0.155	0.153	0.151	0.150	0.151	0.146	0.148	0.154	0.145	0.146	0.161	0.149	0.152	0.146	0.150	0.147	0.155	0.150	0.151	0.147	0.148	0.149	0.143	0.145	0.147												
2:20:00													0.144	0.151	0.154	0.145	0.150	0.146	0.153	0.150	0.150	0.153	0.150	0.304	0.148	0.153	0.157	0.146	0.143	0.143	0.149	0.145	0.156	0.142	0.149	0.185	0.147	0.148	0.147	0.165	0.155	0.168	0.169	0.162	0.158	0.166	0.160	0.155	0.156	0.146	0.144	0.153	0.152	0.148	0.146	0.147	0.146	0.152	0.143	0.155	0.153	0.152	0.150	0.151	0.147	0.148	0.155	0.145	0.146	0.161	0.149	0.152	0.147	0.150	0.148	0.155	0.150	0.151	0.148	0.148	0.149	0.143	0.146	0.147												
2:40:00													0.145	0.152	0.155	0.145	0.150	0.146	0.153	0.149	0.150	0.152	0.150	0.305	0.149	0.154	0.157	0.146	0.143	0.143	0.149	0.146	0.157	0.142	0.149	0.185	0.148	0.149	0.149	0.165	0.155	0.168	0.170	0.162	0.158	0.165	0.160	0.155	0.157	0.146	0.144	0.153	0.152	0.148	0.146	0.147	0.146	0.151	0.143	0.154	0.154	0.152	0.150	0.151	0.146	0.148	0.158	0.145	0.146	0.161	0.149	0.152	0.147	0.150	0.149	0.156	0.150	0.151	0.148	0.148	0.149	0.143	0.146	0.147												
3:00:00													0.147	0.152	0.156	0.145	0.150	0.146	0.154	0.149	0.151	0.152	0.150	0.307	0.150	0.153	0.158	0.146	0.143	0.143	0.150	0.146	0.158	0.142	0.149	0.187	0.149	0.149	0.150	0.165	0.155	0.168	0.170	0.162	0.159	0.165	0.160	0.155	0.158	0.146	0.145	0.153	0.152	0.148	0.146	0.148	0.146	0.151	0.144	0.154	0.155	0.152	0.152	0.151	0.146	0.148	0.160	0.146	0.147	0.161	0.149	0.152	0.148	0.150	0.151	0.155	0.150	0.151	0.148	0.148	0.149	0.143	0.146	0.147												
3:20:00													0.149	0.151	0.158	0.146	0.150	0.146	0.155	0.150	0.152	0.152	0.151	0.309	0.152	0.154	0.160	0.146	0.143	0.143	0.151	0.146	0.159	0.142	0.150	0.185	0.151	0.149	0.153	0.165	0.155	0.168	0.171	0.162	0.160	0.166	0.160	0.155	0.159	0.147	0.147	0.153	0.153	0.148	0.147	0.148	0.147	0.152	0.144	0.154	0.157	0.152	0.154	0.151	0.147	0.148	0.164	0.146	0.148	0.161	0.150	0.152	0.150	0.150	0.154	0.155	0.151	0.151	0.149	0.148	0.150	0.143	0.146	0.147												
3:40:00													0.155	0.152	0.161	0.146	0.150	0.146	0.155	0.150	0.153	0.152	0.151	0.306	0.154	0.154	0.162	0.146	0.144	0.143	0.152	0.146	0.160	0.142	0.150	0.185	0.152	0.149	0.156	0.165	0.155	0.168	0.172	0.162	0.162	0.166	0.160	0.155	0.162	0.147	0.150	0.153	0.153	0.148	0.148	0.148	0.148	0.152	0.144	0.154	0.159	0.153	0.157	0.151	0.147	0.148	0.167	0.146	0.149	0.161	0.150	0.152	0.153	0.151	0.160	0.155	0.151	0.152	0.149	0.149	0.150	0.143	0.147	0.147												
4:00:00													0.162	0.152	0.166	0.145	0.151	0.145	0.156	0.150	0.153	0.152	0.151	0.302	0.158	0.154	0.167	0.146	0.144	0.143	0.153	0.147	0.163	0.142	0.151	0.196	0.156	0.150	0.163	0.165	0.155	0.168	0.170	0.156	0.164	0.166	0.160	0.154	0.166	0.147	0.154	0.153	0.153	0.148	0.150	0.149	0.149	0.152	0.145	0.153	0.162	0.153	0.162	0.151	0.146	0.148	0.172	0.147	0.150	0.162	0.150	0.152	0.157	0.152	0.168	0.155	0.151	0.152	0.150	0.149	0.151	0.143	0.146	0.147												
4:20:00													0.170	0.153	0.172	0.146	0.151	0.146	0.158	0.151	0.156	0.152	0.151	0.316	0.163	0.155	0.172	0.146	0.144	0.143	0.154	0.147	0.162	0.142	0.151	0.186	0.163	0.150	0.169	0.165	0.156	0.167	0.173	0.157	0.166	0.166	0.161	0.155	0.173	0.148	0.160	0.153	0.154	0.148	0.152	0.149	0.150	0.151	0.145	0.154	0.167	0.154	0.172	0.151	0.148	0.148	0.175	0.147	0.151	0.161	0.151	0.152	0.163	0.152	0.179	0.155	0.151	0.152	0.151	0.149	0.153	0.143	0.147	0.147												
4:40:00													0.188	0.153	0.183	0.145	0.152	0.145	0.160	0.152	0.157	0.152	0.152	0.301	0.172	0.156	0.183	0.146	0.146	0.143	0.157	0.148	0.167	0.142	0.152	0.197	0.173	0.152	0.180	0.165	0.156	0.168	0.173	0.158	0.170	0.166	0.162	0.154	0.183	0.149	0.170	0.152	0.155	0.148	0.155	0.151	0.152	0.152	0.146	0.153	0.174	0.154	0.182	0.151	0.148	0.147	0.182	0.148	0.154	0.162	0.151	0.152	0.172	0.153	0.194	0.156	0.152	0.151	0.152	0.151	0.154	0.144	0.148	0.147												
5:00:00													0.207	0.154	0.197	0.145	0.153	0.146	0.162	0.153	0.161	0.152	0.153	0.302	0.183	0.157	0.196	0.146	0.146	0.143	0.161	0.149	0.169	0.142	0.153	0.198	0.187	0.152	0.194	0.165	0.157	0.168	0.176	0.159	0.175	0.166	0.162	0.154	0.198	0.150	0.184	0.152	0.156	0.148	0.160	0.152	0.155	0.152	0.147	0.153	0.185	0.155	0.200	0.151	0.148	0.147	0.189	0.149	0.156	0.162	0.152	0.152	0.184	0.155	0.216	0.155	0.152	0.152	0.154	0.152	0.156	0.143	0.148	0.147												
5:20:00													0.228	0.156	0.214	0.145	0.154	0.146	0.167	0.154	0.165	0.152	0.154	0.304	0.198	0.159	0.216	0.146	0.148	0.143	0.165	0.150	0.172	0.142	0.154	0.198	0.206	0.154	0.209	0.165	0.159	0.168	0.179	0.160	0.182	0.166	0.164	0.154	0.215	0.151	0.205	0.153	0.157	0.148	0.166	0.153	0.159	0.152	0.148	0.153	0.198	0.157	0.224	0.151	0.149	0.147	0.195	0.151	0.160	0.162	0.153	0.152	0.199	0.156	0.235	0.155	0.153	0.152	0.156	0.154	0.159	0.143	0.150	0.147												
5:40:00													0.249	0.158	0.236	0.145	0.156	0.146	0.172	0.156	0.171	0.152	0.155	0.306	0.216	0.161	0.239	0.147	0.149	0.143	0.171	0.152	0.175	0.142	0.156	0.199	0.235	0.156	0.229	0.165	0.160	0.168	0.183	0.163	0.189	0.167	0.166	0.154	0.238	0.153	0.233	0.152	0.159	0.148	0.174	0.155	0.165	0.152	0.150	0.153	0.215	0.159	0.261	0.151	0.151	0.148	0.203	0.153	0.165	0.162	0.155	0.152	0.218	0.158	0.259	0.155	0.154	0.152	0.159	0.156	0.164	0.144	0.152	0.147												
6:00:00													0.281	0.160	0.258	0.145	0.159	0.146	0.178	0.158	0.178	0.152	0.157	0.307	0.238	0.164	0.266	0.146	0.152	0.143	0.178	0.155	0.180	0.142	0.158	0.199	0.271	0.158	0.254	0.165	0.163	0.168	0.189	0.166	0.197	0.167	0.168	0.154	0.263	0.156	0.257	0.152	0.160	0.148	0.185	0.158	0.171	0.152	0.152	0.153	0.237	0.161	0.314	0.151	0.153	0.148	0.213	0.156	0.171	0.162	0.157	0.152	0.243	0.160	0.285	0.155	0.155	0.152	0.162	0.159	0.169	0.144	0.154	0.147												
6:20:00													0.306	0.164	0.281	0.146	0.162	0.146	0.186	0.162	0.187	0.152	0.160	0.308	0.259	0.167	0.289	0.146	0.154	0.143	0.187	0.159	0.185	0.142	0.161	0.199	0.306	0.161	0.275	0.165	0.166	0.168	0.195	0.170	0.204	0.167	0.171	0.154	0.282	0.160	0.269	0.153	0.163	0.148	0.197	0.162	0.179	0.152	0.155	0.153	0.255	0.164	0.360	0.151	0.156	0.148	0.223	0.159	0.177	0.162	0.160	0.152	0.262	0.164	0.306	0.155	0.157	0.152	0.167	0.164	0.176	0.144	0.157	0.147												
6:40:00													0.335	0.168	0.309	0.146	0.166	0.145	0.193	0.165	0.193	0.152	0.163	0.308	0.286	0.172	0.313	0.146	0.158	0.143	0.195	0.164	0.190	0.143	0.164	0.199	0.345	0.166	0.299	0.165	0.170	0.168	0.202	0.174	0.211	0.167	0.174	0.155	0.303	0.164	0.289	0.152	0.167	0.148	0.205	0.166	0.186	0.152	0.159	0.153	0.274	0.168	0.381	0.151	0.160	0.148	0.229	0.164	0.183	0.162	0.164	0.152	0.285	0.168	0.326	0.156	0.159	0.151	0.171	0.170	0.183	0.144	0.161	0.147												
7:00:00													0.372	0.174	0.341	0.145	0.171	0.146	0.198	0.170	0.198	0.153	0.167	0.352	0.313	0.179	0.342	0.146	0.162	0.143	0.198	0.169	0.194	0.143	0.168	0.206	0.376	0.171	0.328	0.165	0.174	0.168	0.207	0.180	0.217	0.167	0.179	0.155	0.328	0.170	0.313	0.152	0.172	0.148	0.212	0.171	0.193	0.151	0.163	0.153	0.295	0.174	0.398	0.151	0.165	0.149	0.238	0.170	0.187	0.162	0.169	0.152	0.317	0.174	0.355	0.155	0.162	0.153	0.176	0.177	0.186	0.144	0.165	0.147												
7:20:00													0.395	0.183	0.376	0.147	0.177	0.146	0.200	0.178	0.201	0.153	0.173	0.311	0.349	0.188	0.374	0.147	0.169	0.144	0.201	0.177	0.199	0.143	0.175	0.199	0.390	0.179	0.353	0.166	0.180	0.168	0.211	0.189	0.221	0.168	0.185	0.155	0.363	0.179	0.347	0.152	0.176	0.148	0.223	0.179	0.198	0.153	0.169	0.152	0.329	0.181	0.409	0.152	0.171	0.149	0.242	0.178	0.190	0.162	0.175	0.152	0.343	0.181	0.370	0.156	0.166	0.152	0.179	0.187	0.189	0.145	0.172	0.147												
7:40:00													0.407	0.193	0.398	0.148	0.187	0.147	0.203	0.187	0.205	0.153	0.180	0.316	0.368	0.201	0.394	0.147	0.177	0.144	0.204	0.189	0.203	0.144	0.183	0.200	0.400	0.188	0.371	0.165	0.189	0.169	0.214	0.200	0.226	0.168	0.194	0.155	0.383	0.190	0.381	0.153	0.184	0.148	0.234	0.191	0.203	0.153	0.177	0.152	0.372	0.191	0.413	0.151	0.180	0.149	0.246	0.189	0.193	0.163	0.183	0.152	0.372	0.192	0.381	0.157	0.171	0.152	0.181	0.201	0.192	0.145	0.181	0.147												
8:00:00													0.404	0.207	0.407	0.148	0.199	0.146	0.206	0.200	0.209	0.154	0.189	0.312	0.369	0.216	0.398	0.147	0.188	0.144	0.206	0.204	0.208	0.145	0.193	0.202	0.397	0.202	0.376	0.165	0.200	0.169	0.217	0.214	0.230	0.169	0.205	0.157	0.387	0.203	0.386	0.153	0.194	0.149	0.242	0.205	0.208	0.153	0.187	0.153	0.399	0.205	0.413	0.151	0.191	0.149	0.248	0.203	0.195	0.163	0.194	0.153	0.385	0.205	0.384	0.156	0.178	0.153	0.183	0.219	0.194	0.146	0.192	0.148												
8:20:00													0.397	0.226	0.416	0.148	0.213	0.148	0.208	0.218	0.212	0.154	0.202	0.321	0.365	0.236	0.401	0.148	0.203	0.145	0.208	0.222	0.211	0.145	0.207	0.200	0.390	0.218	0.377	0.166	0.215	0.169	0.219	0.235	0.233	0.169	0.219	0.156	0.386	0.223	0.400	0.155	0.207	0.149	0.251	0.224	0.214	0.155	0.202	0.153	0.403	0.222	0.410	0.151	0.205	0.150	0.250	0.222	0.197	0.163	0.208	0.153	0.387	0.223	0.386	0.157	0.186	0.153	0.185	0.243	0.197	0.146	0.207	0.148												
8:40:00													0.390	0.248	0.426	0.150	0.234	0.149	0.208	0.237	0.215	0.155	0.218	0.333	0.367	0.261	0.409	0.148	0.222	0.145	0.211	0.246	0.215	0.147	0.226	0.190	0.384	0.240	0.379	0.167	0.234	0.170	0.223	0.259	0.232	0.171	0.239	0.157	0.385	0.243	0.423	0.153	0.224	0.149	0.263	0.246	0.218	0.154	0.217	0.154	0.400	0.243	0.411	0.154	0.224	0.152	0.248	0.245	0.199	0.163	0.226	0.153	0.386	0.247	0.389	0.157	0.198	0.155	0.186	0.272	0.199	0.146	0.228	0.148												
9:00:00													0.390	0.272	0.446	0.150	0.257	0.150	0.210	0.261	0.213	0.153	0.238	0.324	0.375	0.288	0.429	0.150	0.243	0.148	0.211	0.270	0.218	0.146	0.249	0.203	0.381	0.266	0.389	0.167	0.258	0.170	0.222	0.285	0.233	0.170	0.261	0.156	0.388	0.271	0.443	0.153	0.245	0.149	0.274	0.273	0.224	0.154	0.239	0.153	0.396	0.269	0.414	0.154	0.245	0.153	0.254	0.270	0.199	0.164	0.250	0.155	0.382	0.271	0.395	0.157	0.214	0.157	0.188	0.304	0.201	0.148	0.251	0.148												
9:20:00													0.388	0.300	0.453	0.151	0.283	0.148	0.209	0.287	0.214	0.157	0.261	0.331	0.379	0.316	0.445	0.148	0.267	0.146	0.210	0.299	0.220	0.150	0.272	0.188	0.379	0.292	0.397	0.167	0.284	0.170	0.226	0.316	0.229	0.170	0.284	0.160	0.387	0.298	0.451	0.154	0.269	0.152	0.287	0.299	0.227	0.155	0.262	0.156	0.394	0.296	0.419	0.155	0.273	0.154	0.254	0.297	0.199	0.164	0.271	0.157	0.379	0.300	0.399	0.157	0.233	0.157	0.189	0.338	0.203	0.150	0.275	0.149												
9:40:00													0.393	0.330	0.453	0.152	0.310	0.152	0.209	0.318	0.213	0.157	0.282	0.321	0.386	0.348	0.468	0.149	0.293	0.147	0.210	0.330	0.220	0.150	0.295	0.202	0.380	0.319	0.412	0.170	0.311	0.171	0.225	0.347	0.230	0.172	0.309	0.157	0.388	0.329	0.457	0.156	0.289	0.151	0.296	0.331	0.231	0.158	0.283	0.155	0.390	0.326	0.423	0.156	0.293	0.155	0.260	0.328	0.199	0.165	0.295	0.156	0.376	0.328	0.410	0.159	0.255	0.158	0.190	0.373	0.204	0.151	0.300	0.149												
10:00:00													0.392	0.363	0.451	0.154	0.345	0.152	0.208	0.354	0.214	0.159	0.309	0.311	0.388	0.379	0.483	0.152	0.326	0.148	0.210	0.363	0.221	0.150	0.324	0.202	0.383	0.355	0.426	0.172	0.344	0.170	0.225	0.381	0.229	0.175	0.340	0.162	0.388	0.367	0.458	0.154	0.325	0.155	0.299	0.367	0.231	0.159	0.313	0.156	0.388	0.363	0.430	0.158	0.326	0.157	0.264	0.369	0.199	0.166	0.325	0.159	0.376	0.362	0.417	0.161	0.277	0.159	0.192	0.406	0.204	0.152	0.333	0.151												
10:20:00													0.393	0.375	0.449	0.153	0.372	0.152	0.208	0.366	0.216	0.161	0.337	0.317	0.389	0.384	0.492	0.152	0.353	0.150	0.211	0.381	0.223	0.151	0.348	0.189	0.387	0.373	0.438	0.170	0.374	0.173	0.226	0.405	0.228	0.176	0.364	0.162	0.388	0.377	0.458	0.160	0.346	0.154	0.301	0.382	0.231	0.161	0.336	0.159	0.386	0.377	0.433	0.159	0.352	0.158	0.264	0.377	0.200	0.164	0.345	0.160	0.376	0.378	0.422	0.161	0.303	0.161	0.193	0.420	0.204	0.153	0.353	0.153												
10:40:00													0.396	0.383	0.456	0.158	0.389	0.156	0.209	0.383	0.218	0.163	0.352	0.308	0.390	0.386	0.502	0.153	0.367	0.152	0.212	0.390	0.223	0.155	0.368	0.187	0.389	0.381	0.449	0.171	0.392	0.174	0.226	0.413	0.229	0.178	0.380	0.163	0.388	0.386	0.458	0.159	0.357	0.156	0.304	0.395	0.236	0.164	0.353	0.160	0.384	0.386	0.440	0.161	0.364	0.161	0.268	0.388	0.201	0.165	0.362	0.161	0.377	0.385	0.428	0.162	0.334	0.163	0.195	0.433	0.204	0.157	0.368	0.156												
11:00:00													0.400	0.386	0.455	0.156	0.400	0.159	0.211	0.387	0.223	0.166	0.361	0.301	0.394	0.392	0.509	0.162	0.385	0.155	0.214	0.396	0.225	0.164	0.382	0.189	0.395	0.393	0.457	0.175	0.397	0.177	0.226	0.420	0.231	0.183	0.387	0.168	0.390	0.389	0.459	0.162	0.366	0.161	0.316	0.400	0.245	0.173	0.362	0.161	0.384	0.396	0.446	0.167	0.374	0.164	0.276	0.395	0.203	0.172	0.370	0.165	0.379	0.388	0.438	0.168	0.355	0.165	0.196	0.436	0.206	0.161	0.373	0.162												
11:20:01													0.402	0.390	0.459	0.163	0.402	0.166	0.214	0.390	0.229	0.175	0.368	0.299	0.397	0.397	0.515	0.170	0.388	0.162	0.218	0.403	0.227	0.193	0.386	0.204	0.400	0.391	0.466	0.182	0.418	0.189	0.226	0.426	0.235	0.216	0.395	0.185	0.393	0.393	0.461	0.174	0.371	0.169	0.349	0.407	0.260	0.179	0.366	0.174	0.384	0.402	0.453	0.174	0.380	0.170	0.306	0.401	0.207	0.184	0.377	0.169	0.382	0.392	0.441	0.176	0.373	0.170	0.197	0.439	0.208	0.174	0.382	0.189												
11:40:00													0.409	0.395	0.462	0.179	0.411	0.184	0.219	0.398	0.237	0.201	0.375	0.291	0.401	0.401	0.525	0.201	0.392	0.187	0.223	0.409	0.230	0.176	0.393	0.232	0.407	0.398	0.473	0.210	0.421	0.220	0.226	0.431	0.241	0.199	0.406	0.188	0.398	0.399	0.462	0.203	0.379	0.192	0.396	0.416	0.281	0.173	0.378	0.195	0.385	0.404	0.458	0.200	0.384	0.184	0.368	0.406	0.210	0.214	0.385	0.192	0.385	0.397	0.454	0.204	0.378	0.177	0.197	0.443	0.211	0.190	0.387	0.182												
12:00:01													0.412	0.398	0.466	0.206	0.419	0.210	0.226	0.402	0.250	0.220	0.379	0.345	0.411	0.406	0.537	0.213	0.414	0.212	0.229	0.416	0.234	0.171	0.398	0.234	0.414	0.404	0.485	0.225	0.429	0.200	0.227	0.438	0.260	0.195	0.405	0.201	0.404	0.402	0.468	0.209	0.380	0.216	0.426	0.424	0.306	0.174	0.381	0.196	0.388	0.407	0.468	0.208	0.391	0.216	0.411	0.413	0.217	0.203	0.392	0.207	0.390	0.398	0.453	0.220	0.380	0.203	0.198	0.448	0.215	0.182	0.392	0.182												
12:20:01													0.414	0.402	0.473	0.215	0.425	0.214	0.234	0.409	0.262	0.220	0.384	0.315	0.409	0.411	0.541	0.217	0.420	0.214	0.237	0.421	0.240	0.181	0.404	0.229	0.415	0.410	0.480	0.228	0.436	0.208	0.232	0.443	0.300	0.202	0.410	0.215	0.407	0.406	0.464	0.213	0.386	0.210	0.441	0.430	0.339	0.175	0.389	0.195	0.389	0.410	0.463	0.211	0.401	0.220	0.429	0.417	0.246	0.200	0.398	0.198	0.392	0.403	0.457	0.224	0.389	0.223	0.199	0.450	0.222	0.189	0.399	0.187												
12:40:01													0.416	0.406	0.480	0.219	0.428	0.228	0.243	0.410	0.276	0.223	0.388	0.317	0.409	0.415	0.547	0.224	0.422	0.227	0.252	0.428	0.246	0.195	0.408	0.226	0.417	0.416	0.480	0.236	0.441	0.229	0.237	0.451	0.361	0.213	0.415	0.215	0.410	0.409	0.466	0.222	0.387	0.209	0.451	0.435	0.376	0.201	0.394	0.195	0.390	0.415	0.465	0.220	0.402	0.232	0.442	0.421	0.315	0.207	0.402	0.198	0.394	0.405	0.457	0.232	0.390	0.228	0.201	0.454	0.228	0.199	0.402	0.196												
13:00:01													0.424	0.410	0.475	0.234	0.433	0.243	0.254	0.415	0.283	0.228	0.394	0.308	0.412	0.421	0.556	0.234	0.427	0.245	0.310	0.435	0.253	0.212	0.412	0.238	0.425	0.419	0.486	0.252	0.442	0.246	0.243	0.459	0.427	0.222	0.422	0.216	0.415	0.414	0.468	0.235	0.392	0.216	0.460	0.446	0.408	0.237	0.403	0.203	0.391	0.419	0.472	0.228	0.407	0.236	0.456	0.426	0.376	0.219	0.406	0.205	0.400	0.408	0.462	0.243	0.396	0.236	0.205	0.458	0.236	0.214	0.407	0.207												
13:20:01													0.425	0.413	0.480	0.260	0.439	0.253	0.265	0.419	0.292	0.246	0.398	0.321	0.423	0.423	0.568	0.251	0.431	0.256	0.376	0.443	0.273	0.238	0.416	0.250	0.431	0.424	0.494	0.264	0.448	0.258	0.261	0.471	0.460	0.234	0.430	0.232	0.418	0.418	0.473	0.246	0.396	0.230	0.468	0.456	0.439	0.256	0.416	0.212	0.393	0.423	0.477	0.241	0.410	0.247	0.465	0.429	0.410	0.236	0.410	0.218	0.399	0.412	0.474	0.255	0.397	0.254	0.210	0.462	0.246	0.234	0.410	0.224												
13:40:01													0.430	0.418	0.485	0.288	0.445	0.277	0.278	0.424	0.306	0.264	0.401	0.344	0.424	0.424	0.576	0.272	0.434	0.275	0.414	0.451	0.349	0.269	0.421	0.259	0.435	0.426	0.498	0.274	0.454	0.280	0.311	0.483	0.483	0.260	0.440	0.241	0.422	0.418	0.477	0.260	0.401	0.249	0.474	0.463	0.464	0.267	0.422	0.226	0.398	0.426	0.481	0.241	0.416	0.266	0.468	0.433	0.428	0.255	0.415	0.235	0.409	0.415	0.472	0.271	0.400	0.265	0.218	0.466	0.256	0.255	0.415	0.240												
14:00:01													0.435	0.420	0.492	0.312	0.448	0.292	0.294	0.427	0.324	0.290	0.404	0.348	0.427	0.428	0.589	0.291	0.438	0.284	0.438	0.457	0.415	0.296	0.425	0.289	0.440	0.428	0.506	0.278	0.459	0.295	0.362	0.492	0.499	0.280	0.447	0.248	0.428	0.423	0.478	0.262	0.407	0.258	0.483	0.474	0.479	0.289	0.436	0.232	0.401	0.429	0.484	0.257	0.418	0.287	0.476	0.436	0.442	0.281	0.419	0.248	0.411	0.417	0.484	0.284	0.403	0.291	0.227	0.471	0.266	0.281	0.419	0.259												
14:20:01													0.440	0.423	0.498	0.321	0.452	0.320	0.309	0.429	0.342	0.323	0.406	0.366	0.436	0.428	0.600	0.302	0.440	0.309	0.455	0.462	0.451	0.326	0.427	0.312	0.445	0.431	0.513	0.290	0.466	0.320	0.402	0.497	0.506	0.302	0.455	0.266	0.430	0.426	0.484	0.269	0.414	0.276	0.490	0.478	0.492	0.310	0.444	0.245	0.405	0.432	0.488	0.263	0.422	0.314	0.483	0.440	0.453	0.303	0.421	0.267	0.415	0.421	0.487	0.293	0.406	0.324	0.237	0.473	0.287	0.312	0.422	0.281												
14:40:01													0.443	0.426	0.505	0.347	0.453	0.348	0.322	0.431	0.360	0.356	0.408	0.375	0.442	0.430	0.612	0.319	0.442	0.339	0.468	0.468	0.476	0.355	0.430	0.336	0.448	0.431	0.523	0.311	0.470	0.334	0.427	0.502	0.514	0.326	0.464	0.277	0.435	0.428	0.490	0.290	0.419	0.301	0.498	0.484	0.503	0.334	0.452	0.247	0.408	0.435	0.497	0.279	0.424	0.340	0.489	0.444	0.462	0.329	0.424	0.284	0.420	0.423	0.502	0.315	0.410	0.360	0.250	0.477	0.327	0.342	0.426	0.305												
15:00:01													0.447	0.427	0.510	0.378	0.455	0.379	0.334	0.433	0.375	0.389	0.410	0.399	0.447	0.429	0.628	0.325	0.444	0.367	0.479	0.472	0.494	0.383	0.433	0.362	0.453	0.432	0.531	0.334	0.475	0.363	0.445	0.506	0.520	0.342	0.472	0.293	0.440	0.429	0.496	0.312	0.422	0.323	0.504	0.489	0.512	0.367	0.459	0.259	0.412	0.438	0.503	0.300	0.425	0.373	0.493	0.448	0.470	0.355	0.427	0.301	0.425	0.425	0.507	0.340	0.413	0.392	0.260	0.481	0.365	0.378	0.431	0.331												
15:20:01													0.451	0.429	0.516	0.407	0.459	0.417	0.345	0.436	0.388	0.425	0.413	0.421	0.454	0.430	0.643	0.337	0.447	0.397	0.490	0.477	0.508	0.416	0.436	0.387	0.458	0.434	0.543	0.347	0.482	0.386	0.459	0.510	0.526	0.356	0.484	0.307	0.443	0.432	0.504	0.324	0.426	0.345	0.510	0.493	0.521	0.392	0.468	0.268	0.417	0.440	0.511	0.323	0.427	0.409	0.499	0.453	0.476	0.383	0.431	0.324	0.429	0.428	0.512	0.369	0.413	0.431	0.282	0.484	0.394	0.413	0.435	0.359												
15:40:01													0.456	0.431	0.520	0.438	0.463	0.449	0.354	0.438	0.401	0.464	0.415	0.449	0.459	0.431	0.658	0.352	0.450	0.426	0.499	0.481	0.520	0.451	0.440	0.415	0.462	0.435	0.554	0.367	0.489	0.413	0.472	0.514	0.534	0.376	0.495	0.323	0.447	0.432	0.512	0.344	0.429	0.360	0.516	0.495	0.530	0.416	0.475	0.281	0.422	0.442	0.517	0.342	0.430	0.439	0.504	0.456	0.482	0.413	0.435	0.345	0.434	0.430	0.516	0.404	0.417	0.468	0.313	0.486	0.417	0.448	0.439	0.386												
16:00:01													0.461	0.434	0.525	0.466	0.466	0.489	0.363	0.441	0.414	0.505	0.418	0.477	0.465	0.431	0.672	0.376	0.454	0.459	0.508	0.485	0.534	0.484	0.444	0.445	0.467	0.437	0.562	0.394	0.498	0.440	0.483	0.520	0.540	0.400	0.508	0.344	0.453	0.434	0.519	0.369	0.431	0.381	0.524	0.498	0.541	0.446	0.483	0.300	0.427	0.445	0.524	0.359	0.433	0.473	0.511	0.459	0.486	0.439	0.439	0.372	0.439	0.432	0.520	0.440	0.421	0.502	0.341	0.491	0.435	0.484	0.443	0.416												
16:20:01													0.464	0.436	0.529	0.500	0.471	0.530	0.370	0.444	0.428	0.540	0.421	0.508	0.472	0.433	0.685	0.395	0.457	0.492	0.516	0.488	0.544	0.515	0.446	0.477	0.469	0.439	0.569	0.418	0.508	0.474	0.493	0.523	0.549	0.428	0.521	0.368	0.457	0.435	0.527	0.396	0.434	0.407	0.532	0.502	0.546	0.473	0.489	0.322	0.432	0.446	0.528	0.383	0.435	0.500	0.517	0.462	0.496	0.466	0.445	0.402	0.443	0.434	0.526	0.468	0.424	0.537	0.361	0.494	0.450	0.525	0.448	0.447												
16:40:01													0.467	0.438	0.534	0.525	0.476	0.561	0.377	0.447	0.440	0.572	0.424	0.541	0.476	0.434	0.697	0.417	0.461	0.519	0.524	0.490	0.556	0.532	0.449	0.510	0.472	0.440	0.579	0.441	0.520	0.503	0.502	0.528	0.558	0.462	0.535	0.394	0.463	0.438	0.534	0.416	0.437	0.436	0.540	0.508	0.553	0.499	0.498	0.344	0.436	0.449	0.538	0.406	0.437	0.527	0.526	0.465	0.505	0.505	0.451	0.427	0.447	0.437	0.532	0.491	0.427	0.570	0.376	0.497	0.465	0.559	0.453	0.481												
17:00:01													0.469	0.441	0.538	0.544	0.480	0.591	0.383	0.449	0.453	0.603	0.427	0.566	0.481	0.435	0.707	0.439	0.465	0.538	0.533	0.493	0.566	0.564	0.452	0.535	0.475	0.442	0.592	0.464	0.534	0.527	0.509	0.534	0.566	0.488	0.548	0.419	0.467	0.439	0.540	0.434	0.439	0.455	0.545	0.514	0.559	0.521	0.504	0.369	0.439	0.451	0.546	0.434	0.440	0.554	0.534	0.467	0.513	0.531	0.457	0.453	0.450	0.438	0.539	0.528	0.431	0.602	0.389	0.499	0.481	0.591	0.458	0.513												
17:20:01													0.472	0.443	0.542	0.572	0.483	0.622	0.390	0.452	0.467	0.626	0.431	0.597	0.487	0.438	0.718	0.457	0.469	0.560	0.541	0.496	0.577	0.582	0.455	0.572	0.479	0.444	0.604	0.484	0.546	0.554	0.518	0.538	0.574	0.519	0.564	0.451	0.471	0.441	0.548	0.451	0.443	0.476	0.551	0.522	0.568	0.544	0.513	0.394	0.442	0.455	0.556	0.457	0.442	0.574	0.543	0.470	0.522	0.566	0.466	0.482	0.454	0.441	0.547	0.555	0.435	0.625	0.400	0.501	0.502	0.618	0.465	0.546												
17:40:01													0.475	0.446	0.546	0.569	0.487	0.645	0.396	0.455	0.484	0.661	0.435	0.630	0.490	0.439	0.728	0.487	0.472	0.593	0.548	0.500	0.590	0.618	0.459	0.612	0.482	0.446	0.616	0.511	0.558	0.580	0.526	0.542	0.585	0.553	0.575	0.516	0.476	0.443	0.556	0.491	0.447	0.505	0.561	0.531	0.577	0.571	0.524	0.418	0.445	0.457	0.565	0.488	0.445	0.614	0.553	0.474	0.531	0.592	0.477	0.521	0.456	0.445	0.555	0.588	0.439	0.674	0.409	0.506	0.515	0.645	0.473	0.580												
18:00:01													0.478	0.448	0.549	0.601	0.490	0.685	0.405	0.458	0.498	0.678	0.438	0.678	0.494	0.440	0.739	0.521	0.476	0.623	0.557	0.504	0.599	0.646	0.463	0.651	0.486	0.448	0.630	0.549	0.571	0.616	0.534	0.548	0.600	0.580	0.585	0.576	0.480	0.444	0.565	0.528	0.451	0.527	0.574	0.537	0.589	0.600	0.535	0.471	0.449	0.459	0.576	0.542	0.449	0.637	0.563	0.478	0.541	0.624	0.489	0.593	0.459	0.446	0.563	0.625	0.444	0.716	0.418	0.508	0.531	0.673	0.485	0.603												
18:20:01													0.483	0.451	0.552	0.632	0.495	0.705	0.412	0.462	0.511	0.712	0.442	0.710	0.498	0.443	0.748	0.562	0.481	0.657	0.567	0.507	0.609	0.681	0.467	0.685	0.490	0.450	0.643	0.622	0.581	0.641	0.541	0.553	0.607	0.597	0.595	0.654	0.485	0.446	0.575	0.554	0.456	0.565	0.587	0.544	0.596	0.644	0.544	0.543	0.453	0.462	0.588	0.582	0.453	0.685	0.573	0.481	0.553	0.649	0.503	0.618	0.462	0.448	0.571	0.649	0.450	0.734	0.425	0.511	0.542	0.686	0.498	0.647												
18:40:01													0.487	0.453	0.557	0.686	0.499	0.721	0.419	0.466	0.522	0.725	0.445	0.738	0.502	0.445	0.757	0.590	0.486	0.694	0.578	0.511	0.618	0.708	0.472	0.726	0.494	0.452	0.656	0.668	0.591	0.681	0.549	0.558	0.618	0.630	0.603	0.690	0.490	0.448	0.586	0.606	0.461	0.635	0.599	0.549	0.609	0.669	0.553	0.605	0.457	0.464	0.598	0.634	0.456	0.706	0.581	0.485	0.566	0.669	0.517	0.671	0.464	0.450	0.580	0.701	0.457	0.764	0.432	0.516	0.554	0.706	0.512	0.690												
19:00:01													0.492	0.455	0.562	0.737	0.503	0.723	0.426	0.470	0.534	0.731	0.449	0.778	0.506	0.447	0.764	0.604	0.493	0.708	0.590	0.514	0.629	0.721	0.478	0.765	0.498	0.454	0.666	0.716	0.598	0.705	0.558	0.564	0.629	0.660	0.611	0.730	0.495	0.449	0.593	0.676	0.466	0.662	0.611	0.555	0.614	0.692	0.562	0.656	0.461	0.467	0.605	0.673	0.460	0.737	0.589	0.490	0.578	0.720	0.531	0.710	0.467	0.453	0.590	0.740	0.469	0.784	0.439	0.523	0.565	0.718	0.527	0.717												
19:20:01													0.498	0.457	0.565	0.761	0.506	0.734	0.434	0.474	0.547	0.732	0.453	0.821	0.513	0.448	0.771	0.624	0.502	0.751	0.601	0.519	0.641	0.741	0.485	0.788	0.503	0.456	0.674	0.762	0.607	0.724	0.570	0.569	0.637	0.717	0.618	0.758	0.501	0.452	0.602	0.713	0.472	0.711	0.619	0.561	0.628	0.713	0.571	0.686	0.465	0.468	0.614	0.709	0.463	0.769	0.597	0.494	0.590	0.741	0.545	0.747	0.471	0.453	0.603	0.769	0.478	0.807	0.448	0.527	0.578	0.721	0.542	0.757												
19:40:01													0.505	0.460	0.568	0.798	0.512	0.766	0.440	0.479	0.558	0.752	0.457	0.850	0.517	0.450	0.776	0.669	0.513	0.773	0.611	0.523	0.651	0.744	0.493	0.820	0.507	0.458	0.682	0.792	0.614	0.757	0.581	0.574	0.643	0.759	0.624	0.788	0.506	0.455	0.610	0.751	0.479	0.764	0.626	0.566	0.630	0.736	0.580	0.726	0.469	0.471	0.619	0.744	0.467	0.800	0.603	0.499	0.601	0.784	0.558	0.780	0.474	0.457	0.624	0.806	0.488	0.809	0.458	0.531	0.589	0.738	0.556	0.793												
20:00:01													0.515	0.463	0.571	0.823	0.514	0.793	0.447	0.485	0.566	0.805	0.460	0.873	0.519	0.453	0.781	0.712	0.524	0.794	0.619	0.528	0.659	0.778	0.503	0.843	0.509	0.461	0.689	0.820	0.621	0.767	0.590	0.578	0.649	0.790	0.630	0.816	0.511	0.456	0.617	0.782	0.486	0.796	0.635	0.571	0.638	0.768	0.588	0.750	0.472	0.475	0.625	0.768	0.473	0.827	0.612	0.504	0.610	0.819	0.570	0.803	0.477	0.460	0.657	0.837	0.499	0.840	0.469	0.536	0.599	0.764	0.570	0.825												
20:20:01													0.527	0.465	0.573	0.834	0.520	0.824	0.452	0.492	0.575	0.824	0.464	0.892	0.523	0.455	0.787	0.751	0.537	0.827	0.629	0.532	0.665	0.814	0.513	0.875	0.514	0.463	0.694	0.834	0.628	0.785	0.599	0.584	0.656	0.819	0.636	0.842	0.515	0.457	0.625	0.797	0.494	0.824	0.644	0.576	0.645	0.799	0.595	0.771	0.476	0.476	0.627	0.803	0.477	0.848	0.621	0.509	0.617	0.836	0.581	0.835	0.480	0.463	0.685	0.869	0.514	0.875	0.479	0.542	0.606	0.803	0.583	0.852												
20:40:01													0.543	0.468	0.576	0.858	0.525	0.830	0.458	0.501	0.581	0.869	0.468	0.913	0.526	0.457	0.793	0.779	0.548	0.842	0.639	0.538	0.671	0.838	0.523	0.892	0.518	0.465	0.700	0.845	0.635	0.816	0.609	0.589	0.662	0.842	0.642	0.859	0.520	0.459	0.633	0.810	0.503	0.843	0.650	0.580	0.649	0.834	0.602	0.803	0.479	0.479	0.632	0.829	0.483	0.863	0.628	0.513	0.625	0.852	0.591	0.856	0.482	0.465	0.699	0.900	0.526	0.901	0.488	0.549	0.613	0.835	0.595	0.879												
21:00:01													0.563	0.470	0.579	0.878	0.529	0.870	0.464	0.509	0.588	0.914	0.472	0.933	0.531	0.460	0.798	0.798	0.560	0.861	0.648	0.543	0.676	0.874	0.535	0.905	0.524	0.468	0.705	0.860	0.641	0.847	0.618	0.595	0.669	0.870	0.648	0.880	0.525	0.461	0.641	0.825	0.512	0.863	0.654	0.584	0.655	0.862	0.609	0.822	0.483	0.480	0.639	0.842	0.490	0.871	0.636	0.518	0.632	0.874	0.601	0.874	0.484	0.467	0.706	0.931	0.541	0.905	0.498	0.558	0.619	0.868	0.606	0.916												
21:20:01													0.584	0.472	0.582	0.915	0.534	0.882	0.470	0.518	0.593	0.914	0.476	0.956	0.538	0.461	0.804	0.807	0.572	0.880	0.657	0.549	0.682	0.900	0.546	0.915	0.530	0.470	0.710	0.878	0.647	0.872	0.627	0.601	0.674	0.889	0.652	0.898	0.531	0.462	0.651	0.845	0.521	0.869	0.659	0.588	0.661	0.893	0.614	0.845	0.488	0.482	0.645	0.852	0.498	0.882	0.644	0.523	0.638	0.896	0.609	0.889	0.487	0.469	0.712	0.931	0.554	0.918	0.507	0.567	0.625	0.888	0.618	0.925												
21:40:01													0.606	0.475	0.588	0.923	0.538	0.899	0.475	0.527	0.598	0.945	0.480	0.979	0.546	0.463	0.808	0.828	0.581	0.895	0.666	0.554	0.687	0.911	0.557	0.924	0.537	0.472	0.713	0.892	0.653	0.891	0.636	0.606	0.681	0.913	0.657	0.904	0.537	0.463	0.661	0.864	0.531	0.881	0.664	0.593	0.669	0.921	0.620	0.860	0.493	0.485	0.650	0.861	0.505	0.897	0.652	0.528	0.644	0.913	0.617	0.907	0.490	0.470	0.718	0.937	0.560	0.942	0.515	0.575	0.629	0.906	0.627	0.944												
22:00:01													0.626	0.477	0.593	0.924	0.543	0.913	0.480	0.536	0.603	0.981	0.485	0.988	0.553	0.465	0.812	0.843	0.590	0.908	0.674	0.560	0.692	0.942	0.567	0.938	0.543	0.475	0.717	0.906	0.659	0.908	0.644	0.614	0.685	0.932	0.663	0.916	0.541	0.465	0.668	0.880	0.540	0.898	0.669	0.596	0.674	0.946	0.625	0.882	0.497	0.487	0.656	0.875	0.514	0.912	0.660	0.535	0.649	0.928	0.624	0.920	0.493	0.472	0.725	0.957	0.567	0.949	0.523	0.585	0.631	0.932	0.636	0.948												
22:20:01													0.642	0.479	0.596	0.930	0.546	0.916	0.486	0.546	0.610	0.998	0.491	0.997	0.560	0.467	0.816	0.862	0.598	0.919	0.681	0.567	0.696	0.964	0.577	0.955	0.552	0.477	0.719	0.921	0.663	0.924	0.653	0.621	0.691	0.950	0.668	0.924	0.546	0.467	0.674	0.894	0.548	0.915	0.674	0.601	0.675	0.967	0.630	0.896	0.502	0.489	0.660	0.893	0.522	0.921	0.667	0.543	0.656	0.945	0.631	0.943	0.496	0.474	0.731	0.963	0.572	0.962	0.532	0.594	0.635	0.945	0.645	0.951												
22:40:01													0.655	0.481	0.597	0.960	0.550	0.925	0.492	0.555	0.620	0.996	0.499	1.008	0.567	0.469	0.821	0.876	0.606	0.933	0.689	0.573	0.701	0.989	0.587	0.969	0.557	0.479	0.723	0.941	0.669	0.939	0.660	0.628	0.696	0.975	0.673	0.930	0.551	0.469	0.679	0.910	0.554	0.931	0.678	0.605	0.681	0.986	0.636	0.912	0.508	0.492	0.668	0.908	0.529	0.928	0.673	0.550	0.661	0.958	0.639	0.963	0.500	0.477	0.742	0.975	0.577	0.971	0.539	0.602	0.631	0.969	0.653	0.952												
23:00:01													0.670	0.483	0.598	0.986	0.553	0.925	0.497	0.564	0.629	1.001	0.506	1.025	0.574	0.470	0.825	0.896	0.613	0.936	0.697	0.579	0.705	1.016	0.596	0.977	0.566	0.481	0.728	0.943	0.674	0.953	0.668	0.635	0.700	0.991	0.676	0.941	0.556	0.471	0.685	0.923	0.561	0.942	0.683	0.610	0.686	1.003	0.640	0.925	0.515	0.494	0.671	0.919	0.536	0.931	0.681	0.554	0.666	0.980	0.645	0.978	0.503	0.478	0.750	1.007	0.582	0.982	0.546	0.610	0.627	0.971	0.659	0.968												
23:20:01													0.682	0.485	0.597	1.010	0.556	0.937	0.503	0.573	0.635	1.040	0.513	1.035	0.583	0.472	0.831	0.905	0.619	0.940	0.703	0.585	0.709	1.033	0.604	0.989	0.574	0.483	0.730	0.950	0.680	0.971	0.675	0.640	0.704	1.013	0.681	0.952	0.563	0.472	0.691	0.935	0.566	0.952	0.687	0.613	0.690	1.016	0.645	0.939	0.521	0.495	0.676	0.932	0.542	0.941	0.687	0.560	0.670	1.004	0.650	0.993	0.508	0.481	0.756	1.038	0.586	0.992	0.555	0.617	0.627	0.985	0.665	0.979												
23:40:01													0.694	0.486	0.597	1.031	0.559	0.938	0.507	0.582	0.641	1.076	0.522	1.042	0.592	0.473	0.842	0.913	0.625	0.952	0.710	0.591	0.715	1.048	0.612	1.002	0.580	0.485	0.733	0.959	0.686	0.992	0.681	0.647	0.709	1.036	0.685	0.966	0.569	0.474	0.697	0.948	0.571	0.962	0.693	0.618	0.693	1.028	0.649	0.955	0.529	0.497	0.682	0.945	0.548	0.947	0.694	0.569	0.674	1.023	0.656	1.008	0.511	0.483	0.762	1.065	0.592	1.001	0.561	0.624	0.628	0.999	0.670	0.999												
24:00:01													0.702	0.488	0.597	1.048	0.563	0.942	0.514	0.589	0.648	1.099	0.531	1.047	0.600	0.474	0.853	0.923	0.630	0.956	0.717	0.596	0.719	1.064	0.618	1.013	0.591	0.486	0.740	0.974	0.693	1.012	0.688	0.653	0.712	1.055	0.689	0.978	0.576	0.475	0.704	0.960	0.575	0.977	0.697	0.623	0.697	1.044	0.653	0.967	0.539	0.498	0.688	0.955	0.554	0.955	0.702	0.576	0.678	1.042	0.660	1.020	0.515	0.484	0.766	1.073	0.596	1.024	0.568	0.629	0.629	1.015	0.675	1.010												
24:20:01													0.706	0.490	0.597	1.064	0.564	0.960	0.519	0.597	0.654	1.117	0.539	1.060	0.606	0.476	0.862	0.923	0.634	0.962	0.724	0.602	0.723	1.075	0.623	1.019	0.602	0.487	0.755	0.988	0.700	1.028	0.695	0.660	0.716	1.071	0.693	0.992	0.584	0.476	0.710	0.969	0.578	0.987	0.701	0.627	0.700	1.059	0.656	0.983	0.551	0.500	0.693	0.967	0.560	0.964	0.709	0.585	0.682	1.062	0.665	1.036	0.521	0.486	0.766	1.098	0.600	1.034	0.576	0.635	0.632	1.035	0.678	1.020												
24:40:01													0.710	0.491	0.597	1.080	0.568	0.973	0.524	0.605	0.662	1.136	0.547	1.073	0.617	0.477	0.870	0.937	0.636	0.971	0.731	0.607	0.728	1.086	0.631	1.027	0.611	0.490	0.774	0.999	0.706	1.046	0.701	0.666	0.717	1.084	0.697	1.008	0.592	0.478	0.720	0.984	0.581	1.001	0.706	0.631	0.702	1.072	0.661	0.997	0.568	0.501	0.698	0.977	0.564	0.970	0.715	0.593	0.686	1.079	0.669	1.050	0.527	0.488	0.764	1.125	0.604	1.048	0.582	0.641	0.636	1.052	0.683	1.032												
25:00:01													0.716	0.492	0.597	1.090	0.570	0.992	0.528	0.614	0.667	1.158	0.555	1.084	0.625	0.478	0.873	0.953	0.639	0.985	0.736	0.614	0.735	1.091	0.636	1.036	0.621	0.491	0.787	1.014	0.712	1.063	0.708	0.671	0.719	1.099	0.701	1.020	0.600	0.479	0.738	0.996	0.584	1.013	0.711	0.635	0.705	1.083	0.664	1.010	0.583	0.503	0.708	0.988	0.567	0.992	0.721	0.602	0.690	1.095	0.674	1.060	0.533	0.489	0.761	1.147	0.607	1.065	0.590	0.646	0.643	1.075	0.686	1.050												
25:20:01													0.720	0.494	0.598	1.104	0.574	1.012	0.533	0.622	0.676	1.175	0.563	1.082	0.635	0.479	0.871	0.980	0.643	1.006	0.744	0.620	0.745	1.091	0.642	1.042	0.634	0.494	0.795	1.034	0.718	1.077	0.714	0.677	0.721	1.114	0.705	1.035	0.610	0.480	0.757	1.003	0.586	1.027	0.717	0.640	0.708	1.098	0.668	1.020	0.602	0.505	0.724	1.002	0.572	0.993	0.728	0.611	0.694	1.110	0.677	1.071	0.540	0.491	0.761	1.159	0.610	1.097	0.600	0.652	0.651	1.080	0.691	1.068												
25:40:01													0.720	0.496	0.599	1.115	0.576	1.025	0.539	0.630	0.685	1.194	0.570	1.094	0.642	0.481	0.869	1.007	0.646	1.016	0.750	0.626	0.754	1.099	0.647	1.058	0.647	0.496	0.799	1.052	0.724	1.087	0.720	0.682	0.723	1.125	0.709	1.046	0.618	0.482	0.766	1.018	0.589	1.036	0.721	0.644	0.711	1.111	0.671	1.033	0.621	0.506	0.742	1.012	0.577	1.005	0.734	0.620	0.698	1.123	0.681	1.078	0.546	0.493	0.758	1.172	0.614	1.113	0.605	0.657	0.662	1.098	0.694	1.085												
26:00:01													0.720	0.498	0.601	1.125	0.578	1.038	0.544	0.638	0.691	1.203	0.577	1.108	0.654	0.482	0.867	1.024	0.651	1.023	0.758	0.633	0.761	1.121	0.652	1.068	0.661	0.498	0.799	1.067	0.729	1.105	0.724	0.688	0.730	1.138	0.712	1.060	0.631	0.483	0.770	1.029	0.593	1.050	0.726	0.649	0.714	1.125	0.674	1.044	0.637	0.508	0.751	1.030	0.581	1.014	0.740	0.627	0.702	1.145	0.685	1.089	0.555	0.494	0.756	1.179	0.616	1.126	0.611	0.663	0.670	1.112	0.698	1.103												
26:20:01													0.718	0.499	0.601	1.127	0.579	1.062	0.548	0.646	0.696	1.217	0.584	1.114	0.657	0.484	0.863	1.039	0.655	1.037	0.764	0.640	0.769	1.144	0.656	1.082	0.677	0.501	0.801	1.080	0.734	1.120	0.728	0.693	0.740	1.147	0.716	1.070	0.638	0.485	0.773	1.036	0.596	1.065	0.729	0.654	0.718	1.139	0.678	1.053	0.653	0.510	0.756	1.041	0.587	1.034	0.746	0.635	0.714	1.153	0.689	1.097	0.565	0.496	0.754	1.188	0.617	1.144	0.616	0.667	0.674	1.144	0.702	1.118												
26:40:01													0.717	0.501	0.603	1.132	0.580	1.082	0.551	0.654	0.700	1.228	0.590	1.120	0.664	0.485	0.863	1.050	0.658	1.060	0.772	0.647	0.772	1.157	0.661	1.091	0.691	0.503	0.802	1.097	0.739	1.131	0.733	0.698	0.749	1.155	0.720	1.083	0.647	0.487	0.775	1.047	0.600	1.078	0.734	0.659	0.725	1.144	0.681	1.063	0.669	0.511	0.759	1.057	0.593	1.042	0.751	0.641	0.721	1.157	0.692	1.087	0.574	0.497	0.751	1.194	0.620	1.155	0.620	0.672	0.677	1.158	0.707	1.141												
27:00:01													0.727	0.503	0.605	1.133	0.581	1.098	0.554	0.663	0.703	1.235	0.595	1.130	0.677	0.486	0.863	1.066	0.662	1.077	0.780	0.656	0.774	1.171	0.665	1.101	0.708	0.507	0.803	1.110	0.742	1.148	0.739	0.704	0.753	1.175	0.724	1.098	0.659	0.488	0.777	1.058	0.605	1.093	0.740	0.664	0.726	1.153	0.685	1.074	0.687	0.513	0.760	1.069	0.600	1.053	0.757	0.647	0.725	1.178	0.697	1.105	0.591	0.500	0.749	1.200	0.622	1.180	0.626	0.675	0.681	1.181	0.711	1.148												
27:20:01													0.752	0.505	0.607	1.135	0.583	1.102	0.557	0.669	0.705	1.241	0.601	1.139	0.685	0.488	0.862	1.079	0.666	1.101	0.788	0.664	0.774	1.190	0.670	1.113	0.735	0.510	0.804	1.124	0.746	1.154	0.744	0.709	0.757	1.182	0.728	1.105	0.673	0.491	0.776	1.069	0.609	1.104	0.745	0.669	0.725	1.162	0.689	1.084	0.709	0.515	0.761	1.086	0.605	1.064	0.763	0.654	0.729	1.179	0.700	1.102	0.605	0.502	0.746	1.204	0.624	1.195	0.630	0.679	0.684	1.205	0.713	1.150												
27:40:01													0.766	0.507	0.608	1.135	0.585	1.108	0.560	0.673	0.707	1.244	0.606	1.151	0.694	0.490	0.862	1.093	0.669	1.113	0.795	0.670	0.772	1.201	0.674	1.125	0.762	0.513	0.805	1.137	0.750	1.166	0.748	0.714	0.757	1.185	0.731	1.109	0.680	0.493	0.776	1.077	0.614	1.115	0.749	0.674	0.725	1.171	0.691	1.092	0.729	0.517	0.761	1.105	0.610	1.070	0.767	0.660	0.731	1.202	0.703	1.101	0.618	0.503	0.744	1.206	0.626	1.207	0.635	0.686	0.686	1.223	0.716	1.178												
28:00:01													0.774	0.509	0.609	1.135	0.589	1.122	0.563	0.679	0.707	1.245	0.611	1.171	0.700	0.491	0.863	1.103	0.673	1.127	0.803	0.676	0.772	1.219	0.678	1.131	0.779	0.517	0.805	1.151	0.752	1.170	0.752	0.719	0.756	1.192	0.736	1.115	0.691	0.496	0.777	1.083	0.619	1.124	0.754	0.679	0.725	1.175	0.695	1.101	0.738	0.519	0.761	1.127	0.614	1.084	0.773	0.668	0.731	1.221	0.708	1.108	0.639	0.505	0.744	1.212	0.628	1.225	0.640	0.697	0.687	1.239	0.719	1.201												
28:20:01													0.779	0.511	0.612	1.130	0.593	1.142	0.567	0.684	0.708	1.250	0.617	1.199	0.706	0.493	0.864	1.113	0.677	1.139	0.816	0.681	0.770	1.231	0.682	1.141	0.794	0.520	0.806	1.167	0.754	1.178	0.757	0.725	0.755	1.206	0.739	1.123	0.696	0.498	0.776	1.092	0.623	1.132	0.758	0.686	0.726	1.177	0.698	1.110	0.744	0.522	0.762	1.144	0.620	1.096	0.778	0.675	0.731	1.237	0.711	1.112	0.659	0.507	0.745	1.215	0.631	1.252	0.646	0.708	0.688	1.251	0.722	1.232												
28:40:01													0.782	0.513	0.615	1.130	0.596	1.158	0.571	0.688	0.708	1.246	0.622	1.207	0.716	0.494	0.864	1.119	0.681	1.151	0.827	0.686	0.769	1.241	0.686	1.146	0.805	0.524	0.806	1.180	0.756	1.180	0.762	0.730	0.754	1.226	0.742	1.129	0.709	0.500	0.775	1.100	0.628	1.146	0.763	0.692	0.726	1.184	0.701	1.119	0.748	0.525	0.762	1.158	0.624	1.109	0.783	0.682	0.730	1.255	0.714	1.116	0.680	0.509	0.745	1.220	0.632	1.269	0.651	0.717	0.689	1.259	0.723	1.255												
29:00:01													0.784	0.515	0.617	1.129	0.600	1.170	0.576	0.692	0.709	1.245	0.627	1.217	0.722	0.496	0.864	1.123	0.684	1.161	0.838	0.691	0.767	1.248	0.691	1.157	0.811	0.528	0.807	1.193	0.759	1.174	0.766	0.735	0.753	1.241	0.744	1.133	0.718	0.502	0.774	1.108	0.633	1.153	0.767	0.697	0.727	1.195	0.703	1.125	0.750	0.527	0.762	1.171	0.628	1.122	0.789	0.688	0.729	1.272	0.718	1.123	0.706	0.511	0.745	1.221	0.632	1.272	0.656	0.724	0.689	1.263	0.725	1.276												
29:20:01													0.788	0.517	0.620	1.125	0.605	1.176	0.579	0.696	0.710	1.247	0.633	1.237	0.733	0.498	0.866	1.127	0.688	1.175	0.848	0.695	0.766	1.253	0.696	1.163	0.817	0.533	0.807	1.206	0.764	1.180	0.770	0.740	0.754	1.258	0.746	1.145	0.726	0.506	0.774	1.120	0.637	1.165	0.772	0.702	0.729	1.210	0.707	1.136	0.751	0.529	0.763	1.181	0.631	1.133	0.795	0.694	0.728	1.287	0.722	1.134	0.727	0.514	0.746	1.222	0.634	1.273	0.661	0.730	0.690	1.268	0.728	1.288												
29:40:01													0.787	0.519	0.621	1.120	0.609	1.185	0.583	0.699	0.713	1.246	0.637	1.244	0.740	0.499	0.866	1.129	0.694	1.186	0.858	0.701	0.766	1.255	0.702	1.174	0.818	0.536	0.806	1.216	0.770	1.204	0.777	0.746	0.754	1.271	0.748	1.160	0.736	0.509	0.772	1.135	0.640	1.173	0.777	0.706	0.731	1.219	0.709	1.145	0.751	0.531	0.763	1.191	0.631	1.142	0.804	0.695	0.728	1.296	0.725	1.146	0.736	0.516	0.746	1.221	0.636	1.271	0.666	0.732	0.692	1.269	0.730	1.292												
30:00:01													0.792	0.521	0.629	1.120	0.619	1.191	0.587	0.704	0.712	1.242	0.642	1.258	0.756	0.503	0.867	1.132	0.696	1.192	0.861	0.704	0.762	1.257	0.704	1.179	0.822	0.543	0.808	1.230	0.775	1.215	0.780	0.749	0.755	1.284	0.747	1.176	0.757	0.513	0.771	1.151	0.646	1.183	0.781	0.710	0.731	1.227	0.710	1.153	0.753	0.534	0.764	1.203	0.635	1.161	0.814	0.703	0.727	1.306	0.729	1.166	0.747	0.518	0.747	1.222	0.636	1.278	0.672	0.736	0.691	1.272	0.731	1.296												
30:20:01													0.792	0.523	0.636	1.114	0.625	1.200	0.592	0.707	0.713	1.240	0.646	1.269	0.771	0.504	0.867	1.136	0.699	1.201	0.865	0.709	0.761	1.258	0.707	1.193	0.823	0.548	0.808	1.242	0.775	1.236	0.784	0.752	0.755	1.293	0.748	1.188	0.776	0.516	0.769	1.164	0.652	1.192	0.786	0.714	0.732	1.237	0.712	1.164	0.753	0.536	0.765	1.212	0.638	1.194	0.825	0.707	0.727	1.315	0.732	1.157	0.755	0.520	0.747	1.223	0.641	1.283	0.677	0.737	0.691	1.273	0.744	1.295												
30:40:01													0.794	0.525	0.656	1.108	0.633	1.203	0.596	0.710	0.713	1.237	0.649	1.284	0.790	0.506	0.869	1.137	0.703	1.207	0.867	0.716	0.759	1.259	0.710	1.199	0.824	0.553	0.807	1.249	0.775	1.256	0.788	0.756	0.756	1.300	0.748	1.193	0.792	0.519	0.769	1.178	0.656	1.208	0.792	0.717	0.734	1.246	0.715	1.175	0.753	0.538	0.766	1.223	0.641	1.212	0.834	0.712	0.728	1.321	0.735	1.176	0.763	0.522	0.748	1.220	0.640	1.288	0.683	0.738	0.691	1.275	0.747	1.298												
31:00:01													0.794	0.526	0.671	1.113	0.639	1.210	0.600	0.713	0.713	1.237	0.653	1.299	0.807	0.508	0.870	1.142	0.707	1.219	0.869	0.736	0.758	1.260	0.713	1.208	0.824	0.558	0.806	1.255	0.774	1.271	0.794	0.759	0.757	1.307	0.748	1.207	0.806	0.523	0.766	1.190	0.661	1.220	0.798	0.720	0.735	1.255	0.717	1.181	0.753	0.540	0.767	1.230	0.643	1.214	0.839	0.717	0.728	1.326	0.737	1.202	0.769	0.524	0.749	1.224	0.639	1.286	0.691	0.740	0.690	1.274	0.749	1.300												
31:20:01													0.794	0.527	0.671	1.108	0.645	1.212	0.607	0.717	0.714	1.229	0.657	1.309	0.819	0.510	0.871	1.139	0.723	1.242	0.869	0.743	0.757	1.261	0.716	1.219	0.823	0.563	0.805	1.262	0.773	1.284	0.800	0.762	0.757	1.313	0.748	1.214	0.813	0.528	0.766	1.200	0.665	1.229	0.806	0.723	0.736	1.262	0.717	1.191	0.753	0.542	0.766	1.236	0.646	1.230	0.844	0.722	0.728	1.328	0.738	1.206	0.772	0.526	0.749	1.224	0.637	1.286	0.704	0.743	0.691	1.274	0.750	1.302												
31:40:01													0.793	0.529	0.671	1.127	0.649	1.218	0.615	0.720	0.714	1.223	0.660	1.313	0.829	0.512	0.872	1.142	0.730	1.258	0.869	0.746	0.756	1.261	0.718	1.230	0.823	0.568	0.805	1.268	0.773	1.293	0.808	0.765	0.758	1.320	0.748	1.222	0.819	0.531	0.764	1.210	0.668	1.242	0.812	0.726	0.737	1.269	0.717	1.201	0.753	0.544	0.767	1.243	0.648	1.237	0.847	0.727	0.728	1.329	0.740	1.216	0.773	0.528	0.749	1.223	0.635	1.288	0.713	0.749	0.691	1.275	0.749	1.303												
32:00:02													0.790	0.532	0.667	1.042	0.651	1.222	0.625	0.724	0.717	1.218	0.669	1.311	0.832	0.513	0.873	1.142	0.735	1.268	0.869	0.749	0.756	1.259	0.721	1.248	0.822	0.573	0.803	1.272	0.772	1.302	0.820	0.770	0.759	1.325	0.748	1.229	0.823	0.534	0.763	1.217	0.671	1.252	0.819	0.728	0.739	1.273	0.718	1.217	0.752	0.545	0.765	1.248	0.648	1.242	0.849	0.743	0.729	1.330	0.740	1.233	0.775	0.529	0.749	1.222	0.633	1.282	0.718	0.760	0.693	1.273	0.746	1.302												
32:20:02													0.794	0.535	0.672	0.911	0.656	1.225	0.632	0.734	0.715	1.215	0.682	1.309	0.838	0.515	0.873	1.144	0.737	1.274	0.866	0.749	0.753	1.258	0.722	1.270	0.822	0.580	0.804	1.276	0.771	1.309	0.829	0.772	0.759	1.329	0.748	1.242	0.825	0.538	0.763	1.223	0.676	1.257	0.824	0.732	0.738	1.278	0.718	1.226	0.754	0.548	0.766	1.255	0.654	1.258	0.849	0.755	0.729	1.331	0.741	1.248	0.774	0.530	0.749	1.222	0.631	1.285	0.723	0.783	0.691	1.275	0.743	1.300												
32:40:01													0.791	0.539	0.674	0.899	0.659	1.230	0.640	0.753	0.715	1.221	0.688	1.310	0.841	0.518	0.873	1.146	0.740	1.276	0.866	0.748	0.752	1.258	0.724	1.280	0.823	0.587	0.803	1.277	0.770	1.315	0.837	0.775	0.760	1.332	0.748	1.253	0.829	0.542	0.762	1.229	0.679	1.252	0.828	0.734	0.739	1.281	0.717	1.224	0.755	0.550	0.767	1.259	0.656	1.269	0.849	0.760	0.730	1.332	0.741	1.263	0.777	0.531	0.749	1.221	0.630	1.284	0.727	0.792	0.691	1.274	0.739	1.297												
33:00:02													0.795	0.543	0.676	0.910	0.661	1.228	0.651	0.762	0.716	1.232	0.691	1.310	0.843	0.520	0.872	1.149	0.741	1.279	0.864	0.747	0.751	1.258	0.725	1.291	0.822	0.596	0.803	1.278	0.768	1.319	0.844	0.778	0.761	1.335	0.747	1.263	0.831	0.547	0.761	1.235	0.682	1.260	0.831	0.736	0.740	1.284	0.717	1.228	0.754	0.553	0.767	1.262	0.659	1.279	0.848	0.762	0.730	1.332	0.742	1.268	0.776	0.532	0.749	1.220	0.627	1.281	0.731	0.796	0.690	1.274	0.735	1.299												
33:20:02													0.793	0.544	0.679	0.927	0.664	1.228	0.662	0.768	0.716	1.248	0.695	1.310	0.843	0.523	0.870	1.149	0.742	1.280	0.862	0.745	0.750	1.258	0.727	1.299	0.822	0.613	0.803	1.279	0.767	1.322	0.849	0.786	0.762	1.337	0.748	1.271	0.832	0.550	0.760	1.240	0.684	1.266	0.834	0.740	0.741	1.287	0.717	1.230	0.756	0.557	0.767	1.265	0.661	1.284	0.846	0.764	0.731	1.332	0.742	1.273	0.777	0.533	0.750	1.217	0.624	1.274	0.736	0.798	0.690	1.273	0.732	1.299												
33:40:02													0.792	0.547	0.680	0.942	0.666	1.233	0.676	0.773	0.716	1.259	0.696	1.310	0.842	0.526	0.870	1.147	0.742	1.282	0.861	0.742	0.749	1.257	0.728	1.307	0.820	0.624	0.802	1.279	0.766	1.323	0.853	0.802	0.763	1.337	0.751	1.278	0.834	0.554	0.760	1.245	0.687	1.271	0.835	0.742	0.742	1.290	0.716	1.241	0.757	0.564	0.767	1.266	0.669	1.293	0.845	0.764	0.733	1.333	0.742	1.278	0.777	0.534	0.752	1.220	0.620	1.270	0.739	0.798	0.689	1.272	0.728	1.297												
34:00:02													0.792	0.550	0.683	0.958	0.668	1.234	0.688	0.777	0.717	1.224	0.695	1.307	0.843	0.531	0.869	1.150	0.742	1.285	0.859	0.740	0.749	1.256	0.729	1.308	0.821	0.632	0.803	1.281	0.765	1.324	0.855	0.810	0.764	1.339	0.752	1.289	0.835	0.562	0.761	1.249	0.698	1.283	0.835	0.750	0.743	1.291	0.716	1.259	0.758	0.572	0.767	1.268	0.679	1.302	0.843	0.762	0.734	1.332	0.746	1.282	0.777	0.536	0.752	1.218	0.613	1.267	0.742	0.795	0.689	1.271	0.725	1.295												
34:20:02													0.792	0.553	0.685	0.973	0.670	1.230	0.697	0.779	0.717	1.104	0.692	1.304	0.842	0.536	0.867	1.151	0.743	1.286	0.857	0.737	0.748	1.256	0.733	1.308	0.821	0.639	0.802	1.281	0.763	1.327	0.856	0.813	0.764	1.338	0.751	1.296	0.835	0.567	0.760	1.253	0.701	1.293	0.835	0.761	0.744	1.291	0.716	1.263	0.760	0.578	0.767	1.268	0.684	1.310	0.841	0.761	0.734	1.333	0.753	1.285	0.775	0.541	0.752	1.213	0.610	1.268	0.745	0.790	0.688	1.268	0.722	1.295												
34:40:02													0.792	0.558	0.687	0.987	0.672	1.232	0.704	0.780	0.717	1.058	0.688	1.305	0.842	0.546	0.867	1.152	0.741	1.288	0.855	0.734	0.747	1.254	0.741	1.310	0.820	0.646	0.801	1.282	0.761	1.325	0.855	0.814	0.765	1.338	0.750	1.301	0.834	0.576	0.759	1.256	0.702	1.301	0.834	0.764	0.745	1.291	0.715	1.269	0.761	0.583	0.767	1.269	0.688	1.316	0.839	0.758	0.735	1.331	0.751	1.291	0.776	0.547	0.752	1.210	0.611	1.265	0.747	0.785	0.688	1.269	0.719	1.296												
35:00:02													0.793	0.565	0.689	0.999	0.673	1.232	0.709	0.781	0.718	1.062	0.685	1.307	0.841	0.554	0.866	1.150	0.741	1.287	0.854	0.731	0.747	1.253	0.743	1.314	0.820	0.654	0.802	1.285	0.760	1.327	0.854	0.815	0.765	1.339	0.749	1.304	0.834	0.593	0.759	1.257	0.703	1.310	0.835	0.766	0.746	1.291	0.714	1.275	0.762	0.588	0.767	1.270	0.691	1.318	0.837	0.756	0.736	1.333	0.750	1.296	0.777	0.553	0.751	1.206	0.613	1.276	0.749	0.785	0.687	1.264	0.717	1.294												
35:20:02													0.794	0.572	0.691	1.009	0.673	1.231	0.711	0.780	0.717	1.074	0.682	1.304	0.841	0.558	0.866	1.151	0.741	1.289	0.853	0.730	0.747	1.256	0.744	1.320	0.821	0.660	0.801	1.287	0.760	1.330	0.854	0.815	0.765	1.339	0.748	1.309	0.835	0.607	0.759	1.258	0.704	1.319	0.836	0.768	0.747	1.291	0.714	1.283	0.764	0.594	0.768	1.271	0.694	1.322	0.835	0.754	0.735	1.333	0.750	1.301	0.778	0.556	0.751	1.205	0.613	1.291	0.751	0.784	0.686	1.266	0.715	1.287												
35:40:02													0.801	0.588	0.705	1.020	0.678	1.237	0.716	0.781	0.722	1.087	0.679	1.300	0.845	0.576	0.870	1.155	0.744	1.292	0.853	0.729	0.747	1.253	0.743	1.321	0.828	0.675	0.807	1.288	0.762	1.332	0.853	0.816	0.764	1.339	0.747	1.313	0.841	0.626	0.764	1.261	0.705	1.327	0.838	0.770	0.749	1.290	0.714	1.286	0.770	0.611	0.774	1.272	0.702	1.325	0.835	0.753	0.737	1.332	0.748	1.303	0.782	0.564	0.756	1.207	0.616	1.298	0.755	0.783	0.687	1.264	0.713	1.283												
36:00:02													0.795	0.589	0.694	1.029	0.672	1.232	0.713	0.776	0.719	1.100	0.675	1.299	0.840	0.568	0.864	1.149	0.739	1.291	0.849	0.725	0.745	1.251	0.741	1.325	0.821	0.670	0.800	1.286	0.758	1.330	0.850	0.811	0.763	1.338	0.745	1.314	0.834	0.621	0.758	1.259	0.703	1.332	0.836	0.768	0.749	1.290	0.714	1.286	0.765	0.608	0.766	1.271	0.698	1.324	0.831	0.749	0.734	1.330	0.744	1.303	0.776	0.563	0.751	1.211	0.614	1.306	0.751	0.778	0.685	1.257	0.710	1.277												
36:20:02													0.796	0.596	0.696	1.036	0.671	1.230	0.713	0.774	0.719	1.112	0.672	1.297	0.840	0.574	0.863	1.151	0.739	1.290	0.847	0.722	0.745	1.247	0.739	1.325	0.823	0.673	0.800	1.285	0.756	1.330	0.848	0.809	0.762	1.337	0.743	1.315	0.834	0.626	0.757	1.259	0.701	1.337	0.837	0.767	0.749	1.289	0.715	1.288	0.765	0.615	0.765	1.271	0.699	1.324	0.829	0.747	0.734	1.329	0.741	1.302	0.775	0.565	0.751	1.218	0.615	1.314	0.751	0.774	0.684	1.250	0.708	1.273												
36:40:02													0.796	0.603	0.697	1.043	0.669	1.226	0.714	0.771	0.719	1.123	0.669	1.294	0.839	0.580	0.863	1.150	0.739	1.292	0.845	0.720	0.745	1.245	0.738	1.325	0.823	0.676	0.800	1.285	0.755	1.329	0.845	0.806	0.761	1.336	0.742	1.314	0.834	0.630	0.757	1.259	0.700	1.343	0.837	0.765	0.750	1.289	0.717	1.297	0.766	0.622	0.766	1.270	0.699	1.326	0.827	0.744	0.734	1.328	0.739	1.302	0.775	0.568	0.751	1.228	0.615	1.297	0.750	0.771	0.684	1.243	0.706	1.268												
37:00:02													0.797	0.608	0.699	1.050	0.668	1.220	0.714	0.768	0.720	1.135	0.667	1.292	0.839	0.585	0.862	1.150	0.738	1.293	0.844	0.718	0.744	1.244	0.736	1.326	0.825	0.679	0.800	1.284	0.754	1.329	0.843	0.803	0.761	1.336	0.741	1.314	0.833	0.637	0.756	1.259	0.698	1.348	0.837	0.762	0.751	1.289	0.716	1.304	0.768	0.629	0.765	1.271	0.699	1.327	0.825	0.743	0.734	1.327	0.737	1.302	0.775	0.573	0.751	1.238	0.617	1.194	0.751	0.768	0.684	1.238	0.704	1.265												
37:20:02													0.798	0.613	0.701	1.055	0.666	1.219	0.714	0.766	0.720	1.145	0.665	1.289	0.838	0.593	0.862	1.148	0.737	1.289	0.843	0.717	0.744	1.239	0.733	1.324	0.827	0.679	0.800	1.284	0.754	1.331	0.841	0.801	0.760	1.334	0.740	1.313	0.834	0.644	0.756	1.261	0.697	1.352	0.837	0.760	0.751	1.287	0.715	1.309	0.768	0.635	0.765	1.270	0.698	1.329	0.824	0.741	0.733	1.325	0.734	1.301	0.775	0.578	0.752	1.241	0.618	1.114	0.750	0.766	0.684	1.241	0.702	1.266												
37:40:02													0.795	0.610	0.700	1.060	0.663	1.223	0.712	0.764	0.722	1.154	0.662	1.281	0.836	0.597	0.862	1.144	0.737	1.287	0.842	0.715	0.746	1.234	0.732	1.324	0.826	0.678	0.798	1.282	0.753	1.330	0.841	0.800	0.761	1.333	0.740	1.315	0.832	0.647	0.756	1.258	0.696	1.355	0.838	0.758	0.753	1.286	0.714	1.313	0.769	0.639	0.763	1.269	0.697	1.329	0.823	0.739	0.733	1.323	0.733	1.301	0.774	0.582	0.752	1.198	0.618	1.098	0.750	0.764	0.685	1.250	0.701	1.268												
38:00:02													0.799	0.620	0.705	1.064	0.663	1.231	0.713	0.761	0.720	1.163	0.661	1.275	0.837	0.607	0.861	1.145	0.736	1.291	0.840	0.713	0.744	1.232	0.729	1.324	0.829	0.679	0.800	1.281	0.753	1.330	0.839	0.796	0.759	1.332	0.739	1.314	0.832	0.652	0.755	1.261	0.694	1.359	0.837	0.757	0.753	1.285	0.711	1.317	0.771	0.647	0.764	1.269	0.697	1.331	0.821	0.737	0.732	1.320	0.730	1.301	0.773	0.589	0.752	1.150	0.616	1.101	0.750	0.761	0.683	1.266	0.699	1.271												
38:20:02													0.799	0.622	0.706	1.067	0.663	1.241	0.713	0.759	0.721	1.170	0.659	1.269	0.837	0.613	0.861	1.150	0.735	1.288	0.839	0.711	0.744	1.229	0.727	1.322	0.830	0.679	0.800	1.282	0.753	1.330	0.837	0.794	0.759	1.331	0.738	1.314	0.833	0.654	0.755	1.260	0.693	1.362	0.837	0.755	0.754	1.284	0.710	1.320	0.771	0.652	0.764	1.270	0.697	1.330	0.821	0.736	0.732	1.321	0.729	1.300	0.772	0.595	0.752	1.090	0.617	1.108	0.749	0.760	0.683	1.280	0.697	1.275												
38:40:02													0.806	0.631	0.719	1.071	0.668	1.252	0.716	0.758	0.724	1.178	0.658	1.270	0.841	0.630	0.865	1.162	0.736	1.291	0.840	0.711	0.745	1.227	0.725	1.322	0.839	0.683	0.806	1.284	0.756	1.330	0.837	0.793	0.759	1.330	0.738	1.312	0.839	0.662	0.760	1.262	0.693	1.365	0.839	0.754	0.755	1.282	0.709	1.323	0.780	0.666	0.772	1.272	0.701	1.333	0.823	0.737	0.734	1.320	0.729	1.302	0.778	0.610	0.757	1.053	0.620	1.117	0.751	0.759	0.684	1.292	0.696	1.291												
39:00:02													0.801	0.626	0.709	1.070	0.663	1.260	0.712	0.755	0.721	1.184	0.656	1.281	0.837	0.622	0.860	1.172	0.733	1.287	0.836	0.708	0.744	1.227	0.724	1.321	0.833	0.677	0.800	1.281	0.752	1.329	0.834	0.790	0.758	1.329	0.737	1.312	0.833	0.657	0.756	1.259	0.690	1.365	0.837	0.751	0.756	1.281	0.708	1.325	0.773	0.659	0.764	1.269	0.696	1.329	0.819	0.733	0.731	1.316	0.726	1.299	0.773	0.607	0.753	1.009	0.619	1.125	0.748	0.756	0.682	1.301	0.694	1.310												
39:20:02													0.799	0.622	0.707	1.069	0.661	1.272	0.710	0.753	0.723	1.187	0.654	1.296	0.835	0.625	0.860	1.184	0.733	1.287	0.836	0.707	0.746	1.228	0.724	1.320	0.832	0.675	0.798	1.280	0.752	1.327	0.834	0.790	0.759	1.328	0.737	1.311	0.832	0.658	0.755	1.258	0.689	1.365	0.837	0.750	0.758	1.280	0.708	1.326	0.772	0.658	0.763	1.268	0.694	1.332	0.818	0.731	0.731	1.314	0.725	1.300	0.773	0.609	0.754	0.987	0.622	1.134	0.749	0.755	0.685	1.307	0.694	1.332												
39:40:02													0.802	0.627	0.710	1.067	0.664	1.277	0.711	0.750	0.721	1.184	0.653	1.312	0.836	0.630	0.859	1.195	0.731	1.285	0.833	0.705	0.744	1.228	0.722	1.321	0.835	0.675	0.800	1.277	0.752	1.326	0.831	0.786	0.757	1.325	0.736	1.310	0.834	0.659	0.754	1.258	0.687	1.367	0.836	0.749	0.757	1.278	0.705	1.326	0.776	0.662	0.764	1.267	0.694	1.331	0.818	0.730	0.730	1.310	0.724	1.298	0.773	0.617	0.754	0.986	0.621	1.143	0.747	0.753	0.683	1.312	0.692	1.348												
40:00:02													0.802	0.627	0.712	1.066	0.664	1.278	0.710	0.748	0.721	1.181	0.652	1.329	0.835	0.632	0.859	1.203	0.731	1.282	0.832	0.703	0.744	1.230	0.721	1.316	0.836	0.674	0.800	1.277	0.752	1.324	0.830	0.784	0.757	1.323	0.735	1.308	0.833	0.657	0.754	1.258	0.686	1.366	0.835	0.747	0.757	1.277	0.705	1.326	0.776	0.663	0.763	1.266	0.693	1.334	0.817	0.729	0.730	1.307	0.723	1.300	0.772	0.619	0.754	0.983	0.622	1.151	0.747	0.751	0.683	1.309	0.691	1.360												
40:20:02													0.799	0.622	0.710	1.065	0.662	1.262	0.709	0.747	0.722	1.179	0.650	1.346	0.833	0.631	0.858	1.201	0.731	1.280	0.832	0.702	0.746	1.234	0.721	1.318	0.835	0.672	0.798	1.275	0.752	1.324	0.830	0.785	0.757	1.321	0.735	1.308	0.833	0.656	0.754	1.255	0.686	1.367	0.835	0.746	0.759	1.275	0.705	1.327	0.775	0.662	0.762	1.264	0.691	1.330	0.816	0.728	0.729	1.303	0.723	1.299	0.772	0.620	0.754	0.984	0.624	1.158	0.746	0.750	0.684	1.291	0.690	1.372												
40:40:02													0.803	0.626	0.713	1.065	0.665	1.222	0.709	0.745	0.721	1.175	0.649	1.364	0.836	0.636	0.858	1.192	0.731	1.281	0.830	0.701	0.744	1.236	0.719	1.315	0.838	0.673	0.800	1.275	0.752	1.320	0.828	0.781	0.756	1.318	0.735	1.306	0.834	0.656	0.753	1.256	0.685	1.366	0.834	0.745	0.758	1.273	0.703	1.324	0.777	0.664	0.763	1.263	0.691	1.332	0.816	0.727	0.728	1.300	0.721	1.299	0.773	0.625	0.754	0.991	0.624	1.165	0.745	0.748	0.683	1.280	0.688	1.380												
41:00:02													0.800	0.623	0.712	1.064	0.663	1.130	0.708	0.743	0.722	1.173	0.647	1.374	0.835	0.634	0.857	1.153	0.730	1.276	0.830	0.699	0.746	1.239	0.719	1.311	0.837	0.671	0.798	1.268	0.751	1.316	0.827	0.782	0.756	1.317	0.735	1.305	0.833	0.654	0.754	1.253	0.684	1.367	0.834	0.744	0.759	1.271	0.704	1.324	0.776	0.664	0.762	1.262	0.690	1.327	0.816	0.725	0.728	1.293	0.721	1.296	0.770	0.625	0.754	0.998	0.626	1.171	0.743	0.746	0.685	1.238	0.688	1.376												
41:20:02													0.803	0.626	0.712	1.063	0.665	1.087	0.708	0.741	0.720	1.171	0.647	1.376	0.837	0.636	0.856	1.123	0.728	1.269	0.828	0.697	0.744	1.241	0.717	1.312	0.839	0.670	0.799	1.270	0.751	1.317	0.825	0.778	0.755	1.314	0.734	1.299	0.833	0.654	0.753	1.253	0.683	1.368	0.832	0.743	0.758	1.270	0.702	1.325	0.777	0.664	0.762	1.260	0.689	1.329	0.815	0.724	0.727	1.291	0.720	1.294	0.773	0.627	0.754	1.005	0.625	1.178	0.742	0.745	0.683	1.223	0.686	1.388												
41:40:02													0.804	0.626	0.715	1.064	0.666	1.054	0.709	0.740	0.720	1.168	0.646	1.362	0.836	0.636	0.856	1.090	0.727	1.270	0.826	0.697	0.744	1.242	0.717	1.307	0.841	0.669	0.800	1.268	0.752	1.316	0.824	0.777	0.754	1.311	0.733	1.299	0.834	0.652	0.752	1.253	0.682	1.367	0.832	0.742	0.757	1.267	0.702	1.324	0.779	0.664	0.762	1.259	0.688	1.325	0.815	0.724	0.726	1.288	0.720	1.291	0.773	0.627	0.754	1.013	0.626	1.184	0.741	0.743	0.683	1.191	0.684	1.400												
42:00:02													0.804	0.625	0.716	1.063	0.666	1.038	0.708	0.738	0.720	1.165	0.645	1.334	0.836	0.637	0.856	1.057	0.726	1.264	0.825	0.695	0.744	1.242	0.716	1.302	0.841	0.669	0.800	1.263	0.751	1.311	0.824	0.776	0.754	1.308	0.733	1.299	0.834	0.652	0.752	1.252	0.681	1.365	0.831	0.742	0.756	1.264	0.702	1.323	0.779	0.665	0.762	1.256	0.687	1.327	0.815	0.723	0.726	1.288	0.719	1.287	0.773	0.628	0.755	1.019	0.626	1.189	0.739	0.743	0.682	1.167	0.683	1.400												
42:20:02													0.804	0.624	0.716	1.063	0.667	1.034	0.708	0.737	0.720	1.163	0.644	1.295	0.838	0.635	0.855	1.034	0.725	1.263	0.824	0.695	0.744	1.242	0.715	1.298	0.841	0.669	0.800	1.261	0.751	1.311	0.823	0.775	0.753	1.305	0.732	1.297	0.833	0.651	0.752	1.249	0.681	1.365	0.830	0.741	0.755	1.262	0.702	1.325	0.779	0.664	0.762	1.254	0.686	1.325	0.815	0.722	0.725	1.291	0.718	1.288	0.773	0.627	0.754	1.026	0.627	1.193	0.739	0.741	0.682	1.151	0.682	1.395												
42:40:02													0.804	0.624	0.715	1.061	0.667	1.036	0.708	0.736	0.721	1.161	0.642	1.257	0.838	0.635	0.854	1.020	0.726	1.264	0.824	0.693	0.744	1.242	0.715	1.295	0.842	0.668	0.800	1.257	0.751	1.307	0.822	0.774	0.754	1.302	0.732	1.292	0.834	0.650	0.753	1.247	0.680	1.362	0.829	0.740	0.755	1.259	0.702	1.323	0.779	0.664	0.762	1.251	0.686	1.325	0.814	0.721	0.725	1.294	0.718	1.283	0.772	0.628	0.754	1.033	0.626	1.198	0.738	0.741	0.682	1.138	0.681	1.390												
43:00:02													0.804	0.623	0.716	1.060	0.668	1.042	0.707	0.734	0.721	1.159	0.641	1.225	0.839	0.635	0.854	1.008	0.724	1.266	0.823	0.692	0.745	1.241	0.714	1.291	0.843	0.668	0.800	1.255	0.752	1.305	0.822	0.772	0.753	1.298	0.731	1.287	0.834	0.650	0.752	1.246	0.680	1.363	0.829	0.739	0.754	1.255	0.702	1.321	0.780	0.664	0.763	1.248	0.686	1.319	0.814	0.721	0.724	1.297	0.717	1.282	0.774	0.628	0.755	1.040	0.627	1.202	0.738	0.740	0.682	1.131	0.680	1.405												
43:20:02													0.805	0.623	0.717	1.058	0.668	1.046	0.707	0.734	0.721	1.157	0.641	1.196	0.840	0.634	0.854	1.007	0.725	1.269	0.822	0.692	0.745	1.240	0.714	1.289	0.843	0.667	0.800	1.252	0.752	1.301	0.821	0.771	0.753	1.295	0.731	1.286	0.833	0.649	0.752	1.244	0.679	1.363	0.829	0.738	0.754	1.252	0.702	1.321	0.780	0.664	0.763	1.244	0.685	1.321	0.814	0.721	0.724	1.301	0.718	1.278	0.773	0.628	0.755	1.046	0.627	1.206	0.737	0.741	0.682	1.125	0.679	1.409												
43:40:02													0.805	0.622	0.717	1.056	0.668	1.053	0.707	0.732	0.721	1.154	0.640	1.177	0.841	0.633	0.853	1.001	0.725	1.270	0.821	0.691	0.744	1.239	0.713	1.280	0.844	0.666	0.800	1.248	0.751	1.296	0.819	0.769	0.752	1.291	0.730	1.280	0.833	0.647	0.751	1.242	0.678	1.360	0.828	0.737	0.753	1.249	0.702	1.319	0.781	0.663	0.763	1.240	0.685	1.315	0.813	0.720	0.723	1.304	0.717	1.274	0.773	0.628	0.755	1.053	0.627	1.208	0.736	0.740	0.682	1.122	0.677	1.384												
44:00:02													0.804	0.622	0.716	1.053	0.668	1.059	0.706	0.731	0.720	1.152	0.639	1.169	0.841	0.633	0.853	1.001	0.725	1.271	0.820	0.689	0.745	1.236	0.713	1.274	0.844	0.666	0.800	1.244	0.751	1.291	0.818	0.769	0.752	1.288	0.729	1.278	0.833	0.647	0.751	1.240	0.678	1.359	0.827	0.736	0.752	1.246	0.702	1.317	0.781	0.663	0.763	1.235	0.684	1.317	0.812	0.719	0.723	1.304	0.716	1.269	0.775	0.628	0.755	1.058	0.627	1.210	0.736	0.739	0.681	1.123	0.676	1.364												
44:20:02													0.805	0.621	0.718	1.051	0.668	1.068	0.706	0.729	0.720	1.150	0.638	1.169	0.842	0.633	0.851	0.999	0.724	1.272	0.819	0.689	0.744	1.235	0.712	1.268	0.845	0.665	0.800	1.248	0.751	1.287	0.818	0.767	0.752	1.284	0.729	1.273	0.833	0.646	0.751	1.238	0.677	1.357	0.826	0.735	0.752	1.242	0.702	1.314	0.781	0.662	0.763	1.231	0.683	1.310	0.811	0.719	0.722	1.303	0.716	1.262	0.775	0.628	0.755	1.064	0.628	1.212	0.735	0.738	0.681	1.125	0.675	1.358												
44:40:02													0.802	0.618	0.715	1.048	0.668	1.075	0.705	0.729	0.721	1.149	0.637	1.169	0.840	0.630	0.851	0.989	0.724	1.274	0.819	0.688	0.747	1.233	0.713	1.266	0.844	0.664	0.799	1.253	0.750	1.283	0.818	0.768	0.752	1.280	0.729	1.264	0.832	0.644	0.752	1.233	0.677	1.355	0.826	0.734	0.753	1.239	0.704	1.311	0.781	0.660	0.762	1.226	0.682	1.303	0.810	0.718	0.722	1.302	0.717	1.261	0.777	0.626	0.755	1.069	0.628	1.213	0.735	0.738	0.683	1.125	0.675	1.334												
45:00:02													0.802	0.617	0.716	1.046	0.668	1.081	0.705	0.728	0.721	1.147	0.636	1.172	0.841	0.629	0.851	0.992	0.724	1.276	0.819	0.688	0.747	1.232	0.713	1.266	0.844	0.663	0.799	1.253	0.751	1.281	0.817	0.767	0.752	1.276	0.729	1.259	0.832	0.643	0.752	1.229	0.677	1.354	0.825	0.734	0.753	1.235	0.703	1.311	0.781	0.660	0.762	1.226	0.682	1.300	0.810	0.717	0.721	1.302	0.716	1.260	0.778	0.626	0.756	1.074	0.629	1.219	0.736	0.737	0.683	1.129	0.674	1.316												
45:20:02													0.803	0.616	0.717	1.044	0.668	1.087	0.705	0.727	0.721	1.145	0.635	1.180	0.842	0.629	0.850	0.994	0.724	1.277	0.818	0.687	0.747	1.230	0.713	1.266	0.843	0.663	0.799	1.253	0.750	1.280	0.816	0.765	0.752	1.273	0.728	1.255	0.832	0.643	0.751	1.222	0.676	1.351	0.824	0.733	0.753	1.232	0.704	1.307	0.781	0.659	0.762	1.227	0.682	1.300	0.809	0.716	0.721	1.301	0.716	1.262	0.779	0.625	0.756	1.080	0.628	1.223	0.736	0.736	0.682	1.135	0.674	1.277												
45:40:02													0.802	0.615	0.714	1.041	0.668	1.092	0.704	0.726	0.720	1.143	0.634	1.185	0.843	0.627	0.849	0.999	0.724	1.277	0.817	0.686	0.747	1.227	0.712	1.267	0.843	0.662	0.797	1.250	0.750	1.282	0.815	0.764	0.751	1.269	0.727	1.253	0.831	0.642	0.751	1.219	0.676	1.350	0.823	0.732	0.752	1.227	0.703	1.303	0.780	0.658	0.761	1.226	0.681	1.299	0.808	0.716	0.719	1.298	0.716	1.260	0.778	0.625	0.755	1.084	0.628	1.230	0.734	0.735	0.682	1.139	0.673	1.244												
46:00:02													0.805	0.618	0.718	1.040	0.670	1.097	0.705	0.724	0.718	1.142	0.633	1.189	0.845	0.628	0.848	1.006	0.723	1.277	0.815	0.685	0.745	1.225	0.710	1.270	0.844	0.662	0.799	1.250	0.750	1.284	0.814	0.762	0.750	1.265	0.727	1.250	0.832	0.642	0.750	1.218	0.675	1.349	0.822	0.732	0.750	1.224	0.701	1.302	0.783	0.659	0.761	1.229	0.681	1.301	0.808	0.715	0.719	1.296	0.715	1.261	0.780	0.626	0.755	1.090	0.627	1.228	0.732	0.733	0.681	1.145	0.671	1.267												
46:20:02													0.803	0.614	0.716	1.037	0.669	1.104	0.703	0.724	0.720	1.141	0.631	1.203	0.843	0.626	0.848	1.008	0.723	1.279	0.815	0.684	0.747	1.223	0.712	1.273	0.843	0.661	0.798	1.252	0.749	1.282	0.814	0.762	0.750	1.262	0.727	1.253	0.831	0.641	0.751	1.214	0.676	1.345	0.822	0.731	0.751	1.222	0.703	1.298	0.781	0.657	0.761	1.228	0.680	1.301	0.807	0.714	0.718	1.294	0.715	1.262	0.781	0.624	0.755	1.093	0.628	1.228	0.732	0.731	0.683	1.150	0.672	1.264												
46:40:02													0.803	0.615	0.717	1.036	0.669	1.108	0.704	0.723	0.720	1.139	0.630	1.206	0.844	0.625	0.847	1.014	0.722	1.280	0.815	0.683	0.747	1.220	0.711	1.278	0.843	0.661	0.798	1.253	0.749	1.284	0.813	0.761	0.750	1.258	0.726	1.256	0.831	0.641	0.751	1.213	0.675	1.343	0.821	0.730	0.751	1.218	0.702	1.297	0.782	0.657	0.761	1.227	0.679	1.304	0.806	0.714	0.718	1.291	0.715	1.263	0.782	0.624	0.756	1.097	0.627	1.228	0.731	0.733	0.682	1.155	0.671	1.249												
47:00:02													0.805	0.617	0.718	1.036	0.670	1.113	0.704	0.722	0.719	1.138	0.629	1.206	0.844	0.626	0.845	1.021	0.721	1.280	0.813	0.682	0.745	1.218	0.709	1.281	0.845	0.661	0.799	1.251	0.749	1.284	0.812	0.759	0.749	1.254	0.725	1.260	0.832	0.640	0.750	1.215	0.675	1.341	0.819	0.730	0.750	1.215	0.701	1.291	0.782	0.658	0.761	1.227	0.679	1.305	0.806	0.714	0.717	1.288	0.714	1.264	0.782	0.625	0.755	1.101	0.627	1.229	0.730	0.732	0.680	1.160	0.671	1.279												
47:20:02													0.802	0.613	0.720	1.033	0.670	1.117	0.703	0.721	0.720	1.137	0.627	1.215	0.844	0.624	0.844	1.023	0.722	1.283	0.813	0.682	0.747	1.215	0.710	1.284	0.843	0.660	0.798	1.248	0.749	1.283	0.812	0.759	0.749	1.251	0.725	1.265	0.831	0.639	0.751	1.211	0.674	1.338	0.819	0.729	0.751	1.212	0.702	1.288	0.781	0.656	0.761	1.226	0.678	1.309	0.805	0.713	0.717	1.286	0.714	1.265	0.783	0.623	0.756	1.103	0.628	1.244	0.731	0.731	0.682	1.165	0.672	1.255												
47:40:02													0.802	0.613	0.717	1.032	0.670	1.123	0.703	0.721	0.720	1.137	0.625	1.221	0.845	0.624	0.844	1.025	0.722	1.283	0.813	0.682	0.747	1.214	0.710	1.287	0.843	0.660	0.798	1.247	0.748	1.282	0.812	0.758	0.749	1.248	0.725	1.270	0.830	0.639	0.752	1.210	0.674	1.336	0.819	0.728	0.751	1.210	0.702	1.284	0.781	0.655	0.760	1.226	0.677	1.308	0.805	0.712	0.716	1.284	0.714	1.265	0.783	0.623	0.757	1.107	0.628	1.231	0.731	0.731	0.682	1.170	0.673	1.224												
48:00:02													0.805	0.615	0.718	1.032	0.671	1.126	0.704	0.719	0.719	1.136	0.624	1.229	0.847	0.624	0.843	1.029	0.722	1.282	0.811	0.681	0.745	1.212	0.708	1.288	0.845	0.660	0.799	1.246	0.748	1.282	0.810	0.755	0.748	1.244	0.724	1.273	0.832	0.640	0.752	1.211	0.673	1.333	0.817	0.728	0.749	1.207	0.700	1.281	0.782	0.656	0.761	1.225	0.677	1.307	0.804	0.713	0.716	1.283	0.714	1.265	0.783	0.623	0.756	1.111	0.627	1.233	0.729	0.729	0.680	1.175	0.671	1.199												

