Field Group

Plate Comment:	
Procedure Summary
  Plate Type:              Corning 96 well for LogPhase600
  Plate Number:            3
  Discontinuous Kinetics:  Runtime 02:00:00 (D:HH:MM), Interval 00:20:00 (HH:MM:SS), 145 Reads (max)
  Read:                    600 nm
  Incubator:               On
    Temperature setpoint:  30 °C
    Temperature gradient:  On
  Shaking:                 On
     Shaking frequency:    600 RPMs		
			
			

600

Time	A1	A2	A3	A4	A5	A6	A7	A8	A9	A10	A11	A12	B1	B2	B3	B4	B5	B6	B7	B8	B9	B10	B11	B12	C1	C2	C3	C4	C5	C6	C7	C8	C9	C10	C11	C12	D1	D2	D3	D4	D5	D6	D7	D8	D9	D10	D11	D12	E1	E2	E3	E4	E5	E6	E7	E8	E9	E10	E11	E12	F1	F2	F3	F4	F5	F6	F7	F8	F9	F10	F11	F12	G1	G2	G3	G4	G5	G6	G7	G8	G9	G10	G11	G12	H1	H2	H3	H4	H5	H6	H7	H8	H9	H10	H11	H12
0:00:00	0.152	0.153	0.167	0.151	0.163	0.406	0.171	0.226	0.208	0.387	0.172	0.207	0.153	0.155	0.151	0.165	0.215	0.183	0.167	0.280	0.202	0.418	0.178	0.156	0.161	0.162	0.149	0.154	0.229	0.226	0.175	0.275	0.184	0.365	0.177	0.153	0.158	0.159	0.160	0.155	0.220	0.244	0.160	0.257	0.206	0.204	0.144	0.161	0.157	0.158	0.158	0.159	0.237	0.268	0.162	0.236	0.239	0.250	0.176	0.161	0.169	0.154	0.152	0.151	0.199	0.175	0.169	0.160	0.230	0.258	0.190	0.162	0.158	0.151	0.149	0.152	0.205	0.231	0.228	0.173	0.193	0.189	0.185	0.146	0.154	0.153	0.156	0.154	0.220	0.240	0.177	0.161	0.181	0.182	0.158	0.177
0:20:00	0.151	0.153	0.171	0.154	0.164	0.384	0.181	0.241	0.205	0.380	0.181	0.221	0.152	0.155	0.153	0.167	0.211	0.182	0.173	0.277	0.203	0.413	0.186	0.159	0.160	0.162	0.150	0.155	0.248	0.224	0.182	0.309	0.181	0.372	0.185	0.153	0.157	0.158	0.162	0.156	0.218	0.241	0.166	0.294	0.197	0.201	0.153	0.163	0.156	0.156	0.158	0.161	0.227	0.262	0.168	0.248	0.237	0.251	0.185	0.162	0.165	0.154	0.152	0.152	0.193	0.174	0.178	0.163	0.231	0.262	0.201	0.165	0.157	0.150	0.151	0.153	0.202	0.235	0.251	0.171	0.180	0.187	0.190	0.150	0.153	0.153	0.156	0.155	0.221	0.241	0.186	0.166	0.176	0.182	0.164	0.181
0:40:00	0.152	0.154	0.175	0.152	0.165	0.370	0.200	0.263	0.203	0.348	0.193	0.251	0.153	0.155	0.155	0.165	0.203	0.185	0.183	0.278	0.197	0.402	0.200	0.165	0.160	0.164	0.151	0.156	0.225	0.217	0.195	0.321	0.180	0.364	0.194	0.155	0.157	0.157	0.158	0.158	0.206	0.235	0.175	0.339	0.194	0.202	0.170	0.166	0.156	0.156	0.159	0.162	0.213	0.257	0.183	0.259	0.236	0.255	0.201	0.166	0.163	0.154	0.154	0.154	0.191	0.174	0.190	0.163	0.216	0.263	0.215	0.169	0.157	0.150	0.151	0.154	0.197	0.233	0.239	0.174	0.177	0.187	0.202	0.160	0.153	0.153	0.157	0.156	0.220	0.247	0.198	0.171	0.172	0.184	0.168	0.189
1:00:00	0.153	0.154	0.182	0.152	0.169	0.361	0.223	0.278	0.204	0.342	0.211	0.283	0.153	0.157	0.159	0.164	0.194	0.186	0.195	0.277	0.195	0.398	0.218	0.171	0.160	0.165	0.154	0.158	0.209	0.220	0.222	0.322	0.181	0.344	0.209	0.158	0.158	0.158	0.165	0.160	0.197	0.230	0.182	0.371	0.192	0.201	0.193	0.170	0.156	0.157	0.161	0.164	0.200	0.256	0.197	0.270	0.236	0.257	0.215	0.173	0.161	0.154	0.157	0.156	0.190	0.177	0.205	0.166	0.212	0.269	0.236	0.173	0.157	0.151	0.153	0.156	0.194	0.237	0.242	0.174	0.177	0.186	0.219	0.169	0.153	0.153	0.157	0.157	0.215	0.249	0.218	0.176	0.173	0.187	0.177	0.196
1:20:00	0.154	0.155	0.194	0.152	0.177	0.356	0.248	0.297	0.216	0.341	0.236	0.297	0.154	0.157	0.165	0.164	0.193	0.188	0.186	0.280	0.194	0.396	0.242	0.179	0.161	0.167	0.157	0.160	0.211	0.223	0.247	0.322	0.182	0.339	0.232	0.159	0.158	0.160	0.162	0.162	0.182	0.229	0.207	0.385	0.192	0.201	0.224	0.177	0.157	0.158	0.164	0.167	0.182	0.257	0.215	0.287	0.241	0.260	0.238	0.178	0.161	0.155	0.160	0.158	0.193	0.181	0.232	0.166	0.216	0.272	0.258	0.182	0.158	0.152	0.155	0.158	0.192	0.248	0.245	0.177	0.182	0.185	0.242	0.185	0.154	0.154	0.158	0.158	0.216	0.245	0.242	0.182	0.177	0.190	0.190	0.208
1:40:00	0.156	0.157	0.205	0.154	0.189	0.355	0.282	0.314	0.228	0.349	0.261	0.315	0.156	0.158	0.173	0.165	0.189	0.192	0.212	0.284	0.198	0.395	0.264	0.189	0.163	0.168	0.161	0.163	0.217	0.228	0.268	0.330	0.185	0.338	0.255	0.164	0.160	0.161	0.167	0.165	0.189	0.231	0.231	0.386	0.192	0.201	0.257	0.184	0.158	0.159	0.168	0.170	0.190	0.261	0.234	0.302	0.247	0.262	0.275	0.184	0.162	0.156	0.165	0.160	0.199	0.185	0.251	0.172	0.223	0.277	0.283	0.189	0.159	0.153	0.159	0.160	0.187	0.261	0.256	0.182	0.190	0.184	0.246	0.203	0.155	0.156	0.160	0.160	0.211	0.240	0.267	0.191	0.183	0.192	0.206	0.224
2:00:00	0.158	0.159	0.215	0.156	0.188	0.360	0.310	0.329	0.226	0.353	0.286	0.335	0.157	0.160	0.184	0.167	0.186	0.197	0.238	0.288	0.197	0.398	0.294	0.200	0.164	0.169	0.166	0.165	0.236	0.234	0.295	0.348	0.189	0.350	0.277	0.171	0.161	0.164	0.172	0.169	0.203	0.236	0.257	0.380	0.194	0.201	0.288	0.193	0.159	0.159	0.174	0.174	0.210	0.268	0.253	0.319	0.254	0.266	0.292	0.195	0.163	0.157	0.169	0.163	0.207	0.196	0.280	0.178	0.231	0.282	0.305	0.200	0.160	0.154	0.164	0.162	0.188	0.273	0.269	0.190	0.191	0.184	0.289	0.217	0.156	0.157	0.163	0.163	0.195	0.231	0.288	0.202	0.190	0.195	0.219	0.236
2:20:00	0.160	0.161	0.221	0.159	0.200	0.358	0.347	0.336	0.232	0.350	0.305	0.353	0.160	0.161	0.199	0.170	0.206	0.205	0.276	0.299	0.199	0.409	0.337	0.211	0.166	0.169	0.174	0.170	0.256	0.246	0.323	0.385	0.197	0.346	0.293	0.180	0.162	0.164	0.184	0.172	0.221	0.244	0.270	0.393	0.198	0.204	0.316	0.211	0.161	0.161	0.182	0.178	0.234	0.279	0.291	0.353	0.278	0.274	0.298	0.205	0.165	0.158	0.176	0.166	0.216	0.211	0.313	0.191	0.264	0.293	0.324	0.213	0.161	0.155	0.170	0.165	0.200	0.294	0.280	0.202	0.199	0.189	0.307	0.237	0.157	0.159	0.168	0.166	0.202	0.238	0.322	0.219	0.211	0.199	0.230	0.255
2:40:00	0.162	0.163	0.230	0.161	0.224	0.373	0.371	0.346	0.253	0.367	0.330	0.367	0.162	0.163	0.218	0.175	0.226	0.221	0.289	0.315	0.216	0.412	0.352	0.223	0.168	0.169	0.184	0.175	0.268	0.268	0.338	0.431	0.222	0.359	0.314	0.191	0.164	0.166	0.193	0.178	0.241	0.266	0.302	0.392	0.232	0.207	0.325	0.230	0.162	0.161	0.192	0.184	0.262	0.292	0.314	0.386	0.292	0.282	0.324	0.220	0.166	0.161	0.185	0.171	0.245	0.225	0.328	0.204	0.285	0.308	0.340	0.232	0.163	0.156	0.180	0.168	0.225	0.288	0.294	0.216	0.222	0.204	0.319	0.253	0.159	0.161	0.175	0.170	0.227	0.251	0.334	0.235	0.237	0.213	0.236	0.270
3:00:00	0.163	0.164	0.241	0.164	0.250	0.384	0.382	0.365	0.274	0.376	0.337	0.380	0.165	0.165	0.237	0.179	0.253	0.232	0.311	0.334	0.239	0.426	0.355	0.238	0.170	0.169	0.196	0.181	0.299	0.281	0.356	0.435	0.241	0.359	0.320	0.204	0.166	0.167	0.200	0.183	0.258	0.277	0.316	0.389	0.240	0.238	0.322	0.252	0.164	0.163	0.204	0.189	0.286	0.314	0.333	0.407	0.310	0.290	0.332	0.238	0.168	0.162	0.196	0.176	0.273	0.237	0.351	0.220	0.330	0.315	0.342	0.244	0.165	0.159	0.190	0.171	0.254	0.299	0.307	0.231	0.246	0.205	0.344	0.268	0.160	0.163	0.182	0.175	0.263	0.282	0.355	0.251	0.257	0.217	0.246	0.286
3:20:00	0.164	0.165	0.251	0.166	0.274	0.397	0.387	0.381	0.297	0.398	0.346	0.391	0.166	0.167	0.252	0.184	0.273	0.247	0.317	0.366	0.262	0.447	0.365	0.258	0.172	0.170	0.211	0.186	0.328	0.298	0.359	0.439	0.258	0.371	0.335	0.220	0.167	0.168	0.216	0.188	0.282	0.293	0.330	0.405	0.271	0.246	0.326	0.272	0.165	0.164	0.218	0.196	0.309	0.337	0.352	0.427	0.335	0.309	0.339	0.252	0.169	0.162	0.208	0.181	0.301	0.254	0.370	0.238	0.371	0.328	0.343	0.264	0.167	0.160	0.201	0.175	0.281	0.319	0.316	0.247	0.271	0.218	0.323	0.281	0.161	0.165	0.192	0.179	0.294	0.298	0.360	0.267	0.274	0.233	0.255	0.300
3:40:00	0.167	0.166	0.262	0.169	0.303	0.413	0.395	0.398	0.321	0.408	0.350	0.399	0.167	0.170	0.263	0.190	0.296	0.266	0.317	0.386	0.280	0.467	0.368	0.274	0.175	0.172	0.226	0.193	0.368	0.320	0.366	0.439	0.278	0.406	0.330	0.237	0.168	0.170	0.220	0.195	0.305	0.315	0.339	0.412	0.287	0.275	0.333	0.291	0.167	0.165	0.231	0.202	0.338	0.362	0.354	0.427	0.358	0.321	0.321	0.278	0.173	0.163	0.224	0.187	0.323	0.278	0.369	0.257	0.400	0.346	0.348	0.278	0.170	0.162	0.218	0.179	0.311	0.344	0.324	0.265	0.298	0.240	0.349	0.296	0.163	0.165	0.202	0.184	0.327	0.312	0.362	0.278	0.291	0.260	0.259	0.316
4:00:00	0.172	0.169	0.272	0.172	0.330	0.432	0.404	0.403	0.346	0.433	0.369	0.399	0.170	0.174	0.272	0.197	0.316	0.281	0.325	0.394	0.297	0.487	0.359	0.295	0.180	0.175	0.241	0.200	0.399	0.342	0.379	0.443	0.306	0.433	0.375	0.249	0.171	0.172	0.231	0.201	0.330	0.333	0.360	0.413	0.318	0.291	0.343	0.315	0.169	0.166	0.243	0.208	0.364	0.386	0.371	0.430	0.380	0.345	0.344	0.305	0.177	0.164	0.238	0.193	0.347	0.304	0.384	0.278	0.424	0.370	0.356	0.300	0.174	0.162	0.233	0.183	0.341	0.374	0.337	0.285	0.319	0.262	0.354	0.313	0.165	0.165	0.215	0.189	0.353	0.342	0.368	0.292	0.316	0.284	0.263	0.337
4:20:00	0.178	0.174	0.283	0.174	0.351	0.448	0.413	0.405	0.365	0.456	0.383	0.400	0.175	0.179	0.278	0.203	0.336	0.298	0.337	0.396	0.314	0.508	0.363	0.315	0.187	0.183	0.256	0.209	0.424	0.372	0.390	0.444	0.339	0.452	0.403	0.280	0.176	0.176	0.248	0.207	0.358	0.351	0.364	0.410	0.342	0.314	0.357	0.325	0.172	0.167	0.255	0.215	0.395	0.412	0.383	0.431	0.404	0.372	0.360	0.326	0.184	0.165	0.250	0.200	0.376	0.331	0.391	0.296	0.447	0.402	0.369	0.327	0.181	0.163	0.247	0.189	0.367	0.406	0.359	0.325	0.347	0.285	0.364	0.329	0.169	0.167	0.227	0.194	0.382	0.385	0.384	0.308	0.347	0.311	0.266	0.362
4:40:00	0.187	0.186	0.292	0.177	0.376	0.470	0.426	0.410	0.388	0.510	0.394	0.404	0.182	0.186	0.286	0.212	0.358	0.312	0.350	0.397	0.334	0.528	0.371	0.329	0.191	0.195	0.269	0.217	0.462	0.395	0.397	0.443	0.366	0.474	0.417	0.288	0.181	0.185	0.260	0.215	0.386	0.367	0.377	0.412	0.369	0.338	0.371	0.339	0.178	0.170	0.264	0.222	0.425	0.439	0.388	0.428	0.424	0.397	0.379	0.347	0.192	0.168	0.262	0.206	0.408	0.357	0.395	0.307	0.470	0.424	0.380	0.347	0.189	0.165	0.260	0.194	0.398	0.432	0.366	0.344	0.362	0.310	0.372	0.337	0.174	0.169	0.237	0.199	0.410	0.417	0.392	0.325	0.371	0.337	0.269	0.385
5:00:00	0.200	0.197	0.299	0.180	0.401	0.487	0.429	0.410	0.408	0.531	0.402	0.405	0.186	0.192	0.291	0.220	0.383	0.327	0.360	0.399	0.360	0.549	0.382	0.340	0.196	0.198	0.281	0.225	0.487	0.413	0.408	0.444	0.401	0.490	0.425	0.306	0.191	0.195	0.262	0.222	0.409	0.379	0.387	0.409	0.397	0.360	0.382	0.347	0.185	0.175	0.275	0.231	0.454	0.463	0.404	0.424	0.453	0.425	0.393	0.362	0.196	0.174	0.274	0.214	0.446	0.388	0.404	0.322	0.501	0.452	0.392	0.366	0.199	0.169	0.272	0.200	0.428	0.461	0.382	0.362	0.400	0.338	0.387	0.350	0.182	0.174	0.249	0.205	0.439	0.451	0.411	0.345	0.407	0.363	0.284	0.405
5:20:00	0.207	0.201	0.304	0.183	0.440	0.508	0.433	0.411	0.432	0.550	0.409	0.405	0.193	0.199	0.298	0.229	0.414	0.344	0.371	0.404	0.387	0.570	0.391	0.342	0.202	0.202	0.291	0.234	0.501	0.438	0.413	0.445	0.435	0.501	0.430	0.316	0.197	0.200	0.269	0.230	0.435	0.395	0.395	0.406	0.425	0.384	0.391	0.355	0.193	0.182	0.283	0.238	0.484	0.489	0.411	0.430	0.482	0.451	0.403	0.376	0.201	0.184	0.285	0.221	0.488	0.417	0.412	0.342	0.532	0.479	0.400	0.379	0.205	0.175	0.282	0.206	0.461	0.490	0.391	0.374	0.438	0.367	0.398	0.359	0.192	0.181	0.260	0.210	0.470	0.481	0.423	0.357	0.439	0.391	0.308	0.416
5:40:00	0.215	0.207	0.311	0.186	0.476	0.529	0.435	0.411	0.465	0.570	0.415	0.406	0.200	0.210	0.304	0.238	0.453	0.359	0.382	0.403	0.421	0.592	0.399	0.348	0.209	0.208	0.298	0.243	0.516	0.465	0.419	0.447	0.461	0.529	0.436	0.319	0.202	0.203	0.287	0.239	0.453	0.411	0.402	0.404	0.453	0.411	0.399	0.360	0.198	0.192	0.291	0.246	0.499	0.516	0.418	0.428	0.514	0.477	0.410	0.385	0.207	0.191	0.293	0.229	0.673	0.449	0.418	0.352	0.563	0.506	0.407	0.388	0.212	0.184	0.289	0.213	0.483	0.521	0.399	0.381	0.471	0.398	0.405	0.369	0.200	0.191	0.271	0.216	0.499	0.509	0.436	0.368	0.475	0.419	0.333	0.423
6:00:00	0.223	0.213	0.317	0.189	0.514	0.549	0.435	0.410	0.486	0.588	0.420	0.406	0.206	0.219	0.309	0.245	0.504	0.377	0.392	0.405	0.454	0.613	0.406	0.349	0.219	0.216	0.306	0.251	0.571	0.495	0.421	0.450	0.677	0.528	0.441	0.326	0.207	0.207	0.295	0.245	0.520	0.430	0.408	0.408	0.468	0.440	0.405	0.367	0.204	0.197	0.298	0.252	0.532	0.542	0.425	0.427	0.552	0.504	0.414	0.385	0.212	0.194	0.301	0.237	0.620	0.479	0.423	0.360	0.579	0.534	0.414	0.395	0.218	0.197	0.297	0.220	0.529	0.551	0.406	0.386	0.501	0.431	0.412	0.375	0.207	0.204	0.280	0.222	0.527	0.534	0.439	0.377	0.516	0.437	0.354	0.429
6:20:00	0.232	0.219	0.322	0.192	0.535	0.569	0.435	0.411	0.507	0.606	0.426	0.404	0.214	0.227	0.312	0.251	0.535	0.396	0.399	0.405	0.491	0.632	0.411	0.350	0.229	0.225	0.315	0.258	0.600	0.525	0.425	0.452	0.681	0.555	0.446	0.336	0.213	0.213	0.291	0.253	0.551	0.449	0.412	0.405	0.518	0.467	0.411	0.373	0.210	0.199	0.303	0.258	0.572	0.569	0.429	0.427	0.568	0.530	0.419	0.397	0.218	0.199	0.310	0.244	0.609	0.511	0.428	0.369	0.623	0.558	0.419	0.401	0.225	0.201	0.304	0.226	0.559	0.576	0.412	0.390	0.531	0.464	0.419	0.380	0.212	0.213	0.289	0.228	0.555	0.561	0.447	0.384	0.535	0.522	0.371	0.431
6:40:00	0.241	0.225	0.325	0.196	0.565	0.591	0.439	0.412	0.533	0.624	0.434	0.403	0.223	0.234	0.315	0.260	0.575	0.417	0.407	0.407	0.516	0.647	0.417	0.353	0.238	0.236	0.318	0.263	0.630	0.551	0.431	0.456	0.635	0.573	0.451	0.344	0.220	0.222	0.298	0.260	0.594	0.486	0.415	0.406	0.547	0.493	0.415	0.382	0.217	0.204	0.308	0.264	0.597	0.592	0.433	0.427	0.600	0.546	0.421	0.397	0.225	0.204	0.315	0.250	0.607	0.539	0.430	0.374	0.668	0.584	0.422	0.405	0.231	0.205	0.311	0.232	0.588	0.595	0.412	0.390	0.551	0.491	0.422	0.386	0.219	0.217	0.296	0.233	0.599	0.584	0.448	0.385	0.550	0.622	0.381	0.435
7:00:00	0.250	0.231	0.330	0.200	0.612	0.610	0.437	0.413	0.567	0.623	0.436	0.401	0.235	0.240	0.317	0.267	0.620	0.452	0.414	0.407	0.553	0.661	0.420	0.355	0.248	0.245	0.322	0.269	0.658	0.565	0.440	0.460	0.632	0.767	0.454	0.349	0.227	0.228	0.299	0.268	0.629	0.513	0.422	0.407	0.584	0.508	0.418	0.383	0.223	0.210	0.315	0.271	0.632	0.609	0.441	0.430	0.654	0.587	0.425	0.406	0.231	0.213	0.321	0.259	0.611	0.565	0.438	0.380	0.708	0.619	0.425	0.408	0.236	0.208	0.313	0.239	0.621	0.616	0.418	0.395	0.594	0.525	0.431	0.391	0.225	0.224	0.304	0.239	0.645	0.610	0.454	0.392	0.597	0.631	0.394	0.439
7:20:00	0.258	0.235	0.335	0.204	0.658	0.625	0.437	0.413	0.620	0.647	0.440	0.399	0.246	0.249	0.320	0.274	0.660	0.493	0.418	0.409	0.586	0.674	0.425	0.358	0.257	0.252	0.327	0.276	0.687	0.575	0.443	0.462	0.640	0.769	0.458	0.355	0.234	0.235	0.305	0.275	0.667	0.548	0.426	0.407	0.617	0.544	0.420	0.391	0.230	0.217	0.319	0.279	0.669	0.622	0.445	0.429	0.701	0.607	0.428	0.406	0.239	0.221	0.326	0.266	0.615	0.598	0.439	0.382	0.707	0.662	0.428	0.413	0.242	0.213	0.317	0.247	0.665	0.649	0.419	0.397	0.647	0.542	0.438	0.397	0.231	0.230	0.310	0.246	0.667	0.657	0.457	0.398	0.661	0.605	0.405	0.446
7:40:00	0.266	0.239	0.339	0.209	0.708	0.647	0.439	0.410	0.666	0.700	0.446	0.398	0.256	0.251	0.323	0.278	0.688	0.541	0.421	0.409	0.619	0.699	0.431	0.361	0.267	0.261	0.332	0.282	0.724	0.614	0.444	0.463	0.650	0.704	0.462	0.360	0.240	0.240	0.306	0.281	0.709	0.596	0.429	0.405	0.662	0.587	0.424	0.399	0.237	0.225	0.322	0.283	0.693	0.649	0.448	0.429	0.719	0.635	0.430	0.411	0.246	0.227	0.328	0.271	0.624	0.637	0.441	0.386	0.699	0.719	0.430	0.418	0.248	0.218	0.320	0.255	0.696	0.693	0.415	0.395	0.670	0.570	0.443	0.402	0.236	0.233	0.314	0.252	0.708	0.721	0.454	0.400	0.696	0.605	0.412	0.453
8:00:00	0.272	0.243	0.344	0.214	0.717	0.689	0.437	0.411	0.716	0.750	0.446	0.397	0.268	0.250	0.327	0.280	0.716	0.602	0.426	0.411	0.660	0.741	0.435	0.362	0.274	0.269	0.337	0.290	0.741	0.651	0.450	0.466	0.660	0.680	0.465	0.366	0.248	0.247	0.312	0.289	0.726	0.642	0.434	0.408	0.692	0.641	0.426	0.401	0.244	0.231	0.326	0.290	0.730	0.694	0.454	0.434	0.732	0.697	0.433	0.414	0.257	0.236	0.334	0.276	0.639	0.684	0.444	0.391	0.707	0.748	0.433	0.423	0.255	0.222	0.326	0.262	0.729	0.743	0.422	0.401	0.679	0.634	0.450	0.407	0.242	0.241	0.320	0.259	0.731	0.770	0.459	0.406	0.697	0.603	0.421	0.459
8:20:00	0.278	0.247	0.347	0.219	0.726	0.730	0.438	0.408	0.733	0.791	0.451	0.398	0.277	0.257	0.331	0.285	0.751	0.661	0.428	0.411	0.701	0.779	0.440	0.365	0.282	0.278	0.340	0.296	0.775	0.688	0.451	0.467	0.667	0.725	0.469	0.373	0.257	0.255	0.320	0.294	0.751	0.701	0.438	0.406	0.721	0.670	0.428	0.409	0.253	0.237	0.327	0.294	0.752	0.747	0.456	0.432	0.728	0.718	0.434	0.422	0.264	0.241	0.340	0.281	0.647	0.738	0.445	0.392	0.719	0.763	0.434	0.425	0.260	0.227	0.328	0.267	0.756	0.764	0.419	0.400	0.694	0.691	0.453	0.412	0.249	0.244	0.324	0.264	0.738	0.774	0.455	0.406	0.695	0.607	0.424	0.464
8:40:00	0.283	0.253	0.352	0.223	0.726	0.771	0.435	0.405	0.727	0.822	0.451	0.396	0.289	0.263	0.337	0.290	0.776	0.713	0.430	0.411	0.726	0.821	0.443	0.364	0.288	0.285	0.347	0.304	0.781	0.732	0.455	0.468	0.676	0.728	0.472	0.381	0.267	0.263	0.328	0.298	0.766	0.741	0.440	0.407	0.752	0.710	0.430	0.415	0.262	0.242	0.332	0.300	0.775	0.797	0.463	0.435	0.762	0.758	0.438	0.426	0.272	0.248	0.340	0.286	0.654	0.753	0.452	0.397	0.725	0.774	0.436	0.430	0.267	0.232	0.332	0.274	0.774	0.812	0.423	0.406	0.698	0.732	0.461	0.417	0.252	0.248	0.329	0.270	0.726	0.787	0.462	0.413	0.696	0.615	0.431	0.470
9:00:00	0.289	0.257	0.353	0.228	0.733	0.814	0.434	0.406	0.724	0.815	0.455	0.397	0.296	0.271	0.341	0.295	0.769	0.751	0.433	0.413	0.727	0.850	0.445	0.364	0.294	0.292	0.350	0.311	0.782	0.764	0.457	0.469	0.683	0.718	0.475	0.386	0.278	0.272	0.332	0.302	0.765	0.768	0.443	0.408	0.754	0.734	0.432	0.422	0.272	0.249	0.339	0.306	0.782	0.812	0.465	0.434	0.723	0.758	0.441	0.429	0.280	0.256	0.342	0.291	0.659	0.754	0.455	0.398	0.730	0.785	0.438	0.433	0.274	0.237	0.335	0.278	0.765	0.803	0.425	0.409	0.730	0.753	0.466	0.420	0.255	0.253	0.334	0.276	0.742	0.791	0.464	0.416	0.704	0.629	0.436	0.473
9:20:00	0.295	0.263	0.354	0.232	0.758	0.836	0.435	0.407	0.734	0.804	0.459	0.401	0.305	0.277	0.345	0.302	0.751	0.771	0.436	0.416	0.730	0.854	0.448	0.365	0.300	0.300	0.356	0.316	0.772	0.795	0.460	0.471	0.690	0.735	0.480	0.391	0.284	0.278	0.335	0.307	0.755	0.767	0.446	0.409	0.753	0.759	0.435	0.427	0.281	0.257	0.344	0.311	0.781	0.809	0.470	0.436	0.723	0.775	0.445	0.434	0.290	0.264	0.345	0.296	0.665	0.779	0.455	0.403	0.737	0.796	0.440	0.435	0.283	0.243	0.339	0.280	0.758	0.812	0.429	0.412	0.738	0.748	0.470	0.421	0.262	0.259	0.338	0.282	0.759	0.808	0.469	0.419	0.711	0.644	0.439	0.477
9:40:00	0.300	0.270	0.358	0.237	0.756	0.829	0.436	0.409	0.740	0.791	0.463	0.403	0.306	0.282	0.349	0.306	0.761	0.771	0.436	0.417	0.736	0.836	0.451	0.367	0.306	0.308	0.360	0.323	0.781	0.800	0.463	0.473	0.696	0.746	0.484	0.398	0.285	0.285	0.345	0.312	0.766	0.750	0.448	0.410	0.753	0.746	0.438	0.432	0.291	0.265	0.348	0.314	0.770	0.809	0.473	0.437	0.721	0.793	0.448	0.440	0.300	0.270	0.350	0.302	0.671	0.785	0.459	0.402	0.743	0.785	0.443	0.439	0.291	0.249	0.346	0.284	0.768	0.799	0.436	0.414	0.742	0.759	0.473	0.426	0.269	0.261	0.342	0.289	0.764	0.760	0.471	0.424	0.718	0.660	0.444	0.482
10:00:00	0.304	0.279	0.363	0.241	0.737	0.818	0.437	0.410	0.747	0.792	0.467	0.410	0.312	0.292	0.354	0.307	0.767	0.767	0.438	0.419	0.739	0.834	0.456	0.368	0.312	0.316	0.366	0.334	0.774	0.800	0.465	0.476	0.701	0.761	0.486	0.404	0.296	0.291	0.351	0.314	0.764	0.756	0.450	0.413	0.745	0.737	0.441	0.436	0.297	0.272	0.353	0.316	0.772	0.798	0.476	0.436	0.722	0.788	0.452	0.444	0.311	0.278	0.355	0.308	0.677	0.783	0.464	0.407	0.748	0.787	0.446	0.441	0.299	0.254	0.352	0.289	0.767	0.801	0.445	0.415	0.742	0.781	0.475	0.427	0.278	0.270	0.347	0.294	0.764	0.732	0.475	0.426	0.722	0.674	0.447	0.483
10:20:00	0.309	0.292	0.378	0.246	0.756	0.810	0.437	0.412	0.738	0.793	0.471	0.415	0.322	0.303	0.357	0.307	0.766	0.770	0.440	0.421	0.752	0.826	0.460	0.368	0.317	0.325	0.373	0.341	0.772	0.781	0.468	0.478	0.704	0.784	0.489	0.410	0.306	0.299	0.361	0.320	0.766	0.761	0.453	0.413	0.743	0.730	0.445	0.440	0.304	0.279	0.358	0.321	0.778	0.814	0.478	0.435	0.723	0.795	0.457	0.448	0.311	0.286	0.358	0.314	0.684	0.780	0.467	0.410	0.752	0.792	0.450	0.444	0.307	0.259	0.360	0.293	0.768	0.802	0.457	0.418	0.752	0.776	0.479	0.428	0.288	0.275	0.351	0.301	0.767	0.742	0.478	0.428	0.725	0.687	0.452	0.486
10:40:00	0.317	0.304	0.397	0.250	0.769	0.819	0.443	0.419	0.753	0.816	0.478	0.424	0.332	0.313	0.359	0.310	0.766	0.775	0.444	0.427	0.748	0.839	0.466	0.371	0.327	0.337	0.376	0.345	0.778	0.787	0.471	0.481	0.706	0.793	0.492	0.414	0.314	0.308	0.367	0.323	0.769	0.762	0.455	0.416	0.731	0.738	0.448	0.444	0.310	0.287	0.362	0.324	0.776	0.821	0.482	0.437	0.728	0.788	0.460	0.451	0.315	0.294	0.365	0.315	0.691	0.784	0.469	0.407	0.756	0.782	0.452	0.445	0.312	0.269	0.367	0.298	0.772	0.807	0.472	0.418	0.736	0.776	0.479	0.429	0.294	0.282	0.355	0.304	0.775	0.750	0.477	0.425	0.727	0.701	0.453	0.486
11:00:00	0.319	0.316	0.407	0.254	0.775	0.821	0.439	0.419	0.737	0.813	0.478	0.425	0.340	0.321	0.357	0.311	0.768	0.768	0.445	0.429	0.754	0.842	0.469	0.370	0.335	0.346	0.379	0.352	0.771	0.782	0.472	0.482	0.709	0.805	0.494	0.418	0.330	0.316	0.368	0.330	0.769	0.776	0.459	0.420	0.745	0.742	0.451	0.446	0.321	0.294	0.368	0.331	0.778	0.824	0.487	0.441	0.728	0.787	0.464	0.454	0.319	0.301	0.367	0.317	0.697	0.784	0.473	0.410	0.758	0.771	0.457	0.449	0.320	0.271	0.376	0.304	0.768	0.807	0.508	0.423	0.755	0.778	0.483	0.431	0.300	0.288	0.359	0.305	0.776	0.758	0.486	0.431	0.735	0.710	0.459	0.490
11:20:00	0.326	0.326	0.419	0.258	0.711	0.830	0.439	0.421	0.716	0.831	0.481	0.430	0.347	0.328	0.358	0.313	0.775	0.782	0.447	0.430	0.761	0.833	0.472	0.371	0.336	0.356	0.382	0.358	0.778	0.790	0.474	0.484	0.710	0.811	0.497	0.421	0.338	0.328	0.372	0.336	0.772	0.772	0.463	0.420	0.744	0.747	0.454	0.449	0.324	0.303	0.368	0.335	0.776	0.830	0.487	0.442	0.730	0.805	0.467	0.458	0.324	0.309	0.369	0.320	0.703	0.786	0.475	0.413	0.761	0.744	0.462	0.453	0.324	0.277	0.377	0.306	0.769	0.781	0.542	0.425	0.729	0.795	0.485	0.434	0.303	0.295	0.359	0.306	0.786	0.762	0.489	0.432	0.740	0.719	0.464	0.492
11:40:00	0.336	0.340	0.432	0.263	0.705	0.822	0.446	0.426	0.720	0.839	0.487	0.440	0.355	0.334	0.360	0.316	0.775	0.784	0.451	0.437	0.761	0.844	0.477	0.374	0.346	0.368	0.387	0.361	0.783	0.799	0.476	0.488	0.714	0.816	0.499	0.425	0.348	0.344	0.381	0.336	0.775	0.768	0.465	0.421	0.742	0.741	0.456	0.452	0.333	0.312	0.368	0.338	0.780	0.827	0.487	0.444	0.740	0.779	0.470	0.461	0.336	0.319	0.372	0.321	0.709	0.796	0.476	0.413	0.762	0.744	0.464	0.451	0.326	0.284	0.383	0.306	0.768	0.745	0.551	0.426	0.706	0.788	0.485	0.433	0.305	0.301	0.359	0.305	0.779	0.766	0.487	0.430	0.740	0.729	0.466	0.491
12:00:00	0.344	0.350	0.436	0.267	0.692	0.828	0.442	0.424	0.723	0.839	0.488	0.440	0.359	0.333	0.366	0.316	0.770	0.780	0.451	0.435	0.769	0.833	0.478	0.373	0.351	0.376	0.399	0.363	0.782	0.796	0.477	0.489	0.721	0.819	0.500	0.429	0.354	0.353	0.379	0.342	0.777	0.775	0.467	0.424	0.752	0.757	0.457	0.454	0.341	0.321	0.369	0.340	0.773	0.828	0.490	0.443	0.750	0.753	0.473	0.464	0.338	0.327	0.375	0.326	0.713	0.785	0.480	0.419	0.766	0.761	0.469	0.455	0.332	0.288	0.384	0.310	0.773	0.749	0.569	0.432	0.703	0.764	0.489	0.437	0.309	0.304	0.367	0.309	0.732	0.771	0.495	0.436	0.743	0.735	0.473	0.495
12:20:00	0.352	0.361	0.442	0.267	0.709	0.815	0.449	0.432	0.729	0.846	0.493	0.450	0.365	0.343	0.375	0.319	0.784	0.793	0.456	0.444	0.757	0.824	0.483	0.377	0.358	0.387	0.408	0.364	0.788	0.791	0.479	0.492	0.724	0.821	0.502	0.433	0.359	0.366	0.378	0.342	0.777	0.771	0.469	0.424	0.770	0.761	0.460	0.457	0.345	0.329	0.370	0.343	0.781	0.835	0.491	0.443	0.754	0.739	0.475	0.466	0.343	0.338	0.373	0.327	0.718	0.735	0.481	0.418	0.770	0.769	0.470	0.458	0.333	0.297	0.385	0.312	0.784	0.765	0.579	0.433	0.712	0.719	0.488	0.438	0.310	0.307	0.370	0.306	0.698	0.776	0.493	0.433	0.742	0.742	0.476	0.496
12:40:00	0.358	0.368	0.444	0.267	0.717	0.830	0.445	0.430	0.739	0.847	0.492	0.449	0.367	0.361	0.381	0.318	0.790	0.795	0.456	0.444	0.727	0.820	0.484	0.376	0.363	0.393	0.418	0.367	0.799	0.792	0.481	0.493	0.725	0.823	0.503	0.436	0.366	0.371	0.372	0.349	0.781	0.784	0.472	0.427	0.784	0.747	0.461	0.460	0.350	0.337	0.380	0.346	0.777	0.819	0.495	0.447	0.755	0.743	0.478	0.470	0.353	0.345	0.378	0.333	0.721	0.720	0.484	0.423	0.772	0.785	0.475	0.460	0.336	0.303	0.385	0.318	0.783	0.772	0.594	0.439	0.727	0.716	0.492	0.441	0.316	0.313	0.387	0.311	0.689	0.778	0.501	0.440	0.747	0.748	0.482	0.500
13:00:00	0.365	0.386	0.449	0.268	0.723	0.843	0.448	0.433	0.745	0.849	0.496	0.453	0.371	0.382	0.391	0.320	0.782	0.803	0.458	0.446	0.724	0.826	0.487	0.378	0.368	0.400	0.425	0.368	0.795	0.800	0.483	0.495	0.742	0.809	0.504	0.440	0.374	0.380	0.378	0.352	0.787	0.776	0.474	0.430	0.793	0.754	0.463	0.463	0.354	0.343	0.389	0.349	0.788	0.813	0.498	0.451	0.755	0.750	0.480	0.471	0.356	0.353	0.381	0.336	0.725	0.724	0.485	0.427	0.773	0.786	0.478	0.462	0.337	0.315	0.390	0.321	0.786	0.778	0.608	0.442	0.738	0.728	0.494	0.443	0.318	0.317	0.398	0.311	0.696	0.778	0.503	0.443	0.748	0.754	0.486	0.502
13:20:00	0.369	0.392	0.451	0.270	0.728	0.843	0.450	0.435	0.749	0.848	0.498	0.457	0.376	0.384	0.397	0.321	0.785	0.772	0.460	0.450	0.740	0.827	0.490	0.380	0.372	0.407	0.431	0.370	0.802	0.798	0.485	0.496	0.749	0.803	0.505	0.443	0.377	0.388	0.387	0.355	0.794	0.772	0.476	0.432	0.798	0.762	0.464	0.466	0.362	0.351	0.398	0.357	0.784	0.822	0.499	0.453	0.755	0.766	0.482	0.474	0.361	0.360	0.388	0.339	0.728	0.729	0.487	0.429	0.773	0.785	0.481	0.462	0.336	0.327	0.397	0.324	0.780	0.780	0.610	0.444	0.745	0.740	0.496	0.446	0.321	0.321	0.408	0.310	0.702	0.778	0.506	0.445	0.749	0.759	0.490	0.505
13:40:00	0.375	0.396	0.454	0.272	0.732	0.857	0.452	0.437	0.749	0.845	0.502	0.461	0.376	0.384	0.404	0.323	0.760	0.742	0.462	0.451	0.768	0.834	0.492	0.382	0.376	0.413	0.437	0.371	0.819	0.805	0.487	0.498	0.758	0.809	0.506	0.447	0.380	0.394	0.393	0.358	0.801	0.782	0.477	0.437	0.805	0.774	0.465	0.468	0.367	0.359	0.408	0.355	0.787	0.820	0.499	0.455	0.754	0.775	0.484	0.476	0.363	0.365	0.395	0.342	0.732	0.734	0.489	0.430	0.774	0.780	0.484	0.464	0.333	0.339	0.402	0.327	0.762	0.782	0.620	0.447	0.752	0.745	0.498	0.447	0.320	0.328	0.415	0.310	0.712	0.779	0.508	0.447	0.749	0.763	0.494	0.507
14:00:00	0.382	0.400	0.455	0.274	0.737	0.871	0.455	0.439	0.748	0.843	0.504	0.466	0.380	0.386	0.410	0.324	0.749	0.738	0.464	0.454	0.777	0.842	0.494	0.385	0.383	0.419	0.446	0.372	0.818	0.814	0.488	0.500	0.761	0.809	0.507	0.450	0.385	0.400	0.399	0.360	0.804	0.784	0.479	0.436	0.812	0.785	0.466	0.469	0.372	0.365	0.414	0.359	0.789	0.823	0.501	0.459	0.753	0.780	0.485	0.478	0.365	0.370	0.401	0.344	0.741	0.742	0.491	0.434	0.774	0.775	0.488	0.465	0.331	0.349	0.404	0.330	0.750	0.782	0.627	0.449	0.757	0.747	0.500	0.448	0.347	0.331	0.421	0.309	0.719	0.779	0.510	0.450	0.748	0.766	0.498	0.508
14:20:00	0.386	0.400	0.455	0.277	0.741	0.867	0.458	0.441	0.747	0.840	0.508	0.470	0.386	0.386	0.414	0.326	0.744	0.723	0.465	0.456	0.770	0.842	0.496	0.386	0.392	0.424	0.446	0.373	0.819	0.812	0.490	0.502	0.764	0.807	0.509	0.453	0.389	0.404	0.416	0.362	0.808	0.788	0.480	0.438	0.818	0.784	0.468	0.472	0.378	0.374	0.417	0.361	0.793	0.816	0.503	0.459	0.752	0.781	0.487	0.479	0.360	0.373	0.408	0.346	0.750	0.746	0.492	0.437	0.773	0.769	0.490	0.466	0.340	0.358	0.409	0.333	0.763	0.784	0.636	0.451	0.756	0.749	0.502	0.449	0.364	0.336	0.426	0.310	0.724	0.779	0.512	0.452	0.746	0.772	0.501	0.510
14:40:00	0.395	0.403	0.456	0.279	0.742	0.866	0.461	0.443	0.747	0.838	0.511	0.474	0.396	0.388	0.417	0.327	0.777	0.744	0.467	0.458	0.757	0.846	0.497	0.388	0.399	0.426	0.451	0.374	0.826	0.815	0.492	0.504	0.764	0.806	0.510	0.456	0.396	0.410	0.412	0.364	0.817	0.790	0.480	0.443	0.821	0.794	0.469	0.473	0.386	0.387	0.421	0.364	0.786	0.804	0.504	0.460	0.751	0.781	0.489	0.481	0.349	0.378	0.415	0.348	0.743	0.752	0.493	0.438	0.774	0.765	0.492	0.468	0.350	0.366	0.414	0.335	0.779	0.782	0.628	0.453	0.752	0.752	0.504	0.452	0.377	0.345	0.430	0.311	0.729	0.779	0.514	0.452	0.746	0.776	0.505	0.512
15:00:00	0.407	0.406	0.456	0.282	0.741	0.862	0.464	0.445	0.747	0.835	0.514	0.477	0.404	0.390	0.421	0.329	0.789	0.760	0.468	0.458	0.749	0.852	0.499	0.390	0.405	0.429	0.448	0.374	0.831	0.819	0.493	0.505	0.753	0.796	0.511	0.459	0.408	0.412	0.422	0.366	0.826	0.788	0.481	0.443	0.819	0.800	0.470	0.475	0.397	0.395	0.425	0.364	0.788	0.779	0.506	0.462	0.750	0.778	0.490	0.483	0.359	0.383	0.418	0.350	0.741	0.759	0.494	0.440	0.773	0.761	0.494	0.469	0.351	0.371	0.413	0.337	0.778	0.779	0.621	0.455	0.747	0.753	0.506	0.454	0.383	0.349	0.433	0.312	0.735	0.780	0.515	0.455	0.746	0.779	0.508	0.514
15:20:00	0.417	0.411	0.456	0.285	0.739	0.855	0.468	0.447	0.747	0.833	0.517	0.479	0.371	0.393	0.422	0.331	0.796	0.765	0.470	0.459	0.748	0.860	0.501	0.392	0.384	0.433	0.451	0.375	0.837	0.826	0.494	0.507	0.743	0.807	0.512	0.461	0.433	0.413	0.421	0.367	0.828	0.783	0.482	0.447	0.801	0.806	0.472	0.476	0.421	0.402	0.426	0.367	0.803	0.788	0.507	0.464	0.750	0.776	0.492	0.484	0.357	0.387	0.421	0.352	0.746	0.762	0.495	0.443	0.773	0.757	0.495	0.470	0.365	0.376	0.419	0.339	0.766	0.777	0.618	0.457	0.743	0.752	0.508	0.457	0.343	0.354	0.436	0.314	0.740	0.780	0.517	0.456	0.746	0.786	0.511	0.516
15:40:00	0.397	0.419	0.456	0.288	0.738	0.842	0.472	0.449	0.749	0.831	0.520	0.483	0.377	0.395	0.425	0.333	0.796	0.768	0.472	0.461	0.749	0.865	0.503	0.395	0.389	0.436	0.452	0.378	0.842	0.825	0.495	0.508	0.747	0.816	0.514	0.465	0.453	0.416	0.433	0.369	0.824	0.773	0.484	0.447	0.763	0.812	0.474	0.478	0.439	0.409	0.428	0.368	0.806	0.802	0.510	0.465	0.750	0.773	0.494	0.486	0.336	0.391	0.423	0.354	0.750	0.763	0.496	0.444	0.773	0.754	0.497	0.472	0.394	0.377	0.419	0.342	0.749	0.775	0.607	0.460	0.740	0.750	0.511	0.460	0.380	0.353	0.437	0.316	0.742	0.782	0.519	0.459	0.745	0.796	0.513	0.518
16:00:00	0.402	0.420	0.459	0.295	0.737	0.832	0.480	0.457	0.749	0.828	0.523	0.488	0.407	0.397	0.429	0.339	0.790	0.771	0.476	0.464	0.750	0.863	0.505	0.398	0.402	0.442	0.455	0.380	0.844	0.830	0.499	0.511	0.756	0.825	0.515	0.466	0.464	0.420	0.443	0.373	0.813	0.769	0.487	0.452	0.736	0.818	0.475	0.479	0.446	0.413	0.437	0.377	0.809	0.808	0.512	0.468	0.751	0.770	0.495	0.486	0.365	0.398	0.430	0.358	0.745	0.762	0.497	0.446	0.774	0.752	0.498	0.473	0.371	0.375	0.428	0.346	0.738	0.774	0.600	0.463	0.737	0.749	0.512	0.460	0.398	0.373	0.441	0.314	0.741	0.786	0.523	0.461	0.747	0.799	0.515	0.520
16:20:01	0.403	0.418	0.456	0.293	0.736	0.820	0.480	0.453	0.752	0.826	0.525	0.489	0.409	0.395	0.425	0.337	0.770	0.770	0.476	0.463	0.750	0.853	0.507	0.400	0.411	0.443	0.453	0.379	0.838	0.832	0.498	0.509	0.755	0.839	0.517	0.470	0.466	0.423	0.430	0.371	0.783	0.760	0.486	0.455	0.721	0.821	0.478	0.482	0.460	0.413	0.433	0.375	0.809	0.802	0.512	0.467	0.749	0.765	0.498	0.489	0.353	0.397	0.425	0.357	0.745	0.760	0.497	0.447	0.772	0.748	0.500	0.476	0.375	0.364	0.426	0.346	0.731	0.772	0.595	0.464	0.735	0.747	0.515	0.461	0.402	0.379	0.439	0.315	0.737	0.786	0.523	0.462	0.744	0.796	0.518	0.522
16:40:00	0.415	0.410	0.455	0.294	0.735	0.814	0.483	0.455	0.754	0.824	0.528	0.492	0.419	0.397	0.427	0.339	0.754	0.767	0.478	0.464	0.749	0.843	0.509	0.404	0.431	0.445	0.455	0.380	0.826	0.824	0.499	0.510	0.753	0.839	0.518	0.474	0.479	0.423	0.427	0.372	0.754	0.757	0.487	0.455	0.716	0.807	0.479	0.484	0.458	0.423	0.435	0.372	0.807	0.799	0.513	0.467	0.749	0.761	0.499	0.490	0.375	0.400	0.427	0.363	0.747	0.757	0.498	0.448	0.771	0.746	0.502	0.480	0.406	0.359	0.429	0.347	0.730	0.770	0.600	0.466	0.732	0.744	0.517	0.463	0.401	0.383	0.441	0.316	0.732	0.787	0.525	0.463	0.743	0.796	0.520	0.525
17:00:01	0.427	0.404	0.455	0.296	0.734	0.813	0.487	0.458	0.755	0.822	0.531	0.495	0.433	0.399	0.428	0.341	0.748	0.763	0.479	0.466	0.747	0.835	0.511	0.406	0.431	0.451	0.452	0.382	0.806	0.808	0.500	0.511	0.755	0.838	0.520	0.476	0.478	0.418	0.434	0.374	0.738	0.756	0.487	0.455	0.716	0.770	0.481	0.485	0.460	0.429	0.435	0.378	0.798	0.800	0.514	0.467	0.747	0.758	0.500	0.490	0.395	0.403	0.429	0.358	0.744	0.755	0.503	0.450	0.770	0.745	0.503	0.482	0.429	0.355	0.430	0.350	0.731	0.768	0.607	0.468	0.729	0.741	0.519	0.463	0.408	0.412	0.441	0.316	0.728	0.787	0.527	0.466	0.742	0.795	0.522	0.528
17:20:01	0.423	0.401	0.455	0.298	0.733	0.808	0.491	0.460	0.756	0.820	0.533	0.499	0.442	0.402	0.427	0.343	0.748	0.760	0.482	0.467	0.746	0.829	0.513	0.413	0.429	0.461	0.452	0.381	0.779	0.788	0.502	0.515	0.760	0.842	0.521	0.479	0.487	0.431	0.440	0.374	0.728	0.756	0.489	0.456	0.717	0.735	0.483	0.487	0.470	0.432	0.438	0.374	0.779	0.800	0.515	0.468	0.747	0.755	0.502	0.492	0.411	0.405	0.432	0.362	0.744	0.752	0.501	0.453	0.770	0.743	0.505	0.483	0.425	0.355	0.433	0.352	0.732	0.766	0.629	0.470	0.728	0.739	0.521	0.464	0.407	0.468	0.443	0.317	0.726	0.788	0.529	0.469	0.742	0.799	0.524	0.530
17:40:01	0.435	0.404	0.457	0.305	0.732	0.805	0.498	0.468	0.755	0.817	0.536	0.504	0.505	0.407	0.433	0.348	0.749	0.758	0.485	0.469	0.744	0.827	0.516	0.413	0.460	0.479	0.456	0.386	0.758	0.779	0.505	0.520	0.766	0.845	0.522	0.480	0.499	0.453	0.439	0.379	0.725	0.750	0.492	0.459	0.718	0.721	0.484	0.487	0.477	0.437	0.444	0.378	0.763	0.801	0.521	0.470	0.748	0.753	0.503	0.492	0.426	0.410	0.442	0.362	0.745	0.750	0.502	0.457	0.769	0.742	0.506	0.483	0.418	0.362	0.442	0.356	0.731	0.765	0.629	0.474	0.727	0.738	0.523	0.466	0.404	0.471	0.447	0.316	0.726	0.791	0.532	0.472	0.744	0.802	0.527	0.531
18:00:01	0.434	0.407	0.455	0.302	0.732	0.801	0.498	0.467	0.759	0.817	0.537	0.506	0.502	0.409	0.430	0.347	0.751	0.757	0.486	0.469	0.740	0.822	0.518	0.419	0.497	0.497	0.454	0.383	0.742	0.771	0.504	0.517	0.766	0.846	0.525	0.484	0.508	0.452	0.431	0.376	0.725	0.745	0.492	0.458	0.719	0.721	0.487	0.490	0.485	0.439	0.441	0.379	0.740	0.800	0.519	0.468	0.746	0.750	0.505	0.495	0.485	0.409	0.439	0.363	0.742	0.747	0.507	0.452	0.767	0.738	0.508	0.484	0.416	0.382	0.436	0.354	0.728	0.763	0.633	0.474	0.724	0.735	0.526	0.467	0.409	0.502	0.444	0.318	0.724	0.788	0.533	0.472	0.741	0.797	0.529	0.532
18:20:01	0.469	0.444	0.455	0.303	0.731	0.798	0.502	0.469	0.759	0.816	0.539	0.509	0.459	0.413	0.428	0.348	0.749	0.755	0.487	0.469	0.737	0.817	0.520	0.421	0.494	0.527	0.455	0.384	0.739	0.772	0.506	0.518	0.768	0.844	0.526	0.486	0.562	0.503	0.432	0.377	0.725	0.741	0.493	0.458	0.719	0.722	0.488	0.491	0.543	0.442	0.442	0.377	0.729	0.800	0.519	0.469	0.745	0.748	0.507	0.497	0.485	0.411	0.440	0.362	0.741	0.744	0.507	0.457	0.765	0.736	0.510	0.485	0.424	0.401	0.436	0.355	0.726	0.762	0.648	0.475	0.724	0.734	0.527	0.468	0.411	0.526	0.445	0.320	0.724	0.789	0.535	0.473	0.741	0.787	0.531	0.533
18:40:01	0.465	0.493	0.456	0.304	0.731	0.795	0.506	0.472	0.759	0.814	0.541	0.513	0.449	0.415	0.427	0.350	0.747	0.752	0.490	0.470	0.736	0.811	0.523	0.425	0.480	0.539	0.453	0.383	0.740	0.772	0.508	0.520	0.774	0.836	0.529	0.489	0.553	0.506	0.431	0.378	0.725	0.739	0.495	0.459	0.720	0.723	0.490	0.494	0.534	0.443	0.443	0.378	0.725	0.801	0.522	0.469	0.744	0.746	0.508	0.499	0.444	0.413	0.442	0.361	0.744	0.742	0.507	0.461	0.765	0.735	0.512	0.486	0.429	0.429	0.437	0.358	0.724	0.760	0.644	0.476	0.722	0.732	0.530	0.470	0.415	0.518	0.446	0.320	0.724	0.786	0.537	0.474	0.740	0.785	0.533	0.534
19:00:01	0.475	0.544	0.457	0.307	0.731	0.793	0.515	0.479	0.760	0.814	0.546	0.520	0.463	0.419	0.427	0.354	0.745	0.752	0.493	0.473	0.735	0.806	0.527	0.436	0.458	0.537	0.452	0.383	0.743	0.775	0.508	0.523	0.779	0.822	0.531	0.492	0.546	0.509	0.435	0.377	0.728	0.735	0.495	0.459	0.720	0.724	0.492	0.493	0.520	0.445	0.443	0.379	0.724	0.800	0.522	0.469	0.743	0.743	0.509	0.501	0.430	0.416	0.441	0.359	0.733	0.739	0.507	0.460	0.763	0.732	0.512	0.486	0.434	0.463	0.435	0.353	0.722	0.757	0.638	0.475	0.720	0.729	0.529	0.470	0.418	0.548	0.439	0.312	0.723	0.785	0.535	0.470	0.736	0.775	0.532	0.533
19:20:01	0.477	0.549	0.457	0.305	0.731	0.792	0.513	0.477	0.760	0.813	0.546	0.519	0.477	0.420	0.426	0.353	0.743	0.749	0.493	0.472	0.733	0.801	0.528	0.432	0.480	0.542	0.453	0.384	0.744	0.774	0.510	0.520	0.783	0.804	0.532	0.494	0.538	0.519	0.440	0.377	0.727	0.733	0.496	0.459	0.720	0.725	0.494	0.499	0.512	0.437	0.444	0.381	0.727	0.798	0.523	0.473	0.743	0.742	0.511	0.502	0.439	0.418	0.443	0.361	0.732	0.735	0.512	0.464	0.761	0.731	0.515	0.488	0.432	0.490	0.444	0.361	0.720	0.757	0.639	0.478	0.719	0.728	0.533	0.472	0.422	0.523	0.447	0.322	0.724	0.784	0.540	0.476	0.737	0.763	0.536	0.535
19:40:01	0.492	0.551	0.456	0.306	0.731	0.789	0.518	0.480	0.759	0.812	0.547	0.523	0.462	0.423	0.426	0.354	0.742	0.747	0.493	0.473	0.731	0.798	0.530	0.438	0.499	0.544	0.454	0.384	0.744	0.772	0.511	0.524	0.785	0.792	0.534	0.495	0.523	0.524	0.438	0.380	0.727	0.732	0.498	0.459	0.718	0.724	0.496	0.499	0.506	0.430	0.444	0.380	0.728	0.795	0.526	0.471	0.742	0.741	0.512	0.502	0.451	0.422	0.444	0.364	0.745	0.732	0.510	0.466	0.760	0.728	0.516	0.488	0.442	0.509	0.445	0.361	0.719	0.756	0.636	0.479	0.718	0.727	0.535	0.473	0.437	0.533	0.448	0.323	0.724	0.784	0.542	0.477	0.736	0.770	0.538	0.535
20:00:01	0.439	0.541	0.456	0.307	0.731	0.787	0.522	0.482	0.758	0.811	0.549	0.527	0.470	0.426	0.427	0.356	0.740	0.745	0.497	0.474	0.729	0.794	0.533	0.444	0.505	0.548	0.454	0.385	0.747	0.770	0.511	0.524	0.785	0.783	0.536	0.500	0.542	0.528	0.432	0.378	0.728	0.729	0.500	0.460	0.718	0.724	0.498	0.501	0.518	0.435	0.445	0.389	0.730	0.792	0.526	0.471	0.741	0.739	0.514	0.502	0.449	0.427	0.444	0.365	0.749	0.729	0.514	0.469	0.759	0.726	0.518	0.489	0.449	0.515	0.441	0.362	0.718	0.754	0.633	0.480	0.717	0.726	0.537	0.473	0.460	0.537	0.449	0.324	0.724	0.781	0.543	0.479	0.734	0.781	0.539	0.534
20:20:01	0.415	0.572	0.457	0.307	0.731	0.785	0.526	0.485	0.756	0.811	0.551	0.530	0.475	0.428	0.428	0.357	0.738	0.743	0.497	0.475	0.727	0.792	0.535	0.448	0.519	0.554	0.454	0.385	0.746	0.767	0.514	0.525	0.787	0.780	0.537	0.499	0.531	0.550	0.441	0.380	0.726	0.727	0.500	0.460	0.716	0.724	0.499	0.502	0.507	0.460	0.445	0.382	0.733	0.788	0.527	0.472	0.740	0.738	0.515	0.502	0.457	0.432	0.444	0.362	0.755	0.726	0.513	0.470	0.757	0.724	0.519	0.489	0.454	0.523	0.441	0.363	0.716	0.753	0.631	0.481	0.715	0.725	0.538	0.473	0.472	0.540	0.451	0.326	0.726	0.783	0.545	0.480	0.733	0.788	0.541	0.534
20:40:01	0.426	0.579	0.458	0.307	0.732	0.783	0.530	0.488	0.757	0.811	0.553	0.534	0.470	0.430	0.429	0.358	0.737	0.741	0.499	0.476	0.727	0.788	0.538	0.453	0.518	0.560	0.455	0.385	0.745	0.765	0.515	0.528	0.790	0.778	0.539	0.504	0.521	0.592	0.436	0.380	0.726	0.726	0.502	0.460	0.715	0.724	0.501	0.502	0.516	0.476	0.445	0.386	0.733	0.785	0.530	0.472	0.740	0.737	0.516	0.503	0.455	0.433	0.444	0.366	0.754	0.723	0.514	0.470	0.756	0.723	0.521	0.490	0.466	0.556	0.441	0.365	0.714	0.752	0.629	0.482	0.713	0.724	0.540	0.473	0.479	0.532	0.452	0.328	0.726	0.782	0.547	0.482	0.731	0.794	0.542	0.534
21:00:01	0.430	0.583	0.460	0.313	0.732	0.782	0.537	0.495	0.753	0.810	0.554	0.538	0.483	0.435	0.434	0.363	0.736	0.740	0.504	0.479	0.727	0.785	0.540	0.458	0.527	0.567	0.457	0.389	0.745	0.763	0.519	0.530	0.794	0.779	0.540	0.504	0.534	0.589	0.445	0.383	0.728	0.725	0.504	0.461	0.716	0.722	0.502	0.502	0.524	0.480	0.450	0.386	0.737	0.782	0.531	0.474	0.740	0.737	0.517	0.502	0.463	0.437	0.449	0.369	0.760	0.721	0.518	0.475	0.758	0.724	0.522	0.490	0.479	0.571	0.446	0.370	0.714	0.752	0.632	0.485	0.714	0.725	0.541	0.473	0.486	0.549	0.457	0.328	0.729	0.781	0.549	0.485	0.733	0.796	0.545	0.534
21:20:01	0.462	0.613	0.458	0.308	0.733	0.780	0.537	0.492	0.753	0.811	0.556	0.541	0.486	0.435	0.431	0.360	0.734	0.738	0.503	0.478	0.725	0.783	0.541	0.461	0.531	0.578	0.453	0.386	0.746	0.760	0.517	0.531	0.794	0.778	0.542	0.509	0.519	0.583	0.438	0.381	0.726	0.723	0.506	0.462	0.714	0.721	0.504	0.503	0.514	0.481	0.445	0.383	0.734	0.778	0.533	0.473	0.737	0.734	0.519	0.503	0.466	0.432	0.443	0.366	0.760	0.717	0.516	0.473	0.757	0.721	0.524	0.491	0.489	0.565	0.443	0.366	0.712	0.750	0.629	0.484	0.713	0.722	0.543	0.471	0.491	0.556	0.455	0.330	0.726	0.777	0.550	0.485	0.731	0.799	0.545	0.532
21:40:01	0.443	0.579	0.458	0.309	0.733	0.778	0.541	0.495	0.751	0.810	0.557	0.544	0.499	0.436	0.431	0.360	0.733	0.736	0.504	0.479	0.722	0.781	0.543	0.464	0.531	0.613	0.452	0.386	0.745	0.761	0.519	0.531	0.794	0.778	0.544	0.512	0.526	0.536	0.438	0.382	0.725	0.721	0.506	0.462	0.714	0.719	0.505	0.503	0.519	0.481	0.446	0.384	0.735	0.775	0.532	0.473	0.735	0.733	0.520	0.503	0.468	0.432	0.442	0.364	0.762	0.714	0.520	0.472	0.756	0.720	0.525	0.492	0.496	0.529	0.444	0.369	0.711	0.747	0.629	0.485	0.712	0.722	0.544	0.470	0.494	0.554	0.456	0.330	0.726	0.776	0.551	0.486	0.732	0.799	0.546	0.530
22:00:01	0.453	0.543	0.459	0.311	0.733	0.777	0.544	0.498	0.748	0.810	0.561	0.547	0.496	0.439	0.431	0.362	0.732	0.734	0.507	0.480	0.721	0.779	0.546	0.467	0.533	0.621	0.450	0.385	0.744	0.758	0.520	0.534	0.795	0.778	0.545	0.512	0.522	0.523	0.436	0.382	0.725	0.719	0.508	0.462	0.712	0.718	0.506	0.504	0.523	0.483	0.446	0.387	0.734	0.773	0.536	0.474	0.734	0.732	0.521	0.503	0.472	0.434	0.442	0.365	0.766	0.711	0.518	0.473	0.758	0.719	0.527	0.492	0.501	0.508	0.445	0.368	0.710	0.746	0.631	0.485	0.711	0.723	0.548	0.469	0.498	0.553	0.456	0.331	0.726	0.774	0.552	0.488	0.733	0.781	0.547	0.529
22:20:01	0.471	0.541	0.459	0.312	0.733	0.775	0.548	0.500	0.746	0.810	0.569	0.550	0.497	0.441	0.431	0.364	0.732	0.732	0.509	0.482	0.719	0.778	0.548	0.470	0.545	0.629	0.449	0.387	0.744	0.757	0.522	0.534	0.793	0.779	0.546	0.514	0.512	0.548	0.440	0.381	0.723	0.717	0.509	0.462	0.711	0.717	0.508	0.504	0.531	0.488	0.445	0.386	0.732	0.770	0.535	0.475	0.732	0.731	0.522	0.504	0.494	0.443	0.441	0.367	0.768	0.708	0.522	0.475	0.755	0.717	0.528	0.492	0.506	0.521	0.448	0.372	0.709	0.744	0.629	0.487	0.710	0.719	0.556	0.468	0.502	0.547	0.457	0.333	0.726	0.769	0.554	0.489	0.737	0.756	0.549	0.528
22:40:01	0.456	0.539	0.459	0.313	0.733	0.774	0.552	0.502	0.743	0.810	0.571	0.553	0.487	0.443	0.432	0.365	0.730	0.730	0.510	0.482	0.719	0.777	0.550	0.473	0.536	0.638	0.448	0.387	0.743	0.755	0.523	0.537	0.792	0.778	0.550	0.514	0.534	0.567	0.433	0.382	0.722	0.716	0.511	0.463	0.709	0.711	0.509	0.505	0.534	0.500	0.446	0.385	0.732	0.768	0.539	0.475	0.731	0.730	0.523	0.504	0.500	0.451	0.441	0.365	0.771	0.706	0.520	0.474	0.756	0.716	0.530	0.491	0.510	0.523	0.450	0.373	0.708	0.743	0.628	0.488	0.709	0.719	0.560	0.467	0.504	0.555	0.458	0.333	0.727	0.767	0.555	0.491	0.738	0.725	0.549	0.527
23:00:01	0.463	0.552	0.461	0.315	0.733	0.772	0.564	0.504	0.740	0.810	0.572	0.556	0.504	0.444	0.433	0.364	0.728	0.729	0.512	0.484	0.717	0.775	0.552	0.476	0.487	0.637	0.448	0.387	0.743	0.753	0.525	0.537	0.788	0.777	0.556	0.515	0.550	0.582	0.440	0.382	0.722	0.714	0.512	0.463	0.708	0.713	0.510	0.506	0.543	0.507	0.447	0.390	0.730	0.766	0.537	0.475	0.729	0.730	0.526	0.504	0.505	0.462	0.441	0.365	0.773	0.702	0.524	0.474	0.753	0.713	0.531	0.491	0.514	0.516	0.451	0.371	0.706	0.741	0.625	0.488	0.707	0.719	0.560	0.465	0.508	0.559	0.459	0.335	0.727	0.764	0.556	0.492	0.737	0.703	0.551	0.525
23:20:01	0.460	0.551	0.461	0.315	0.733	0.771	0.571	0.506	0.738	0.809	0.571	0.558	0.511	0.446	0.433	0.364	0.727	0.728	0.514	0.485	0.713	0.774	0.554	0.479	0.523	0.627	0.448	0.387	0.742	0.752	0.526	0.541	0.782	0.777	0.560	0.517	0.533	0.582	0.440	0.383	0.720	0.714	0.514	0.464	0.707	0.714	0.514	0.506	0.543	0.510	0.447	0.386	0.730	0.764	0.541	0.476	0.730	0.730	0.530	0.504	0.511	0.471	0.442	0.369	0.777	0.700	0.523	0.477	0.758	0.711	0.533	0.492	0.518	0.544	0.452	0.371	0.705	0.741	0.624	0.490	0.708	0.720	0.560	0.464	0.510	0.561	0.460	0.338	0.727	0.763	0.557	0.492	0.740	0.689	0.553	0.524
23:40:01	0.465	0.557	0.462	0.317	0.732	0.770	0.573	0.508	0.734	0.809	0.569	0.560	0.515	0.448	0.433	0.365	0.726	0.727	0.516	0.485	0.715	0.770	0.558	0.483	0.529	0.639	0.448	0.387	0.742	0.750	0.528	0.541	0.772	0.775	0.560	0.517	0.533	0.579	0.432	0.383	0.719	0.712	0.516	0.464	0.706	0.712	0.521	0.506	0.524	0.509	0.447	0.388	0.729	0.762	0.540	0.476	0.728	0.729	0.534	0.504	0.515	0.481	0.442	0.371	0.780	0.697	0.526	0.477	0.760	0.709	0.534	0.491	0.521	0.543	0.452	0.373	0.704	0.739	0.622	0.490	0.709	0.721	0.558	0.463	0.513	0.562	0.462	0.337	0.728	0.762	0.558	0.492	0.741	0.681	0.554	0.523
24:00:01	0.464	0.572	0.462	0.318	0.731	0.768	0.576	0.509	0.733	0.809	0.566	0.562	0.519	0.449	0.434	0.366	0.726	0.724	0.518	0.487	0.712	0.771	0.566	0.486	0.534	0.637	0.449	0.387	0.742	0.749	0.529	0.544	0.759	0.773	0.560	0.518	0.537	0.599	0.439	0.383	0.719	0.709	0.517	0.465	0.706	0.711	0.521	0.506	0.523	0.508	0.447	0.390	0.729	0.761	0.542	0.476	0.727	0.729	0.533	0.504	0.520	0.489	0.443	0.368	0.786	0.695	0.524	0.475	0.759	0.709	0.535	0.491	0.525	0.553	0.452	0.376	0.703	0.738	0.622	0.490	0.706	0.721	0.556	0.462	0.516	0.559	0.463	0.340	0.727	0.758	0.559	0.492	0.741	0.677	0.561	0.522
24:20:01	0.464	0.558	0.463	0.319	0.730	0.768	0.577	0.510	0.727	0.809	0.563	0.563	0.523	0.451	0.432	0.367	0.726	0.722	0.520	0.486	0.713	0.769	0.570	0.488	0.539	0.640	0.449	0.388	0.740	0.748	0.531	0.545	0.746	0.771	0.560	0.518	0.541	0.549	0.441	0.384	0.718	0.707	0.518	0.465	0.704	0.710	0.520	0.506	0.527	0.508	0.447	0.387	0.728	0.760	0.543	0.477	0.726	0.728	0.532	0.503	0.525	0.493	0.443	0.372	0.787	0.691	0.527	0.478	0.761	0.705	0.536	0.490	0.528	0.543	0.452	0.375	0.701	0.737	0.620	0.490	0.706	0.721	0.553	0.461	0.518	0.558	0.465	0.340	0.727	0.756	0.560	0.492	0.745	0.675	0.565	0.520
24:40:01	0.483	0.565	0.465	0.326	0.728	0.766	0.580	0.515	0.722	0.808	0.560	0.564	0.528	0.455	0.437	0.371	0.724	0.720	0.525	0.490	0.711	0.767	0.570	0.491	0.544	0.639	0.454	0.391	0.741	0.748	0.534	0.547	0.739	0.771	0.558	0.517	0.545	0.576	0.442	0.387	0.718	0.705	0.521	0.466	0.704	0.712	0.519	0.505	0.531	0.514	0.452	0.390	0.728	0.758	0.545	0.478	0.726	0.729	0.530	0.502	0.530	0.500	0.449	0.374	0.787	0.689	0.527	0.477	0.760	0.703	0.537	0.489	0.532	0.580	0.456	0.378	0.702	0.736	0.620	0.492	0.707	0.723	0.551	0.460	0.522	0.568	0.470	0.341	0.730	0.759	0.562	0.493	0.745	0.678	0.565	0.519
25:00:01	0.480	0.560	0.462	0.321	0.727	0.764	0.577	0.513	0.715	0.806	0.557	0.564	0.532	0.454	0.433	0.369	0.723	0.719	0.524	0.488	0.711	0.766	0.570	0.493	0.548	0.637	0.451	0.388	0.740	0.744	0.538	0.552	0.728	0.766	0.557	0.518	0.550	0.567	0.432	0.384	0.716	0.703	0.521	0.465	0.701	0.711	0.517	0.506	0.534	0.509	0.448	0.388	0.725	0.756	0.547	0.477	0.723	0.726	0.527	0.502	0.534	0.501	0.444	0.369	0.783	0.685	0.527	0.475	0.756	0.701	0.541	0.489	0.535	0.547	0.452	0.374	0.699	0.733	0.617	0.491	0.704	0.720	0.547	0.459	0.523	0.568	0.467	0.341	0.727	0.755	0.565	0.490	0.750	0.686	0.563	0.518
25:20:01	0.500	0.569	0.462	0.322	0.726	0.763	0.576	0.514	0.714	0.805	0.556	0.564	0.536	0.461	0.433	0.370	0.723	0.717	0.527	0.490	0.709	0.764	0.569	0.496	0.551	0.646	0.452	0.389	0.739	0.744	0.545	0.557	0.726	0.764	0.554	0.519	0.554	0.558	0.437	0.383	0.715	0.699	0.526	0.465	0.697	0.708	0.514	0.506	0.538	0.514	0.448	0.390	0.724	0.754	0.550	0.477	0.721	0.724	0.524	0.502	0.537	0.505	0.445	0.370	0.779	0.683	0.532	0.478	0.755	0.699	0.545	0.488	0.539	0.558	0.452	0.375	0.698	0.732	0.616	0.491	0.704	0.718	0.545	0.458	0.526	0.567	0.468	0.340	0.727	0.753	0.576	0.490	0.750	0.696	0.561	0.518
25:40:01	0.508	0.566	0.462	0.324	0.725	0.761	0.575	0.515	0.714	0.804	0.554	0.566	0.540	0.467	0.434	0.372	0.722	0.714	0.533	0.489	0.708	0.762	0.567	0.498	0.555	0.639	0.453	0.389	0.738	0.743	0.548	0.562	0.728	0.763	0.551	0.518	0.558	0.572	0.443	0.384	0.715	0.699	0.530	0.464	0.697	0.708	0.511	0.506	0.542	0.516	0.448	0.393	0.725	0.753	0.556	0.478	0.720	0.723	0.521	0.502	0.542	0.508	0.445	0.372	0.773	0.679	0.534	0.476	0.758	0.697	0.550	0.488	0.542	0.532	0.453	0.377	0.697	0.730	0.615	0.491	0.703	0.718	0.542	0.457	0.528	0.564	0.468	0.340	0.728	0.753	0.577	0.489	0.747	0.704	0.559	0.517
26:00:01	0.516	0.562	0.464	0.331	0.723	0.760	0.574	0.518	0.717	0.805	0.552	0.565	0.545	0.470	0.438	0.376	0.721	0.715	0.547	0.492	0.709	0.762	0.564	0.501	0.558	0.635	0.458	0.391	0.739	0.743	0.551	0.566	0.731	0.763	0.548	0.518	0.562	0.577	0.449	0.387	0.715	0.698	0.536	0.466	0.698	0.706	0.507	0.505	0.547	0.521	0.452	0.393	0.725	0.752	0.559	0.479	0.723	0.724	0.518	0.501	0.546	0.513	0.452	0.377	0.770	0.676	0.539	0.477	0.759	0.696	0.550	0.487	0.546	0.552	0.457	0.377	0.697	0.730	0.616	0.493	0.706	0.719	0.541	0.458	0.531	0.569	0.472	0.342	0.732	0.754	0.578	0.492	0.748	0.714	0.558	0.517
26:20:01	0.521	0.560	0.463	0.328	0.721	0.758	0.571	0.517	0.715	0.802	0.550	0.566	0.548	0.466	0.434	0.374	0.720	0.713	0.548	0.491	0.706	0.760	0.561	0.503	0.560	0.641	0.454	0.387	0.736	0.741	0.550	0.565	0.735	0.759	0.546	0.519	0.567	0.564	0.441	0.384	0.711	0.695	0.535	0.465	0.696	0.704	0.505	0.505	0.550	0.517	0.449	0.389	0.722	0.750	0.558	0.478	0.719	0.721	0.516	0.501	0.548	0.514	0.448	0.373	0.756	0.673	0.538	0.478	0.757	0.692	0.549	0.486	0.548	0.537	0.453	0.376	0.694	0.727	0.614	0.492	0.704	0.716	0.537	0.456	0.532	0.568	0.469	0.343	0.729	0.751	0.576	0.488	0.751	0.723	0.555	0.516
26:40:01	0.527	0.564	0.465	0.335	0.722	0.757	0.570	0.519	0.714	0.801	0.548	0.564	0.553	0.472	0.439	0.380	0.720	0.712	0.554	0.493	0.709	0.759	0.558	0.505	0.563	0.634	0.459	0.390	0.736	0.741	0.552	0.567	0.738	0.759	0.543	0.517	0.570	0.556	0.442	0.388	0.714	0.695	0.538	0.467	0.694	0.703	0.502	0.504	0.553	0.520	0.453	0.392	0.724	0.749	0.559	0.479	0.720	0.720	0.513	0.499	0.551	0.519	0.456	0.378	0.752	0.671	0.538	0.476	0.758	0.691	0.547	0.485	0.551	0.551	0.457	0.379	0.695	0.727	0.614	0.494	0.704	0.715	0.536	0.456	0.535	0.570	0.473	0.342	0.735	0.753	0.576	0.491	0.750	0.730	0.554	0.516
27:00:01	0.529	0.565	0.462	0.328	0.715	0.755	0.567	0.517	0.712	0.797	0.546	0.565	0.555	0.469	0.436	0.378	0.717	0.710	0.553	0.493	0.705	0.757	0.557	0.506	0.564	0.626	0.454	0.384	0.735	0.737	0.550	0.565	0.738	0.754	0.542	0.518	0.572	0.540	0.437	0.385	0.711	0.691	0.538	0.465	0.694	0.701	0.500	0.504	0.556	0.512	0.449	0.388	0.720	0.747	0.557	0.478	0.716	0.714	0.512	0.499	0.553	0.513	0.451	0.376	0.733	0.667	0.536	0.476	0.753	0.688	0.545	0.484	0.551	0.539	0.452	0.376	0.691	0.722	0.610	0.492	0.701	0.713	0.534	0.455	0.537	0.574	0.471	0.343	0.731	0.751	0.573	0.488	0.748	0.734	0.552	0.515
27:20:01	0.534	0.565	0.462	0.328	0.716	0.754	0.565	0.517	0.710	0.794	0.544	0.564	0.559	0.477	0.436	0.378	0.718	0.707	0.554	0.493	0.705	0.755	0.554	0.508	0.567	0.600	0.453	0.387	0.733	0.735	0.551	0.565	0.738	0.751	0.539	0.517	0.576	0.544	0.439	0.385	0.709	0.689	0.539	0.466	0.690	0.699	0.497	0.503	0.559	0.514	0.449	0.387	0.719	0.745	0.556	0.478	0.717	0.713	0.510	0.498	0.555	0.518	0.452	0.376	0.720	0.664	0.536	0.476	0.746	0.686	0.542	0.483	0.553	0.552	0.452	0.376	0.689	0.721	0.611	0.492	0.704	0.711	0.532	0.455	0.539	0.577	0.471	0.344	0.730	0.749	0.571	0.487	0.746	0.734	0.550	0.514
27:40:01	0.538	0.573	0.462	0.329	0.708	0.753	0.563	0.517	0.709	0.789	0.543	0.564	0.563	0.485	0.436	0.379	0.717	0.707	0.555	0.494	0.702	0.755	0.553	0.510	0.571	0.598	0.454	0.388	0.734	0.734	0.551	0.564	0.738	0.750	0.537	0.517	0.578	0.545	0.443	0.385	0.708	0.687	0.540	0.466	0.685	0.699	0.496	0.503	0.562	0.515	0.450	0.387	0.718	0.744	0.555	0.478	0.716	0.711	0.508	0.497	0.558	0.512	0.451	0.377	0.710	0.661	0.535	0.475	0.743	0.683	0.539	0.483	0.555	0.542	0.452	0.377	0.688	0.718	0.611	0.491	0.702	0.708	0.530	0.455	0.541	0.583	0.471	0.343	0.728	0.743	0.569	0.486	0.747	0.732	0.548	0.514
28:00:01	0.542	0.583	0.462	0.328	0.703	0.752	0.562	0.518	0.709	0.784	0.541	0.564	0.565	0.493	0.436	0.380	0.715	0.707	0.556	0.495	0.702	0.752	0.551	0.511	0.572	0.595	0.454	0.387	0.733	0.732	0.551	0.563	0.737	0.747	0.535	0.517	0.582	0.536	0.446	0.385	0.707	0.686	0.540	0.466	0.687	0.696	0.494	0.503	0.565	0.515	0.451	0.387	0.718	0.743	0.553	0.478	0.715	0.709	0.506	0.497	0.561	0.527	0.452	0.378	0.705	0.659	0.534	0.477	0.748	0.681	0.536	0.482	0.557	0.510	0.452	0.377	0.687	0.716	0.611	0.491	0.702	0.706	0.529	0.454	0.543	0.593	0.473	0.343	0.729	0.741	0.567	0.486	0.749	0.730	0.547	0.514
28:20:01	0.545	0.593	0.462	0.328	0.704	0.751	0.560	0.518	0.708	0.775	0.540	0.563	0.569	0.497	0.437	0.380	0.714	0.705	0.557	0.495	0.701	0.751	0.550	0.512	0.574	0.599	0.454	0.386	0.731	0.730	0.550	0.561	0.735	0.745	0.534	0.516	0.584	0.532	0.447	0.385	0.706	0.685	0.539	0.466	0.684	0.693	0.492	0.502	0.568	0.518	0.452	0.389	0.717	0.741	0.551	0.478	0.714	0.708	0.504	0.496	0.562	0.533	0.452	0.378	0.703	0.656	0.531	0.474	0.739	0.678	0.534	0.481	0.559	0.525	0.452	0.376	0.686	0.714	0.610	0.490	0.700	0.706	0.527	0.454	0.546	0.609	0.473	0.344	0.728	0.741	0.565	0.485	0.750	0.728	0.546	0.513
28:40:01	0.550	0.601	0.463	0.329	0.708	0.750	0.559	0.519	0.710	0.770	0.538	0.564	0.572	0.499	0.437	0.380	0.713	0.701	0.557	0.496	0.699	0.751	0.549	0.513	0.576	0.569	0.454	0.390	0.730	0.729	0.550	0.561	0.734	0.743	0.532	0.516	0.587	0.531	0.448	0.385	0.706	0.684	0.539	0.466	0.685	0.691	0.491	0.502	0.571	0.521	0.452	0.389	0.716	0.741	0.549	0.478	0.714	0.706	0.502	0.495	0.564	0.539	0.453	0.379	0.703	0.654	0.528	0.476	0.744	0.677	0.532	0.480	0.560	0.535	0.453	0.377	0.686	0.712	0.610	0.490	0.702	0.703	0.526	0.454	0.548	0.617	0.474	0.344	0.728	0.738	0.563	0.484	0.750	0.728	0.545	0.513
29:00:01	0.554	0.605	0.463	0.329	0.706	0.749	0.557	0.519	0.709	0.764	0.537	0.563	0.575	0.502	0.437	0.381	0.713	0.700	0.557	0.496	0.698	0.750	0.547	0.514	0.576	0.553	0.454	0.387	0.729	0.728	0.550	0.559	0.734	0.741	0.531	0.516	0.589	0.531	0.448	0.385	0.707	0.682	0.537	0.466	0.682	0.690	0.488	0.501	0.573	0.525	0.453	0.389	0.716	0.739	0.547	0.479	0.713	0.704	0.500	0.495	0.567	0.535	0.454	0.379	0.705	0.651	0.527	0.474	0.745	0.675	0.529	0.480	0.562	0.539	0.453	0.377	0.685	0.710	0.610	0.490	0.700	0.699	0.524	0.454	0.550	0.620	0.474	0.344	0.726	0.732	0.561	0.483	0.752	0.727	0.544	0.513
29:20:01	0.558	0.609	0.463	0.331	0.705	0.748	0.555	0.520	0.710	0.761	0.535	0.563	0.578	0.505	0.437	0.381	0.712	0.697	0.556	0.497	0.699	0.747	0.546	0.515	0.578	0.566	0.454	0.387	0.729	0.726	0.549	0.557	0.732	0.738	0.529	0.515	0.590	0.534	0.448	0.384	0.704	0.679	0.536	0.466	0.682	0.687	0.487	0.501	0.575	0.526	0.452	0.389	0.716	0.738	0.545	0.479	0.712	0.702	0.499	0.494	0.568	0.536	0.453	0.379	0.709	0.648	0.524	0.475	0.737	0.672	0.528	0.479	0.564	0.545	0.454	0.377	0.685	0.708	0.610	0.489	0.700	0.698	0.523	0.454	0.552	0.623	0.474	0.345	0.724	0.730	0.559	0.483	0.752	0.728	0.542	0.513
29:40:01	0.560	0.612	0.464	0.332	0.705	0.747	0.554	0.520	0.709	0.758	0.534	0.563	0.579	0.506	0.437	0.382	0.711	0.696	0.555	0.497	0.698	0.747	0.544	0.515	0.580	0.575	0.455	0.390	0.727	0.724	0.547	0.555	0.731	0.737	0.528	0.515	0.592	0.538	0.447	0.384	0.702	0.677	0.535	0.466	0.680	0.684	0.485	0.500	0.577	0.530	0.452	0.389	0.714	0.736	0.543	0.479	0.712	0.700	0.497	0.492	0.569	0.537	0.454	0.378	0.713	0.646	0.521	0.474	0.736	0.670	0.526	0.478	0.565	0.557	0.454	0.377	0.684	0.707	0.610	0.489	0.700	0.695	0.521	0.453	0.555	0.624	0.474	0.345	0.723	0.724	0.557	0.482	0.753	0.729	0.541	0.512
30:00:01	0.564	0.616	0.466	0.337	0.708	0.746	0.553	0.521	0.711	0.756	0.532	0.563	0.582	0.507	0.441	0.384	0.710	0.694	0.555	0.499	0.698	0.746	0.541	0.514	0.580	0.614	0.459	0.392	0.727	0.724	0.546	0.554	0.731	0.736	0.526	0.514	0.594	0.542	0.450	0.386	0.702	0.675	0.535	0.467	0.680	0.682	0.484	0.500	0.580	0.535	0.456	0.390	0.715	0.734	0.543	0.479	0.714	0.701	0.495	0.491	0.572	0.538	0.460	0.380	0.717	0.644	0.521	0.475	0.740	0.669	0.524	0.478	0.569	0.555	0.458	0.379	0.685	0.707	0.610	0.490	0.702	0.694	0.520	0.454	0.557	0.626	0.478	0.347	0.723	0.722	0.557	0.482	0.753	0.729	0.540	0.514
30:20:01	0.565	0.618	0.464	0.331	0.703	0.744	0.550	0.520	0.710	0.754	0.531	0.563	0.584	0.503	0.438	0.382	0.709	0.691	0.553	0.498	0.696	0.744	0.541	0.514	0.580	0.621	0.455	0.387	0.727	0.721	0.544	0.551	0.728	0.732	0.525	0.513	0.597	0.551	0.444	0.383	0.699	0.671	0.532	0.466	0.676	0.679	0.482	0.498	0.582	0.532	0.452	0.388	0.712	0.732	0.539	0.478	0.710	0.696	0.493	0.490	0.573	0.529	0.456	0.379	0.719	0.641	0.518	0.474	0.730	0.666	0.524	0.476	0.569	0.561	0.455	0.377	0.681	0.703	0.608	0.487	0.697	0.690	0.518	0.453	0.558	0.627	0.475	0.349	0.733	0.718	0.554	0.480	0.754	0.728	0.538	0.512
30:40:01	0.566	0.621	0.464	0.330	0.702	0.743	0.548	0.519	0.710	0.752	0.530	0.563	0.586	0.505	0.438	0.382	0.707	0.688	0.551	0.498	0.694	0.742	0.540	0.514	0.581	0.622	0.455	0.385	0.725	0.718	0.543	0.549	0.727	0.730	0.523	0.513	0.599	0.585	0.443	0.383	0.697	0.668	0.531	0.466	0.676	0.675	0.481	0.497	0.583	0.535	0.452	0.388	0.710	0.730	0.538	0.478	0.709	0.693	0.492	0.489	0.574	0.524	0.456	0.378	0.721	0.638	0.516	0.472	0.727	0.663	0.520	0.476	0.569	0.578	0.455	0.377	0.680	0.700	0.608	0.486	0.696	0.687	0.517	0.453	0.560	0.627	0.476	0.349	0.725	0.714	0.553	0.479	0.754	0.729	0.537	0.511
31:00:01	0.569	0.625	0.464	0.328	0.700	0.742	0.546	0.519	0.709	0.750	0.528	0.563	0.588	0.504	0.435	0.382	0.706	0.685	0.549	0.498	0.692	0.741	0.539	0.513	0.582	0.624	0.456	0.385	0.724	0.717	0.541	0.548	0.725	0.727	0.522	0.512	0.601	0.618	0.443	0.384	0.696	0.666	0.529	0.466	0.674	0.673	0.479	0.496	0.585	0.536	0.452	0.388	0.709	0.728	0.536	0.478	0.708	0.691	0.490	0.488	0.575	0.526	0.454	0.377	0.723	0.636	0.514	0.472	0.732	0.662	0.520	0.475	0.571	0.597	0.455	0.377	0.680	0.698	0.607	0.486	0.695	0.685	0.515	0.452	0.562	0.628	0.474	0.352	0.724	0.712	0.551	0.478	0.760	0.729	0.535	0.511
31:20:01	0.572	0.628	0.466	0.326	0.700	0.740	0.545	0.519	0.709	0.750	0.527	0.563	0.589	0.506	0.439	0.382	0.705	0.682	0.548	0.499	0.691	0.740	0.537	0.513	0.583	0.626	0.456	0.387	0.723	0.714	0.541	0.547	0.724	0.725	0.521	0.511	0.603	0.625	0.444	0.384	0.694	0.663	0.528	0.465	0.673	0.670	0.479	0.495	0.587	0.542	0.453	0.388	0.710	0.726	0.534	0.478	0.707	0.690	0.490	0.487	0.576	0.530	0.458	0.379	0.727	0.634	0.513	0.472	0.738	0.660	0.517	0.475	0.572	0.607	0.455	0.377	0.679	0.698	0.608	0.485	0.695	0.683	0.515	0.453	0.563	0.628	0.476	0.351	0.715	0.720	0.550	0.478	0.758	0.730	0.536	0.511
31:40:01	0.575	0.630	0.467	0.326	0.698	0.739	0.543	0.519	0.710	0.749	0.526	0.563	0.591	0.510	0.439	0.382	0.704	0.680	0.546	0.499	0.690	0.739	0.536	0.513	0.584	0.627	0.456	0.388	0.721	0.713	0.540	0.546	0.723	0.723	0.520	0.511	0.603	0.626	0.444	0.384	0.693	0.661	0.527	0.466	0.673	0.667	0.477	0.494	0.589	0.532	0.453	0.388	0.708	0.724	0.533	0.478	0.706	0.688	0.488	0.486	0.578	0.529	0.458	0.380	0.729	0.632	0.511	0.472	0.733	0.658	0.516	0.474	0.573	0.611	0.455	0.377	0.679	0.695	0.607	0.485	0.694	0.681	0.513	0.453	0.565	0.629	0.477	0.353	0.713	0.715	0.549	0.478	0.757	0.732	0.533	0.511
32:00:01	0.578	0.634	0.470	0.331	0.701	0.739	0.543	0.520	0.714	0.752	0.525	0.563	0.594	0.514	0.443	0.384	0.704	0.678	0.546	0.500	0.691	0.739	0.534	0.513	0.585	0.630	0.461	0.392	0.721	0.712	0.540	0.546	0.723	0.723	0.518	0.509	0.604	0.628	0.448	0.386	0.694	0.660	0.527	0.467	0.675	0.666	0.476	0.493	0.590	0.540	0.456	0.391	0.710	0.724	0.533	0.479	0.707	0.688	0.487	0.484	0.581	0.541	0.463	0.381	0.731	0.631	0.511	0.473	0.735	0.657	0.514	0.473	0.575	0.613	0.459	0.379	0.681	0.695	0.608	0.486	0.698	0.677	0.513	0.454	0.567	0.629	0.480	0.354	0.718	0.722	0.548	0.480	0.756	0.733	0.533	0.511
32:20:01	0.578	0.634	0.469	0.325	0.695	0.737	0.540	0.519	0.713	0.750	0.524	0.563	0.593	0.512	0.439	0.383	0.703	0.674	0.543	0.499	0.688	0.736	0.533	0.513	0.584	0.630	0.457	0.390	0.718	0.708	0.537	0.543	0.719	0.719	0.517	0.509	0.606	0.630	0.444	0.384	0.691	0.655	0.525	0.465	0.671	0.662	0.474	0.492	0.591	0.543	0.453	0.388	0.705	0.720	0.529	0.478	0.704	0.683	0.485	0.483	0.580	0.529	0.459	0.379	0.729	0.628	0.508	0.471	0.730	0.653	0.512	0.472	0.575	0.615	0.456	0.377	0.677	0.691	0.606	0.483	0.694	0.675	0.511	0.453	0.567	0.630	0.477	0.356	0.709	0.714	0.546	0.477	0.757	0.735	0.530	0.510
32:40:01	0.580	0.636	0.469	0.325	0.695	0.735	0.539	0.518	0.713	0.752	0.523	0.563	0.595	0.514	0.440	0.383	0.702	0.671	0.542	0.500	0.687	0.736	0.532	0.512	0.585	0.632	0.458	0.390	0.716	0.706	0.536	0.541	0.717	0.716	0.516	0.508	0.607	0.631	0.445	0.383	0.690	0.652	0.523	0.465	0.670	0.659	0.473	0.490	0.592	0.545	0.453	0.388	0.704	0.719	0.528	0.477	0.703	0.680	0.484	0.482	0.581	0.529	0.459	0.381	0.728	0.626	0.507	0.472	0.722	0.651	0.511	0.471	0.576	0.617	0.456	0.377	0.676	0.689	0.605	0.482	0.693	0.672	0.510	0.453	0.568	0.630	0.478	0.357	0.713	0.717	0.544	0.476	0.757	0.741	0.530	0.510
33:00:01	0.582	0.638	0.469	0.326	0.694	0.734	0.537	0.518	0.714	0.753	0.521	0.563	0.595	0.516	0.440	0.383	0.701	0.668	0.540	0.499	0.686	0.734	0.530	0.514	0.585	0.633	0.458	0.389	0.715	0.704	0.534	0.540	0.716	0.714	0.515	0.509	0.609	0.634	0.445	0.384	0.688	0.650	0.521	0.465	0.668	0.656	0.472	0.488	0.593	0.543	0.453	0.388	0.703	0.716	0.527	0.477	0.701	0.679	0.482	0.481	0.582	0.530	0.460	0.380	0.726	0.625	0.506	0.470	0.723	0.649	0.510	0.470	0.578	0.618	0.457	0.377	0.676	0.687	0.605	0.481	0.692	0.669	0.509	0.453	0.568	0.631	0.479	0.357	0.712	0.707	0.543	0.476	0.757	0.742	0.528	0.509
33:20:01	0.583	0.639	0.469	0.325	0.693	0.733	0.536	0.517	0.713	0.755	0.521	0.564	0.596	0.518	0.440	0.383	0.701	0.665	0.538	0.500	0.686	0.732	0.529	0.511	0.586	0.634	0.458	0.389	0.714	0.702	0.533	0.539	0.715	0.713	0.514	0.506	0.611	0.636	0.446	0.384	0.686	0.647	0.521	0.465	0.667	0.653	0.471	0.488	0.594	0.539	0.453	0.388	0.702	0.714	0.525	0.477	0.701	0.676	0.481	0.480	0.583	0.525	0.460	0.379	0.725	0.623	0.505	0.471	0.721	0.647	0.508	0.470	0.579	0.619	0.457	0.377	0.675	0.685	0.604	0.481	0.692	0.668	0.508	0.454	0.569	0.631	0.479	0.359	0.714	0.708	0.542	0.475	0.753	0.736	0.528	0.510
33:40:01	0.585	0.640	0.469	0.330	0.696	0.733	0.536	0.519	0.716	0.762	0.521	0.566	0.596	0.523	0.442	0.384	0.700	0.661	0.538	0.501	0.684	0.730	0.528	0.510	0.585	0.634	0.458	0.389	0.714	0.700	0.533	0.538	0.712	0.710	0.513	0.504	0.611	0.636	0.446	0.384	0.685	0.643	0.519	0.464	0.665	0.651	0.470	0.486	0.594	0.539	0.454	0.388	0.701	0.712	0.524	0.476	0.699	0.675	0.480	0.479	0.583	0.522	0.460	0.377	0.722	0.621	0.503	0.468	0.720	0.645	0.506	0.468	0.580	0.620	0.455	0.376	0.675	0.683	0.603	0.479	0.689	0.663	0.504	0.452	0.568	0.630	0.477	0.350	0.707	0.708	0.540	0.474	0.747	0.736	0.523	0.507
34:00:01	0.585	0.642	0.469	0.328	0.696	0.730	0.534	0.518	0.715	0.767	0.519	0.566	0.597	0.526	0.442	0.384	0.698	0.659	0.537	0.500	0.684	0.730	0.527	0.510	0.586	0.636	0.459	0.389	0.712	0.698	0.531	0.537	0.711	0.709	0.512	0.505	0.612	0.639	0.447	0.384	0.684	0.642	0.518	0.465	0.664	0.648	0.469	0.486	0.596	0.543	0.455	0.389	0.700	0.711	0.523	0.477	0.700	0.673	0.479	0.479	0.585	0.503	0.459	0.379	0.722	0.620	0.503	0.469	0.721	0.642	0.506	0.469	0.582	0.622	0.457	0.377	0.675	0.682	0.604	0.480	0.689	0.663	0.505	0.454	0.571	0.633	0.480	0.362	0.710	0.703	0.539	0.473	0.753	0.739	0.526	0.510
34:20:01	0.586	0.642	0.470	0.327	0.697	0.730	0.533	0.518	0.717	0.774	0.518	0.567	0.598	0.524	0.438	0.382	0.695	0.655	0.535	0.500	0.683	0.729	0.526	0.511	0.587	0.636	0.459	0.389	0.711	0.695	0.530	0.535	0.709	0.708	0.511	0.505	0.613	0.640	0.446	0.383	0.681	0.639	0.517	0.464	0.662	0.646	0.468	0.485	0.596	0.551	0.455	0.389	0.699	0.709	0.522	0.476	0.698	0.672	0.478	0.478	0.585	0.508	0.458	0.378	0.720	0.619	0.502	0.469	0.719	0.642	0.505	0.468	0.583	0.623	0.458	0.378	0.674	0.680	0.604	0.479	0.688	0.662	0.505	0.454	0.571	0.634	0.478	0.365	0.707	0.700	0.539	0.473	0.755	0.743	0.526	0.511
34:40:01	0.587	0.643	0.470	0.329	0.696	0.728	0.533	0.517	0.716	0.775	0.517	0.568	0.599	0.529	0.441	0.381	0.695	0.652	0.534	0.500	0.683	0.727	0.525	0.510	0.587	0.637	0.459	0.389	0.710	0.693	0.529	0.534	0.708	0.705	0.510	0.504	0.614	0.641	0.444	0.381	0.680	0.637	0.515	0.464	0.660	0.642	0.467	0.484	0.597	0.550	0.455	0.389	0.698	0.706	0.520	0.476	0.698	0.670	0.477	0.477	0.586	0.500	0.458	0.379	0.719	0.617	0.501	0.469	0.714	0.639	0.505	0.468	0.584	0.624	0.459	0.378	0.674	0.679	0.604	0.478	0.688	0.659	0.503	0.454	0.572	0.635	0.479	0.363	0.706	0.697	0.536	0.472	0.755	0.747	0.525	0.511
35:00:02	0.588	0.643	0.470	0.330	0.694	0.727	0.531	0.517	0.715	0.774	0.516	0.568	0.600	0.530	0.439	0.382	0.693	0.650	0.533	0.499	0.681	0.726	0.524	0.511	0.587	0.637	0.459	0.388	0.708	0.691	0.528	0.533	0.706	0.703	0.508	0.504	0.615	0.642	0.445	0.381	0.678	0.634	0.514	0.463	0.657	0.640	0.466	0.482	0.598	0.551	0.455	0.389	0.697	0.705	0.519	0.475	0.696	0.668	0.476	0.477	0.587	0.508	0.458	0.380	0.717	0.615	0.500	0.468	0.717	0.636	0.504	0.468	0.585	0.625	0.459	0.377	0.672	0.678	0.603	0.478	0.688	0.656	0.503	0.455	0.573	0.637	0.479	0.364	0.705	0.699	0.535	0.472	0.754	0.741	0.525	0.512
35:20:01	0.589	0.643	0.471	0.334	0.694	0.727	0.533	0.518	0.716	0.775	0.516	0.573	0.599	0.533	0.444	0.385	0.692	0.646	0.533	0.501	0.681	0.723	0.523	0.509	0.587	0.637	0.459	0.388	0.708	0.690	0.528	0.532	0.703	0.701	0.507	0.501	0.616	0.643	0.449	0.383	0.677	0.631	0.513	0.463	0.658	0.638	0.465	0.480	0.598	0.545	0.456	0.389	0.696	0.703	0.517	0.475	0.695	0.666	0.474	0.475	0.586	0.509	0.461	0.381	0.717	0.614	0.498	0.466	0.715	0.636	0.500	0.465	0.585	0.625	0.458	0.376	0.671	0.676	0.602	0.476	0.685	0.653	0.500	0.453	0.571	0.636	0.478	0.356	0.707	0.698	0.534	0.472	0.751	0.737	0.520	0.508
35:40:02	0.590	0.643	0.471	0.332	0.691	0.724	0.530	0.516	0.715	0.773	0.513	0.578	0.600	0.536	0.442	0.384	0.691	0.644	0.531	0.500	0.680	0.722	0.521	0.508	0.587	0.637	0.460	0.387	0.705	0.686	0.526	0.531	0.701	0.700	0.506	0.501	0.617	0.643	0.450	0.384	0.676	0.630	0.511	0.463	0.656	0.636	0.464	0.480	0.599	0.546	0.456	0.390	0.695	0.699	0.517	0.475	0.695	0.664	0.474	0.475	0.586	0.514	0.458	0.380	0.716	0.612	0.497	0.466	0.709	0.633	0.502	0.467	0.586	0.626	0.459	0.378	0.670	0.674	0.602	0.477	0.685	0.653	0.501	0.455	0.574	0.639	0.481	0.367	0.708	0.705	0.533	0.473	0.753	0.764	0.523	0.513
36:00:02	0.590	0.643	0.469	0.332	0.688	0.723	0.529	0.515	0.717	0.770	0.512	0.579	0.600	0.534	0.440	0.381	0.689	0.642	0.530	0.499	0.678	0.721	0.521	0.510	0.587	0.637	0.460	0.387	0.704	0.684	0.525	0.529	0.699	0.697	0.505	0.501	0.617	0.644	0.450	0.383	0.674	0.627	0.510	0.463	0.653	0.633	0.463	0.479	0.600	0.550	0.456	0.390	0.693	0.698	0.515	0.475	0.694	0.662	0.473	0.474	0.586	0.508	0.458	0.380	0.714	0.610	0.496	0.466	0.713	0.631	0.501	0.466	0.588	0.626	0.459	0.377	0.669	0.672	0.602	0.476	0.684	0.651	0.500	0.456	0.574	0.641	0.479	0.369	0.704	0.706	0.531	0.471	0.753	0.742	0.524	0.514
36:20:02	0.591	0.643	0.469	0.332	0.688	0.721	0.528	0.514	0.717	0.768	0.511	0.580	0.601	0.535	0.443	0.382	0.689	0.639	0.530	0.499	0.678	0.721	0.519	0.507	0.587	0.636	0.460	0.387	0.702	0.682	0.524	0.528	0.696	0.695	0.504	0.500	0.618	0.643	0.447	0.381	0.672	0.624	0.508	0.462	0.652	0.631	0.462	0.478	0.600	0.547	0.456	0.390	0.692	0.696	0.514	0.474	0.693	0.660	0.472	0.473	0.587	0.510	0.458	0.379	0.713	0.609	0.495	0.465	0.710	0.629	0.500	0.466	0.589	0.627	0.460	0.377	0.668	0.671	0.601	0.475	0.683	0.649	0.499	0.456	0.574	0.643	0.480	0.372	0.706	0.708	0.530	0.471	0.751	0.738	0.522	0.514
36:40:02	0.592	0.644	0.471	0.335	0.687	0.720	0.528	0.514	0.717	0.775	0.511	0.581	0.601	0.534	0.441	0.380	0.687	0.636	0.528	0.499	0.675	0.719	0.519	0.509	0.586	0.636	0.461	0.387	0.701	0.680	0.523	0.527	0.695	0.694	0.503	0.501	0.619	0.644	0.448	0.380	0.670	0.623	0.507	0.461	0.649	0.628	0.461	0.477	0.601	0.549	0.457	0.390	0.691	0.694	0.513	0.474	0.693	0.659	0.471	0.474	0.587	0.503	0.459	0.378	0.712	0.607	0.494	0.465	0.705	0.628	0.499	0.466	0.590	0.627	0.460	0.377	0.666	0.670	0.601	0.474	0.682	0.647	0.498	0.456	0.575	0.644	0.481	0.371	0.707	0.715	0.530	0.472	0.752	0.737	0.521	0.516
37:00:02	0.592	0.644	0.471	0.334	0.685	0.719	0.527	0.514	0.717	0.767	0.510	0.582	0.601	0.535	0.443	0.382	0.687	0.633	0.529	0.499	0.675	0.718	0.518	0.507	0.586	0.636	0.462	0.387	0.700	0.678	0.522	0.526	0.692	0.692	0.503	0.499	0.619	0.643	0.448	0.380	0.669	0.621	0.506	0.461	0.647	0.627	0.460	0.477	0.602	0.553	0.457	0.390	0.690	0.692	0.512	0.474	0.692	0.657	0.470	0.474	0.586	0.496	0.459	0.378	0.712	0.606	0.493	0.465	0.707	0.626	0.498	0.466	0.592	0.627	0.461	0.377	0.665	0.670	0.601	0.474	0.682	0.645	0.498	0.457	0.574	0.646	0.482	0.374	0.706	0.713	0.529	0.470	0.753	0.758	0.523	0.517
37:20:02	0.594	0.643	0.472	0.338	0.683	0.717	0.527	0.514	0.722	0.770	0.510	0.583	0.602	0.534	0.446	0.383	0.686	0.631	0.528	0.499	0.674	0.717	0.517	0.506	0.587	0.635	0.462	0.387	0.699	0.676	0.521	0.525	0.690	0.690	0.502	0.498	0.620	0.643	0.449	0.381	0.667	0.619	0.505	0.461	0.645	0.624	0.459	0.476	0.602	0.545	0.458	0.390	0.689	0.690	0.511	0.473	0.692	0.655	0.469	0.473	0.587	0.498	0.462	0.379	0.711	0.605	0.493	0.465	0.707	0.626	0.496	0.465	0.593	0.627	0.461	0.377	0.664	0.667	0.600	0.473	0.681	0.644	0.497	0.457	0.573	0.649	0.482	0.374	0.706	0.704	0.527	0.470	0.752	0.773	0.523	0.519
37:40:02	0.595	0.643	0.472	0.338	0.682	0.716	0.527	0.513	0.721	0.772	0.508	0.583	0.602	0.524	0.448	0.381	0.686	0.629	0.527	0.499	0.674	0.715	0.516	0.506	0.586	0.634	0.463	0.386	0.697	0.675	0.521	0.524	0.688	0.689	0.501	0.498	0.621	0.643	0.449	0.380	0.667	0.617	0.504	0.461	0.646	0.622	0.458	0.474	0.603	0.545	0.458	0.390	0.687	0.688	0.510	0.473	0.691	0.653	0.469	0.471	0.587	0.497	0.462	0.379	0.710	0.603	0.492	0.463	0.702	0.624	0.495	0.465	0.595	0.628	0.460	0.377	0.663	0.666	0.600	0.473	0.680	0.642	0.496	0.457	0.572	0.650	0.483	0.374	0.706	0.709	0.527	0.471	0.750	0.730	0.520	0.519
38:00:02	0.595	0.642	0.473	0.338	0.681	0.714	0.526	0.512	0.722	0.779	0.507	0.584	0.603	0.548	0.449	0.381	0.684	0.626	0.525	0.499	0.671	0.714	0.515	0.506	0.586	0.633	0.464	0.386	0.696	0.672	0.519	0.524	0.686	0.687	0.500	0.498	0.621	0.642	0.450	0.380	0.665	0.615	0.503	0.460	0.643	0.620	0.457	0.474	0.604	0.546	0.459	0.390	0.686	0.687	0.509	0.472	0.691	0.651	0.467	0.472	0.587	0.497	0.460	0.376	0.708	0.602	0.490	0.463	0.700	0.621	0.495	0.464	0.596	0.627	0.461	0.377	0.662	0.664	0.599	0.472	0.678	0.641	0.495	0.458	0.571	0.652	0.482	0.377	0.708	0.705	0.525	0.469	0.750	0.725	0.522	0.522
38:20:02	0.596	0.642	0.473	0.341	0.680	0.713	0.525	0.512	0.722	0.781	0.506	0.585	0.604	0.548	0.450	0.381	0.684	0.624	0.525	0.498	0.672	0.713	0.514	0.506	0.585	0.633	0.464	0.386	0.695	0.670	0.519	0.522	0.684	0.685	0.499	0.497	0.622	0.642	0.450	0.382	0.665	0.614	0.503	0.461	0.643	0.618	0.456	0.472	0.605	0.538	0.459	0.390	0.684	0.684	0.508	0.472	0.690	0.649	0.467	0.470	0.587	0.494	0.460	0.378	0.708	0.600	0.490	0.463	0.702	0.621	0.493	0.463	0.598	0.627	0.461	0.376	0.661	0.662	0.599	0.471	0.678	0.639	0.494	0.458	0.570	0.654	0.483	0.376	0.709	0.708	0.524	0.468	0.751	0.723	0.522	0.523
38:40:02	0.596	0.641	0.474	0.341	0.680	0.712	0.525	0.511	0.722	0.785	0.506	0.586	0.604	0.534	0.446	0.380	0.682	0.622	0.523	0.498	0.670	0.711	0.513	0.507	0.585	0.632	0.465	0.385	0.694	0.667	0.518	0.521	0.682	0.683	0.498	0.497	0.622	0.641	0.450	0.379	0.662	0.612	0.501	0.460	0.640	0.617	0.455	0.472	0.605	0.534	0.459	0.390	0.683	0.682	0.507	0.472	0.689	0.648	0.466	0.471	0.588	0.495	0.461	0.376	0.707	0.598	0.488	0.461	0.704	0.618	0.493	0.464	0.599	0.627	0.462	0.376	0.660	0.661	0.598	0.471	0.677	0.637	0.493	0.458	0.569	0.656	0.486	0.377	0.710	0.712	0.524	0.468	0.750	0.724	0.519	0.524
39:00:02	0.598	0.641	0.475	0.341	0.681	0.711	0.525	0.511	0.722	0.792	0.505	0.588	0.605	0.556	0.448	0.379	0.682	0.620	0.523	0.498	0.669	0.710	0.512	0.507	0.585	0.632	0.467	0.386	0.693	0.666	0.517	0.520	0.681	0.682	0.497	0.497	0.623	0.641	0.451	0.379	0.661	0.611	0.500	0.460	0.640	0.615	0.454	0.471	0.606	0.536	0.460	0.390	0.683	0.681	0.507	0.472	0.688	0.646	0.465	0.470	0.588	0.491	0.465	0.378	0.707	0.598	0.489	0.462	0.698	0.619	0.492	0.463	0.600	0.628	0.462	0.376	0.659	0.659	0.598	0.470	0.677	0.636	0.493	0.459	0.568	0.659	0.486	0.380	0.710	0.711	0.522	0.468	0.749	0.714	0.522	0.526
39:20:02	0.598	0.641	0.475	0.344	0.680	0.710	0.524	0.511	0.725	0.796	0.504	0.589	0.606	0.541	0.447	0.379	0.681	0.618	0.522	0.497	0.668	0.709	0.512	0.507	0.585	0.632	0.467	0.386	0.692	0.665	0.516	0.519	0.679	0.680	0.496	0.496	0.624	0.641	0.451	0.379	0.660	0.609	0.499	0.459	0.638	0.613	0.454	0.471	0.606	0.526	0.461	0.390	0.681	0.679	0.506	0.472	0.687	0.644	0.464	0.470	0.588	0.499	0.464	0.376	0.705	0.596	0.487	0.461	0.696	0.616	0.492	0.464	0.602	0.627	0.463	0.376	0.658	0.658	0.597	0.470	0.676	0.635	0.492	0.459	0.567	0.661	0.486	0.380	0.709	0.710	0.521	0.468	0.752	0.714	0.522	0.528
39:40:02	0.600	0.641	0.479	0.348	0.682	0.709	0.526	0.512	0.724	0.804	0.504	0.590	0.608	0.533	0.453	0.381	0.684	0.615	0.523	0.497	0.670	0.709	0.510	0.504	0.586	0.632	0.471	0.388	0.692	0.665	0.516	0.520	0.679	0.680	0.495	0.494	0.625	0.641	0.458	0.385	0.663	0.610	0.501	0.461	0.642	0.611	0.453	0.469	0.607	0.528	0.464	0.392	0.684	0.679	0.506	0.473	0.690	0.645	0.464	0.468	0.589	0.500	0.472	0.380	0.706	0.597	0.489	0.462	0.696	0.616	0.491	0.464	0.604	0.628	0.468	0.378	0.660	0.659	0.599	0.472	0.677	0.635	0.492	0.461	0.567	0.663	0.491	0.382	0.717	0.717	0.523	0.470	0.755	0.716	0.522	0.530
40:00:02	0.600	0.640	0.477	0.344	0.678	0.707	0.524	0.510	0.725	0.810	0.504	0.592	0.608	0.547	0.452	0.380	0.681	0.613	0.521	0.497	0.668	0.706	0.510	0.505	0.585	0.631	0.468	0.385	0.689	0.661	0.515	0.518	0.675	0.677	0.494	0.495	0.625	0.640	0.456	0.382	0.659	0.607	0.499	0.460	0.639	0.609	0.452	0.469	0.608	0.521	0.462	0.390	0.679	0.676	0.504	0.471	0.686	0.641	0.463	0.469	0.589	0.497	0.465	0.376	0.704	0.594	0.486	0.461	0.696	0.615	0.490	0.464	0.605	0.627	0.465	0.376	0.656	0.656	0.596	0.470	0.675	0.632	0.491	0.461	0.564	0.665	0.487	0.382	0.711	0.710	0.520	0.468	0.758	0.704	0.523	0.532
40:20:02	0.602	0.640	0.480	0.349	0.680	0.706	0.526	0.512	0.726	0.813	0.503	0.593	0.610	0.548	0.456	0.382	0.683	0.611	0.522	0.497	0.668	0.706	0.509	0.504	0.586	0.630	0.472	0.388	0.690	0.661	0.515	0.519	0.675	0.677	0.493	0.494	0.627	0.640	0.458	0.381	0.658	0.606	0.498	0.460	0.638	0.607	0.452	0.470	0.608	0.532	0.465	0.392	0.681	0.675	0.504	0.472	0.687	0.641	0.463	0.469	0.590	0.497	0.471	0.377	0.704	0.594	0.487	0.461	0.702	0.614	0.489	0.464	0.607	0.626	0.470	0.378	0.658	0.657	0.598	0.472	0.677	0.632	0.491	0.463	0.563	0.667	0.490	0.383	0.713	0.714	0.521	0.470	0.749	0.715	0.523	0.534
40:40:02	0.602	0.638	0.478	0.346	0.677	0.704	0.524	0.510	0.724	0.820	0.502	0.594	0.610	0.532	0.450	0.377	0.679	0.610	0.519	0.497	0.665	0.703	0.509	0.507	0.584	0.629	0.469	0.385	0.687	0.657	0.514	0.516	0.671	0.673	0.492	0.495	0.628	0.639	0.453	0.378	0.655	0.603	0.496	0.459	0.635	0.605	0.451	0.469	0.608	0.518	0.463	0.390	0.678	0.672	0.502	0.470	0.684	0.637	0.462	0.469	0.590	0.492	0.467	0.375	0.702	0.591	0.484	0.458	0.697	0.612	0.488	0.463	0.608	0.626	0.467	0.376	0.653	0.653	0.596	0.469	0.674	0.630	0.489	0.465	0.560	0.668	0.488	0.383	0.706	0.709	0.518	0.467	0.748	0.699	0.524	0.536
41:00:02	0.603	0.637	0.479	0.347	0.676	0.703	0.524	0.510	0.728	0.818	0.501	0.597	0.611	0.526	0.451	0.378	0.678	0.608	0.518	0.496	0.664	0.701	0.507	0.507	0.584	0.629	0.470	0.385	0.687	0.655	0.513	0.515	0.669	0.671	0.491	0.494	0.629	0.638	0.453	0.378	0.654	0.602	0.495	0.458	0.634	0.603	0.450	0.468	0.609	0.522	0.465	0.390	0.677	0.670	0.502	0.470	0.683	0.635	0.461	0.469	0.591	0.496	0.468	0.375	0.699	0.590	0.483	0.459	0.696	0.609	0.488	0.463	0.609	0.625	0.468	0.375	0.651	0.653	0.595	0.468	0.673	0.628	0.488	0.468	0.558	0.670	0.488	0.382	0.701	0.708	0.517	0.467	0.752	0.701	0.524	0.538
41:20:02	0.604	0.636	0.479	0.348	0.675	0.701	0.523	0.510	0.727	0.827	0.501	0.599	0.613	0.548	0.451	0.377	0.677	0.606	0.517	0.496	0.663	0.701	0.507	0.507	0.584	0.628	0.470	0.385	0.685	0.653	0.513	0.514	0.666	0.670	0.491	0.494	0.630	0.637	0.459	0.381	0.655	0.601	0.495	0.458	0.636	0.601	0.449	0.466	0.609	0.525	0.466	0.390	0.675	0.668	0.500	0.470	0.682	0.633	0.460	0.467	0.591	0.496	0.469	0.375	0.699	0.588	0.483	0.459	0.698	0.607	0.487	0.463	0.611	0.624	0.469	0.375	0.651	0.651	0.594	0.468	0.672	0.627	0.488	0.469	0.556	0.673	0.489	0.383	0.701	0.707	0.517	0.467	0.759	0.691	0.524	0.540
41:40:02	0.605	0.636	0.480	0.349	0.675	0.701	0.523	0.510	0.727	0.825	0.500	0.601	0.614	0.548	0.453	0.377	0.676	0.604	0.516	0.496	0.661	0.699	0.507	0.507	0.584	0.628	0.471	0.385	0.684	0.651	0.512	0.514	0.665	0.669	0.490	0.494	0.631	0.637	0.455	0.378	0.651	0.599	0.493	0.458	0.632	0.600	0.448	0.467	0.610	0.529	0.467	0.390	0.675	0.667	0.500	0.469	0.682	0.632	0.459	0.468	0.592	0.498	0.468	0.375	0.697	0.587	0.481	0.457	0.694	0.607	0.487	0.463	0.612	0.624	0.469	0.374	0.650	0.649	0.594	0.468	0.672	0.626	0.487	0.469	0.555	0.675	0.489	0.384	0.699	0.705	0.516	0.467	0.760	0.698	0.525	0.543
42:00:02	0.606	0.635	0.481	0.349	0.674	0.699	0.523	0.509	0.728	0.830	0.500	0.604	0.616	0.544	0.453	0.377	0.675	0.603	0.515	0.496	0.660	0.698	0.506	0.508	0.584	0.627	0.472	0.384	0.683	0.650	0.511	0.513	0.663	0.667	0.489	0.494	0.633	0.636	0.456	0.378	0.650	0.597	0.493	0.457	0.631	0.598	0.447	0.467	0.611	0.541	0.468	0.390	0.674	0.666	0.499	0.469	0.681	0.630	0.459	0.468	0.593	0.498	0.469	0.374	0.697	0.586	0.481	0.457	0.691	0.607	0.485	0.463	0.614	0.623	0.470	0.374	0.649	0.649	0.593	0.468	0.672	0.626	0.487	0.469	0.553	0.676	0.490	0.386	0.699	0.707	0.516	0.468	0.761	0.684	0.523	0.544
42:20:02	0.608	0.634	0.481	0.350	0.673	0.698	0.523	0.510	0.730	0.832	0.499	0.606	0.618	0.530	0.457	0.378	0.676	0.601	0.515	0.495	0.660	0.697	0.505	0.505	0.584	0.627	0.472	0.384	0.682	0.648	0.511	0.512	0.661	0.666	0.488	0.492	0.634	0.636	0.461	0.381	0.652	0.597	0.493	0.458	0.632	0.597	0.446	0.465	0.611	0.532	0.469	0.390	0.673	0.664	0.498	0.469	0.680	0.629	0.458	0.466	0.593	0.500	0.472	0.376	0.696	0.585	0.480	0.457	0.691	0.605	0.484	0.462	0.616	0.622	0.471	0.374	0.647	0.648	0.593	0.467	0.671	0.624	0.486	0.470	0.551	0.679	0.490	0.384	0.698	0.706	0.515	0.468	0.753	0.683	0.524	0.546
42:40:02	0.610	0.635	0.484	0.354	0.676	0.698	0.524	0.511	0.731	0.846	0.498	0.609	0.621	0.539	0.462	0.380	0.677	0.599	0.516	0.495	0.660	0.697	0.504	0.507	0.585	0.626	0.477	0.386	0.682	0.649	0.511	0.513	0.662	0.666	0.487	0.492	0.637	0.635	0.467	0.383	0.653	0.598	0.494	0.459	0.634	0.596	0.446	0.464	0.612	0.533	0.473	0.392	0.676	0.664	0.499	0.470	0.683	0.629	0.457	0.465	0.594	0.507	0.479	0.378	0.697	0.584	0.482	0.458	0.692	0.606	0.485	0.461	0.619	0.622	0.475	0.376	0.651	0.649	0.594	0.469	0.673	0.625	0.486	0.471	0.550	0.680	0.494	0.388	0.701	0.710	0.516	0.471	0.752	0.682	0.527	0.551
43:00:02	0.611	0.634	0.485	0.355	0.674	0.697	0.525	0.512	0.730	0.849	0.498	0.612	0.622	0.552	0.462	0.379	0.675	0.597	0.515	0.495	0.660	0.696	0.503	0.507	0.585	0.626	0.479	0.386	0.682	0.648	0.511	0.512	0.660	0.665	0.486	0.492	0.638	0.635	0.467	0.384	0.652	0.597	0.493	0.459	0.633	0.594	0.445	0.465	0.613	0.543	0.473	0.392	0.675	0.662	0.498	0.470	0.682	0.627	0.456	0.466	0.595	0.519	0.480	0.378	0.695	0.583	0.481	0.458	0.697	0.605	0.483	0.462	0.621	0.622	0.475	0.376	0.650	0.648	0.594	0.469	0.672	0.624	0.486	0.471	0.549	0.683	0.494	0.387	0.701	0.708	0.516	0.471	0.758	0.679	0.528	0.557
43:20:02	0.612	0.632	0.482	0.352	0.668	0.694	0.522	0.510	0.731	0.848	0.498	0.614	0.623	0.535	0.459	0.378	0.673	0.596	0.513	0.494	0.658	0.694	0.503	0.509	0.584	0.625	0.475	0.383	0.679	0.644	0.509	0.510	0.655	0.661	0.486	0.492	0.639	0.634	0.463	0.380	0.648	0.594	0.491	0.457	0.630	0.592	0.444	0.465	0.614	0.536	0.470	0.390	0.671	0.660	0.496	0.468	0.679	0.625	0.455	0.466	0.595	0.555	0.475	0.376	0.692	0.580	0.478	0.456	0.697	0.602	0.482	0.461	0.621	0.620	0.472	0.373	0.645	0.645	0.591	0.467	0.669	0.622	0.484	0.469	0.548	0.683	0.493	0.386	0.694	0.705	0.514	0.468	0.756	0.672	0.526	0.561
43:40:02	0.613	0.632	0.483	0.352	0.668	0.693	0.522	0.510	0.730	0.853	0.497	0.618	0.625	0.535	0.459	0.377	0.673	0.595	0.513	0.494	0.656	0.693	0.502	0.508	0.584	0.624	0.475	0.383	0.678	0.642	0.508	0.509	0.653	0.660	0.485	0.494	0.642	0.633	0.464	0.380	0.648	0.592	0.490	0.457	0.629	0.590	0.443	0.464	0.615	0.546	0.471	0.389	0.670	0.658	0.495	0.467	0.678	0.623	0.455	0.466	0.596	0.586	0.476	0.376	0.690	0.579	0.478	0.456	0.696	0.602	0.481	0.461	0.623	0.620	0.472	0.373	0.644	0.645	0.591	0.466	0.668	0.621	0.484	0.469	0.548	0.684	0.492	0.386	0.691	0.705	0.513	0.468	0.758	0.670	0.527	0.565
44:00:02	0.615	0.632	0.482	0.353	0.668	0.691	0.522	0.510	0.730	0.852	0.497	0.621	0.626	0.527	0.459	0.377	0.672	0.593	0.512	0.493	0.656	0.692	0.501	0.507	0.585	0.624	0.477	0.383	0.677	0.640	0.508	0.508	0.651	0.658	0.485	0.495	0.644	0.632	0.464	0.380	0.647	0.591	0.489	0.457	0.628	0.589	0.443	0.463	0.617	0.545	0.472	0.389	0.669	0.657	0.494	0.467	0.678	0.622	0.454	0.466	0.597	0.588	0.476	0.376	0.689	0.578	0.477	0.456	0.693	0.601	0.481	0.461	0.624	0.619	0.474	0.373	0.643	0.644	0.590	0.466	0.668	0.620	0.483	0.470	0.546	0.686	0.493	0.387	0.691	0.705	0.512	0.468	0.753	0.666	0.528	0.568
44:20:02	0.617	0.631	0.485	0.353	0.666	0.691	0.522	0.510	0.730	0.853	0.496	0.624	0.629	0.545	0.460	0.377	0.671	0.592	0.511	0.493	0.655	0.690	0.501	0.507	0.585	0.623	0.477	0.383	0.677	0.639	0.507	0.508	0.650	0.657	0.484	0.496	0.647	0.632	0.460	0.376	0.646	0.590	0.489	0.457	0.628	0.588	0.442	0.464	0.618	0.550	0.473	0.389	0.669	0.656	0.494	0.467	0.678	0.621	0.453	0.467	0.598	0.589	0.474	0.374	0.688	0.577	0.477	0.456	0.692	0.601	0.480	0.462	0.626	0.619	0.474	0.373	0.642	0.643	0.590	0.466	0.668	0.619	0.483	0.470	0.544	0.690	0.493	0.387	0.692	0.706	0.512	0.468	0.749	0.666	0.529	0.572
44:40:02	0.618	0.631	0.484	0.355	0.665	0.689	0.521	0.510	0.729	0.853	0.496	0.628	0.631	0.549	0.462	0.377	0.670	0.590	0.511	0.492	0.655	0.690	0.500	0.506	0.585	0.623	0.478	0.383	0.676	0.638	0.507	0.507	0.649	0.655	0.483	0.495	0.648	0.632	0.465	0.380	0.645	0.590	0.488	0.456	0.627	0.586	0.441	0.463	0.620	0.532	0.474	0.389	0.668	0.654	0.493	0.466	0.678	0.620	0.453	0.465	0.599	0.590	0.479	0.376	0.687	0.575	0.476	0.455	0.690	0.600	0.480	0.461	0.628	0.618	0.476	0.373	0.641	0.643	0.589	0.466	0.667	0.618	0.482	0.470	0.542	0.690	0.494	0.387	0.690	0.705	0.511	0.468	0.745	0.660	0.530	0.574
45:00:02	0.620	0.631	0.484	0.356	0.665	0.688	0.521	0.510	0.728	0.859	0.496	0.631	0.633	0.550	0.463	0.379	0.669	0.588	0.510	0.492	0.654	0.689	0.500	0.506	0.585	0.622	0.479	0.383	0.675	0.637	0.506	0.506	0.647	0.654	0.482	0.495	0.651	0.632	0.466	0.379	0.644	0.588	0.488	0.456	0.626	0.585	0.440	0.463	0.622	0.524	0.475	0.389	0.668	0.653	0.493	0.466	0.677	0.619	0.452	0.467	0.601	0.593	0.479	0.376	0.685	0.574	0.475	0.455	0.689	0.598	0.479	0.461	0.630	0.617	0.477	0.373	0.640	0.642	0.589	0.466	0.666	0.617	0.481	0.470	0.540	0.691	0.495	0.389	0.688	0.704	0.510	0.468	0.745	0.659	0.532	0.578
45:20:02	0.621	0.630	0.486	0.357	0.665	0.686	0.521	0.511	0.730	0.870	0.495	0.634	0.635	0.553	0.463	0.377	0.669	0.587	0.509	0.491	0.654	0.687	0.499	0.505	0.585	0.622	0.480	0.383	0.674	0.636	0.505	0.505	0.645	0.653	0.481	0.494	0.654	0.630	0.466	0.379	0.643	0.587	0.487	0.456	0.625	0.584	0.440	0.462	0.624	0.553	0.476	0.389	0.667	0.651	0.492	0.466	0.673	0.618	0.451	0.467	0.602	0.595	0.480	0.375	0.684	0.573	0.474	0.455	0.688	0.597	0.478	0.461	0.632	0.617	0.476	0.372	0.640	0.642	0.588	0.465	0.665	0.615	0.480	0.471	0.539	0.693	0.494	0.389	0.687	0.704	0.509	0.467	0.741	0.651	0.533	0.581
45:40:02	0.623	0.630	0.484	0.358	0.663	0.685	0.521	0.511	0.735	0.866	0.495	0.638	0.639	0.543	0.463	0.377	0.668	0.586	0.508	0.491	0.653	0.686	0.498	0.505	0.585	0.621	0.480	0.383	0.674	0.635	0.505	0.505	0.643	0.652	0.481	0.494	0.656	0.630	0.468	0.379	0.642	0.586	0.486	0.455	0.624	0.583	0.439	0.462	0.626	0.575	0.477	0.388	0.666	0.650	0.491	0.465	0.668	0.617	0.450	0.468	0.603	0.597	0.481	0.374	0.682	0.571	0.473	0.454	0.683	0.597	0.478	0.461	0.633	0.616	0.477	0.372	0.638	0.640	0.587	0.465	0.664	0.614	0.480	0.471	0.537	0.693	0.494	0.388	0.686	0.705	0.509	0.467	0.741	0.753	0.534	0.584
46:00:02	0.624	0.630	0.484	0.357	0.663	0.684	0.521	0.511	0.734	0.870	0.494	0.641	0.640	0.542	0.464	0.376	0.666	0.584	0.507	0.490	0.653	0.685	0.498	0.503	0.585	0.621	0.481	0.383	0.673	0.633	0.504	0.504	0.641	0.650	0.480	0.493	0.659	0.629	0.469	0.379	0.641	0.585	0.486	0.455	0.623	0.582	0.438	0.461	0.628	0.591	0.477	0.388	0.665	0.649	0.490	0.465	0.666	0.615	0.450	0.467	0.604	0.598	0.481	0.375	0.681	0.570	0.473	0.454	0.689	0.595	0.477	0.460	0.635	0.615	0.477	0.372	0.638	0.640	0.587	0.465	0.664	0.613	0.479	0.472	0.536	0.696	0.495	0.390	0.684	0.703	0.508	0.467	0.754	0.700	0.535	0.588
46:20:02	0.626	0.630	0.485	0.357	0.663	0.683	0.520	0.510	0.730	0.880	0.494	0.645	0.643	0.526	0.464	0.376	0.666	0.583	0.506	0.489	0.652	0.684	0.497	0.502	0.585	0.620	0.482	0.382	0.672	0.632	0.503	0.503	0.639	0.648	0.479	0.492	0.662	0.629	0.469	0.379	0.640	0.584	0.485	0.454	0.622	0.580	0.437	0.461	0.630	0.593	0.478	0.387	0.663	0.648	0.490	0.465	0.664	0.615	0.449	0.466	0.605	0.599	0.481	0.374	0.679	0.569	0.472	0.454	0.691	0.595	0.476	0.460	0.637	0.615	0.478	0.371	0.636	0.639	0.586	0.464	0.663	0.612	0.479	0.472	0.534	0.696	0.495	0.389	0.683	0.704	0.507	0.466	0.748	0.683	0.536	0.590

