Field Group

Plate Comment:	
Procedure Summary
  Plate Type:              Corning 96 well for LogPhase600
  Plate Number:            2
  Discontinuous Kinetics:  Runtime 02:00:00 (D:HH:MM), Interval 00:20:00 (HH:MM:SS), 145 Reads (max)
  Read:                    600 nm
  Incubator:               On
    Temperature setpoint:  30 °C
    Temperature gradient:  On
  Shaking:                 On
     Shaking frequency:    600 RPMs		
			
			

600

Time	A1	A2	A3	A4	A5	A6	A7	A8	A9	A10	A11	A12	B1	B2	B3	B4	B5	B6	B7	B8	B9	B10	B11	B12	C1	C2	C3	C4	C5	C6	C7	C8	C9	C10	C11	C12	D1	D2	D3	D4	D5	D6	D7	D8	D9	D10	D11	D12	E1	E2	E3	E4	E5	E6	E7	E8	E9	E10	E11	E12	F1	F2	F3	F4	F5	F6	F7	F8	F9	F10	F11	F12	G1	G2	G3	G4	G5	G6	G7	G8	G9	G10	G11	G12	H1	H2	H3	H4	H5	H6	H7	H8	H9	H10	H11	H12
0:00:00	0.139	0.132	0.134	0.133	0.138	0.148	0.140	0.141	0.140	0.141	0.144	0.136	0.135	0.135	0.138	0.135	0.144	0.147	0.141	0.140	0.137	0.145	0.141	0.137	0.133	0.137	0.135	0.145	0.149	0.142	0.145	0.143	0.145	0.141	0.138	0.138	0.133	0.139	0.135	0.135	0.139	0.141	0.139	0.144	0.233	0.146	0.139	0.136	0.132	0.135	0.138	0.141	0.145	0.145	0.144	0.146	0.149	0.147	0.144	0.135	0.140	0.136	0.138	0.138	0.143	0.143	0.142	0.139	0.148	0.144	0.140	0.136	0.138	0.136	0.133	0.136	0.143	0.141	0.136	0.140	0.148	0.141	0.138	0.137	0.135	0.138	0.134	0.139	0.141	0.145	0.138	0.137	0.144	0.152	0.138	0.143
0:20:00	0.139	0.132	0.134	0.133	0.138	0.148	0.139	0.141	0.140	0.141	0.144	0.136	0.135	0.135	0.139	0.136	0.144	0.148	0.141	0.140	0.137	0.144	0.141	0.137	0.133	0.137	0.135	0.145	0.150	0.142	0.145	0.143	0.144	0.142	0.138	0.138	0.134	0.140	0.135	0.135	0.139	0.141	0.139	0.144	0.249	0.146	0.139	0.136	0.132	0.136	0.137	0.141	0.145	0.145	0.144	0.146	0.149	0.148	0.144	0.135	0.140	0.136	0.138	0.138	0.143	0.151	0.143	0.139	0.147	0.144	0.140	0.136	0.137	0.136	0.133	0.137	0.143	0.141	0.136	0.140	0.148	0.141	0.139	0.137	0.135	0.138	0.134	0.140	0.141	0.145	0.138	0.138	0.144	0.153	0.138	0.143
0:40:00	0.139	0.133	0.134	0.133	0.139	0.149	0.139	0.141	0.140	0.141	0.144	0.136	0.135	0.135	0.139	0.136	0.145	0.148	0.141	0.140	0.137	0.144	0.142	0.137	0.133	0.139	0.135	0.145	0.150	0.144	0.145	0.143	0.144	0.142	0.138	0.138	0.134	0.140	0.135	0.135	0.139	0.141	0.140	0.144	0.261	0.145	0.139	0.136	0.131	0.135	0.138	0.141	0.146	0.146	0.145	0.146	0.150	0.149	0.144	0.135	0.139	0.137	0.138	0.139	0.143	0.153	0.143	0.139	0.147	0.145	0.140	0.136	0.137	0.136	0.133	0.137	0.144	0.141	0.137	0.140	0.149	0.142	0.139	0.137	0.135	0.137	0.134	0.140	0.142	0.145	0.138	0.138	0.144	0.154	0.139	0.143
1:00:00	0.139	0.133	0.134	0.133	0.141	0.151	0.139	0.142	0.140	0.142	0.144	0.137	0.135	0.137	0.139	0.136	0.147	0.151	0.142	0.140	0.138	0.144	0.142	0.137	0.133	0.140	0.135	0.144	0.152	0.144	0.145	0.144	0.144	0.143	0.139	0.139	0.134	0.139	0.135	0.135	0.140	0.141	0.141	0.143	0.266	0.146	0.141	0.136	0.132	0.135	0.138	0.141	0.147	0.146	0.145	0.147	0.151	0.149	0.144	0.135	0.139	0.137	0.138	0.140	0.146	0.148	0.144	0.139	0.148	0.147	0.140	0.136	0.138	0.135	0.132	0.137	0.144	0.142	0.138	0.140	0.150	0.142	0.139	0.137	0.135	0.138	0.134	0.140	0.144	0.146	0.138	0.138	0.145	0.155	0.140	0.144
1:20:00	0.139	0.133	0.134	0.134	0.141	0.153	0.140	0.142	0.141	0.142	0.146	0.137	0.134	0.134	0.139	0.136	0.149	0.152	0.142	0.141	0.138	0.144	0.143	0.137	0.133	0.141	0.135	0.144	0.151	0.143	0.146	0.143	0.145	0.143	0.139	0.139	0.135	0.140	0.135	0.135	0.140	0.141	0.141	0.144	0.272	0.146	0.141	0.136	0.132	0.136	0.137	0.140	0.149	0.147	0.145	0.146	0.151	0.151	0.145	0.135	0.140	0.138	0.138	0.140	0.146	0.150	0.146	0.140	0.148	0.148	0.142	0.136	0.138	0.136	0.133	0.137	0.145	0.143	0.140	0.140	0.151	0.144	0.140	0.137	0.136	0.137	0.134	0.141	0.144	0.147	0.140	0.138	0.147	0.159	0.141	0.143
1:40:00	0.138	0.133	0.134	0.133	0.141	0.158	0.140	0.142	0.141	0.143	0.147	0.137	0.134	0.135	0.139	0.136	0.150	0.156	0.142	0.141	0.138	0.143	0.144	0.137	0.134	0.141	0.136	0.144	0.152	0.144	0.146	0.143	0.144	0.144	0.141	0.139	0.134	0.140	0.136	0.135	0.141	0.141	0.141	0.144	0.282	0.145	0.142	0.136	0.132	0.135	0.138	0.140	0.150	0.147	0.146	0.147	0.153	0.153	0.146	0.135	0.140	0.137	0.139	0.140	0.147	0.148	0.148	0.140	0.147	0.150	0.142	0.137	0.138	0.136	0.133	0.137	0.146	0.144	0.142	0.141	0.153	0.145	0.142	0.138	0.136	0.137	0.134	0.142	0.147	0.149	0.140	0.139	0.147	0.164	0.143	0.144
2:00:00	0.139	0.133	0.135	0.134	0.143	0.162	0.141	0.144	0.142	0.144	0.149	0.137	0.135	0.136	0.139	0.136	0.152	0.162	0.144	0.141	0.139	0.144	0.147	0.137	0.134	0.140	0.136	0.144	0.152	0.144	0.146	0.144	0.143	0.145	0.143	0.140	0.135	0.140	0.136	0.135	0.142	0.141	0.142	0.144	0.280	0.145	0.144	0.137	0.132	0.135	0.139	0.140	0.152	0.149	0.148	0.147	0.154	0.156	0.147	0.135	0.141	0.137	0.139	0.141	0.150	0.149	0.152	0.141	0.149	0.154	0.143	0.137	0.139	0.136	0.133	0.137	0.147	0.146	0.146	0.142	0.155	0.147	0.144	0.138	0.136	0.138	0.135	0.142	0.149	0.151	0.142	0.140	0.149	0.168	0.147	0.145
2:20:00	0.138	0.132	0.135	0.134	0.147	0.166	0.142	0.144	0.143	0.145	0.153	0.138	0.135	0.134	0.139	0.137	0.153	0.169	0.145	0.142	0.139	0.144	0.150	0.138	0.134	0.140	0.136	0.145	0.154	0.144	0.149	0.144	0.144	0.146	0.146	0.140	0.136	0.141	0.136	0.135	0.144	0.141	0.144	0.145	0.286	0.145	0.147	0.137	0.132	0.135	0.138	0.140	0.155	0.151	0.150	0.148	0.156	0.159	0.149	0.136	0.141	0.137	0.139	0.140	0.152	0.150	0.160	0.141	0.148	0.157	0.146	0.137	0.140	0.136	0.134	0.137	0.150	0.149	0.152	0.143	0.158	0.151	0.148	0.139	0.136	0.137	0.135	0.144	0.152	0.154	0.145	0.141	0.152	0.177	0.153	0.146
2:40:00	0.138	0.133	0.136	0.134	0.150	0.174	0.144	0.145	0.144	0.146	0.159	0.138	0.135	0.135	0.140	0.137	0.156	0.176	0.147	0.143	0.140	0.144	0.156	0.138	0.135	0.141	0.137	0.145	0.154	0.145	0.152	0.145	0.145	0.149	0.151	0.140	0.136	0.140	0.137	0.136	0.145	0.142	0.147	0.146	0.287	0.145	0.152	0.138	0.133	0.136	0.139	0.141	0.160	0.154	0.154	0.148	0.159	0.164	0.153	0.136	0.141	0.137	0.140	0.141	0.155	0.155	0.173	0.142	0.149	0.162	0.150	0.138	0.140	0.136	0.134	0.137	0.153	0.153	0.162	0.144	0.161	0.155	0.155	0.140	0.136	0.137	0.136	0.145	0.155	0.157	0.150	0.142	0.155	0.182	0.161	0.147
3:00:00	0.139	0.133	0.138	0.134	0.157	0.182	0.147	0.147	0.146	0.149	0.166	0.140	0.135	0.136	0.141	0.137	0.161	0.181	0.152	0.144	0.142	0.145	0.164	0.139	0.134	0.141	0.137	0.145	0.159	0.146	0.156	0.147	0.145	0.152	0.159	0.142	0.137	0.139	0.138	0.136	0.147	0.143	0.153	0.147	0.279	0.146	0.161	0.138	0.133	0.135	0.141	0.141	0.166	0.157	0.160	0.149	0.163	0.171	0.158	0.137	0.142	0.137	0.141	0.142	0.162	0.153	0.187	0.143	0.152	0.169	0.157	0.139	0.140	0.135	0.135	0.138	0.157	0.155	0.175	0.145	0.166	0.159	0.164	0.141	0.137	0.138	0.137	0.146	0.159	0.162	0.158	0.144	0.160	0.189	0.172	0.149
3:20:00	0.139	0.133	0.139	0.134	0.167	0.188	0.152	0.148	0.148	0.151	0.177	0.140	0.135	0.136	0.141	0.137	0.169	0.191	0.158	0.146	0.141	0.146	0.175	0.140	0.135	0.140	0.138	0.145	0.158	0.146	0.163	0.148	0.146	0.155	0.169	0.142	0.137	0.139	0.139	0.136	0.149	0.144	0.162	0.149	0.281	0.147	0.170	0.139	0.136	0.136	0.141	0.141	0.168	0.161	0.170	0.150	0.168	0.174	0.167	0.138	0.143	0.137	0.141	0.142	0.166	0.155	0.211	0.145	0.153	0.173	0.166	0.140	0.141	0.137	0.136	0.138	0.164	0.161	0.192	0.147	0.172	0.167	0.175	0.143	0.137	0.137	0.138	0.148	0.165	0.169	0.170	0.147	0.165	0.203	0.179	0.150
3:40:00	0.139	0.133	0.141	0.134	0.172	0.202	0.160	0.150	0.150	0.154	0.184	0.142	0.135	0.136	0.142	0.138	0.177	0.205	0.167	0.149	0.143	0.147	0.182	0.141	0.135	0.141	0.140	0.145	0.161	0.148	0.173	0.150	0.147	0.159	0.176	0.144	0.136	0.139	0.140	0.136	0.153	0.145	0.175	0.151	0.274	0.147	0.180	0.140	0.136	0.136	0.142	0.146	0.172	0.167	0.182	0.152	0.174	0.177	0.177	0.140	0.142	0.137	0.142	0.142	0.169	0.160	0.232	0.148	0.155	0.173	0.177	0.141	0.142	0.137	0.137	0.138	0.168	0.168	0.216	0.150	0.175	0.172	0.182	0.145	0.137	0.137	0.140	0.149	0.170	0.178	0.183	0.150	0.171	0.216	0.184	0.153
4:00:00	0.138	0.133	0.143	0.134	0.191	0.214	0.172	0.153	0.154	0.158	0.189	0.144	0.135	0.135	0.143	0.138	0.190	0.218	0.180	0.152	0.144	0.148	0.187	0.142	0.135	0.142	0.141	0.145	0.170	0.149	0.185	0.153	0.149	0.167	0.181	0.146	0.140	0.139	0.142	0.137	0.159	0.146	0.188	0.154	0.261	0.149	0.186	0.142	0.136	0.136	0.144	0.145	0.193	0.170	0.201	0.156	0.175	0.186	0.186	0.142	0.145	0.137	0.144	0.143	0.189	0.160	0.259	0.151	0.159	0.183	0.183	0.144	0.141	0.137	0.138	0.139	0.178	0.172	0.237	0.153	0.179	0.177	0.188	0.148	0.136	0.137	0.141	0.151	0.176	0.180	0.206	0.154	0.175	0.227	0.189	0.156
4:20:00	0.138	0.133	0.145	0.134	0.211	0.231	0.186	0.156	0.158	0.165	0.194	0.147	0.135	0.136	0.145	0.138	0.212	0.233	0.192	0.156	0.147	0.149	0.193	0.145	0.136	0.143	0.144	0.146	0.175	0.151	0.202	0.156	0.150	0.172	0.185	0.149	0.139	0.140	0.145	0.137	0.162	0.147	0.211	0.159	0.221	0.149	0.191	0.144	0.138	0.136	0.147	0.146	0.211	0.172	0.232	0.160	0.179	0.197	0.192	0.144	0.145	0.136	0.146	0.143	0.208	0.161	0.287	0.156	0.165	0.199	0.189	0.147	0.144	0.138	0.141	0.139	0.199	0.182	0.262	0.158	0.194	0.191	0.192	0.152	0.137	0.138	0.144	0.153	0.195	0.187	0.231	0.160	0.185	0.239	0.195	0.161
4:40:00	0.138	0.133	0.149	0.134	0.229	0.237	0.208	0.161	0.165	0.171	0.200	0.151	0.135	0.136	0.147	0.138	0.227	0.251	0.211	0.162	0.148	0.151	0.199	0.148	0.137	0.143	0.146	0.146	0.180	0.152	0.228	0.162	0.152	0.178	0.190	0.153	0.137	0.140	0.148	0.137	0.165	0.150	0.234	0.167	0.180	0.153	0.198	0.147	0.139	0.136	0.150	0.147	0.228	0.180	0.255	0.167	0.184	0.217	0.197	0.148	0.144	0.137	0.149	0.144	0.227	0.159	0.321	0.163	0.167	0.216	0.195	0.151	0.144	0.138	0.143	0.140	0.218	0.196	0.291	0.164	0.207	0.210	0.198	0.157	0.136	0.138	0.148	0.155	0.213	0.197	0.256	0.168	0.197	0.260	0.201	0.166
5:00:00	0.138	0.134	0.153	0.135	0.251	0.255	0.235	0.168	0.171	0.182	0.207	0.156	0.136	0.136	0.151	0.139	0.247	0.274	0.243	0.170	0.154	0.154	0.206	0.151	0.137	0.143	0.150	0.146	0.203	0.158	0.248	0.170	0.157	0.194	0.195	0.157	0.141	0.140	0.152	0.138	0.189	0.157	0.258	0.178	0.162	0.156	0.205	0.151	0.141	0.137	0.155	0.148	0.251	0.199	0.286	0.179	0.204	0.232	0.204	0.153	0.146	0.138	0.152	0.144	0.249	0.162	0.349	0.173	0.169	0.235	0.203	0.157	0.145	0.139	0.147	0.140	0.236	0.212	0.325	0.172	0.225	0.218	0.204	0.166	0.137	0.138	0.153	0.157	0.235	0.211	0.283	0.178	0.212	0.279	0.207	0.175
5:20:00	0.138	0.134	0.159	0.135	0.276	0.271	0.263	0.176	0.178	0.185	0.212	0.163	0.137	0.135	0.155	0.139	0.274	0.299	0.270	0.181	0.162	0.164	0.214	0.156	0.140	0.144	0.155	0.146	0.210	0.165	0.276	0.181	0.164	0.209	0.199	0.164	0.142	0.140	0.157	0.138	0.208	0.161	0.286	0.193	0.165	0.164	0.213	0.157	0.142	0.137	0.160	0.147	0.275	0.213	0.311	0.198	0.220	0.254	0.211	0.161	0.148	0.138	0.156	0.145	0.270	0.165	0.363	0.187	0.172	0.249	0.211	0.165	0.147	0.139	0.151	0.140	0.261	0.227	0.352	0.183	0.244	0.237	0.211	0.177	0.138	0.138	0.159	0.159	0.258	0.226	0.315	0.190	0.227	0.298	0.212	0.185
5:40:00	0.138	0.134	0.165	0.135	0.304	0.290	0.294	0.186	0.191	0.198	0.217	0.171	0.138	0.136	0.160	0.139	0.300	0.327	0.297	0.193	0.167	0.177	0.221	0.163	0.137	0.144	0.161	0.147	0.230	0.173	0.306	0.195	0.170	0.225	0.204	0.173	0.143	0.141	0.163	0.138	0.221	0.163	0.317	0.212	0.166	0.166	0.219	0.164	0.143	0.137	0.167	0.147	0.296	0.231	0.343	0.227	0.241	0.271	0.219	0.171	0.147	0.139	0.162	0.146	0.289	0.169	0.375	0.207	0.179	0.270	0.221	0.177	0.149	0.140	0.157	0.141	0.285	0.246	0.367	0.196	0.263	0.253	0.217	0.193	0.139	0.138	0.166	0.161	0.284	0.248	0.345	0.207	0.246	0.324	0.215	0.198
6:00:00	0.138	0.135	0.171	0.135	0.332	0.335	0.324	0.200	0.204	0.213	0.220	0.181	0.138	0.137	0.166	0.139	0.316	0.354	0.327	0.210	0.173	0.181	0.226	0.172	0.140	0.144	0.168	0.147	0.263	0.177	0.336	0.211	0.174	0.238	0.208	0.186	0.145	0.141	0.171	0.138	0.243	0.179	0.342	0.237	0.170	0.171	0.224	0.174	0.144	0.138	0.175	0.148	0.322	0.250	0.361	0.264	0.257	0.293	0.226	0.186	0.149	0.139	0.168	0.146	0.310	0.167	0.384	0.236	0.216	0.293	0.231	0.193	0.148	0.140	0.164	0.141	0.306	0.269	0.378	0.213	0.283	0.272	0.223	0.214	0.139	0.139	0.174	0.163	0.313	0.266	0.360	0.227	0.268	0.345	0.217	0.216
6:20:00	0.139	0.134	0.178	0.135	0.356	0.381	0.354	0.218	0.220	0.228	0.221	0.194	0.140	0.138	0.174	0.139	0.335	0.381	0.354	0.231	0.187	0.187	0.229	0.182	0.142	0.145	0.176	0.147	0.276	0.192	0.355	0.236	0.192	0.264	0.209	0.202	0.143	0.141	0.179	0.138	0.269	0.199	0.352	0.262	0.197	0.188	0.231	0.186	0.143	0.138	0.184	0.149	0.349	0.267	0.371	0.298	0.278	0.319	0.232	0.205	0.151	0.140	0.176	0.147	0.343	0.148	0.393	0.257	0.226	0.315	0.235	0.214	0.151	0.140	0.172	0.142	0.330	0.293	0.390	0.232	0.302	0.290	0.226	0.240	0.141	0.140	0.182	0.165	0.342	0.322	0.370	0.248	0.290	0.365	0.220	0.237
6:40:00	0.139	0.135	0.184	0.135	0.366	0.410	0.367	0.236	0.235	0.244	0.223	0.210	0.139	0.138	0.181	0.140	0.358	0.402	0.365	0.252	0.205	0.205	0.235	0.195	0.143	0.145	0.183	0.147	0.301	0.205	0.367	0.252	0.210	0.282	0.212	0.216	0.145	0.142	0.185	0.139	0.304	0.211	0.361	0.281	0.209	0.203	0.232	0.200	0.144	0.139	0.191	0.148	0.378	0.291	0.383	0.330	0.298	0.343	0.237	0.229	0.152	0.141	0.183	0.147	0.377	0.151	0.403	0.283	0.240	0.337	0.243	0.243	0.152	0.141	0.180	0.142	0.352	0.317	0.401	0.252	0.317	0.314	0.235	0.273	0.142	0.140	0.189	0.167	0.370	0.342	0.378	0.268	0.310	0.394	0.224	0.261
7:00:00	0.139	0.136	0.189	0.136	0.725	0.432	0.376	0.256	0.253	0.263	0.227	0.230	0.140	0.140	0.189	0.140	0.397	0.417	0.374	0.273	0.221	0.224	0.242	0.213	0.146	0.146	0.190	0.148	0.330	0.223	0.378	0.268	0.224	0.305	0.218	0.234	0.149	0.144	0.191	0.139	0.333	0.219	0.368	0.299	0.234	0.217	0.241	0.219	0.147	0.140	0.197	0.150	0.411	0.313	0.391	0.344	0.323	0.368	0.245	0.254	0.153	0.142	0.189	0.148	0.668	0.159	0.411	0.301	0.252	0.362	0.248	0.277	0.153	0.142	0.188	0.142	0.379	0.336	0.411	0.276	0.340	0.337	0.246	0.300	0.144	0.140	0.194	0.169	0.397	0.366	0.388	0.292	0.336	0.419	0.226	0.279
7:20:00	0.140	0.136	0.194	0.136	0.656	0.434	0.379	0.273	0.276	0.285	0.228	0.247	0.141	0.141	0.195	0.141	0.437	0.743	0.378	0.299	0.239	0.237	0.244	0.232	0.148	0.148	0.196	0.148	0.361	0.234	0.385	0.300	0.241	0.328	0.223	0.248	0.149	0.146	0.197	0.140	0.360	0.247	0.378	0.320	0.240	0.236	0.245	0.234	0.149	0.141	0.203	0.150	0.431	0.336	0.394	0.358	0.352	0.395	0.250	0.269	0.155	0.142	0.195	0.149	0.698	0.162	0.414	0.326	0.272	0.389	0.255	0.296	0.154	0.144	0.194	0.143	0.407	0.354	0.419	0.302	0.370	0.361	0.256	0.322	0.146	0.142	0.200	0.172	0.434	0.393	0.397	0.317	0.363	0.642	0.234	0.306
7:40:00	0.141	0.137	0.197	0.136	0.566	0.778	0.385	0.297	0.300	0.314	0.231	0.265	0.144	0.142	0.201	0.141	0.459	0.709	0.385	0.317	0.261	0.258	0.248	0.251	0.148	0.150	0.201	0.149	0.392	0.259	0.396	0.318	0.250	0.353	0.231	0.264	0.150	0.148	0.202	0.140	0.384	0.260	0.389	0.328	0.262	0.259	0.250	0.249	0.151	0.143	0.208	0.150	0.509	0.362	0.401	0.364	0.380	0.421	0.256	0.283	0.157	0.143	0.201	0.150	0.617	0.168	0.419	0.350	0.294	0.415	0.260	0.317	0.156	0.145	0.201	0.144	0.438	0.378	0.428	0.319	0.554	0.385	0.271	0.338	0.148	0.143	0.205	0.174	0.464	0.420	0.412	0.329	0.394	0.616	0.242	0.329
8:00:00	0.142	0.138	0.202	0.136	0.555	0.715	0.388	0.313	0.323	0.346	0.235	0.288	0.148	0.143	0.205	0.142	0.472	0.656	0.391	0.330	0.282	0.285	0.253	0.268	0.148	0.153	0.206	0.149	0.437	0.275	0.405	0.330	0.263	0.376	0.239	0.285	0.151	0.152	0.208	0.141	0.739	0.277	0.398	0.337	0.276	0.282	0.256	0.265	0.154	0.146	0.212	0.151	0.551	0.388	0.409	0.370	0.410	0.453	0.261	0.298	0.159	0.146	0.205	0.151	0.571	0.190	0.426	0.361	0.321	0.444	0.264	0.329	0.158	0.146	0.206	0.145	0.510	0.405	0.435	0.333	0.648	0.409	0.286	0.352	0.151	0.144	0.209	0.177	0.510	0.448	0.424	0.344	0.615	0.596	0.252	0.353
8:20:00	0.144	0.140	0.206	0.137	0.560	0.613	0.397	0.325	0.354	0.379	0.240	0.306	0.151	0.145	0.210	0.142	0.690	0.602	0.400	0.339	0.300	0.312	0.257	0.293	0.150	0.156	0.211	0.150	0.463	0.297	0.413	0.342	0.279	0.394	0.248	0.306	0.153	0.153	0.215	0.141	0.714	0.302	0.405	0.345	0.300	0.298	0.266	0.287	0.155	0.150	0.217	0.152	0.608	0.415	0.416	0.371	0.434	0.472	0.262	0.317	0.161	0.150	0.210	0.152	0.575	0.187	0.432	0.371	0.351	0.478	0.264	0.341	0.159	0.148	0.212	0.146	0.575	0.428	0.441	0.345	0.573	0.578	0.292	0.365	0.154	0.146	0.213	0.180	0.558	0.478	0.434	0.347	0.572	0.590	0.261	0.363
8:40:00	0.146	0.141	0.211	0.137	0.569	0.624	0.401	0.333	0.372	0.409	0.247	0.317	0.153	0.149	0.214	0.143	0.827	0.603	0.408	0.344	0.329	0.340	0.263	0.307	0.151	0.156	0.214	0.150	0.523	0.324	0.422	0.344	0.303	0.415	0.258	0.322	0.155	0.154	0.220	0.142	0.607	0.333	0.411	0.351	0.329	0.323	0.273	0.304	0.157	0.151	0.221	0.153	0.661	0.444	0.422	0.383	0.467	0.514	0.266	0.327	0.162	0.152	0.214	0.153	0.578	0.197	0.437	0.372	0.378	0.509	0.269	0.351	0.160	0.151	0.216	0.146	0.601	0.683	0.446	0.351	0.552	0.672	0.295	0.377	0.158	0.148	0.217	0.183	0.622	0.504	0.444	0.351	0.568	0.596	0.271	0.372
9:00:00	0.152	0.143	0.215	0.137	0.580	0.623	0.402	0.333	0.615	0.429	0.254	0.324	0.153	0.150	0.216	0.144	0.781	0.612	0.415	0.346	0.356	0.371	0.267	0.322	0.153	0.157	0.218	0.150	0.547	0.351	0.432	0.345	0.330	0.751	0.265	0.334	0.156	0.156	0.223	0.142	0.566	0.361	0.417	0.354	0.355	0.350	0.276	0.321	0.160	0.153	0.225	0.154	0.709	0.473	0.428	0.381	0.523	0.547	0.276	0.342	0.164	0.152	0.216	0.154	0.584	0.212	0.442	0.379	0.405	0.544	0.279	0.366	0.162	0.155	0.219	0.147	0.647	0.657	0.448	0.360	0.551	0.613	0.300	0.385	0.159	0.151	0.221	0.187	0.657	0.534	0.451	0.360	0.556	0.602	0.281	0.382
9:20:00	0.153	0.147	0.219	0.137	0.590	0.633	0.408	0.342	0.681	0.430	0.263	0.331	0.156	0.150	0.220	0.144	0.716	0.619	0.425	0.348	0.384	0.399	0.273	0.333	0.156	0.158	0.222	0.151	0.596	0.377	0.439	0.352	0.357	0.714	0.272	0.342	0.158	0.159	0.226	0.144	0.568	0.385	0.425	0.359	0.383	0.376	0.284	0.336	0.167	0.154	0.230	0.154	0.725	0.504	0.433	0.381	0.569	0.598	0.284	0.353	0.168	0.154	0.219	0.155	0.587	0.231	0.448	0.378	0.423	0.600	0.284	0.376	0.169	0.157	0.225	0.148	0.678	0.622	0.452	0.364	0.557	0.592	0.301	0.393	0.162	0.153	0.225	0.190	0.701	0.566	0.451	0.365	0.564	0.608	0.288	0.389
9:40:00	0.155	0.148	0.223	0.137	0.597	0.639	0.410	0.345	0.542	0.748	0.267	0.333	0.157	0.151	0.223	0.145	0.699	0.626	0.428	0.358	0.713	0.420	0.276	0.336	0.156	0.161	0.226	0.151	0.648	0.407	0.445	0.353	0.390	0.591	0.277	0.346	0.160	0.164	0.226	0.146	0.574	0.405	0.429	0.358	0.411	0.403	0.287	0.339	0.180	0.156	0.236	0.155	0.761	0.534	0.439	0.385	0.619	0.657	0.288	0.359	0.177	0.155	0.223	0.157	0.593	0.248	0.452	0.381	0.476	0.652	0.294	0.380	0.181	0.159	0.230	0.150	0.718	0.605	0.457	0.371	0.564	0.590	0.305	0.398	0.167	0.156	0.229	0.195	0.746	0.613	0.460	0.368	0.570	0.615	0.303	0.396
10:00:00	0.159	0.149	0.227	0.138	0.607	0.645	0.414	0.349	0.547	0.691	0.273	0.337	0.157	0.153	0.227	0.147	0.700	0.633	0.435	0.359	0.556	0.432	0.282	0.339	0.157	0.166	0.229	0.152	0.683	0.438	0.451	0.358	0.418	0.594	0.284	0.352	0.168	0.174	0.236	0.147	0.581	0.708	0.437	0.364	0.446	0.436	0.298	0.347	0.184	0.162	0.244	0.157	0.760	0.581	0.444	0.388	0.667	0.703	0.293	0.366	0.191	0.159	0.227	0.159	0.600	0.270	0.458	0.386	0.515	0.716	0.297	0.387	0.187	0.164	0.235	0.151	0.730	0.608	0.461	0.371	0.569	0.596	0.311	0.401	0.176	0.160	0.232	0.199	0.754	0.666	0.462	0.369	0.576	0.622	0.314	0.398
10:20:00	0.159	0.150	0.231	0.138	0.614	0.651	0.417	0.349	0.550	0.606	0.281	0.339	0.158	0.158	0.230	0.148	0.703	0.638	0.437	0.361	0.556	0.771	0.287	0.342	0.160	0.172	0.233	0.153	0.707	0.477	0.456	0.361	0.471	0.593	0.294	0.354	0.182	0.180	0.249	0.148	0.590	0.685	0.446	0.367	0.503	0.467	0.311	0.352	0.188	0.173	0.251	0.159	0.744	0.640	0.449	0.392	0.714	0.738	0.308	0.370	0.194	0.166	0.232	0.160	0.609	0.293	0.463	0.389	0.565	0.752	0.312	0.392	0.191	0.174	0.239	0.153	0.744	0.617	0.465	0.376	0.572	0.603	0.331	0.406	0.187	0.164	0.237	0.203	0.752	0.711	0.467	0.372	0.582	0.628	0.331	0.404
10:40:00	0.160	0.152	0.235	0.138	0.621	0.658	0.418	0.343	0.559	0.603	0.289	0.338	0.162	0.170	0.236	0.149	0.713	0.645	0.440	0.354	0.546	0.729	0.294	0.345	0.168	0.180	0.238	0.154	0.745	0.511	0.460	0.366	0.521	0.599	0.304	0.357	0.185	0.185	0.260	0.149	0.600	0.628	0.449	0.369	0.534	0.498	0.324	0.357	0.192	0.185	0.260	0.159	0.745	0.678	0.454	0.396	0.749	0.767	0.327	0.373	0.197	0.176	0.236	0.162	0.616	0.317	0.469	0.390	0.612	0.777	0.332	0.396	0.196	0.187	0.243	0.154	0.760	0.625	0.468	0.381	0.581	0.608	0.346	0.410	0.192	0.169	0.240	0.206	0.747	0.758	0.471	0.374	0.590	0.636	0.345	0.410
11:00:00	0.164	0.156	0.240	0.139	0.631	0.664	0.420	0.347	0.567	0.606	0.299	0.338	0.169	0.182	0.241	0.150	0.731	0.652	0.443	0.356	0.556	0.685	0.302	0.348	0.180	0.188	0.243	0.155	0.758	0.535	0.466	0.370	0.560	0.608	0.315	0.360	0.188	0.190	0.266	0.150	0.609	0.596	0.453	0.372	0.580	0.529	0.335	0.361	0.196	0.190	0.263	0.162	0.753	0.731	0.459	0.398	0.760	0.756	0.348	0.377	0.201	0.186	0.241	0.165	0.622	0.346	0.473	0.391	0.653	0.774	0.349	0.402	0.200	0.193	0.247	0.156	0.741	0.633	0.472	0.384	0.589	0.615	0.358	0.414	0.197	0.176	0.244	0.210	0.746	0.780	0.476	0.374	0.601	0.641	0.358	0.416
11:20:00	0.172	0.165	0.245	0.139	0.644	0.669	0.423	0.346	0.576	0.615	0.309	0.338	0.179	0.186	0.246	0.151	0.735	0.658	0.446	0.358	0.564	0.631	0.310	0.349	0.184	0.193	0.248	0.156	0.745	0.561	0.471	0.374	0.606	0.615	0.325	0.361	0.191	0.194	0.267	0.151	0.617	0.588	0.458	0.375	0.624	0.569	0.346	0.367	0.201	0.194	0.265	0.162	0.764	0.762	0.464	0.401	0.753	0.751	0.365	0.383	0.205	0.192	0.247	0.167	0.629	0.372	0.476	0.393	0.688	0.773	0.363	0.407	0.205	0.198	0.251	0.158	0.740	0.640	0.479	0.387	0.597	0.623	0.367	0.419	0.201	0.185	0.248	0.214	0.749	0.793	0.480	0.375	0.612	0.647	0.370	0.419
11:40:00	0.182	0.182	0.250	0.140	0.660	0.677	0.425	0.346	0.584	0.622	0.321	0.338	0.185	0.190	0.253	0.153	0.744	0.664	0.448	0.360	0.572	0.629	0.320	0.351	0.188	0.198	0.255	0.157	0.751	0.629	0.476	0.378	0.653	0.624	0.335	0.365	0.195	0.198	0.267	0.152	0.623	0.594	0.464	0.376	0.670	0.626	0.355	0.373	0.206	0.198	0.269	0.164	0.777	0.769	0.469	0.402	0.756	0.741	0.381	0.388	0.210	0.196	0.253	0.169	0.634	0.404	0.480	0.390	0.716	0.767	0.373	0.412	0.210	0.203	0.256	0.160	0.738	0.647	0.483	0.388	0.604	0.630	0.375	0.422	0.205	0.197	0.253	0.221	0.758	0.773	0.484	0.376	0.621	0.653	0.380	0.424
12:00:00	0.191	0.189	0.255	0.140	0.673	0.685	0.427	0.347	0.592	0.630	0.332	0.339	0.193	0.195	0.260	0.154	0.752	0.668	0.451	0.360	0.579	0.640	0.330	0.352	0.192	0.204	0.261	0.159	0.755	0.683	0.482	0.381	0.685	0.633	0.343	0.370	0.200	0.202	0.269	0.153	0.629	0.602	0.468	0.382	0.720	0.677	0.364	0.378	0.213	0.203	0.279	0.167	0.774	0.759	0.472	0.403	0.772	0.757	0.391	0.397	0.215	0.200	0.258	0.172	0.638	0.432	0.483	0.393	0.731	0.765	0.381	0.418	0.216	0.207	0.261	0.162	0.750	0.653	0.485	0.391	0.614	0.639	0.384	0.425	0.209	0.204	0.258	0.227	0.769	0.779	0.489	0.376	0.629	0.658	0.390	0.430
12:20:00	0.200	0.192	0.259	0.141	0.686	0.694	0.429	0.346	0.599	0.637	0.344	0.340	0.199	0.200	0.267	0.155	0.757	0.673	0.453	0.361	0.587	0.649	0.339	0.355	0.196	0.209	0.269	0.160	0.764	0.716	0.487	0.385	0.734	0.641	0.352	0.376	0.204	0.206	0.272	0.155	0.635	0.610	0.473	0.381	0.726	0.721	0.374	0.382	0.220	0.207	0.294	0.168	0.764	0.759	0.476	0.401	0.772	0.746	0.399	0.403	0.221	0.204	0.264	0.175	0.642	0.466	0.485	0.393	0.713	0.760	0.389	0.423	0.221	0.211	0.265	0.164	0.754	0.659	0.488	0.393	0.621	0.645	0.392	0.429	0.214	0.210	0.263	0.232	0.769	0.783	0.493	0.376	0.635	0.665	0.398	0.433
12:40:00	0.208	0.196	0.264	0.142	0.697	0.706	0.431	0.346	0.605	0.642	0.355	0.341	0.204	0.206	0.275	0.157	0.765	0.677	0.455	0.361	0.596	0.660	0.348	0.358	0.200	0.214	0.277	0.162	0.773	0.756	0.492	0.389	0.744	0.650	0.361	0.380	0.210	0.210	0.276	0.156	0.641	0.617	0.478	0.383	0.749	0.751	0.382	0.387	0.227	0.211	0.305	0.170	0.784	0.766	0.480	0.402	0.765	0.756	0.407	0.408	0.227	0.208	0.269	0.178	0.646	0.494	0.488	0.394	0.728	0.763	0.395	0.427	0.227	0.215	0.270	0.167	0.748	0.664	0.490	0.394	0.628	0.651	0.399	0.431	0.219	0.214	0.268	0.237	0.766	0.795	0.497	0.376	0.642	0.672	0.405	0.437
13:00:00	0.215	0.200	0.270	0.143	0.709	0.717	0.433	0.346	0.613	0.649	0.365	0.342	0.210	0.213	0.282	0.159	0.770	0.684	0.458	0.362	0.604	0.667	0.357	0.361	0.205	0.218	0.285	0.164	0.770	0.761	0.497	0.393	0.734	0.656	0.371	0.385	0.217	0.214	0.282	0.158	0.647	0.626	0.483	0.383	0.736	0.755	0.388	0.393	0.235	0.216	0.310	0.172	0.761	0.755	0.484	0.404	0.771	0.765	0.415	0.413	0.235	0.212	0.275	0.181	0.650	0.529	0.492	0.391	0.743	0.767	0.401	0.430	0.232	0.220	0.275	0.169	0.741	0.670	0.492	0.396	0.635	0.657	0.406	0.434	0.225	0.219	0.272	0.241	0.778	0.810	0.500	0.377	0.652	0.680	0.412	0.442
13:20:00	0.224	0.204	0.276	0.144	0.721	0.726	0.438	0.347	0.626	0.656	0.376	0.344	0.216	0.221	0.291	0.161	0.771	0.691	0.463	0.364	0.610	0.673	0.364	0.364	0.210	0.222	0.293	0.166	0.779	0.748	0.502	0.399	0.740	0.663	0.379	0.390	0.224	0.219	0.289	0.160	0.652	0.637	0.485	0.389	0.752	0.749	0.394	0.398	0.241	0.220	0.317	0.176	0.769	0.769	0.487	0.406	0.763	0.759	0.421	0.416	0.243	0.218	0.281	0.184	0.654	0.554	0.494	0.394	0.749	0.776	0.406	0.432	0.237	0.225	0.279	0.172	0.756	0.674	0.497	0.398	0.642	0.663	0.412	0.437	0.231	0.225	0.277	0.243	0.785	0.800	0.502	0.376	0.664	0.689	0.419	0.446
13:40:00	0.230	0.209	0.282	0.145	0.730	0.733	0.440	0.349	0.643	0.662	0.383	0.345	0.221	0.227	0.296	0.163	0.776	0.699	0.465	0.365	0.617	0.679	0.370	0.367	0.216	0.225	0.300	0.168	0.782	0.753	0.506	0.402	0.748	0.670	0.386	0.395	0.231	0.222	0.296	0.161	0.656	0.644	0.488	0.391	0.761	0.734	0.398	0.402	0.247	0.224	0.324	0.179	0.772	0.771	0.490	0.408	0.775	0.766	0.426	0.421	0.249	0.223	0.286	0.187	0.657	0.590	0.496	0.392	0.748	0.793	0.412	0.436	0.245	0.229	0.284	0.175	0.769	0.676	0.499	0.398	0.646	0.669	0.419	0.440	0.237	0.230	0.284	0.247	0.792	0.801	0.504	0.377	0.673	0.694	0.426	0.450
14:00:00	0.234	0.212	0.288	0.146	0.738	0.739	0.445	0.350	0.658	0.672	0.392	0.348	0.223	0.232	0.301	0.165	0.782	0.706	0.469	0.365	0.623	0.682	0.380	0.372	0.222	0.237	0.305	0.170	0.789	0.760	0.509	0.405	0.751	0.673	0.393	0.401	0.237	0.226	0.301	0.163	0.657	0.651	0.491	0.393	0.761	0.754	0.403	0.408	0.255	0.229	0.332	0.182	0.796	0.781	0.492	0.408	0.788	0.780	0.432	0.425	0.256	0.228	0.291	0.190	0.659	0.631	0.498	0.392	0.749	0.829	0.418	0.439	0.249	0.234	0.289	0.178	0.760	0.678	0.499	0.399	0.650	0.673	0.424	0.443	0.244	0.233	0.288	0.249	0.783	0.819	0.502	0.374	0.681	0.697	0.430	0.452
14:20:00	0.240	0.216	0.293	0.147	0.741	0.745	0.443	0.349	0.672	0.682	0.396	0.347	0.233	0.240	0.306	0.167	0.780	0.712	0.467	0.363	0.629	0.687	0.382	0.371	0.226	0.241	0.311	0.172	0.798	0.755	0.510	0.407	0.750	0.676	0.399	0.402	0.243	0.226	0.307	0.165	0.660	0.658	0.492	0.396	0.759	0.759	0.408	0.409	0.262	0.230	0.337	0.183	0.814	0.781	0.495	0.411	0.797	0.808	0.438	0.425	0.263	0.229	0.298	0.194	0.663	0.683	0.498	0.395	0.745	0.849	0.422	0.441	0.257	0.236	0.294	0.182	0.761	0.681	0.502	0.401	0.656	0.678	0.431	0.446	0.246	0.234	0.293	0.253	0.778	0.832	0.507	0.380	0.689	0.703	0.440	0.457
14:40:00	0.246	0.220	0.298	0.148	0.742	0.751	0.444	0.350	0.686	0.691	0.403	0.348	0.242	0.247	0.312	0.169	0.784	0.718	0.468	0.364	0.640	0.689	0.388	0.374	0.232	0.241	0.317	0.175	0.808	0.774	0.513	0.410	0.753	0.680	0.405	0.407	0.250	0.228	0.313	0.167	0.665	0.662	0.495	0.395	0.755	0.759	0.413	0.413	0.270	0.232	0.345	0.186	0.824	0.785	0.496	0.412	0.807	0.831	0.444	0.428	0.269	0.232	0.303	0.198	0.667	0.724	0.499	0.395	0.743	0.852	0.428	0.443	0.266	0.240	0.300	0.186	0.767	0.683	0.504	0.403	0.663	0.684	0.438	0.449	0.250	0.238	0.298	0.256	0.770	0.842	0.508	0.381	0.696	0.706	0.447	0.460
15:00:00	0.251	0.225	0.303	0.149	0.742	0.753	0.446	0.351	0.698	0.701	0.410	0.349	0.249	0.254	0.316	0.172	0.788	0.720	0.468	0.365	0.651	0.690	0.394	0.377	0.237	0.228	0.323	0.178	0.812	0.777	0.514	0.412	0.769	0.683	0.411	0.411	0.256	0.235	0.318	0.169	0.668	0.667	0.497	0.396	0.754	0.766	0.419	0.416	0.280	0.238	0.352	0.190	0.834	0.797	0.498	0.413	0.813	0.835	0.450	0.431	0.278	0.235	0.308	0.201	0.672	0.733	0.501	0.399	0.752	0.855	0.433	0.445	0.271	0.242	0.305	0.189	0.782	0.686	0.503	0.404	0.669	0.689	0.444	0.452	0.248	0.240	0.303	0.260	0.753	0.839	0.509	0.382	0.702	0.708	0.452	0.463
15:20:00	0.255	0.230	0.306	0.150	0.744	0.754	0.447	0.353	0.708	0.708	0.418	0.351	0.257	0.260	0.320	0.175	0.788	0.725	0.470	0.365	0.662	0.691	0.401	0.379	0.244	0.229	0.327	0.181	0.813	0.778	0.516	0.414	0.758	0.687	0.417	0.414	0.266	0.240	0.323	0.172	0.674	0.673	0.499	0.399	0.761	0.759	0.424	0.420	0.290	0.239	0.360	0.193	0.835	0.807	0.501	0.415	0.832	0.848	0.457	0.434	0.288	0.240	0.314	0.205	0.678	0.738	0.500	0.395	0.768	0.858	0.438	0.447	0.281	0.247	0.310	0.193	0.782	0.688	0.507	0.406	0.674	0.693	0.450	0.454	0.255	0.239	0.309	0.263	0.762	0.827	0.511	0.383	0.706	0.711	0.459	0.465
15:40:00	0.259	0.236	0.311	0.151	0.747	0.753	0.448	0.354	0.718	0.716	0.426	0.353	0.269	0.267	0.324	0.177	0.785	0.728	0.471	0.367	0.673	0.692	0.406	0.381	0.253	0.232	0.331	0.184	0.810	0.776	0.518	0.416	0.770	0.690	0.423	0.417	0.276	0.245	0.328	0.174	0.680	0.675	0.500	0.401	0.769	0.772	0.430	0.423	0.300	0.242	0.365	0.196	0.839	0.820	0.502	0.416	0.841	0.853	0.462	0.436	0.298	0.242	0.321	0.210	0.683	0.769	0.502	0.399	0.783	0.866	0.444	0.449	0.287	0.250	0.316	0.197	0.796	0.691	0.508	0.407	0.679	0.698	0.456	0.457	0.263	0.242	0.315	0.267	0.768	0.839	0.512	0.385	0.709	0.709	0.464	0.468
16:00:00	0.263	0.241	0.316	0.153	0.751	0.754	0.450	0.355	0.725	0.722	0.433	0.355	0.277	0.274	0.329	0.181	0.775	0.729	0.472	0.368	0.683	0.696	0.413	0.383	0.266	0.240	0.334	0.187	0.814	0.797	0.520	0.418	0.773	0.693	0.428	0.421	0.285	0.249	0.332	0.177	0.686	0.680	0.502	0.402	0.773	0.784	0.435	0.426	0.308	0.246	0.362	0.202	0.843	0.832	0.504	0.419	0.843	0.854	0.469	0.439	0.308	0.245	0.331	0.214	0.688	0.770	0.503	0.398	0.807	0.867	0.450	0.451	0.298	0.253	0.329	0.202	0.801	0.694	0.507	0.410	0.682	0.702	0.462	0.459	0.275	0.243	0.320	0.273	0.757	0.842	0.514	0.386	0.710	0.713	0.470	0.471
16:20:00	0.269	0.249	0.320	0.155	0.756	0.754	0.454	0.357	0.732	0.726	0.442	0.359	0.290	0.284	0.336	0.184	0.776	0.731	0.476	0.371	0.692	0.700	0.419	0.385	0.278	0.251	0.339	0.191	0.815	0.814	0.524	0.421	0.780	0.698	0.434	0.423	0.295	0.257	0.336	0.180	0.692	0.683	0.504	0.407	0.790	0.809	0.442	0.429	0.316	0.251	0.359	0.205	0.847	0.837	0.506	0.420	0.848	0.859	0.475	0.441	0.320	0.248	0.336	0.219	0.694	0.772	0.502	0.400	0.817	0.843	0.455	0.453	0.312	0.256	0.334	0.205	0.805	0.697	0.511	0.412	0.687	0.705	0.467	0.461	0.290	0.246	0.325	0.278	0.739	0.840	0.515	0.387	0.714	0.714	0.475	0.472
16:40:00	0.272	0.250	0.326	0.157	0.756	0.755	0.452	0.356	0.734	0.730	0.447	0.359	0.299	0.288	0.340	0.188	0.781	0.730	0.475	0.369	0.698	0.705	0.424	0.387	0.285	0.252	0.339	0.194	0.808	0.823	0.523	0.422	0.792	0.698	0.440	0.427	0.302	0.264	0.337	0.182	0.696	0.686	0.506	0.408	0.811	0.818	0.446	0.431	0.320	0.256	0.357	0.208	0.848	0.838	0.507	0.421	0.847	0.861	0.480	0.444	0.327	0.248	0.340	0.224	0.696	0.772	0.504	0.401	0.820	0.769	0.460	0.455	0.320	0.258	0.335	0.209	0.809	0.697	0.511	0.414	0.688	0.707	0.472	0.463	0.300	0.246	0.330	0.285	0.728	0.821	0.517	0.388	0.714	0.711	0.480	0.474
17:00:00	0.276	0.255	0.337	0.159	0.764	0.759	0.459	0.359	0.736	0.736	0.457	0.366	0.304	0.297	0.343	0.191	0.777	0.731	0.480	0.372	0.703	0.708	0.434	0.391	0.297	0.261	0.339	0.198	0.797	0.830	0.526	0.425	0.805	0.700	0.445	0.432	0.311	0.273	0.337	0.185	0.701	0.688	0.507	0.408	0.820	0.824	0.450	0.436	0.325	0.264	0.358	0.212	0.844	0.842	0.509	0.423	0.842	0.862	0.484	0.446	0.335	0.255	0.339	0.228	0.698	0.767	0.504	0.402	0.821	0.735	0.464	0.456	0.329	0.264	0.334	0.213	0.810	0.698	0.507	0.415	0.691	0.710	0.476	0.464	0.310	0.252	0.330	0.289	0.726	0.791	0.514	0.383	0.712	0.709	0.481	0.473
17:20:00	0.280	0.262	0.347	0.161	0.770	0.765	0.456	0.357	0.736	0.736	0.461	0.365	0.310	0.304	0.344	0.195	0.775	0.721	0.476	0.370	0.705	0.712	0.436	0.390	0.303	0.275	0.337	0.202	0.773	0.832	0.525	0.426	0.805	0.703	0.450	0.434	0.319	0.285	0.340	0.189	0.706	0.694	0.508	0.408	0.822	0.831	0.456	0.438	0.333	0.276	0.357	0.217	0.834	0.844	0.509	0.424	0.815	0.856	0.490	0.449	0.343	0.258	0.339	0.234	0.702	0.775	0.505	0.403	0.823	0.731	0.469	0.458	0.336	0.267	0.337	0.218	0.813	0.703	0.510	0.417	0.693	0.713	0.483	0.466	0.323	0.252	0.330	0.293	0.723	0.778	0.519	0.390	0.715	0.728	0.488	0.476
17:40:01	0.281	0.268	0.346	0.163	0.770	0.767	0.458	0.359	0.737	0.739	0.467	0.366	0.309	0.311	0.347	0.199	0.783	0.723	0.477	0.370	0.707	0.716	0.440	0.390	0.315	0.290	0.338	0.205	0.753	0.834	0.526	0.428	0.809	0.705	0.455	0.436	0.325	0.297	0.348	0.192	0.710	0.696	0.510	0.412	0.824	0.834	0.460	0.440	0.339	0.288	0.360	0.223	0.815	0.846	0.512	0.428	0.763	0.828	0.494	0.450	0.352	0.264	0.339	0.239	0.711	0.782	0.507	0.406	0.821	0.732	0.474	0.459	0.346	0.274	0.344	0.222	0.815	0.705	0.512	0.417	0.694	0.717	0.488	0.467	0.334	0.257	0.330	0.297	0.721	0.763	0.519	0.391	0.718	0.729	0.492	0.477
18:00:01	0.283	0.274	0.349	0.165	0.774	0.775	0.460	0.360	0.738	0.740	0.473	0.370	0.319	0.320	0.352	0.203	0.794	0.735	0.478	0.372	0.710	0.720	0.445	0.394	0.323	0.303	0.341	0.209	0.741	0.836	0.528	0.430	0.810	0.709	0.459	0.439	0.332	0.307	0.358	0.195	0.714	0.699	0.512	0.412	0.827	0.838	0.464	0.442	0.346	0.303	0.365	0.230	0.784	0.849	0.513	0.431	0.722	0.769	0.498	0.453	0.358	0.274	0.343	0.245	0.719	0.787	0.506	0.407	0.810	0.735	0.478	0.460	0.352	0.285	0.359	0.225	0.818	0.710	0.514	0.419	0.699	0.719	0.492	0.470	0.344	0.262	0.334	0.303	0.721	0.756	0.520	0.394	0.725	0.737	0.496	0.478
18:20:01	0.286	0.280	0.355	0.168	0.772	0.772	0.463	0.361	0.739	0.741	0.479	0.373	0.331	0.327	0.358	0.207	0.796	0.747	0.479	0.372	0.713	0.723	0.449	0.397	0.334	0.316	0.349	0.214	0.738	0.827	0.530	0.432	0.811	0.714	0.463	0.441	0.339	0.317	0.370	0.198	0.717	0.702	0.513	0.415	0.827	0.842	0.468	0.444	0.352	0.318	0.374	0.234	0.749	0.852	0.513	0.434	0.718	0.727	0.502	0.455	0.364	0.284	0.354	0.250	0.719	0.786	0.508	0.408	0.783	0.737	0.482	0.462	0.361	0.295	0.375	0.230	0.819	0.712	0.514	0.424	0.707	0.719	0.496	0.469	0.352	0.268	0.338	0.310	0.721	0.750	0.522	0.395	0.736	0.738	0.500	0.479
18:40:01	0.286	0.291	0.357	0.170	0.770	0.781	0.464	0.362	0.741	0.739	0.485	0.375	0.342	0.333	0.365	0.211	0.799	0.744	0.480	0.374	0.718	0.721	0.453	0.395	0.338	0.326	0.357	0.218	0.738	0.803	0.531	0.434	0.811	0.716	0.464	0.444	0.347	0.326	0.379	0.201	0.726	0.704	0.514	0.418	0.824	0.838	0.471	0.446	0.362	0.329	0.382	0.241	0.730	0.853	0.515	0.434	0.721	0.724	0.506	0.457	0.371	0.295	0.365	0.256	0.725	0.711	0.509	0.409	0.747	0.738	0.484	0.462	0.366	0.308	0.390	0.233	0.818	0.717	0.513	0.419	0.712	0.718	0.499	0.471	0.362	0.274	0.348	0.317	0.720	0.747	0.523	0.398	0.741	0.739	0.503	0.480
19:00:01	0.298	0.298	0.368	0.173	0.765	0.778	0.467	0.363	0.745	0.735	0.490	0.379	0.352	0.337	0.369	0.216	0.799	0.743	0.482	0.374	0.723	0.722	0.458	0.401	0.350	0.335	0.365	0.223	0.740	0.771	0.533	0.436	0.811	0.713	0.467	0.445	0.353	0.334	0.387	0.204	0.734	0.705	0.516	0.420	0.812	0.819	0.475	0.448	0.371	0.339	0.392	0.243	0.724	0.854	0.517	0.435	0.725	0.727	0.510	0.458	0.379	0.305	0.379	0.262	0.724	0.688	0.510	0.411	0.722	0.739	0.488	0.465	0.371	0.318	0.402	0.238	0.813	0.726	0.514	0.422	0.710	0.727	0.502	0.471	0.370	0.279	0.358	0.325	0.721	0.746	0.525	0.399	0.738	0.738	0.507	0.480
19:20:01	0.318	0.302	0.377	0.176	0.762	0.778	0.470	0.365	0.752	0.739	0.496	0.382	0.361	0.340	0.373	0.221	0.800	0.751	0.482	0.375	0.726	0.735	0.462	0.398	0.353	0.343	0.372	0.228	0.741	0.747	0.534	0.437	0.807	0.712	0.471	0.448	0.359	0.343	0.392	0.207	0.736	0.705	0.519	0.422	0.782	0.784	0.478	0.450	0.378	0.347	0.399	0.239	0.724	0.841	0.520	0.437	0.728	0.730	0.514	0.460	0.390	0.312	0.389	0.269	0.724	0.693	0.510	0.412	0.712	0.739	0.491	0.465	0.380	0.327	0.411	0.242	0.799	0.725	0.516	0.426	0.712	0.734	0.506	0.472	0.378	0.283	0.369	0.332	0.721	0.744	0.526	0.402	0.738	0.742	0.510	0.481
19:40:01	0.327	0.311	0.390	0.179	0.762	0.781	0.476	0.369	0.761	0.759	0.505	0.389	0.371	0.346	0.383	0.227	0.803	0.746	0.486	0.379	0.737	0.747	0.467	0.404	0.365	0.350	0.383	0.233	0.742	0.735	0.539	0.442	0.802	0.720	0.473	0.447	0.368	0.353	0.400	0.211	0.738	0.710	0.521	0.424	0.751	0.751	0.482	0.452	0.388	0.355	0.408	0.242	0.726	0.807	0.521	0.439	0.731	0.732	0.519	0.461	0.402	0.321	0.399	0.275	0.723	0.699	0.513	0.413	0.712	0.739	0.495	0.466	0.384	0.336	0.417	0.247	0.783	0.727	0.519	0.424	0.718	0.737	0.509	0.472	0.389	0.290	0.379	0.337	0.722	0.744	0.529	0.402	0.740	0.744	0.513	0.482
20:00:01	0.327	0.317	0.390	0.182	0.756	0.783	0.475	0.369	0.755	0.759	0.509	0.389	0.378	0.342	0.381	0.232	0.804	0.754	0.485	0.378	0.747	0.740	0.470	0.405	0.367	0.355	0.383	0.237	0.742	0.732	0.538	0.442	0.789	0.728	0.476	0.452	0.370	0.355	0.398	0.214	0.740	0.710	0.523	0.423	0.726	0.730	0.485	0.453	0.404	0.359	0.412	0.248	0.729	0.757	0.522	0.440	0.731	0.734	0.522	0.465	0.405	0.324	0.402	0.281	0.725	0.706	0.514	0.414	0.714	0.739	0.497	0.467	0.400	0.337	0.419	0.252	0.761	0.733	0.518	0.426	0.711	0.738	0.512	0.473	0.391	0.289	0.385	0.344	0.719	0.742	0.531	0.404	0.731	0.743	0.517	0.483
20:20:01	0.333	0.331	0.408	0.186	0.763	0.784	0.487	0.378	0.760	0.765	0.519	0.401	0.387	0.350	0.393	0.239	0.810	0.755	0.493	0.385	0.754	0.744	0.480	0.412	0.377	0.363	0.392	0.243	0.741	0.730	0.545	0.448	0.779	0.731	0.481	0.452	0.389	0.363	0.405	0.218	0.743	0.709	0.526	0.428	0.717	0.726	0.488	0.456	0.407	0.367	0.417	0.253	0.729	0.737	0.524	0.442	0.732	0.735	0.526	0.464	0.412	0.331	0.405	0.286	0.722	0.712	0.515	0.415	0.716	0.739	0.501	0.467	0.400	0.345	0.419	0.258	0.737	0.737	0.519	0.430	0.716	0.744	0.513	0.473	0.404	0.293	0.386	0.343	0.719	0.741	0.530	0.401	0.728	0.740	0.516	0.481
20:40:01	0.337	0.337	0.411	0.190	0.763	0.783	0.486	0.377	0.752	0.766	0.523	0.401	0.396	0.350	0.393	0.245	0.814	0.757	0.490	0.384	0.744	0.747	0.480	0.413	0.382	0.363	0.395	0.247	0.741	0.731	0.545	0.448	0.757	0.734	0.483	0.454	0.397	0.367	0.406	0.222	0.743	0.713	0.527	0.430	0.718	0.725	0.491	0.457	0.394	0.368	0.421	0.262	0.729	0.728	0.526	0.443	0.732	0.735	0.531	0.467	0.399	0.331	0.412	0.296	0.727	0.717	0.517	0.416	0.715	0.739	0.504	0.469	0.391	0.348	0.426	0.259	0.725	0.739	0.522	0.428	0.724	0.743	0.518	0.475	0.400	0.292	0.396	0.352	0.717	0.740	0.536	0.409	0.724	0.745	0.522	0.484
21:00:01	0.335	0.339	0.410	0.193	0.760	0.784	0.484	0.376	0.747	0.770	0.526	0.401	0.400	0.346	0.390	0.252	0.816	0.756	0.489	0.382	0.740	0.746	0.483	0.410	0.388	0.366	0.393	0.252	0.738	0.731	0.545	0.448	0.746	0.737	0.486	0.456	0.403	0.369	0.402	0.225	0.745	0.706	0.527	0.430	0.721	0.725	0.494	0.458	0.376	0.369	0.421	0.269	0.728	0.728	0.526	0.444	0.731	0.735	0.534	0.467	0.380	0.330	0.410	0.304	0.726	0.722	0.518	0.417	0.716	0.737	0.506	0.470	0.362	0.344	0.425	0.260	0.714	0.742	0.522	0.433	0.722	0.746	0.520	0.475	0.345	0.289	0.398	0.355	0.715	0.737	0.538	0.411	0.721	0.750	0.525	0.483
21:20:01	0.340	0.344	0.412	0.197	0.770	0.790	0.488	0.379	0.750	0.771	0.532	0.405	0.410	0.349	0.392	0.258	0.820	0.758	0.491	0.383	0.740	0.751	0.487	0.414	0.395	0.373	0.395	0.259	0.737	0.732	0.547	0.449	0.739	0.740	0.490	0.457	0.409	0.375	0.403	0.229	0.741	0.715	0.529	0.431	0.723	0.727	0.497	0.460	0.359	0.371	0.423	0.278	0.728	0.729	0.528	0.446	0.731	0.735	0.537	0.471	0.362	0.331	0.412	0.311	0.727	0.727	0.520	0.417	0.717	0.735	0.509	0.473	0.356	0.344	0.426	0.261	0.708	0.744	0.524	0.434	0.724	0.747	0.523	0.476	0.356	0.289	0.400	0.357	0.715	0.735	0.540	0.416	0.720	0.755	0.528	0.484
21:40:01	0.342	0.348	0.415	0.201	0.773	0.774	0.492	0.382	0.747	0.772	0.538	0.409	0.426	0.354	0.393	0.264	0.822	0.757	0.493	0.385	0.735	0.753	0.491	0.419	0.397	0.384	0.396	0.264	0.736	0.731	0.549	0.452	0.727	0.745	0.493	0.461	0.403	0.383	0.404	0.233	0.739	0.725	0.531	0.435	0.723	0.727	0.500	0.463	0.360	0.372	0.424	0.286	0.727	0.730	0.530	0.448	0.730	0.735	0.539	0.471	0.360	0.330	0.413	0.317	0.725	0.729	0.522	0.417	0.717	0.732	0.511	0.472	0.363	0.345	0.426	0.264	0.705	0.745	0.526	0.432	0.725	0.750	0.527	0.476	0.386	0.290	0.403	0.359	0.714	0.733	0.542	0.417	0.720	0.735	0.531	0.484
22:00:01	0.346	0.353	0.418	0.206	0.772	0.766	0.496	0.384	0.748	0.774	0.543	0.413	0.421	0.360	0.395	0.271	0.824	0.764	0.494	0.386	0.730	0.757	0.496	0.419	0.410	0.405	0.399	0.266	0.734	0.731	0.552	0.454	0.721	0.746	0.496	0.461	0.386	0.397	0.404	0.237	0.740	0.729	0.532	0.435	0.724	0.727	0.503	0.462	0.376	0.374	0.425	0.293	0.727	0.730	0.532	0.448	0.729	0.735	0.542	0.474	0.372	0.331	0.412	0.323	0.729	0.730	0.523	0.418	0.717	0.730	0.514	0.475	0.370	0.346	0.426	0.271	0.701	0.745	0.527	0.438	0.727	0.749	0.529	0.477	0.408	0.291	0.403	0.360	0.713	0.730	0.545	0.419	0.728	0.729	0.533	0.485
22:20:01	0.349	0.357	0.421	0.211	0.808	0.777	0.499	0.387	0.744	0.777	0.548	0.417	0.451	0.367	0.398	0.274	0.826	0.755	0.496	0.388	0.729	0.757	0.500	0.424	0.428	0.440	0.400	0.270	0.733	0.730	0.553	0.457	0.721	0.750	0.500	0.465	0.367	0.417	0.404	0.241	0.739	0.732	0.534	0.436	0.724	0.726	0.506	0.467	0.376	0.380	0.425	0.301	0.727	0.730	0.533	0.450	0.728	0.734	0.544	0.474	0.383	0.326	0.414	0.328	0.722	0.729	0.524	0.419	0.717	0.727	0.517	0.474	0.391	0.346	0.425	0.278	0.701	0.746	0.529	0.435	0.733	0.752	0.532	0.476	0.429	0.293	0.405	0.361	0.711	0.728	0.547	0.423	0.731	0.729	0.535	0.485
22:40:01	0.353	0.361	0.422	0.216	0.822	0.780	0.503	0.390	0.746	0.776	0.552	0.421	0.447	0.374	0.399	0.276	0.827	0.749	0.498	0.389	0.732	0.755	0.504	0.426	0.424	0.421	0.403	0.276	0.731	0.729	0.556	0.461	0.720	0.749	0.503	0.466	0.358	0.436	0.405	0.246	0.744	0.733	0.534	0.441	0.724	0.724	0.509	0.466	0.384	0.382	0.426	0.314	0.727	0.730	0.534	0.451	0.727	0.732	0.547	0.477	0.379	0.323	0.414	0.333	0.719	0.729	0.526	0.420	0.716	0.725	0.519	0.476	0.403	0.343	0.426	0.287	0.701	0.745	0.530	0.441	0.728	0.758	0.535	0.478	0.440	0.301	0.406	0.362	0.709	0.726	0.549	0.425	0.729	0.740	0.537	0.486
23:00:01	0.357	0.362	0.425	0.222	0.824	0.804	0.507	0.394	0.748	0.778	0.556	0.426	0.460	0.381	0.400	0.279	0.825	0.750	0.499	0.392	0.729	0.759	0.507	0.428	0.434	0.441	0.404	0.284	0.731	0.727	0.557	0.465	0.721	0.750	0.507	0.468	0.374	0.462	0.406	0.252	0.742	0.740	0.536	0.440	0.723	0.722	0.511	0.469	0.394	0.386	0.426	0.315	0.726	0.729	0.535	0.452	0.727	0.730	0.549	0.477	0.414	0.319	0.412	0.337	0.715	0.728	0.527	0.422	0.716	0.722	0.522	0.477	0.422	0.349	0.425	0.296	0.701	0.739	0.532	0.440	0.724	0.757	0.538	0.478	0.495	0.326	0.406	0.362	0.706	0.723	0.551	0.429	0.730	0.736	0.539	0.486
23:20:01	0.361	0.366	0.426	0.225	0.827	0.818	0.512	0.398	0.756	0.783	0.560	0.431	0.460	0.384	0.402	0.284	0.816	0.752	0.502	0.394	0.728	0.762	0.511	0.433	0.435	0.448	0.405	0.293	0.730	0.727	0.560	0.468	0.722	0.752	0.510	0.471	0.382	0.447	0.406	0.258	0.744	0.741	0.538	0.442	0.723	0.721	0.514	0.470	0.418	0.386	0.426	0.321	0.726	0.729	0.537	0.455	0.727	0.728	0.551	0.480	0.416	0.339	0.412	0.341	0.719	0.727	0.529	0.422	0.716	0.721	0.524	0.477	0.476	0.362	0.427	0.303	0.702	0.732	0.534	0.441	0.718	0.748	0.540	0.480	0.464	0.353	0.407	0.363	0.707	0.719	0.552	0.431	0.740	0.752	0.541	0.487
23:40:01	0.366	0.371	0.428	0.228	0.833	0.821	0.516	0.402	0.766	0.787	0.563	0.436	0.541	0.386	0.404	0.288	0.798	0.757	0.504	0.395	0.729	0.770	0.513	0.434	0.444	0.451	0.406	0.301	0.728	0.725	0.562	0.471	0.722	0.759	0.512	0.471	0.390	0.461	0.406	0.265	0.738	0.742	0.539	0.444	0.722	0.720	0.516	0.473	0.462	0.401	0.427	0.326	0.726	0.729	0.538	0.456	0.726	0.725	0.554	0.480	0.450	0.357	0.412	0.344	0.718	0.726	0.530	0.422	0.716	0.718	0.526	0.479	0.460	0.383	0.426	0.310	0.703	0.727	0.535	0.444	0.723	0.741	0.543	0.480	0.424	0.369	0.409	0.363	0.706	0.716	0.555	0.433	0.749	0.759	0.542	0.487
24:00:01	0.372	0.377	0.429	0.231	0.837	0.822	0.520	0.406	0.779	0.785	0.566	0.440	0.522	0.387	0.405	0.294	0.775	0.756	0.506	0.398	0.731	0.764	0.516	0.438	0.447	0.460	0.407	0.310	0.727	0.722	0.565	0.475	0.722	0.759	0.515	0.475	0.401	0.466	0.407	0.273	0.733	0.744	0.540	0.444	0.721	0.717	0.518	0.474	0.467	0.430	0.427	0.331	0.726	0.728	0.540	0.457	0.725	0.724	0.556	0.483	0.433	0.356	0.411	0.347	0.718	0.723	0.532	0.424	0.714	0.715	0.528	0.480	0.440	0.408	0.426	0.317	0.703	0.723	0.537	0.444	0.726	0.738	0.544	0.480	0.424	0.385	0.409	0.363	0.702	0.712	0.556	0.437	0.753	0.756	0.543	0.487
24:20:01	0.385	0.386	0.440	0.235	0.844	0.827	0.533	0.421	0.792	0.768	0.572	0.451	0.470	0.394	0.413	0.305	0.767	0.748	0.515	0.410	0.731	0.762	0.524	0.448	0.454	0.480	0.413	0.323	0.726	0.720	0.570	0.484	0.723	0.751	0.518	0.476	0.424	0.471	0.411	0.284	0.737	0.745	0.543	0.450	0.721	0.715	0.518	0.478	0.432	0.459	0.429	0.339	0.726	0.727	0.543	0.459	0.723	0.722	0.556	0.481	0.417	0.378	0.412	0.348	0.724	0.722	0.531	0.424	0.715	0.712	0.530	0.481	0.448	0.417	0.426	0.319	0.705	0.719	0.539	0.445	0.727	0.730	0.545	0.479	0.422	0.385	0.407	0.358	0.701	0.707	0.557	0.433	0.755	0.764	0.542	0.487
24:40:01	0.384	0.385	0.435	0.238	0.843	0.827	0.529	0.415	0.803	0.764	0.572	0.449	0.475	0.389	0.407	0.307	0.733	0.762	0.510	0.402	0.735	0.749	0.522	0.443	0.463	0.507	0.410	0.325	0.724	0.717	0.568	0.482	0.721	0.745	0.519	0.477	0.473	0.476	0.408	0.291	0.735	0.748	0.543	0.448	0.719	0.712	0.520	0.477	0.455	0.460	0.427	0.344	0.725	0.723	0.542	0.459	0.722	0.721	0.559	0.485	0.419	0.406	0.410	0.352	0.716	0.720	0.533	0.426	0.713	0.709	0.531	0.482	0.424	0.432	0.426	0.327	0.704	0.720	0.540	0.446	0.733	0.734	0.548	0.481	0.449	0.395	0.411	0.363	0.701	0.705	0.560	0.443	0.757	0.760	0.546	0.488
25:00:01	0.394	0.395	0.441	0.242	0.847	0.829	0.537	0.427	0.810	0.773	0.574	0.457	0.489	0.393	0.414	0.316	0.727	0.750	0.516	0.411	0.749	0.748	0.527	0.448	0.479	0.534	0.414	0.335	0.724	0.714	0.572	0.488	0.722	0.736	0.520	0.480	0.452	0.532	0.412	0.301	0.739	0.749	0.544	0.453	0.719	0.710	0.521	0.479	0.465	0.482	0.430	0.350	0.725	0.722	0.545	0.463	0.721	0.718	0.561	0.484	0.419	0.425	0.414	0.354	0.718	0.718	0.536	0.426	0.714	0.707	0.533	0.483	0.449	0.465	0.427	0.331	0.705	0.721	0.542	0.451	0.733	0.734	0.549	0.482	0.422	0.425	0.413	0.363	0.700	0.701	0.563	0.448	0.761	0.770	0.547	0.488
25:20:01	0.395	0.394	0.435	0.247	0.848	0.831	0.537	0.426	0.812	0.806	0.575	0.456	0.492	0.388	0.410	0.319	0.712	0.761	0.515	0.407	0.759	0.751	0.528	0.451	0.520	0.528	0.412	0.337	0.722	0.712	0.572	0.488	0.720	0.733	0.522	0.479	0.431	0.559	0.408	0.307	0.736	0.748	0.545	0.454	0.717	0.707	0.522	0.480	0.430	0.486	0.427	0.350	0.724	0.718	0.545	0.464	0.720	0.716	0.564	0.487	0.441	0.439	0.410	0.356	0.716	0.716	0.536	0.427	0.710	0.703	0.534	0.485	0.446	0.469	0.426	0.334	0.703	0.718	0.543	0.451	0.740	0.733	0.550	0.482	0.436	0.422	0.412	0.363	0.695	0.699	0.564	0.451	0.760	0.776	0.548	0.488
25:40:01	0.402	0.396	0.434	0.252	0.848	0.831	0.541	0.432	0.815	0.815	0.577	0.460	0.491	0.386	0.411	0.325	0.710	0.766	0.517	0.409	0.775	0.753	0.531	0.453	0.510	0.514	0.413	0.341	0.720	0.709	0.573	0.490	0.721	0.736	0.524	0.482	0.446	0.553	0.408	0.314	0.736	0.747	0.546	0.456	0.716	0.704	0.524	0.483	0.465	0.502	0.427	0.350	0.724	0.716	0.546	0.467	0.720	0.715	0.566	0.487	0.447	0.448	0.410	0.357	0.720	0.714	0.537	0.428	0.708	0.700	0.535	0.485	0.458	0.487	0.425	0.336	0.703	0.717	0.546	0.454	0.737	0.731	0.552	0.482	0.434	0.474	0.410	0.362	0.694	0.697	0.565	0.453	0.761	0.784	0.549	0.489
26:00:01	0.409	0.400	0.434	0.258	0.830	0.828	0.545	0.438	0.815	0.818	0.579	0.464	0.486	0.386	0.410	0.329	0.712	0.767	0.519	0.411	0.771	0.750	0.533	0.456	0.515	0.540	0.413	0.345	0.719	0.706	0.577	0.492	0.719	0.737	0.526	0.483	0.432	0.535	0.409	0.320	0.739	0.740	0.547	0.458	0.714	0.701	0.525	0.484	0.475	0.555	0.427	0.350	0.724	0.714	0.547	0.467	0.717	0.712	0.567	0.488	0.456	0.493	0.409	0.358	0.731	0.711	0.541	0.429	0.707	0.697	0.536	0.487	0.463	0.522	0.425	0.339	0.702	0.717	0.549	0.454	0.735	0.736	0.553	0.483	0.461	0.489	0.411	0.363	0.694	0.692	0.567	0.456	0.763	0.789	0.550	0.488
26:20:01	0.417	0.403	0.436	0.264	0.802	0.819	0.549	0.443	0.818	0.821	0.581	0.468	0.486	0.386	0.413	0.332	0.717	0.774	0.522	0.414	0.774	0.754	0.537	0.460	0.508	0.537	0.415	0.348	0.717	0.703	0.583	0.496	0.719	0.733	0.528	0.484	0.445	0.528	0.409	0.326	0.737	0.737	0.552	0.459	0.715	0.698	0.528	0.486	0.470	0.541	0.427	0.353	0.723	0.712	0.550	0.469	0.717	0.710	0.570	0.490	0.466	0.534	0.411	0.360	0.737	0.709	0.547	0.429	0.706	0.694	0.537	0.488	0.452	0.559	0.424	0.342	0.702	0.719	0.557	0.456	0.738	0.736	0.555	0.483	0.445	0.459	0.412	0.363	0.690	0.689	0.570	0.458	0.771	0.790	0.552	0.488
26:40:01	0.424	0.407	0.439	0.270	0.784	0.812	0.555	0.453	0.818	0.824	0.584	0.472	0.493	0.387	0.414	0.340	0.722	0.780	0.528	0.422	0.773	0.762	0.544	0.467	0.497	0.544	0.415	0.352	0.717	0.700	0.589	0.500	0.718	0.734	0.531	0.488	0.437	0.548	0.409	0.330	0.740	0.731	0.556	0.462	0.714	0.696	0.529	0.488	0.477	0.485	0.425	0.353	0.721	0.710	0.554	0.469	0.714	0.709	0.570	0.489	0.452	0.475	0.407	0.361	0.741	0.707	0.550	0.428	0.705	0.691	0.538	0.487	0.469	0.490	0.421	0.342	0.701	0.721	0.559	0.453	0.749	0.738	0.555	0.482	0.484	0.467	0.407	0.358	0.690	0.683	0.573	0.455	0.765	0.788	0.550	0.487
27:00:01	0.432	0.410	0.434	0.274	0.756	0.788	0.555	0.450	0.817	0.827	0.584	0.473	0.511	0.390	0.417	0.341	0.726	0.786	0.528	0.422	0.771	0.771	0.543	0.466	0.511	0.550	0.415	0.351	0.714	0.697	0.587	0.497	0.716	0.737	0.532	0.488	0.477	0.541	0.410	0.335	0.742	0.719	0.560	0.463	0.712	0.694	0.531	0.488	0.473	0.491	0.425	0.356	0.722	0.708	0.555	0.470	0.712	0.706	0.574	0.491	0.471	0.470	0.412	0.362	0.745	0.704	0.557	0.431	0.705	0.688	0.539	0.490	0.470	0.486	0.425	0.346	0.701	0.715	0.562	0.457	0.758	0.737	0.559	0.485	0.494	0.474	0.412	0.362	0.690	0.682	0.583	0.462	0.756	0.791	0.553	0.488
27:20:01	0.443	0.417	0.440	0.284	0.756	0.788	0.564	0.465	0.822	0.832	0.587	0.479	0.511	0.397	0.423	0.351	0.731	0.787	0.537	0.436	0.774	0.772	0.551	0.473	0.521	0.547	0.420	0.356	0.714	0.694	0.590	0.504	0.717	0.739	0.535	0.490	0.464	0.542	0.414	0.340	0.751	0.725	0.566	0.467	0.714	0.692	0.532	0.491	0.476	0.491	0.425	0.364	0.723	0.707	0.563	0.471	0.711	0.703	0.574	0.492	0.471	0.471	0.411	0.361	0.753	0.701	0.558	0.431	0.705	0.685	0.540	0.489	0.471	0.495	0.423	0.346	0.701	0.718	0.562	0.456	0.766	0.753	0.559	0.483	0.488	0.482	0.409	0.357	0.689	0.678	0.585	0.460	0.727	0.787	0.552	0.488
27:40:01	0.446	0.416	0.434	0.284	0.748	0.763	0.561	0.459	0.824	0.834	0.587	0.477	0.515	0.396	0.416	0.346	0.734	0.786	0.534	0.428	0.771	0.783	0.549	0.472	0.521	0.543	0.416	0.353	0.712	0.691	0.586	0.502	0.715	0.742	0.536	0.491	0.459	0.550	0.412	0.343	0.754	0.720	0.564	0.464	0.710	0.688	0.535	0.491	0.484	0.484	0.424	0.358	0.720	0.704	0.563	0.471	0.708	0.701	0.577	0.492	0.480	0.488	0.411	0.364	0.758	0.698	0.560	0.432	0.703	0.681	0.542	0.491	0.483	0.500	0.423	0.349	0.700	0.714	0.563	0.457	0.770	0.765	0.562	0.485	0.479	0.487	0.412	0.362	0.689	0.674	0.586	0.467	0.708	0.784	0.555	0.489
28:00:01	0.452	0.422	0.435	0.290	0.753	0.757	0.564	0.463	0.814	0.838	0.588	0.479	0.522	0.401	0.417	0.347	0.737	0.784	0.536	0.431	0.776	0.785	0.551	0.474	0.523	0.554	0.417	0.354	0.711	0.688	0.586	0.503	0.713	0.743	0.537	0.493	0.473	0.558	0.411	0.346	0.757	0.719	0.564	0.466	0.710	0.685	0.536	0.492	0.480	0.488	0.424	0.359	0.720	0.702	0.564	0.471	0.707	0.698	0.579	0.495	0.485	0.476	0.410	0.364	0.765	0.695	0.560	0.433	0.701	0.678	0.543	0.495	0.489	0.504	0.422	0.350	0.699	0.720	0.563	0.458	0.773	0.777	0.563	0.487	0.472	0.492	0.412	0.362	0.685	0.671	0.586	0.469	0.689	0.777	0.556	0.489
28:20:01	0.458	0.431	0.436	0.299	0.760	0.754	0.569	0.468	0.797	0.838	0.590	0.482	0.527	0.407	0.418	0.349	0.740	0.783	0.538	0.433	0.778	0.791	0.554	0.475	0.517	0.542	0.418	0.355	0.709	0.685	0.585	0.504	0.712	0.741	0.540	0.493	0.474	0.542	0.412	0.349	0.763	0.717	0.564	0.466	0.709	0.682	0.538	0.494	0.504	0.501	0.423	0.360	0.719	0.701	0.565	0.471	0.705	0.697	0.580	0.496	0.490	0.480	0.411	0.364	0.772	0.692	0.560	0.433	0.700	0.675	0.544	0.495	0.486	0.504	0.423	0.351	0.698	0.724	0.563	0.457	0.774	0.780	0.565	0.486	0.480	0.491	0.414	0.362	0.686	0.669	0.586	0.472	0.679	0.769	0.556	0.490
28:40:01	0.467	0.445	0.442	0.310	0.769	0.759	0.575	0.478	0.786	0.837	0.591	0.485	0.538	0.419	0.422	0.352	0.745	0.782	0.544	0.443	0.784	0.786	0.558	0.479	0.525	0.545	0.421	0.358	0.710	0.682	0.587	0.510	0.712	0.738	0.542	0.495	0.490	0.553	0.416	0.353	0.772	0.712	0.567	0.469	0.712	0.680	0.539	0.494	0.508	0.535	0.426	0.362	0.721	0.700	0.567	0.472	0.706	0.694	0.582	0.496	0.499	0.503	0.414	0.366	0.778	0.689	0.561	0.435	0.699	0.672	0.546	0.494	0.497	0.491	0.427	0.353	0.700	0.735	0.563	0.460	0.776	0.785	0.568	0.487	0.480	0.498	0.415	0.362	0.687	0.666	0.586	0.474	0.677	0.759	0.557	0.489
29:00:01	0.469	0.452	0.437	0.308	0.776	0.752	0.575	0.478	0.766	0.824	0.593	0.486	0.539	0.424	0.419	0.351	0.746	0.779	0.543	0.439	0.783	0.785	0.559	0.479	0.528	0.563	0.419	0.356	0.706	0.679	0.585	0.508	0.710	0.747	0.544	0.496	0.494	0.560	0.412	0.354	0.776	0.714	0.567	0.468	0.707	0.676	0.542	0.496	0.513	0.544	0.423	0.361	0.719	0.696	0.565	0.472	0.703	0.691	0.583	0.498	0.507	0.488	0.410	0.366	0.776	0.687	0.559	0.436	0.696	0.668	0.546	0.495	0.481	0.505	0.424	0.353	0.697	0.736	0.560	0.457	0.767	0.786	0.568	0.487	0.510	0.502	0.414	0.362	0.684	0.662	0.583	0.476	0.677	0.746	0.558	0.488
29:20:01	0.473	0.463	0.438	0.312	0.782	0.753	0.578	0.482	0.757	0.812	0.594	0.488	0.561	0.429	0.419	0.351	0.748	0.776	0.546	0.442	0.782	0.786	0.562	0.482	0.531	0.553	0.419	0.356	0.705	0.676	0.583	0.509	0.710	0.754	0.546	0.499	0.497	0.560	0.413	0.356	0.783	0.712	0.566	0.469	0.706	0.673	0.544	0.498	0.496	0.525	0.422	0.361	0.719	0.693	0.565	0.473	0.700	0.688	0.585	0.500	0.480	0.503	0.409	0.367	0.775	0.684	0.557	0.436	0.696	0.665	0.547	0.496	0.480	0.509	0.424	0.354	0.696	0.740	0.558	0.459	0.756	0.788	0.570	0.487	0.527	0.503	0.414	0.363	0.685	0.661	0.581	0.478	0.685	0.735	0.558	0.488
29:40:01	0.476	0.478	0.440	0.318	0.785	0.757	0.581	0.487	0.757	0.800	0.595	0.490	0.551	0.442	0.420	0.351	0.749	0.771	0.548	0.444	0.774	0.787	0.564	0.483	0.532	0.563	0.418	0.356	0.704	0.672	0.582	0.511	0.709	0.760	0.548	0.499	0.504	0.562	0.412	0.358	0.790	0.716	0.565	0.470	0.704	0.670	0.546	0.500	0.474	0.535	0.422	0.361	0.718	0.691	0.565	0.472	0.699	0.685	0.586	0.501	0.498	0.517	0.410	0.367	0.767	0.682	0.555	0.439	0.692	0.662	0.548	0.497	0.523	0.510	0.423	0.354	0.695	0.741	0.556	0.458	0.740	0.791	0.571	0.487	0.534	0.502	0.415	0.362	0.683	0.655	0.579	0.479	0.695	0.724	0.559	0.488
30:00:01	0.482	0.489	0.447	0.329	0.785	0.769	0.588	0.499	0.763	0.802	0.599	0.495	0.556	0.458	0.425	0.358	0.750	0.773	0.555	0.457	0.776	0.789	0.571	0.487	0.531	0.565	0.425	0.359	0.704	0.669	0.584	0.518	0.710	0.766	0.552	0.500	0.507	0.562	0.415	0.360	0.798	0.717	0.566	0.472	0.703	0.667	0.547	0.500	0.523	0.537	0.423	0.363	0.720	0.689	0.565	0.473	0.698	0.682	0.586	0.500	0.528	0.503	0.409	0.367	0.758	0.680	0.553	0.438	0.692	0.658	0.548	0.498	0.525	0.525	0.422	0.354	0.695	0.744	0.553	0.457	0.724	0.795	0.571	0.486	0.537	0.506	0.411	0.358	0.686	0.652	0.576	0.477	0.704	0.706	0.557	0.486
30:20:01	0.483	0.491	0.441	0.324	0.779	0.770	0.586	0.493	0.765	0.778	0.598	0.494	0.533	0.453	0.421	0.353	0.748	0.758	0.552	0.448	0.748	0.787	0.568	0.486	0.543	0.552	0.421	0.356	0.701	0.665	0.580	0.513	0.706	0.767	0.552	0.499	0.529	0.558	0.413	0.361	0.798	0.716	0.563	0.471	0.700	0.662	0.549	0.501	0.529	0.547	0.422	0.362	0.717	0.687	0.563	0.472	0.695	0.679	0.591	0.502	0.534	0.509	0.409	0.368	0.738	0.678	0.551	0.439	0.688	0.655	0.550	0.500	0.530	0.521	0.423	0.356	0.693	0.741	0.551	0.459	0.712	0.797	0.573	0.488	0.541	0.504	0.412	0.363	0.681	0.650	0.573	0.481	0.714	0.708	0.559	0.488
30:40:01	0.487	0.495	0.440	0.323	0.777	0.773	0.588	0.496	0.771	0.769	0.599	0.495	0.548	0.453	0.422	0.355	0.746	0.741	0.554	0.450	0.737	0.787	0.570	0.487	0.541	0.556	0.422	0.356	0.699	0.662	0.578	0.515	0.705	0.770	0.554	0.500	0.498	0.561	0.412	0.361	0.799	0.713	0.562	0.470	0.697	0.658	0.551	0.501	0.532	0.547	0.421	0.362	0.716	0.684	0.560	0.472	0.693	0.676	0.594	0.502	0.537	0.502	0.410	0.368	0.721	0.676	0.549	0.439	0.685	0.651	0.550	0.499	0.535	0.516	0.422	0.356	0.691	0.739	0.547	0.458	0.700	0.798	0.574	0.488	0.544	0.508	0.410	0.363	0.683	0.646	0.571	0.481	0.720	0.710	0.559	0.487
31:00:01	0.490	0.503	0.438	0.326	0.774	0.772	0.590	0.498	0.776	0.764	0.600	0.496	0.551	0.452	0.423	0.355	0.745	0.718	0.556	0.454	0.726	0.787	0.572	0.489	0.552	0.564	0.422	0.355	0.698	0.659	0.576	0.516	0.703	0.772	0.556	0.501	0.495	0.575	0.410	0.362	0.801	0.719	0.560	0.471	0.696	0.655	0.553	0.503	0.536	0.553	0.420	0.362	0.715	0.681	0.559	0.472	0.692	0.672	0.596	0.503	0.541	0.502	0.407	0.369	0.703	0.674	0.547	0.440	0.683	0.648	0.552	0.500	0.540	0.515	0.421	0.357	0.690	0.740	0.547	0.460	0.691	0.800	0.576	0.488	0.547	0.510	0.414	0.363	0.680	0.645	0.569	0.482	0.721	0.710	0.560	0.486
31:20:01	0.495	0.504	0.443	0.333	0.774	0.774	0.593	0.504	0.782	0.767	0.601	0.499	0.558	0.457	0.428	0.358	0.744	0.711	0.561	0.462	0.724	0.787	0.575	0.491	0.572	0.556	0.427	0.357	0.698	0.655	0.576	0.521	0.702	0.775	0.558	0.502	0.531	0.575	0.415	0.365	0.803	0.723	0.560	0.473	0.696	0.651	0.553	0.501	0.541	0.535	0.424	0.364	0.716	0.680	0.559	0.473	0.692	0.669	0.597	0.502	0.545	0.503	0.415	0.370	0.698	0.671	0.547	0.441	0.683	0.645	0.553	0.500	0.546	0.520	0.425	0.359	0.691	0.744	0.546	0.458	0.690	0.803	0.578	0.489	0.550	0.511	0.416	0.364	0.686	0.640	0.569	0.483	0.720	0.707	0.561	0.486
31:40:01	0.497	0.505	0.436	0.330	0.772	0.773	0.593	0.503	0.781	0.763	0.603	0.500	0.561	0.457	0.424	0.357	0.742	0.698	0.560	0.459	0.716	0.787	0.576	0.492	0.535	0.564	0.425	0.355	0.696	0.652	0.574	0.521	0.699	0.777	0.560	0.503	0.535	0.584	0.413	0.364	0.788	0.728	0.558	0.471	0.693	0.648	0.555	0.503	0.545	0.541	0.421	0.362	0.713	0.677	0.557	0.472	0.689	0.668	0.598	0.503	0.548	0.511	0.411	0.368	0.678	0.670	0.544	0.441	0.680	0.642	0.554	0.500	0.549	0.516	0.425	0.358	0.688	0.746	0.543	0.458	0.688	0.803	0.578	0.488	0.552	0.514	0.415	0.364	0.680	0.640	0.565	0.483	0.718	0.708	0.561	0.486
32:00:01	0.503	0.507	0.444	0.340	0.773	0.776	0.598	0.510	0.780	0.771	0.605	0.504	0.568	0.464	0.429	0.359	0.742	0.699	0.566	0.466	0.719	0.785	0.578	0.493	0.541	0.555	0.430	0.357	0.696	0.649	0.574	0.524	0.700	0.779	0.562	0.503	0.540	0.574	0.416	0.366	0.785	0.731	0.557	0.474	0.693	0.644	0.556	0.504	0.550	0.530	0.424	0.364	0.714	0.676	0.557	0.473	0.691	0.664	0.597	0.503	0.552	0.503	0.415	0.370	0.675	0.668	0.543	0.442	0.679	0.640	0.555	0.500	0.553	0.520	0.428	0.359	0.688	0.750	0.543	0.460	0.694	0.799	0.580	0.488	0.553	0.515	0.417	0.364	0.685	0.636	0.566	0.484	0.718	0.709	0.561	0.485
32:20:01	0.502	0.505	0.440	0.337	0.770	0.774	0.596	0.508	0.775	0.772	0.606	0.504	0.570	0.469	0.425	0.357	0.738	0.697	0.564	0.463	0.720	0.769	0.578	0.494	0.540	0.556	0.427	0.355	0.694	0.646	0.571	0.523	0.696	0.780	0.564	0.504	0.544	0.578	0.413	0.365	0.754	0.732	0.554	0.471	0.688	0.640	0.558	0.505	0.552	0.528	0.421	0.362	0.710	0.672	0.554	0.472	0.687	0.662	0.596	0.505	0.555	0.512	0.411	0.369	0.668	0.666	0.540	0.441	0.676	0.636	0.555	0.502	0.555	0.524	0.425	0.358	0.685	0.747	0.540	0.457	0.696	0.784	0.580	0.488	0.554	0.518	0.415	0.364	0.680	0.634	0.561	0.483	0.716	0.711	0.561	0.485
32:40:01	0.504	0.504	0.436	0.338	0.769	0.774	0.597	0.509	0.772	0.779	0.608	0.505	0.573	0.474	0.426	0.357	0.737	0.702	0.566	0.465	0.724	0.752	0.580	0.495	0.544	0.565	0.428	0.354	0.692	0.643	0.569	0.525	0.695	0.782	0.566	0.504	0.548	0.572	0.414	0.366	0.737	0.734	0.553	0.473	0.687	0.637	0.560	0.505	0.555	0.541	0.421	0.362	0.709	0.669	0.553	0.472	0.685	0.658	0.594	0.505	0.557	0.511	0.412	0.369	0.670	0.664	0.539	0.441	0.673	0.633	0.556	0.503	0.557	0.511	0.427	0.359	0.683	0.744	0.538	0.458	0.699	0.765	0.580	0.488	0.556	0.515	0.415	0.364	0.682	0.630	0.560	0.483	0.716	0.713	0.561	0.484
33:00:01	0.509	0.507	0.441	0.341	0.768	0.775	0.598	0.511	0.769	0.779	0.609	0.505	0.577	0.477	0.426	0.358	0.736	0.708	0.568	0.467	0.728	0.735	0.581	0.496	0.549	0.566	0.429	0.353	0.691	0.640	0.568	0.525	0.692	0.784	0.568	0.505	0.552	0.580	0.415	0.366	0.717	0.735	0.551	0.472	0.685	0.634	0.560	0.506	0.557	0.531	0.421	0.362	0.709	0.667	0.551	0.472	0.683	0.655	0.591	0.506	0.559	0.502	0.413	0.368	0.674	0.662	0.537	0.441	0.672	0.631	0.557	0.503	0.559	0.524	0.426	0.359	0.682	0.737	0.538	0.458	0.698	0.744	0.582	0.488	0.558	0.520	0.417	0.364	0.680	0.630	0.558	0.482	0.716	0.715	0.561	0.483
33:20:01	0.512	0.505	0.441	0.339	0.768	0.776	0.602	0.512	0.766	0.777	0.611	0.507	0.579	0.481	0.425	0.359	0.734	0.715	0.570	0.469	0.731	0.723	0.582	0.497	0.555	0.578	0.429	0.352	0.690	0.637	0.566	0.528	0.691	0.787	0.569	0.505	0.555	0.579	0.416	0.366	0.704	0.736	0.550	0.472	0.684	0.630	0.562	0.506	0.560	0.524	0.420	0.361	0.708	0.664	0.549	0.471	0.682	0.652	0.588	0.506	0.561	0.506	0.413	0.370	0.679	0.659	0.535	0.441	0.670	0.628	0.558	0.503	0.561	0.518	0.426	0.360	0.681	0.728	0.536	0.457	0.697	0.725	0.582	0.487	0.560	0.523	0.419	0.363	0.681	0.626	0.557	0.482	0.715	0.716	0.561	0.482
33:40:01	0.509	0.508	0.442	0.344	0.768	0.778	0.608	0.512	0.765	0.775	0.612	0.507	0.582	0.483	0.427	0.358	0.733	0.722	0.572	0.470	0.734	0.717	0.582	0.497	0.559	0.564	0.428	0.352	0.689	0.633	0.565	0.528	0.689	0.786	0.570	0.506	0.559	0.578	0.416	0.367	0.694	0.737	0.548	0.473	0.682	0.626	0.563	0.506	0.562	0.538	0.421	0.361	0.707	0.661	0.549	0.471	0.680	0.649	0.584	0.507	0.563	0.515	0.414	0.369	0.683	0.656	0.534	0.441	0.668	0.625	0.558	0.504	0.564	0.524	0.425	0.360	0.679	0.715	0.536	0.458	0.696	0.713	0.583	0.487	0.561	0.525	0.417	0.363	0.680	0.624	0.555	0.481	0.715	0.718	0.562	0.482
34:00:01	0.510	0.505	0.443	0.341	0.769	0.780	0.617	0.514	0.764	0.775	0.614	0.509	0.584	0.487	0.429	0.359	0.733	0.730	0.578	0.473	0.736	0.717	0.584	0.498	0.563	0.575	0.427	0.354	0.689	0.631	0.564	0.530	0.687	0.773	0.572	0.507	0.561	0.596	0.417	0.367	0.690	0.739	0.547	0.473	0.681	0.624	0.564	0.507	0.564	0.539	0.421	0.361	0.706	0.658	0.547	0.471	0.679	0.647	0.582	0.507	0.565	0.505	0.415	0.369	0.688	0.655	0.533	0.441	0.667	0.623	0.559	0.505	0.567	0.530	0.426	0.360	0.678	0.703	0.535	0.457	0.695	0.707	0.584	0.488	0.564	0.527	0.419	0.364	0.680	0.622	0.554	0.481	0.715	0.720	0.562	0.482
34:20:01	0.515	0.511	0.446	0.344	0.769	0.784	0.620	0.515	0.762	0.775	0.615	0.511	0.585	0.486	0.425	0.358	0.730	0.734	0.585	0.471	0.736	0.720	0.584	0.498	0.567	0.553	0.430	0.354	0.688	0.628	0.564	0.531	0.686	0.752	0.574	0.507	0.563	0.593	0.413	0.367	0.690	0.740	0.545	0.472	0.678	0.621	0.566	0.508	0.566	0.528	0.421	0.361	0.705	0.656	0.546	0.471	0.679	0.644	0.580	0.508	0.566	0.512	0.413	0.369	0.692	0.653	0.531	0.441	0.664	0.621	0.560	0.505	0.567	0.532	0.427	0.360	0.677	0.690	0.534	0.456	0.695	0.700	0.585	0.487	0.565	0.525	0.418	0.363	0.681	0.619	0.552	0.480	0.713	0.721	0.562	0.480
34:40:01	0.517	0.511	0.447	0.343	0.770	0.786	0.620	0.516	0.760	0.774	0.617	0.511	0.587	0.492	0.429	0.359	0.730	0.735	0.591	0.474	0.734	0.725	0.585	0.498	0.570	0.568	0.430	0.354	0.687	0.625	0.563	0.533	0.684	0.728	0.575	0.507	0.565	0.584	0.414	0.367	0.693	0.744	0.544	0.472	0.676	0.618	0.567	0.508	0.567	0.530	0.421	0.361	0.704	0.654	0.544	0.471	0.677	0.641	0.577	0.508	0.568	0.517	0.415	0.367	0.696	0.649	0.530	0.441	0.663	0.618	0.561	0.506	0.569	0.531	0.427	0.360	0.675	0.681	0.533	0.458	0.694	0.698	0.586	0.488	0.567	0.530	0.419	0.363	0.678	0.618	0.551	0.480	0.713	0.722	0.563	0.481
35:00:01	0.517	0.515	0.447	0.344	0.771	0.788	0.619	0.517	0.758	0.774	0.618	0.512	0.590	0.491	0.426	0.357	0.729	0.735	0.592	0.476	0.730	0.725	0.586	0.499	0.572	0.563	0.431	0.353	0.687	0.623	0.561	0.533	0.683	0.711	0.576	0.508	0.569	0.592	0.414	0.367	0.697	0.748	0.542	0.472	0.674	0.614	0.568	0.509	0.569	0.547	0.421	0.360	0.703	0.651	0.542	0.469	0.675	0.638	0.575	0.508	0.569	0.512	0.413	0.367	0.698	0.647	0.528	0.442	0.661	0.616	0.562	0.505	0.570	0.536	0.428	0.361	0.674	0.675	0.532	0.457	0.695	0.697	0.587	0.486	0.568	0.534	0.419	0.363	0.679	0.615	0.549	0.479	0.711	0.723	0.563	0.480
35:20:01	0.518	0.518	0.448	0.346	0.772	0.790	0.617	0.518	0.757	0.775	0.622	0.512	0.592	0.495	0.430	0.359	0.728	0.735	0.595	0.480	0.728	0.726	0.586	0.499	0.574	0.553	0.430	0.353	0.685	0.620	0.560	0.534	0.681	0.703	0.577	0.508	0.571	0.594	0.415	0.367	0.702	0.752	0.541	0.472	0.673	0.611	0.568	0.509	0.570	0.542	0.421	0.360	0.701	0.648	0.541	0.470	0.674	0.637	0.574	0.509	0.569	0.521	0.414	0.367	0.698	0.643	0.527	0.440	0.660	0.613	0.563	0.505	0.572	0.537	0.427	0.361	0.672	0.672	0.531	0.456	0.694	0.698	0.587	0.486	0.570	0.534	0.419	0.363	0.678	0.614	0.548	0.479	0.711	0.724	0.563	0.479
35:40:01	0.518	0.520	0.448	0.350	0.773	0.795	0.615	0.518	0.756	0.775	0.625	0.513	0.595	0.496	0.429	0.359	0.728	0.735	0.596	0.481	0.727	0.726	0.587	0.499	0.576	0.559	0.430	0.353	0.684	0.618	0.559	0.534	0.679	0.701	0.579	0.509	0.574	0.595	0.415	0.366	0.705	0.752	0.539	0.473	0.672	0.608	0.569	0.509	0.572	0.539	0.420	0.360	0.700	0.645	0.539	0.469	0.672	0.635	0.572	0.509	0.570	0.523	0.415	0.367	0.698	0.640	0.526	0.441	0.659	0.611	0.563	0.504	0.573	0.538	0.427	0.361	0.670	0.672	0.530	0.456	0.695	0.700	0.588	0.485	0.572	0.536	0.418	0.362	0.680	0.610	0.546	0.477	0.711	0.724	0.563	0.479
36:00:01	0.522	0.520	0.452	0.352	0.775	0.798	0.612	0.519	0.756	0.778	0.628	0.513	0.598	0.500	0.445	0.361	0.728	0.735	0.599	0.487	0.726	0.727	0.587	0.499	0.578	0.559	0.431	0.354	0.685	0.615	0.559	0.537	0.680	0.699	0.579	0.509	0.576	0.598	0.415	0.367	0.709	0.750	0.538	0.474	0.670	0.606	0.570	0.509	0.574	0.542	0.424	0.363	0.701	0.643	0.540	0.469	0.673	0.632	0.571	0.509	0.572	0.524	0.417	0.367	0.697	0.637	0.525	0.441	0.658	0.609	0.565	0.504	0.575	0.543	0.431	0.362	0.671	0.676	0.531	0.457	0.696	0.702	0.589	0.486	0.574	0.537	0.420	0.363	0.678	0.609	0.546	0.478	0.710	0.726	0.564	0.479
36:20:02	0.519	0.521	0.448	0.349	0.774	0.799	0.609	0.518	0.753	0.775	0.629	0.512	0.597	0.500	0.442	0.360	0.725	0.734	0.597	0.485	0.722	0.727	0.587	0.498	0.579	0.549	0.429	0.351	0.682	0.612	0.557	0.535	0.677	0.700	0.580	0.509	0.575	0.592	0.416	0.366	0.711	0.741	0.536	0.472	0.668	0.603	0.571	0.509	0.573	0.545	0.421	0.360	0.698	0.639	0.536	0.469	0.670	0.630	0.569	0.509	0.572	0.528	0.415	0.366	0.695	0.634	0.523	0.440	0.656	0.606	0.565	0.503	0.575	0.544	0.429	0.361	0.667	0.678	0.528	0.454	0.694	0.704	0.589	0.484	0.575	0.537	0.419	0.362	0.679	0.607	0.543	0.476	0.708	0.726	0.566	0.478
36:40:01	0.520	0.525	0.448	0.352	0.776	0.802	0.606	0.518	0.752	0.777	0.630	0.513	0.599	0.500	0.442	0.357	0.724	0.734	0.594	0.482	0.721	0.727	0.588	0.498	0.582	0.561	0.430	0.349	0.681	0.610	0.557	0.535	0.676	0.699	0.581	0.510	0.576	0.569	0.414	0.365	0.713	0.729	0.535	0.472	0.667	0.600	0.572	0.509	0.575	0.555	0.421	0.360	0.696	0.636	0.534	0.468	0.670	0.627	0.568	0.510	0.573	0.528	0.413	0.364	0.693	0.632	0.521	0.440	0.653	0.605	0.566	0.504	0.576	0.574	0.428	0.361	0.666	0.681	0.527	0.455	0.694	0.706	0.590	0.484	0.577	0.537	0.419	0.362	0.676	0.605	0.541	0.475	0.706	0.726	0.568	0.476
37:00:02	0.522	0.530	0.443	0.353	0.777	0.804	0.604	0.518	0.750	0.777	0.631	0.513	0.599	0.506	0.439	0.357	0.723	0.734	0.594	0.483	0.719	0.727	0.589	0.498	0.583	0.561	0.434	0.349	0.680	0.607	0.556	0.538	0.674	0.701	0.582	0.509	0.577	0.570	0.415	0.365	0.715	0.714	0.534	0.471	0.664	0.597	0.573	0.509	0.576	0.588	0.422	0.360	0.695	0.634	0.534	0.468	0.669	0.625	0.567	0.510	0.574	0.530	0.415	0.365	0.692	0.629	0.520	0.440	0.652	0.602	0.567	0.504	0.578	0.583	0.430	0.360	0.664	0.682	0.526	0.456	0.694	0.708	0.590	0.484	0.577	0.539	0.419	0.361	0.674	0.604	0.540	0.474	0.705	0.726	0.570	0.477
37:20:01	0.524	0.530	0.448	0.351	0.778	0.807	0.601	0.518	0.750	0.779	0.632	0.513	0.601	0.507	0.446	0.360	0.724	0.735	0.596	0.488	0.719	0.729	0.590	0.497	0.583	0.560	0.435	0.349	0.679	0.605	0.556	0.542	0.673	0.702	0.583	0.510	0.579	0.594	0.415	0.365	0.715	0.700	0.532	0.471	0.663	0.594	0.574	0.509	0.576	0.591	0.421	0.359	0.693	0.631	0.532	0.468	0.667	0.623	0.566	0.509	0.574	0.534	0.414	0.364	0.692	0.626	0.519	0.440	0.651	0.600	0.568	0.504	0.580	0.586	0.430	0.360	0.663	0.682	0.526	0.455	0.693	0.709	0.591	0.483	0.579	0.570	0.420	0.361	0.679	0.601	0.540	0.474	0.706	0.726	0.571	0.475
37:40:02	0.525	0.530	0.448	0.357	0.779	0.810	0.599	0.518	0.749	0.781	0.632	0.513	0.602	0.495	0.430	0.359	0.723	0.734	0.595	0.488	0.717	0.730	0.593	0.497	0.584	0.584	0.435	0.349	0.678	0.602	0.554	0.544	0.672	0.702	0.583	0.509	0.579	0.598	0.417	0.364	0.714	0.684	0.530	0.470	0.660	0.592	0.574	0.509	0.577	0.593	0.421	0.359	0.692	0.628	0.532	0.468	0.666	0.621	0.564	0.509	0.575	0.541	0.415	0.363	0.692	0.623	0.518	0.439	0.649	0.598	0.568	0.503	0.581	0.589	0.422	0.360	0.661	0.681	0.524	0.454	0.693	0.710	0.591	0.482	0.580	0.584	0.421	0.360	0.677	0.598	0.538	0.474	0.704	0.726	0.572	0.475
38:00:02	0.529	0.530	0.449	0.360	0.781	0.813	0.597	0.517	0.748	0.782	0.632	0.512	0.603	0.501	0.429	0.358	0.722	0.734	0.593	0.487	0.716	0.731	0.595	0.497	0.586	0.593	0.434	0.348	0.678	0.600	0.554	0.543	0.671	0.703	0.584	0.510	0.579	0.598	0.416	0.364	0.712	0.678	0.529	0.470	0.659	0.589	0.575	0.510	0.577	0.594	0.422	0.359	0.690	0.625	0.530	0.468	0.664	0.618	0.563	0.509	0.575	0.562	0.416	0.362	0.691	0.620	0.517	0.439	0.648	0.596	0.569	0.503	0.582	0.591	0.422	0.360	0.659	0.679	0.524	0.454	0.692	0.713	0.594	0.482	0.581	0.591	0.420	0.361	0.674	0.598	0.535	0.473	0.702	0.726	0.570	0.475
38:20:02	0.531	0.533	0.448	0.360	0.782	0.815	0.595	0.517	0.748	0.784	0.631	0.512	0.604	0.507	0.430	0.357	0.721	0.735	0.592	0.488	0.714	0.731	0.597	0.496	0.587	0.597	0.430	0.348	0.677	0.598	0.553	0.543	0.669	0.704	0.585	0.510	0.580	0.599	0.415	0.363	0.711	0.676	0.528	0.470	0.657	0.586	0.576	0.509	0.578	0.595	0.422	0.358	0.688	0.623	0.529	0.467	0.662	0.616	0.562	0.508	0.575	0.581	0.415	0.363	0.692	0.617	0.517	0.438	0.646	0.594	0.570	0.502	0.583	0.594	0.422	0.359	0.658	0.679	0.523	0.454	0.691	0.713	0.596	0.480	0.583	0.595	0.419	0.361	0.674	0.595	0.534	0.472	0.701	0.726	0.569	0.474
38:40:02	0.533	0.533	0.449	0.363	0.783	0.817	0.594	0.516	0.747	0.785	0.630	0.512	0.605	0.509	0.435	0.359	0.721	0.735	0.593	0.492	0.714	0.732	0.598	0.496	0.589	0.600	0.434	0.348	0.676	0.596	0.552	0.542	0.668	0.705	0.588	0.510	0.580	0.601	0.416	0.361	0.709	0.676	0.527	0.468	0.656	0.584	0.577	0.509	0.578	0.597	0.421	0.361	0.687	0.621	0.527	0.466	0.661	0.614	0.561	0.508	0.577	0.585	0.414	0.361	0.691	0.614	0.515	0.437	0.645	0.592	0.571	0.500	0.584	0.596	0.422	0.359	0.657	0.677	0.522	0.452	0.690	0.714	0.597	0.480	0.584	0.597	0.421	0.360	0.675	0.593	0.534	0.471	0.702	0.726	0.565	0.473
39:00:02	0.536	0.537	0.450	0.364	0.784	0.818	0.592	0.516	0.747	0.787	0.628	0.511	0.606	0.515	0.431	0.357	0.720	0.735	0.590	0.490	0.712	0.731	0.599	0.496	0.590	0.602	0.432	0.351	0.675	0.593	0.551	0.540	0.666	0.705	0.590	0.509	0.580	0.603	0.417	0.360	0.708	0.679	0.525	0.467	0.654	0.582	0.579	0.509	0.579	0.599	0.423	0.358	0.685	0.618	0.527	0.466	0.660	0.612	0.559	0.508	0.577	0.589	0.416	0.361	0.691	0.611	0.515	0.437	0.645	0.590	0.573	0.499	0.584	0.597	0.423	0.359	0.656	0.677	0.521	0.452	0.689	0.714	0.597	0.477	0.585	0.600	0.420	0.361	0.676	0.592	0.533	0.471	0.699	0.726	0.562	0.472
39:20:02	0.538	0.536	0.450	0.365	0.786	0.819	0.590	0.515	0.747	0.789	0.627	0.512	0.606	0.518	0.433	0.357	0.720	0.737	0.589	0.491	0.710	0.732	0.599	0.495	0.592	0.605	0.434	0.351	0.674	0.592	0.551	0.539	0.666	0.707	0.591	0.510	0.581	0.605	0.419	0.362	0.709	0.683	0.526	0.468	0.653	0.580	0.580	0.509	0.579	0.601	0.423	0.359	0.684	0.616	0.525	0.465	0.661	0.611	0.558	0.507	0.577	0.593	0.415	0.361	0.689	0.609	0.513	0.437	0.643	0.589	0.575	0.500	0.585	0.600	0.424	0.359	0.654	0.677	0.521	0.452	0.689	0.715	0.597	0.478	0.586	0.602	0.421	0.359	0.673	0.589	0.530	0.470	0.701	0.727	0.560	0.472
39:40:02	0.542	0.542	0.440	0.365	0.787	0.820	0.589	0.515	0.746	0.792	0.625	0.512	0.606	0.517	0.430	0.357	0.719	0.737	0.588	0.492	0.709	0.733	0.598	0.495	0.593	0.607	0.435	0.350	0.674	0.590	0.550	0.537	0.665	0.708	0.592	0.510	0.582	0.606	0.416	0.359	0.709	0.685	0.524	0.466	0.652	0.579	0.581	0.509	0.580	0.602	0.423	0.365	0.683	0.614	0.524	0.465	0.660	0.608	0.557	0.507	0.576	0.596	0.419	0.361	0.690	0.607	0.513	0.436	0.643	0.587	0.576	0.499	0.586	0.602	0.425	0.358	0.653	0.677	0.520	0.452	0.688	0.715	0.597	0.477	0.586	0.603	0.423	0.359	0.675	0.588	0.530	0.470	0.700	0.728	0.559	0.471
40:00:02	0.545	0.543	0.451	0.366	0.788	0.820	0.587	0.514	0.746	0.794	0.624	0.512	0.605	0.520	0.433	0.357	0.719	0.738	0.589	0.495	0.709	0.734	0.596	0.496	0.593	0.608	0.430	0.351	0.673	0.588	0.549	0.536	0.663	0.709	0.592	0.509	0.582	0.608	0.417	0.359	0.707	0.686	0.523	0.467	0.650	0.576	0.581	0.509	0.581	0.604	0.424	0.363	0.683	0.611	0.523	0.465	0.659	0.607	0.556	0.507	0.576	0.597	0.419	0.360	0.690	0.604	0.512	0.436	0.642	0.585	0.576	0.500	0.586	0.602	0.424	0.358	0.652	0.676	0.519	0.451	0.687	0.715	0.597	0.477	0.587	0.604	0.423	0.359	0.676	0.587	0.530	0.469	0.700	0.728	0.557	0.472
40:20:02	0.548	0.548	0.444	0.366	0.790	0.822	0.586	0.514	0.746	0.797	0.624	0.512	0.605	0.524	0.432	0.359	0.720	0.738	0.587	0.497	0.707	0.735	0.594	0.495	0.594	0.610	0.436	0.351	0.672	0.586	0.549	0.534	0.661	0.709	0.592	0.509	0.582	0.609	0.416	0.359	0.706	0.686	0.522	0.466	0.649	0.574	0.582	0.509	0.580	0.605	0.424	0.357	0.681	0.608	0.522	0.464	0.658	0.606	0.555	0.506	0.576	0.598	0.417	0.359	0.688	0.601	0.510	0.436	0.639	0.583	0.576	0.499	0.587	0.603	0.424	0.358	0.651	0.676	0.519	0.450	0.686	0.717	0.596	0.477	0.587	0.604	0.422	0.360	0.674	0.584	0.528	0.469	0.697	0.728	0.555	0.472
40:40:02	0.553	0.565	0.450	0.368	0.791	0.823	0.586	0.514	0.746	0.800	0.622	0.513	0.607	0.521	0.438	0.360	0.719	0.740	0.586	0.497	0.706	0.735	0.591	0.495	0.594	0.612	0.437	0.350	0.672	0.584	0.548	0.534	0.661	0.710	0.590	0.509	0.583	0.611	0.419	0.359	0.708	0.684	0.522	0.467	0.650	0.572	0.581	0.509	0.581	0.606	0.426	0.359	0.680	0.607	0.523	0.465	0.658	0.604	0.554	0.505	0.577	0.600	0.419	0.360	0.690	0.599	0.511	0.436	0.639	0.582	0.575	0.497	0.589	0.604	0.427	0.359	0.652	0.677	0.521	0.451	0.688	0.716	0.596	0.475	0.587	0.606	0.424	0.362	0.673	0.583	0.529	0.469	0.699	0.731	0.553	0.471
41:00:02	0.552	0.585	0.445	0.367	0.792	0.822	0.583	0.512	0.746	0.798	0.621	0.512	0.606	0.519	0.433	0.357	0.718	0.739	0.585	0.498	0.704	0.736	0.589	0.494	0.595	0.612	0.435	0.349	0.670	0.582	0.547	0.532	0.659	0.710	0.588	0.508	0.582	0.611	0.418	0.359	0.707	0.684	0.522	0.465	0.648	0.569	0.580	0.509	0.579	0.606	0.425	0.361	0.677	0.604	0.520	0.464	0.655	0.601	0.552	0.505	0.576	0.600	0.419	0.360	0.688	0.596	0.509	0.435	0.636	0.580	0.573	0.496	0.589	0.605	0.425	0.357	0.649	0.676	0.517	0.450	0.685	0.716	0.594	0.473	0.586	0.606	0.423	0.360	0.673	0.582	0.526	0.467	0.697	0.729	0.550	0.470
41:20:02	0.556	0.576	0.442	0.367	0.792	0.821	0.581	0.511	0.746	0.800	0.620	0.512	0.606	0.525	0.434	0.356	0.717	0.740	0.583	0.499	0.703	0.736	0.587	0.494	0.595	0.613	0.435	0.348	0.670	0.580	0.546	0.530	0.658	0.710	0.586	0.508	0.582	0.611	0.418	0.358	0.705	0.683	0.519	0.464	0.645	0.568	0.579	0.508	0.579	0.607	0.425	0.361	0.675	0.601	0.519	0.464	0.654	0.599	0.551	0.504	0.575	0.602	0.420	0.359	0.688	0.593	0.509	0.435	0.636	0.578	0.573	0.496	0.589	0.605	0.425	0.357	0.648	0.675	0.516	0.450	0.684	0.716	0.591	0.473	0.585	0.606	0.425	0.359	0.670	0.579	0.525	0.467	0.698	0.729	0.548	0.469
41:40:02	0.562	0.570	0.445	0.370	0.793	0.823	0.581	0.512	0.746	0.803	0.620	0.513	0.607	0.518	0.439	0.360	0.718	0.741	0.583	0.502	0.703	0.737	0.585	0.494	0.597	0.616	0.435	0.351	0.671	0.578	0.546	0.531	0.658	0.712	0.583	0.508	0.583	0.613	0.421	0.358	0.707	0.683	0.520	0.465	0.646	0.565	0.578	0.508	0.581	0.608	0.430	0.364	0.676	0.600	0.520	0.465	0.654	0.599	0.550	0.503	0.577	0.604	0.420	0.359	0.688	0.591	0.509	0.434	0.636	0.577	0.572	0.496	0.591	0.606	0.428	0.358	0.649	0.676	0.518	0.451	0.686	0.716	0.590	0.473	0.586	0.608	0.424	0.361	0.671	0.578	0.526	0.468	0.698	0.731	0.546	0.470
42:00:02	0.562	0.559	0.439	0.367	0.793	0.818	0.578	0.510	0.745	0.802	0.619	0.512	0.606	0.529	0.437	0.358	0.716	0.741	0.579	0.499	0.700	0.736	0.583	0.493	0.596	0.616	0.431	0.349	0.669	0.576	0.544	0.528	0.656	0.711	0.582	0.508	0.582	0.612	0.419	0.357	0.705	0.683	0.519	0.463	0.644	0.563	0.577	0.508	0.579	0.608	0.425	0.363	0.673	0.598	0.517	0.463	0.651	0.597	0.549	0.503	0.576	0.604	0.419	0.358	0.687	0.589	0.507	0.433	0.634	0.575	0.571	0.496	0.590	0.606	0.425	0.356	0.646	0.674	0.514	0.449	0.682	0.716	0.587	0.472	0.584	0.607	0.422	0.360	0.667	0.577	0.522	0.466	0.695	0.728	0.544	0.469
42:20:02	0.565	0.555	0.443	0.368	0.794	0.813	0.576	0.510	0.746	0.803	0.619	0.513	0.605	0.540	0.437	0.358	0.716	0.742	0.578	0.501	0.698	0.736	0.581	0.493	0.595	0.617	0.435	0.351	0.668	0.574	0.544	0.527	0.654	0.711	0.579	0.508	0.582	0.613	0.421	0.357	0.705	0.683	0.519	0.463	0.641	0.562	0.575	0.508	0.579	0.608	0.428	0.361	0.672	0.596	0.516	0.463	0.651	0.595	0.547	0.503	0.576	0.606	0.416	0.358	0.687	0.587	0.506	0.432	0.633	0.573	0.569	0.496	0.590	0.606	0.425	0.355	0.645	0.674	0.514	0.448	0.681	0.715	0.584	0.472	0.582	0.608	0.424	0.359	0.668	0.573	0.522	0.466	0.696	0.728	0.542	0.469
42:40:02	0.577	0.563	0.448	0.370	0.794	0.813	0.576	0.510	0.746	0.806	0.619	0.513	0.607	0.532	0.439	0.360	0.716	0.743	0.577	0.502	0.698	0.736	0.578	0.493	0.596	0.619	0.448	0.353	0.669	0.573	0.543	0.527	0.654	0.712	0.576	0.508	0.583	0.615	0.421	0.357	0.705	0.683	0.518	0.464	0.641	0.560	0.573	0.508	0.580	0.609	0.429	0.365	0.672	0.594	0.517	0.463	0.651	0.593	0.546	0.501	0.577	0.607	0.421	0.358	0.687	0.584	0.506	0.433	0.632	0.571	0.566	0.495	0.591	0.607	0.428	0.356	0.645	0.675	0.515	0.449	0.683	0.716	0.582	0.471	0.581	0.610	0.425	0.361	0.669	0.572	0.524	0.466	0.696	0.731	0.539	0.468
43:00:02	0.566	0.558	0.445	0.368	0.794	0.807	0.574	0.509	0.746	0.803	0.618	0.513	0.605	0.536	0.437	0.358	0.714	0.743	0.575	0.502	0.696	0.735	0.577	0.493	0.595	0.619	0.448	0.352	0.666	0.571	0.542	0.525	0.652	0.711	0.574	0.507	0.581	0.614	0.420	0.356	0.703	0.683	0.517	0.463	0.640	0.558	0.571	0.507	0.578	0.609	0.428	0.359	0.669	0.592	0.515	0.461	0.649	0.591	0.545	0.503	0.575	0.607	0.420	0.357	0.686	0.582	0.505	0.432	0.631	0.570	0.564	0.494	0.591	0.607	0.426	0.354	0.643	0.673	0.512	0.448	0.679	0.715	0.579	0.470	0.578	0.609	0.424	0.360	0.667	0.571	0.521	0.465	0.695	0.727	0.538	0.467
43:20:02	0.560	0.559	0.448	0.368	0.795	0.802	0.573	0.509	0.746	0.804	0.618	0.513	0.606	0.552	0.439	0.360	0.714	0.744	0.573	0.502	0.695	0.735	0.575	0.492	0.594	0.620	0.433	0.353	0.665	0.569	0.541	0.524	0.651	0.711	0.572	0.507	0.581	0.614	0.418	0.356	0.703	0.683	0.516	0.463	0.639	0.557	0.569	0.507	0.578	0.609	0.428	0.360	0.667	0.590	0.514	0.461	0.648	0.590	0.544	0.502	0.574	0.608	0.420	0.356	0.685	0.580	0.504	0.431	0.630	0.568	0.562	0.493	0.593	0.607	0.426	0.354	0.642	0.673	0.511	0.447	0.678	0.714	0.577	0.470	0.576	0.609	0.424	0.360	0.662	0.570	0.518	0.464	0.693	0.726	0.537	0.468
43:40:02	0.562	0.561	0.453	0.368	0.795	0.797	0.572	0.508	0.747	0.804	0.618	0.513	0.606	0.536	0.438	0.359	0.713	0.745	0.573	0.502	0.693	0.735	0.573	0.492	0.594	0.620	0.437	0.353	0.664	0.568	0.541	0.524	0.650	0.712	0.569	0.507	0.581	0.615	0.425	0.356	0.702	0.683	0.516	0.463	0.638	0.555	0.567	0.507	0.577	0.609	0.427	0.359	0.666	0.587	0.513	0.461	0.647	0.588	0.543	0.502	0.574	0.608	0.420	0.356	0.684	0.578	0.503	0.431	0.629	0.567	0.559	0.493	0.593	0.608	0.427	0.354	0.642	0.672	0.511	0.448	0.677	0.713	0.574	0.470	0.574	0.609	0.424	0.360	0.663	0.566	0.519	0.464	0.692	0.727	0.534	0.467
44:00:02	0.582	0.561	0.450	0.368	0.795	0.791	0.570	0.508	0.746	0.804	0.618	0.513	0.607	0.545	0.439	0.359	0.713	0.745	0.571	0.503	0.692	0.735	0.572	0.493	0.594	0.621	0.454	0.353	0.663	0.566	0.540	0.522	0.649	0.711	0.568	0.506	0.581	0.615	0.422	0.355	0.702	0.684	0.515	0.463	0.636	0.553	0.565	0.507	0.577	0.610	0.429	0.359	0.665	0.586	0.512	0.461	0.646	0.587	0.542	0.501	0.574	0.609	0.422	0.357	0.684	0.575	0.503	0.431	0.628	0.565	0.556	0.493	0.594	0.608	0.427	0.353	0.640	0.672	0.510	0.448	0.676	0.713	0.572	0.469	0.570	0.609	0.426	0.359	0.664	0.566	0.518	0.463	0.695	0.726	0.533	0.466
44:20:02	0.597	0.563	0.450	0.368	0.795	0.786	0.570	0.508	0.747	0.804	0.619	0.514	0.608	0.556	0.439	0.360	0.712	0.746	0.570	0.503	0.691	0.735	0.570	0.493	0.594	0.622	0.448	0.354	0.663	0.565	0.539	0.521	0.648	0.712	0.566	0.506	0.581	0.616	0.422	0.356	0.702	0.685	0.515	0.463	0.636	0.551	0.563	0.507	0.577	0.610	0.427	0.358	0.664	0.584	0.512	0.460	0.645	0.586	0.542	0.501	0.574	0.610	0.423	0.356	0.684	0.574	0.502	0.431	0.627	0.564	0.554	0.494	0.595	0.609	0.428	0.353	0.639	0.672	0.510	0.447	0.675	0.713	0.571	0.470	0.567	0.610	0.426	0.360	0.663	0.564	0.519	0.463	0.695	0.726	0.532	0.466
44:40:02	0.578	0.565	0.447	0.367	0.795	0.782	0.569	0.507	0.747	0.805	0.619	0.514	0.607	0.571	0.440	0.360	0.710	0.747	0.568	0.504	0.689	0.735	0.568	0.492	0.594	0.623	0.442	0.354	0.663	0.563	0.538	0.520	0.647	0.711	0.563	0.506	0.581	0.615	0.422	0.355	0.701	0.684	0.514	0.462	0.635	0.550	0.560	0.507	0.577	0.610	0.430	0.357	0.663	0.582	0.511	0.459	0.644	0.584	0.541	0.501	0.574	0.611	0.422	0.356	0.684	0.572	0.502	0.431	0.626	0.562	0.552	0.493	0.596	0.609	0.427	0.353	0.638	0.672	0.509	0.447	0.675	0.713	0.569	0.468	0.563	0.611	0.431	0.360	0.661	0.561	0.518	0.463	0.694	0.725	0.531	0.466
45:00:02	0.563	0.566	0.453	0.367	0.796	0.778	0.567	0.507	0.747	0.804	0.619	0.515	0.608	0.567	0.439	0.360	0.709	0.746	0.567	0.504	0.688	0.734	0.567	0.492	0.593	0.623	0.444	0.354	0.661	0.561	0.537	0.519	0.646	0.711	0.562	0.506	0.580	0.615	0.422	0.355	0.701	0.685	0.513	0.461	0.634	0.548	0.558	0.507	0.576	0.610	0.430	0.358	0.662	0.580	0.510	0.459	0.643	0.583	0.540	0.500	0.573	0.611	0.422	0.356	0.683	0.570	0.500	0.430	0.625	0.561	0.550	0.492	0.596	0.610	0.429	0.352	0.637	0.671	0.508	0.446	0.674	0.711	0.567	0.468	0.559	0.610	0.427	0.359	0.660	0.561	0.516	0.462	0.694	0.725	0.530	0.465
45:20:02	0.559	0.571	0.453	0.367	0.795	0.775	0.568	0.509	0.747	0.807	0.619	0.516	0.610	0.565	0.441	0.361	0.709	0.746	0.566	0.506	0.688	0.734	0.565	0.493	0.595	0.624	0.441	0.356	0.663	0.560	0.537	0.520	0.646	0.711	0.559	0.505	0.581	0.616	0.429	0.356	0.703	0.686	0.514	0.462	0.634	0.548	0.556	0.507	0.578	0.610	0.433	0.362	0.663	0.579	0.511	0.459	0.644	0.582	0.539	0.499	0.575	0.612	0.428	0.357	0.686	0.568	0.502	0.430	0.626	0.560	0.548	0.491	0.598	0.610	0.430	0.353	0.638	0.673	0.510	0.447	0.675	0.713	0.565	0.468	0.555	0.611	0.425	0.359	0.659	0.560	0.517	0.462	0.693	0.725	0.530	0.466
45:40:02	0.564	0.567	0.446	0.366	0.795	0.768	0.566	0.507	0.746	0.804	0.619	0.516	0.609	0.568	0.439	0.359	0.707	0.746	0.564	0.504	0.685	0.733	0.563	0.492	0.593	0.624	0.448	0.354	0.660	0.559	0.536	0.518	0.644	0.710	0.558	0.505	0.579	0.616	0.433	0.354	0.699	0.686	0.512	0.461	0.631	0.547	0.554	0.507	0.576	0.610	0.431	0.358	0.659	0.577	0.508	0.457	0.642	0.580	0.538	0.500	0.572	0.611	0.423	0.355	0.682	0.566	0.499	0.428	0.622	0.558	0.547	0.491	0.598	0.609	0.431	0.352	0.635	0.670	0.506	0.446	0.671	0.710	0.562	0.467	0.551	0.611	0.432	0.359	0.657	0.557	0.516	0.462	0.693	0.723	0.529	0.466
46:00:02	0.566	0.568	0.451	0.367	0.795	0.765	0.564	0.507	0.745	0.803	0.619	0.516	0.610	0.560	0.454	0.359	0.706	0.746	0.563	0.504	0.684	0.732	0.563	0.492	0.593	0.624	0.450	0.354	0.659	0.557	0.535	0.516	0.642	0.709	0.557	0.506	0.579	0.616	0.431	0.353	0.698	0.685	0.511	0.460	0.629	0.545	0.552	0.507	0.576	0.611	0.429	0.353	0.658	0.575	0.507	0.457	0.641	0.579	0.537	0.499	0.572	0.612	0.425	0.355	0.681	0.564	0.498	0.428	0.620	0.557	0.544	0.492	0.599	0.609	0.435	0.351	0.634	0.669	0.505	0.445	0.670	0.710	0.560	0.467	0.547	0.610	0.430	0.359	0.655	0.555	0.514	0.461	0.692	0.721	0.527	0.466
46:20:02	0.571	0.571	0.449	0.366	0.794	0.760	0.563	0.506	0.745	0.802	0.619	0.517	0.611	0.553	0.454	0.358	0.704	0.745	0.561	0.504	0.683	0.731	0.560	0.491	0.593	0.625	0.455	0.354	0.658	0.556	0.534	0.515	0.641	0.708	0.555	0.505	0.579	0.616	0.434	0.353	0.697	0.685	0.510	0.459	0.628	0.544	0.551	0.507	0.576	0.611	0.430	0.355	0.656	0.573	0.506	0.456	0.639	0.577	0.536	0.499	0.571	0.612	0.426	0.354	0.679	0.561	0.497	0.428	0.620	0.555	0.542	0.491	0.600	0.609	0.434	0.351	0.632	0.669	0.504	0.445	0.669	0.708	0.559	0.466	0.544	0.610	0.428	0.360	0.651	0.556	0.511	0.460	0.688	0.719	0.527	0.466

