Field Group

Plate Comment:	
Procedure Summary
  Plate Type:              Corning 96 well for LogPhase600
  Plate Number:            3
  Discontinuous Kinetics:  Runtime 02:00:00 (D:HH:MM), Interval 00:20:00 (HH:MM:SS), 145 Reads (max)
  Read:                    600 nm
  Incubator:               On
    Temperature setpoint:  30 °C
    Temperature gradient:  On
  Shaking:                 On
     Shaking frequency:    600 RPMs		
			
			

600

Time	A1	A2	A3	A4	A5	A6	A7	A8	A9	A10	A11	A12	B1	B2	B3	B4	B5	B6	B7	B8	B9	B10	B11	B12	C1	C2	C3	C4	C5	C6	C7	C8	C9	C10	C11	C12	D1	D2	D3	D4	D5	D6	D7	D8	D9	D10	D11	D12	E1	E2	E3	E4	E5	E6	E7	E8	E9	E10	E11	E12	F1	F2	F3	F4	F5	F6	F7	F8	F9	F10	F11	F12	G1	G2	G3	G4	G5	G6	G7	G8	G9	G10	G11	G12	H1	H2	H3	H4	H5	H6	H7	H8	H9	H10	H11	H12
0:00:00	0.156	0.157	0.147	0.144	0.150	0.149	0.158	0.149	0.171	0.207	0.196	0.171	0.156	0.151	0.146	0.147	0.165	0.159	0.156	0.156	0.268	0.271	0.176	0.165	0.171	0.159	0.155	0.150	0.217	0.150	0.154	0.153	0.170	0.266	0.170	0.163	0.161	0.154	0.150	0.178	0.180	0.174	0.155	0.150	0.236	0.297	0.180	0.160	0.160	0.152	0.159	0.146	0.224	0.193	0.158	0.150	0.155	0.300	0.155	0.162	0.160	0.150	0.166	0.167	0.188	0.206	0.154	0.157	0.152	0.238	0.152	0.156	0.155	0.151	0.161	0.154	0.257	0.277	0.155	0.174	0.160	0.238	0.155	0.155	0.164	0.162	0.185	0.162	0.227	0.219	0.163	0.169	0.160	0.512	0.151	0.154
0:20:00	0.154	0.158	0.146	0.143	0.150	0.149	0.154	0.152	0.169	0.218	0.195	0.175	0.156	0.150	0.145	0.145	0.170	0.159	0.155	0.155	0.254	0.259	0.184	0.165	0.178	0.159	0.154	0.150	0.217	0.151	0.154	0.154	0.168	0.329	0.172	0.163	0.162	0.153	0.148	0.173	0.181	0.178	0.156	0.150	0.235	0.292	0.181	0.160	0.158	0.151	0.157	0.146	0.226	0.195	0.158	0.148	0.155	0.286	0.157	0.164	0.155	0.149	0.164	0.172	0.184	0.208	0.153	0.156	0.151	0.245	0.152	0.157	0.152	0.148	0.157	0.154	0.249	0.271	0.155	0.177	0.160	0.230	0.154	0.156	0.160	0.157	0.183	0.158	0.253	0.220	0.174	0.173	0.160	0.470	0.152	0.154
0:40:01	0.154	0.157	0.145	0.143	0.150	0.149	0.159	0.153	0.175	0.222	0.209	0.183	0.157	0.149	0.144	0.144	0.168	0.159	0.157	0.155	0.252	0.265	0.195	0.166	0.176	0.159	0.154	0.150	0.216	0.153	0.155	0.155	0.170	0.349	0.177	0.162	0.162	0.152	0.147	0.174	0.178	0.178	0.156	0.150	0.228	0.286	0.185	0.160	0.158	0.150	0.157	0.145	0.219	0.193	0.158	0.149	0.155	0.279	0.158	0.164	0.154	0.149	0.165	0.172	0.180	0.205	0.155	0.161	0.151	0.244	0.153	0.157	0.150	0.147	0.159	0.154	0.241	0.268	0.155	0.190	0.160	0.226	0.155	0.158	0.161	0.158	0.178	0.160	0.253	0.225	0.191	0.179	0.160	0.457	0.153	0.157
1:00:01	0.151	0.156	0.144	0.142	0.151	0.150	0.163	0.150	0.181	0.215	0.228	0.190	0.158	0.148	0.143	0.143	0.167	0.159	0.162	0.153	0.247	0.264	0.209	0.169	0.175	0.158	0.152	0.150	0.214	0.155	0.156	0.157	0.172	0.348	0.185	0.164	0.161	0.151	0.146	0.173	0.184	0.179	0.158	0.151	0.222	0.281	0.193	0.160	0.157	0.150	0.155	0.145	0.198	0.192	0.160	0.149	0.155	0.271	0.161	0.165	0.155	0.148	0.163	0.171	0.179	0.203	0.155	0.162	0.151	0.240	0.156	0.158	0.152	0.146	0.157	0.152	0.224	0.263	0.156	0.199	0.161	0.218	0.158	0.160	0.158	0.158	0.184	0.157	0.226	0.226	0.208	0.187	0.160	0.397	0.156	0.160
1:20:01	0.155	0.155	0.145	0.143	0.152	0.150	0.170	0.152	0.182	0.211	0.246	0.201	0.157	0.148	0.142	0.143	0.169	0.160	0.163	0.153	0.241	0.260	0.226	0.171	0.177	0.157	0.152	0.149	0.217	0.157	0.160	0.162	0.174	0.348	0.193	0.166	0.164	0.151	0.145	0.173	0.178	0.180	0.161	0.150	0.214	0.273	0.202	0.162	0.158	0.149	0.155	0.144	0.209	0.189	0.162	0.150	0.156	0.264	0.166	0.166	0.158	0.148	0.161	0.171	0.198	0.200	0.159	0.164	0.152	0.236	0.160	0.160	0.155	0.146	0.157	0.152	0.213	0.258	0.158	0.209	0.164	0.214	0.165	0.162	0.157	0.162	0.183	0.164	0.210	0.227	0.218	0.198	0.161	0.388	0.161	0.161
1:40:01	0.155	0.155	0.144	0.142	0.153	0.152	0.167	0.156	0.185	0.203	0.262	0.215	0.157	0.147	0.141	0.142	0.172	0.162	0.166	0.152	0.241	0.258	0.246	0.176	0.179	0.157	0.152	0.149	0.228	0.160	0.166	0.170	0.172	0.346	0.207	0.169	0.159	0.151	0.145	0.173	0.177	0.180	0.165	0.150	0.211	0.272	0.218	0.168	0.158	0.149	0.154	0.144	0.225	0.190	0.166	0.152	0.157	0.258	0.173	0.168	0.157	0.148	0.160	0.171	0.184	0.200	0.164	0.170	0.154	0.235	0.167	0.161	0.153	0.151	0.155	0.151	0.203	0.257	0.161	0.220	0.167	0.212	0.168	0.166	0.157	0.162	0.181	0.160	0.203	0.230	0.236	0.214	0.163	0.377	0.167	0.164
2:00:01	0.154	0.155	0.144	0.142	0.156	0.154	0.210	0.158	0.178	0.193	0.296	0.232	0.156	0.147	0.142	0.141	0.173	0.163	0.175	0.153	0.243	0.259	0.257	0.182	0.171	0.158	0.151	0.148	0.250	0.164	0.175	0.181	0.173	0.347	0.221	0.173	0.159	0.151	0.144	0.168	0.187	0.178	0.174	0.151	0.212	0.271	0.234	0.170	0.157	0.150	0.154	0.143	0.238	0.191	0.173	0.151	0.160	0.255	0.183	0.170	0.156	0.147	0.156	0.171	0.187	0.201	0.174	0.177	0.156	0.237	0.177	0.164	0.153	0.150	0.161	0.150	0.206	0.257	0.167	0.233	0.171	0.211	0.186	0.174	0.156	0.162	0.181	0.160	0.207	0.236	0.261	0.231	0.166	0.372	0.177	0.167
2:20:01	0.153	0.155	0.144	0.142	0.160	0.157	0.217	0.156	0.181	0.188	0.310	0.250	0.155	0.147	0.141	0.141	0.181	0.165	0.199	0.154	0.248	0.263	0.267	0.194	0.170	0.156	0.150	0.147	0.271	0.166	0.186	0.191	0.177	0.360	0.233	0.177	0.160	0.155	0.144	0.164	0.210	0.180	0.188	0.152	0.214	0.269	0.243	0.174	0.157	0.151	0.154	0.143	0.255	0.195	0.187	0.154	0.163	0.255	0.194	0.173	0.155	0.148	0.159	0.168	0.200	0.206	0.187	0.182	0.161	0.240	0.188	0.167	0.153	0.149	0.161	0.153	0.226	0.260	0.176	0.244	0.174	0.213	0.206	0.182	0.155	0.164	0.179	0.159	0.221	0.248	0.271	0.248	0.170	0.362	0.187	0.171
2:40:01	0.153	0.154	0.144	0.142	0.165	0.161	0.244	0.161	0.192	0.192	0.327	0.272	0.155	0.147	0.141	0.141	0.203	0.169	0.218	0.156	0.261	0.269	0.286	0.205	0.179	0.156	0.152	0.147	0.290	0.168	0.203	0.210	0.179	0.363	0.249	0.185	0.159	0.153	0.144	0.163	0.224	0.181	0.204	0.153	0.217	0.272	0.256	0.180	0.156	0.149	0.156	0.143	0.277	0.199	0.203	0.158	0.168	0.256	0.200	0.178	0.155	0.148	0.162	0.168	0.220	0.208	0.202	0.194	0.165	0.242	0.195	0.171	0.152	0.149	0.160	0.154	0.258	0.266	0.189	0.266	0.176	0.217	0.196	0.197	0.155	0.161	0.181	0.159	0.250	0.249	0.294	0.270	0.175	0.365	0.195	0.180
3:00:01	0.153	0.154	0.144	0.142	0.171	0.167	0.272	0.165	0.210	0.204	0.322	0.291	0.157	0.147	0.141	0.140	0.229	0.175	0.239	0.159	0.275	0.284	0.293	0.218	0.178	0.156	0.152	0.147	0.315	0.170	0.228	0.227	0.181	0.386	0.266	0.195	0.157	0.153	0.145	0.167	0.236	0.190	0.230	0.155	0.222	0.273	0.256	0.188	0.156	0.149	0.155	0.142	0.296	0.207	0.224	0.158	0.170	0.257	0.205	0.186	0.155	0.148	0.161	0.168	0.230	0.220	0.226	0.211	0.169	0.247	0.198	0.179	0.152	0.149	0.160	0.154	0.287	0.277	0.205	0.283	0.174	0.225	0.224	0.213	0.155	0.162	0.180	0.158	0.284	0.258	0.317	0.293	0.181	0.369	0.200	0.188
3:20:01	0.155	0.154	0.144	0.142	0.180	0.168	0.295	0.174	0.232	0.217	0.324	0.310	0.155	0.146	0.140	0.140	0.247	0.180	0.250	0.163	0.295	0.280	0.310	0.231	0.169	0.155	0.152	0.146	0.344	0.180	0.249	0.253	0.182	0.394	0.279	0.205	0.160	0.152	0.145	0.156	0.259	0.213	0.254	0.158	0.242	0.272	0.252	0.200	0.156	0.149	0.155	0.142	0.312	0.236	0.242	0.165	0.172	0.270	0.204	0.196	0.155	0.147	0.162	0.167	0.275	0.240	0.244	0.230	0.173	0.258	0.199	0.188	0.152	0.148	0.160	0.154	0.313	0.287	0.223	0.295	0.178	0.222	0.207	0.224	0.154	0.163	0.179	0.158	0.317	0.272	0.344	0.310	0.188	0.372	0.201	0.198
3:40:01	0.152	0.153	0.144	0.142	0.208	0.173	0.314	0.184	0.252	0.230	0.329	0.325	0.154	0.146	0.140	0.140	0.263	0.187	0.291	0.168	0.312	0.292	0.300	0.246	0.170	0.155	0.151	0.147	0.371	0.204	0.276	0.277	0.201	0.402	0.301	0.219	0.156	0.152	0.145	0.152	0.276	0.227	0.277	0.162	0.256	0.299	0.260	0.212	0.155	0.149	0.155	0.142	0.331	0.248	0.267	0.177	0.175	0.284	0.207	0.208	0.155	0.147	0.161	0.171	0.311	0.256	0.268	0.249	0.177	0.267	0.201	0.202	0.152	0.149	0.159	0.153	0.344	0.305	0.246	0.327	0.183	0.227	0.211	0.239	0.155	0.160	0.180	0.156	0.355	0.290	0.354	0.331	0.189	0.384	0.205	0.213
4:00:01	0.153	0.153	0.144	0.141	0.227	0.179	0.348	0.195	0.271	0.245	0.338	0.335	0.157	0.146	0.140	0.140	0.279	0.193	0.315	0.176	0.323	0.312	0.313	0.260	0.173	0.154	0.151	0.147	0.398	0.222	0.306	0.299	0.217	0.409	0.325	0.236	0.156	0.152	0.144	0.151	0.308	0.243	0.310	0.168	0.278	0.309	0.268	0.230	0.155	0.149	0.154	0.142	0.345	0.269	0.293	0.181	0.183	0.310	0.209	0.224	0.155	0.147	0.161	0.172	0.328	0.274	0.314	0.273	0.188	0.284	0.202	0.215	0.152	0.149	0.159	0.153	0.374	0.325	0.273	0.349	0.187	0.244	0.218	0.257	0.155	0.161	0.178	0.157	0.391	0.308	0.358	0.340	0.194	0.392	0.205	0.228
4:20:01	0.154	0.153	0.143	0.141	0.247	0.202	0.359	0.210	0.292	0.262	0.352	0.341	0.156	0.146	0.140	0.140	0.298	0.215	0.343	0.187	0.345	0.334	0.329	0.281	0.175	0.154	0.151	0.146	0.417	0.239	0.336	0.329	0.234	0.426	0.348	0.252	0.158	0.151	0.144	0.160	0.338	0.265	0.340	0.177	0.295	0.327	0.270	0.247	0.155	0.148	0.154	0.142	0.354	0.287	0.325	0.188	0.212	0.321	0.212	0.240	0.154	0.147	0.160	0.171	0.355	0.294	0.331	0.298	0.208	0.307	0.203	0.233	0.152	0.148	0.159	0.153	0.401	0.348	0.299	0.369	0.188	0.265	0.233	0.279	0.154	0.161	0.177	0.157	0.423	0.328	0.362	0.344	0.204	0.406	0.201	0.245
4:40:01	0.154	0.152	0.143	0.141	0.266	0.215	0.361	0.228	0.310	0.286	0.361	0.348	0.154	0.146	0.140	0.139	0.314	0.229	0.354	0.201	0.368	0.358	0.343	0.298	0.174	0.154	0.151	0.146	0.443	0.260	0.350	0.348	0.252	0.439	0.370	0.265	0.155	0.151	0.143	0.156	0.369	0.287	0.355	0.186	0.319	0.340	0.275	0.272	0.155	0.148	0.154	0.142	0.364	0.309	0.344	0.209	0.223	0.343	0.214	0.260	0.154	0.147	0.159	0.171	0.387	0.311	0.350	0.320	0.220	0.332	0.204	0.250	0.152	0.148	0.159	0.153	0.427	0.364	0.325	0.384	0.200	0.289	0.229	0.304	0.154	0.161	0.177	0.156	0.452	0.349	0.371	0.346	0.218	0.421	0.200	0.260
5:00:01	0.154	0.152	0.143	0.141	0.292	0.230	0.374	0.251	0.329	0.322	0.370	0.360	0.155	0.145	0.140	0.139	0.331	0.244	0.361	0.222	0.390	0.383	0.355	0.313	0.174	0.153	0.150	0.146	0.473	0.283	0.360	0.358	0.273	0.451	0.384	0.286	0.156	0.151	0.143	0.154	0.402	0.310	0.370	0.200	0.342	0.359	0.283	0.292	0.154	0.148	0.153	0.142	0.375	0.331	0.356	0.240	0.236	0.362	0.217	0.274	0.154	0.147	0.160	0.169	0.416	0.330	0.364	0.340	0.235	0.354	0.207	0.266	0.151	0.148	0.158	0.152	0.454	0.381	0.346	0.400	0.215	0.313	0.230	0.321	0.154	0.161	0.177	0.156	0.480	0.372	0.375	0.351	0.233	0.438	0.200	0.279
5:20:01	0.154	0.152	0.143	0.141	0.321	0.246	0.379	0.277	0.347	0.358	0.378	0.368	0.155	0.145	0.139	0.139	0.351	0.259	0.376	0.247	0.412	0.407	0.365	0.321	0.175	0.153	0.150	0.146	0.507	0.306	0.366	0.370	0.293	0.457	0.392	0.302	0.158	0.151	0.143	0.161	0.551	0.334	0.376	0.217	0.366	0.381	0.301	0.303	0.154	0.148	0.153	0.142	0.389	0.355	0.369	0.239	0.251	0.385	0.220	0.302	0.154	0.146	0.161	0.167	0.447	0.352	0.373	0.353	0.250	0.378	0.211	0.289	0.151	0.148	0.158	0.152	0.478	0.403	0.357	0.409	0.229	0.342	0.230	0.334	0.154	0.161	0.177	0.156	0.508	0.397	0.386	0.359	0.247	0.456	0.201	0.298
5:40:01	0.154	0.152	0.143	0.141	0.350	0.263	0.392	0.289	0.369	0.390	0.385	0.376	0.154	0.145	0.140	0.139	0.394	0.278	0.381	0.272	0.436	0.428	0.374	0.334	0.174	0.153	0.150	0.146	0.547	0.331	0.375	0.376	0.325	0.472	0.395	0.319	0.155	0.150	0.143	0.153	0.692	0.359	0.382	0.240	0.390	0.401	0.325	0.315	0.154	0.148	0.153	0.142	0.416	0.376	0.379	0.262	0.265	0.407	0.225	0.315	0.154	0.146	0.159	0.168	0.470	0.371	0.381	0.368	0.267	0.403	0.215	0.303	0.151	0.148	0.157	0.152	0.506	0.424	0.368	0.412	0.245	0.370	0.231	0.341	0.154	0.161	0.176	0.156	0.538	0.422	0.389	0.363	0.265	0.473	0.200	0.313
6:00:01	0.154	0.152	0.143	0.141	0.369	0.282	0.401	0.309	0.397	0.420	0.389	0.383	0.153	0.145	0.139	0.138	0.592	0.297	0.388	0.295	0.460	0.450	0.380	0.341	0.173	0.152	0.150	0.146	0.608	0.354	0.381	0.386	0.353	0.469	0.397	0.326	0.159	0.150	0.143	0.153	0.585	0.386	0.392	0.262	0.417	0.420	0.351	0.321	0.154	0.148	0.152	0.142	0.480	0.400	0.387	0.279	0.281	0.430	0.230	0.329	0.154	0.146	0.158	0.167	0.506	0.396	0.393	0.371	0.286	0.425	0.219	0.313	0.151	0.147	0.158	0.152	0.530	0.448	0.379	0.413	0.262	0.398	0.232	0.345	0.154	0.162	0.176	0.156	0.568	0.449	0.400	0.370	0.287	0.492	0.200	0.320
6:20:01	0.153	0.151	0.142	0.141	0.407	0.307	0.411	0.314	0.420	0.448	0.394	0.385	0.153	0.145	0.140	0.138	0.581	0.319	0.398	0.315	0.485	0.470	0.388	0.352	0.174	0.153	0.150	0.146	0.629	0.382	0.387	0.396	0.376	0.487	0.398	0.333	0.158	0.150	0.143	0.154	0.561	0.392	0.400	0.291	0.440	0.445	0.380	0.328	0.154	0.148	0.152	0.141	0.534	0.420	0.396	0.298	0.297	0.452	0.244	0.333	0.153	0.146	0.159	0.168	0.553	0.407	0.403	0.379	0.300	0.447	0.225	0.323	0.151	0.148	0.158	0.153	0.572	0.472	0.390	0.417	0.281	0.426	0.231	0.350	0.154	0.159	0.176	0.155	0.588	0.474	0.408	0.377	0.314	0.513	0.202	0.324
6:40:01	0.153	0.151	0.142	0.141	0.426	0.329	0.421	0.327	0.452	0.476	0.398	0.388	0.155	0.145	0.139	0.138	0.585	0.345	0.404	0.326	0.511	0.496	0.390	0.360	0.173	0.152	0.149	0.146	0.678	0.413	0.393	0.403	0.406	0.467	0.399	0.334	0.155	0.150	0.143	0.153	0.565	0.423	0.405	0.311	0.466	0.467	0.391	0.329	0.154	0.148	0.152	0.141	0.574	0.450	0.405	0.306	0.319	0.478	0.260	0.339	0.153	0.146	0.158	0.171	0.585	0.435	0.406	0.380	0.323	0.472	0.227	0.325	0.151	0.147	0.158	0.151	0.592	0.500	0.400	0.419	0.301	0.458	0.231	0.349	0.154	0.161	0.175	0.155	0.606	0.504	0.409	0.380	0.339	0.535	0.198	0.329
7:00:01	0.153	0.151	0.142	0.141	0.471	0.354	0.431	0.332	0.473	0.501	0.404	0.384	0.153	0.144	0.139	0.138	0.591	0.370	0.413	0.335	0.526	0.516	0.397	0.364	0.173	0.152	0.149	0.146	0.726	0.441	0.397	0.413	0.432	0.488	0.401	0.343	0.155	0.149	0.142	0.153	0.572	0.437	0.412	0.325	0.480	0.490	0.405	0.336	0.154	0.147	0.151	0.141	0.625	0.471	0.414	0.315	0.344	0.498	0.295	0.344	0.153	0.146	0.160	0.168	0.617	0.452	0.410	0.386	0.344	0.497	0.231	0.333	0.151	0.147	0.157	0.151	0.621	0.525	0.409	0.421	0.322	0.485	0.234	0.351	0.154	0.159	0.176	0.155	0.645	0.525	0.413	0.389	0.367	0.556	0.200	0.333
7:20:01	0.154	0.151	0.142	0.140	0.491	0.376	0.439	0.339	0.507	0.532	0.409	0.383	0.152	0.145	0.139	0.137	0.606	0.395	0.420	0.333	0.562	0.545	0.401	0.366	0.173	0.152	0.149	0.145	0.755	0.475	0.403	0.420	0.457	0.530	0.403	0.346	0.154	0.149	0.142	0.155	0.577	0.678	0.417	0.332	0.506	0.510	0.408	0.338	0.154	0.147	0.151	0.141	0.674	0.504	0.421	0.320	0.370	0.518	0.320	0.347	0.153	0.146	0.160	0.167	0.660	0.480	0.416	0.390	0.375	0.525	0.230	0.336	0.151	0.147	0.158	0.151	0.649	0.546	0.418	0.419	0.345	0.512	0.247	0.351	0.154	0.161	0.175	0.155	0.683	0.548	0.415	0.385	0.396	0.574	0.199	0.331
7:40:01	0.153	0.150	0.141	0.140	0.539	0.401	0.443	0.341	0.528	0.568	0.415	0.380	0.154	0.144	0.139	0.137	0.615	0.422	0.431	0.337	0.585	0.572	0.407	0.369	0.172	0.152	0.149	0.145	0.784	0.505	0.407	0.427	0.466	0.570	0.405	0.352	0.156	0.148	0.142	0.154	0.581	0.623	0.420	0.336	0.544	0.531	0.412	0.344	0.154	0.147	0.151	0.140	0.711	0.534	0.425	0.325	0.393	0.536	0.347	0.351	0.152	0.145	0.159	0.166	0.713	0.498	0.424	0.394	0.398	0.548	0.233	0.342	0.150	0.147	0.157	0.150	0.691	0.566	0.428	0.420	0.367	0.535	0.279	0.354	0.154	0.160	0.175	0.154	0.707	0.558	0.419	0.393	0.422	0.587	0.211	0.335
8:00:01	0.153	0.150	0.141	0.140	0.575	0.420	0.447	0.343	0.552	0.602	0.416	0.380	0.152	0.144	0.139	0.137	0.624	0.443	0.437	0.338	0.614	0.590	0.409	0.369	0.172	0.151	0.149	0.146	0.795	0.536	0.413	0.430	0.498	0.613	0.406	0.353	0.156	0.148	0.142	0.152	0.590	0.596	0.426	0.340	0.563	0.546	0.413	0.351	0.154	0.146	0.150	0.141	0.735	0.558	0.431	0.333	0.414	0.551	0.363	0.355	0.152	0.145	0.158	0.168	0.738	0.524	0.431	0.397	0.425	0.572	0.239	0.346	0.150	0.147	0.155	0.150	0.715	0.590	0.439	0.423	0.391	0.550	0.321	0.357	0.154	0.155	0.174	0.154	0.735	0.585	0.429	0.397	0.446	0.619	0.234	0.336
8:20:01	0.154	0.150	0.141	0.140	0.633	0.444	0.450	0.348	0.586	0.638	0.429	0.385	0.152	0.144	0.138	0.137	0.638	0.470	0.444	0.341	0.657	0.631	0.418	0.370	0.173	0.151	0.149	0.145	0.797	0.557	0.420	0.434	0.521	0.642	0.409	0.359	0.155	0.148	0.141	0.152	0.603	0.593	0.433	0.345	0.593	0.570	0.412	0.352	0.154	0.147	0.151	0.140	0.769	0.594	0.434	0.340	0.434	0.577	0.369	0.360	0.152	0.145	0.156	0.166	0.753	0.566	0.440	0.399	0.453	0.582	0.250	0.352	0.150	0.147	0.155	0.151	0.739	0.621	0.445	0.420	0.418	0.563	0.344	0.355	0.154	0.159	0.174	0.154	0.738	0.636	0.427	0.400	0.475	0.667	0.260	0.337
8:40:01	0.153	0.150	0.141	0.140	0.690	0.465	0.455	0.352	0.632	0.698	0.435	0.389	0.154	0.144	0.138	0.137	0.655	0.498	0.450	0.345	0.702	0.688	0.422	0.374	0.172	0.151	0.149	0.145	0.796	0.589	0.427	0.437	0.551	0.715	0.410	0.365	0.157	0.148	0.141	0.152	0.612	0.598	0.439	0.349	0.625	0.602	0.411	0.358	0.153	0.147	0.151	0.140	0.762	0.626	0.440	0.347	0.460	0.612	0.375	0.364	0.152	0.145	0.159	0.170	0.763	0.607	0.448	0.399	0.475	0.608	0.272	0.356	0.150	0.147	0.155	0.150	0.775	0.660	0.452	0.421	0.447	0.600	0.362	0.357	0.154	0.159	0.175	0.154	0.753	0.693	0.430	0.403	0.489	0.709	0.288	0.340
9:00:01	0.153	0.150	0.141	0.140	0.748	0.489	0.460	0.354	0.672	0.742	0.442	0.394	0.152	0.144	0.138	0.137	0.675	0.522	0.453	0.347	0.737	0.747	0.427	0.378	0.172	0.151	0.148	0.145	0.794	0.631	0.435	0.441	0.579	0.744	0.412	0.371	0.154	0.148	0.141	0.155	0.620	0.606	0.447	0.354	0.658	0.636	0.411	0.365	0.153	0.146	0.151	0.140	0.760	0.676	0.448	0.353	0.501	0.652	0.379	0.370	0.152	0.145	0.156	0.166	0.765	0.643	0.455	0.401	0.505	0.643	0.297	0.367	0.150	0.147	0.154	0.149	0.792	0.708	0.460	0.421	0.470	0.641	0.374	0.360	0.154	0.159	0.174	0.155	0.769	0.739	0.434	0.406	0.494	0.752	0.310	0.346
9:20:01	0.153	0.150	0.141	0.140	0.748	0.512	0.463	0.357	0.709	0.782	0.449	0.397	0.152	0.144	0.138	0.137	0.694	0.547	0.459	0.350	0.749	0.770	0.433	0.380	0.172	0.151	0.148	0.145	0.793	0.686	0.442	0.447	0.613	0.782	0.414	0.376	0.157	0.148	0.141	0.153	0.627	0.615	0.453	0.360	0.690	0.681	0.411	0.371	0.153	0.146	0.150	0.140	0.768	0.722	0.453	0.355	0.523	0.698	0.383	0.377	0.152	0.145	0.157	0.165	0.762	0.685	0.462	0.401	0.531	0.686	0.315	0.376	0.150	0.147	0.154	0.149	0.770	0.753	0.468	0.422	0.491	0.691	0.382	0.363	0.154	0.159	0.173	0.154	0.774	0.769	0.439	0.409	0.511	0.778	0.329	0.352
9:40:01	0.152	0.150	0.141	0.140	0.757	0.538	0.466	0.356	0.705	0.791	0.456	0.401	0.153	0.144	0.138	0.137	0.711	0.573	0.464	0.355	0.751	0.786	0.438	0.385	0.172	0.151	0.148	0.145	0.806	0.735	0.448	0.449	0.647	0.794	0.415	0.382	0.157	0.147	0.141	0.151	0.634	0.622	0.459	0.366	0.718	0.718	0.412	0.376	0.153	0.146	0.151	0.140	0.782	0.755	0.458	0.362	0.554	0.735	0.385	0.384	0.152	0.144	0.156	0.167	0.760	0.721	0.468	0.402	0.557	0.729	0.328	0.384	0.150	0.146	0.154	0.150	0.759	0.775	0.475	0.423	0.514	0.727	0.388	0.367	0.154	0.159	0.174	0.154	0.782	0.761	0.442	0.411	0.543	0.779	0.345	0.361
10:00:01	0.153	0.150	0.141	0.140	0.776	0.579	0.468	0.352	0.707	0.797	0.463	0.407	0.151	0.143	0.138	0.137	0.727	0.611	0.467	0.358	0.771	0.772	0.445	0.388	0.172	0.151	0.148	0.145	0.808	0.771	0.453	0.452	0.684	0.800	0.418	0.388	0.155	0.147	0.141	0.156	0.640	0.631	0.464	0.370	0.751	0.749	0.413	0.383	0.153	0.146	0.150	0.139	0.780	0.769	0.463	0.365	0.589	0.751	0.388	0.392	0.151	0.144	0.155	0.166	0.764	0.754	0.473	0.404	0.584	0.765	0.335	0.393	0.150	0.146	0.154	0.149	0.778	0.767	0.486	0.425	0.541	0.749	0.394	0.371	0.154	0.159	0.174	0.154	0.775	0.745	0.447	0.414	0.591	0.753	0.357	0.370
10:20:01	0.153	0.149	0.140	0.139	0.782	0.633	0.466	0.357	0.722	0.813	0.465	0.406	0.155	0.144	0.138	0.137	0.737	0.650	0.471	0.359	0.775	0.783	0.449	0.390	0.171	0.150	0.147	0.145	0.801	0.775	0.459	0.455	0.719	0.792	0.419	0.391	0.155	0.147	0.141	0.152	0.647	0.637	0.470	0.373	0.760	0.776	0.415	0.390	0.153	0.146	0.149	0.140	0.783	0.746	0.467	0.366	0.617	0.777	0.392	0.398	0.151	0.144	0.156	0.164	0.781	0.746	0.477	0.405	0.622	0.768	0.344	0.402	0.150	0.146	0.154	0.149	0.776	0.764	0.503	0.429	0.566	0.777	0.401	0.382	0.154	0.155	0.174	0.153	0.775	0.749	0.459	0.421	0.636	0.747	0.371	0.383
10:40:01	0.153	0.149	0.140	0.140	0.787	0.688	0.471	0.355	0.731	0.810	0.472	0.418	0.151	0.143	0.137	0.136	0.751	0.699	0.476	0.364	0.774	0.795	0.457	0.398	0.171	0.150	0.148	0.144	0.780	0.770	0.464	0.458	0.740	0.786	0.423	0.398	0.156	0.147	0.141	0.155	0.650	0.645	0.474	0.373	0.763	0.788	0.415	0.397	0.153	0.146	0.149	0.139	0.774	0.742	0.471	0.367	0.648	0.779	0.394	0.408	0.151	0.144	0.155	0.165	0.773	0.749	0.481	0.407	0.655	0.769	0.347	0.408	0.150	0.146	0.154	0.149	0.771	0.765	0.514	0.429	0.609	0.767	0.403	0.383	0.154	0.159	0.173	0.154	0.787	0.787	0.455	0.420	0.674	0.740	0.375	0.390
11:00:01	0.152	0.149	0.141	0.140	0.778	0.746	0.475	0.357	0.739	0.806	0.476	0.422	0.151	0.143	0.137	0.137	0.761	0.742	0.481	0.369	0.756	0.799	0.461	0.402	0.172	0.151	0.147	0.144	0.765	0.761	0.469	0.460	0.748	0.785	0.426	0.402	0.153	0.147	0.141	0.161	0.655	0.653	0.478	0.375	0.754	0.780	0.416	0.405	0.153	0.146	0.149	0.139	0.781	0.759	0.475	0.367	0.679	0.763	0.397	0.415	0.151	0.144	0.155	0.165	0.775	0.739	0.485	0.410	0.690	0.760	0.353	0.415	0.150	0.146	0.154	0.149	0.773	0.763	0.531	0.431	0.643	0.766	0.408	0.389	0.154	0.159	0.173	0.154	0.784	0.785	0.459	0.423	0.671	0.742	0.383	0.399
11:20:01	0.153	0.149	0.141	0.140	0.799	0.773	0.476	0.358	0.751	0.807	0.481	0.427	0.151	0.143	0.137	0.136	0.768	0.778	0.486	0.369	0.749	0.808	0.466	0.404	0.171	0.150	0.147	0.144	0.747	0.776	0.475	0.464	0.752	0.793	0.430	0.407	0.155	0.147	0.141	0.160	0.659	0.661	0.483	0.375	0.750	0.766	0.418	0.411	0.153	0.146	0.149	0.139	0.773	0.766	0.479	0.369	0.707	0.765	0.400	0.420	0.151	0.144	0.155	0.165	0.769	0.734	0.487	0.409	0.707	0.758	0.356	0.420	0.150	0.146	0.154	0.149	0.779	0.767	0.548	0.433	0.680	0.755	0.413	0.395	0.154	0.159	0.172	0.154	0.751	0.774	0.463	0.425	0.684	0.742	0.390	0.407
11:40:01	0.152	0.149	0.141	0.140	0.782	0.760	0.478	0.360	0.753	0.806	0.485	0.433	0.153	0.143	0.137	0.136	0.777	0.774	0.490	0.368	0.777	0.797	0.469	0.408	0.171	0.150	0.147	0.144	0.751	0.792	0.479	0.466	0.743	0.806	0.433	0.412	0.157	0.147	0.140	0.154	0.663	0.668	0.486	0.377	0.748	0.757	0.419	0.417	0.153	0.146	0.149	0.139	0.770	0.778	0.482	0.370	0.719	0.761	0.403	0.426	0.151	0.144	0.155	0.164	0.722	0.742	0.490	0.410	0.700	0.776	0.361	0.425	0.150	0.146	0.153	0.148	0.771	0.768	0.567	0.433	0.715	0.754	0.417	0.402	0.154	0.160	0.173	0.154	0.742	0.772	0.465	0.426	0.713	0.753	0.397	0.416
12:00:01	0.153	0.149	0.141	0.140	0.728	0.751	0.483	0.365	0.740	0.782	0.488	0.442	0.151	0.143	0.137	0.136	0.785	0.778	0.494	0.372	0.772	0.788	0.471	0.412	0.170	0.150	0.146	0.143	0.765	0.788	0.483	0.470	0.741	0.810	0.438	0.415	0.156	0.147	0.141	0.150	0.667	0.677	0.489	0.378	0.744	0.756	0.422	0.421	0.153	0.146	0.149	0.139	0.793	0.774	0.486	0.373	0.729	0.757	0.405	0.430	0.151	0.144	0.155	0.164	0.720	0.733	0.493	0.410	0.724	0.778	0.361	0.427	0.150	0.146	0.154	0.148	0.782	0.776	0.583	0.435	0.700	0.758	0.422	0.405	0.154	0.161	0.172	0.154	0.745	0.788	0.471	0.426	0.720	0.755	0.399	0.420
12:20:01	0.152	0.149	0.141	0.139	0.709	0.757	0.482	0.365	0.753	0.762	0.491	0.445	0.154	0.143	0.137	0.136	0.787	0.766	0.497	0.373	0.782	0.804	0.475	0.415	0.171	0.150	0.146	0.143	0.771	0.786	0.487	0.472	0.742	0.803	0.441	0.420	0.153	0.146	0.140	0.162	0.671	0.682	0.493	0.378	0.739	0.773	0.424	0.430	0.153	0.146	0.148	0.138	0.799	0.772	0.488	0.374	0.726	0.764	0.409	0.437	0.150	0.144	0.154	0.164	0.722	0.745	0.496	0.410	0.729	0.785	0.365	0.433	0.150	0.146	0.153	0.148	0.787	0.773	0.604	0.436	0.714	0.770	0.425	0.414	0.154	0.159	0.172	0.153	0.753	0.779	0.473	0.431	0.727	0.728	0.410	0.432
12:40:01	0.152	0.149	0.140	0.139	0.697	0.757	0.483	0.369	0.712	0.746	0.493	0.450	0.153	0.143	0.137	0.136	0.791	0.771	0.500	0.377	0.784	0.799	0.477	0.418	0.171	0.150	0.147	0.143	0.777	0.789	0.490	0.474	0.743	0.800	0.446	0.423	0.156	0.146	0.140	0.161	0.675	0.689	0.496	0.381	0.745	0.766	0.428	0.434	0.153	0.146	0.149	0.138	0.810	0.775	0.489	0.376	0.721	0.767	0.413	0.441	0.150	0.144	0.153	0.166	0.725	0.751	0.495	0.411	0.735	0.780	0.369	0.435	0.149	0.146	0.153	0.148	0.788	0.784	0.617	0.438	0.720	0.772	0.428	0.420	0.154	0.160	0.172	0.153	0.768	0.760	0.476	0.432	0.702	0.755	0.416	0.436
13:00:01	0.151	0.149	0.139	0.139	0.706	0.764	0.478	0.362	0.707	0.738	0.493	0.448	0.151	0.143	0.137	0.136	0.793	0.767	0.501	0.380	0.787	0.800	0.478	0.418	0.170	0.149	0.146	0.144	0.781	0.798	0.493	0.476	0.740	0.797	0.449	0.425	0.153	0.146	0.140	0.149	0.677	0.695	0.497	0.382	0.751	0.771	0.431	0.439	0.153	0.145	0.148	0.138	0.817	0.793	0.492	0.378	0.718	0.761	0.419	0.446	0.150	0.143	0.153	0.165	0.729	0.751	0.503	0.414	0.743	0.783	0.376	0.440	0.149	0.145	0.152	0.147	0.790	0.788	0.626	0.445	0.746	0.773	0.434	0.431	0.154	0.155	0.172	0.153	0.778	0.747	0.488	0.442	0.693	0.737	0.425	0.449
13:20:01	0.151	0.149	0.140	0.139	0.709	0.782	0.483	0.368	0.714	0.749	0.499	0.460	0.151	0.143	0.136	0.136	0.797	0.783	0.504	0.383	0.789	0.790	0.484	0.425	0.171	0.150	0.146	0.143	0.786	0.802	0.496	0.476	0.745	0.791	0.453	0.430	0.152	0.146	0.140	0.149	0.678	0.699	0.499	0.381	0.748	0.783	0.434	0.444	0.153	0.146	0.148	0.138	0.824	0.804	0.494	0.379	0.718	0.752	0.422	0.449	0.150	0.144	0.153	0.166	0.730	0.747	0.499	0.415	0.741	0.780	0.378	0.442	0.149	0.145	0.152	0.147	0.790	0.791	0.618	0.443	0.736	0.768	0.436	0.432	0.154	0.159	0.172	0.153	0.782	0.738	0.483	0.437	0.691	0.746	0.427	0.449
13:40:01	0.152	0.149	0.140	0.139	0.722	0.782	0.483	0.364	0.724	0.771	0.501	0.464	0.151	0.143	0.137	0.136	0.800	0.796	0.506	0.381	0.799	0.779	0.486	0.429	0.170	0.150	0.147	0.143	0.790	0.800	0.498	0.476	0.748	0.794	0.457	0.433	0.156	0.146	0.140	0.149	0.681	0.705	0.501	0.381	0.754	0.773	0.438	0.448	0.153	0.145	0.148	0.138	0.829	0.809	0.493	0.381	0.720	0.758	0.427	0.453	0.150	0.144	0.153	0.164	0.735	0.751	0.501	0.417	0.749	0.783	0.383	0.446	0.149	0.146	0.153	0.148	0.788	0.796	0.622	0.446	0.736	0.782	0.440	0.440	0.154	0.160	0.172	0.153	0.786	0.746	0.487	0.440	0.695	0.757	0.433	0.457
14:00:01	0.152	0.149	0.139	0.139	0.743	0.801	0.479	0.364	0.728	0.786	0.501	0.463	0.150	0.143	0.137	0.136	0.802	0.769	0.506	0.382	0.797	0.775	0.487	0.428	0.170	0.149	0.146	0.143	0.792	0.790	0.499	0.476	0.753	0.794	0.459	0.435	0.153	0.146	0.140	0.148	0.682	0.708	0.502	0.387	0.761	0.765	0.442	0.451	0.153	0.145	0.147	0.138	0.837	0.817	0.499	0.385	0.719	0.750	0.433	0.456	0.150	0.143	0.153	0.163	0.740	0.759	0.503	0.421	0.756	0.791	0.389	0.450	0.149	0.145	0.152	0.147	0.793	0.804	0.622	0.452	0.754	0.774	0.446	0.451	0.154	0.155	0.172	0.153	0.786	0.755	0.499	0.450	0.699	0.762	0.443	0.464
14:20:01	0.151	0.149	0.140	0.139	0.756	0.815	0.483	0.368	0.742	0.791	0.506	0.473	0.151	0.143	0.136	0.136	0.806	0.785	0.508	0.387	0.790	0.782	0.491	0.435	0.170	0.149	0.146	0.143	0.791	0.736	0.502	0.478	0.760	0.798	0.462	0.439	0.153	0.146	0.140	0.149	0.684	0.713	0.503	0.385	0.776	0.759	0.445	0.455	0.153	0.145	0.147	0.138	0.845	0.818	0.496	0.387	0.724	0.752	0.436	0.459	0.150	0.143	0.153	0.163	0.747	0.770	0.501	0.421	0.755	0.788	0.391	0.452	0.149	0.145	0.153	0.148	0.802	0.800	0.625	0.451	0.752	0.778	0.448	0.453	0.154	0.157	0.173	0.152	0.783	0.762	0.494	0.444	0.707	0.763	0.446	0.464
14:40:01	0.151	0.149	0.140	0.139	0.758	0.806	0.486	0.366	0.751	0.796	0.509	0.479	0.153	0.142	0.136	0.136	0.810	0.809	0.509	0.389	0.783	0.787	0.493	0.438	0.169	0.149	0.145	0.143	0.792	0.735	0.503	0.481	0.776	0.803	0.465	0.441	0.155	0.146	0.140	0.149	0.687	0.716	0.505	0.385	0.784	0.767	0.449	0.456	0.153	0.145	0.147	0.138	0.850	0.824	0.497	0.390	0.750	0.742	0.440	0.460	0.150	0.143	0.153	0.165	0.749	0.779	0.503	0.424	0.750	0.806	0.395	0.453	0.149	0.145	0.153	0.147	0.809	0.795	0.626	0.454	0.734	0.785	0.453	0.457	0.154	0.158	0.174	0.153	0.780	0.770	0.500	0.445	0.721	0.764	0.448	0.467
15:00:01	0.152	0.149	0.140	0.139	0.757	0.788	0.486	0.366	0.753	0.799	0.511	0.482	0.150	0.142	0.136	0.136	0.815	0.825	0.509	0.391	0.772	0.782	0.494	0.440	0.170	0.149	0.145	0.143	0.788	0.727	0.505	0.483	0.782	0.815	0.467	0.444	0.153	0.146	0.139	0.148	0.691	0.717	0.506	0.390	0.788	0.777	0.453	0.460	0.153	0.145	0.147	0.138	0.848	0.824	0.500	0.392	0.756	0.748	0.443	0.462	0.150	0.143	0.152	0.163	0.749	0.783	0.504	0.427	0.747	0.807	0.402	0.455	0.149	0.145	0.152	0.148	0.811	0.783	0.648	0.455	0.729	0.786	0.457	0.463	0.154	0.161	0.174	0.153	0.775	0.774	0.504	0.449	0.732	0.777	0.456	0.471
15:20:01	0.151	0.148	0.139	0.138	0.756	0.789	0.479	0.363	0.754	0.806	0.510	0.480	0.154	0.143	0.136	0.136	0.812	0.834	0.509	0.392	0.763	0.779	0.494	0.439	0.170	0.149	0.145	0.143	0.782	0.728	0.507	0.484	0.791	0.827	0.469	0.447	0.153	0.146	0.139	0.148	0.695	0.718	0.505	0.394	0.792	0.775	0.457	0.464	0.153	0.145	0.147	0.138	0.830	0.812	0.497	0.394	0.763	0.750	0.449	0.466	0.150	0.143	0.152	0.162	0.749	0.790	0.504	0.430	0.745	0.808	0.410	0.459	0.149	0.145	0.152	0.147	0.806	0.774	0.657	0.460	0.695	0.785	0.463	0.474	0.154	0.155	0.171	0.152	0.770	0.779	0.515	0.462	0.733	0.787	0.470	0.480
15:40:01	0.151	0.149	0.140	0.139	0.754	0.780	0.487	0.369	0.754	0.810	0.515	0.490	0.153	0.142	0.136	0.135	0.816	0.846	0.510	0.397	0.762	0.779	0.497	0.446	0.169	0.149	0.145	0.142	0.780	0.742	0.508	0.484	0.800	0.834	0.473	0.449	0.152	0.146	0.139	0.148	0.705	0.720	0.507	0.396	0.796	0.784	0.460	0.465	0.153	0.145	0.147	0.137	0.802	0.804	0.502	0.395	0.784	0.751	0.450	0.466	0.149	0.143	0.152	0.162	0.745	0.797	0.507	0.433	0.738	0.817	0.412	0.460	0.149	0.145	0.152	0.146	0.788	0.769	0.654	0.458	0.693	0.802	0.467	0.473	0.154	0.161	0.173	0.152	0.766	0.788	0.513	0.456	0.735	0.787	0.470	0.479
16:00:01	0.151	0.148	0.140	0.139	0.752	0.750	0.485	0.370	0.751	0.817	0.516	0.491	0.150	0.142	0.136	0.136	0.817	0.861	0.515	0.398	0.761	0.778	0.498	0.448	0.169	0.149	0.146	0.142	0.774	0.750	0.508	0.482	0.807	0.833	0.476	0.452	0.156	0.145	0.139	0.148	0.715	0.721	0.507	0.397	0.801	0.793	0.463	0.469	0.153	0.145	0.147	0.137	0.763	0.782	0.497	0.395	0.792	0.760	0.455	0.469	0.149	0.143	0.153	0.164	0.743	0.799	0.503	0.434	0.753	0.821	0.420	0.461	0.149	0.145	0.151	0.146	0.765	0.765	0.666	0.459	0.697	0.812	0.470	0.480	0.154	0.160	0.175	0.152	0.763	0.790	0.516	0.461	0.735	0.788	0.481	0.484
16:20:01	0.152	0.148	0.139	0.139	0.751	0.742	0.480	0.374	0.749	0.823	0.516	0.490	0.153	0.143	0.136	0.136	0.818	0.863	0.510	0.398	0.761	0.783	0.498	0.448	0.169	0.149	0.146	0.143	0.771	0.759	0.510	0.485	0.812	0.836	0.477	0.454	0.156	0.145	0.139	0.148	0.718	0.721	0.508	0.400	0.805	0.802	0.466	0.471	0.153	0.145	0.146	0.137	0.749	0.767	0.502	0.398	0.796	0.785	0.460	0.472	0.150	0.143	0.152	0.162	0.742	0.806	0.505	0.438	0.756	0.822	0.428	0.467	0.149	0.145	0.151	0.147	0.755	0.764	0.661	0.465	0.706	0.823	0.478	0.488	0.154	0.155	0.170	0.152	0.760	0.787	0.528	0.474	0.737	0.789	0.490	0.491
16:40:01	0.151	0.149	0.140	0.139	0.749	0.739	0.487	0.377	0.745	0.825	0.521	0.498	0.153	0.142	0.136	0.136	0.816	0.870	0.514	0.401	0.761	0.789	0.501	0.453	0.169	0.149	0.146	0.142	0.768	0.763	0.512	0.486	0.816	0.838	0.480	0.457	0.156	0.145	0.139	0.148	0.721	0.723	0.509	0.400	0.807	0.820	0.468	0.474	0.153	0.145	0.147	0.137	0.742	0.757	0.498	0.398	0.802	0.802	0.461	0.473	0.149	0.143	0.152	0.162	0.738	0.810	0.506	0.439	0.739	0.826	0.431	0.464	0.148	0.145	0.151	0.146	0.745	0.760	0.658	0.463	0.715	0.832	0.479	0.489	0.154	0.160	0.169	0.152	0.757	0.781	0.524	0.468	0.739	0.789	0.492	0.490
17:00:01	0.151	0.148	0.139	0.138	0.748	0.742	0.482	0.373	0.743	0.827	0.521	0.496	0.150	0.143	0.135	0.135	0.822	0.860	0.511	0.402	0.761	0.790	0.501	0.454	0.169	0.149	0.145	0.143	0.765	0.765	0.510	0.486	0.815	0.839	0.481	0.458	0.153	0.145	0.139	0.147	0.721	0.727	0.508	0.402	0.807	0.824	0.472	0.475	0.153	0.145	0.146	0.137	0.741	0.754	0.502	0.401	0.802	0.812	0.467	0.475	0.150	0.143	0.152	0.162	0.737	0.811	0.505	0.443	0.726	0.828	0.438	0.470	0.148	0.145	0.151	0.146	0.744	0.759	0.645	0.469	0.728	0.843	0.486	0.496	0.154	0.157	0.172	0.152	0.754	0.778	0.535	0.479	0.742	0.787	0.501	0.496
17:20:01	0.151	0.148	0.140	0.139	0.746	0.742	0.491	0.377	0.740	0.827	0.526	0.505	0.153	0.142	0.135	0.135	0.823	0.818	0.515	0.406	0.760	0.787	0.505	0.459	0.169	0.149	0.146	0.142	0.762	0.764	0.512	0.486	0.809	0.842	0.483	0.461	0.154	0.145	0.139	0.148	0.724	0.727	0.510	0.407	0.805	0.833	0.474	0.477	0.153	0.145	0.146	0.137	0.741	0.752	0.500	0.402	0.797	0.816	0.469	0.476	0.149	0.143	0.154	0.163	0.733	0.801	0.506	0.443	0.715	0.831	0.439	0.468	0.148	0.145	0.151	0.147	0.743	0.756	0.659	0.467	0.728	0.842	0.487	0.497	0.154	0.160	0.173	0.151	0.752	0.773	0.532	0.475	0.744	0.784	0.503	0.496
17:40:01	0.151	0.148	0.139	0.138	0.744	0.743	0.485	0.372	0.738	0.827	0.525	0.502	0.150	0.142	0.135	0.135	0.819	0.764	0.513	0.407	0.758	0.785	0.504	0.459	0.169	0.148	0.145	0.143	0.760	0.764	0.512	0.489	0.792	0.839	0.483	0.462	0.155	0.145	0.139	0.147	0.726	0.728	0.511	0.409	0.799	0.839	0.477	0.479	0.153	0.145	0.146	0.137	0.742	0.748	0.502	0.406	0.786	0.822	0.472	0.478	0.149	0.143	0.153	0.161	0.732	0.790	0.508	0.446	0.712	0.829	0.445	0.472	0.148	0.145	0.151	0.146	0.744	0.755	0.654	0.473	0.724	0.833	0.493	0.502	0.154	0.156	0.173	0.151	0.750	0.772	0.541	0.485	0.747	0.783	0.510	0.502
18:00:02	0.151	0.148	0.139	0.138	0.743	0.743	0.488	0.378	0.735	0.827	0.528	0.507	0.151	0.142	0.135	0.135	0.821	0.737	0.516	0.408	0.757	0.783	0.506	0.462	0.169	0.148	0.145	0.142	0.758	0.763	0.511	0.488	0.769	0.829	0.485	0.463	0.153	0.145	0.139	0.147	0.725	0.733	0.511	0.409	0.788	0.844	0.480	0.481	0.153	0.145	0.146	0.137	0.742	0.746	0.507	0.408	0.751	0.829	0.475	0.479	0.149	0.142	0.153	0.161	0.729	0.762	0.509	0.446	0.708	0.813	0.449	0.473	0.148	0.144	0.151	0.145	0.743	0.753	0.660	0.474	0.722	0.803	0.496	0.505	0.154	0.156	0.172	0.151	0.747	0.770	0.544	0.488	0.749	0.781	0.516	0.505
18:20:02	0.151	0.148	0.139	0.138	0.741	0.744	0.490	0.377	0.734	0.826	0.529	0.510	0.151	0.142	0.135	0.135	0.832	0.735	0.514	0.409	0.755	0.780	0.508	0.464	0.169	0.148	0.145	0.143	0.756	0.762	0.514	0.489	0.748	0.814	0.486	0.465	0.155	0.145	0.139	0.147	0.725	0.737	0.511	0.409	0.768	0.847	0.482	0.483	0.153	0.145	0.145	0.136	0.743	0.743	0.505	0.408	0.710	0.834	0.478	0.480	0.149	0.142	0.153	0.161	0.727	0.743	0.508	0.447	0.706	0.789	0.454	0.474	0.148	0.144	0.150	0.145	0.740	0.753	0.661	0.476	0.719	0.774	0.500	0.508	0.154	0.155	0.168	0.151	0.745	0.768	0.547	0.491	0.751	0.780	0.521	0.507
18:40:02	0.150	0.148	0.139	0.138	0.739	0.743	0.491	0.380	0.732	0.825	0.532	0.513	0.153	0.142	0.135	0.135	0.829	0.736	0.517	0.410	0.754	0.778	0.510	0.467	0.168	0.148	0.144	0.142	0.753	0.760	0.512	0.492	0.731	0.798	0.487	0.466	0.153	0.145	0.139	0.147	0.724	0.740	0.513	0.412	0.747	0.849	0.485	0.484	0.153	0.144	0.145	0.137	0.742	0.742	0.505	0.409	0.695	0.839	0.481	0.482	0.149	0.142	0.152	0.161	0.725	0.737	0.509	0.448	0.705	0.774	0.458	0.477	0.148	0.144	0.150	0.146	0.738	0.751	0.663	0.479	0.718	0.754	0.503	0.510	0.154	0.155	0.167	0.151	0.744	0.766	0.550	0.494	0.753	0.777	0.527	0.509
19:00:02	0.150	0.148	0.140	0.139	0.738	0.743	0.497	0.384	0.733	0.824	0.537	0.521	0.151	0.142	0.135	0.135	0.846	0.741	0.517	0.415	0.753	0.775	0.514	0.472	0.168	0.148	0.145	0.142	0.752	0.756	0.515	0.491	0.724	0.791	0.490	0.468	0.156	0.145	0.139	0.147	0.723	0.743	0.514	0.414	0.734	0.847	0.487	0.488	0.152	0.145	0.146	0.136	0.742	0.741	0.508	0.410	0.692	0.844	0.481	0.483	0.149	0.142	0.152	0.161	0.722	0.737	0.509	0.448	0.706	0.767	0.460	0.477	0.148	0.144	0.150	0.145	0.736	0.750	0.674	0.476	0.716	0.744	0.504	0.511	0.153	0.160	0.168	0.152	0.743	0.763	0.547	0.491	0.753	0.776	0.530	0.510
19:20:02	0.150	0.148	0.140	0.139	0.736	0.742	0.502	0.390	0.733	0.823	0.539	0.524	0.153	0.142	0.135	0.135	0.843	0.742	0.518	0.416	0.752	0.773	0.515	0.474	0.168	0.148	0.145	0.142	0.750	0.751	0.514	0.494	0.719	0.783	0.492	0.469	0.156	0.145	0.139	0.147	0.727	0.746	0.514	0.415	0.728	0.838	0.488	0.487	0.152	0.145	0.146	0.136	0.741	0.739	0.509	0.414	0.692	0.847	0.484	0.484	0.149	0.142	0.152	0.162	0.720	0.735	0.510	0.450	0.706	0.765	0.464	0.479	0.148	0.145	0.150	0.146	0.734	0.750	0.678	0.479	0.715	0.744	0.508	0.514	0.153	0.160	0.167	0.152	0.742	0.762	0.550	0.496	0.754	0.775	0.534	0.512
19:40:02	0.151	0.148	0.140	0.139	0.735	0.741	0.506	0.394	0.732	0.820	0.541	0.529	0.153	0.142	0.135	0.135	0.843	0.744	0.520	0.419	0.751	0.772	0.517	0.476	0.167	0.148	0.144	0.142	0.750	0.747	0.515	0.495	0.716	0.784	0.493	0.470	0.152	0.145	0.139	0.147	0.730	0.751	0.517	0.417	0.725	0.808	0.490	0.490	0.152	0.145	0.146	0.136	0.741	0.739	0.511	0.417	0.694	0.851	0.484	0.485	0.149	0.142	0.155	0.160	0.719	0.734	0.511	0.452	0.707	0.762	0.468	0.482	0.149	0.144	0.150	0.145	0.733	0.750	0.678	0.482	0.714	0.746	0.513	0.515	0.153	0.162	0.166	0.152	0.744	0.763	0.554	0.499	0.757	0.774	0.535	0.514
20:00:02	0.150	0.147	0.139	0.138	0.734	0.738	0.499	0.388	0.732	0.820	0.541	0.525	0.153	0.142	0.135	0.135	0.841	0.743	0.518	0.417	0.750	0.769	0.517	0.476	0.168	0.148	0.144	0.142	0.746	0.742	0.516	0.498	0.718	0.781	0.494	0.471	0.152	0.144	0.138	0.146	0.728	0.754	0.516	0.419	0.725	0.746	0.492	0.491	0.152	0.144	0.145	0.136	0.739	0.736	0.512	0.418	0.695	0.852	0.489	0.487	0.149	0.142	0.152	0.160	0.718	0.731	0.512	0.452	0.705	0.757	0.474	0.482	0.148	0.144	0.150	0.145	0.732	0.749	0.677	0.488	0.711	0.745	0.518	0.518	0.154	0.156	0.167	0.151	0.742	0.762	0.560	0.508	0.756	0.773	0.543	0.517
20:20:02	0.150	0.147	0.139	0.138	0.733	0.735	0.501	0.385	0.732	0.817	0.543	0.528	0.153	0.142	0.135	0.135	0.839	0.742	0.519	0.418	0.748	0.767	0.519	0.479	0.168	0.148	0.144	0.142	0.743	0.738	0.517	0.496	0.718	0.780	0.496	0.472	0.155	0.144	0.138	0.146	0.728	0.756	0.518	0.421	0.725	0.731	0.494	0.493	0.152	0.144	0.146	0.136	0.738	0.734	0.515	0.419	0.697	0.852	0.491	0.488	0.149	0.142	0.153	0.159	0.716	0.729	0.513	0.459	0.704	0.754	0.478	0.485	0.148	0.144	0.150	0.145	0.729	0.747	0.659	0.490	0.710	0.742	0.520	0.520	0.153	0.155	0.166	0.151	0.741	0.761	0.562	0.510	0.756	0.771	0.547	0.518
20:40:02	0.150	0.147	0.139	0.138	0.731	0.733	0.506	0.393	0.732	0.814	0.546	0.532	0.153	0.142	0.135	0.135	0.842	0.743	0.520	0.419	0.746	0.765	0.520	0.483	0.167	0.148	0.144	0.142	0.742	0.734	0.517	0.501	0.718	0.779	0.498	0.473	0.154	0.144	0.138	0.147	0.722	0.754	0.517	0.422	0.726	0.731	0.495	0.495	0.152	0.144	0.146	0.136	0.737	0.732	0.516	0.420	0.698	0.848	0.492	0.490	0.149	0.142	0.151	0.159	0.713	0.728	0.514	0.459	0.705	0.752	0.482	0.487	0.148	0.144	0.149	0.145	0.728	0.746	0.641	0.490	0.709	0.740	0.523	0.521	0.153	0.155	0.167	0.151	0.740	0.760	0.563	0.513	0.756	0.771	0.552	0.519
21:00:02	0.150	0.147	0.139	0.138	0.730	0.730	0.505	0.393	0.732	0.809	0.547	0.534	0.153	0.142	0.135	0.135	0.841	0.743	0.519	0.419	0.744	0.763	0.522	0.486	0.168	0.148	0.144	0.142	0.740	0.730	0.520	0.500	0.719	0.777	0.500	0.475	0.154	0.144	0.138	0.147	0.719	0.753	0.520	0.424	0.727	0.732	0.497	0.497	0.153	0.144	0.146	0.136	0.736	0.730	0.517	0.424	0.698	0.835	0.494	0.491	0.149	0.142	0.152	0.159	0.712	0.726	0.515	0.460	0.704	0.750	0.487	0.488	0.148	0.144	0.149	0.146	0.726	0.744	0.632	0.491	0.707	0.739	0.525	0.523	0.154	0.155	0.167	0.151	0.740	0.757	0.564	0.515	0.756	0.770	0.554	0.520
21:20:02	0.150	0.147	0.139	0.139	0.729	0.728	0.510	0.397	0.732	0.806	0.551	0.541	0.153	0.142	0.135	0.135	0.843	0.744	0.523	0.421	0.742	0.761	0.526	0.490	0.168	0.148	0.144	0.141	0.738	0.726	0.519	0.504	0.719	0.774	0.502	0.476	0.154	0.144	0.138	0.147	0.720	0.751	0.520	0.424	0.727	0.734	0.498	0.499	0.152	0.144	0.146	0.136	0.735	0.728	0.517	0.424	0.699	0.797	0.495	0.494	0.149	0.142	0.152	0.159	0.708	0.725	0.514	0.460	0.703	0.749	0.487	0.488	0.148	0.144	0.149	0.147	0.724	0.740	0.632	0.489	0.707	0.737	0.525	0.525	0.153	0.160	0.166	0.151	0.741	0.753	0.563	0.512	0.756	0.768	0.555	0.518
21:40:02	0.150	0.147	0.139	0.138	0.729	0.724	0.509	0.399	0.733	0.802	0.551	0.541	0.153	0.142	0.135	0.135	0.841	0.741	0.523	0.420	0.740	0.760	0.526	0.489	0.168	0.148	0.144	0.142	0.736	0.723	0.522	0.503	0.719	0.773	0.503	0.477	0.153	0.144	0.139	0.147	0.717	0.753	0.520	0.426	0.728	0.736	0.501	0.501	0.153	0.144	0.147	0.136	0.735	0.724	0.520	0.426	0.699	0.742	0.498	0.494	0.149	0.142	0.154	0.159	0.708	0.723	0.517	0.465	0.702	0.747	0.492	0.493	0.148	0.144	0.150	0.145	0.723	0.743	0.638	0.492	0.706	0.737	0.530	0.529	0.154	0.155	0.167	0.151	0.740	0.756	0.567	0.520	0.757	0.768	0.561	0.521
22:00:02	0.150	0.147	0.139	0.139	0.728	0.720	0.515	0.402	0.732	0.799	0.555	0.547	0.153	0.142	0.134	0.135	0.844	0.740	0.524	0.431	0.739	0.759	0.529	0.493	0.168	0.148	0.144	0.142	0.734	0.718	0.522	0.507	0.721	0.770	0.506	0.479	0.155	0.144	0.139	0.147	0.737	0.751	0.523	0.427	0.728	0.737	0.502	0.502	0.152	0.144	0.145	0.136	0.733	0.726	0.520	0.426	0.699	0.717	0.499	0.497	0.149	0.142	0.151	0.159	0.705	0.721	0.516	0.465	0.702	0.746	0.493	0.495	0.148	0.144	0.149	0.145	0.721	0.744	0.642	0.490	0.705	0.735	0.530	0.528	0.153	0.160	0.168	0.151	0.740	0.753	0.565	0.517	0.755	0.765	0.561	0.522
22:20:02	0.151	0.147	0.140	0.139	0.727	0.717	0.519	0.407	0.733	0.797	0.557	0.550	0.153	0.142	0.134	0.135	0.846	0.740	0.526	0.430	0.737	0.756	0.531	0.494	0.166	0.148	0.144	0.141	0.733	0.715	0.523	0.506	0.722	0.769	0.507	0.480	0.155	0.144	0.139	0.147	0.723	0.751	0.523	0.429	0.728	0.736	0.503	0.505	0.152	0.144	0.146	0.135	0.732	0.725	0.522	0.429	0.698	0.716	0.501	0.496	0.149	0.142	0.151	0.159	0.704	0.720	0.517	0.463	0.701	0.745	0.495	0.497	0.148	0.144	0.149	0.145	0.719	0.739	0.645	0.491	0.705	0.734	0.532	0.529	0.153	0.159	0.168	0.151	0.740	0.752	0.566	0.519	0.755	0.765	0.564	0.524
22:40:02	0.150	0.147	0.139	0.139	0.727	0.713	0.520	0.412	0.733	0.794	0.559	0.553	0.153	0.142	0.134	0.135	0.840	0.737	0.528	0.429	0.737	0.756	0.532	0.496	0.167	0.148	0.144	0.142	0.731	0.710	0.525	0.509	0.719	0.766	0.509	0.481	0.153	0.144	0.138	0.146	0.727	0.745	0.522	0.430	0.728	0.736	0.504	0.507	0.152	0.144	0.146	0.135	0.731	0.728	0.523	0.432	0.698	0.720	0.504	0.497	0.149	0.142	0.151	0.159	0.703	0.718	0.517	0.469	0.701	0.743	0.497	0.497	0.148	0.144	0.149	0.146	0.717	0.737	0.648	0.493	0.703	0.732	0.535	0.529	0.153	0.161	0.167	0.152	0.741	0.749	0.568	0.520	0.754	0.763	0.565	0.524
23:00:02	0.150	0.147	0.138	0.138	0.727	0.708	0.519	0.406	0.732	0.789	0.566	0.552	0.153	0.142	0.134	0.135	0.826	0.734	0.527	0.432	0.735	0.754	0.532	0.495	0.167	0.148	0.143	0.142	0.729	0.708	0.526	0.511	0.720	0.766	0.509	0.482	0.155	0.144	0.138	0.146	0.732	0.737	0.525	0.434	0.727	0.734	0.507	0.509	0.152	0.144	0.145	0.136	0.730	0.726	0.525	0.431	0.697	0.724	0.507	0.500	0.149	0.142	0.152	0.158	0.703	0.718	0.520	0.474	0.700	0.742	0.502	0.498	0.148	0.144	0.149	0.145	0.717	0.733	0.649	0.496	0.702	0.733	0.540	0.530	0.154	0.155	0.169	0.151	0.740	0.750	0.574	0.526	0.754	0.764	0.570	0.525
23:20:02	0.150	0.147	0.139	0.138	0.727	0.704	0.522	0.410	0.732	0.785	0.572	0.555	0.152	0.142	0.134	0.135	0.800	0.730	0.527	0.434	0.734	0.752	0.534	0.496	0.167	0.147	0.143	0.142	0.729	0.705	0.526	0.511	0.720	0.764	0.511	0.484	0.155	0.144	0.138	0.146	0.736	0.740	0.527	0.434	0.726	0.733	0.508	0.510	0.152	0.144	0.144	0.135	0.728	0.723	0.526	0.433	0.697	0.729	0.508	0.501	0.148	0.141	0.151	0.158	0.701	0.716	0.521	0.472	0.698	0.740	0.506	0.499	0.148	0.144	0.149	0.145	0.716	0.733	0.648	0.497	0.702	0.732	0.542	0.530	0.153	0.155	0.168	0.151	0.740	0.750	0.583	0.528	0.754	0.762	0.573	0.525
23:40:02	0.149	0.147	0.139	0.139	0.726	0.701	0.530	0.424	0.730	0.782	0.573	0.560	0.152	0.141	0.134	0.135	0.785	0.729	0.531	0.435	0.733	0.749	0.537	0.499	0.166	0.148	0.143	0.141	0.731	0.701	0.528	0.514	0.721	0.762	0.513	0.484	0.154	0.144	0.138	0.146	0.741	0.753	0.527	0.436	0.724	0.732	0.509	0.510	0.152	0.144	0.145	0.135	0.728	0.714	0.527	0.438	0.698	0.732	0.508	0.504	0.148	0.142	0.151	0.158	0.700	0.714	0.521	0.471	0.697	0.739	0.505	0.499	0.148	0.144	0.149	0.144	0.714	0.731	0.645	0.496	0.704	0.729	0.543	0.529	0.153	0.161	0.167	0.153	0.745	0.749	0.584	0.525	0.755	0.762	0.572	0.525
24:00:02	0.150	0.147	0.139	0.138	0.726	0.695	0.530	0.420	0.731	0.779	0.572	0.559	0.152	0.142	0.134	0.135	0.773	0.726	0.531	0.437	0.733	0.748	0.537	0.499	0.167	0.148	0.143	0.142	0.731	0.699	0.530	0.516	0.719	0.763	0.514	0.485	0.155	0.144	0.138	0.146	0.741	0.758	0.528	0.439	0.724	0.732	0.511	0.511	0.153	0.144	0.144	0.136	0.728	0.714	0.530	0.439	0.698	0.734	0.511	0.505	0.149	0.142	0.152	0.158	0.701	0.713	0.523	0.476	0.697	0.739	0.511	0.500	0.148	0.144	0.149	0.144	0.714	0.731	0.644	0.500	0.703	0.729	0.549	0.531	0.153	0.157	0.165	0.153	0.746	0.751	0.587	0.530	0.756	0.763	0.577	0.526
24:20:02	0.149	0.147	0.139	0.139	0.727	0.692	0.532	0.427	0.729	0.776	0.572	0.562	0.152	0.142	0.134	0.135	0.751	0.722	0.533	0.444	0.729	0.746	0.539	0.502	0.168	0.148	0.143	0.141	0.725	0.694	0.531	0.515	0.717	0.759	0.517	0.487	0.154	0.144	0.138	0.146	0.743	0.758	0.529	0.439	0.723	0.729	0.512	0.512	0.152	0.144	0.145	0.135	0.725	0.709	0.528	0.437	0.697	0.736	0.513	0.506	0.152	0.141	0.152	0.158	0.696	0.710	0.523	0.473	0.696	0.736	0.512	0.500	0.148	0.144	0.149	0.145	0.711	0.729	0.639	0.496	0.702	0.726	0.547	0.528	0.153	0.160	0.168	0.153	0.746	0.746	0.582	0.528	0.752	0.759	0.578	0.522
24:40:02	0.150	0.147	0.139	0.138	0.727	0.687	0.532	0.422	0.729	0.774	0.568	0.561	0.152	0.142	0.134	0.135	0.749	0.718	0.533	0.437	0.730	0.745	0.543	0.502	0.168	0.147	0.143	0.142	0.725	0.692	0.531	0.517	0.718	0.758	0.517	0.488	0.155	0.144	0.138	0.146	0.743	0.757	0.530	0.441	0.723	0.728	0.514	0.512	0.152	0.144	0.146	0.135	0.723	0.708	0.530	0.443	0.696	0.737	0.516	0.508	0.149	0.141	0.151	0.158	0.697	0.708	0.525	0.473	0.694	0.734	0.518	0.501	0.148	0.144	0.148	0.145	0.709	0.727	0.638	0.498	0.701	0.726	0.552	0.529	0.153	0.155	0.165	0.152	0.742	0.749	0.583	0.532	0.749	0.760	0.582	0.524
25:00:02	0.149	0.147	0.139	0.139	0.727	0.683	0.538	0.430	0.725	0.764	0.567	0.564	0.152	0.142	0.134	0.135	0.746	0.715	0.535	0.445	0.727	0.742	0.551	0.504	0.166	0.148	0.143	0.141	0.726	0.688	0.533	0.519	0.717	0.756	0.520	0.490	0.154	0.144	0.138	0.146	0.750	0.754	0.533	0.445	0.721	0.727	0.514	0.513	0.152	0.144	0.146	0.135	0.722	0.708	0.530	0.443	0.695	0.737	0.516	0.507	0.148	0.141	0.151	0.158	0.694	0.705	0.528	0.473	0.693	0.733	0.518	0.500	0.148	0.144	0.149	0.145	0.707	0.725	0.635	0.497	0.702	0.723	0.552	0.527	0.154	0.160	0.165	0.152	0.739	0.746	0.579	0.530	0.745	0.757	0.582	0.522
25:20:02	0.149	0.147	0.139	0.139	0.727	0.679	0.542	0.434	0.725	0.760	0.564	0.564	0.152	0.142	0.134	0.135	0.748	0.712	0.536	0.450	0.726	0.739	0.553	0.505	0.166	0.148	0.143	0.141	0.723	0.685	0.535	0.519	0.715	0.754	0.521	0.491	0.154	0.144	0.138	0.146	0.754	0.752	0.533	0.446	0.721	0.726	0.516	0.513	0.152	0.144	0.145	0.135	0.720	0.704	0.531	0.443	0.694	0.737	0.519	0.508	0.151	0.141	0.150	0.159	0.693	0.704	0.533	0.475	0.690	0.731	0.521	0.500	0.148	0.144	0.149	0.144	0.705	0.724	0.633	0.498	0.701	0.722	0.555	0.526	0.153	0.159	0.165	0.152	0.739	0.746	0.577	0.531	0.745	0.755	0.584	0.521
25:40:02	0.150	0.146	0.139	0.139	0.727	0.676	0.553	0.438	0.725	0.758	0.562	0.565	0.152	0.142	0.134	0.135	0.753	0.708	0.537	0.448	0.725	0.738	0.553	0.506	0.166	0.148	0.143	0.141	0.721	0.681	0.536	0.522	0.714	0.753	0.522	0.491	0.154	0.144	0.138	0.146	0.759	0.751	0.534	0.447	0.719	0.725	0.517	0.514	0.152	0.144	0.145	0.135	0.719	0.701	0.535	0.445	0.694	0.736	0.520	0.509	0.148	0.141	0.151	0.158	0.691	0.701	0.533	0.473	0.689	0.728	0.524	0.501	0.148	0.144	0.148	0.145	0.703	0.723	0.631	0.498	0.702	0.721	0.557	0.526	0.154	0.158	0.166	0.150	0.740	0.744	0.575	0.531	0.742	0.755	0.587	0.520
26:00:02	0.150	0.146	0.139	0.139	0.728	0.671	0.559	0.439	0.722	0.757	0.560	0.566	0.152	0.142	0.134	0.135	0.759	0.705	0.540	0.452	0.723	0.736	0.552	0.507	0.166	0.148	0.143	0.141	0.721	0.678	0.536	0.523	0.714	0.751	0.524	0.492	0.154	0.143	0.138	0.146	0.763	0.751	0.538	0.448	0.718	0.724	0.518	0.514	0.152	0.144	0.145	0.135	0.718	0.697	0.537	0.445	0.690	0.736	0.522	0.508	0.148	0.141	0.152	0.157	0.690	0.700	0.533	0.474	0.688	0.726	0.527	0.501	0.148	0.144	0.148	0.145	0.701	0.721	0.630	0.499	0.703	0.719	0.560	0.525	0.154	0.159	0.166	0.150	0.738	0.745	0.573	0.531	0.740	0.752	0.589	0.519
26:20:02	0.150	0.146	0.138	0.138	0.728	0.666	0.560	0.436	0.718	0.753	0.556	0.565	0.152	0.142	0.134	0.135	0.763	0.701	0.545	0.448	0.724	0.734	0.551	0.507	0.166	0.148	0.143	0.142	0.715	0.676	0.538	0.523	0.717	0.750	0.524	0.493	0.154	0.143	0.138	0.145	0.768	0.751	0.539	0.449	0.716	0.723	0.521	0.515	0.152	0.144	0.145	0.135	0.716	0.694	0.541	0.447	0.690	0.737	0.525	0.510	0.152	0.141	0.151	0.158	0.692	0.699	0.534	0.477	0.687	0.725	0.532	0.501	0.148	0.144	0.148	0.144	0.700	0.721	0.629	0.500	0.702	0.719	0.565	0.527	0.155	0.155	0.165	0.150	0.740	0.747	0.573	0.533	0.741	0.749	0.594	0.520
26:40:02	0.150	0.146	0.139	0.139	0.727	0.663	0.563	0.444	0.718	0.749	0.555	0.566	0.152	0.141	0.134	0.135	0.769	0.699	0.553	0.451	0.722	0.731	0.550	0.508	0.167	0.147	0.143	0.141	0.717	0.671	0.545	0.526	0.712	0.748	0.526	0.493	0.153	0.143	0.138	0.145	0.772	0.752	0.542	0.449	0.715	0.721	0.521	0.514	0.152	0.144	0.144	0.135	0.715	0.691	0.546	0.447	0.688	0.735	0.525	0.509	0.148	0.141	0.150	0.157	0.690	0.697	0.532	0.475	0.685	0.723	0.532	0.500	0.148	0.144	0.148	0.145	0.698	0.719	0.627	0.499	0.702	0.717	0.565	0.525	0.155	0.159	0.164	0.151	0.737	0.742	0.569	0.531	0.738	0.743	0.595	0.518
27:00:02	0.150	0.146	0.139	0.139	0.728	0.659	0.565	0.449	0.717	0.747	0.554	0.567	0.152	0.141	0.134	0.135	0.773	0.696	0.556	0.455	0.720	0.728	0.548	0.509	0.166	0.148	0.143	0.141	0.715	0.668	0.549	0.531	0.713	0.747	0.531	0.494	0.153	0.143	0.138	0.146	0.776	0.758	0.546	0.450	0.715	0.721	0.522	0.515	0.152	0.144	0.145	0.135	0.714	0.691	0.546	0.447	0.689	0.735	0.527	0.510	0.148	0.141	0.151	0.160	0.689	0.695	0.532	0.476	0.684	0.720	0.536	0.500	0.148	0.144	0.148	0.144	0.697	0.719	0.625	0.499	0.700	0.716	0.568	0.525	0.155	0.160	0.164	0.151	0.737	0.741	0.568	0.531	0.732	0.737	0.606	0.517
27:20:02	0.150	0.146	0.139	0.139	0.728	0.655	0.566	0.451	0.714	0.744	0.552	0.567	0.152	0.141	0.134	0.135	0.773	0.692	0.557	0.454	0.720	0.726	0.545	0.509	0.166	0.148	0.143	0.141	0.712	0.665	0.554	0.534	0.712	0.745	0.537	0.495	0.153	0.143	0.138	0.146	0.778	0.759	0.547	0.451	0.716	0.720	0.524	0.515	0.152	0.144	0.145	0.135	0.713	0.688	0.545	0.448	0.687	0.733	0.528	0.510	0.151	0.141	0.152	0.157	0.689	0.693	0.532	0.477	0.682	0.719	0.538	0.499	0.148	0.144	0.148	0.144	0.696	0.717	0.623	0.498	0.699	0.716	0.570	0.524	0.154	0.161	0.164	0.151	0.740	0.741	0.566	0.531	0.726	0.732	0.609	0.517
27:40:02	0.149	0.146	0.138	0.138	0.727	0.650	0.564	0.446	0.716	0.740	0.550	0.565	0.152	0.142	0.134	0.135	0.769	0.688	0.556	0.453	0.718	0.724	0.542	0.509	0.167	0.147	0.142	0.141	0.711	0.662	0.555	0.538	0.711	0.745	0.538	0.495	0.153	0.143	0.138	0.145	0.777	0.764	0.548	0.451	0.714	0.717	0.526	0.515	0.152	0.144	0.144	0.135	0.711	0.685	0.545	0.449	0.686	0.734	0.531	0.511	0.149	0.141	0.150	0.157	0.690	0.693	0.531	0.477	0.681	0.717	0.543	0.500	0.148	0.144	0.148	0.144	0.695	0.715	0.623	0.500	0.700	0.714	0.576	0.525	0.155	0.155	0.165	0.150	0.734	0.741	0.567	0.531	0.726	0.731	0.610	0.517
28:00:02	0.149	0.146	0.139	0.139	0.727	0.648	0.566	0.455	0.715	0.736	0.549	0.567	0.152	0.142	0.134	0.135	0.767	0.685	0.558	0.458	0.717	0.720	0.540	0.510	0.167	0.147	0.143	0.141	0.716	0.658	0.555	0.540	0.708	0.742	0.538	0.495	0.153	0.143	0.138	0.145	0.767	0.767	0.548	0.451	0.714	0.717	0.526	0.515	0.152	0.144	0.146	0.135	0.709	0.681	0.543	0.449	0.684	0.730	0.532	0.510	0.148	0.141	0.151	0.158	0.688	0.690	0.528	0.476	0.680	0.714	0.543	0.498	0.148	0.144	0.148	0.144	0.693	0.712	0.620	0.498	0.701	0.713	0.575	0.524	0.155	0.159	0.164	0.151	0.729	0.738	0.563	0.529	0.723	0.728	0.604	0.515
28:20:02	0.149	0.146	0.139	0.139	0.727	0.644	0.566	0.460	0.711	0.733	0.548	0.566	0.152	0.142	0.134	0.135	0.764	0.681	0.559	0.457	0.716	0.718	0.537	0.510	0.166	0.147	0.143	0.141	0.712	0.654	0.557	0.540	0.709	0.741	0.536	0.496	0.153	0.143	0.137	0.145	0.755	0.769	0.549	0.452	0.710	0.715	0.527	0.514	0.152	0.144	0.144	0.135	0.709	0.678	0.542	0.448	0.683	0.730	0.535	0.509	0.151	0.141	0.151	0.159	0.688	0.689	0.526	0.477	0.679	0.712	0.546	0.497	0.148	0.144	0.148	0.144	0.692	0.711	0.620	0.498	0.701	0.712	0.578	0.524	0.155	0.159	0.165	0.151	0.720	0.738	0.562	0.529	0.720	0.727	0.601	0.515
28:40:02	0.150	0.146	0.139	0.139	0.725	0.641	0.568	0.465	0.716	0.729	0.545	0.567	0.151	0.141	0.133	0.134	0.764	0.679	0.560	0.462	0.717	0.716	0.535	0.510	0.166	0.147	0.142	0.141	0.713	0.652	0.559	0.543	0.710	0.740	0.534	0.496	0.153	0.143	0.138	0.145	0.746	0.771	0.549	0.453	0.713	0.715	0.529	0.513	0.152	0.144	0.144	0.134	0.708	0.677	0.542	0.451	0.686	0.729	0.540	0.509	0.152	0.141	0.149	0.157	0.692	0.690	0.524	0.476	0.680	0.711	0.547	0.496	0.148	0.143	0.148	0.144	0.694	0.709	0.620	0.499	0.704	0.713	0.582	0.524	0.154	0.163	0.166	0.151	0.742	0.738	0.563	0.530	0.720	0.726	0.597	0.515
29:00:02	0.150	0.146	0.139	0.139	0.725	0.637	0.565	0.465	0.712	0.726	0.545	0.566	0.152	0.141	0.133	0.134	0.760	0.674	0.559	0.460	0.711	0.712	0.532	0.510	0.166	0.147	0.142	0.141	0.706	0.647	0.558	0.542	0.707	0.738	0.530	0.497	0.152	0.143	0.137	0.145	0.719	0.770	0.547	0.452	0.709	0.713	0.534	0.514	0.152	0.143	0.145	0.134	0.705	0.671	0.539	0.449	0.683	0.728	0.543	0.509	0.148	0.141	0.151	0.157	0.687	0.685	0.521	0.477	0.676	0.708	0.551	0.495	0.147	0.143	0.148	0.144	0.691	0.707	0.618	0.497	0.701	0.711	0.582	0.523	0.154	0.160	0.165	0.151	0.723	0.735	0.559	0.528	0.719	0.724	0.596	0.513
29:20:02	0.149	0.146	0.139	0.139	0.724	0.633	0.565	0.470	0.708	0.720	0.543	0.566	0.152	0.141	0.133	0.134	0.758	0.670	0.559	0.460	0.713	0.709	0.530	0.510	0.165	0.147	0.142	0.141	0.706	0.643	0.559	0.543	0.707	0.736	0.526	0.499	0.153	0.143	0.137	0.145	0.702	0.769	0.545	0.453	0.707	0.712	0.539	0.513	0.152	0.143	0.143	0.134	0.704	0.668	0.537	0.449	0.682	0.726	0.541	0.509	0.151	0.141	0.150	0.156	0.687	0.684	0.518	0.476	0.674	0.705	0.555	0.495	0.147	0.143	0.147	0.144	0.690	0.704	0.617	0.497	0.702	0.710	0.585	0.524	0.154	0.160	0.164	0.150	0.736	0.734	0.557	0.527	0.721	0.722	0.594	0.513
29:40:02	0.149	0.146	0.138	0.138	0.723	0.629	0.563	0.464	0.711	0.720	0.541	0.566	0.152	0.142	0.133	0.135	0.756	0.666	0.557	0.459	0.713	0.706	0.529	0.510	0.167	0.147	0.142	0.141	0.704	0.640	0.559	0.543	0.705	0.735	0.523	0.498	0.154	0.143	0.137	0.145	0.692	0.768	0.544	0.453	0.710	0.710	0.542	0.514	0.152	0.144	0.144	0.135	0.703	0.665	0.537	0.450	0.681	0.726	0.540	0.511	0.149	0.141	0.151	0.157	0.689	0.682	0.518	0.477	0.673	0.704	0.559	0.496	0.148	0.144	0.147	0.144	0.691	0.703	0.617	0.498	0.701	0.710	0.590	0.524	0.155	0.155	0.164	0.150	0.716	0.734	0.558	0.528	0.728	0.722	0.597	0.515
30:00:02	0.149	0.146	0.139	0.139	0.723	0.627	0.563	0.474	0.709	0.716	0.540	0.566	0.152	0.141	0.133	0.134	0.756	0.664	0.557	0.463	0.712	0.702	0.527	0.510	0.165	0.147	0.142	0.141	0.704	0.635	0.559	0.543	0.703	0.733	0.521	0.499	0.154	0.143	0.137	0.146	0.683	0.764	0.543	0.453	0.707	0.709	0.540	0.513	0.152	0.143	0.145	0.134	0.703	0.663	0.534	0.449	0.679	0.725	0.536	0.509	0.149	0.141	0.150	0.156	0.688	0.680	0.515	0.477	0.673	0.702	0.560	0.494	0.147	0.143	0.147	0.144	0.690	0.702	0.616	0.496	0.702	0.708	0.591	0.522	0.154	0.160	0.165	0.150	0.713	0.730	0.555	0.526	0.718	0.721	0.591	0.513
30:20:02	0.150	0.146	0.139	0.139	0.722	0.624	0.561	0.478	0.709	0.713	0.539	0.566	0.151	0.141	0.133	0.134	0.754	0.661	0.557	0.466	0.712	0.700	0.526	0.509	0.166	0.147	0.142	0.141	0.703	0.631	0.558	0.543	0.702	0.731	0.518	0.499	0.154	0.143	0.137	0.157	0.681	0.753	0.542	0.453	0.706	0.708	0.538	0.512	0.152	0.143	0.144	0.134	0.702	0.660	0.533	0.450	0.677	0.723	0.533	0.508	0.152	0.141	0.150	0.157	0.688	0.678	0.514	0.475	0.671	0.699	0.561	0.492	0.147	0.143	0.147	0.144	0.688	0.700	0.615	0.496	0.701	0.708	0.600	0.522	0.154	0.160	0.163	0.150	0.715	0.728	0.554	0.526	0.719	0.720	0.589	0.513
30:40:02	0.150	0.145	0.139	0.139	0.719	0.622	0.561	0.484	0.704	0.708	0.537	0.566	0.151	0.141	0.133	0.134	0.755	0.658	0.556	0.467	0.713	0.697	0.524	0.509	0.164	0.147	0.142	0.141	0.707	0.628	0.558	0.544	0.704	0.731	0.516	0.498	0.154	0.143	0.137	0.155	0.684	0.750	0.542	0.455	0.709	0.707	0.536	0.511	0.152	0.144	0.143	0.134	0.703	0.658	0.533	0.453	0.678	0.722	0.530	0.507	0.151	0.141	0.150	0.157	0.693	0.678	0.513	0.478	0.672	0.699	0.563	0.491	0.148	0.143	0.147	0.143	0.692	0.699	0.617	0.498	0.703	0.709	0.611	0.522	0.155	0.162	0.163	0.150	0.716	0.730	0.554	0.527	0.722	0.723	0.587	0.514
31:00:02	0.150	0.145	0.139	0.138	0.719	0.619	0.558	0.484	0.703	0.703	0.536	0.566	0.151	0.141	0.133	0.134	0.750	0.654	0.554	0.466	0.710	0.693	0.523	0.509	0.165	0.147	0.142	0.141	0.701	0.624	0.556	0.542	0.700	0.729	0.514	0.499	0.153	0.143	0.137	0.155	0.686	0.727	0.539	0.454	0.706	0.704	0.534	0.511	0.152	0.143	0.143	0.134	0.699	0.654	0.529	0.451	0.674	0.720	0.527	0.508	0.150	0.141	0.149	0.159	0.688	0.674	0.510	0.476	0.668	0.695	0.570	0.490	0.147	0.143	0.147	0.144	0.688	0.695	0.614	0.495	0.700	0.705	0.611	0.522	0.154	0.160	0.163	0.149	0.711	0.727	0.551	0.524	0.721	0.719	0.587	0.512
31:20:02	0.149	0.145	0.138	0.137	0.717	0.614	0.555	0.484	0.703	0.699	0.534	0.565	0.151	0.141	0.133	0.134	0.749	0.650	0.552	0.465	0.709	0.691	0.521	0.508	0.165	0.146	0.142	0.141	0.700	0.620	0.554	0.540	0.699	0.728	0.512	0.499	0.154	0.143	0.137	0.150	0.691	0.722	0.538	0.454	0.705	0.703	0.533	0.511	0.152	0.143	0.143	0.134	0.698	0.651	0.528	0.451	0.673	0.719	0.527	0.508	0.152	0.141	0.149	0.160	0.690	0.672	0.510	0.476	0.667	0.692	0.581	0.490	0.148	0.143	0.147	0.143	0.687	0.695	0.614	0.495	0.699	0.705	0.614	0.523	0.154	0.155	0.163	0.149	0.716	0.727	0.552	0.525	0.726	0.721	0.589	0.513
31:40:02	0.148	0.145	0.139	0.138	0.715	0.614	0.555	0.489	0.697	0.696	0.533	0.566	0.152	0.141	0.133	0.134	0.748	0.648	0.551	0.468	0.708	0.687	0.520	0.508	0.166	0.147	0.142	0.141	0.700	0.615	0.553	0.539	0.698	0.726	0.510	0.500	0.153	0.143	0.137	0.152	0.694	0.707	0.536	0.454	0.703	0.700	0.530	0.509	0.152	0.143	0.143	0.134	0.697	0.647	0.526	0.450	0.672	0.717	0.523	0.506	0.150	0.141	0.151	0.157	0.688	0.669	0.508	0.476	0.666	0.690	0.584	0.487	0.147	0.143	0.147	0.144	0.686	0.691	0.613	0.494	0.700	0.704	0.611	0.521	0.154	0.160	0.162	0.150	0.711	0.726	0.549	0.522	0.727	0.719	0.585	0.511
32:00:02	0.149	0.146	0.138	0.137	0.713	0.610	0.552	0.488	0.697	0.693	0.531	0.565	0.151	0.141	0.133	0.134	0.746	0.644	0.549	0.467	0.708	0.684	0.518	0.508	0.166	0.146	0.142	0.141	0.699	0.611	0.552	0.537	0.696	0.725	0.508	0.499	0.153	0.143	0.137	0.156	0.697	0.702	0.534	0.455	0.703	0.698	0.529	0.509	0.152	0.144	0.142	0.134	0.694	0.644	0.525	0.451	0.670	0.716	0.523	0.507	0.152	0.141	0.151	0.155	0.691	0.667	0.507	0.476	0.664	0.687	0.586	0.488	0.148	0.143	0.147	0.143	0.685	0.690	0.613	0.494	0.699	0.703	0.612	0.523	0.155	0.155	0.163	0.149	0.713	0.723	0.550	0.523	0.726	0.721	0.587	0.512
32:20:02	0.149	0.145	0.139	0.138	0.712	0.609	0.553	0.497	0.695	0.690	0.530	0.567	0.151	0.141	0.133	0.134	0.747	0.644	0.549	0.471	0.708	0.681	0.518	0.507	0.164	0.147	0.142	0.141	0.702	0.608	0.552	0.539	0.697	0.723	0.507	0.499	0.152	0.143	0.137	0.151	0.702	0.698	0.534	0.456	0.705	0.698	0.526	0.507	0.152	0.144	0.143	0.134	0.696	0.642	0.525	0.453	0.671	0.715	0.520	0.505	0.150	0.141	0.149	0.155	0.692	0.667	0.507	0.477	0.665	0.686	0.584	0.486	0.148	0.143	0.148	0.143	0.689	0.690	0.615	0.495	0.702	0.704	0.611	0.522	0.155	0.162	0.162	0.150	0.715	0.723	0.549	0.523	0.729	0.722	0.582	0.512
32:40:02	0.150	0.145	0.139	0.137	0.711	0.605	0.549	0.489	0.699	0.687	0.529	0.567	0.152	0.141	0.133	0.134	0.744	0.638	0.546	0.468	0.705	0.677	0.516	0.507	0.166	0.146	0.142	0.141	0.697	0.604	0.549	0.536	0.695	0.722	0.506	0.499	0.154	0.143	0.137	0.144	0.704	0.694	0.532	0.455	0.701	0.694	0.527	0.507	0.152	0.143	0.142	0.134	0.691	0.638	0.522	0.451	0.667	0.713	0.520	0.506	0.150	0.141	0.151	0.155	0.689	0.661	0.505	0.475	0.661	0.683	0.583	0.487	0.147	0.143	0.147	0.143	0.683	0.687	0.613	0.493	0.699	0.701	0.608	0.523	0.155	0.155	0.163	0.149	0.713	0.720	0.548	0.522	0.727	0.720	0.586	0.512
33:00:02	0.149	0.145	0.139	0.138	0.710	0.604	0.550	0.493	0.692	0.685	0.529	0.569	0.152	0.141	0.133	0.134	0.743	0.636	0.545	0.471	0.704	0.674	0.515	0.507	0.165	0.147	0.142	0.141	0.697	0.599	0.548	0.535	0.693	0.720	0.505	0.500	0.152	0.143	0.137	0.144	0.708	0.695	0.530	0.455	0.701	0.693	0.524	0.506	0.152	0.143	0.142	0.134	0.690	0.634	0.520	0.450	0.665	0.711	0.518	0.504	0.152	0.141	0.149	0.155	0.686	0.661	0.503	0.476	0.660	0.681	0.577	0.484	0.147	0.143	0.147	0.143	0.683	0.684	0.613	0.492	0.699	0.698	0.604	0.521	0.154	0.160	0.162	0.149	0.709	0.717	0.545	0.521	0.726	0.717	0.583	0.511
33:20:02	0.149	0.145	0.139	0.138	0.708	0.602	0.548	0.492	0.689	0.681	0.528	0.569	0.152	0.141	0.133	0.134	0.741	0.632	0.543	0.472	0.703	0.672	0.514	0.506	0.165	0.147	0.142	0.141	0.698	0.595	0.547	0.534	0.692	0.719	0.503	0.500	0.153	0.143	0.137	0.144	0.708	0.697	0.529	0.455	0.698	0.690	0.523	0.505	0.152	0.143	0.142	0.134	0.689	0.631	0.518	0.451	0.664	0.709	0.516	0.504	0.151	0.141	0.149	0.155	0.686	0.659	0.502	0.474	0.659	0.677	0.573	0.483	0.147	0.143	0.147	0.143	0.682	0.683	0.612	0.491	0.698	0.697	0.602	0.521	0.154	0.160	0.163	0.150	0.711	0.717	0.544	0.520	0.725	0.718	0.581	0.509
33:40:02	0.148	0.145	0.139	0.137	0.706	0.601	0.547	0.493	0.687	0.680	0.526	0.571	0.152	0.141	0.133	0.134	0.739	0.629	0.542	0.472	0.701	0.669	0.513	0.505	0.165	0.147	0.142	0.140	0.697	0.591	0.546	0.533	0.690	0.717	0.502	0.500	0.153	0.143	0.137	0.144	0.707	0.700	0.527	0.455	0.698	0.690	0.522	0.504	0.152	0.143	0.142	0.134	0.688	0.627	0.518	0.450	0.662	0.708	0.515	0.503	0.150	0.141	0.149	0.155	0.686	0.656	0.501	0.474	0.657	0.676	0.569	0.483	0.147	0.143	0.146	0.143	0.681	0.681	0.612	0.490	0.699	0.695	0.600	0.521	0.154	0.160	0.162	0.150	0.712	0.715	0.543	0.519	0.724	0.717	0.581	0.510
34:00:02	0.148	0.145	0.139	0.137	0.705	0.598	0.545	0.494	0.685	0.677	0.525	0.581	0.151	0.140	0.133	0.134	0.739	0.626	0.540	0.473	0.701	0.666	0.511	0.505	0.165	0.147	0.142	0.140	0.696	0.587	0.544	0.531	0.689	0.716	0.500	0.500	0.153	0.142	0.136	0.144	0.706	0.704	0.526	0.455	0.698	0.688	0.521	0.503	0.152	0.143	0.142	0.134	0.686	0.625	0.516	0.451	0.660	0.706	0.514	0.502	0.149	0.140	0.149	0.154	0.685	0.654	0.500	0.473	0.657	0.672	0.566	0.482	0.147	0.143	0.147	0.143	0.680	0.678	0.612	0.490	0.697	0.694	0.597	0.522	0.154	0.160	0.162	0.150	0.712	0.715	0.542	0.519	0.724	0.718	0.580	0.509
34:20:02	0.149	0.145	0.139	0.137	0.703	0.597	0.544	0.493	0.686	0.675	0.524	0.584	0.151	0.140	0.133	0.134	0.738	0.623	0.539	0.474	0.700	0.663	0.510	0.504	0.165	0.147	0.142	0.141	0.695	0.584	0.542	0.530	0.688	0.714	0.499	0.500	0.152	0.142	0.136	0.144	0.704	0.708	0.525	0.455	0.698	0.686	0.520	0.502	0.152	0.143	0.142	0.134	0.685	0.622	0.514	0.450	0.659	0.704	0.513	0.501	0.150	0.140	0.150	0.154	0.684	0.653	0.499	0.474	0.656	0.671	0.563	0.481	0.147	0.143	0.146	0.143	0.680	0.676	0.612	0.489	0.696	0.692	0.595	0.522	0.154	0.160	0.166	0.150	0.712	0.713	0.541	0.518	0.727	0.719	0.580	0.509
34:40:02	0.148	0.145	0.139	0.138	0.701	0.594	0.543	0.494	0.683	0.674	0.524	0.585	0.151	0.141	0.133	0.134	0.737	0.620	0.537	0.474	0.699	0.661	0.509	0.503	0.165	0.147	0.142	0.141	0.693	0.581	0.541	0.528	0.687	0.713	0.497	0.499	0.153	0.143	0.137	0.144	0.703	0.709	0.523	0.455	0.696	0.684	0.518	0.501	0.152	0.143	0.142	0.134	0.684	0.619	0.513	0.450	0.658	0.702	0.512	0.501	0.152	0.141	0.148	0.154	0.684	0.650	0.498	0.472	0.655	0.668	0.560	0.480	0.147	0.143	0.146	0.143	0.679	0.675	0.612	0.489	0.696	0.691	0.593	0.522	0.155	0.160	0.164	0.149	0.715	0.710	0.539	0.518	0.724	0.718	0.580	0.509
35:00:03	0.148	0.145	0.139	0.138	0.698	0.593	0.542	0.496	0.684	0.671	0.522	0.585	0.151	0.141	0.133	0.134	0.738	0.619	0.537	0.476	0.702	0.659	0.508	0.503	0.164	0.146	0.141	0.141	0.697	0.578	0.541	0.528	0.688	0.713	0.496	0.499	0.153	0.143	0.137	0.144	0.703	0.712	0.523	0.457	0.697	0.683	0.517	0.500	0.151	0.143	0.142	0.134	0.687	0.618	0.514	0.453	0.658	0.701	0.511	0.499	0.151	0.141	0.149	0.154	0.687	0.652	0.499	0.474	0.657	0.667	0.558	0.479	0.147	0.143	0.146	0.143	0.682	0.674	0.614	0.491	0.699	0.692	0.594	0.523	0.155	0.162	0.163	0.149	0.718	0.714	0.541	0.520	0.724	0.721	0.577	0.511
35:20:03	0.147	0.145	0.139	0.137	0.698	0.591	0.540	0.494	0.681	0.670	0.522	0.584	0.151	0.141	0.133	0.134	0.735	0.616	0.535	0.475	0.698	0.655	0.508	0.502	0.165	0.147	0.141	0.140	0.692	0.575	0.538	0.526	0.685	0.710	0.495	0.499	0.152	0.142	0.136	0.146	0.700	0.710	0.521	0.455	0.694	0.680	0.517	0.499	0.152	0.143	0.142	0.134	0.683	0.614	0.511	0.450	0.655	0.698	0.510	0.499	0.150	0.141	0.148	0.154	0.682	0.647	0.497	0.472	0.652	0.664	0.556	0.479	0.147	0.143	0.146	0.143	0.678	0.671	0.612	0.488	0.696	0.688	0.590	0.523	0.154	0.160	0.163	0.149	0.719	0.707	0.538	0.518	0.721	0.718	0.580	0.510
35:40:03	0.147	0.145	0.139	0.137	0.697	0.589	0.539	0.494	0.680	0.669	0.521	0.583	0.151	0.140	0.133	0.134	0.735	0.613	0.534	0.476	0.697	0.653	0.507	0.502	0.165	0.147	0.141	0.140	0.691	0.572	0.537	0.524	0.684	0.709	0.494	0.499	0.152	0.142	0.136	0.144	0.699	0.710	0.519	0.456	0.693	0.679	0.516	0.499	0.152	0.143	0.142	0.134	0.682	0.611	0.510	0.450	0.654	0.697	0.510	0.498	0.150	0.140	0.148	0.154	0.681	0.645	0.496	0.472	0.652	0.662	0.554	0.479	0.147	0.143	0.146	0.143	0.677	0.669	0.612	0.488	0.695	0.686	0.589	0.527	0.154	0.160	0.165	0.149	0.726	0.707	0.537	0.518	0.722	0.719	0.580	0.509
36:00:03	0.149	0.145	0.138	0.137	0.695	0.585	0.536	0.495	0.680	0.666	0.518	0.581	0.151	0.141	0.133	0.134	0.733	0.610	0.532	0.475	0.696	0.650	0.505	0.502	0.166	0.146	0.141	0.140	0.689	0.569	0.535	0.522	0.683	0.708	0.492	0.499	0.153	0.142	0.137	0.145	0.699	0.707	0.518	0.456	0.692	0.676	0.516	0.498	0.152	0.143	0.142	0.134	0.680	0.610	0.509	0.451	0.651	0.695	0.510	0.499	0.150	0.140	0.150	0.154	0.679	0.641	0.495	0.471	0.651	0.659	0.554	0.479	0.147	0.143	0.147	0.142	0.675	0.667	0.612	0.488	0.694	0.685	0.589	0.531	0.155	0.155	0.162	0.148	0.719	0.705	0.538	0.519	0.727	0.720	0.584	0.510
36:20:03	0.148	0.145	0.139	0.137	0.693	0.585	0.536	0.494	0.679	0.665	0.519	0.582	0.151	0.140	0.133	0.134	0.733	0.609	0.531	0.478	0.695	0.648	0.505	0.501	0.165	0.147	0.141	0.140	0.690	0.566	0.534	0.521	0.682	0.706	0.491	0.499	0.153	0.142	0.136	0.144	0.697	0.706	0.517	0.456	0.691	0.675	0.513	0.497	0.152	0.143	0.142	0.134	0.680	0.606	0.508	0.449	0.651	0.692	0.507	0.496	0.150	0.140	0.148	0.154	0.680	0.641	0.494	0.470	0.650	0.658	0.550	0.477	0.147	0.142	0.146	0.143	0.674	0.666	0.611	0.487	0.693	0.682	0.585	0.529	0.154	0.160	0.162	0.149	0.714	0.705	0.535	0.517	0.723	0.719	0.581	0.508
36:40:03	0.148	0.145	0.138	0.137	0.692	0.582	0.533	0.494	0.677	0.666	0.516	0.579	0.151	0.141	0.133	0.134	0.731	0.605	0.529	0.475	0.694	0.646	0.504	0.500	0.165	0.146	0.141	0.140	0.689	0.564	0.532	0.520	0.680	0.706	0.490	0.498	0.153	0.142	0.136	0.146	0.696	0.705	0.515	0.456	0.690	0.672	0.513	0.496	0.152	0.143	0.142	0.134	0.678	0.605	0.508	0.450	0.649	0.691	0.507	0.497	0.152	0.140	0.148	0.154	0.678	0.638	0.494	0.471	0.649	0.655	0.550	0.477	0.147	0.143	0.146	0.142	0.674	0.664	0.612	0.487	0.693	0.681	0.586	0.530	0.155	0.155	0.162	0.148	0.717	0.702	0.537	0.518	0.726	0.719	0.585	0.510
37:00:03	0.148	0.145	0.139	0.137	0.691	0.581	0.533	0.494	0.677	0.662	0.517	0.581	0.151	0.140	0.133	0.134	0.732	0.603	0.529	0.478	0.692	0.643	0.503	0.500	0.165	0.146	0.141	0.140	0.690	0.561	0.531	0.518	0.679	0.703	0.489	0.498	0.153	0.142	0.136	0.145	0.694	0.704	0.514	0.456	0.688	0.671	0.511	0.495	0.152	0.143	0.142	0.134	0.678	0.601	0.507	0.450	0.648	0.688	0.505	0.495	0.151	0.140	0.149	0.154	0.674	0.636	0.492	0.469	0.648	0.653	0.547	0.476	0.147	0.143	0.146	0.143	0.672	0.662	0.611	0.486	0.693	0.678	0.581	0.526	0.154	0.160	0.162	0.149	0.712	0.699	0.534	0.516	0.721	0.719	0.582	0.507
37:20:03	0.147	0.145	0.139	0.138	0.689	0.579	0.532	0.494	0.677	0.661	0.517	0.581	0.151	0.140	0.133	0.134	0.730	0.601	0.528	0.478	0.691	0.641	0.502	0.499	0.165	0.146	0.141	0.140	0.689	0.558	0.530	0.517	0.679	0.701	0.488	0.498	0.152	0.142	0.136	0.144	0.694	0.704	0.513	0.456	0.688	0.668	0.509	0.494	0.152	0.143	0.142	0.133	0.678	0.599	0.506	0.449	0.646	0.686	0.504	0.494	0.150	0.140	0.150	0.154	0.675	0.634	0.491	0.470	0.648	0.652	0.545	0.475	0.147	0.143	0.146	0.143	0.672	0.660	0.611	0.485	0.692	0.677	0.581	0.525	0.155	0.159	0.162	0.149	0.713	0.696	0.533	0.516	0.722	0.718	0.584	0.509
37:40:03	0.147	0.145	0.139	0.138	0.688	0.577	0.531	0.495	0.676	0.661	0.516	0.580	0.151	0.140	0.133	0.134	0.729	0.599	0.527	0.478	0.691	0.639	0.502	0.498	0.165	0.147	0.141	0.140	0.689	0.556	0.529	0.516	0.678	0.700	0.487	0.497	0.153	0.142	0.136	0.144	0.693	0.704	0.512	0.455	0.687	0.667	0.509	0.493	0.152	0.143	0.142	0.133	0.677	0.597	0.506	0.449	0.645	0.684	0.503	0.494	0.152	0.140	0.150	0.154	0.675	0.633	0.491	0.469	0.647	0.650	0.544	0.475	0.147	0.143	0.146	0.143	0.672	0.658	0.611	0.485	0.692	0.675	0.579	0.524	0.155	0.160	0.161	0.149	0.714	0.696	0.533	0.516	0.725	0.719	0.583	0.509
38:00:03	0.147	0.145	0.139	0.138	0.686	0.576	0.530	0.496	0.675	0.659	0.515	0.580	0.151	0.141	0.133	0.134	0.728	0.597	0.526	0.479	0.689	0.637	0.501	0.498	0.165	0.146	0.141	0.140	0.689	0.554	0.528	0.515	0.677	0.699	0.486	0.497	0.153	0.142	0.136	0.145	0.693	0.703	0.511	0.455	0.685	0.665	0.507	0.493	0.152	0.143	0.142	0.133	0.676	0.595	0.505	0.449	0.644	0.682	0.502	0.493	0.150	0.140	0.148	0.154	0.673	0.631	0.490	0.468	0.645	0.648	0.543	0.475	0.147	0.143	0.146	0.143	0.671	0.657	0.610	0.485	0.692	0.674	0.578	0.523	0.155	0.160	0.162	0.150	0.715	0.695	0.532	0.516	0.728	0.719	0.585	0.509
38:20:03	0.147	0.145	0.138	0.138	0.683	0.574	0.530	0.498	0.676	0.656	0.514	0.580	0.150	0.141	0.133	0.134	0.729	0.596	0.525	0.480	0.691	0.636	0.500	0.497	0.164	0.146	0.141	0.140	0.693	0.552	0.528	0.516	0.678	0.699	0.485	0.496	0.152	0.143	0.136	0.145	0.693	0.704	0.511	0.457	0.687	0.665	0.506	0.492	0.151	0.143	0.142	0.133	0.678	0.594	0.508	0.451	0.645	0.680	0.501	0.492	0.152	0.140	0.148	0.154	0.676	0.631	0.491	0.469	0.648	0.647	0.542	0.474	0.147	0.143	0.146	0.142	0.674	0.656	0.612	0.487	0.694	0.674	0.579	0.523	0.155	0.161	0.162	0.150	0.719	0.697	0.533	0.518	0.728	0.722	0.583	0.511
38:40:03	0.147	0.145	0.138	0.137	0.683	0.572	0.527	0.496	0.673	0.657	0.514	0.579	0.150	0.140	0.133	0.134	0.727	0.592	0.524	0.479	0.687	0.633	0.499	0.497	0.165	0.146	0.141	0.140	0.687	0.550	0.526	0.513	0.675	0.696	0.484	0.496	0.152	0.142	0.136	0.144	0.690	0.702	0.509	0.456	0.684	0.662	0.505	0.492	0.151	0.143	0.142	0.133	0.675	0.590	0.504	0.448	0.641	0.678	0.500	0.492	0.150	0.140	0.148	0.154	0.670	0.627	0.488	0.467	0.644	0.645	0.540	0.473	0.147	0.142	0.146	0.142	0.669	0.653	0.610	0.484	0.691	0.669	0.574	0.520	0.155	0.160	0.163	0.149	0.715	0.691	0.530	0.516	0.729	0.719	0.587	0.510
39:00:03	0.146	0.145	0.138	0.138	0.682	0.570	0.526	0.495	0.673	0.656	0.513	0.579	0.151	0.140	0.133	0.134	0.725	0.590	0.523	0.479	0.685	0.631	0.498	0.496	0.165	0.146	0.141	0.140	0.686	0.548	0.524	0.512	0.673	0.695	0.483	0.496	0.152	0.142	0.136	0.145	0.690	0.702	0.508	0.456	0.682	0.661	0.504	0.491	0.151	0.143	0.142	0.133	0.674	0.588	0.503	0.448	0.639	0.676	0.499	0.491	0.150	0.140	0.148	0.154	0.669	0.626	0.487	0.467	0.644	0.643	0.539	0.473	0.147	0.143	0.146	0.142	0.669	0.651	0.610	0.484	0.690	0.668	0.573	0.519	0.155	0.160	0.162	0.149	0.713	0.691	0.530	0.516	0.730	0.722	0.588	0.511
39:20:03	0.146	0.145	0.138	0.137	0.680	0.568	0.525	0.496	0.673	0.654	0.512	0.579	0.151	0.140	0.133	0.134	0.725	0.589	0.522	0.479	0.685	0.630	0.497	0.496	0.165	0.146	0.141	0.140	0.685	0.546	0.523	0.510	0.672	0.693	0.482	0.495	0.152	0.142	0.136	0.143	0.689	0.702	0.507	0.455	0.681	0.658	0.503	0.490	0.151	0.143	0.141	0.133	0.673	0.586	0.503	0.448	0.638	0.674	0.498	0.490	0.149	0.140	0.149	0.153	0.668	0.625	0.486	0.466	0.642	0.641	0.537	0.472	0.147	0.142	0.145	0.142	0.668	0.650	0.609	0.483	0.689	0.665	0.571	0.518	0.155	0.160	0.162	0.149	0.714	0.688	0.530	0.516	0.728	0.723	0.590	0.513
39:40:03	0.146	0.145	0.138	0.137	0.679	0.567	0.524	0.495	0.673	0.653	0.512	0.579	0.151	0.140	0.133	0.134	0.724	0.587	0.521	0.480	0.683	0.628	0.496	0.495	0.165	0.146	0.141	0.140	0.685	0.544	0.522	0.509	0.672	0.692	0.481	0.494	0.152	0.142	0.136	0.143	0.689	0.701	0.506	0.455	0.681	0.657	0.502	0.489	0.151	0.143	0.141	0.133	0.672	0.584	0.502	0.448	0.636	0.673	0.497	0.489	0.151	0.140	0.149	0.153	0.667	0.622	0.486	0.465	0.641	0.640	0.536	0.472	0.147	0.142	0.145	0.142	0.667	0.648	0.609	0.483	0.689	0.664	0.570	0.517	0.155	0.160	0.162	0.150	0.713	0.686	0.530	0.516	0.733	0.726	0.591	0.513
40:00:03	0.147	0.145	0.138	0.138	0.676	0.565	0.523	0.495	0.671	0.653	0.511	0.579	0.151	0.141	0.133	0.134	0.724	0.585	0.520	0.479	0.682	0.627	0.496	0.495	0.165	0.147	0.141	0.140	0.684	0.542	0.521	0.509	0.671	0.691	0.481	0.494	0.152	0.142	0.136	0.143	0.688	0.702	0.505	0.456	0.680	0.655	0.501	0.489	0.152	0.143	0.142	0.133	0.671	0.582	0.502	0.448	0.636	0.671	0.496	0.489	0.151	0.141	0.148	0.154	0.667	0.621	0.485	0.466	0.641	0.638	0.536	0.472	0.147	0.143	0.147	0.142	0.666	0.646	0.609	0.483	0.689	0.662	0.569	0.516	0.155	0.160	0.162	0.149	0.715	0.685	0.530	0.517	0.736	0.725	0.593	0.515
40:20:03	0.147	0.145	0.138	0.137	0.673	0.564	0.522	0.494	0.671	0.651	0.509	0.579	0.150	0.140	0.133	0.134	0.724	0.585	0.519	0.481	0.684	0.626	0.495	0.494	0.164	0.146	0.141	0.140	0.688	0.541	0.522	0.509	0.672	0.691	0.480	0.492	0.152	0.142	0.136	0.143	0.689	0.706	0.506	0.457	0.682	0.656	0.499	0.488	0.151	0.143	0.141	0.133	0.673	0.583	0.505	0.450	0.637	0.670	0.495	0.488	0.150	0.140	0.149	0.153	0.671	0.621	0.486	0.466	0.644	0.638	0.534	0.472	0.147	0.142	0.145	0.142	0.670	0.646	0.610	0.485	0.690	0.663	0.570	0.516	0.155	0.161	0.161	0.150	0.719	0.690	0.531	0.518	0.740	0.731	0.590	0.518
40:40:03	0.145	0.145	0.138	0.137	0.673	0.562	0.521	0.495	0.669	0.653	0.510	0.578	0.151	0.140	0.133	0.134	0.721	0.581	0.518	0.480	0.680	0.624	0.494	0.494	0.165	0.146	0.141	0.140	0.683	0.539	0.520	0.507	0.669	0.689	0.479	0.492	0.151	0.142	0.136	0.143	0.687	0.702	0.504	0.456	0.678	0.652	0.499	0.488	0.151	0.143	0.142	0.133	0.669	0.579	0.501	0.448	0.634	0.667	0.494	0.488	0.149	0.140	0.149	0.153	0.665	0.618	0.484	0.465	0.640	0.635	0.533	0.472	0.147	0.142	0.145	0.142	0.665	0.643	0.608	0.482	0.686	0.659	0.566	0.514	0.155	0.160	0.162	0.149	0.711	0.682	0.529	0.517	0.740	0.730	0.596	0.518
41:00:03	0.147	0.145	0.138	0.137	0.672	0.560	0.519	0.495	0.669	0.651	0.509	0.579	0.150	0.140	0.133	0.134	0.719	0.580	0.517	0.479	0.679	0.622	0.494	0.494	0.165	0.146	0.141	0.140	0.683	0.537	0.519	0.506	0.668	0.687	0.478	0.492	0.153	0.142	0.136	0.143	0.686	0.702	0.503	0.455	0.676	0.650	0.498	0.488	0.151	0.143	0.141	0.133	0.668	0.577	0.501	0.448	0.632	0.665	0.494	0.488	0.150	0.140	0.147	0.153	0.663	0.616	0.483	0.465	0.639	0.634	0.532	0.471	0.147	0.142	0.145	0.142	0.665	0.641	0.608	0.482	0.686	0.657	0.564	0.513	0.155	0.159	0.162	0.149	0.712	0.681	0.529	0.517	0.741	0.734	0.598	0.519
41:20:03	0.146	0.145	0.138	0.137	0.670	0.559	0.518	0.494	0.668	0.651	0.509	0.578	0.151	0.140	0.133	0.134	0.719	0.578	0.516	0.478	0.678	0.621	0.493	0.494	0.165	0.146	0.141	0.140	0.682	0.535	0.517	0.505	0.667	0.686	0.477	0.491	0.153	0.142	0.136	0.143	0.686	0.701	0.502	0.455	0.676	0.648	0.497	0.487	0.151	0.143	0.141	0.133	0.667	0.575	0.500	0.447	0.631	0.663	0.493	0.487	0.149	0.140	0.149	0.153	0.663	0.614	0.482	0.464	0.638	0.633	0.530	0.470	0.147	0.142	0.145	0.142	0.663	0.640	0.607	0.482	0.685	0.656	0.563	0.512	0.155	0.159	0.163	0.148	0.711	0.680	0.528	0.519	0.739	0.739	0.600	0.520
41:40:03	0.146	0.144	0.137	0.137	0.667	0.556	0.516	0.494	0.666	0.652	0.507	0.577	0.151	0.141	0.133	0.134	0.716	0.576	0.514	0.477	0.677	0.619	0.492	0.493	0.165	0.145	0.141	0.140	0.680	0.534	0.516	0.503	0.665	0.685	0.477	0.491	0.152	0.142	0.136	0.143	0.684	0.700	0.501	0.455	0.675	0.646	0.497	0.487	0.151	0.143	0.141	0.133	0.665	0.576	0.500	0.447	0.630	0.663	0.494	0.488	0.150	0.140	0.149	0.153	0.664	0.612	0.482	0.464	0.637	0.631	0.531	0.472	0.147	0.143	0.145	0.142	0.663	0.638	0.607	0.482	0.684	0.654	0.564	0.513	0.155	0.155	0.162	0.148	0.714	0.677	0.530	0.523	0.755	0.743	0.605	0.524
42:00:03	0.147	0.145	0.138	0.137	0.665	0.556	0.517	0.496	0.667	0.650	0.507	0.579	0.151	0.140	0.132	0.134	0.719	0.576	0.514	0.479	0.681	0.619	0.491	0.493	0.164	0.146	0.141	0.140	0.685	0.532	0.517	0.505	0.667	0.684	0.476	0.490	0.152	0.142	0.136	0.143	0.685	0.703	0.501	0.457	0.677	0.647	0.495	0.485	0.151	0.143	0.141	0.133	0.668	0.574	0.502	0.449	0.632	0.661	0.491	0.485	0.149	0.140	0.147	0.153	0.666	0.613	0.482	0.465	0.639	0.630	0.529	0.470	0.147	0.142	0.145	0.142	0.667	0.638	0.609	0.484	0.686	0.655	0.563	0.511	0.155	0.160	0.161	0.149	0.714	0.682	0.530	0.524	0.771	0.748	0.600	0.525
42:20:03	0.146	0.144	0.138	0.137	0.663	0.554	0.516	0.493	0.667	0.650	0.506	0.579	0.151	0.141	0.133	0.134	0.717	0.575	0.513	0.479	0.680	0.617	0.490	0.493	0.164	0.146	0.140	0.140	0.685	0.531	0.516	0.504	0.666	0.682	0.475	0.489	0.153	0.142	0.136	0.143	0.684	0.702	0.501	0.456	0.676	0.645	0.494	0.485	0.151	0.143	0.141	0.133	0.667	0.572	0.501	0.449	0.631	0.659	0.491	0.485	0.151	0.140	0.148	0.153	0.666	0.612	0.482	0.464	0.638	0.629	0.527	0.469	0.147	0.142	0.145	0.142	0.666	0.637	0.608	0.484	0.686	0.654	0.562	0.510	0.155	0.160	0.162	0.150	0.713	0.679	0.530	0.524	0.775	0.750	0.601	0.528
42:40:03	0.145	0.145	0.138	0.138	0.664	0.552	0.514	0.494	0.664	0.652	0.507	0.579	0.151	0.141	0.133	0.134	0.712	0.572	0.512	0.478	0.675	0.616	0.490	0.493	0.165	0.146	0.141	0.140	0.679	0.529	0.514	0.502	0.663	0.681	0.475	0.489	0.152	0.142	0.136	0.143	0.680	0.700	0.498	0.455	0.672	0.642	0.494	0.485	0.151	0.143	0.141	0.133	0.663	0.568	0.498	0.447	0.627	0.657	0.490	0.485	0.149	0.141	0.149	0.153	0.659	0.607	0.479	0.463	0.634	0.627	0.526	0.469	0.147	0.143	0.145	0.143	0.661	0.634	0.605	0.481	0.683	0.650	0.558	0.509	0.155	0.159	0.162	0.149	0.709	0.674	0.527	0.523	0.747	0.749	0.607	0.527
43:00:03	0.145	0.145	0.138	0.138	0.662	0.551	0.512	0.493	0.663	0.652	0.507	0.579	0.151	0.141	0.133	0.134	0.713	0.571	0.511	0.478	0.674	0.614	0.489	0.494	0.165	0.146	0.141	0.140	0.679	0.528	0.513	0.500	0.662	0.680	0.474	0.489	0.152	0.142	0.136	0.143	0.679	0.699	0.498	0.455	0.672	0.640	0.493	0.485	0.151	0.143	0.141	0.133	0.662	0.567	0.498	0.447	0.627	0.655	0.489	0.484	0.150	0.141	0.148	0.153	0.658	0.606	0.479	0.462	0.634	0.625	0.525	0.469	0.147	0.145	0.144	0.143	0.660	0.633	0.605	0.481	0.682	0.649	0.557	0.508	0.155	0.159	0.162	0.149	0.709	0.674	0.527	0.522	0.751	0.746	0.608	0.529
43:20:03	0.145	0.145	0.138	0.137	0.661	0.550	0.512	0.493	0.663	0.652	0.507	0.579	0.151	0.141	0.133	0.134	0.707	0.569	0.510	0.478	0.674	0.613	0.489	0.493	0.165	0.146	0.141	0.140	0.679	0.527	0.512	0.500	0.661	0.679	0.474	0.488	0.152	0.142	0.136	0.143	0.678	0.699	0.497	0.455	0.671	0.639	0.492	0.485	0.151	0.143	0.141	0.133	0.661	0.565	0.497	0.446	0.626	0.653	0.489	0.485	0.151	0.140	0.148	0.153	0.658	0.605	0.478	0.463	0.634	0.624	0.524	0.469	0.150	0.143	0.144	0.142	0.660	0.631	0.604	0.481	0.681	0.648	0.556	0.508	0.155	0.159	0.162	0.149	0.707	0.672	0.527	0.522	0.750	0.747	0.610	0.532
43:40:03	0.146	0.145	0.138	0.138	0.660	0.548	0.511	0.494	0.661	0.651	0.506	0.579	0.151	0.141	0.133	0.134	0.705	0.568	0.509	0.478	0.672	0.611	0.488	0.493	0.165	0.146	0.141	0.140	0.678	0.525	0.512	0.499	0.660	0.678	0.472	0.487	0.152	0.142	0.136	0.143	0.678	0.698	0.496	0.454	0.670	0.638	0.491	0.484	0.151	0.143	0.141	0.133	0.660	0.563	0.496	0.446	0.624	0.651	0.488	0.484	0.151	0.140	0.147	0.153	0.655	0.602	0.477	0.462	0.633	0.623	0.523	0.469	0.147	0.143	0.144	0.143	0.658	0.630	0.604	0.481	0.680	0.646	0.555	0.507	0.155	0.159	0.162	0.149	0.705	0.671	0.527	0.522	0.751	0.748	0.612	0.537
44:00:03	0.145	0.144	0.138	0.137	0.658	0.546	0.509	0.492	0.662	0.649	0.506	0.580	0.151	0.141	0.132	0.134	0.703	0.567	0.508	0.478	0.672	0.610	0.487	0.493	0.165	0.146	0.141	0.140	0.678	0.524	0.511	0.498	0.659	0.676	0.471	0.487	0.153	0.142	0.136	0.143	0.676	0.697	0.496	0.454	0.669	0.636	0.490	0.484	0.151	0.143	0.141	0.133	0.659	0.561	0.496	0.446	0.623	0.650	0.487	0.483	0.150	0.140	0.148	0.153	0.656	0.601	0.477	0.461	0.632	0.622	0.522	0.468	0.147	0.143	0.144	0.143	0.658	0.628	0.603	0.480	0.678	0.645	0.553	0.506	0.155	0.159	0.162	0.148	0.703	0.672	0.526	0.521	0.759	0.749	0.613	0.541
44:20:03	0.146	0.144	0.138	0.137	0.657	0.545	0.509	0.491	0.660	0.649	0.506	0.580	0.151	0.140	0.132	0.134	0.702	0.565	0.507	0.478	0.672	0.609	0.487	0.493	0.165	0.146	0.140	0.140	0.677	0.522	0.510	0.497	0.658	0.675	0.471	0.486	0.153	0.142	0.136	0.145	0.675	0.697	0.495	0.454	0.668	0.635	0.490	0.484	0.151	0.143	0.141	0.133	0.658	0.560	0.495	0.446	0.622	0.648	0.486	0.483	0.150	0.140	0.147	0.153	0.654	0.600	0.475	0.461	0.631	0.620	0.520	0.469	0.147	0.144	0.144	0.143	0.657	0.627	0.603	0.480	0.677	0.644	0.552	0.505	0.155	0.159	0.162	0.148	0.702	0.670	0.527	0.521	0.761	0.748	0.616	0.543
44:40:03	0.145	0.144	0.137	0.137	0.656	0.544	0.508	0.494	0.660	0.650	0.505	0.580	0.150	0.140	0.132	0.134	0.701	0.564	0.507	0.478	0.670	0.608	0.486	0.493	0.165	0.146	0.140	0.140	0.677	0.521	0.509	0.496	0.657	0.674	0.471	0.486	0.152	0.142	0.136	0.143	0.673	0.696	0.494	0.454	0.668	0.634	0.489	0.484	0.151	0.143	0.141	0.133	0.657	0.559	0.494	0.446	0.621	0.647	0.486	0.483	0.151	0.140	0.147	0.153	0.654	0.598	0.475	0.461	0.630	0.619	0.519	0.468	0.147	0.142	0.144	0.143	0.657	0.625	0.602	0.480	0.677	0.643	0.551	0.505	0.155	0.159	0.162	0.148	0.704	0.668	0.526	0.521	0.760	0.749	0.618	0.545
45:00:03	0.145	0.144	0.137	0.137	0.654	0.543	0.506	0.494	0.658	0.652	0.505	0.580	0.150	0.140	0.132	0.134	0.700	0.562	0.505	0.478	0.670	0.607	0.485	0.493	0.165	0.146	0.140	0.140	0.676	0.520	0.509	0.496	0.655	0.673	0.470	0.486	0.152	0.141	0.136	0.143	0.672	0.695	0.493	0.453	0.666	0.632	0.488	0.483	0.151	0.143	0.141	0.133	0.657	0.557	0.494	0.446	0.620	0.645	0.485	0.482	0.150	0.140	0.148	0.152	0.654	0.597	0.474	0.460	0.628	0.618	0.518	0.467	0.147	0.143	0.144	0.143	0.656	0.624	0.601	0.480	0.676	0.642	0.550	0.504	0.155	0.159	0.162	0.148	0.703	0.668	0.526	0.521	0.755	0.748	0.621	0.547
45:20:03	0.146	0.144	0.138	0.137	0.652	0.542	0.506	0.493	0.659	0.651	0.504	0.581	0.151	0.141	0.132	0.134	0.699	0.562	0.505	0.480	0.673	0.608	0.484	0.493	0.164	0.146	0.140	0.140	0.680	0.519	0.510	0.497	0.657	0.673	0.469	0.485	0.153	0.142	0.136	0.144	0.673	0.698	0.495	0.455	0.668	0.634	0.487	0.482	0.151	0.143	0.142	0.133	0.660	0.557	0.496	0.449	0.622	0.645	0.485	0.481	0.150	0.140	0.146	0.153	0.658	0.597	0.475	0.461	0.631	0.618	0.518	0.467	0.147	0.143	0.144	0.142	0.660	0.625	0.604	0.483	0.678	0.644	0.552	0.504	0.155	0.160	0.163	0.149	0.707	0.671	0.528	0.522	0.754	0.755	0.619	0.550
45:40:03	0.145	0.144	0.138	0.137	0.651	0.542	0.506	0.487	0.658	0.650	0.503	0.582	0.151	0.141	0.132	0.134	0.698	0.560	0.505	0.480	0.672	0.607	0.483	0.493	0.164	0.146	0.140	0.140	0.680	0.518	0.509	0.496	0.656	0.673	0.469	0.484	0.153	0.141	0.136	0.143	0.672	0.697	0.494	0.456	0.668	0.632	0.486	0.482	0.151	0.143	0.141	0.133	0.659	0.556	0.495	0.449	0.622	0.644	0.484	0.481	0.151	0.140	0.148	0.153	0.659	0.596	0.475	0.461	0.630	0.617	0.517	0.467	0.147	0.144	0.144	0.143	0.659	0.624	0.604	0.483	0.677	0.643	0.551	0.504	0.155	0.160	0.162	0.149	0.710	0.674	0.528	0.522	0.757	0.761	0.620	0.553
46:00:03	0.145	0.144	0.138	0.137	0.652	0.540	0.504	0.486	0.656	0.651	0.504	0.582	0.151	0.141	0.132	0.134	0.694	0.558	0.503	0.479	0.669	0.605	0.483	0.494	0.165	0.146	0.140	0.140	0.674	0.517	0.506	0.494	0.653	0.670	0.468	0.485	0.153	0.141	0.136	0.143	0.668	0.693	0.492	0.454	0.663	0.628	0.486	0.483	0.151	0.143	0.141	0.133	0.655	0.552	0.492	0.446	0.619	0.642	0.484	0.481	0.149	0.140	0.149	0.152	0.652	0.593	0.472	0.460	0.626	0.614	0.516	0.467	0.147	0.144	0.143	0.143	0.655	0.621	0.600	0.480	0.674	0.640	0.547	0.502	0.155	0.159	0.163	0.148	0.706	0.667	0.525	0.521	0.758	0.762	0.625	0.553
46:20:03	0.145	0.144	0.138	0.137	0.651	0.539	0.503	0.485	0.655	0.650	0.504	0.582	0.150	0.141	0.133	0.134	0.691	0.556	0.502	0.478	0.666	0.604	0.483	0.494	0.165	0.146	0.140	0.140	0.673	0.516	0.506	0.493	0.652	0.669	0.467	0.484	0.152	0.142	0.136	0.143	0.666	0.691	0.490	0.453	0.661	0.625	0.485	0.483	0.152	0.143	0.142	0.133	0.654	0.550	0.492	0.446	0.617	0.640	0.483	0.481	0.151	0.140	0.148	0.152	0.648	0.591	0.471	0.459	0.625	0.612	0.515	0.467	0.147	0.143	0.143	0.142	0.654	0.620	0.600	0.480	0.673	0.639	0.546	0.502	0.155	0.158	0.164	0.148	0.705	0.662	0.524	0.520	0.761	0.762	0.628	0.554
46:40:03	0.145	0.144	0.137	0.137	0.649	0.538	0.503	0.489	0.656	0.649	0.503	0.583	0.150	0.140	0.132	0.134	0.693	0.556	0.502	0.480	0.671	0.604	0.481	0.494	0.164	0.145	0.140	0.140	0.678	0.514	0.506	0.494	0.653	0.669	0.466	0.482	0.153	0.142	0.136	0.143	0.667	0.694	0.492	0.456	0.665	0.628	0.484	0.482	0.155	0.143	0.141	0.133	0.657	0.551	0.494	0.448	0.619	0.640	0.482	0.480	0.149	0.140	0.147	0.153	0.654	0.592	0.473	0.461	0.629	0.612	0.513	0.466	0.147	0.144	0.143	0.142	0.658	0.621	0.601	0.482	0.675	0.640	0.548	0.502	0.155	0.162	0.161	0.150	0.714	0.671	0.527	0.521	0.761	0.768	0.625	0.559
47:00:03	0.145	0.144	0.137	0.137	0.649	0.537	0.501	0.483	0.652	0.648	0.504	0.583	0.151	0.141	0.133	0.134	0.688	0.553	0.501	0.479	0.665	0.602	0.482	0.494	0.165	0.146	0.140	0.140	0.672	0.513	0.505	0.492	0.650	0.667	0.466	0.483	0.152	0.141	0.136	0.143	0.663	0.688	0.489	0.453	0.660	0.624	0.484	0.483	0.151	0.143	0.141	0.133	0.653	0.548	0.491	0.446	0.616	0.638	0.481	0.481	0.151	0.140	0.149	0.152	0.646	0.588	0.470	0.458	0.624	0.610	0.512	0.467	0.147	0.144	0.143	0.142	0.654	0.618	0.599	0.480	0.672	0.638	0.544	0.501	0.155	0.160	0.161	0.148	0.708	0.660	0.524	0.519	0.760	0.764	0.633	0.559
47:20:03	0.144	0.144	0.137	0.137	0.650	0.536	0.500	0.486	0.652	0.649	0.504	0.584	0.151	0.141	0.133	0.134	0.685	0.552	0.501	0.479	0.665	0.601	0.481	0.495	0.164	0.146	0.140	0.140	0.672	0.512	0.504	0.491	0.649	0.666	0.465	0.483	0.152	0.141	0.136	0.143	0.661	0.688	0.489	0.453	0.659	0.623	0.483	0.484	0.150	0.143	0.141	0.133	0.652	0.546	0.491	0.446	0.615	0.637	0.481	0.481	0.150	0.140	0.147	0.152	0.647	0.587	0.469	0.458	0.623	0.609	0.512	0.467	0.147	0.144	0.143	0.141	0.654	0.617	0.598	0.480	0.671	0.637	0.543	0.502	0.155	0.160	0.162	0.148	0.705	0.662	0.524	0.519	0.765	0.768	0.635	0.561
47:40:03	0.145	0.144	0.138	0.137	0.647	0.535	0.500	0.483	0.653	0.649	0.503	0.586	0.150	0.141	0.133	0.134	0.686	0.552	0.500	0.480	0.668	0.602	0.480	0.496	0.163	0.145	0.140	0.140	0.677	0.511	0.505	0.492	0.651	0.666	0.465	0.482	0.152	0.142	0.136	0.143	0.661	0.688	0.490	0.455	0.660	0.624	0.483	0.484	0.150	0.143	0.142	0.133	0.655	0.547	0.493	0.449	0.617	0.637	0.480	0.481	0.149	0.140	0.148	0.153	0.648	0.587	0.470	0.459	0.624	0.609	0.511	0.466	0.147	0.144	0.144	0.141	0.657	0.618	0.600	0.483	0.674	0.639	0.545	0.502	0.155	0.161	0.163	0.149	0.708	0.666	0.525	0.521	0.767	0.776	0.634	0.567
48:00:03	0.145	0.144	0.138	0.137	0.648	0.534	0.499	0.483	0.650	0.649	0.504	0.586	0.151	0.141	0.133	0.134	0.682	0.550	0.499	0.479	0.663	0.600	0.480	0.497	0.164	0.146	0.140	0.140	0.671	0.510	0.503	0.490	0.647	0.664	0.464	0.483	0.152	0.142	0.136	0.143	0.657	0.684	0.487	0.453	0.657	0.621	0.483	0.485	0.150	0.143	0.141	0.133	0.651	0.543	0.489	0.446	0.614	0.635	0.480	0.482	0.149	0.140	0.148	0.152	0.643	0.584	0.467	0.458	0.620	0.607	0.510	0.466	0.147	0.145	0.143	0.143	0.652	0.615	0.597	0.480	0.670	0.636	0.541	0.501	0.155	0.159	0.162	0.148	0.708	0.660	0.522	0.519	0.772	0.778	0.640	0.567

