Field Group

Plate Comment:	
Procedure Summary
  Plate Type:              Corning 96 well for LogPhase600
  Plate Number:            2
  Discontinuous Kinetics:  Runtime 02:00:00 (D:HH:MM), Interval 00:20:00 (HH:MM:SS), 145 Reads (max)
  Read:                    600 nm
  Incubator:               On
    Temperature setpoint:  30 °C
    Temperature gradient:  On
  Shaking:                 On
     Shaking frequency:    600 RPMs		
			
			

600

Time	A1	A2	A3	A4	A5	A6	A7	A8	A9	A10	A11	A12	B1	B2	B3	B4	B5	B6	B7	B8	B9	B10	B11	B12	C1	C2	C3	C4	C5	C6	C7	C8	C9	C10	C11	C12	D1	D2	D3	D4	D5	D6	D7	D8	D9	D10	D11	D12	E1	E2	E3	E4	E5	E6	E7	E8	E9	E10	E11	E12	F1	F2	F3	F4	F5	F6	F7	F8	F9	F10	F11	F12	G1	G2	G3	G4	G5	G6	G7	G8	G9	G10	G11	G12	H1	H2	H3	H4	H5	H6	H7	H8	H9	H10	H11	H12
0:00:00	0.197	0.148	0.175	0.158	0.160	0.149	0.181	0.157	0.154	0.150	0.187	0.169	0.160	0.149	0.184	0.161	0.159	0.146	0.211	0.156	0.168	0.147	0.194	0.172	0.156	0.143	0.180	0.177	0.248	0.145	0.183	0.161	0.163	0.151	0.186	0.178	0.171	0.151	0.226	0.184	0.169	0.156	0.203	0.169	0.156	0.165	0.175	0.191	0.159	0.147	0.200	0.177	0.166	0.150	0.187	0.186	0.163	0.150	0.183	0.218	0.171	0.155	0.175	0.189	0.170	0.144	0.195	0.162	0.172	0.154	0.195	0.218	0.323	0.145	0.176	0.174	0.171	0.145	0.176	0.161	0.313	0.142	0.186	0.203	0.285	0.150	0.179	0.163	0.163	0.158	0.197	0.198	0.168	0.149	0.179	0.162
0:20:00	0.179	0.151	0.185	0.164	0.167	0.150	0.197	0.163	0.159	0.150	0.205	0.185	0.162	0.150	0.187	0.163	0.161	0.147	0.253	0.166	0.167	0.148	0.211	0.183	0.158	0.144	0.194	0.179	0.293	0.146	0.202	0.171	0.165	0.154	0.200	0.194	0.169	0.151	0.234	0.182	0.173	0.158	0.219	0.177	0.157	0.165	0.185	0.194	0.163	0.147	0.219	0.182	0.177	0.150	0.205	0.212	0.167	0.150	0.199	0.236	0.173	0.156	0.193	0.200	0.177	0.143	0.217	0.174	0.173	0.154	0.204	0.217	0.371	0.146	0.185	0.189	0.170	0.146	0.180	0.169	0.303	0.148	0.200	0.212	0.270	0.151	0.186	0.172	0.163	0.159	0.222	0.207	0.168	0.150	0.188	0.177
0:40:00	0.184	0.154	0.197	0.182	0.168	0.152	0.210	0.175	0.167	0.150	0.221	0.189	0.164	0.153	0.202	0.178	0.173	0.149	0.271	0.178	0.172	0.149	0.234	0.194	0.161	0.145	0.217	0.174	0.319	0.149	0.227	0.181	0.173	0.155	0.217	0.211	0.169	0.152	0.252	0.202	0.168	0.157	0.252	0.189	0.155	0.167	0.202	0.214	0.163	0.149	0.252	0.189	0.176	0.151	0.212	0.233	0.165	0.152	0.216	0.260	0.174	0.156	0.205	0.209	0.176	0.146	0.240	0.185	0.178	0.154	0.238	0.247	0.400	0.147	0.190	0.198	0.180	0.147	0.201	0.182	0.330	0.152	0.224	0.239	0.250	0.153	0.200	0.182	0.169	0.160	0.254	0.226	0.174	0.152	0.204	0.192
1:00:00	0.198	0.157	0.204	0.183	0.186	0.154	0.223	0.186	0.163	0.151	0.237	0.205	0.166	0.155	0.207	0.189	0.197	0.151	0.299	0.192	0.172	0.150	0.251	0.209	0.164	0.147	0.220	0.199	0.336	0.151	0.252	0.201	0.181	0.156	0.232	0.240	0.173	0.153	0.268	0.216	0.188	0.159	0.280	0.204	0.154	0.168	0.222	0.228	0.164	0.148	0.266	0.194	0.178	0.153	0.241	0.252	0.165	0.155	0.230	0.292	0.180	0.158	0.214	0.225	0.198	0.147	0.261	0.201	0.186	0.156	0.266	0.277	0.423	0.148	0.205	0.206	0.200	0.148	0.218	0.193	0.368	0.155	0.230	0.270	0.269	0.154	0.210	0.196	0.179	0.161	0.280	0.243	0.190	0.153	0.221	0.219
1:20:00	0.207	0.158	0.213	0.198	0.193	0.157	0.249	0.200	0.191	0.153	0.248	0.226	0.171	0.156	0.216	0.198	0.226	0.155	0.320	0.207	0.181	0.152	0.262	0.232	0.170	0.151	0.228	0.199	0.386	0.154	0.275	0.216	0.206	0.158	0.259	0.244	0.182	0.155	0.285	0.221	0.202	0.162	0.307	0.224	0.180	0.170	0.237	0.274	0.167	0.149	0.287	0.203	0.202	0.155	0.251	0.274	0.181	0.158	0.240	0.312	0.189	0.159	0.223	0.229	0.227	0.148	0.280	0.228	0.206	0.157	0.284	0.304	0.443	0.150	0.211	0.217	0.206	0.150	0.227	0.203	0.408	0.156	0.245	0.293	0.289	0.155	0.218	0.208	0.205	0.162	0.305	0.264	0.221	0.154	0.246	0.243
1:40:00	0.219	0.161	0.221	0.203	0.213	0.160	0.263	0.216	0.215	0.154	0.260	0.256	0.179	0.161	0.224	0.214	0.248	0.160	0.344	0.232	0.200	0.153	0.273	0.251	0.178	0.151	0.236	0.222	0.428	0.157	0.293	0.243	0.228	0.159	0.271	0.269	0.195	0.157	0.296	0.233	0.225	0.165	0.320	0.235	0.197	0.173	0.249	0.307	0.177	0.151	0.297	0.200	0.217	0.157	0.292	0.282	0.205	0.159	0.246	0.308	0.200	0.163	0.238	0.238	0.253	0.150	0.307	0.230	0.215	0.160	0.302	0.341	0.453	0.151	0.225	0.223	0.222	0.152	0.245	0.222	0.442	0.163	0.252	0.320	0.276	0.158	0.228	0.224	0.223	0.163	0.315	0.280	0.241	0.156	0.260	0.266
2:00:00	0.239	0.162	0.229	0.209	0.234	0.167	0.276	0.231	0.231	0.156	0.277	0.275	0.192	0.168	0.235	0.225	0.288	0.168	0.360	0.252	0.219	0.155	0.283	0.266	0.187	0.152	0.243	0.236	0.483	0.162	0.305	0.269	0.245	0.161	0.287	0.261	0.209	0.163	0.308	0.242	0.239	0.170	0.330	0.255	0.213	0.182	0.266	0.328	0.192	0.152	0.307	0.211	0.240	0.161	0.307	0.279	0.221	0.163	0.252	0.318	0.214	0.168	0.251	0.249	0.276	0.152	0.330	0.246	0.238	0.168	0.318	0.371	0.458	0.152	0.245	0.233	0.242	0.156	0.263	0.244	0.489	0.172	0.264	0.333	0.300	0.162	0.238	0.243	0.237	0.165	0.340	0.299	0.267	0.158	0.269	0.308
2:20:00	0.265	0.165	0.242	0.217	0.254	0.178	0.299	0.249	0.248	0.159	0.292	0.299	0.207	0.177	0.250	0.234	0.307	0.181	0.373	0.275	0.239	0.160	0.300	0.291	0.194	0.155	0.253	0.234	0.490	0.169	0.309	0.296	0.265	0.165	0.296	0.273	0.230	0.172	0.321	0.251	0.256	0.179	0.343	0.272	0.228	0.183	0.288	0.333	0.209	0.154	0.321	0.217	0.261	0.169	0.364	0.299	0.233	0.173	0.261	0.323	0.230	0.176	0.264	0.258	0.301	0.155	0.337	0.264	0.257	0.180	0.332	0.400	0.465	0.154	0.254	0.241	0.264	0.163	0.282	0.268	0.500	0.193	0.277	0.373	0.334	0.170	0.255	0.273	0.259	0.169	0.359	0.327	0.285	0.161	0.277	0.335
2:40:00	0.285	0.169	0.255	0.235	0.280	0.184	0.329	0.269	0.269	0.169	0.306	0.323	0.230	0.187	0.266	0.249	0.329	0.201	0.384	0.300	0.259	0.173	0.314	0.316	0.207	0.161	0.264	0.241	0.530	0.181	0.326	0.302	0.290	0.175	0.306	0.299	0.253	0.182	0.335	0.254	0.279	0.194	0.357	0.291	0.243	0.194	0.288	0.336	0.220	0.157	0.337	0.224	0.280	0.180	0.376	0.302	0.250	0.184	0.267	0.332	0.256	0.188	0.279	0.272	0.323	0.164	0.347	0.284	0.280	0.196	0.344	0.417	0.484	0.160	0.262	0.252	0.292	0.178	0.304	0.296	0.525	0.238	0.294	0.391	0.358	0.183	0.272	0.298	0.288	0.178	0.375	0.349	0.300	0.168	0.291	0.353
3:00:00	0.306	0.178	0.269	0.248	0.308	0.204	0.349	0.287	0.290	0.188	0.321	0.337	0.254	0.196	0.293	0.272	0.360	0.220	0.398	0.322	0.285	0.185	0.341	0.347	0.223	0.164	0.277	0.261	0.574	0.196	0.326	0.308	0.315	0.180	0.314	0.319	0.274	0.193	0.350	0.264	0.307	0.213	0.377	0.310	0.257	0.245	0.303	0.345	0.236	0.161	0.355	0.234	0.299	0.193	0.403	0.330	0.268	0.199	0.281	0.342	0.270	0.199	0.292	0.288	0.349	0.174	0.360	0.301	0.307	0.235	0.347	0.442	0.502	0.169	0.274	0.265	0.322	0.190	0.331	0.320	0.540	0.274	0.309	0.414	0.367	0.189	0.284	0.330	0.322	0.189	0.382	0.370	0.327	0.180	0.305	0.367
3:20:00	0.328	0.210	0.282	0.267	0.336	0.239	0.354	0.304	0.323	0.217	0.338	0.351	0.279	0.207	0.320	0.294	0.404	0.264	0.412	0.339	0.316	0.231	0.367	0.387	0.238	0.171	0.293	0.290	0.606	0.211	0.346	0.334	0.339	0.194	0.323	0.335	0.288	0.208	0.365	0.276	0.338	0.243	0.393	0.333	0.278	0.272	0.318	0.353	0.253	0.165	0.373	0.245	0.320	0.228	0.396	0.351	0.291	0.241	0.299	0.366	0.290	0.213	0.305	0.305	0.370	0.201	0.384	0.319	0.334	0.251	0.352	0.454	0.578	0.173	0.286	0.276	0.353	0.235	0.364	0.338	0.567	0.290	0.322	0.444	0.391	0.196	0.301	0.371	0.352	0.217	0.395	0.394	0.360	0.200	0.331	0.377
3:40:00	0.349	0.258	0.297	0.285	0.364	0.275	0.363	0.321	0.358	0.240	0.345	0.367	0.290	0.225	0.329	0.309	0.446	0.327	0.417	0.349	0.348	0.252	0.384	0.408	0.250	0.181	0.306	0.303	0.625	0.260	0.364	0.363	0.367	0.249	0.334	0.363	0.297	0.224	0.381	0.288	0.373	0.301	0.404	0.359	0.301	0.289	0.335	0.374	0.267	0.170	0.394	0.263	0.343	0.281	0.407	0.373	0.316	0.271	0.313	0.390	0.310	0.234	0.319	0.325	0.394	0.227	0.401	0.325	0.362	0.278	0.366	0.462	0.604	0.184	0.302	0.295	0.387	0.251	0.385	0.366	0.578	0.336	0.335	0.467	0.398	0.217	0.314	0.400	0.382	0.234	0.404	0.410	0.389	0.234	0.368	0.417
4:00:00	0.376	0.275	0.315	0.305	0.396	0.287	0.368	0.338	0.379	0.267	0.351	0.379	0.313	0.270	0.340	0.321	0.483	0.359	0.425	0.360	0.379	0.273	0.400	0.424	0.268	0.191	0.318	0.319	0.652	0.297	0.381	0.384	0.399	0.273	0.342	0.386	0.311	0.239	0.401	0.305	0.409	0.327	0.414	0.376	0.329	0.310	0.351	0.400	0.282	0.178	0.416	0.282	0.368	0.309	0.416	0.386	0.345	0.299	0.331	0.407	0.331	0.281	0.335	0.342	0.407	0.251	0.410	0.338	0.392	0.314	0.383	0.472	0.616	0.198	0.320	0.313	0.423	0.267	0.401	0.400	0.599	0.374	0.345	0.479	0.470	0.237	0.332	0.427	0.418	0.255	0.413	0.423	0.423	0.249	0.393	0.433
4:20:00	0.410	0.293	0.333	0.322	0.426	0.317	0.373	0.343	0.504	0.296	0.359	0.384	0.336	0.306	0.353	0.333	0.528	0.386	0.431	0.358	0.410	0.301	0.414	0.433	0.292	0.224	0.332	0.338	0.666	0.319	0.396	0.392	0.431	0.297	0.351	0.404	0.329	0.266	0.424	0.321	0.454	0.355	0.425	0.387	0.359	0.332	0.371	0.415	0.301	0.190	0.437	0.296	0.396	0.334	0.439	0.392	0.376	0.331	0.354	0.414	0.360	0.307	0.350	0.363	0.609	0.287	0.418	0.351	0.425	0.351	0.400	0.483	0.624	0.210	0.339	0.331	0.456	0.291	0.415	0.423	0.633	0.401	0.357	0.493	0.486	0.276	0.348	0.453	0.454	0.276	0.424	0.431	0.458	0.272	0.414	0.458
4:40:00	0.450	0.359	0.349	0.344	0.464	0.354	0.378	0.345	0.570	0.329	0.368	0.391	0.361	0.324	0.370	0.347	0.579	0.409	0.438	0.363	0.444	0.328	0.428	0.439	0.321	0.244	0.344	0.359	0.702	0.342	0.411	0.401	0.464	0.328	0.364	0.418	0.351	0.302	0.455	0.343	0.501	0.393	0.434	0.396	0.389	0.370	0.390	0.429	0.323	0.226	0.457	0.316	0.423	0.368	0.444	0.399	0.405	0.373	0.376	0.427	0.394	0.316	0.364	0.382	0.649	0.306	0.425	0.360	0.457	0.389	0.414	0.490	0.630	0.244	0.352	0.348	0.490	0.316	0.428	0.435	0.704	0.434	0.369	0.501	0.516	0.287	0.362	0.473	0.493	0.299	0.434	0.441	0.492	0.296	0.433	0.462
5:00:00	0.482	0.407	0.362	0.362	0.484	0.395	0.379	0.345	0.577	0.465	0.376	0.394	0.383	0.337	0.384	0.357	0.644	0.437	0.441	0.363	0.473	0.351	0.440	0.445	0.336	0.260	0.353	0.371	0.737	0.371	0.422	0.401	0.483	0.353	0.381	0.429	0.376	0.331	0.521	0.359	0.552	0.434	0.445	0.401	0.417	0.409	0.406	0.429	0.347	0.236	0.473	0.334	0.479	0.399	0.452	0.402	0.432	0.407	0.396	0.430	0.424	0.342	0.374	0.423	0.643	0.312	0.430	0.373	0.484	0.430	0.429	0.495	0.637	0.271	0.364	0.359	0.527	0.341	0.442	0.445	0.759	0.473	0.386	0.499	0.509	0.306	0.375	0.477	0.517	0.325	0.443	0.447	0.515	0.328	0.450	0.470
5:20:00	0.512	0.438	0.374	0.382	0.510	0.464	0.383	0.350	0.584	0.541	0.387	0.395	0.485	0.419	0.401	0.369	0.691	0.468	0.443	0.364	0.504	0.468	0.451	0.448	0.376	0.289	0.363	0.388	0.786	0.408	0.433	0.410	0.503	0.390	0.398	0.430	0.397	0.350	0.565	0.374	0.598	0.478	0.454	0.411	0.449	0.452	0.421	0.437	0.372	0.248	0.524	0.351	0.530	0.432	0.461	0.406	0.466	0.446	0.416	0.433	0.451	0.377	0.385	0.460	0.647	0.336	0.438	0.381	0.510	0.472	0.442	0.500	0.643	0.296	0.378	0.371	0.579	0.369	0.452	0.453	0.830	0.505	0.403	0.507	0.525	0.328	0.388	0.483	0.539	0.361	0.458	0.454	0.522	0.366	0.465	0.480
5:40:00	0.541	0.459	0.384	0.399	0.555	0.586	0.390	0.352	0.593	0.554	0.401	0.397	0.493	0.496	0.419	0.380	0.739	0.500	0.447	0.370	0.544	0.565	0.462	0.453	0.408	0.338	0.373	0.399	0.854	0.440	0.440	0.417	0.546	0.429	0.411	0.430	0.429	0.379	0.578	0.386	0.643	0.518	0.462	0.419	0.490	0.495	0.436	0.443	0.414	0.271	0.556	0.367	0.573	0.469	0.472	0.412	0.511	0.481	0.432	0.439	0.477	0.405	0.393	0.467	0.660	0.447	0.443	0.391	0.560	0.511	0.453	0.505	0.644	0.311	0.388	0.379	0.626	0.412	0.459	0.458	0.869	0.538	0.419	0.517	0.556	0.353	0.397	0.490	0.574	0.398	0.471	0.463	0.553	0.403	0.477	0.483
6:00:00	0.561	0.473	0.393	0.408	0.591	0.643	0.397	0.354	0.601	0.568	0.408	0.398	0.500	0.521	0.446	0.386	0.766	0.533	0.450	0.369	0.576	0.571	0.469	0.454	0.435	0.370	0.382	0.413	0.863	0.482	0.445	0.417	0.578	0.458	0.423	0.440	0.467	0.407	0.578	0.395	0.693	0.557	0.471	0.422	0.529	0.527	0.449	0.447	0.437	0.298	0.566	0.377	0.620	0.499	0.477	0.414	0.546	0.512	0.446	0.442	0.501	0.431	0.409	0.489	0.660	0.542	0.446	0.398	0.620	0.553	0.463	0.506	0.648	0.337	0.402	0.384	0.677	0.464	0.467	0.463	0.912	0.573	0.436	0.521	0.553	0.389	0.441	0.529	0.634	0.433	0.481	0.468	0.618	0.438	0.486	0.483
6:20:00	0.580	0.488	0.405	0.421	0.651	0.668	0.405	0.357	0.613	0.585	0.418	0.397	0.502	0.520	0.470	0.394	0.802	0.569	0.456	0.372	0.614	0.581	0.477	0.450	0.459	0.394	0.401	0.429	0.885	0.526	0.451	0.428	0.649	0.492	0.433	0.437	0.499	0.441	0.584	0.403	0.733	0.594	0.478	0.432	0.568	0.570	0.459	0.440	0.463	0.325	0.577	0.386	0.664	0.529	0.493	0.420	0.586	0.553	0.457	0.459	0.528	0.451	0.444	0.512	0.663	0.567	0.453	0.408	0.671	0.593	0.471	0.507	0.650	0.364	0.425	0.392	0.724	0.527	0.473	0.465	0.939	0.600	0.450	0.530	0.579	0.421	0.488	0.591	0.690	0.459	0.496	0.470	0.684	0.470	0.497	0.494
6:40:00	0.596	0.499	0.417	0.462	0.691	0.688	0.406	0.357	0.621	0.598	0.424	0.397	0.510	0.525	0.479	0.410	0.811	0.614	0.459	0.370	0.655	0.592	0.482	0.452	0.483	0.494	0.435	0.468	0.887	0.588	0.455	0.426	0.709	0.536	0.443	0.441	0.500	0.470	0.582	0.427	0.756	0.625	0.485	0.437	0.612	0.626	0.471	0.444	0.491	0.355	0.583	0.398	0.711	0.565	0.498	0.424	0.636	0.576	0.467	0.461	0.554	0.470	0.475	0.539	0.667	0.566	0.460	0.411	0.744	0.643	0.481	0.508	0.656	0.396	0.457	0.409	0.769	0.591	0.478	0.472	0.960	0.662	0.461	0.526	0.571	0.456	0.513	0.597	0.699	0.487	0.509	0.475	0.722	0.516	0.506	0.492
7:00:00	0.609	0.512	0.427	0.490	0.727	0.708	0.411	0.358	0.630	0.612	0.432	0.396	0.522	0.535	0.493	0.465	0.807	0.659	0.464	0.371	0.689	0.602	0.487	0.452	0.503	0.657	0.455	0.493	0.904	0.646	0.459	0.430	0.726	0.584	0.453	0.451	0.537	0.489	0.583	0.468	0.782	0.671	0.491	0.442	0.665	0.679	0.483	0.459	0.522	0.385	0.589	0.424	0.759	0.597	0.500	0.429	0.691	0.606	0.477	0.452	0.585	0.490	0.493	0.547	0.674	0.579	0.466	0.418	0.758	0.704	0.490	0.512	0.662	0.431	0.483	0.434	0.779	0.665	0.483	0.477	0.976	0.731	0.472	0.530	0.580	0.485	0.527	0.597	0.747	0.540	0.522	0.479	0.755	0.573	0.515	0.495
7:20:00	0.624	0.525	0.438	0.505	0.762	0.727	0.419	0.357	0.641	0.625	0.444	0.394	0.534	0.542	0.506	0.492	0.828	0.722	0.470	0.372	0.714	0.614	0.493	0.461	0.523	0.657	0.473	0.507	0.912	0.707	0.464	0.436	0.762	0.675	0.463	0.456	0.541	0.518	0.585	0.488	0.797	0.710	0.498	0.450	0.715	0.739	0.492	0.463	0.539	0.415	0.593	0.447	0.788	0.638	0.495	0.431	0.739	0.664	0.486	0.456	0.621	0.515	0.504	0.549	0.684	0.590	0.472	0.422	0.798	0.765	0.496	0.520	0.665	0.459	0.499	0.460	0.799	0.726	0.488	0.476	0.989	0.784	0.482	0.529	0.614	0.530	0.536	0.596	0.767	0.607	0.532	0.483	0.790	0.645	0.524	0.492
7:40:00	0.648	0.534	0.443	0.514	0.789	0.737	0.421	0.356	0.650	0.636	0.451	0.389	0.545	0.549	0.508	0.502	0.829	0.797	0.474	0.371	0.727	0.625	0.497	0.456	0.538	0.627	0.479	0.515	0.906	0.742	0.466	0.441	0.779	0.729	0.472	0.458	0.559	0.539	0.582	0.502	0.803	0.747	0.502	0.446	0.739	0.793	0.500	0.465	0.543	0.445	0.594	0.462	0.804	0.691	0.502	0.431	0.769	0.712	0.494	0.462	0.616	0.539	0.510	0.546	0.688	0.600	0.475	0.426	0.818	0.833	0.503	0.524	0.670	0.487	0.509	0.476	0.809	0.734	0.491	0.480	0.969	0.819	0.489	0.531	0.604	0.579	0.543	0.594	0.772	0.660	0.539	0.485	0.757	0.719	0.529	0.500
8:00:00	0.663	0.545	0.454	0.521	0.787	0.748	0.428	0.355	0.659	0.648	0.462	0.396	0.557	0.560	0.512	0.511	0.832	0.835	0.479	0.368	0.750	0.635	0.502	0.457	0.558	0.617	0.484	0.520	0.906	0.770	0.470	0.449	0.789	0.753	0.479	0.462	0.580	0.568	0.582	0.509	0.814	0.776	0.506	0.452	0.775	0.847	0.507	0.469	0.557	0.472	0.595	0.475	0.823	0.760	0.508	0.431	0.793	0.777	0.500	0.467	0.675	0.570	0.514	0.545	0.697	0.608	0.479	0.427	0.837	0.884	0.508	0.529	0.675	0.518	0.516	0.489	0.826	0.741	0.495	0.484	0.932	0.844	0.497	0.535	0.616	0.657	0.547	0.592	0.795	0.721	0.546	0.488	0.760	0.779	0.534	0.503
8:20:00	0.695	0.561	0.468	0.528	0.785	0.760	0.439	0.356	0.666	0.659	0.473	0.395	0.568	0.568	0.518	0.517	0.825	0.851	0.485	0.370	0.779	0.649	0.508	0.460	0.578	0.591	0.490	0.524	0.915	0.789	0.474	0.453	0.819	0.775	0.487	0.471	0.599	0.591	0.585	0.514	0.816	0.794	0.510	0.461	0.795	0.887	0.512	0.475	0.586	0.484	0.598	0.485	0.835	0.809	0.513	0.436	0.810	0.803	0.506	0.472	0.706	0.602	0.518	0.544	0.702	0.617	0.483	0.433	0.841	0.914	0.513	0.534	0.677	0.553	0.521	0.498	0.829	0.759	0.499	0.490	0.913	0.861	0.504	0.541	0.644	0.703	0.548	0.590	0.818	0.751	0.552	0.493	0.763	0.815	0.541	0.505
8:40:00	0.734	0.571	0.475	0.531	0.798	0.769	0.445	0.356	0.673	0.669	0.480	0.399	0.574	0.576	0.519	0.521	0.823	0.864	0.489	0.369	0.788	0.664	0.511	0.465	0.575	0.594	0.493	0.526	0.913	0.806	0.479	0.458	0.816	0.780	0.493	0.476	0.629	0.626	0.585	0.515	0.811	0.802	0.514	0.468	0.789	0.930	0.518	0.481	0.600	0.504	0.599	0.491	0.825	0.834	0.517	0.443	0.804	0.822	0.512	0.480	0.730	0.640	0.519	0.542	0.706	0.627	0.486	0.440	0.843	0.937	0.518	0.540	0.681	0.589	0.524	0.504	0.849	0.785	0.503	0.496	0.901	0.878	0.509	0.546	0.650	0.719	0.549	0.588	0.819	0.795	0.556	0.499	0.770	0.842	0.546	0.511
9:00:00	0.781	0.578	0.478	0.532	0.804	0.776	0.445	0.355	0.677	0.676	0.483	0.401	0.581	0.583	0.516	0.522	0.833	0.862	0.491	0.368	0.793	0.677	0.512	0.469	0.579	0.599	0.493	0.526	0.906	0.816	0.481	0.462	0.759	0.782	0.499	0.481	0.666	0.655	0.583	0.515	0.808	0.820	0.516	0.473	0.799	0.941	0.523	0.488	0.614	0.528	0.599	0.493	0.821	0.834	0.520	0.448	0.793	0.843	0.517	0.485	0.734	0.664	0.517	0.539	0.708	0.638	0.487	0.442	0.841	0.949	0.524	0.547	0.685	0.623	0.524	0.509	0.837	0.813	0.506	0.499	0.899	0.883	0.515	0.552	0.644	0.739	0.547	0.586	0.814	0.795	0.558	0.504	0.776	0.860	0.550	0.518
9:20:01	0.785	0.588	0.483	0.534	0.822	0.784	0.450	0.357	0.685	0.684	0.490	0.402	0.588	0.591	0.516	0.522	0.832	0.871	0.495	0.370	0.799	0.689	0.515	0.473	0.613	0.606	0.494	0.527	0.915	0.826	0.484	0.467	0.753	0.794	0.505	0.485	0.684	0.683	0.585	0.515	0.813	0.820	0.520	0.479	0.786	0.939	0.529	0.494	0.631	0.548	0.600	0.496	0.820	0.829	0.523	0.451	0.807	0.852	0.522	0.489	0.747	0.696	0.517	0.538	0.711	0.651	0.489	0.446	0.858	0.956	0.529	0.553	0.688	0.629	0.524	0.511	0.848	0.839	0.508	0.504	0.908	0.896	0.520	0.562	0.651	0.752	0.546	0.584	0.770	0.794	0.561	0.510	0.784	0.887	0.555	0.523
9:40:01	0.781	0.596	0.489	0.534	0.829	0.792	0.455	0.358	0.691	0.692	0.495	0.404	0.593	0.599	0.516	0.522	0.825	0.782	0.499	0.369	0.797	0.700	0.518	0.477	0.662	0.610	0.494	0.527	0.908	0.842	0.488	0.473	0.752	0.809	0.511	0.490	0.716	0.704	0.585	0.515	0.811	0.826	0.523	0.485	0.801	0.939	0.534	0.502	0.658	0.565	0.602	0.500	0.817	0.840	0.527	0.453	0.807	0.867	0.527	0.494	0.752	0.721	0.517	0.537	0.714	0.662	0.491	0.450	0.829	0.968	0.534	0.559	0.689	0.655	0.524	0.512	0.847	0.844	0.510	0.508	0.913	0.822	0.525	0.568	0.661	0.751	0.546	0.583	0.746	0.818	0.564	0.515	0.792	0.884	0.560	0.531
10:00:00	0.787	0.610	0.497	0.536	0.842	0.798	0.463	0.359	0.698	0.701	0.502	0.407	0.600	0.608	0.519	0.523	0.849	0.781	0.505	0.371	0.804	0.712	0.521	0.483	0.687	0.618	0.498	0.528	0.896	0.854	0.493	0.480	0.760	0.819	0.516	0.495	0.727	0.735	0.589	0.515	0.817	0.853	0.527	0.491	0.806	0.945	0.539	0.508	0.666	0.597	0.604	0.503	0.838	0.853	0.531	0.456	0.822	0.895	0.532	0.501	0.754	0.718	0.519	0.538	0.719	0.672	0.494	0.454	0.801	0.981	0.539	0.564	0.693	0.713	0.524	0.511	0.862	0.849	0.514	0.513	0.923	0.793	0.529	0.575	0.686	0.780	0.547	0.582	0.740	0.825	0.568	0.519	0.801	0.894	0.566	0.537
10:20:01	0.811	0.612	0.497	0.534	0.839	0.800	0.464	0.359	0.702	0.707	0.505	0.408	0.606	0.617	0.516	0.521	0.849	0.778	0.505	0.369	0.805	0.721	0.523	0.487	0.719	0.623	0.498	0.526	0.873	0.851	0.493	0.483	0.766	0.831	0.521	0.498	0.729	0.754	0.589	0.514	0.822	0.862	0.530	0.496	0.797	0.963	0.544	0.512	0.707	0.624	0.606	0.500	0.832	0.871	0.533	0.459	0.807	0.894	0.537	0.508	0.761	0.758	0.516	0.535	0.723	0.680	0.495	0.455	0.755	0.975	0.545	0.571	0.698	0.750	0.523	0.511	0.848	0.864	0.517	0.516	0.925	0.796	0.535	0.580	0.672	0.777	0.546	0.580	0.752	0.863	0.570	0.523	0.809	0.830	0.570	0.542
10:40:01	0.814	0.620	0.501	0.534	0.847	0.805	0.468	0.361	0.704	0.715	0.509	0.412	0.612	0.625	0.516	0.520	0.847	0.788	0.509	0.370	0.806	0.729	0.525	0.490	0.722	0.629	0.499	0.525	0.871	0.861	0.496	0.488	0.773	0.846	0.526	0.503	0.749	0.756	0.590	0.512	0.825	0.864	0.534	0.500	0.822	0.972	0.549	0.517	0.703	0.660	0.608	0.501	0.846	0.887	0.535	0.462	0.820	0.897	0.541	0.514	0.767	0.770	0.518	0.535	0.728	0.690	0.496	0.457	0.753	0.983	0.549	0.577	0.701	0.773	0.522	0.509	0.846	0.880	0.519	0.520	0.933	0.802	0.539	0.585	0.677	0.773	0.545	0.578	0.767	0.871	0.572	0.528	0.816	0.793	0.574	0.547
11:00:01	0.823	0.628	0.505	0.533	0.847	0.809	0.473	0.362	0.707	0.722	0.512	0.417	0.618	0.629	0.515	0.520	0.835	0.792	0.511	0.372	0.816	0.736	0.527	0.491	0.731	0.634	0.498	0.523	0.878	0.858	0.498	0.492	0.777	0.858	0.531	0.507	0.743	0.758	0.592	0.511	0.833	0.874	0.537	0.503	0.819	0.987	0.553	0.519	0.721	0.688	0.609	0.503	0.842	0.889	0.537	0.465	0.827	0.907	0.544	0.520	0.769	0.780	0.516	0.534	0.733	0.697	0.497	0.460	0.756	0.982	0.554	0.581	0.703	0.781	0.522	0.509	0.781	0.860	0.521	0.524	0.936	0.804	0.543	0.588	0.687	0.791	0.545	0.577	0.777	0.865	0.574	0.533	0.823	0.800	0.578	0.551
11:20:01	0.834	0.639	0.513	0.534	0.829	0.817	0.483	0.364	0.708	0.729	0.517	0.424	0.622	0.635	0.517	0.519	0.830	0.797	0.515	0.375	0.822	0.744	0.530	0.495	0.733	0.641	0.502	0.524	0.888	0.869	0.504	0.498	0.785	0.869	0.535	0.512	0.758	0.766	0.597	0.511	0.833	0.873	0.541	0.507	0.827	0.988	0.557	0.524	0.726	0.722	0.611	0.506	0.835	0.890	0.539	0.468	0.824	0.908	0.548	0.526	0.791	0.792	0.518	0.536	0.740	0.708	0.499	0.464	0.778	0.986	0.558	0.587	0.705	0.798	0.523	0.512	0.752	0.775	0.525	0.528	0.946	0.808	0.548	0.593	0.712	0.787	0.546	0.577	0.783	0.870	0.578	0.538	0.831	0.808	0.584	0.555
11:40:01	0.833	0.642	0.512	0.532	0.776	0.818	0.483	0.365	0.710	0.732	0.519	0.426	0.628	0.639	0.515	0.516	0.819	0.799	0.515	0.376	0.821	0.746	0.531	0.495	0.736	0.644	0.503	0.521	0.890	0.850	0.504	0.502	0.791	0.874	0.539	0.516	0.756	0.770	0.596	0.509	0.828	0.883	0.542	0.509	0.828	0.989	0.562	0.528	0.733	0.746	0.611	0.505	0.841	0.893	0.540	0.471	0.832	0.930	0.552	0.531	0.824	0.803	0.517	0.533	0.744	0.715	0.499	0.466	0.785	0.972	0.563	0.593	0.710	0.806	0.522	0.508	0.751	0.770	0.525	0.531	0.946	0.813	0.552	0.596	0.703	0.787	0.545	0.576	0.785	0.895	0.578	0.540	0.834	0.814	0.585	0.559
12:00:01	0.845	0.647	0.515	0.532	0.762	0.821	0.486	0.367	0.711	0.740	0.521	0.430	0.633	0.642	0.514	0.516	0.820	0.801	0.517	0.379	0.821	0.750	0.532	0.496	0.748	0.650	0.502	0.521	0.894	0.789	0.507	0.508	0.796	0.875	0.543	0.522	0.761	0.778	0.597	0.508	0.837	0.869	0.545	0.511	0.833	0.986	0.565	0.532	0.743	0.765	0.612	0.508	0.839	0.890	0.542	0.474	0.843	0.912	0.555	0.537	0.826	0.800	0.517	0.533	0.749	0.723	0.500	0.468	0.790	0.980	0.566	0.598	0.715	0.815	0.522	0.510	0.747	0.773	0.527	0.533	0.948	0.817	0.555	0.598	0.708	0.793	0.545	0.575	0.789	0.900	0.580	0.543	0.839	0.819	0.589	0.563
12:20:01	0.861	0.658	0.521	0.534	0.770	0.829	0.492	0.369	0.715	0.747	0.525	0.438	0.638	0.645	0.517	0.517	0.825	0.805	0.520	0.381	0.822	0.756	0.535	0.499	0.748	0.656	0.503	0.521	0.901	0.760	0.512	0.515	0.800	0.879	0.546	0.528	0.756	0.783	0.602	0.509	0.841	0.890	0.547	0.515	0.835	1.008	0.568	0.536	0.750	0.776	0.614	0.509	0.845	0.894	0.544	0.473	0.847	0.878	0.559	0.544	0.819	0.807	0.520	0.534	0.756	0.732	0.502	0.474	0.793	0.962	0.570	0.602	0.718	0.824	0.524	0.515	0.756	0.786	0.529	0.537	0.954	0.821	0.559	0.601	0.732	0.791	0.547	0.577	0.796	0.879	0.584	0.547	0.843	0.823	0.593	0.567
12:40:01	0.853	0.659	0.520	0.532	0.776	0.830	0.492	0.370	0.716	0.748	0.526	0.440	0.642	0.649	0.514	0.516	0.830	0.805	0.520	0.380	0.818	0.757	0.536	0.499	0.757	0.659	0.504	0.519	0.901	0.754	0.512	0.518	0.800	0.879	0.550	0.532	0.765	0.785	0.601	0.508	0.827	0.884	0.549	0.517	0.838	1.006	0.572	0.539	0.764	0.776	0.614	0.507	0.838	0.894	0.544	0.475	0.852	0.809	0.563	0.549	0.756	0.815	0.519	0.531	0.758	0.732	0.502	0.477	0.792	0.981	0.574	0.608	0.723	0.828	0.522	0.511	0.766	0.793	0.529	0.538	0.950	0.824	0.563	0.603	0.716	0.792	0.547	0.575	0.800	0.831	0.583	0.548	0.843	0.829	0.596	0.570
13:00:01	0.793	0.666	0.521	0.532	0.782	0.835	0.494	0.371	0.717	0.754	0.529	0.445	0.647	0.653	0.513	0.516	0.829	0.807	0.521	0.381	0.813	0.761	0.538	0.501	0.763	0.664	0.504	0.519	0.904	0.761	0.515	0.524	0.801	0.881	0.553	0.537	0.769	0.791	0.602	0.508	0.840	0.854	0.550	0.519	0.832	0.969	0.575	0.544	0.772	0.786	0.615	0.506	0.836	0.906	0.547	0.477	0.850	0.808	0.566	0.553	0.756	0.823	0.519	0.531	0.762	0.736	0.502	0.477	0.791	0.998	0.577	0.613	0.730	0.826	0.522	0.512	0.774	0.796	0.530	0.541	0.951	0.828	0.567	0.605	0.712	0.810	0.547	0.575	0.805	0.780	0.586	0.551	0.846	0.834	0.599	0.571
13:20:01	0.801	0.675	0.524	0.532	0.786	0.837	0.497	0.373	0.717	0.759	0.531	0.449	0.652	0.657	0.513	0.518	0.826	0.809	0.522	0.382	0.813	0.765	0.539	0.503	0.760	0.672	0.504	0.518	0.905	0.776	0.518	0.525	0.801	0.880	0.556	0.541	0.786	0.795	0.604	0.506	0.844	0.795	0.551	0.522	0.831	0.885	0.579	0.547	0.775	0.791	0.617	0.508	0.826	0.910	0.548	0.478	0.857	0.821	0.569	0.555	0.771	0.831	0.519	0.531	0.764	0.738	0.503	0.479	0.791	1.004	0.580	0.618	0.735	0.832	0.521	0.512	0.777	0.800	0.531	0.543	0.950	0.832	0.570	0.608	0.725	0.793	0.548	0.575	0.808	0.777	0.586	0.552	0.846	0.839	0.603	0.572
13:40:01	0.813	0.682	0.529	0.534	0.792	0.844	0.503	0.376	0.719	0.764	0.534	0.457	0.658	0.661	0.515	0.519	0.825	0.813	0.526	0.387	0.821	0.772	0.542	0.507	0.767	0.680	0.506	0.519	0.913	0.794	0.524	0.530	0.801	0.881	0.560	0.545	0.808	0.803	0.609	0.507	0.847	0.758	0.553	0.525	0.832	0.872	0.582	0.552	0.781	0.788	0.619	0.508	0.830	0.901	0.549	0.480	0.858	0.835	0.572	0.559	0.782	0.843	0.522	0.534	0.770	0.744	0.503	0.488	0.794	1.007	0.584	0.624	0.742	0.834	0.522	0.516	0.783	0.802	0.533	0.546	0.955	0.836	0.574	0.611	0.750	0.805	0.550	0.576	0.813	0.789	0.589	0.556	0.849	0.845	0.607	0.574
14:00:01	0.819	0.681	0.528	0.533	0.793	0.845	0.504	0.376	0.720	0.768	0.535	0.459	0.663	0.666	0.512	0.517	0.823	0.811	0.525	0.386	0.815	0.773	0.543	0.506	0.773	0.681	0.506	0.517	0.908	0.806	0.525	0.530	0.798	0.879	0.563	0.549	0.825	0.803	0.608	0.505	0.842	0.758	0.554	0.526	0.835	0.875	0.585	0.554	0.788	0.801	0.618	0.507	0.834	0.861	0.549	0.483	0.854	0.839	0.575	0.562	0.785	0.840	0.520	0.531	0.770	0.743	0.502	0.487	0.792	0.997	0.587	0.627	0.748	0.840	0.520	0.515	0.788	0.802	0.533	0.548	0.948	0.838	0.577	0.613	0.731	0.799	0.549	0.575	0.813	0.799	0.588	0.556	0.848	0.849	0.608	0.577
14:20:01	0.817	0.685	0.529	0.534	0.794	0.847	0.507	0.379	0.722	0.773	0.537	0.464	0.672	0.670	0.512	0.518	0.822	0.813	0.527	0.388	0.814	0.777	0.546	0.509	0.792	0.686	0.506	0.517	0.908	0.808	0.528	0.533	0.796	0.879	0.566	0.554	0.802	0.812	0.610	0.507	0.826	0.770	0.556	0.529	0.836	0.883	0.589	0.558	0.794	0.801	0.618	0.506	0.835	0.819	0.551	0.486	0.846	0.842	0.579	0.567	0.787	0.851	0.521	0.531	0.772	0.747	0.503	0.487	0.793	0.961	0.591	0.631	0.752	0.850	0.520	0.514	0.790	0.803	0.534	0.549	0.948	0.841	0.580	0.616	0.734	0.800	0.549	0.575	0.816	0.810	0.589	0.558	0.849	0.855	0.611	0.581
14:40:01	0.814	0.689	0.530	0.534	0.792	0.851	0.510	0.380	0.724	0.775	0.540	0.469	0.682	0.676	0.512	0.517	0.820	0.814	0.528	0.389	0.809	0.780	0.548	0.511	0.805	0.693	0.505	0.517	0.907	0.807	0.530	0.537	0.795	0.873	0.569	0.558	0.765	0.811	0.612	0.507	0.807	0.782	0.558	0.531	0.830	0.888	0.591	0.563	0.783	0.807	0.620	0.504	0.834	0.807	0.551	0.488	0.828	0.843	0.582	0.570	0.787	0.849	0.521	0.531	0.772	0.749	0.503	0.489	0.792	0.934	0.594	0.633	0.757	0.846	0.519	0.514	0.790	0.804	0.535	0.551	0.947	0.844	0.583	0.618	0.735	0.808	0.549	0.575	0.817	0.816	0.590	0.560	0.851	0.860	0.614	0.583
15:00:01	0.812	0.695	0.531	0.535	0.792	0.855	0.514	0.383	0.725	0.777	0.541	0.473	0.693	0.681	0.511	0.517	0.818	0.815	0.530	0.391	0.807	0.783	0.550	0.512	0.841	0.698	0.506	0.517	0.905	0.806	0.533	0.540	0.794	0.868	0.573	0.562	0.773	0.814	0.614	0.508	0.813	0.795	0.559	0.534	0.818	0.890	0.595	0.564	0.803	0.818	0.620	0.507	0.828	0.806	0.552	0.490	0.806	0.844	0.585	0.573	0.789	0.855	0.522	0.531	0.773	0.752	0.504	0.495	0.791	0.936	0.597	0.636	0.763	0.854	0.519	0.514	0.791	0.805	0.537	0.552	0.946	0.847	0.586	0.619	0.738	0.817	0.550	0.575	0.818	0.815	0.591	0.562	0.853	0.864	0.617	0.585
15:20:01	0.812	0.700	0.531	0.537	0.790	0.857	0.515	0.384	0.727	0.781	0.544	0.477	0.704	0.685	0.511	0.517	0.817	0.818	0.531	0.393	0.806	0.787	0.552	0.514	0.748	0.703	0.507	0.518	0.905	0.807	0.536	0.542	0.792	0.870	0.576	0.565	0.773	0.818	0.616	0.511	0.801	0.815	0.560	0.537	0.807	0.892	0.598	0.567	0.812	0.818	0.621	0.505	0.818	0.814	0.553	0.492	0.794	0.844	0.588	0.577	0.790	0.856	0.522	0.533	0.774	0.756	0.504	0.495	0.790	0.920	0.599	0.638	0.770	0.857	0.518	0.514	0.790	0.806	0.538	0.554	0.945	0.851	0.589	0.622	0.741	0.832	0.551	0.576	0.819	0.813	0.593	0.564	0.854	0.868	0.622	0.588
15:40:01	0.811	0.714	0.535	0.540	0.791	0.866	0.520	0.390	0.733	0.785	0.548	0.484	0.709	0.692	0.513	0.517	0.816	0.821	0.534	0.398	0.803	0.791	0.554	0.519	0.749	0.707	0.508	0.521	0.907	0.808	0.539	0.546	0.792	0.874	0.579	0.569	0.773	0.820	0.621	0.510	0.809	0.823	0.562	0.541	0.799	0.894	0.601	0.572	0.824	0.814	0.624	0.507	0.810	0.824	0.556	0.495	0.785	0.846	0.590	0.580	0.792	0.859	0.524	0.535	0.779	0.761	0.505	0.497	0.790	0.908	0.603	0.639	0.776	0.866	0.520	0.515	0.790	0.808	0.542	0.557	0.948	0.853	0.592	0.624	0.761	0.843	0.554	0.577	0.823	0.813	0.596	0.567	0.856	0.872	0.633	0.591
16:00:01	0.812	0.717	0.534	0.539	0.789	0.866	0.520	0.389	0.731	0.785	0.548	0.485	0.715	0.695	0.511	0.516	0.813	0.820	0.534	0.397	0.792	0.793	0.555	0.518	0.748	0.712	0.506	0.520	0.900	0.808	0.539	0.546	0.789	0.874	0.582	0.572	0.769	0.823	0.619	0.508	0.816	0.821	0.562	0.541	0.795	0.895	0.604	0.574	0.826	0.816	0.624	0.504	0.800	0.835	0.556	0.498	0.783	0.844	0.596	0.584	0.791	0.862	0.522	0.532	0.778	0.760	0.505	0.500	0.788	0.905	0.608	0.642	0.783	0.868	0.517	0.512	0.788	0.809	0.540	0.559	0.941	0.854	0.594	0.626	0.746	0.845	0.552	0.576	0.821	0.813	0.596	0.568	0.856	0.875	0.637	0.593
16:20:01	0.813	0.725	0.535	0.540	0.789	0.871	0.523	0.392	0.733	0.786	0.550	0.489	0.723	0.699	0.510	0.515	0.811	0.820	0.535	0.400	0.788	0.796	0.557	0.520	0.748	0.716	0.509	0.521	0.898	0.810	0.541	0.546	0.788	0.877	0.585	0.574	0.765	0.820	0.621	0.507	0.826	0.818	0.563	0.542	0.794	0.896	0.611	0.575	0.815	0.820	0.625	0.503	0.793	0.843	0.556	0.501	0.783	0.845	0.604	0.586	0.791	0.864	0.522	0.532	0.778	0.763	0.505	0.503	0.787	0.904	0.617	0.644	0.790	0.870	0.517	0.511	0.787	0.810	0.542	0.562	0.940	0.855	0.596	0.627	0.748	0.847	0.553	0.575	0.824	0.814	0.603	0.570	0.857	0.878	0.637	0.599
16:40:01	0.815	0.731	0.536	0.542	0.789	0.878	0.525	0.395	0.735	0.787	0.553	0.493	0.728	0.702	0.510	0.516	0.811	0.821	0.536	0.403	0.786	0.798	0.559	0.523	0.748	0.721	0.507	0.522	0.896	0.811	0.543	0.547	0.787	0.878	0.591	0.578	0.763	0.820	0.623	0.508	0.837	0.817	0.565	0.543	0.793	0.898	0.619	0.580	0.776	0.830	0.625	0.502	0.787	0.846	0.557	0.502	0.785	0.845	0.608	0.590	0.792	0.862	0.522	0.532	0.776	0.764	0.505	0.504	0.785	0.904	0.617	0.646	0.797	0.874	0.517	0.511	0.787	0.810	0.544	0.564	0.938	0.857	0.599	0.630	0.751	0.890	0.554	0.575	0.826	0.815	0.610	0.572	0.858	0.882	0.636	0.599
17:00:01	0.817	0.738	0.536	0.543	0.787	0.883	0.527	0.398	0.735	0.791	0.555	0.498	0.731	0.708	0.509	0.515	0.809	0.822	0.536	0.405	0.787	0.800	0.561	0.524	0.750	0.718	0.507	0.523	0.895	0.811	0.545	0.548	0.786	0.877	0.600	0.581	0.762	0.830	0.624	0.507	0.836	0.815	0.566	0.544	0.792	0.899	0.620	0.581	0.769	0.827	0.626	0.501	0.784	0.846	0.557	0.505	0.785	0.846	0.607	0.594	0.792	0.866	0.522	0.532	0.775	0.766	0.505	0.507	0.783	0.905	0.616	0.647	0.803	0.877	0.517	0.510	0.786	0.811	0.545	0.568	0.936	0.857	0.601	0.632	0.753	0.938	0.555	0.575	0.828	0.817	0.611	0.573	0.858	0.886	0.635	0.601
17:20:01	0.818	0.743	0.537	0.545	0.786	0.889	0.529	0.402	0.738	0.794	0.557	0.502	0.732	0.714	0.509	0.516	0.809	0.823	0.537	0.408	0.785	0.801	0.562	0.525	0.752	0.730	0.508	0.522	0.894	0.812	0.547	0.549	0.785	0.885	0.603	0.583	0.761	0.824	0.626	0.508	0.838	0.815	0.569	0.546	0.790	0.900	0.619	0.586	0.767	0.828	0.627	0.502	0.783	0.845	0.559	0.508	0.786	0.844	0.605	0.597	0.792	0.868	0.521	0.533	0.774	0.767	0.506	0.511	0.781	0.905	0.614	0.648	0.808	0.881	0.516	0.511	0.785	0.812	0.549	0.570	0.935	0.858	0.603	0.632	0.756	0.864	0.556	0.575	0.830	0.818	0.610	0.575	0.860	0.889	0.634	0.604
17:40:01	0.821	0.749	0.538	0.547	0.785	0.892	0.531	0.405	0.739	0.796	0.559	0.506	0.734	0.722	0.509	0.516	0.809	0.825	0.539	0.411	0.784	0.803	0.565	0.527	0.752	0.740	0.508	0.523	0.894	0.814	0.549	0.550	0.784	0.871	0.602	0.586	0.762	0.829	0.628	0.509	0.842	0.815	0.573	0.548	0.789	0.901	0.618	0.587	0.765	0.828	0.628	0.501	0.783	0.843	0.560	0.510	0.786	0.844	0.604	0.600	0.793	0.870	0.522	0.534	0.792	0.769	0.506	0.517	0.780	0.907	0.613	0.650	0.814	0.887	0.517	0.511	0.785	0.813	0.549	0.572	0.934	0.860	0.609	0.634	0.762	0.861	0.558	0.575	0.832	0.820	0.609	0.577	0.861	0.891	0.633	0.606
18:00:01	0.821	0.754	0.538	0.549	0.784	0.893	0.532	0.410	0.738	0.799	0.560	0.510	0.736	0.728	0.509	0.516	0.808	0.826	0.539	0.414	0.779	0.804	0.566	0.528	0.754	0.744	0.509	0.523	0.890	0.814	0.550	0.550	0.783	0.876	0.601	0.589	0.762	0.836	0.630	0.509	0.842	0.815	0.579	0.549	0.786	0.901	0.616	0.587	0.762	0.834	0.629	0.502	0.781	0.841	0.561	0.512	0.783	0.843	0.602	0.602	0.792	0.867	0.522	0.534	0.785	0.771	0.506	0.517	0.778	0.907	0.611	0.652	0.820	0.887	0.516	0.509	0.785	0.815	0.553	0.574	0.932	0.862	0.617	0.635	0.761	0.861	0.560	0.576	0.833	0.821	0.608	0.579	0.861	0.892	0.632	0.607
18:20:01	0.824	0.761	0.540	0.551	0.784	0.894	0.534	0.411	0.741	0.801	0.562	0.513	0.738	0.739	0.510	0.516	0.808	0.827	0.540	0.417	0.776	0.805	0.568	0.530	0.755	0.748	0.511	0.525	0.888	0.813	0.556	0.551	0.781	0.881	0.600	0.591	0.762	0.834	0.632	0.509	0.840	0.816	0.579	0.550	0.786	0.902	0.615	0.589	0.761	0.839	0.630	0.502	0.781	0.839	0.561	0.514	0.782	0.842	0.601	0.604	0.793	0.860	0.523	0.534	0.789	0.772	0.507	0.519	0.777	0.907	0.609	0.652	0.822	0.886	0.517	0.509	0.784	0.815	0.555	0.575	0.931	0.861	0.619	0.637	0.763	0.862	0.561	0.577	0.834	0.823	0.606	0.579	0.862	0.894	0.631	0.609
18:40:01	0.825	0.770	0.541	0.553	0.783	0.892	0.536	0.416	0.744	0.804	0.564	0.516	0.741	0.753	0.510	0.516	0.808	0.828	0.541	0.420	0.775	0.808	0.570	0.531	0.756	0.748	0.510	0.526	0.888	0.815	0.562	0.552	0.780	0.888	0.599	0.594	0.762	0.839	0.633	0.510	0.838	0.816	0.578	0.551	0.786	0.901	0.614	0.592	0.760	0.840	0.632	0.501	0.781	0.837	0.563	0.515	0.782	0.840	0.599	0.606	0.792	0.861	0.523	0.535	0.790	0.773	0.507	0.520	0.774	0.907	0.608	0.654	0.828	0.883	0.517	0.509	0.783	0.815	0.557	0.575	0.931	0.863	0.619	0.639	0.767	0.862	0.561	0.578	0.835	0.823	0.605	0.581	0.863	0.897	0.631	0.611
19:00:01	0.825	0.783	0.542	0.555	0.783	0.890	0.537	0.421	0.752	0.809	0.566	0.518	0.743	0.765	0.509	0.516	0.808	0.829	0.541	0.423	0.774	0.810	0.571	0.533	0.756	0.751	0.512	0.526	0.886	0.814	0.562	0.553	0.779	0.885	0.598	0.596	0.762	0.838	0.635	0.511	0.834	0.816	0.577	0.552	0.784	0.901	0.612	0.593	0.760	0.848	0.633	0.501	0.781	0.834	0.563	0.517	0.781	0.838	0.598	0.609	0.792	0.862	0.523	0.535	0.790	0.774	0.507	0.520	0.773	0.907	0.606	0.654	0.831	0.872	0.516	0.507	0.783	0.814	0.559	0.576	0.930	0.863	0.617	0.639	0.765	0.862	0.562	0.578	0.837	0.824	0.604	0.581	0.864	0.902	0.631	0.613
19:20:01	0.828	0.804	0.545	0.558	0.784	0.893	0.539	0.433	0.762	0.815	0.569	0.522	0.746	0.773	0.511	0.518	0.809	0.833	0.543	0.431	0.776	0.813	0.574	0.537	0.758	0.758	0.513	0.528	0.889	0.815	0.564	0.556	0.779	0.894	0.597	0.597	0.763	0.844	0.639	0.513	0.835	0.818	0.576	0.555	0.784	0.901	0.611	0.594	0.763	0.839	0.637	0.503	0.781	0.832	0.564	0.518	0.781	0.836	0.596	0.611	0.794	0.860	0.525	0.537	0.792	0.776	0.509	0.521	0.774	0.906	0.605	0.655	0.835	0.885	0.518	0.509	0.785	0.815	0.563	0.577	0.938	0.866	0.616	0.641	0.780	0.863	0.564	0.580	0.839	0.825	0.604	0.583	0.866	0.902	0.633	0.615
19:40:01	0.828	0.811	0.544	0.559	0.782	0.891	0.538	0.430	0.763	0.817	0.568	0.523	0.749	0.778	0.509	0.517	0.808	0.832	0.542	0.430	0.774	0.816	0.574	0.536	0.758	0.755	0.512	0.527	0.884	0.813	0.561	0.553	0.776	0.886	0.596	0.599	0.762	0.842	0.638	0.512	0.831	0.817	0.574	0.553	0.782	0.900	0.610	0.595	0.761	0.851	0.635	0.501	0.779	0.828	0.564	0.520	0.780	0.833	0.595	0.613	0.793	0.860	0.523	0.535	0.787	0.774	0.508	0.520	0.770	0.905	0.603	0.656	0.837	0.885	0.516	0.508	0.782	0.813	0.564	0.576	0.933	0.865	0.615	0.642	0.763	0.863	0.563	0.579	0.838	0.825	0.601	0.580	0.866	0.907	0.631	0.615
20:00:01	0.829	0.817	0.545	0.561	0.781	0.889	0.540	0.434	0.766	0.820	0.570	0.525	0.751	0.787	0.509	0.517	0.807	0.834	0.543	0.433	0.774	0.823	0.575	0.536	0.758	0.756	0.512	0.528	0.883	0.814	0.561	0.554	0.775	0.898	0.595	0.601	0.761	0.844	0.639	0.512	0.828	0.816	0.572	0.553	0.781	0.898	0.608	0.595	0.762	0.855	0.637	0.502	0.778	0.826	0.564	0.521	0.778	0.830	0.593	0.615	0.792	0.860	0.523	0.535	0.788	0.772	0.508	0.520	0.768	0.904	0.602	0.657	0.839	0.880	0.516	0.508	0.781	0.813	0.560	0.576	0.932	0.866	0.613	0.642	0.757	0.861	0.564	0.579	0.838	0.825	0.599	0.581	0.867	0.912	0.631	0.616
20:20:01	0.830	0.826	0.548	0.564	0.782	0.887	0.542	0.446	0.769	0.828	0.574	0.529	0.755	0.793	0.511	0.519	0.809	0.838	0.545	0.440	0.775	0.831	0.577	0.540	0.761	0.762	0.515	0.531	0.887	0.815	0.561	0.557	0.776	0.911	0.594	0.602	0.762	0.848	0.644	0.515	0.831	0.818	0.573	0.555	0.780	0.898	0.606	0.596	0.764	0.861	0.641	0.506	0.778	0.824	0.565	0.522	0.777	0.827	0.591	0.617	0.794	0.860	0.526	0.539	0.791	0.774	0.510	0.521	0.768	0.903	0.601	0.657	0.842	0.878	0.517	0.509	0.784	0.812	0.562	0.576	0.939	0.868	0.611	0.643	0.776	0.863	0.567	0.580	0.841	0.826	0.600	0.583	0.869	0.911	0.634	0.617
20:40:01	0.829	0.824	0.547	0.565	0.780	0.886	0.542	0.442	0.765	0.831	0.574	0.529	0.758	0.794	0.510	0.518	0.806	0.834	0.545	0.438	0.774	0.830	0.580	0.537	0.761	0.759	0.515	0.530	0.882	0.814	0.558	0.555	0.773	0.920	0.593	0.604	0.761	0.847	0.642	0.514	0.824	0.816	0.570	0.553	0.777	0.896	0.606	0.595	0.763	0.867	0.639	0.504	0.777	0.820	0.565	0.523	0.775	0.824	0.590	0.619	0.792	0.859	0.524	0.537	0.788	0.770	0.509	0.521	0.764	0.902	0.599	0.659	0.844	0.886	0.516	0.508	0.780	0.810	0.562	0.575	0.933	0.867	0.610	0.644	0.757	0.861	0.566	0.580	0.840	0.826	0.597	0.581	0.869	0.915	0.632	0.619
21:00:01	0.830	0.828	0.549	0.566	0.780	0.886	0.542	0.446	0.763	0.836	0.576	0.532	0.763	0.796	0.510	0.519	0.806	0.834	0.546	0.440	0.773	0.833	0.582	0.537	0.761	0.761	0.515	0.531	0.882	0.814	0.557	0.557	0.771	0.928	0.592	0.605	0.761	0.846	0.643	0.514	0.821	0.817	0.570	0.554	0.776	0.895	0.605	0.596	0.762	0.865	0.641	0.505	0.776	0.817	0.566	0.524	0.774	0.820	0.589	0.619	0.792	0.860	0.525	0.537	0.789	0.771	0.509	0.520	0.763	0.900	0.597	0.660	0.847	0.891	0.516	0.508	0.780	0.809	0.561	0.574	0.932	0.867	0.608	0.645	0.755	0.860	0.566	0.580	0.842	0.826	0.596	0.580	0.871	0.915	0.633	0.618
21:20:01	0.831	0.834	0.551	0.569	0.782	0.890	0.544	0.458	0.765	0.845	0.582	0.534	0.770	0.801	0.512	0.521	0.807	0.836	0.548	0.448	0.773	0.842	0.584	0.541	0.761	0.766	0.518	0.534	0.885	0.813	0.557	0.559	0.773	0.935	0.591	0.605	0.760	0.853	0.647	0.516	0.819	0.818	0.569	0.555	0.777	0.893	0.603	0.596	0.764	0.872	0.644	0.507	0.776	0.814	0.566	0.525	0.775	0.816	0.587	0.620	0.794	0.861	0.528	0.540	0.791	0.775	0.511	0.521	0.763	0.898	0.596	0.659	0.849	0.854	0.518	0.510	0.783	0.807	0.564	0.574	0.936	0.869	0.607	0.646	0.772	0.860	0.569	0.581	0.844	0.828	0.597	0.581	0.873	0.912	0.635	0.618
21:40:01	0.831	0.834	0.551	0.569	0.780	0.891	0.544	0.458	0.759	0.848	0.583	0.534	0.775	0.803	0.510	0.520	0.806	0.831	0.547	0.446	0.772	0.842	0.585	0.539	0.761	0.762	0.517	0.533	0.881	0.811	0.555	0.558	0.770	0.936	0.590	0.606	0.760	0.840	0.646	0.516	0.812	0.817	0.567	0.553	0.774	0.892	0.602	0.595	0.763	0.868	0.644	0.506	0.773	0.809	0.567	0.526	0.773	0.813	0.586	0.621	0.792	0.862	0.526	0.538	0.788	0.775	0.510	0.519	0.760	0.895	0.595	0.660	0.853	0.849	0.517	0.508	0.779	0.804	0.561	0.572	0.930	0.869	0.605	0.647	0.746	0.859	0.567	0.579	0.843	0.827	0.593	0.578	0.874	0.915	0.634	0.621
22:00:01	0.833	0.837	0.552	0.571	0.780	0.897	0.544	0.461	0.759	0.853	0.586	0.536	0.778	0.804	0.510	0.521	0.806	0.831	0.548	0.449	0.771	0.844	0.587	0.541	0.762	0.767	0.517	0.534	0.881	0.812	0.554	0.558	0.770	0.941	0.589	0.607	0.760	0.847	0.648	0.516	0.809	0.819	0.566	0.552	0.773	0.890	0.601	0.595	0.763	0.867	0.645	0.507	0.772	0.807	0.569	0.526	0.772	0.810	0.585	0.621	0.793	0.862	0.527	0.538	0.793	0.779	0.510	0.520	0.759	0.893	0.593	0.662	0.855	0.844	0.517	0.508	0.780	0.803	0.561	0.571	0.930	0.869	0.603	0.648	0.737	0.860	0.569	0.579	0.843	0.828	0.592	0.577	0.876	0.922	0.634	0.620
22:20:01	0.834	0.836	0.553	0.573	0.780	0.902	0.545	0.467	0.761	0.852	0.590	0.538	0.781	0.807	0.511	0.522	0.805	0.829	0.548	0.452	0.769	0.847	0.589	0.540	0.762	0.769	0.517	0.535	0.881	0.810	0.554	0.559	0.769	0.945	0.587	0.607	0.759	0.832	0.649	0.517	0.806	0.820	0.565	0.551	0.772	0.888	0.600	0.595	0.763	0.865	0.646	0.507	0.771	0.802	0.570	0.527	0.769	0.806	0.583	0.622	0.793	0.864	0.527	0.538	0.790	0.783	0.511	0.519	0.758	0.891	0.592	0.663	0.857	0.841	0.517	0.508	0.779	0.800	0.563	0.570	0.929	0.871	0.602	0.651	0.726	0.860	0.570	0.580	0.843	0.828	0.591	0.576	0.877	0.925	0.635	0.621
22:40:01	0.836	0.839	0.555	0.575	0.780	0.904	0.547	0.474	0.764	0.857	0.592	0.540	0.783	0.808	0.511	0.523	0.805	0.829	0.549	0.455	0.768	0.848	0.590	0.542	0.762	0.773	0.519	0.536	0.880	0.809	0.553	0.560	0.769	0.944	0.586	0.608	0.758	0.844	0.651	0.518	0.806	0.818	0.563	0.550	0.771	0.886	0.598	0.595	0.763	0.873	0.649	0.508	0.771	0.799	0.571	0.526	0.768	0.802	0.582	0.622	0.793	0.867	0.526	0.539	0.791	0.784	0.511	0.519	0.757	0.888	0.590	0.664	0.859	0.840	0.517	0.508	0.779	0.798	0.566	0.569	0.930	0.869	0.600	0.652	0.710	0.859	0.571	0.580	0.846	0.828	0.590	0.576	0.879	0.926	0.635	0.622
23:00:01	0.838	0.842	0.558	0.578	0.781	0.906	0.549	0.484	0.773	0.860	0.594	0.542	0.786	0.811	0.513	0.526	0.807	0.832	0.554	0.462	0.769	0.850	0.591	0.545	0.762	0.782	0.523	0.539	0.884	0.808	0.554	0.564	0.770	0.947	0.585	0.607	0.759	0.849	0.655	0.520	0.805	0.819	0.564	0.552	0.772	0.884	0.597	0.595	0.764	0.873	0.651	0.512	0.771	0.795	0.572	0.527	0.768	0.798	0.580	0.623	0.795	0.872	0.529	0.542	0.791	0.789	0.512	0.520	0.757	0.886	0.590	0.665	0.862	0.840	0.520	0.512	0.782	0.797	0.572	0.569	0.933	0.872	0.599	0.654	0.725	0.860	0.574	0.582	0.850	0.829	0.591	0.578	0.883	0.924	0.639	0.623
23:20:01	0.839	0.842	0.558	0.579	0.778	0.904	0.551	0.482	0.767	0.864	0.593	0.543	0.787	0.811	0.512	0.526	0.804	0.825	0.555	0.460	0.766	0.846	0.589	0.542	0.762	0.781	0.522	0.538	0.879	0.806	0.551	0.562	0.766	0.944	0.584	0.608	0.758	0.842	0.653	0.520	0.802	0.816	0.561	0.549	0.769	0.882	0.596	0.595	0.764	0.878	0.651	0.510	0.769	0.791	0.571	0.529	0.768	0.796	0.579	0.624	0.794	0.886	0.527	0.540	0.786	0.787	0.512	0.519	0.754	0.883	0.588	0.678	0.864	0.838	0.518	0.510	0.779	0.794	0.551	0.568	0.929	0.871	0.597	0.655	0.701	0.859	0.573	0.581	0.851	0.828	0.589	0.575	0.885	0.930	0.638	0.623
23:40:01	0.839	0.845	0.561	0.581	0.779	0.904	0.555	0.489	0.772	0.870	0.592	0.544	0.789	0.814	0.512	0.528	0.804	0.825	0.559	0.463	0.765	0.846	0.588	0.544	0.761	0.786	0.523	0.540	0.880	0.805	0.550	0.563	0.765	0.943	0.582	0.608	0.758	0.854	0.655	0.521	0.797	0.816	0.561	0.549	0.768	0.880	0.595	0.594	0.767	0.880	0.653	0.510	0.769	0.787	0.572	0.529	0.765	0.793	0.578	0.624	0.794	0.877	0.527	0.541	0.783	0.790	0.512	0.519	0.753	0.880	0.587	0.685	0.866	0.836	0.518	0.510	0.779	0.792	0.553	0.567	0.929	0.870	0.596	0.659	0.697	0.859	0.574	0.581	0.852	0.828	0.589	0.575	0.885	0.935	0.639	0.625
24:00:01	0.841	0.848	0.562	0.583	0.779	0.910	0.559	0.493	0.783	0.873	0.591	0.546	0.791	0.814	0.512	0.529	0.803	0.823	0.561	0.466	0.763	0.847	0.587	0.545	0.761	0.787	0.522	0.541	0.880	0.803	0.549	0.568	0.763	0.945	0.581	0.608	0.758	0.859	0.656	0.521	0.796	0.816	0.559	0.548	0.767	0.878	0.594	0.594	0.766	0.891	0.653	0.510	0.768	0.784	0.572	0.528	0.763	0.789	0.576	0.624	0.795	0.880	0.527	0.542	0.784	0.792	0.513	0.519	0.752	0.878	0.586	0.684	0.870	0.834	0.518	0.511	0.780	0.790	0.558	0.566	0.929	0.869	0.595	0.671	0.702	0.859	0.575	0.581	0.854	0.828	0.588	0.574	0.886	0.937	0.640	0.625
24:20:01	0.842	0.851	0.566	0.587	0.781	0.914	0.563	0.504	0.794	0.880	0.591	0.548	0.793	0.816	0.515	0.532	0.805	0.825	0.564	0.475	0.765	0.851	0.587	0.549	0.762	0.796	0.527	0.544	0.884	0.802	0.550	0.575	0.764	0.949	0.580	0.608	0.759	0.866	0.659	0.523	0.796	0.816	0.560	0.550	0.766	0.876	0.592	0.595	0.767	0.899	0.657	0.513	0.768	0.780	0.572	0.530	0.763	0.785	0.575	0.625	0.797	0.883	0.530	0.545	0.787	0.796	0.514	0.519	0.754	0.875	0.586	0.682	0.875	0.833	0.520	0.514	0.783	0.788	0.583	0.565	0.933	0.870	0.594	0.673	0.716	0.860	0.577	0.584	0.857	0.828	0.590	0.576	0.889	0.934	0.644	0.628
24:40:01	0.843	0.851	0.566	0.587	0.778	0.909	0.561	0.502	0.794	0.881	0.589	0.548	0.795	0.813	0.513	0.532	0.801	0.817	0.562	0.473	0.761	0.858	0.585	0.546	0.761	0.792	0.526	0.543	0.880	0.799	0.547	0.570	0.761	0.950	0.578	0.608	0.757	0.872	0.657	0.522	0.793	0.814	0.557	0.548	0.764	0.874	0.591	0.594	0.766	0.901	0.656	0.511	0.765	0.775	0.570	0.529	0.760	0.783	0.574	0.625	0.795	0.851	0.528	0.543	0.780	0.793	0.515	0.517	0.751	0.872	0.584	0.681	0.883	0.832	0.519	0.509	0.778	0.785	0.589	0.563	0.927	0.866	0.592	0.670	0.695	0.859	0.576	0.582	0.857	0.827	0.587	0.572	0.886	0.942	0.643	0.628
25:00:01	0.846	0.854	0.568	0.590	0.778	0.912	0.561	0.507	0.794	0.891	0.588	0.550	0.799	0.811	0.514	0.533	0.802	0.815	0.563	0.477	0.760	0.869	0.584	0.547	0.761	0.798	0.527	0.544	0.881	0.798	0.547	0.569	0.760	0.952	0.577	0.609	0.758	0.885	0.657	0.524	0.793	0.813	0.557	0.547	0.762	0.872	0.591	0.595	0.767	0.893	0.657	0.511	0.766	0.772	0.568	0.529	0.759	0.781	0.573	0.626	0.796	0.832	0.529	0.544	0.786	0.793	0.517	0.517	0.750	0.870	0.583	0.680	0.888	0.831	0.519	0.510	0.778	0.784	0.602	0.562	0.927	0.864	0.591	0.670	0.687	0.859	0.577	0.583	0.859	0.827	0.587	0.572	0.890	0.943	0.644	0.630
25:20:01	0.848	0.857	0.571	0.592	0.778	0.910	0.561	0.511	0.796	0.904	0.587	0.551	0.803	0.811	0.515	0.534	0.801	0.810	0.562	0.480	0.759	0.866	0.583	0.547	0.761	0.803	0.529	0.545	0.884	0.796	0.546	0.567	0.759	0.951	0.576	0.609	0.758	0.902	0.658	0.525	0.791	0.812	0.556	0.547	0.762	0.870	0.590	0.595	0.767	0.904	0.658	0.512	0.765	0.768	0.567	0.530	0.757	0.778	0.572	0.626	0.797	0.835	0.529	0.546	0.785	0.790	0.518	0.516	0.750	0.867	0.582	0.678	0.892	0.830	0.520	0.511	0.778	0.781	0.607	0.561	0.926	0.861	0.590	0.670	0.684	0.860	0.578	0.584	0.861	0.828	0.587	0.571	0.888	0.947	0.646	0.635
25:40:01	0.849	0.859	0.573	0.595	0.777	0.899	0.560	0.516	0.797	0.907	0.586	0.551	0.805	0.814	0.516	0.535	0.800	0.807	0.561	0.483	0.758	0.871	0.582	0.548	0.762	0.800	0.530	0.546	0.884	0.794	0.545	0.565	0.759	0.951	0.575	0.610	0.758	0.914	0.658	0.526	0.792	0.811	0.555	0.546	0.761	0.868	0.588	0.595	0.767	0.913	0.658	0.513	0.764	0.764	0.565	0.528	0.755	0.775	0.571	0.627	0.797	0.855	0.530	0.547	0.797	0.789	0.520	0.515	0.751	0.865	0.582	0.677	0.896	0.829	0.520	0.513	0.777	0.779	0.609	0.560	0.926	0.859	0.589	0.668	0.684	0.860	0.578	0.585	0.863	0.827	0.587	0.570	0.885	0.948	0.647	0.646
26:00:01	0.851	0.859	0.575	0.596	0.776	0.898	0.559	0.520	0.797	0.912	0.585	0.552	0.809	0.816	0.516	0.536	0.798	0.804	0.560	0.486	0.757	0.870	0.581	0.549	0.762	0.797	0.531	0.547	0.884	0.791	0.544	0.563	0.757	0.949	0.573	0.610	0.758	0.917	0.658	0.526	0.789	0.808	0.554	0.545	0.759	0.865	0.587	0.596	0.767	0.919	0.658	0.513	0.763	0.760	0.564	0.528	0.754	0.772	0.570	0.627	0.796	0.858	0.530	0.547	0.811	0.787	0.521	0.514	0.750	0.862	0.581	0.674	0.898	0.829	0.520	0.512	0.776	0.777	0.608	0.558	0.925	0.855	0.587	0.668	0.684	0.861	0.578	0.585	0.862	0.827	0.587	0.569	0.884	0.951	0.648	0.646
26:20:01	0.853	0.860	0.578	0.599	0.775	0.901	0.559	0.524	0.799	0.918	0.585	0.554	0.813	0.820	0.517	0.538	0.798	0.801	0.560	0.488	0.755	0.872	0.580	0.549	0.762	0.805	0.532	0.548	0.886	0.790	0.544	0.562	0.757	0.946	0.572	0.617	0.758	0.894	0.659	0.527	0.789	0.806	0.553	0.544	0.758	0.863	0.587	0.596	0.767	0.921	0.658	0.514	0.761	0.756	0.563	0.527	0.754	0.770	0.569	0.629	0.797	0.853	0.530	0.549	0.808	0.789	0.520	0.514	0.750	0.860	0.580	0.673	0.901	0.827	0.521	0.514	0.774	0.775	0.609	0.557	0.924	0.854	0.586	0.668	0.686	0.862	0.580	0.587	0.868	0.829	0.587	0.568	0.888	0.950	0.650	0.647
26:40:01	0.855	0.866	0.582	0.602	0.775	0.912	0.559	0.529	0.802	0.927	0.585	0.555	0.817	0.821	0.519	0.539	0.797	0.798	0.559	0.491	0.753	0.870	0.579	0.549	0.763	0.802	0.533	0.549	0.886	0.787	0.543	0.562	0.755	0.942	0.571	0.625	0.759	0.868	0.659	0.528	0.787	0.805	0.552	0.544	0.756	0.861	0.586	0.597	0.767	0.923	0.659	0.514	0.760	0.752	0.561	0.527	0.751	0.767	0.568	0.640	0.798	0.848	0.531	0.549	0.810	0.789	0.519	0.512	0.749	0.857	0.579	0.672	0.905	0.826	0.521	0.512	0.772	0.773	0.607	0.556	0.925	0.851	0.585	0.667	0.688	0.863	0.580	0.587	0.867	0.828	0.588	0.568	0.887	0.944	0.652	0.646
27:00:01	0.857	0.868	0.583	0.604	0.774	0.916	0.557	0.531	0.795	0.932	0.583	0.556	0.820	0.821	0.520	0.540	0.797	0.797	0.558	0.493	0.752	0.873	0.578	0.550	0.763	0.803	0.535	0.550	0.886	0.785	0.542	0.559	0.754	0.937	0.570	0.624	0.759	0.861	0.659	0.529	0.785	0.803	0.551	0.543	0.755	0.858	0.585	0.597	0.767	0.930	0.660	0.515	0.759	0.748	0.560	0.526	0.749	0.764	0.567	0.642	0.799	0.838	0.532	0.550	0.817	0.789	0.517	0.512	0.748	0.854	0.578	0.670	0.909	0.826	0.522	0.515	0.771	0.770	0.606	0.555	0.924	0.848	0.583	0.666	0.687	0.863	0.580	0.587	0.867	0.829	0.588	0.567	0.881	0.943	0.654	0.644
27:20:01	0.858	0.870	0.586	0.606	0.773	0.921	0.557	0.535	0.767	0.938	0.583	0.557	0.828	0.824	0.521	0.541	0.796	0.796	0.557	0.496	0.750	0.876	0.577	0.551	0.763	0.808	0.536	0.551	0.888	0.783	0.542	0.558	0.753	0.930	0.569	0.621	0.759	0.862	0.659	0.530	0.786	0.801	0.550	0.542	0.754	0.857	0.584	0.598	0.768	0.937	0.659	0.516	0.757	0.745	0.559	0.526	0.747	0.762	0.566	0.640	0.799	0.838	0.532	0.552	0.820	0.793	0.516	0.511	0.747	0.852	0.578	0.669	0.912	0.826	0.523	0.514	0.769	0.768	0.605	0.555	0.924	0.845	0.582	0.666	0.689	0.864	0.580	0.588	0.861	0.829	0.589	0.566	0.882	0.941	0.656	0.642
27:40:01	0.860	0.872	0.589	0.608	0.772	0.921	0.555	0.538	0.754	0.946	0.581	0.558	0.835	0.823	0.522	0.542	0.795	0.794	0.556	0.498	0.749	0.879	0.575	0.551	0.764	0.808	0.536	0.551	0.888	0.780	0.541	0.557	0.753	0.918	0.568	0.619	0.760	0.856	0.659	0.531	0.783	0.798	0.550	0.542	0.753	0.855	0.583	0.599	0.769	0.942	0.659	0.516	0.756	0.741	0.558	0.525	0.746	0.760	0.565	0.637	0.800	0.838	0.533	0.553	0.822	0.803	0.515	0.511	0.745	0.849	0.577	0.668	0.914	0.824	0.523	0.517	0.767	0.766	0.604	0.553	0.923	0.843	0.581	0.666	0.693	0.865	0.581	0.589	0.864	0.830	0.589	0.565	0.879	0.942	0.658	0.642
28:00:01	0.862	0.872	0.591	0.610	0.771	0.917	0.555	0.541	0.755	0.950	0.580	0.558	0.816	0.826	0.523	0.543	0.794	0.792	0.555	0.501	0.748	0.881	0.574	0.552	0.764	0.808	0.537	0.552	0.889	0.778	0.540	0.556	0.752	0.901	0.567	0.617	0.761	0.852	0.660	0.532	0.784	0.796	0.549	0.541	0.751	0.853	0.582	0.599	0.770	0.946	0.660	0.516	0.754	0.737	0.557	0.524	0.744	0.757	0.564	0.635	0.802	0.838	0.534	0.554	0.817	0.810	0.514	0.510	0.744	0.846	0.576	0.666	0.914	0.824	0.524	0.515	0.764	0.764	0.602	0.553	0.922	0.841	0.580	0.665	0.698	0.866	0.581	0.590	0.870	0.830	0.590	0.565	0.875	0.941	0.659	0.642
28:20:01	0.864	0.872	0.592	0.612	0.770	0.914	0.554	0.543	0.760	0.953	0.580	0.559	0.854	0.826	0.524	0.544	0.793	0.790	0.555	0.503	0.746	0.880	0.573	0.552	0.765	0.808	0.539	0.552	0.889	0.775	0.539	0.555	0.751	0.878	0.566	0.615	0.761	0.850	0.660	0.533	0.783	0.794	0.548	0.540	0.751	0.851	0.582	0.608	0.771	0.945	0.661	0.517	0.753	0.734	0.556	0.524	0.742	0.754	0.563	0.633	0.802	0.837	0.535	0.554	0.809	0.810	0.512	0.508	0.743	0.844	0.575	0.665	0.918	0.822	0.524	0.516	0.762	0.761	0.600	0.552	0.921	0.839	0.579	0.666	0.698	0.867	0.582	0.591	0.874	0.829	0.590	0.564	0.857	0.938	0.660	0.641
28:40:01	0.866	0.872	0.594	0.614	0.769	0.918	0.553	0.544	0.766	0.951	0.578	0.560	0.884	0.827	0.525	0.545	0.792	0.789	0.554	0.505	0.745	0.874	0.572	0.553	0.765	0.808	0.539	0.553	0.889	0.772	0.538	0.553	0.750	0.860	0.565	0.613	0.761	0.847	0.662	0.534	0.780	0.792	0.547	0.540	0.749	0.850	0.581	0.610	0.771	0.935	0.660	0.518	0.752	0.730	0.554	0.523	0.740	0.752	0.562	0.630	0.803	0.836	0.535	0.556	0.798	0.798	0.511	0.507	0.741	0.842	0.574	0.664	0.923	0.822	0.525	0.516	0.761	0.760	0.599	0.551	0.920	0.837	0.578	0.665	0.709	0.868	0.582	0.593	0.876	0.828	0.591	0.563	0.859	0.940	0.662	0.640
29:00:01	0.869	0.874	0.598	0.618	0.772	0.919	0.554	0.551	0.771	0.947	0.579	0.563	0.899	0.832	0.529	0.548	0.794	0.790	0.555	0.510	0.746	0.868	0.572	0.556	0.766	0.816	0.544	0.555	0.894	0.770	0.539	0.555	0.752	0.850	0.564	0.611	0.763	0.847	0.671	0.536	0.784	0.791	0.549	0.542	0.750	0.848	0.580	0.612	0.774	0.915	0.662	0.522	0.751	0.727	0.554	0.524	0.740	0.749	0.562	0.629	0.806	0.837	0.539	0.559	0.793	0.803	0.512	0.509	0.742	0.839	0.574	0.664	0.924	0.823	0.528	0.522	0.761	0.759	0.600	0.551	0.925	0.837	0.577	0.667	0.726	0.870	0.585	0.597	0.879	0.828	0.594	0.565	0.858	0.934	0.667	0.639
29:20:01	0.871	0.873	0.598	0.619	0.768	0.933	0.552	0.549	0.773	0.932	0.578	0.562	0.907	0.829	0.528	0.548	0.791	0.782	0.553	0.509	0.741	0.857	0.571	0.554	0.767	0.812	0.542	0.554	0.889	0.767	0.537	0.550	0.748	0.845	0.564	0.610	0.763	0.845	0.669	0.535	0.781	0.788	0.547	0.539	0.747	0.847	0.580	0.610	0.775	0.884	0.661	0.520	0.748	0.723	0.553	0.523	0.737	0.748	0.561	0.627	0.806	0.833	0.538	0.558	0.769	0.789	0.509	0.506	0.737	0.836	0.573	0.663	0.928	0.823	0.527	0.519	0.756	0.756	0.597	0.550	0.918	0.832	0.576	0.664	0.716	0.870	0.583	0.597	0.876	0.826	0.593	0.562	0.864	0.937	0.666	0.638
29:40:01	0.873	0.871	0.601	0.621	0.767	0.934	0.552	0.551	0.776	0.904	0.577	0.562	0.915	0.824	0.530	0.548	0.790	0.776	0.552	0.510	0.740	0.847	0.570	0.554	0.767	0.813	0.543	0.555	0.889	0.764	0.537	0.549	0.747	0.845	0.562	0.608	0.763	0.843	0.669	0.536	0.778	0.785	0.546	0.538	0.745	0.845	0.579	0.609	0.776	0.871	0.665	0.521	0.747	0.720	0.552	0.523	0.736	0.746	0.560	0.625	0.806	0.832	0.538	0.559	0.755	0.791	0.508	0.506	0.736	0.834	0.573	0.662	0.931	0.822	0.527	0.520	0.753	0.754	0.595	0.549	0.916	0.832	0.575	0.664	0.718	0.870	0.584	0.598	0.871	0.824	0.594	0.562	0.872	0.931	0.668	0.637
30:00:02	0.875	0.873	0.603	0.624	0.768	0.932	0.551	0.553	0.779	0.889	0.576	0.563	0.919	0.822	0.531	0.549	0.789	0.774	0.551	0.512	0.738	0.841	0.569	0.554	0.768	0.815	0.544	0.555	0.889	0.761	0.537	0.549	0.746	0.845	0.562	0.606	0.764	0.841	0.669	0.537	0.780	0.782	0.545	0.538	0.744	0.844	0.579	0.609	0.778	0.862	0.668	0.521	0.747	0.717	0.551	0.522	0.735	0.743	0.559	0.623	0.807	0.831	0.540	0.560	0.744	0.795	0.507	0.505	0.734	0.831	0.572	0.662	0.934	0.822	0.528	0.522	0.751	0.752	0.593	0.548	0.915	0.830	0.574	0.664	0.725	0.871	0.584	0.599	0.876	0.822	0.595	0.561	0.873	0.927	0.670	0.636
30:20:02	0.877	0.874	0.605	0.626	0.768	0.930	0.550	0.554	0.783	0.881	0.576	0.563	0.881	0.823	0.532	0.550	0.788	0.772	0.550	0.514	0.737	0.835	0.568	0.554	0.769	0.815	0.545	0.556	0.889	0.758	0.536	0.546	0.745	0.847	0.561	0.604	0.764	0.839	0.668	0.537	0.777	0.780	0.545	0.537	0.743	0.842	0.578	0.609	0.780	0.860	0.669	0.523	0.744	0.714	0.550	0.522	0.735	0.741	0.558	0.621	0.808	0.829	0.540	0.562	0.737	0.801	0.506	0.504	0.733	0.829	0.571	0.661	0.936	0.822	0.530	0.522	0.749	0.750	0.592	0.548	0.914	0.826	0.572	0.663	0.729	0.872	0.585	0.600	0.864	0.820	0.596	0.561	0.866	0.920	0.671	0.635
30:40:02	0.879	0.874	0.606	0.628	0.766	0.932	0.550	0.556	0.787	0.878	0.575	0.564	0.795	0.825	0.534	0.551	0.787	0.771	0.550	0.515	0.735	0.827	0.567	0.555	0.770	0.817	0.546	0.556	0.890	0.756	0.535	0.546	0.745	0.848	0.560	0.603	0.765	0.839	0.668	0.538	0.775	0.777	0.544	0.536	0.742	0.840	0.577	0.609	0.782	0.862	0.670	0.524	0.742	0.711	0.549	0.522	0.734	0.739	0.557	0.620	0.810	0.828	0.541	0.563	0.734	0.809	0.505	0.503	0.731	0.826	0.571	0.661	0.939	0.822	0.530	0.524	0.747	0.748	0.591	0.547	0.914	0.824	0.571	0.663	0.732	0.873	0.585	0.601	0.860	0.818	0.597	0.560	0.864	0.938	0.673	0.634
31:00:02	0.881	0.875	0.608	0.631	0.766	0.936	0.549	0.557	0.790	0.879	0.575	0.565	0.783	0.829	0.535	0.552	0.786	0.771	0.549	0.516	0.733	0.830	0.566	0.555	0.771	0.816	0.548	0.557	0.889	0.753	0.535	0.545	0.743	0.848	0.559	0.601	0.766	0.837	0.667	0.539	0.776	0.775	0.543	0.536	0.741	0.839	0.577	0.608	0.783	0.861	0.670	0.524	0.740	0.708	0.548	0.521	0.732	0.737	0.556	0.617	0.810	0.828	0.541	0.563	0.734	0.812	0.504	0.503	0.730	0.824	0.570	0.661	0.945	0.822	0.531	0.523	0.744	0.745	0.591	0.546	0.912	0.822	0.570	0.663	0.724	0.875	0.586	0.602	0.861	0.816	0.599	0.560	0.865	0.938	0.673	0.634
31:20:02	0.883	0.875	0.612	0.633	0.766	0.943	0.549	0.558	0.793	0.885	0.574	0.566	0.784	0.830	0.537	0.553	0.785	0.771	0.548	0.517	0.732	0.827	0.565	0.555	0.772	0.818	0.547	0.557	0.890	0.750	0.534	0.543	0.743	0.849	0.558	0.599	0.767	0.836	0.666	0.539	0.774	0.772	0.543	0.535	0.741	0.838	0.576	0.608	0.784	0.861	0.670	0.525	0.739	0.706	0.547	0.521	0.730	0.735	0.556	0.616	0.811	0.827	0.542	0.564	0.736	0.810	0.503	0.502	0.729	0.822	0.569	0.661	0.952	0.822	0.532	0.525	0.742	0.743	0.589	0.546	0.911	0.819	0.570	0.663	0.706	0.875	0.586	0.603	0.857	0.814	0.601	0.559	0.842	0.937	0.674	0.634
31:40:02	0.886	0.877	0.615	0.636	0.766	0.938	0.548	0.558	0.796	0.891	0.574	0.567	0.786	0.832	0.539	0.553	0.785	0.772	0.548	0.518	0.730	0.823	0.565	0.556	0.773	0.816	0.548	0.558	0.889	0.748	0.534	0.543	0.743	0.849	0.557	0.597	0.768	0.835	0.665	0.540	0.773	0.769	0.542	0.535	0.739	0.837	0.576	0.607	0.786	0.858	0.669	0.525	0.737	0.703	0.546	0.521	0.729	0.733	0.554	0.614	0.813	0.826	0.543	0.565	0.739	0.811	0.502	0.501	0.728	0.820	0.568	0.661	0.977	0.822	0.533	0.525	0.740	0.741	0.589	0.545	0.910	0.818	0.569	0.662	0.730	0.877	0.586	0.605	0.863	0.812	0.602	0.559	0.839	0.938	0.674	0.634
32:00:02	0.889	0.879	0.623	0.640	0.768	0.939	0.549	0.560	0.799	0.900	0.574	0.568	0.787	0.836	0.542	0.555	0.787	0.776	0.549	0.521	0.731	0.816	0.565	0.559	0.775	0.822	0.551	0.561	0.894	0.745	0.535	0.544	0.743	0.849	0.556	0.595	0.770	0.833	0.667	0.543	0.775	0.767	0.543	0.537	0.740	0.835	0.575	0.609	0.789	0.858	0.671	0.529	0.739	0.700	0.546	0.521	0.729	0.731	0.554	0.612	0.815	0.826	0.546	0.567	0.746	0.815	0.503	0.502	0.729	0.818	0.569	0.661	0.984	0.824	0.536	0.529	0.741	0.739	0.590	0.546	0.913	0.819	0.568	0.664	0.745	0.878	0.589	0.607	0.857	0.810	0.605	0.561	0.831	0.941	0.678	0.635
32:20:02	0.890	0.878	0.623	0.642	0.766	0.943	0.547	0.560	0.799	0.901	0.572	0.568	0.790	0.833	0.542	0.554	0.784	0.770	0.547	0.519	0.726	0.814	0.563	0.557	0.776	0.817	0.550	0.559	0.889	0.742	0.533	0.540	0.738	0.848	0.555	0.594	0.770	0.831	0.663	0.541	0.772	0.764	0.541	0.534	0.736	0.833	0.575	0.607	0.789	0.856	0.667	0.527	0.736	0.698	0.544	0.520	0.727	0.730	0.553	0.610	0.814	0.823	0.545	0.565	0.747	0.810	0.500	0.500	0.725	0.816	0.567	0.662	0.984	0.824	0.536	0.529	0.736	0.736	0.588	0.544	0.907	0.819	0.568	0.662	0.732	0.878	0.588	0.607	0.861	0.806	0.605	0.559	0.831	0.943	0.677	0.634
32:40:02	0.893	0.880	0.626	0.644	0.767	0.957	0.549	0.563	0.800	0.907	0.575	0.571	0.792	0.837	0.544	0.557	0.786	0.768	0.549	0.524	0.726	0.816	0.565	0.559	0.779	0.820	0.553	0.561	0.889	0.740	0.535	0.543	0.739	0.847	0.556	0.593	0.770	0.829	0.663	0.543	0.771	0.761	0.543	0.533	0.739	0.831	0.575	0.604	0.791	0.856	0.667	0.529	0.736	0.696	0.545	0.521	0.727	0.728	0.552	0.609	0.815	0.823	0.546	0.566	0.753	0.807	0.500	0.500	0.725	0.813	0.567	0.664	0.993	0.824	0.538	0.530	0.736	0.732	0.587	0.542	0.908	0.817	0.565	0.663	0.734	0.880	0.589	0.609	0.862	0.802	0.606	0.559	0.838	0.954	0.676	0.636
33:00:02	0.896	0.883	0.626	0.647	0.766	0.947	0.547	0.561	0.803	0.912	0.573	0.570	0.792	0.837	0.545	0.557	0.784	0.768	0.546	0.521	0.722	0.818	0.562	0.558	0.780	0.819	0.552	0.561	0.889	0.738	0.532	0.538	0.740	0.848	0.554	0.592	0.772	0.828	0.661	0.543	0.771	0.759	0.541	0.534	0.735	0.832	0.574	0.606	0.795	0.855	0.666	0.529	0.734	0.693	0.543	0.520	0.724	0.727	0.551	0.607	0.817	0.821	0.547	0.565	0.755	0.803	0.499	0.499	0.723	0.812	0.567	0.663	0.994	0.827	0.538	0.533	0.733	0.731	0.587	0.544	0.905	0.821	0.567	0.664	0.739	0.882	0.591	0.610	0.864	0.802	0.609	0.558	0.847	0.951	0.679	0.635
33:20:02	0.900	0.887	0.629	0.651	0.770	0.968	0.548	0.562	0.805	0.919	0.574	0.572	0.793	0.842	0.549	0.559	0.787	0.774	0.547	0.524	0.723	0.818	0.563	0.562	0.782	0.826	0.556	0.564	0.895	0.736	0.533	0.541	0.743	0.847	0.553	0.590	0.775	0.828	0.663	0.545	0.773	0.756	0.542	0.536	0.736	0.831	0.573	0.608	0.798	0.855	0.668	0.533	0.735	0.691	0.543	0.521	0.725	0.725	0.550	0.606	0.819	0.822	0.550	0.568	0.761	0.803	0.500	0.501	0.726	0.810	0.567	0.664	0.976	0.828	0.541	0.534	0.736	0.730	0.588	0.544	0.906	0.824	0.565	0.665	0.752	0.884	0.598	0.612	0.866	0.800	0.613	0.560	0.837	0.949	0.680	0.636
33:40:02	0.901	0.889	0.627	0.653	0.767	0.952	0.546	0.561	0.804	0.926	0.572	0.571	0.794	0.839	0.547	0.558	0.784	0.768	0.544	0.522	0.717	0.819	0.561	0.559	0.783	0.821	0.555	0.562	0.890	0.733	0.531	0.537	0.738	0.844	0.552	0.589	0.774	0.825	0.659	0.544	0.768	0.753	0.540	0.532	0.735	0.829	0.573	0.605	0.798	0.851	0.664	0.531	0.732	0.688	0.541	0.520	0.723	0.723	0.549	0.604	0.818	0.819	0.549	0.565	0.761	0.788	0.497	0.498	0.722	0.808	0.566	0.664	0.946	0.829	0.540	0.533	0.731	0.726	0.584	0.543	0.902	0.822	0.565	0.665	0.741	0.884	0.598	0.611	0.859	0.796	0.613	0.557	0.835	0.951	0.677	0.636
34:00:02	0.903	0.894	0.627	0.657	0.769	0.960	0.546	0.561	0.803	0.928	0.572	0.572	0.794	0.840	0.548	0.559	0.784	0.769	0.544	0.522	0.715	0.823	0.561	0.560	0.784	0.821	0.559	0.562	0.889	0.731	0.531	0.536	0.738	0.843	0.551	0.588	0.775	0.824	0.658	0.544	0.768	0.750	0.539	0.532	0.732	0.828	0.572	0.605	0.800	0.850	0.663	0.532	0.731	0.686	0.540	0.520	0.721	0.722	0.548	0.603	0.818	0.818	0.549	0.565	0.764	0.781	0.496	0.497	0.721	0.807	0.565	0.665	0.930	0.829	0.541	0.532	0.730	0.724	0.584	0.542	0.901	0.821	0.564	0.664	0.740	0.887	0.600	0.611	0.859	0.794	0.615	0.557	0.832	0.937	0.676	0.637
34:20:02	0.905	0.896	0.628	0.660	0.769	0.959	0.545	0.561	0.803	0.936	0.572	0.573	0.795	0.841	0.550	0.559	0.784	0.769	0.543	0.523	0.713	0.825	0.560	0.561	0.786	0.821	0.559	0.563	0.889	0.729	0.530	0.535	0.737	0.841	0.550	0.587	0.775	0.822	0.657	0.545	0.768	0.748	0.539	0.532	0.730	0.826	0.572	0.605	0.802	0.850	0.662	0.532	0.730	0.684	0.539	0.520	0.720	0.720	0.547	0.602	0.820	0.817	0.550	0.565	0.766	0.775	0.496	0.497	0.721	0.805	0.565	0.666	0.922	0.831	0.542	0.534	0.728	0.721	0.583	0.542	0.899	0.822	0.563	0.665	0.739	0.890	0.601	0.612	0.861	0.792	0.616	0.556	0.832	0.950	0.675	0.637
34:40:02	0.908	0.898	0.629	0.664	0.770	0.956	0.545	0.561	0.804	0.931	0.572	0.574	0.796	0.841	0.551	0.560	0.785	0.769	0.542	0.523	0.711	0.828	0.560	0.562	0.787	0.822	0.561	0.564	0.890	0.726	0.530	0.534	0.737	0.839	0.550	0.586	0.777	0.822	0.656	0.545	0.766	0.745	0.538	0.531	0.730	0.824	0.571	0.606	0.804	0.849	0.661	0.533	0.728	0.681	0.538	0.520	0.718	0.719	0.546	0.600	0.820	0.816	0.550	0.564	0.767	0.770	0.495	0.496	0.720	0.804	0.564	0.668	0.918	0.832	0.543	0.532	0.726	0.718	0.582	0.542	0.899	0.821	0.562	0.666	0.739	0.892	0.601	0.612	0.856	0.790	0.617	0.556	0.838	0.953	0.673	0.638
35:00:02	0.911	0.899	0.630	0.668	0.771	0.956	0.545	0.561	0.805	0.935	0.572	0.575	0.797	0.843	0.552	0.561	0.785	0.769	0.542	0.523	0.709	0.832	0.559	0.564	0.789	0.824	0.562	0.564	0.889	0.724	0.530	0.533	0.738	0.838	0.549	0.585	0.777	0.821	0.654	0.546	0.766	0.742	0.538	0.531	0.730	0.823	0.571	0.605	0.805	0.848	0.661	0.536	0.727	0.679	0.537	0.520	0.717	0.717	0.545	0.599	0.821	0.816	0.551	0.564	0.767	0.768	0.494	0.496	0.718	0.802	0.563	0.669	0.914	0.833	0.544	0.534	0.725	0.716	0.581	0.541	0.897	0.822	0.561	0.668	0.740	0.891	0.602	0.613	0.859	0.788	0.619	0.557	0.842	0.955	0.671	0.638
35:20:02	0.913	0.900	0.631	0.671	0.771	0.953	0.545	0.561	0.805	0.936	0.572	0.576	0.798	0.844	0.554	0.563	0.785	0.769	0.542	0.522	0.707	0.831	0.559	0.565	0.790	0.824	0.562	0.565	0.888	0.721	0.529	0.532	0.737	0.835	0.548	0.584	0.778	0.820	0.654	0.547	0.766	0.740	0.538	0.530	0.727	0.822	0.571	0.606	0.807	0.846	0.660	0.538	0.726	0.677	0.537	0.520	0.715	0.716	0.544	0.598	0.822	0.815	0.552	0.565	0.767	0.767	0.493	0.496	0.717	0.800	0.563	0.670	0.910	0.834	0.545	0.533	0.724	0.713	0.580	0.541	0.897	0.822	0.560	0.668	0.740	0.892	0.602	0.613	0.866	0.786	0.621	0.557	0.845	0.954	0.668	0.639
35:40:02	0.917	0.900	0.631	0.675	0.771	0.953	0.545	0.561	0.806	0.932	0.572	0.576	0.799	0.846	0.554	0.563	0.784	0.770	0.541	0.522	0.704	0.834	0.559	0.566	0.792	0.826	0.563	0.565	0.890	0.719	0.529	0.532	0.737	0.832	0.548	0.583	0.779	0.818	0.652	0.548	0.763	0.737	0.537	0.530	0.725	0.819	0.570	0.606	0.808	0.844	0.659	0.539	0.725	0.675	0.536	0.519	0.714	0.713	0.543	0.597	0.822	0.815	0.552	0.564	0.766	0.766	0.493	0.495	0.716	0.798	0.562	0.672	0.906	0.835	0.546	0.534	0.723	0.711	0.579	0.541	0.897	0.823	0.559	0.667	0.738	0.893	0.602	0.613	0.860	0.784	0.623	0.558	0.832	0.949	0.664	0.640
36:00:02	0.920	0.902	0.631	0.677	0.771	0.950	0.544	0.561	0.806	0.926	0.572	0.577	0.802	0.848	0.555	0.564	0.784	0.771	0.540	0.522	0.703	0.834	0.558	0.570	0.792	0.826	0.563	0.566	0.889	0.717	0.528	0.531	0.736	0.830	0.547	0.582	0.780	0.817	0.652	0.549	0.762	0.734	0.537	0.530	0.724	0.818	0.570	0.606	0.811	0.843	0.658	0.540	0.724	0.673	0.535	0.519	0.713	0.712	0.543	0.596	0.823	0.814	0.553	0.564	0.766	0.764	0.492	0.494	0.716	0.797	0.562	0.673	0.896	0.836	0.547	0.533	0.723	0.709	0.579	0.541	0.897	0.824	0.559	0.668	0.741	0.898	0.601	0.612	0.856	0.781	0.626	0.558	0.830	0.940	0.659	0.641
36:20:02	0.924	0.906	0.633	0.681	0.772	0.951	0.545	0.562	0.808	0.920	0.573	0.579	0.804	0.849	0.556	0.565	0.784	0.774	0.540	0.523	0.702	0.839	0.558	0.580	0.794	0.829	0.564	0.567	0.890	0.715	0.529	0.531	0.738	0.828	0.546	0.582	0.782	0.816	0.651	0.550	0.763	0.733	0.537	0.530	0.726	0.817	0.570	0.607	0.813	0.843	0.658	0.540	0.723	0.672	0.535	0.520	0.712	0.712	0.542	0.595	0.825	0.814	0.554	0.565	0.767	0.760	0.492	0.494	0.716	0.795	0.562	0.675	0.883	0.840	0.548	0.534	0.723	0.706	0.579	0.543	0.898	0.824	0.558	0.670	0.739	0.900	0.602	0.613	0.860	0.780	0.629	0.562	0.832	0.935	0.658	0.642
36:40:02	0.925	0.907	0.633	0.683	0.771	0.952	0.545	0.561	0.807	0.922	0.573	0.580	0.806	0.849	0.557	0.565	0.783	0.772	0.539	0.523	0.699	0.841	0.557	0.583	0.794	0.831	0.564	0.568	0.889	0.713	0.528	0.530	0.737	0.824	0.546	0.581	0.782	0.814	0.649	0.550	0.760	0.730	0.536	0.529	0.722	0.815	0.569	0.607	0.815	0.840	0.657	0.541	0.722	0.670	0.534	0.519	0.710	0.710	0.541	0.594	0.825	0.812	0.554	0.565	0.765	0.750	0.490	0.494	0.715	0.793	0.561	0.676	0.862	0.841	0.549	0.534	0.722	0.704	0.578	0.544	0.897	0.825	0.557	0.671	0.739	0.904	0.602	0.613	0.858	0.777	0.631	0.563	0.837	0.934	0.653	0.643
37:00:02	0.928	0.909	0.634	0.686	0.770	0.941	0.545	0.561	0.808	0.896	0.573	0.581	0.808	0.850	0.558	0.565	0.783	0.770	0.539	0.523	0.697	0.839	0.557	0.584	0.795	0.831	0.564	0.569	0.889	0.710	0.527	0.530	0.736	0.821	0.545	0.580	0.783	0.813	0.648	0.550	0.760	0.728	0.536	0.528	0.721	0.813	0.569	0.608	0.816	0.839	0.656	0.541	0.721	0.668	0.533	0.522	0.708	0.708	0.540	0.594	0.826	0.812	0.555	0.566	0.765	0.745	0.490	0.493	0.713	0.791	0.561	0.678	0.848	0.842	0.550	0.534	0.722	0.701	0.576	0.543	0.897	0.825	0.556	0.673	0.739	0.906	0.602	0.613	0.870	0.776	0.634	0.563	0.840	0.926	0.650	0.644
37:20:02	0.930	0.911	0.634	0.689	0.770	0.946	0.545	0.561	0.809	0.911	0.573	0.582	0.808	0.851	0.559	0.566	0.783	0.770	0.539	0.523	0.696	0.839	0.556	0.583	0.797	0.834	0.563	0.570	0.888	0.708	0.526	0.528	0.734	0.818	0.544	0.579	0.783	0.812	0.647	0.550	0.760	0.725	0.535	0.528	0.722	0.812	0.569	0.609	0.819	0.838	0.655	0.541	0.719	0.666	0.532	0.525	0.707	0.706	0.539	0.593	0.827	0.811	0.555	0.566	0.765	0.743	0.489	0.493	0.713	0.789	0.560	0.679	0.848	0.843	0.550	0.534	0.722	0.699	0.575	0.543	0.896	0.825	0.556	0.674	0.738	0.908	0.601	0.613	0.870	0.775	0.636	0.564	0.837	0.930	0.645	0.645
37:40:02	0.932	0.914	0.634	0.692	0.770	0.938	0.545	0.561	0.809	0.905	0.573	0.584	0.809	0.853	0.559	0.567	0.782	0.769	0.539	0.522	0.694	0.839	0.556	0.583	0.798	0.835	0.564	0.570	0.888	0.706	0.526	0.528	0.733	0.815	0.543	0.579	0.784	0.811	0.646	0.550	0.758	0.723	0.535	0.528	0.719	0.810	0.568	0.610	0.820	0.836	0.654	0.540	0.717	0.665	0.531	0.524	0.706	0.705	0.539	0.592	0.827	0.810	0.556	0.567	0.764	0.745	0.488	0.492	0.712	0.788	0.560	0.681	0.848	0.844	0.551	0.533	0.720	0.697	0.574	0.542	0.896	0.823	0.555	0.676	0.737	0.916	0.602	0.614	0.870	0.774	0.638	0.564	0.843	0.921	0.637	0.646
38:00:02	0.934	0.918	0.635	0.695	0.773	0.930	0.544	0.561	0.811	0.900	0.573	0.586	0.811	0.854	0.560	0.568	0.782	0.770	0.538	0.523	0.687	0.838	0.555	0.583	0.799	0.837	0.564	0.570	0.887	0.705	0.525	0.527	0.731	0.812	0.543	0.578	0.785	0.810	0.646	0.550	0.757	0.721	0.535	0.528	0.718	0.809	0.568	0.610	0.823	0.835	0.653	0.540	0.715	0.664	0.530	0.523	0.705	0.703	0.537	0.591	0.828	0.810	0.557	0.567	0.764	0.748	0.488	0.492	0.712	0.786	0.560	0.683	0.848	0.846	0.552	0.534	0.719	0.694	0.573	0.542	0.896	0.824	0.554	0.678	0.738	0.915	0.602	0.614	0.877	0.772	0.641	0.565	0.833	0.924	0.627	0.646
38:20:02	0.936	0.922	0.636	0.697	0.772	0.922	0.545	0.562	0.812	0.895	0.573	0.587	0.813	0.854	0.561	0.569	0.782	0.771	0.538	0.523	0.686	0.840	0.555	0.583	0.799	0.839	0.564	0.571	0.887	0.703	0.525	0.526	0.731	0.809	0.542	0.577	0.786	0.810	0.645	0.551	0.757	0.719	0.534	0.527	0.717	0.808	0.568	0.611	0.823	0.834	0.652	0.541	0.713	0.663	0.530	0.522	0.703	0.701	0.537	0.590	0.829	0.809	0.558	0.567	0.763	0.753	0.487	0.492	0.711	0.784	0.560	0.685	0.847	0.848	0.552	0.534	0.719	0.692	0.573	0.541	0.897	0.823	0.554	0.680	0.737	0.911	0.601	0.614	0.876	0.772	0.644	0.564	0.842	0.919	0.617	0.647
38:40:02	0.940	0.929	0.638	0.700	0.778	0.906	0.546	0.564	0.816	0.879	0.574	0.592	0.815	0.859	0.564	0.572	0.786	0.776	0.539	0.525	0.691	0.838	0.555	0.587	0.801	0.844	0.566	0.573	0.893	0.701	0.526	0.529	0.733	0.807	0.541	0.576	0.789	0.810	0.647	0.553	0.759	0.717	0.536	0.530	0.717	0.808	0.567	0.614	0.827	0.834	0.654	0.543	0.714	0.661	0.531	0.520	0.703	0.701	0.536	0.589	0.831	0.811	0.560	0.569	0.765	0.760	0.489	0.494	0.713	0.784	0.561	0.687	0.846	0.850	0.554	0.536	0.723	0.692	0.575	0.542	0.899	0.820	0.553	0.682	0.748	0.909	0.603	0.616	0.885	0.773	0.649	0.566	0.870	0.915	0.609	0.647
39:00:02	0.940	0.949	0.637	0.701	0.774	0.908	0.545	0.562	0.815	0.881	0.573	0.600	0.818	0.854	0.562	0.571	0.782	0.773	0.536	0.523	0.685	0.841	0.554	0.584	0.802	0.839	0.563	0.571	0.888	0.699	0.524	0.525	0.730	0.803	0.541	0.576	0.789	0.808	0.643	0.551	0.754	0.715	0.534	0.527	0.713	0.805	0.568	0.613	0.828	0.832	0.651	0.541	0.711	0.660	0.529	0.519	0.699	0.698	0.535	0.589	0.831	0.808	0.559	0.566	0.762	0.762	0.486	0.491	0.709	0.780	0.559	0.690	0.847	0.851	0.553	0.534	0.718	0.687	0.571	0.539	0.898	0.819	0.553	0.682	0.737	0.909	0.602	0.615	0.895	0.770	0.649	0.563	0.848	0.918	0.597	0.648
39:20:02	0.942	0.973	0.637	0.703	0.777	0.905	0.545	0.563	0.818	0.897	0.574	0.608	0.819	0.853	0.562	0.571	0.782	0.776	0.537	0.524	0.684	0.837	0.553	0.584	0.803	0.842	0.563	0.572	0.887	0.697	0.523	0.525	0.729	0.799	0.540	0.576	0.789	0.807	0.642	0.550	0.754	0.713	0.533	0.526	0.712	0.804	0.567	0.613	0.830	0.832	0.650	0.541	0.709	0.659	0.528	0.518	0.698	0.697	0.534	0.589	0.831	0.807	0.559	0.565	0.762	0.766	0.485	0.491	0.708	0.779	0.559	0.691	0.846	0.853	0.554	0.535	0.718	0.686	0.571	0.538	0.899	0.815	0.552	0.684	0.736	0.913	0.602	0.615	0.885	0.769	0.652	0.563	0.841	0.922	0.584	0.649
39:40:02	0.945	0.998	0.638	0.706	0.775	0.896	0.545	0.562	0.821	0.887	0.574	0.610	0.822	0.852	0.564	0.571	0.782	0.778	0.536	0.524	0.683	0.836	0.553	0.584	0.804	0.840	0.563	0.571	0.886	0.695	0.523	0.524	0.728	0.795	0.539	0.575	0.791	0.806	0.642	0.551	0.754	0.711	0.533	0.527	0.711	0.803	0.567	0.614	0.832	0.831	0.649	0.541	0.707	0.658	0.527	0.516	0.696	0.696	0.533	0.588	0.832	0.808	0.559	0.566	0.762	0.769	0.485	0.491	0.707	0.777	0.559	0.693	0.847	0.855	0.554	0.535	0.717	0.684	0.570	0.538	0.900	0.815	0.551	0.686	0.735	0.917	0.602	0.616	0.867	0.769	0.654	0.563	0.839	0.902	0.571	0.650
40:00:02	0.946	1.012	0.638	0.709	0.778	0.883	0.544	0.563	0.823	0.910	0.574	0.611	0.824	0.854	0.564	0.572	0.782	0.778	0.535	0.524	0.682	0.834	0.552	0.584	0.806	0.842	0.562	0.572	0.886	0.693	0.522	0.523	0.726	0.791	0.538	0.575	0.791	0.805	0.641	0.551	0.752	0.710	0.532	0.526	0.711	0.801	0.567	0.614	0.832	0.830	0.649	0.540	0.706	0.656	0.527	0.515	0.695	0.695	0.533	0.587	0.833	0.807	0.560	0.565	0.761	0.770	0.484	0.490	0.706	0.775	0.559	0.695	0.845	0.857	0.554	0.534	0.716	0.682	0.569	0.537	0.901	0.815	0.551	0.688	0.737	0.917	0.602	0.616	0.864	0.769	0.656	0.563	0.845	0.904	0.557	0.651
40:20:02	0.951	0.972	0.642	0.713	0.785	0.870	0.546	0.566	0.827	0.870	0.576	0.613	0.827	0.882	0.568	0.574	0.786	0.783	0.537	0.527	0.686	0.839	0.553	0.588	0.807	0.850	0.565	0.575	0.891	0.692	0.524	0.526	0.729	0.790	0.538	0.574	0.795	0.807	0.644	0.553	0.754	0.707	0.534	0.529	0.712	0.802	0.567	0.617	0.835	0.830	0.651	0.544	0.707	0.656	0.529	0.515	0.697	0.695	0.532	0.588	0.836	0.810	0.563	0.568	0.763	0.774	0.486	0.493	0.709	0.775	0.561	0.696	0.844	0.860	0.558	0.538	0.720	0.683	0.571	0.538	0.905	0.810	0.550	0.691	0.747	0.909	0.604	0.619	0.854	0.771	0.660	0.565	0.852	0.906	0.544	0.653
40:40:02	0.951	0.910	0.640	0.713	0.780	0.864	0.545	0.564	0.827	0.883	0.576	0.612	0.829	0.883	0.566	0.573	0.783	0.776	0.535	0.525	0.680	0.839	0.552	0.584	0.809	0.847	0.562	0.573	0.886	0.690	0.522	0.522	0.726	0.786	0.538	0.575	0.795	0.804	0.640	0.551	0.752	0.707	0.532	0.526	0.708	0.799	0.567	0.617	0.835	0.828	0.649	0.541	0.704	0.655	0.527	0.514	0.694	0.692	0.532	0.587	0.835	0.807	0.561	0.565	0.760	0.771	0.483	0.490	0.703	0.772	0.559	0.698	0.845	0.859	0.556	0.536	0.715	0.679	0.568	0.535	0.902	0.806	0.550	0.691	0.735	0.914	0.603	0.617	0.861	0.769	0.661	0.563	0.856	0.904	0.531	0.656
41:00:02	0.953	0.903	0.641	0.716	0.780	0.858	0.545	0.565	0.826	0.868	0.577	0.613	0.831	0.896	0.566	0.572	0.783	0.773	0.534	0.525	0.679	0.861	0.551	0.584	0.810	0.842	0.562	0.574	0.886	0.688	0.522	0.522	0.724	0.782	0.537	0.575	0.797	0.803	0.639	0.551	0.751	0.705	0.531	0.526	0.706	0.797	0.567	0.618	0.837	0.828	0.648	0.541	0.703	0.654	0.526	0.513	0.693	0.691	0.531	0.587	0.835	0.805	0.563	0.565	0.760	0.771	0.483	0.490	0.702	0.770	0.559	0.700	0.845	0.862	0.557	0.536	0.715	0.677	0.567	0.534	0.904	0.808	0.549	0.693	0.735	0.906	0.603	0.618	0.858	0.769	0.662	0.563	0.862	0.898	0.515	0.657
41:20:02	0.956	0.905	0.644	0.721	0.789	0.848	0.548	0.568	0.830	0.868	0.578	0.615	0.833	0.912	0.569	0.574	0.786	0.775	0.536	0.527	0.684	0.859	0.552	0.588	0.812	0.834	0.564	0.576	0.891	0.687	0.523	0.525	0.728	0.781	0.537	0.574	0.799	0.805	0.642	0.554	0.752	0.703	0.532	0.529	0.709	0.798	0.566	0.623	0.839	0.830	0.650	0.544	0.703	0.653	0.527	0.513	0.693	0.691	0.530	0.587	0.838	0.808	0.569	0.567	0.762	0.773	0.484	0.492	0.705	0.769	0.561	0.701	0.843	0.866	0.559	0.539	0.720	0.678	0.569	0.535	0.906	0.810	0.549	0.697	0.745	0.905	0.605	0.620	0.856	0.770	0.666	0.565	0.855	0.889	0.485	0.658
41:40:02	0.956	0.905	0.643	0.723	0.783	0.846	0.546	0.566	0.832	0.870	0.577	0.615	0.834	0.918	0.567	0.573	0.782	0.771	0.533	0.526	0.679	0.848	0.551	0.584	0.813	0.838	0.561	0.574	0.887	0.685	0.521	0.521	0.722	0.777	0.536	0.574	0.799	0.801	0.637	0.552	0.747	0.702	0.530	0.528	0.704	0.794	0.567	0.621	0.840	0.827	0.647	0.541	0.700	0.652	0.525	0.512	0.689	0.688	0.529	0.587	0.837	0.805	0.568	0.564	0.759	0.771	0.481	0.489	0.700	0.766	0.560	0.702	0.843	0.866	0.558	0.537	0.713	0.675	0.565	0.532	0.903	0.810	0.548	0.698	0.734	0.888	0.603	0.620	0.864	0.768	0.667	0.563	0.858	0.889	0.482	0.660
42:00:02	0.959	0.907	0.644	0.726	0.787	0.842	0.546	0.566	0.833	0.874	0.578	0.615	0.836	0.917	0.568	0.574	0.782	0.769	0.533	0.526	0.679	0.842	0.551	0.584	0.814	0.853	0.561	0.574	0.886	0.683	0.520	0.520	0.721	0.774	0.535	0.574	0.800	0.801	0.637	0.553	0.748	0.701	0.530	0.528	0.703	0.793	0.567	0.622	0.842	0.827	0.646	0.541	0.698	0.651	0.525	0.511	0.688	0.687	0.528	0.587	0.838	0.805	0.569	0.564	0.759	0.770	0.481	0.489	0.699	0.764	0.560	0.704	0.843	0.868	0.559	0.537	0.713	0.673	0.565	0.531	0.906	0.811	0.548	0.699	0.735	0.876	0.604	0.621	0.873	0.768	0.668	0.563	0.845	0.876	0.482	0.662
42:20:02	0.960	0.910	0.645	0.728	0.788	0.836	0.547	0.567	0.835	0.857	0.578	0.616	0.838	0.900	0.571	0.574	0.782	0.768	0.532	0.526	0.678	0.846	0.550	0.584	0.814	0.880	0.560	0.575	0.886	0.682	0.520	0.520	0.720	0.771	0.535	0.575	0.800	0.800	0.636	0.553	0.745	0.700	0.529	0.528	0.701	0.792	0.567	0.623	0.845	0.826	0.646	0.541	0.698	0.650	0.524	0.510	0.687	0.685	0.528	0.587	0.839	0.806	0.570	0.564	0.758	0.770	0.480	0.489	0.698	0.763	0.559	0.706	0.843	0.872	0.561	0.537	0.712	0.672	0.564	0.531	0.908	0.811	0.547	0.701	0.734	0.866	0.603	0.621	0.891	0.768	0.669	0.563	0.838	0.879	0.481	0.663
42:40:02	0.962	0.913	0.646	0.731	0.789	0.832	0.547	0.568	0.835	0.846	0.579	0.617	0.840	0.883	0.574	0.574	0.782	0.767	0.532	0.527	0.678	0.845	0.550	0.584	0.817	0.900	0.560	0.575	0.886	0.680	0.519	0.519	0.718	0.768	0.535	0.575	0.802	0.799	0.636	0.553	0.744	0.698	0.529	0.528	0.700	0.790	0.566	0.625	0.847	0.826	0.645	0.541	0.695	0.650	0.523	0.509	0.686	0.683	0.527	0.587	0.840	0.804	0.570	0.564	0.757	0.770	0.480	0.489	0.697	0.761	0.560	0.708	0.842	0.873	0.565	0.537	0.711	0.670	0.563	0.530	0.911	0.814	0.547	0.703	0.735	0.862	0.604	0.622	0.886	0.769	0.672	0.563	0.846	0.858	0.480	0.665
43:00:02	0.964	0.914	0.647	0.734	0.788	0.826	0.547	0.578	0.838	0.842	0.579	0.617	0.842	0.871	0.574	0.575	0.782	0.768	0.531	0.527	0.677	0.841	0.550	0.584	0.817	0.911	0.559	0.575	0.886	0.679	0.519	0.518	0.717	0.766	0.534	0.575	0.803	0.798	0.635	0.553	0.743	0.696	0.528	0.527	0.699	0.790	0.566	0.626	0.848	0.824	0.644	0.541	0.694	0.649	0.522	0.508	0.685	0.682	0.526	0.587	0.841	0.804	0.570	0.564	0.756	0.769	0.479	0.489	0.696	0.759	0.560	0.709	0.842	0.875	0.566	0.537	0.709	0.668	0.563	0.529	0.913	0.815	0.547	0.703	0.734	0.864	0.604	0.622	0.880	0.770	0.674	0.563	0.831	0.848	0.480	0.667
43:20:02	0.966	0.917	0.649	0.738	0.792	0.819	0.549	0.587	0.841	0.845	0.581	0.619	0.844	0.874	0.578	0.577	0.786	0.771	0.533	0.529	0.681	0.842	0.551	0.589	0.818	0.927	0.562	0.577	0.890	0.677	0.520	0.521	0.719	0.765	0.533	0.574	0.804	0.799	0.639	0.556	0.746	0.694	0.530	0.530	0.700	0.791	0.565	0.630	0.850	0.826	0.646	0.545	0.695	0.648	0.522	0.507	0.685	0.683	0.525	0.587	0.842	0.808	0.572	0.567	0.757	0.771	0.480	0.491	0.699	0.760	0.561	0.711	0.840	0.877	0.569	0.540	0.713	0.669	0.564	0.530	0.915	0.815	0.546	0.705	0.744	0.867	0.606	0.625	0.873	0.773	0.677	0.566	0.832	0.837	0.479	0.668
43:40:02	0.966	0.917	0.649	0.738	0.789	0.813	0.550	0.589	0.839	0.841	0.583	0.620	0.846	0.878	0.576	0.577	0.781	0.762	0.533	0.530	0.678	0.838	0.551	0.586	0.818	0.932	0.560	0.577	0.887	0.676	0.520	0.522	0.714	0.758	0.535	0.576	0.804	0.796	0.635	0.554	0.742	0.693	0.530	0.525	0.699	0.787	0.567	0.626	0.849	0.823	0.644	0.543	0.694	0.648	0.523	0.508	0.684	0.681	0.525	0.587	0.840	0.803	0.570	0.564	0.755	0.767	0.477	0.488	0.692	0.756	0.559	0.715	0.839	0.878	0.568	0.539	0.708	0.666	0.562	0.524	0.914	0.810	0.543	0.705	0.733	0.871	0.604	0.623	0.859	0.769	0.675	0.563	0.827	0.828	0.477	0.671
44:00:02	0.969	0.920	0.649	0.741	0.790	0.811	0.549	0.586	0.840	0.832	0.581	0.619	0.847	0.883	0.576	0.575	0.782	0.764	0.530	0.528	0.677	0.836	0.549	0.585	0.818	0.939	0.559	0.575	0.885	0.674	0.518	0.518	0.713	0.758	0.533	0.575	0.806	0.795	0.633	0.553	0.739	0.692	0.527	0.525	0.693	0.786	0.566	0.631	0.852	0.822	0.643	0.542	0.690	0.646	0.520	0.506	0.681	0.679	0.524	0.587	0.843	0.804	0.570	0.563	0.752	0.767	0.477	0.488	0.691	0.753	0.560	0.714	0.840	0.882	0.567	0.539	0.707	0.665	0.561	0.526	0.919	0.818	0.545	0.707	0.732	0.886	0.605	0.625	0.874	0.774	0.677	0.565	0.829	0.831	0.477	0.671

