Field Group

Plate Comment:	
Procedure Summary
  Plate Type:              Corning 96 well for LogPhase600
  Plate Number:            1
  Discontinuous Kinetics:  Runtime 02:00:00 (D:HH:MM), Interval 00:20:00 (HH:MM:SS), 145 Reads (max)
  Read:                    600 nm
  Incubator:               On
    Temperature setpoint:  30 °C
    Temperature gradient:  On
  Shaking:                 On
     Shaking frequency:    600 RPMs		
			
			

600

Time	A1	A2	A3	A4	A5	A6	A7	A8	A9	A10	A11	A12	B1	B2	B3	B4	B5	B6	B7	B8	B9	B10	B11	B12	C1	C2	C3	C4	C5	C6	C7	C8	C9	C10	C11	C12	D1	D2	D3	D4	D5	D6	D7	D8	D9	D10	D11	D12	E1	E2	E3	E4	E5	E6	E7	E8	E9	E10	E11	E12	F1	F2	F3	F4	F5	F6	F7	F8	F9	F10	F11	F12	G1	G2	G3	G4	G5	G6	G7	G8	G9	G10	G11	G12	H1	H2	H3	H4	H5	H6	H7	H8	H9	H10	H11	H12
0:00:00	0.130	0.138	0.141	0.130	0.139	0.138	0.139	0.140	0.144	0.135	0.147	0.138	0.135	0.137	0.142	0.138	0.140	0.139	0.137	0.141	0.138	0.136	0.139	0.139	0.134	0.139	0.174	0.138	0.140	0.148	0.141	0.141	0.139	0.145	0.142	0.140	0.135	0.197	0.138	0.134	0.138	0.139	0.138	0.137	0.138	0.138	0.146	0.139	0.143	0.137	0.137	0.311	0.142	0.142	0.139	0.145	0.141	0.140	0.140	0.155	0.135	0.143	0.144	0.149	0.147	0.151	0.143	0.145	0.140	0.145	0.142	0.139	0.249	0.148	0.363	0.141	0.147	0.151	0.146	0.145	0.154	0.145	0.138	0.139	0.139	0.132	0.130	0.133	0.143	0.143	0.141	0.147	0.139	0.147	0.136	0.136
0:20:00	0.130	0.137	0.141	0.130	0.139	0.137	0.140	0.141	0.144	0.135	0.147	0.138	0.135	0.137	0.142	0.138	0.140	0.139	0.137	0.141	0.138	0.136	0.139	0.140	0.134	0.139	0.188	0.136	0.140	0.151	0.141	0.139	0.138	0.144	0.142	0.141	0.135	0.206	0.137	0.133	0.138	0.139	0.137	0.137	0.138	0.139	0.145	0.138	0.143	0.136	0.137	0.303	0.141	0.141	0.138	0.144	0.141	0.139	0.140	0.155	0.135	0.143	0.142	0.148	0.147	0.151	0.143	0.145	0.139	0.144	0.142	0.138	0.239	0.148	0.388	0.140	0.146	0.150	0.147	0.145	0.154	0.144	0.137	0.139	0.140	0.133	0.130	0.133	0.142	0.143	0.140	0.147	0.139	0.146	0.137	0.136
0:40:00	0.130	0.137	0.140	0.130	0.139	0.137	0.140	0.143	0.144	0.135	0.147	0.138	0.135	0.137	0.142	0.137	0.140	0.139	0.137	0.141	0.138	0.136	0.138	0.140	0.134	0.139	0.199	0.135	0.140	0.157	0.141	0.140	0.138	0.143	0.143	0.140	0.136	0.211	0.137	0.133	0.137	0.139	0.137	0.138	0.138	0.139	0.145	0.138	0.142	0.136	0.137	0.313	0.141	0.141	0.138	0.144	0.140	0.140	0.140	0.155	0.135	0.142	0.142	0.148	0.147	0.151	0.143	0.145	0.138	0.144	0.142	0.138	0.238	0.148	0.406	0.140	0.146	0.149	0.147	0.145	0.154	0.143	0.137	0.139	0.140	0.132	0.130	0.133	0.142	0.143	0.140	0.146	0.139	0.146	0.137	0.136
1:00:00	0.130	0.138	0.140	0.130	0.139	0.137	0.141	0.143	0.143	0.135	0.147	0.138	0.136	0.137	0.141	0.137	0.140	0.139	0.137	0.140	0.138	0.137	0.139	0.140	0.134	0.139	0.216	0.135	0.140	0.168	0.141	0.140	0.139	0.143	0.143	0.141	0.137	0.219	0.137	0.133	0.137	0.139	0.138	0.138	0.138	0.140	0.144	0.139	0.141	0.135	0.137	0.307	0.141	0.141	0.139	0.143	0.140	0.141	0.140	0.155	0.135	0.142	0.143	0.148	0.147	0.150	0.144	0.144	0.138	0.144	0.143	0.138	0.231	0.148	0.419	0.140	0.146	0.149	0.145	0.145	0.154	0.142	0.137	0.139	0.141	0.132	0.130	0.132	0.142	0.145	0.139	0.146	0.139	0.145	0.137	0.136
1:20:00	0.130	0.137	0.139	0.130	0.139	0.137	0.141	0.144	0.143	0.134	0.146	0.138	0.136	0.137	0.141	0.137	0.140	0.139	0.137	0.140	0.137	0.136	0.138	0.140	0.133	0.139	0.218	0.135	0.140	0.173	0.141	0.140	0.138	0.143	0.143	0.141	0.138	0.221	0.137	0.133	0.137	0.138	0.137	0.137	0.138	0.140	0.143	0.139	0.141	0.135	0.137	0.321	0.141	0.140	0.139	0.143	0.140	0.141	0.140	0.154	0.134	0.142	0.143	0.148	0.147	0.150	0.144	0.144	0.138	0.143	0.143	0.138	0.234	0.148	0.427	0.139	0.146	0.149	0.145	0.145	0.154	0.142	0.137	0.139	0.141	0.132	0.130	0.132	0.142	0.144	0.139	0.146	0.139	0.144	0.137	0.136
1:40:00	0.130	0.137	0.139	0.130	0.139	0.137	0.141	0.145	0.143	0.134	0.146	0.138	0.135	0.137	0.141	0.137	0.140	0.139	0.137	0.140	0.137	0.137	0.138	0.140	0.133	0.139	0.218	0.135	0.140	0.178	0.141	0.140	0.138	0.142	0.143	0.141	0.139	0.220	0.137	0.133	0.137	0.138	0.137	0.137	0.138	0.140	0.143	0.139	0.141	0.135	0.137	0.334	0.140	0.140	0.139	0.143	0.140	0.141	0.140	0.154	0.134	0.142	0.144	0.148	0.147	0.150	0.144	0.144	0.138	0.143	0.143	0.138	0.236	0.147	0.434	0.139	0.146	0.149	0.145	0.145	0.154	0.142	0.137	0.139	0.141	0.132	0.130	0.132	0.142	0.144	0.139	0.146	0.139	0.144	0.137	0.136
2:00:00	0.130	0.137	0.139	0.130	0.139	0.137	0.141	0.146	0.143	0.134	0.146	0.138	0.135	0.137	0.141	0.137	0.140	0.139	0.137	0.140	0.137	0.137	0.139	0.140	0.133	0.139	0.220	0.135	0.140	0.182	0.141	0.140	0.138	0.142	0.143	0.141	0.140	0.222	0.137	0.133	0.137	0.138	0.138	0.137	0.137	0.140	0.143	0.139	0.141	0.135	0.137	0.334	0.140	0.140	0.139	0.142	0.140	0.141	0.140	0.154	0.134	0.142	0.145	0.148	0.147	0.150	0.144	0.144	0.138	0.143	0.143	0.138	0.238	0.147	0.439	0.139	0.146	0.149	0.145	0.145	0.154	0.142	0.138	0.139	0.141	0.132	0.130	0.132	0.142	0.144	0.140	0.146	0.139	0.144	0.137	0.136
2:20:00	0.130	0.137	0.139	0.129	0.139	0.137	0.141	0.146	0.143	0.134	0.146	0.138	0.135	0.137	0.141	0.137	0.140	0.139	0.137	0.140	0.137	0.137	0.139	0.140	0.133	0.139	0.220	0.134	0.140	0.185	0.141	0.140	0.138	0.142	0.143	0.141	0.140	0.222	0.137	0.133	0.137	0.138	0.138	0.137	0.137	0.140	0.144	0.139	0.140	0.135	0.137	0.335	0.140	0.140	0.139	0.142	0.140	0.141	0.140	0.154	0.134	0.142	0.145	0.148	0.146	0.150	0.144	0.144	0.138	0.143	0.144	0.138	0.237	0.147	0.442	0.139	0.146	0.148	0.146	0.145	0.154	0.142	0.138	0.139	0.140	0.132	0.130	0.132	0.142	0.144	0.140	0.145	0.139	0.144	0.137	0.136
2:40:00	0.130	0.137	0.139	0.129	0.139	0.137	0.141	0.147	0.143	0.134	0.147	0.138	0.135	0.136	0.141	0.137	0.140	0.139	0.137	0.140	0.137	0.136	0.139	0.140	0.133	0.139	0.220	0.134	0.140	0.189	0.142	0.140	0.138	0.142	0.143	0.141	0.140	0.222	0.137	0.133	0.137	0.138	0.138	0.137	0.137	0.140	0.144	0.139	0.140	0.135	0.137	0.335	0.140	0.140	0.139	0.142	0.140	0.141	0.141	0.154	0.134	0.142	0.144	0.147	0.146	0.150	0.145	0.144	0.138	0.143	0.144	0.138	0.238	0.147	0.445	0.139	0.146	0.148	0.146	0.145	0.154	0.142	0.138	0.139	0.141	0.132	0.130	0.132	0.142	0.144	0.140	0.145	0.139	0.144	0.138	0.136
3:00:00	0.130	0.137	0.139	0.130	0.139	0.137	0.142	0.148	0.143	0.134	0.147	0.138	0.135	0.136	0.141	0.137	0.140	0.139	0.138	0.141	0.137	0.137	0.140	0.141	0.133	0.139	0.221	0.134	0.140	0.192	0.143	0.140	0.138	0.142	0.144	0.141	0.141	0.222	0.137	0.133	0.137	0.138	0.140	0.138	0.138	0.140	0.145	0.139	0.140	0.135	0.137	0.335	0.140	0.140	0.140	0.142	0.140	0.141	0.141	0.154	0.134	0.142	0.146	0.147	0.147	0.150	0.146	0.144	0.138	0.143	0.145	0.138	0.238	0.147	0.450	0.139	0.146	0.148	0.147	0.146	0.154	0.142	0.139	0.140	0.140	0.132	0.130	0.132	0.142	0.144	0.141	0.146	0.139	0.144	0.139	0.136
3:20:00	0.130	0.137	0.139	0.130	0.139	0.137	0.143	0.148	0.143	0.134	0.148	0.138	0.135	0.136	0.141	0.137	0.140	0.139	0.139	0.141	0.137	0.137	0.140	0.141	0.133	0.138	0.222	0.134	0.140	0.195	0.144	0.140	0.138	0.142	0.145	0.141	0.142	0.223	0.137	0.133	0.137	0.138	0.142	0.138	0.137	0.140	0.145	0.139	0.140	0.135	0.137	0.338	0.140	0.140	0.141	0.142	0.140	0.141	0.142	0.154	0.134	0.142	0.147	0.147	0.146	0.150	0.148	0.144	0.138	0.143	0.146	0.138	0.237	0.147	0.452	0.139	0.146	0.148	0.148	0.146	0.154	0.142	0.140	0.140	0.140	0.132	0.130	0.132	0.142	0.144	0.142	0.146	0.139	0.144	0.140	0.136
3:40:00	0.130	0.136	0.139	0.129	0.139	0.137	0.145	0.149	0.143	0.135	0.149	0.138	0.135	0.136	0.141	0.137	0.140	0.139	0.141	0.141	0.137	0.137	0.142	0.141	0.133	0.138	0.222	0.134	0.140	0.197	0.145	0.140	0.138	0.142	0.146	0.141	0.141	0.224	0.137	0.133	0.137	0.138	0.149	0.138	0.137	0.140	0.147	0.139	0.140	0.135	0.137	0.342	0.140	0.140	0.143	0.143	0.140	0.141	0.143	0.154	0.134	0.141	0.147	0.147	0.147	0.150	0.150	0.144	0.138	0.143	0.147	0.138	0.241	0.147	0.455	0.139	0.146	0.148	0.150	0.146	0.154	0.142	0.141	0.140	0.139	0.132	0.130	0.132	0.142	0.144	0.144	0.145	0.139	0.144	0.141	0.136
4:00:00	0.130	0.136	0.139	0.129	0.140	0.137	0.148	0.149	0.143	0.135	0.150	0.138	0.135	0.136	0.141	0.136	0.140	0.139	0.144	0.142	0.137	0.137	0.143	0.141	0.133	0.138	0.223	0.134	0.140	0.200	0.148	0.141	0.138	0.142	0.148	0.141	0.141	0.224	0.137	0.133	0.137	0.138	0.162	0.138	0.138	0.140	0.148	0.139	0.140	0.135	0.137	0.339	0.140	0.140	0.145	0.143	0.140	0.141	0.145	0.154	0.134	0.141	0.149	0.147	0.147	0.150	0.154	0.144	0.138	0.143	0.150	0.138	0.238	0.146	0.457	0.139	0.146	0.148	0.153	0.146	0.154	0.142	0.144	0.140	0.139	0.132	0.130	0.132	0.142	0.144	0.147	0.146	0.139	0.144	0.144	0.137
4:20:00	0.130	0.136	0.139	0.129	0.140	0.137	0.152	0.150	0.143	0.135	0.153	0.139	0.135	0.136	0.140	0.136	0.140	0.139	0.148	0.142	0.137	0.136	0.146	0.141	0.133	0.138	0.226	0.134	0.140	0.202	0.153	0.141	0.139	0.142	0.151	0.141	0.142	0.226	0.137	0.133	0.137	0.138	0.187	0.138	0.137	0.140	0.151	0.139	0.140	0.135	0.137	0.334	0.140	0.140	0.150	0.143	0.140	0.141	0.148	0.154	0.134	0.141	0.150	0.147	0.146	0.150	0.161	0.144	0.138	0.143	0.153	0.138	0.238	0.146	0.459	0.139	0.146	0.148	0.158	0.147	0.154	0.142	0.147	0.140	0.139	0.132	0.130	0.132	0.142	0.144	0.152	0.146	0.139	0.144	0.148	0.137
4:40:00	0.130	0.136	0.139	0.130	0.140	0.137	0.158	0.154	0.144	0.135	0.157	0.139	0.135	0.136	0.141	0.136	0.141	0.139	0.155	0.144	0.137	0.136	0.151	0.141	0.133	0.138	0.207	0.135	0.142	0.192	0.160	0.141	0.138	0.142	0.155	0.142	0.141	0.216	0.137	0.133	0.138	0.138	0.215	0.138	0.138	0.139	0.156	0.139	0.140	0.135	0.137	0.358	0.140	0.140	0.157	0.144	0.140	0.140	0.153	0.155	0.134	0.141	0.149	0.147	0.146	0.150	0.171	0.145	0.137	0.143	0.158	0.138	0.250	0.145	0.463	0.139	0.146	0.148	0.167	0.146	0.154	0.143	0.153	0.141	0.138	0.132	0.130	0.132	0.142	0.143	0.160	0.146	0.139	0.145	0.153	0.137
5:00:00	0.130	0.136	0.139	0.129	0.139	0.137	0.168	0.152	0.143	0.135	0.163	0.139	0.136	0.136	0.141	0.136	0.140	0.139	0.165	0.143	0.137	0.136	0.157	0.142	0.133	0.138	0.224	0.134	0.141	0.205	0.171	0.141	0.139	0.142	0.162	0.142	0.142	0.223	0.137	0.133	0.137	0.138	0.270	0.139	0.137	0.139	0.162	0.140	0.140	0.135	0.137	0.340	0.140	0.140	0.170	0.144	0.140	0.141	0.159	0.155	0.134	0.141	0.150	0.147	0.146	0.150	0.189	0.145	0.138	0.143	0.167	0.139	0.241	0.145	0.463	0.139	0.147	0.148	0.178	0.148	0.154	0.142	0.161	0.141	0.138	0.132	0.130	0.132	0.142	0.143	0.172	0.146	0.139	0.144	0.162	0.138
5:20:00	0.130	0.136	0.139	0.129	0.140	0.137	0.181	0.153	0.143	0.135	0.171	0.140	0.136	0.136	0.141	0.136	0.141	0.139	0.178	0.144	0.138	0.136	0.166	0.143	0.133	0.138	0.223	0.134	0.142	0.208	0.184	0.142	0.139	0.142	0.171	0.143	0.142	0.223	0.137	0.133	0.137	0.138	0.326	0.139	0.137	0.139	0.171	0.140	0.140	0.135	0.137	0.341	0.141	0.140	0.185	0.144	0.140	0.141	0.169	0.156	0.134	0.141	0.150	0.147	0.147	0.149	0.213	0.146	0.138	0.143	0.177	0.140	0.242	0.145	0.464	0.139	0.147	0.148	0.194	0.149	0.154	0.142	0.171	0.142	0.139	0.132	0.130	0.132	0.142	0.143	0.186	0.147	0.139	0.144	0.173	0.138
5:40:00	0.130	0.136	0.139	0.129	0.141	0.137	0.198	0.154	0.144	0.135	0.181	0.141	0.135	0.136	0.141	0.136	0.142	0.139	0.197	0.145	0.138	0.136	0.177	0.143	0.133	0.138	0.227	0.134	0.143	0.210	0.205	0.143	0.139	0.142	0.180	0.144	0.142	0.226	0.137	0.133	0.138	0.138	0.383	0.140	0.138	0.139	0.182	0.141	0.139	0.135	0.138	0.342	0.140	0.140	0.208	0.145	0.140	0.141	0.181	0.156	0.134	0.141	0.150	0.146	0.147	0.149	0.253	0.146	0.138	0.143	0.189	0.140	0.242	0.145	0.465	0.139	0.147	0.148	0.221	0.149	0.154	0.142	0.182	0.143	0.138	0.131	0.130	0.132	0.142	0.143	0.211	0.148	0.139	0.144	0.186	0.139
6:00:00	0.130	0.136	0.139	0.129	0.140	0.137	0.223	0.155	0.144	0.135	0.189	0.142	0.135	0.136	0.141	0.136	0.141	0.139	0.223	0.147	0.138	0.136	0.184	0.144	0.133	0.138	0.227	0.134	0.143	0.211	0.232	0.144	0.139	0.142	0.187	0.145	0.143	0.226	0.137	0.133	0.139	0.138	0.436	0.142	0.138	0.139	0.189	0.142	0.140	0.135	0.138	0.348	0.141	0.140	0.236	0.146	0.140	0.141	0.190	0.157	0.134	0.141	0.150	0.146	0.147	0.149	0.286	0.147	0.139	0.143	0.197	0.142	0.245	0.144	0.467	0.139	0.148	0.148	0.251	0.151	0.154	0.143	0.190	0.144	0.138	0.132	0.130	0.132	0.143	0.144	0.244	0.149	0.139	0.144	0.197	0.141
6:20:00	0.130	0.136	0.139	0.129	0.143	0.137	0.246	0.156	0.144	0.135	0.196	0.143	0.136	0.136	0.141	0.136	0.144	0.139	0.245	0.148	0.138	0.136	0.192	0.146	0.133	0.138	0.229	0.134	0.144	0.213	0.257	0.146	0.139	0.142	0.193	0.147	0.143	0.228	0.138	0.133	0.140	0.138	0.456	0.143	0.138	0.138	0.196	0.144	0.139	0.135	0.138	0.343	0.141	0.140	0.261	0.148	0.141	0.141	0.199	0.159	0.134	0.141	0.151	0.146	0.147	0.149	0.304	0.149	0.139	0.143	0.205	0.143	0.245	0.144	0.468	0.139	0.148	0.148	0.274	0.153	0.154	0.142	0.198	0.146	0.138	0.131	0.130	0.132	0.144	0.143	0.273	0.150	0.139	0.144	0.208	0.143
6:40:00	0.129	0.136	0.139	0.129	0.142	0.137	0.273	0.158	0.145	0.135	0.205	0.145	0.135	0.136	0.141	0.136	0.144	0.139	0.270	0.150	0.138	0.137	0.200	0.148	0.133	0.138	0.230	0.134	0.143	0.215	0.284	0.148	0.139	0.142	0.201	0.149	0.143	0.231	0.138	0.133	0.138	0.138	0.454	0.146	0.138	0.139	0.204	0.146	0.139	0.135	0.139	0.342	0.141	0.140	0.287	0.150	0.141	0.141	0.211	0.160	0.134	0.141	0.151	0.147	0.150	0.149	0.330	0.151	0.140	0.143	0.215	0.145	0.245	0.144	0.469	0.139	0.148	0.148	0.299	0.156	0.154	0.142	0.208	0.148	0.138	0.132	0.131	0.132	0.144	0.144	0.306	0.152	0.139	0.144	0.223	0.145
7:00:00	0.130	0.136	0.139	0.129	0.142	0.138	0.302	0.160	0.144	0.135	0.215	0.148	0.136	0.136	0.142	0.136	0.144	0.139	0.294	0.153	0.137	0.136	0.210	0.151	0.133	0.138	0.231	0.134	0.145	0.217	0.311	0.151	0.140	0.142	0.210	0.152	0.143	0.230	0.139	0.133	0.138	0.139	0.441	0.149	0.138	0.139	0.214	0.149	0.139	0.134	0.139	0.345	0.144	0.141	0.316	0.154	0.141	0.141	0.224	0.163	0.134	0.141	0.152	0.146	0.149	0.149	0.376	0.154	0.140	0.143	0.227	0.148	0.247	0.143	0.471	0.139	0.150	0.148	0.327	0.160	0.154	0.143	0.219	0.151	0.138	0.131	0.131	0.132	0.144	0.144	0.337	0.155	0.139	0.144	0.238	0.149
7:20:00	0.130	0.136	0.140	0.130	0.144	0.138	0.331	0.163	0.146	0.136	0.224	0.152	0.136	0.136	0.143	0.136	0.147	0.139	0.319	0.157	0.139	0.137	0.219	0.155	0.133	0.138	0.232	0.134	0.146	0.219	0.336	0.155	0.140	0.142	0.218	0.156	0.144	0.232	0.140	0.133	0.142	0.139	0.428	0.154	0.139	0.140	0.225	0.153	0.139	0.135	0.140	0.346	0.146	0.141	0.344	0.159	0.142	0.142	0.237	0.166	0.134	0.141	0.153	0.147	0.150	0.149	0.407	0.159	0.141	0.143	0.239	0.153	0.247	0.143	0.472	0.139	0.152	0.148	0.353	0.166	0.157	0.143	0.231	0.155	0.138	0.132	0.131	0.132	0.146	0.144	0.368	0.160	0.140	0.144	0.253	0.154
7:40:00	0.130	0.136	0.140	0.130	0.142	0.138	0.353	0.168	0.146	0.135	0.230	0.156	0.135	0.136	0.143	0.136	0.145	0.140	0.336	0.161	0.140	0.138	0.225	0.160	0.133	0.138	0.235	0.134	0.146	0.219	0.350	0.160	0.141	0.142	0.224	0.161	0.143	0.234	0.142	0.133	0.142	0.139	0.422	0.160	0.140	0.140	0.233	0.158	0.139	0.135	0.141	0.345	0.147	0.141	0.356	0.166	0.143	0.141	0.246	0.170	0.134	0.141	0.154	0.147	0.153	0.150	0.421	0.167	0.142	0.143	0.248	0.158	0.242	0.143	0.472	0.139	0.154	0.148	0.371	0.173	0.158	0.144	0.240	0.161	0.137	0.132	0.132	0.132	0.147	0.145	0.388	0.165	0.141	0.144	0.266	0.160
8:00:00	0.130	0.135	0.141	0.130	0.147	0.139	0.363	0.173	0.147	0.137	0.236	0.162	0.135	0.136	0.145	0.136	0.145	0.140	0.346	0.167	0.140	0.137	0.230	0.166	0.133	0.138	0.240	0.134	0.146	0.220	0.358	0.167	0.140	0.142	0.230	0.168	0.144	0.235	0.144	0.133	0.142	0.139	0.418	0.170	0.139	0.140	0.243	0.166	0.139	0.135	0.143	0.345	0.146	0.141	0.366	0.176	0.144	0.142	0.256	0.175	0.134	0.141	0.155	0.147	0.153	0.150	0.421	0.178	0.142	0.144	0.260	0.165	0.242	0.143	0.473	0.139	0.156	0.149	0.385	0.184	0.159	0.144	0.251	0.168	0.137	0.132	0.132	0.132	0.149	0.145	0.406	0.173	0.141	0.145	0.278	0.169
8:20:00	0.130	0.135	0.142	0.130	0.147	0.140	0.373	0.180	0.148	0.137	0.242	0.171	0.135	0.136	0.146	0.136	0.148	0.140	0.353	0.175	0.141	0.138	0.236	0.174	0.133	0.138	0.244	0.134	0.148	0.222	0.367	0.176	0.143	0.143	0.237	0.176	0.143	0.237	0.147	0.133	0.147	0.140	0.415	0.182	0.141	0.141	0.255	0.176	0.139	0.134	0.144	0.344	0.146	0.142	0.373	0.192	0.145	0.143	0.265	0.182	0.134	0.141	0.156	0.147	0.154	0.150	0.422	0.196	0.143	0.144	0.273	0.174	0.240	0.143	0.478	0.139	0.158	0.149	0.397	0.199	0.158	0.144	0.262	0.177	0.137	0.131	0.133	0.132	0.150	0.145	0.415	0.183	0.142	0.145	0.288	0.180
8:40:00	0.130	0.135	0.143	0.129	0.149	0.140	0.377	0.189	0.149	0.137	0.249	0.181	0.135	0.136	0.148	0.136	0.148	0.140	0.361	0.186	0.141	0.137	0.242	0.184	0.133	0.138	0.244	0.134	0.149	0.225	0.375	0.188	0.144	0.143	0.243	0.188	0.144	0.237	0.150	0.133	0.150	0.140	0.414	0.198	0.143	0.140	0.265	0.189	0.139	0.134	0.147	0.343	0.153	0.141	0.382	0.214	0.144	0.143	0.273	0.192	0.134	0.141	0.158	0.146	0.158	0.150	0.421	0.220	0.143	0.144	0.289	0.186	0.239	0.143	0.480	0.139	0.160	0.150	0.406	0.217	0.161	0.145	0.274	0.189	0.137	0.131	0.134	0.132	0.151	0.146	0.423	0.197	0.144	0.145	0.297	0.193
9:00:00	0.130	0.135	0.145	0.130	0.153	0.140	0.386	0.202	0.150	0.136	0.255	0.194	0.135	0.135	0.151	0.136	0.152	0.141	0.370	0.198	0.142	0.138	0.247	0.195	0.133	0.138	0.232	0.134	0.154	0.210	0.382	0.202	0.144	0.143	0.250	0.201	0.143	0.228	0.154	0.133	0.154	0.140	0.414	0.217	0.144	0.140	0.275	0.204	0.140	0.135	0.150	0.362	0.157	0.142	0.387	0.237	0.147	0.143	0.281	0.203	0.134	0.141	0.159	0.146	0.161	0.151	0.422	0.246	0.143	0.145	0.293	0.198	0.248	0.143	0.484	0.139	0.163	0.150	0.418	0.236	0.161	0.145	0.281	0.203	0.137	0.131	0.135	0.132	0.155	0.145	0.431	0.215	0.146	0.147	0.298	0.207
9:20:00	0.130	0.135	0.147	0.129	0.157	0.141	0.390	0.212	0.152	0.137	0.263	0.209	0.135	0.135	0.154	0.136	0.155	0.142	0.380	0.212	0.141	0.139	0.252	0.210	0.133	0.138	0.252	0.134	0.151	0.226	0.392	0.219	0.146	0.144	0.254	0.218	0.144	0.238	0.158	0.133	0.156	0.141	0.413	0.239	0.144	0.142	0.284	0.223	0.139	0.134	0.153	0.345	0.155	0.143	0.391	0.264	0.146	0.144	0.290	0.220	0.134	0.141	0.163	0.146	0.166	0.150	0.423	0.282	0.145	0.146	0.303	0.216	0.240	0.143	0.473	0.139	0.165	0.150	0.427	0.264	0.160	0.145	0.291	0.223	0.137	0.131	0.137	0.132	0.159	0.146	0.441	0.238	0.147	0.146	0.310	0.226
9:40:00	0.130	0.135	0.150	0.129	0.166	0.142	0.395	0.227	0.153	0.138	0.267	0.228	0.135	0.135	0.158	0.136	0.162	0.142	0.389	0.229	0.141	0.139	0.258	0.228	0.133	0.138	0.258	0.134	0.158	0.225	0.399	0.239	0.148	0.144	0.265	0.238	0.144	0.238	0.163	0.133	0.160	0.142	0.416	0.261	0.147	0.143	0.289	0.243	0.139	0.134	0.158	0.345	0.155	0.143	0.400	0.304	0.146	0.143	0.293	0.241	0.134	0.141	0.164	0.146	0.170	0.151	0.430	0.313	0.146	0.146	0.306	0.235	0.238	0.143	0.457	0.139	0.169	0.151	0.435	0.289	0.166	0.146	0.295	0.245	0.137	0.131	0.139	0.132	0.162	0.147	0.447	0.264	0.148	0.147	0.313	0.245
10:00:00	0.130	0.135	0.154	0.130	0.180	0.141	0.401	0.244	0.155	0.140	0.271	0.249	0.135	0.135	0.164	0.136	0.171	0.142	0.398	0.246	0.144	0.139	0.264	0.245	0.133	0.137	0.242	0.134	0.162	0.209	0.407	0.258	0.148	0.144	0.285	0.258	0.146	0.230	0.169	0.133	0.161	0.143	0.421	0.279	0.149	0.142	0.292	0.262	0.140	0.134	0.164	0.362	0.155	0.143	0.407	0.334	0.149	0.145	0.294	0.263	0.134	0.141	0.168	0.146	0.169	0.152	0.435	0.336	0.151	0.147	0.305	0.252	0.248	0.143	0.441	0.139	0.172	0.151	0.445	0.305	0.167	0.146	0.295	0.264	0.137	0.131	0.142	0.132	0.170	0.145	0.452	0.287	0.149	0.148	0.311	0.262
10:20:00	0.130	0.135	0.158	0.130	0.191	0.141	0.408	0.261	0.156	0.139	0.275	0.267	0.135	0.135	0.170	0.136	0.176	0.143	0.405	0.261	0.146	0.140	0.269	0.262	0.133	0.137	0.245	0.134	0.166	0.209	0.414	0.275	0.151	0.145	0.297	0.277	0.142	0.231	0.176	0.133	0.166	0.143	0.424	0.296	0.152	0.143	0.296	0.280	0.140	0.134	0.171	0.365	0.156	0.143	0.414	0.353	0.150	0.144	0.298	0.285	0.135	0.141	0.175	0.146	0.185	0.152	0.439	0.359	0.154	0.147	0.308	0.269	0.248	0.143	0.412	0.139	0.177	0.152	0.451	0.327	0.169	0.147	0.297	0.284	0.136	0.131	0.146	0.132	0.174	0.145	0.460	0.310	0.149	0.149	0.314	0.280
10:40:00	0.130	0.135	0.162	0.130	0.221	0.141	0.414	0.278	0.154	0.140	0.283	0.287	0.137	0.135	0.177	0.136	0.193	0.144	0.412	0.279	0.150	0.141	0.274	0.282	0.133	0.138	0.261	0.134	0.195	0.224	0.421	0.292	0.154	0.144	0.305	0.300	0.142	0.239	0.186	0.133	0.190	0.145	0.429	0.314	0.154	0.145	0.302	0.298	0.140	0.134	0.179	0.346	0.173	0.145	0.418	0.368	0.150	0.146	0.307	0.310	0.135	0.141	0.185	0.146	0.208	0.152	0.444	0.368	0.152	0.148	0.316	0.292	0.236	0.143	0.363	0.140	0.196	0.152	0.457	0.349	0.168	0.147	0.302	0.310	0.138	0.131	0.151	0.132	0.182	0.147	0.469	0.337	0.148	0.149	0.323	0.302
11:00:00	0.130	0.135	0.168	0.129	0.255	0.144	0.419	0.298	0.157	0.141	0.291	0.309	0.136	0.135	0.187	0.136	0.206	0.144	0.420	0.294	0.156	0.140	0.280	0.304	0.134	0.138	0.256	0.134	0.204	0.223	0.428	0.310	0.158	0.146	0.312	0.319	0.140	0.239	0.192	0.133	0.202	0.146	0.433	0.328	0.156	0.146	0.312	0.318	0.141	0.134	0.184	0.348	0.186	0.145	0.425	0.367	0.152	0.146	0.317	0.330	0.135	0.141	0.191	0.146	0.230	0.154	0.450	0.371	0.154	0.148	0.328	0.313	0.229	0.143	0.321	0.140	0.222	0.153	0.461	0.364	0.170	0.146	0.307	0.330	0.138	0.131	0.158	0.132	0.210	0.146	0.473	0.357	0.154	0.149	0.329	0.328
11:20:00	0.131	0.135	0.175	0.129	0.273	0.146	0.424	0.308	0.164	0.141	0.303	0.322	0.137	0.135	0.190	0.136	0.228	0.144	0.426	0.304	0.162	0.140	0.288	0.316	0.134	0.138	0.246	0.134	0.221	0.222	0.435	0.320	0.163	0.146	0.321	0.332	0.141	0.240	0.197	0.133	0.227	0.148	0.437	0.337	0.158	0.146	0.325	0.330	0.142	0.134	0.191	0.350	0.204	0.144	0.432	0.370	0.154	0.145	0.335	0.339	0.136	0.141	0.199	0.146	0.254	0.154	0.454	0.377	0.156	0.149	0.346	0.326	0.215	0.143	0.283	0.140	0.249	0.154	0.466	0.376	0.175	0.148	0.321	0.341	0.137	0.131	0.165	0.132	0.234	0.145	0.479	0.373	0.160	0.151	0.355	0.348
11:40:00	0.131	0.135	0.181	0.129	0.298	0.142	0.430	0.319	0.174	0.142	0.315	0.340	0.136	0.135	0.196	0.136	0.264	0.145	0.433	0.313	0.168	0.142	0.297	0.330	0.134	0.137	0.228	0.135	0.230	0.207	0.444	0.332	0.164	0.148	0.330	0.346	0.138	0.231	0.206	0.133	0.253	0.145	0.442	0.347	0.162	0.146	0.337	0.347	0.141	0.134	0.197	0.368	0.232	0.141	0.441	0.377	0.154	0.147	0.346	0.352	0.136	0.141	0.209	0.146	0.273	0.155	0.461	0.383	0.159	0.150	0.359	0.340	0.203	0.143	0.258	0.140	0.260	0.155	0.472	0.383	0.178	0.150	0.332	0.354	0.138	0.131	0.171	0.132	0.255	0.148	0.485	0.387	0.160	0.153	0.370	0.369
12:00:00	0.131	0.135	0.187	0.129	0.329	0.145	0.434	0.322	0.183	0.142	0.327	0.348	0.137	0.135	0.200	0.136	0.261	0.146	0.436	0.316	0.174	0.138	0.308	0.337	0.135	0.137	0.217	0.134	0.247	0.214	0.449	0.338	0.168	0.149	0.343	0.355	0.138	0.240	0.211	0.133	0.292	0.151	0.446	0.353	0.162	0.148	0.348	0.359	0.142	0.134	0.204	0.348	0.230	0.142	0.446	0.380	0.162	0.149	0.361	0.361	0.137	0.141	0.217	0.146	0.298	0.157	0.466	0.387	0.163	0.151	0.375	0.354	0.177	0.143	0.221	0.140	0.294	0.157	0.478	0.393	0.179	0.151	0.349	0.363	0.140	0.131	0.178	0.132	0.284	0.147	0.492	0.397	0.165	0.154	0.388	0.381
12:20:00	0.131	0.135	0.193	0.129	0.361	0.146	0.440	0.324	0.184	0.144	0.339	0.351	0.137	0.135	0.206	0.136	0.288	0.147	0.441	0.320	0.176	0.138	0.322	0.345	0.135	0.137	0.211	0.135	0.271	0.196	0.455	0.345	0.178	0.148	0.351	0.359	0.141	0.232	0.216	0.133	0.318	0.152	0.451	0.358	0.168	0.148	0.359	0.367	0.145	0.134	0.209	0.368	0.249	0.143	0.452	0.387	0.164	0.150	0.369	0.364	0.138	0.141	0.222	0.146	0.322	0.156	0.470	0.390	0.166	0.152	0.386	0.359	0.167	0.143	0.214	0.140	0.320	0.158	0.485	0.395	0.181	0.146	0.359	0.370	0.138	0.131	0.184	0.132	0.309	0.143	0.498	0.397	0.167	0.156	0.396	0.390
12:40:00	0.132	0.135	0.197	0.129	0.433	0.148	0.444	0.326	0.195	0.144	0.350	0.354	0.140	0.135	0.209	0.136	0.314	0.149	0.444	0.322	0.196	0.139	0.331	0.346	0.139	0.137	0.216	0.134	0.295	0.199	0.460	0.350	0.199	0.147	0.363	0.363	0.144	0.239	0.219	0.133	0.352	0.153	0.454	0.362	0.195	0.151	0.369	0.372	0.148	0.134	0.214	0.350	0.265	0.145	0.459	0.389	0.188	0.152	0.381	0.370	0.139	0.141	0.227	0.146	0.355	0.157	0.475	0.393	0.186	0.154	0.398	0.367	0.153	0.143	0.217	0.140	0.349	0.160	0.489	0.399	0.195	0.148	0.372	0.373	0.139	0.131	0.192	0.132	0.340	0.149	0.504	0.403	0.178	0.157	0.407	0.394
13:00:01	0.134	0.135	0.202	0.129	0.536	0.153	0.449	0.326	0.218	0.146	0.360	0.355	0.142	0.135	0.212	0.135	0.346	0.153	0.447	0.324	0.216	0.141	0.343	0.350	0.140	0.138	0.218	0.134	0.325	0.189	0.465	0.356	0.210	0.148	0.371	0.365	0.143	0.240	0.222	0.133	0.392	0.155	0.456	0.367	0.202	0.153	0.378	0.377	0.146	0.134	0.217	0.346	0.289	0.150	0.465	0.393	0.208	0.154	0.389	0.373	0.141	0.141	0.230	0.146	0.388	0.161	0.479	0.397	0.211	0.155	0.407	0.374	0.146	0.143	0.219	0.140	0.385	0.160	0.495	0.404	0.215	0.151	0.380	0.377	0.142	0.131	0.199	0.132	0.379	0.153	0.510	0.406	0.198	0.160	0.415	0.395
13:20:01	0.136	0.135	0.205	0.129	0.557	0.158	0.454	0.327	0.241	0.149	0.372	0.353	0.145	0.135	0.214	0.134	0.384	0.156	0.450	0.330	0.236	0.148	0.353	0.353	0.141	0.138	0.221	0.134	0.374	0.173	0.469	0.361	0.233	0.152	0.380	0.368	0.146	0.239	0.225	0.133	0.420	0.157	0.458	0.372	0.235	0.157	0.385	0.380	0.151	0.135	0.221	0.347	0.316	0.156	0.472	0.394	0.211	0.158	0.397	0.376	0.142	0.141	0.233	0.147	0.428	0.164	0.484	0.399	0.224	0.158	0.415	0.378	0.144	0.143	0.222	0.140	0.422	0.165	0.502	0.408	0.231	0.155	0.389	0.375	0.144	0.131	0.206	0.132	0.418	0.155	0.516	0.411	0.219	0.162	0.421	0.397
13:40:00	0.137	0.135	0.207	0.129	0.555	0.163	0.459	0.329	0.254	0.154	0.384	0.356	0.146	0.136	0.217	0.134	0.446	0.163	0.453	0.332	0.252	0.157	0.366	0.355	0.144	0.138	0.223	0.134	0.789	0.164	0.474	0.366	0.245	0.158	0.387	0.371	0.148	0.240	0.227	0.133	0.765	0.161	0.462	0.376	0.244	0.161	0.392	0.389	0.152	0.135	0.225	0.350	0.343	0.159	0.479	0.398	0.223	0.163	0.404	0.383	0.143	0.141	0.235	0.147	0.468	0.167	0.491	0.400	0.230	0.163	0.422	0.384	0.142	0.143	0.224	0.140	0.464	0.165	0.509	0.412	0.247	0.160	0.396	0.381	0.143	0.131	0.212	0.132	0.462	0.158	0.521	0.415	0.234	0.164	0.426	0.402
14:00:01	0.139	0.135	0.210	0.129	0.562	0.171	0.463	0.330	0.267	0.161	0.393	0.357	0.147	0.136	0.219	0.133	0.499	0.173	0.456	0.336	0.267	0.163	0.374	0.358	0.145	0.138	0.227	0.134	0.698	0.169	0.478	0.371	0.265	0.164	0.395	0.378	0.149	0.240	0.230	0.133	0.731	0.160	0.466	0.380	0.253	0.162	0.398	0.395	0.153	0.135	0.227	0.348	0.380	0.159	0.482	0.400	0.241	0.164	0.409	0.391	0.145	0.141	0.238	0.147	0.501	0.167	0.495	0.401	0.249	0.165	0.430	0.393	0.143	0.143	0.228	0.140	0.501	0.168	0.514	0.416	0.270	0.164	0.405	0.387	0.146	0.131	0.217	0.132	0.503	0.162	0.525	0.421	0.249	0.166	0.433	0.409
14:20:01	0.141	0.135	0.213	0.129	0.570	0.183	0.466	0.330	0.289	0.171	0.402	0.359	0.149	0.136	0.222	0.133	0.547	0.179	0.460	0.339	0.294	0.174	0.386	0.360	0.147	0.138	0.229	0.134	0.580	0.176	0.483	0.375	0.293	0.168	0.400	0.384	0.151	0.240	0.233	0.133	0.591	0.160	0.469	0.382	0.277	0.165	0.405	0.403	0.154	0.135	0.230	0.352	0.456	0.162	0.487	0.402	0.261	0.168	0.415	0.399	0.148	0.141	0.241	0.147	0.549	0.168	0.499	0.404	0.272	0.166	0.436	0.401	0.146	0.143	0.231	0.140	0.529	0.170	0.520	0.418	0.296	0.165	0.412	0.394	0.147	0.131	0.222	0.132	0.538	0.166	0.531	0.425	0.271	0.166	0.438	0.417
14:40:01	0.142	0.135	0.217	0.130	0.578	0.196	0.470	0.331	0.318	0.192	0.412	0.359	0.150	0.136	0.225	0.133	0.590	0.183	0.464	0.341	0.327	0.174	0.390	0.364	0.148	0.138	0.234	0.135	0.574	0.209	0.487	0.379	0.325	0.177	0.407	0.388	0.153	0.239	0.236	0.134	0.590	0.167	0.475	0.384	0.305	0.173	0.410	0.411	0.156	0.135	0.237	0.352	0.502	0.176	0.491	0.405	0.292	0.177	0.421	0.407	0.151	0.142	0.247	0.147	0.566	0.188	0.506	0.405	0.301	0.173	0.442	0.409	0.149	0.143	0.233	0.140	0.575	0.171	0.525	0.420	0.327	0.170	0.417	0.401	0.149	0.131	0.226	0.133	0.579	0.170	0.535	0.428	0.297	0.174	0.445	0.425
15:00:01	0.144	0.135	0.221	0.130	0.588	0.225	0.472	0.333	0.350	0.204	0.420	0.359	0.151	0.136	0.231	0.133	0.641	0.208	0.467	0.342	0.356	0.197	0.397	0.369	0.151	0.138	0.241	0.135	0.580	0.229	0.492	0.382	0.357	0.177	0.412	0.394	0.157	0.238	0.238	0.134	0.595	0.191	0.479	0.387	0.337	0.196	0.415	0.417	0.161	0.135	0.243	0.353	0.566	0.200	0.493	0.405	0.321	0.200	0.426	0.414	0.154	0.142	0.254	0.147	0.617	0.206	0.509	0.406	0.329	0.193	0.449	0.416	0.150	0.143	0.241	0.140	0.605	0.191	0.529	0.422	0.359	0.179	0.421	0.407	0.151	0.131	0.229	0.133	0.618	0.183	0.538	0.431	0.329	0.195	0.452	0.432
15:20:01	0.145	0.135	0.225	0.130	0.595	0.249	0.475	0.334	0.384	0.238	0.428	0.359	0.156	0.136	0.237	0.133	0.688	0.232	0.470	0.343	0.709	0.226	0.402	0.372	0.154	0.138	0.251	0.135	0.586	0.260	0.496	0.384	0.451	0.189	0.418	0.400	0.158	0.238	0.246	0.134	0.601	0.217	0.483	0.389	0.369	0.226	0.421	0.423	0.163	0.135	0.251	0.352	0.610	0.217	0.496	0.405	0.352	0.220	0.431	0.420	0.158	0.142	0.259	0.147	0.667	0.217	0.511	0.409	0.383	0.217	0.455	0.421	0.156	0.143	0.248	0.140	0.659	0.215	0.532	0.423	0.393	0.203	0.426	0.412	0.153	0.131	0.232	0.133	0.683	0.213	0.541	0.434	0.361	0.217	0.459	0.439
15:40:01	0.148	0.135	0.225	0.130	0.601	0.255	0.478	0.337	0.417	0.266	0.439	0.361	0.158	0.136	0.244	0.133	0.722	0.235	0.473	0.345	0.681	0.245	0.411	0.377	0.156	0.138	0.264	0.135	0.592	0.282	0.501	0.387	0.695	0.218	0.425	0.406	0.163	0.238	0.253	0.134	0.608	0.229	0.485	0.393	0.723	0.247	0.428	0.428	0.169	0.136	0.258	0.351	0.661	0.246	0.501	0.408	0.381	0.245	0.437	0.426	0.160	0.142	0.265	0.147	0.711	0.236	0.516	0.408	0.712	0.233	0.462	0.427	0.158	0.144	0.255	0.141	0.715	0.232	0.536	0.424	0.426	0.226	0.430	0.417	0.157	0.131	0.236	0.133	0.738	0.239	0.545	0.437	0.395	0.236	0.466	0.443
16:00:01	0.153	0.135	0.233	0.130	0.609	0.292	0.483	0.336	0.465	0.290	0.449	0.363	0.160	0.136	0.252	0.133	0.757	0.251	0.478	0.346	0.544	0.270	0.416	0.381	0.160	0.138	0.272	0.135	0.600	0.304	0.503	0.389	0.605	0.229	0.430	0.410	0.169	0.222	0.260	0.134	0.615	0.252	0.488	0.396	0.705	0.273	0.434	0.432	0.171	0.136	0.265	0.372	0.701	0.268	0.503	0.408	0.409	0.265	0.442	0.429	0.165	0.142	0.271	0.147	0.746	0.254	0.519	0.409	0.675	0.253	0.467	0.429	0.164	0.144	0.261	0.141	0.747	0.234	0.539	0.427	0.464	0.243	0.434	0.421	0.160	0.131	0.240	0.133	0.767	0.263	0.548	0.439	0.430	0.258	0.472	0.447
16:20:01	0.155	0.135	0.241	0.130	0.619	0.305	0.483	0.337	0.498	0.307	0.457	0.364	0.170	0.137	0.258	0.133	0.750	0.292	0.477	0.347	0.550	0.292	0.424	0.385	0.168	0.138	0.278	0.135	0.608	0.333	0.506	0.391	0.547	0.248	0.437	0.416	0.177	0.220	0.266	0.134	0.622	0.268	0.490	0.399	0.564	0.296	0.440	0.438	0.176	0.136	0.273	0.357	0.731	0.297	0.507	0.407	0.455	0.291	0.448	0.437	0.170	0.143	0.279	0.148	0.770	0.286	0.522	0.410	0.564	0.282	0.475	0.436	0.169	0.144	0.268	0.141	0.766	0.267	0.542	0.429	0.499	0.259	0.441	0.426	0.163	0.131	0.245	0.133	0.780	0.285	0.551	0.442	0.468	0.283	0.479	0.451
16:40:01	0.160	0.135	0.250	0.130	0.633	0.328	0.486	0.338	0.538	0.329	0.468	0.366	0.182	0.137	0.265	0.133	0.754	0.309	0.480	0.348	0.559	0.320	0.430	0.389	0.180	0.138	0.283	0.135	0.617	0.350	0.507	0.394	0.552	0.281	0.443	0.421	0.188	0.201	0.274	0.134	0.630	0.294	0.493	0.401	0.557	0.317	0.446	0.442	0.183	0.136	0.280	0.354	0.753	0.325	0.510	0.409	0.498	0.310	0.454	0.443	0.176	0.143	0.285	0.148	0.764	0.305	0.524	0.413	0.555	0.300	0.483	0.440	0.175	0.145	0.275	0.141	0.776	0.295	0.543	0.431	0.540	0.275	0.447	0.432	0.168	0.131	0.252	0.133	0.767	0.305	0.554	0.444	0.520	0.309	0.485	0.454
17:00:01	0.164	0.135	0.257	0.130	0.652	0.359	0.491	0.341	0.587	0.352	0.479	0.369	0.194	0.136	0.272	0.133	0.777	0.320	0.484	0.351	0.565	0.348	0.438	0.396	0.196	0.138	0.290	0.135	0.626	0.387	0.509	0.397	0.558	0.301	0.449	0.425	0.200	0.181	0.283	0.134	0.638	0.329	0.494	0.402	0.558	0.333	0.452	0.445	0.194	0.137	0.287	0.373	0.734	0.343	0.511	0.411	0.537	0.332	0.459	0.446	0.185	0.143	0.293	0.148	0.768	0.338	0.528	0.415	0.555	0.320	0.488	0.442	0.182	0.145	0.281	0.141	0.769	0.309	0.545	0.433	0.584	0.286	0.450	0.436	0.181	0.131	0.258	0.133	0.767	0.323	0.556	0.447	0.574	0.334	0.491	0.457
17:20:01	0.177	0.135	0.264	0.130	0.670	0.402	0.491	0.342	0.658	0.386	0.490	0.370	0.207	0.137	0.280	0.133	0.790	0.353	0.485	0.351	0.574	0.369	0.445	0.398	0.209	0.139	0.297	0.135	0.634	0.751	0.511	0.398	0.566	0.314	0.455	0.429	0.209	0.176	0.292	0.134	0.645	0.361	0.496	0.404	0.565	0.358	0.458	0.449	0.206	0.137	0.295	0.354	0.753	0.367	0.514	0.410	0.589	0.368	0.465	0.453	0.196	0.144	0.303	0.148	0.759	0.363	0.529	0.416	0.564	0.351	0.495	0.448	0.190	0.146	0.290	0.141	0.763	0.339	0.546	0.434	0.639	0.319	0.456	0.441	0.193	0.131	0.261	0.133	0.773	0.350	0.558	0.450	0.631	0.366	0.498	0.459
17:40:01	0.190	0.135	0.272	0.130	0.687	0.441	0.493	0.344	0.714	0.422	0.499	0.372	0.218	0.138	0.288	0.133	0.793	0.392	0.487	0.352	0.580	0.390	0.452	0.403	0.221	0.140	0.306	0.135	0.642	0.735	0.513	0.401	0.572	0.353	0.461	0.433	0.219	0.168	0.301	0.135	0.651	0.391	0.498	0.406	0.573	0.389	0.464	0.452	0.216	0.138	0.304	0.354	0.749	0.400	0.515	0.413	0.631	0.403	0.471	0.458	0.208	0.145	0.312	0.148	0.777	0.393	0.531	0.416	0.570	0.384	0.502	0.452	0.200	0.147	0.299	0.141	0.768	0.370	0.547	0.438	0.699	0.350	0.461	0.445	0.204	0.132	0.266	0.133	0.777	0.384	0.560	0.451	0.711	0.400	0.504	0.461
18:00:01	0.202	0.136	0.281	0.131	0.702	0.488	0.496	0.346	0.787	0.468	0.508	0.374	0.229	0.139	0.297	0.133	0.806	0.435	0.491	0.354	0.586	0.706	0.459	0.407	0.235	0.141	0.314	0.135	0.651	0.673	0.514	0.403	0.580	0.389	0.467	0.436	0.229	0.162	0.310	0.135	0.660	0.417	0.500	0.408	0.580	0.737	0.470	0.456	0.225	0.139	0.312	0.354	0.775	0.435	0.519	0.416	0.682	0.439	0.477	0.463	0.219	0.146	0.320	0.148	0.805	0.424	0.534	0.420	0.577	0.417	0.510	0.456	0.211	0.148	0.309	0.141	0.796	0.403	0.548	0.440	0.744	0.384	0.467	0.448	0.213	0.132	0.272	0.133	0.789	0.422	0.562	0.454	0.765	0.433	0.510	0.465
18:20:01	0.214	0.136	0.289	0.131	0.717	0.523	0.500	0.348	0.785	0.490	0.517	0.378	0.237	0.140	0.306	0.133	0.808	0.478	0.493	0.356	0.594	0.683	0.464	0.410	0.248	0.142	0.322	0.135	0.656	0.626	0.517	0.405	0.587	0.424	0.473	0.440	0.240	0.159	0.317	0.135	0.667	0.512	0.502	0.408	0.586	0.680	0.476	0.459	0.234	0.141	0.319	0.353	0.792	0.470	0.518	0.415	0.719	0.479	0.483	0.468	0.229	0.148	0.327	0.148	0.799	0.451	0.536	0.421	0.583	0.453	0.515	0.459	0.222	0.149	0.317	0.141	0.800	0.434	0.549	0.444	0.768	0.416	0.472	0.453	0.224	0.132	0.282	0.134	0.792	0.459	0.565	0.455	0.744	0.465	0.515	0.468
18:40:01	0.227	0.139	0.299	0.131	0.730	0.542	0.504	0.350	0.786	0.543	0.526	0.380	0.247	0.142	0.314	0.133	0.822	0.515	0.495	0.358	0.606	0.601	0.469	0.414	0.261	0.144	0.329	0.136	0.661	0.600	0.518	0.407	0.595	0.461	0.478	0.445	0.252	0.151	0.325	0.135	0.673	0.709	0.503	0.410	0.594	0.570	0.482	0.462	0.243	0.143	0.326	0.355	0.781	0.507	0.522	0.417	0.752	0.509	0.489	0.473	0.240	0.151	0.334	0.149	0.779	0.480	0.538	0.422	0.590	0.481	0.521	0.462	0.234	0.151	0.327	0.142	0.794	0.460	0.551	0.444	0.757	0.438	0.478	0.456	0.235	0.132	0.291	0.134	0.803	0.499	0.568	0.456	0.752	0.495	0.520	0.470
19:00:01	0.238	0.139	0.307	0.131	0.741	0.577	0.508	0.352	0.799	0.615	0.534	0.383	0.255	0.144	0.321	0.133	0.819	0.525	0.498	0.359	0.617	0.569	0.474	0.418	0.271	0.146	0.335	0.136	0.665	0.607	0.520	0.408	0.605	0.489	0.483	0.445	0.263	0.151	0.334	0.135	0.679	0.675	0.503	0.412	0.602	0.576	0.486	0.464	0.251	0.145	0.334	0.355	0.767	0.550	0.523	0.420	0.752	0.522	0.493	0.477	0.250	0.150	0.341	0.149	0.776	0.517	0.539	0.423	0.598	0.529	0.526	0.465	0.246	0.151	0.336	0.142	0.797	0.490	0.553	0.449	0.757	0.498	0.483	0.459	0.246	0.133	0.300	0.134	0.816	0.550	0.571	0.458	0.761	0.527	0.524	0.474
19:20:01	0.248	0.140	0.315	0.131	0.752	0.622	0.514	0.354	0.805	0.704	0.542	0.388	0.263	0.144	0.329	0.133	0.804	0.569	0.500	0.361	0.623	0.580	0.479	0.420	0.280	0.148	0.345	0.136	0.669	0.616	0.521	0.410	0.615	0.508	0.488	0.451	0.273	0.148	0.338	0.136	0.685	0.586	0.506	0.413	0.611	0.587	0.490	0.465	0.259	0.145	0.342	0.356	0.767	0.587	0.525	0.421	0.755	0.577	0.497	0.482	0.261	0.153	0.358	0.149	0.781	0.534	0.541	0.426	0.606	0.577	0.529	0.468	0.257	0.152	0.344	0.142	0.793	0.525	0.555	0.450	0.768	0.561	0.486	0.464	0.255	0.136	0.306	0.134	0.816	0.608	0.574	0.459	0.798	0.535	0.527	0.475
19:40:01	0.257	0.142	0.329	0.132	0.760	0.676	0.519	0.357	0.809	0.770	0.548	0.392	0.273	0.147	0.338	0.133	0.782	0.600	0.502	0.363	0.629	0.590	0.484	0.424	0.290	0.151	0.361	0.136	0.672	0.623	0.522	0.412	0.622	0.555	0.492	0.453	0.281	0.148	0.344	0.136	0.690	0.584	0.508	0.415	0.620	0.593	0.494	0.467	0.267	0.148	0.355	0.355	0.770	0.633	0.527	0.421	0.762	0.636	0.501	0.487	0.270	0.155	0.400	0.149	0.789	0.570	0.542	0.428	0.615	0.627	0.532	0.471	0.270	0.153	0.368	0.142	0.796	0.552	0.555	0.452	0.777	0.645	0.490	0.467	0.265	0.138	0.316	0.134	0.825	0.674	0.577	0.461	0.803	0.581	0.531	0.477
20:00:01	0.265	0.145	0.335	0.132	0.768	0.733	0.524	0.358	0.830	0.821	0.554	0.397	0.283	0.148	0.343	0.134	0.754	0.650	0.503	0.366	0.635	0.597	0.490	0.427	0.299	0.153	0.383	0.136	0.678	0.630	0.523	0.413	0.628	0.593	0.496	0.455	0.284	0.148	0.359	0.136	0.695	0.589	0.509	0.416	0.625	0.598	0.499	0.469	0.274	0.148	0.379	0.356	0.773	0.680	0.529	0.423	0.773	0.693	0.505	0.491	0.277	0.157	0.430	0.149	0.802	0.595	0.543	0.428	0.619	0.688	0.535	0.473	0.282	0.155	0.398	0.142	0.812	0.605	0.557	0.454	0.765	0.728	0.493	0.472	0.274	0.140	0.329	0.134	0.831	0.747	0.580	0.463	0.806	0.639	0.534	0.479
20:20:01	0.272	0.147	0.335	0.132	0.775	0.778	0.531	0.361	0.818	0.809	0.560	0.402	0.291	0.152	0.351	0.134	0.754	0.704	0.505	0.369	0.641	0.605	0.496	0.430	0.308	0.159	0.402	0.136	0.682	0.638	0.525	0.415	0.636	0.641	0.501	0.457	0.293	0.152	0.380	0.136	0.699	0.596	0.511	0.417	0.633	0.605	0.503	0.472	0.287	0.150	0.401	0.357	0.785	0.720	0.531	0.427	0.768	0.738	0.509	0.496	0.288	0.158	0.447	0.150	0.818	0.636	0.545	0.430	0.627	0.735	0.538	0.476	0.292	0.157	0.422	0.143	0.820	0.657	0.559	0.453	0.776	0.777	0.496	0.477	0.282	0.140	0.341	0.135	0.838	0.787	0.583	0.465	0.753	0.710	0.537	0.480
20:40:01	0.278	0.151	0.337	0.132	0.780	0.809	0.536	0.363	0.775	0.813	0.566	0.406	0.299	0.165	0.367	0.134	0.752	0.749	0.506	0.371	0.648	0.612	0.501	0.433	0.318	0.160	0.415	0.137	0.686	0.645	0.525	0.417	0.642	0.689	0.505	0.460	0.303	0.156	0.396	0.137	0.703	0.604	0.512	0.420	0.639	0.611	0.507	0.474	0.299	0.159	0.419	0.356	0.801	0.747	0.533	0.426	0.763	0.771	0.512	0.499	0.294	0.163	0.455	0.150	0.824	0.702	0.546	0.431	0.633	0.781	0.540	0.479	0.302	0.166	0.437	0.143	0.834	0.721	0.561	0.456	0.785	0.797	0.498	0.481	0.290	0.143	0.364	0.135	0.839	0.802	0.586	0.465	0.752	0.765	0.541	0.481
21:00:01	0.287	0.153	0.335	0.132	0.786	0.818	0.542	0.365	0.753	0.812	0.571	0.412	0.305	0.160	0.385	0.134	0.751	0.798	0.507	0.373	0.658	0.620	0.506	0.435	0.328	0.162	0.425	0.137	0.691	0.651	0.526	0.420	0.647	0.731	0.509	0.463	0.322	0.159	0.406	0.137	0.707	0.613	0.512	0.421	0.645	0.617	0.511	0.475	0.309	0.161	0.430	0.356	0.813	0.771	0.533	0.429	0.766	0.789	0.516	0.503	0.311	0.165	0.459	0.150	0.836	0.741	0.546	0.432	0.639	0.785	0.543	0.481	0.312	0.169	0.445	0.143	0.843	0.769	0.563	0.454	0.800	0.794	0.501	0.484	0.298	0.143	0.394	0.135	0.832	0.776	0.588	0.467	0.756	0.806	0.544	0.482
21:20:01	0.291	0.157	0.341	0.133	0.788	0.805	0.548	0.367	0.763	0.823	0.576	0.417	0.307	0.162	0.401	0.134	0.758	0.793	0.508	0.375	0.666	0.627	0.511	0.439	0.338	0.165	0.431	0.137	0.697	0.658	0.527	0.420	0.652	0.762	0.514	0.467	0.328	0.164	0.413	0.137	0.708	0.621	0.514	0.421	0.650	0.624	0.515	0.477	0.321	0.165	0.439	0.355	0.825	0.776	0.533	0.430	0.765	0.773	0.519	0.505	0.325	0.169	0.461	0.151	0.838	0.771	0.546	0.434	0.644	0.776	0.546	0.483	0.327	0.174	0.450	0.144	0.846	0.781	0.564	0.459	0.811	0.778	0.504	0.486	0.305	0.144	0.420	0.135	0.772	0.789	0.590	0.468	0.761	0.807	0.547	0.484
21:40:01	0.301	0.165	0.360	0.133	0.791	0.818	0.558	0.372	0.776	0.824	0.579	0.424	0.320	0.164	0.418	0.135	0.766	0.783	0.512	0.380	0.675	0.634	0.516	0.444	0.348	0.173	0.438	0.137	0.704	0.664	0.527	0.422	0.658	0.761	0.517	0.467	0.344	0.170	0.421	0.138	0.709	0.629	0.515	0.424	0.654	0.631	0.518	0.477	0.329	0.170	0.444	0.375	0.828	0.762	0.534	0.434	0.774	0.768	0.521	0.506	0.328	0.173	0.462	0.151	0.847	0.793	0.547	0.435	0.649	0.763	0.548	0.483	0.341	0.178	0.453	0.144	0.850	0.792	0.567	0.455	0.814	0.776	0.505	0.488	0.313	0.145	0.434	0.135	0.746	0.785	0.592	0.469	0.766	0.789	0.549	0.484
22:00:01	0.331	0.166	0.376	0.133	0.792	0.826	0.560	0.373	0.785	0.830	0.583	0.426	0.350	0.176	0.422	0.135	0.769	0.809	0.511	0.381	0.683	0.642	0.519	0.444	0.356	0.183	0.438	0.137	0.709	0.669	0.528	0.423	0.663	0.751	0.521	0.471	0.352	0.178	0.424	0.138	0.710	0.639	0.515	0.424	0.659	0.639	0.521	0.480	0.340	0.175	0.446	0.356	0.834	0.762	0.536	0.433	0.784	0.770	0.526	0.509	0.348	0.179	0.461	0.151	0.847	0.773	0.548	0.435	0.654	0.776	0.551	0.486	0.354	0.183	0.453	0.144	0.854	0.771	0.568	0.459	0.819	0.784	0.508	0.489	0.320	0.151	0.445	0.136	0.748	0.790	0.593	0.471	0.772	0.785	0.552	0.487
22:20:01	0.349	0.168	0.390	0.134	0.796	0.817	0.566	0.376	0.790	0.866	0.586	0.430	0.375	0.184	0.428	0.135	0.769	0.814	0.512	0.383	0.691	0.648	0.522	0.446	0.353	0.192	0.440	0.138	0.714	0.672	0.528	0.425	0.668	0.766	0.523	0.476	0.361	0.187	0.428	0.138	0.711	0.647	0.516	0.426	0.664	0.645	0.524	0.481	0.348	0.185	0.447	0.358	0.836	0.763	0.537	0.436	0.799	0.787	0.528	0.510	0.354	0.186	0.460	0.152	0.851	0.767	0.549	0.438	0.659	0.772	0.554	0.487	0.365	0.190	0.453	0.145	0.861	0.775	0.569	0.458	0.825	0.796	0.510	0.491	0.340	0.157	0.449	0.137	0.750	0.818	0.594	0.472	0.777	0.788	0.554	0.488
22:40:01	0.356	0.179	0.401	0.134	0.800	0.832	0.571	0.379	0.793	0.864	0.589	0.433	0.387	0.192	0.433	0.136	0.768	0.810	0.513	0.386	0.698	0.655	0.527	0.449	0.357	0.200	0.439	0.138	0.719	0.677	0.529	0.425	0.673	0.771	0.526	0.475	0.366	0.194	0.430	0.139	0.714	0.653	0.516	0.427	0.668	0.651	0.527	0.484	0.355	0.195	0.446	0.356	0.841	0.768	0.539	0.436	0.802	0.784	0.530	0.511	0.364	0.195	0.460	0.152	0.859	0.776	0.550	0.438	0.663	0.783	0.556	0.487	0.377	0.199	0.453	0.145	0.856	0.782	0.570	0.460	0.824	0.789	0.513	0.490	0.357	0.163	0.451	0.137	0.752	0.832	0.595	0.474	0.781	0.798	0.557	0.489
23:00:01	0.358	0.195	0.411	0.134	0.803	0.855	0.576	0.384	0.795	0.831	0.592	0.437	0.391	0.201	0.436	0.136	0.767	0.815	0.515	0.389	0.706	0.661	0.530	0.450	0.387	0.208	0.441	0.138	0.723	0.681	0.530	0.427	0.678	0.783	0.529	0.478	0.376	0.201	0.431	0.139	0.716	0.660	0.517	0.429	0.671	0.656	0.530	0.485	0.362	0.203	0.445	0.356	0.847	0.779	0.541	0.439	0.809	0.797	0.533	0.512	0.371	0.204	0.459	0.153	0.863	0.771	0.551	0.439	0.667	0.784	0.559	0.489	0.388	0.208	0.453	0.146	0.821	0.778	0.572	0.460	0.823	0.792	0.515	0.492	0.371	0.165	0.452	0.137	0.754	0.841	0.596	0.474	0.784	0.815	0.559	0.490
23:20:01	0.362	0.204	0.424	0.135	0.807	0.856	0.585	0.390	0.796	0.795	0.595	0.445	0.393	0.208	0.444	0.136	0.766	0.816	0.519	0.395	0.711	0.667	0.532	0.455	0.405	0.214	0.444	0.139	0.729	0.685	0.530	0.428	0.684	0.781	0.532	0.483	0.385	0.207	0.433	0.140	0.719	0.665	0.519	0.431	0.674	0.661	0.532	0.485	0.369	0.212	0.448	0.377	0.854	0.774	0.543	0.442	0.816	0.792	0.534	0.511	0.377	0.212	0.460	0.153	0.849	0.780	0.552	0.440	0.671	0.781	0.560	0.488	0.398	0.218	0.454	0.146	0.773	0.778	0.575	0.463	0.830	0.804	0.516	0.492	0.381	0.168	0.453	0.137	0.757	0.847	0.597	0.475	0.787	0.820	0.561	0.491
23:40:01	0.365	0.209	0.423	0.135	0.809	0.843	0.587	0.390	0.797	0.782	0.599	0.445	0.397	0.215	0.441	0.137	0.764	0.815	0.518	0.395	0.714	0.675	0.536	0.453	0.416	0.222	0.441	0.139	0.731	0.687	0.531	0.430	0.688	0.785	0.534	0.484	0.392	0.212	0.432	0.140	0.722	0.670	0.519	0.432	0.675	0.664	0.535	0.488	0.378	0.220	0.445	0.360	0.857	0.785	0.545	0.443	0.821	0.795	0.537	0.513	0.385	0.220	0.457	0.154	0.802	0.784	0.552	0.442	0.673	0.794	0.564	0.490	0.405	0.226	0.452	0.147	0.740	0.781	0.576	0.462	0.802	0.834	0.519	0.497	0.388	0.174	0.452	0.138	0.757	0.766	0.597	0.477	0.789	0.841	0.564	0.494
24:00:01	0.368	0.212	0.424	0.135	0.810	0.809	0.591	0.394	0.796	0.786	0.602	0.449	0.403	0.223	0.443	0.137	0.763	0.830	0.519	0.396	0.717	0.683	0.540	0.456	0.428	0.227	0.441	0.139	0.743	0.691	0.531	0.430	0.691	0.791	0.538	0.485	0.399	0.217	0.432	0.140	0.729	0.676	0.520	0.433	0.677	0.668	0.537	0.487	0.384	0.228	0.444	0.358	0.851	0.785	0.547	0.444	0.834	0.796	0.539	0.514	0.393	0.227	0.455	0.155	0.753	0.782	0.553	0.442	0.673	0.796	0.566	0.492	0.414	0.231	0.451	0.147	0.737	0.791	0.577	0.465	0.747	0.847	0.521	0.494	0.396	0.180	0.452	0.138	0.758	0.758	0.598	0.478	0.791	0.851	0.567	0.495
24:20:01	0.372	0.219	0.436	0.135	0.811	0.783	0.600	0.403	0.797	0.788	0.604	0.457	0.409	0.230	0.449	0.137	0.762	0.840	0.524	0.403	0.723	0.692	0.543	0.459	0.431	0.232	0.444	0.140	0.750	0.697	0.532	0.433	0.695	0.799	0.541	0.488	0.406	0.226	0.436	0.141	0.737	0.681	0.523	0.435	0.681	0.672	0.539	0.490	0.390	0.236	0.448	0.378	0.829	0.789	0.548	0.448	0.845	0.817	0.540	0.514	0.399	0.233	0.457	0.155	0.730	0.793	0.556	0.443	0.675	0.812	0.567	0.491	0.423	0.230	0.453	0.147	0.739	0.795	0.581	0.465	0.740	0.850	0.522	0.498	0.401	0.190	0.452	0.138	0.759	0.759	0.599	0.481	0.792	0.863	0.569	0.497
24:40:01	0.376	0.227	0.433	0.136	0.810	0.776	0.601	0.402	0.796	0.790	0.606	0.458	0.415	0.233	0.445	0.138	0.759	0.845	0.522	0.402	0.727	0.700	0.546	0.459	0.433	0.237	0.441	0.140	0.749	0.700	0.532	0.433	0.697	0.809	0.542	0.489	0.419	0.232	0.433	0.141	0.750	0.686	0.522	0.435	0.683	0.674	0.543	0.491	0.397	0.239	0.444	0.358	0.767	0.785	0.549	0.447	0.853	0.830	0.543	0.516	0.410	0.231	0.454	0.156	0.728	0.798	0.556	0.444	0.677	0.826	0.570	0.493	0.431	0.232	0.458	0.148	0.741	0.828	0.581	0.467	0.742	0.854	0.525	0.498	0.406	0.202	0.451	0.139	0.758	0.762	0.599	0.482	0.791	0.857	0.571	0.499
25:00:01	0.383	0.243	0.439	0.136	0.802	0.775	0.608	0.411	0.796	0.791	0.609	0.467	0.419	0.240	0.450	0.138	0.759	0.832	0.527	0.408	0.731	0.708	0.552	0.461	0.436	0.245	0.444	0.141	0.749	0.706	0.534	0.435	0.700	0.822	0.547	0.489	0.433	0.239	0.434	0.142	0.749	0.691	0.525	0.437	0.685	0.678	0.544	0.493	0.407	0.243	0.446	0.377	0.730	0.815	0.551	0.452	0.853	0.840	0.544	0.517	0.419	0.234	0.454	0.157	0.730	0.813	0.558	0.447	0.682	0.842	0.570	0.492	0.448	0.235	0.461	0.148	0.742	0.843	0.584	0.467	0.744	0.845	0.525	0.499	0.413	0.214	0.452	0.139	0.759	0.766	0.600	0.485	0.792	0.775	0.573	0.498
25:20:01	0.390	0.253	0.436	0.137	0.808	0.776	0.610	0.412	0.796	0.794	0.613	0.468	0.421	0.246	0.445	0.139	0.757	0.824	0.526	0.407	0.735	0.713	0.554	0.463	0.439	0.248	0.440	0.141	0.750	0.709	0.534	0.435	0.704	0.832	0.550	0.494	0.436	0.244	0.433	0.143	0.754	0.696	0.525	0.438	0.688	0.684	0.548	0.500	0.419	0.246	0.444	0.358	0.722	0.817	0.553	0.452	0.836	0.849	0.548	0.520	0.429	0.238	0.453	0.158	0.733	0.836	0.559	0.447	0.685	0.853	0.575	0.495	0.475	0.239	0.459	0.149	0.744	0.859	0.584	0.470	0.747	0.779	0.527	0.503	0.419	0.227	0.450	0.140	0.758	0.770	0.600	0.486	0.790	0.759	0.576	0.502
25:40:01	0.402	0.262	0.439	0.137	0.800	0.777	0.613	0.417	0.794	0.795	0.615	0.472	0.426	0.254	0.446	0.139	0.755	0.810	0.527	0.409	0.739	0.717	0.556	0.463	0.441	0.254	0.439	0.141	0.756	0.712	0.535	0.437	0.707	0.832	0.551	0.493	0.462	0.250	0.433	0.143	0.757	0.701	0.525	0.439	0.688	0.688	0.551	0.496	0.437	0.250	0.445	0.357	0.724	0.832	0.555	0.453	0.785	0.854	0.550	0.521	0.447	0.243	0.452	0.158	0.735	0.838	0.560	0.448	0.687	0.852	0.575	0.496	0.492	0.245	0.457	0.150	0.745	0.859	0.586	0.469	0.749	0.756	0.529	0.505	0.425	0.237	0.450	0.141	0.756	0.773	0.600	0.488	0.788	0.761	0.578	0.502
26:00:01	0.409	0.269	0.440	0.138	0.803	0.778	0.617	0.422	0.795	0.795	0.618	0.477	0.432	0.260	0.446	0.140	0.754	0.789	0.529	0.413	0.745	0.721	0.560	0.466	0.441	0.264	0.439	0.142	0.755	0.714	0.535	0.438	0.709	0.835	0.554	0.495	0.480	0.258	0.433	0.144	0.760	0.706	0.526	0.440	0.690	0.691	0.553	0.499	0.459	0.255	0.443	0.356	0.727	0.844	0.556	0.456	0.727	0.857	0.552	0.523	0.462	0.249	0.451	0.159	0.737	0.847	0.561	0.450	0.690	0.857	0.577	0.496	0.499	0.252	0.457	0.151	0.746	0.864	0.587	0.472	0.752	0.757	0.530	0.504	0.431	0.246	0.449	0.141	0.755	0.776	0.603	0.489	0.787	0.765	0.581	0.504
26:20:01	0.415	0.275	0.441	0.138	0.802	0.779	0.623	0.428	0.794	0.796	0.621	0.481	0.438	0.263	0.449	0.140	0.752	0.768	0.530	0.415	0.755	0.726	0.565	0.467	0.444	0.274	0.440	0.142	0.755	0.717	0.536	0.440	0.715	0.839	0.558	0.499	0.483	0.266	0.433	0.144	0.763	0.711	0.527	0.441	0.692	0.695	0.556	0.501	0.473	0.261	0.443	0.357	0.730	0.850	0.558	0.457	0.722	0.864	0.554	0.526	0.478	0.256	0.451	0.160	0.738	0.856	0.562	0.451	0.692	0.866	0.578	0.497	0.515	0.259	0.458	0.151	0.747	0.872	0.588	0.472	0.753	0.760	0.531	0.507	0.437	0.253	0.456	0.141	0.754	0.781	0.608	0.491	0.786	0.769	0.584	0.507
26:40:01	0.418	0.281	0.442	0.139	0.802	0.780	0.634	0.434	0.793	0.796	0.624	0.486	0.443	0.266	0.446	0.141	0.750	0.761	0.532	0.417	0.759	0.727	0.567	0.469	0.449	0.281	0.441	0.143	0.759	0.720	0.537	0.441	0.724	0.842	0.560	0.498	0.488	0.274	0.434	0.145	0.760	0.716	0.527	0.442	0.699	0.700	0.558	0.502	0.477	0.268	0.443	0.357	0.732	0.855	0.560	0.459	0.723	0.870	0.556	0.527	0.487	0.263	0.451	0.161	0.738	0.861	0.564	0.452	0.701	0.870	0.580	0.498	0.513	0.268	0.456	0.152	0.746	0.881	0.589	0.474	0.755	0.763	0.533	0.509	0.443	0.259	0.449	0.141	0.751	0.783	0.616	0.492	0.783	0.772	0.586	0.507
27:00:01	0.421	0.285	0.444	0.139	0.802	0.781	0.644	0.439	0.791	0.796	0.626	0.493	0.446	0.270	0.447	0.142	0.748	0.762	0.534	0.420	0.749	0.725	0.571	0.472	0.455	0.290	0.441	0.143	0.760	0.724	0.538	0.441	0.729	0.844	0.563	0.501	0.500	0.282	0.435	0.145	0.759	0.720	0.529	0.444	0.705	0.703	0.561	0.506	0.483	0.275	0.443	0.355	0.733	0.858	0.560	0.462	0.726	0.869	0.558	0.528	0.481	0.269	0.451	0.162	0.737	0.864	0.565	0.454	0.710	0.858	0.581	0.499	0.518	0.276	0.452	0.153	0.746	0.877	0.594	0.475	0.755	0.766	0.533	0.512	0.449	0.263	0.448	0.141	0.749	0.785	0.616	0.494	0.780	0.775	0.588	0.514
27:20:01	0.422	0.290	0.437	0.140	0.798	0.781	0.647	0.445	0.791	0.795	0.629	0.500	0.451	0.277	0.447	0.142	0.747	0.762	0.535	0.423	0.745	0.728	0.576	0.476	0.460	0.296	0.442	0.144	0.760	0.728	0.539	0.443	0.720	0.836	0.566	0.506	0.563	0.289	0.436	0.146	0.762	0.724	0.529	0.445	0.709	0.705	0.564	0.509	0.500	0.281	0.443	0.357	0.733	0.861	0.561	0.462	0.728	0.849	0.560	0.532	0.508	0.275	0.451	0.163	0.738	0.871	0.566	0.455	0.711	0.820	0.583	0.499	0.565	0.286	0.447	0.154	0.745	0.823	0.600	0.477	0.756	0.768	0.535	0.515	0.454	0.269	0.448	0.142	0.747	0.787	0.613	0.499	0.778	0.778	0.591	0.516
27:40:01	0.425	0.297	0.445	0.140	0.803	0.781	0.648	0.454	0.791	0.793	0.631	0.505	0.454	0.284	0.448	0.143	0.745	0.762	0.537	0.426	0.739	0.728	0.580	0.478	0.464	0.305	0.443	0.144	0.771	0.732	0.540	0.444	0.720	0.818	0.570	0.506	0.559	0.299	0.436	0.146	0.765	0.728	0.531	0.446	0.708	0.705	0.566	0.509	0.514	0.290	0.444	0.355	0.734	0.865	0.566	0.464	0.731	0.807	0.561	0.535	0.546	0.282	0.450	0.163	0.738	0.878	0.572	0.455	0.719	0.770	0.584	0.500	0.530	0.302	0.447	0.155	0.745	0.755	0.605	0.481	0.756	0.771	0.535	0.517	0.459	0.273	0.447	0.142	0.745	0.789	0.609	0.500	0.775	0.780	0.593	0.517
28:00:01	0.425	0.302	0.446	0.141	0.810	0.780	0.647	0.460	0.790	0.791	0.635	0.510	0.457	0.294	0.449	0.143	0.745	0.762	0.538	0.428	0.742	0.727	0.581	0.479	0.467	0.315	0.443	0.145	0.773	0.734	0.541	0.444	0.721	0.791	0.572	0.506	0.543	0.308	0.437	0.147	0.767	0.731	0.532	0.447	0.711	0.713	0.569	0.510	0.571	0.300	0.443	0.350	0.734	0.871	0.567	0.465	0.732	0.757	0.564	0.535	0.521	0.292	0.449	0.165	0.737	0.883	0.574	0.459	0.715	0.745	0.585	0.501	0.493	0.329	0.447	0.156	0.743	0.748	0.606	0.481	0.755	0.773	0.537	0.518	0.464	0.277	0.447	0.143	0.743	0.789	0.606	0.501	0.773	0.781	0.595	0.520
28:20:01	0.425	0.309	0.445	0.141	0.813	0.779	0.644	0.466	0.789	0.788	0.641	0.514	0.460	0.304	0.449	0.144	0.743	0.761	0.540	0.430	0.739	0.730	0.585	0.482	0.470	0.325	0.444	0.145	0.763	0.730	0.541	0.447	0.726	0.767	0.574	0.507	0.529	0.318	0.437	0.148	0.769	0.733	0.532	0.447	0.715	0.713	0.571	0.511	0.561	0.310	0.443	0.344	0.734	0.875	0.572	0.468	0.733	0.741	0.565	0.537	0.460	0.300	0.449	0.166	0.736	0.877	0.579	0.459	0.714	0.740	0.587	0.502	0.485	0.349	0.448	0.158	0.741	0.749	0.605	0.483	0.754	0.774	0.537	0.519	0.468	0.282	0.447	0.144	0.740	0.788	0.603	0.502	0.770	0.782	0.597	0.523
28:40:01	0.425	0.317	0.446	0.142	0.835	0.778	0.641	0.471	0.787	0.785	0.649	0.518	0.462	0.315	0.449	0.145	0.741	0.761	0.541	0.433	0.735	0.744	0.590	0.483	0.473	0.334	0.444	0.146	0.763	0.729	0.542	0.447	0.726	0.751	0.578	0.509	0.540	0.328	0.438	0.149	0.763	0.737	0.533	0.449	0.714	0.713	0.574	0.512	0.550	0.321	0.443	0.345	0.733	0.876	0.577	0.472	0.733	0.739	0.567	0.538	0.478	0.310	0.447	0.167	0.735	0.847	0.582	0.462	0.718	0.740	0.588	0.502	0.504	0.361	0.447	0.159	0.740	0.751	0.603	0.483	0.753	0.775	0.539	0.520	0.471	0.287	0.446	0.145	0.738	0.787	0.601	0.502	0.767	0.782	0.599	0.524
29:00:01	0.432	0.333	0.451	0.143	0.838	0.776	0.639	0.482	0.786	0.783	0.649	0.525	0.466	0.327	0.452	0.146	0.740	0.760	0.546	0.439	0.737	0.752	0.592	0.487	0.477	0.343	0.448	0.147	0.759	0.728	0.544	0.448	0.730	0.743	0.580	0.509	0.551	0.341	0.441	0.150	0.765	0.737	0.535	0.452	0.717	0.712	0.575	0.511	0.551	0.336	0.448	0.358	0.732	0.848	0.583	0.475	0.732	0.739	0.568	0.538	0.505	0.319	0.451	0.168	0.733	0.803	0.582	0.464	0.723	0.741	0.587	0.502	0.517	0.376	0.450	0.160	0.739	0.753	0.602	0.484	0.753	0.775	0.538	0.521	0.479	0.296	0.449	0.146	0.736	0.785	0.600	0.504	0.766	0.781	0.601	0.526
29:20:01	0.429	0.341	0.447	0.144	0.843	0.773	0.636	0.485	0.786	0.779	0.646	0.526	0.468	0.340	0.449	0.147	0.738	0.759	0.545	0.438	0.738	0.758	0.594	0.487	0.480	0.353	0.446	0.148	0.760	0.740	0.544	0.450	0.730	0.739	0.582	0.510	0.549	0.351	0.439	0.150	0.764	0.739	0.535	0.451	0.721	0.716	0.579	0.514	0.536	0.348	0.445	0.332	0.730	0.763	0.581	0.475	0.732	0.742	0.571	0.541	0.512	0.327	0.447	0.169	0.732	0.751	0.579	0.465	0.725	0.743	0.591	0.504	0.514	0.388	0.447	0.162	0.738	0.756	0.597	0.485	0.750	0.775	0.540	0.523	0.480	0.302	0.448	0.146	0.734	0.783	0.597	0.503	0.764	0.779	0.608	0.527
29:40:01	0.430	0.341	0.447	0.144	0.848	0.770	0.634	0.490	0.784	0.775	0.642	0.529	0.470	0.351	0.450	0.148	0.737	0.759	0.547	0.439	0.740	0.754	0.599	0.489	0.488	0.364	0.446	0.148	0.768	0.751	0.545	0.451	0.734	0.738	0.585	0.512	0.556	0.365	0.440	0.151	0.765	0.736	0.535	0.452	0.725	0.714	0.581	0.514	0.540	0.363	0.446	0.324	0.731	0.736	0.582	0.478	0.732	0.742	0.573	0.543	0.516	0.332	0.449	0.171	0.731	0.742	0.577	0.466	0.727	0.744	0.592	0.505	0.532	0.399	0.448	0.163	0.736	0.758	0.595	0.484	0.749	0.774	0.541	0.524	0.485	0.312	0.448	0.147	0.731	0.781	0.595	0.503	0.762	0.777	0.614	0.527
30:00:01	0.432	0.342	0.450	0.145	0.851	0.767	0.632	0.496	0.782	0.771	0.637	0.532	0.473	0.362	0.450	0.149	0.735	0.757	0.548	0.442	0.743	0.756	0.602	0.489	0.492	0.379	0.447	0.149	0.768	0.747	0.546	0.450	0.734	0.737	0.589	0.512	0.559	0.378	0.441	0.152	0.764	0.738	0.537	0.454	0.726	0.726	0.584	0.516	0.548	0.375	0.447	0.307	0.730	0.732	0.580	0.479	0.731	0.744	0.575	0.544	0.519	0.341	0.449	0.172	0.730	0.744	0.574	0.467	0.727	0.744	0.596	0.506	0.546	0.411	0.448	0.165	0.735	0.759	0.592	0.485	0.748	0.773	0.542	0.525	0.488	0.321	0.449	0.148	0.729	0.778	0.593	0.503	0.760	0.774	0.618	0.530
30:20:01	0.435	0.351	0.450	0.146	0.855	0.764	0.629	0.501	0.780	0.766	0.634	0.534	0.475	0.374	0.450	0.150	0.734	0.755	0.549	0.444	0.748	0.755	0.605	0.490	0.493	0.389	0.447	0.150	0.772	0.754	0.546	0.453	0.739	0.736	0.591	0.512	0.570	0.387	0.440	0.153	0.766	0.750	0.537	0.454	0.729	0.728	0.585	0.516	0.553	0.387	0.445	0.291	0.729	0.732	0.579	0.480	0.729	0.743	0.576	0.546	0.523	0.350	0.449	0.174	0.728	0.745	0.572	0.466	0.728	0.745	0.601	0.507	0.554	0.421	0.448	0.166	0.733	0.759	0.589	0.485	0.746	0.771	0.542	0.526	0.492	0.330	0.448	0.149	0.726	0.775	0.590	0.503	0.758	0.770	0.615	0.529
30:40:01	0.437	0.365	0.445	0.147	0.857	0.761	0.628	0.506	0.779	0.762	0.631	0.537	0.477	0.385	0.450	0.152	0.732	0.753	0.551	0.446	0.744	0.760	0.613	0.492	0.498	0.396	0.448	0.151	0.760	0.751	0.547	0.454	0.732	0.736	0.595	0.512	0.570	0.394	0.441	0.154	0.763	0.757	0.538	0.456	0.730	0.727	0.587	0.515	0.553	0.398	0.446	0.270	0.727	0.734	0.578	0.481	0.729	0.744	0.578	0.547	0.535	0.355	0.449	0.175	0.727	0.747	0.570	0.467	0.726	0.746	0.606	0.508	0.552	0.429	0.448	0.167	0.731	0.758	0.586	0.485	0.744	0.769	0.543	0.526	0.495	0.337	0.449	0.150	0.724	0.771	0.588	0.502	0.756	0.767	0.610	0.528
31:00:01	0.439	0.379	0.451	0.148	0.861	0.757	0.626	0.511	0.778	0.757	0.628	0.539	0.480	0.394	0.451	0.153	0.731	0.750	0.553	0.448	0.740	0.763	0.620	0.493	0.501	0.403	0.449	0.152	0.769	0.754	0.548	0.454	0.734	0.736	0.600	0.514	0.578	0.402	0.440	0.155	0.764	0.757	0.538	0.456	0.731	0.733	0.590	0.515	0.556	0.405	0.447	0.245	0.726	0.735	0.576	0.482	0.729	0.743	0.580	0.548	0.545	0.364	0.449	0.177	0.726	0.747	0.568	0.468	0.723	0.745	0.604	0.508	0.561	0.438	0.449	0.169	0.732	0.758	0.585	0.485	0.742	0.766	0.544	0.527	0.501	0.342	0.449	0.151	0.723	0.768	0.586	0.501	0.755	0.763	0.605	0.528
31:20:01	0.447	0.390	0.457	0.149	0.865	0.754	0.625	0.520	0.774	0.753	0.627	0.543	0.485	0.403	0.454	0.154	0.729	0.747	0.557	0.453	0.757	0.763	0.620	0.496	0.510	0.409	0.453	0.153	0.774	0.754	0.550	0.455	0.726	0.737	0.608	0.513	0.585	0.409	0.443	0.156	0.757	0.765	0.540	0.458	0.721	0.736	0.595	0.515	0.562	0.411	0.451	0.222	0.726	0.736	0.575	0.482	0.728	0.742	0.581	0.549	0.554	0.373	0.451	0.179	0.725	0.748	0.568	0.468	0.718	0.744	0.599	0.508	0.579	0.446	0.451	0.170	0.731	0.757	0.587	0.486	0.740	0.764	0.543	0.527	0.510	0.348	0.451	0.152	0.721	0.763	0.586	0.501	0.755	0.759	0.600	0.527
31:40:01	0.444	0.394	0.451	0.150	0.866	0.750	0.623	0.519	0.771	0.748	0.626	0.543	0.491	0.411	0.452	0.156	0.727	0.745	0.556	0.452	0.764	0.766	0.618	0.496	0.509	0.418	0.451	0.154	0.765	0.756	0.549	0.457	0.733	0.736	0.610	0.515	0.587	0.416	0.440	0.157	0.754	0.770	0.539	0.458	0.719	0.742	0.603	0.516	0.571	0.413	0.448	0.185	0.725	0.737	0.573	0.481	0.726	0.743	0.587	0.551	0.559	0.379	0.448	0.182	0.723	0.747	0.565	0.468	0.717	0.742	0.597	0.510	0.575	0.451	0.449	0.172	0.727	0.755	0.582	0.484	0.737	0.761	0.545	0.529	0.512	0.356	0.451	0.154	0.718	0.760	0.583	0.499	0.754	0.754	0.598	0.525
32:00:02	0.446	0.401	0.452	0.151	0.868	0.745	0.622	0.522	0.769	0.743	0.625	0.544	0.496	0.420	0.452	0.157	0.726	0.741	0.558	0.454	0.762	0.760	0.613	0.497	0.511	0.428	0.452	0.155	0.777	0.752	0.551	0.458	0.740	0.734	0.608	0.516	0.588	0.424	0.441	0.159	0.763	0.768	0.540	0.459	0.718	0.744	0.609	0.517	0.574	0.421	0.449	0.177	0.724	0.737	0.571	0.482	0.725	0.740	0.593	0.552	0.560	0.386	0.449	0.184	0.720	0.748	0.563	0.467	0.719	0.741	0.594	0.510	0.581	0.457	0.450	0.174	0.726	0.753	0.580	0.484	0.735	0.758	0.546	0.530	0.518	0.368	0.450	0.156	0.716	0.756	0.582	0.498	0.752	0.750	0.596	0.525
32:20:02	0.447	0.403	0.450	0.152	0.868	0.741	0.621	0.523	0.765	0.738	0.625	0.544	0.500	0.426	0.452	0.159	0.724	0.738	0.559	0.456	0.762	0.768	0.609	0.497	0.512	0.435	0.452	0.156	0.783	0.755	0.551	0.457	0.742	0.731	0.603	0.517	0.602	0.426	0.441	0.160	0.772	0.767	0.541	0.459	0.724	0.745	0.609	0.518	0.582	0.425	0.449	0.178	0.722	0.736	0.569	0.482	0.723	0.739	0.598	0.554	0.565	0.393	0.449	0.187	0.719	0.747	0.561	0.468	0.719	0.740	0.591	0.511	0.583	0.464	0.451	0.176	0.725	0.751	0.578	0.484	0.733	0.755	0.546	0.530	0.523	0.384	0.451	0.155	0.714	0.751	0.580	0.498	0.750	0.746	0.594	0.524
32:40:02	0.450	0.406	0.453	0.153	0.861	0.738	0.621	0.527	0.766	0.733	0.626	0.546	0.504	0.437	0.455	0.161	0.722	0.735	0.563	0.461	0.767	0.774	0.607	0.501	0.512	0.442	0.455	0.158	0.787	0.758	0.553	0.460	0.743	0.729	0.600	0.520	0.601	0.437	0.442	0.161	0.778	0.771	0.543	0.464	0.724	0.746	0.607	0.520	0.595	0.433	0.449	0.179	0.721	0.736	0.567	0.482	0.721	0.739	0.597	0.554	0.581	0.396	0.452	0.192	0.719	0.746	0.560	0.466	0.722	0.739	0.587	0.512	0.560	0.473	0.450	0.179	0.724	0.749	0.574	0.481	0.730	0.752	0.545	0.532	0.527	0.397	0.450	0.158	0.713	0.750	0.578	0.496	0.749	0.743	0.592	0.525
33:00:02	0.450	0.406	0.453	0.155	0.817	0.733	0.619	0.529	0.764	0.728	0.624	0.546	0.510	0.459	0.455	0.163	0.721	0.732	0.563	0.460	0.759	0.763	0.604	0.500	0.514	0.474	0.454	0.159	0.791	0.759	0.553	0.462	0.741	0.728	0.596	0.520	0.582	0.445	0.442	0.163	0.783	0.768	0.542	0.464	0.721	0.751	0.604	0.519	0.593	0.439	0.450	0.183	0.721	0.735	0.566	0.483	0.721	0.736	0.596	0.556	0.584	0.412	0.453	0.194	0.717	0.743	0.558	0.466	0.723	0.736	0.586	0.513	0.556	0.494	0.453	0.181	0.722	0.747	0.576	0.484	0.728	0.749	0.547	0.531	0.532	0.404	0.452	0.159	0.712	0.745	0.578	0.496	0.749	0.738	0.591	0.523
33:20:01	0.451	0.407	0.454	0.156	0.786	0.729	0.618	0.530	0.761	0.723	0.623	0.546	0.514	0.484	0.456	0.165	0.720	0.727	0.564	0.462	0.766	0.759	0.600	0.501	0.514	0.496	0.455	0.161	0.797	0.749	0.554	0.463	0.725	0.725	0.593	0.521	0.580	0.470	0.442	0.164	0.791	0.771	0.542	0.463	0.725	0.745	0.599	0.519	0.598	0.458	0.452	0.186	0.721	0.733	0.564	0.482	0.719	0.734	0.593	0.557	0.553	0.420	0.452	0.198	0.717	0.740	0.557	0.465	0.719	0.734	0.585	0.514	0.559	0.519	0.452	0.184	0.720	0.744	0.575	0.483	0.727	0.746	0.548	0.531	0.536	0.408	0.452	0.160	0.711	0.741	0.577	0.495	0.748	0.734	0.590	0.523
33:40:02	0.450	0.408	0.458	0.158	0.772	0.724	0.616	0.531	0.757	0.719	0.622	0.546	0.516	0.527	0.457	0.167	0.718	0.726	0.566	0.463	0.768	0.750	0.597	0.502	0.516	0.519	0.456	0.162	0.800	0.754	0.554	0.464	0.724	0.723	0.590	0.522	0.573	0.496	0.444	0.166	0.795	0.774	0.543	0.465	0.717	0.750	0.596	0.519	0.601	0.474	0.452	0.191	0.720	0.732	0.562	0.482	0.717	0.730	0.590	0.557	0.554	0.457	0.453	0.201	0.715	0.737	0.556	0.465	0.719	0.731	0.583	0.514	0.563	0.558	0.452	0.187	0.718	0.741	0.574	0.482	0.724	0.742	0.548	0.530	0.537	0.411	0.453	0.164	0.709	0.736	0.575	0.494	0.746	0.730	0.589	0.523
34:00:01	0.449	0.410	0.464	0.160	0.772	0.720	0.614	0.532	0.756	0.714	0.622	0.545	0.517	0.557	0.458	0.170	0.716	0.720	0.567	0.464	0.773	0.759	0.595	0.502	0.516	0.545	0.456	0.165	0.804	0.735	0.554	0.463	0.738	0.722	0.587	0.522	0.578	0.536	0.442	0.168	0.799	0.776	0.544	0.466	0.717	0.747	0.594	0.521	0.629	0.498	0.454	0.194	0.718	0.730	0.560	0.481	0.715	0.728	0.585	0.557	0.561	0.479	0.454	0.203	0.713	0.736	0.555	0.465	0.723	0.729	0.581	0.516	0.567	0.593	0.453	0.190	0.718	0.738	0.572	0.482	0.722	0.739	0.549	0.531	0.538	0.415	0.453	0.166	0.707	0.732	0.574	0.493	0.745	0.726	0.588	0.523
34:20:02	0.449	0.410	0.460	0.161	0.780	0.716	0.613	0.534	0.753	0.710	0.622	0.545	0.517	0.561	0.458	0.172	0.715	0.718	0.568	0.465	0.776	0.760	0.594	0.502	0.517	0.573	0.457	0.167	0.809	0.731	0.555	0.464	0.743	0.719	0.584	0.523	0.583	0.553	0.443	0.170	0.805	0.767	0.544	0.466	0.725	0.737	0.591	0.520	0.596	0.536	0.454	0.197	0.717	0.727	0.557	0.481	0.713	0.725	0.581	0.557	0.567	0.520	0.456	0.207	0.711	0.733	0.553	0.464	0.721	0.727	0.580	0.517	0.571	0.603	0.453	0.193	0.716	0.735	0.570	0.482	0.720	0.736	0.549	0.530	0.539	0.418	0.454	0.165	0.707	0.729	0.572	0.492	0.744	0.721	0.587	0.522
34:40:02	0.458	0.414	0.465	0.163	0.789	0.713	0.613	0.537	0.751	0.707	0.621	0.545	0.520	0.560	0.460	0.176	0.713	0.712	0.571	0.469	0.779	0.766	0.590	0.504	0.523	0.643	0.461	0.171	0.814	0.732	0.557	0.467	0.752	0.717	0.581	0.522	0.589	0.560	0.445	0.173	0.809	0.759	0.545	0.466	0.726	0.723	0.587	0.519	0.579	0.560	0.458	0.200	0.717	0.727	0.557	0.482	0.713	0.723	0.577	0.556	0.574	0.532	0.455	0.217	0.710	0.732	0.554	0.464	0.734	0.725	0.577	0.517	0.576	0.612	0.457	0.196	0.714	0.733	0.571	0.482	0.719	0.732	0.548	0.529	0.542	0.424	0.456	0.171	0.707	0.723	0.572	0.493	0.742	0.716	0.585	0.521
35:00:02	0.448	0.411	0.464	0.165	0.796	0.708	0.611	0.534	0.748	0.703	0.620	0.544	0.518	0.586	0.459	0.178	0.712	0.710	0.571	0.468	0.779	0.765	0.589	0.503	0.520	0.628	0.457	0.173	0.817	0.728	0.557	0.467	0.751	0.713	0.580	0.523	0.594	0.560	0.443	0.176	0.813	0.750	0.545	0.466	0.732	0.726	0.586	0.521	0.583	0.569	0.456	0.204	0.714	0.725	0.555	0.480	0.711	0.720	0.575	0.558	0.578	0.547	0.452	0.216	0.708	0.729	0.551	0.464	0.740	0.722	0.578	0.519	0.578	0.693	0.454	0.201	0.711	0.730	0.566	0.481	0.716	0.729	0.550	0.529	0.541	0.426	0.454	0.173	0.705	0.721	0.570	0.490	0.742	0.712	0.586	0.521
35:20:02	0.449	0.411	0.464	0.167	0.800	0.705	0.610	0.535	0.747	0.699	0.620	0.545	0.518	0.649	0.459	0.183	0.711	0.705	0.572	0.469	0.780	0.759	0.589	0.503	0.521	0.593	0.458	0.174	0.820	0.730	0.557	0.467	0.754	0.710	0.578	0.523	0.597	0.586	0.444	0.178	0.816	0.749	0.545	0.467	0.738	0.727	0.584	0.522	0.587	0.580	0.456	0.208	0.713	0.723	0.552	0.479	0.709	0.718	0.572	0.557	0.583	0.556	0.457	0.218	0.707	0.726	0.551	0.463	0.743	0.719	0.576	0.520	0.581	0.681	0.455	0.206	0.710	0.728	0.565	0.481	0.714	0.725	0.550	0.527	0.543	0.429	0.454	0.175	0.704	0.718	0.570	0.490	0.741	0.708	0.585	0.521
35:40:02	0.449	0.410	0.465	0.170	0.800	0.700	0.608	0.535	0.744	0.696	0.619	0.544	0.519	0.668	0.460	0.186	0.710	0.703	0.573	0.470	0.780	0.771	0.587	0.504	0.524	0.566	0.459	0.176	0.819	0.730	0.558	0.467	0.758	0.707	0.576	0.523	0.601	0.649	0.444	0.183	0.818	0.748	0.547	0.468	0.742	0.732	0.582	0.522	0.592	0.589	0.457	0.213	0.712	0.721	0.551	0.478	0.706	0.716	0.570	0.557	0.586	0.584	0.454	0.222	0.705	0.722	0.549	0.464	0.744	0.715	0.575	0.521	0.584	0.681	0.455	0.211	0.707	0.724	0.564	0.480	0.712	0.722	0.551	0.526	0.544	0.433	0.455	0.178	0.703	0.715	0.568	0.489	0.739	0.703	0.585	0.521
36:00:02	0.453	0.411	0.465	0.172	0.800	0.697	0.607	0.534	0.741	0.693	0.619	0.544	0.521	0.648	0.459	0.191	0.708	0.698	0.576	0.471	0.780	0.771	0.584	0.503	0.526	0.566	0.459	0.178	0.813	0.727	0.560	0.467	0.761	0.703	0.575	0.522	0.603	0.646	0.445	0.188	0.820	0.750	0.549	0.468	0.746	0.737	0.580	0.523	0.597	0.593	0.457	0.218	0.711	0.718	0.549	0.479	0.705	0.713	0.567	0.557	0.590	0.639	0.455	0.225	0.704	0.720	0.548	0.462	0.749	0.712	0.574	0.522	0.587	0.676	0.455	0.217	0.706	0.720	0.562	0.479	0.711	0.718	0.551	0.525	0.545	0.434	0.455	0.180	0.703	0.711	0.568	0.488	0.738	0.699	0.584	0.522
36:20:02	0.457	0.415	0.466	0.174	0.800	0.694	0.607	0.535	0.739	0.692	0.620	0.544	0.520	0.644	0.459	0.195	0.707	0.696	0.582	0.475	0.781	0.775	0.584	0.504	0.526	0.571	0.460	0.180	0.802	0.726	0.562	0.468	0.766	0.700	0.574	0.523	0.606	0.651	0.445	0.188	0.819	0.747	0.551	0.468	0.752	0.726	0.578	0.523	0.600	0.651	0.457	0.223	0.709	0.716	0.547	0.479	0.703	0.710	0.564	0.555	0.592	0.642	0.454	0.232	0.704	0.718	0.546	0.460	0.755	0.709	0.571	0.524	0.590	0.638	0.453	0.222	0.706	0.717	0.557	0.476	0.707	0.715	0.550	0.524	0.544	0.434	0.453	0.183	0.701	0.710	0.565	0.486	0.736	0.696	0.583	0.523
36:40:02	0.462	0.418	0.467	0.177	0.799	0.690	0.605	0.534	0.737	0.689	0.618	0.544	0.522	0.587	0.460	0.199	0.706	0.691	0.587	0.473	0.772	0.786	0.583	0.503	0.529	0.564	0.461	0.182	0.779	0.731	0.564	0.469	0.768	0.698	0.573	0.521	0.610	0.623	0.445	0.193	0.813	0.749	0.551	0.468	0.755	0.725	0.577	0.523	0.604	0.653	0.460	0.232	0.709	0.715	0.546	0.479	0.701	0.706	0.563	0.555	0.595	0.630	0.454	0.238	0.702	0.715	0.545	0.461	0.759	0.707	0.571	0.524	0.594	0.622	0.455	0.229	0.703	0.714	0.558	0.478	0.706	0.711	0.552	0.523	0.547	0.437	0.455	0.184	0.701	0.705	0.566	0.486	0.736	0.690	0.583	0.521
37:00:02	0.467	0.422	0.469	0.180	0.799	0.686	0.604	0.534	0.734	0.686	0.617	0.544	0.523	0.569	0.460	0.203	0.705	0.687	0.592	0.474	0.762	0.791	0.580	0.503	0.533	0.564	0.462	0.184	0.758	0.733	0.567	0.470	0.770	0.695	0.572	0.521	0.614	0.606	0.446	0.202	0.801	0.744	0.552	0.469	0.759	0.722	0.575	0.523	0.608	0.655	0.460	0.238	0.707	0.713	0.544	0.478	0.700	0.703	0.561	0.555	0.599	0.608	0.455	0.244	0.699	0.713	0.544	0.460	0.762	0.706	0.570	0.525	0.597	0.620	0.455	0.233	0.701	0.712	0.558	0.478	0.704	0.707	0.552	0.522	0.549	0.440	0.455	0.188	0.700	0.702	0.565	0.486	0.732	0.686	0.582	0.521
37:20:02	0.471	0.424	0.473	0.183	0.797	0.684	0.602	0.533	0.732	0.684	0.617	0.544	0.524	0.572	0.460	0.208	0.704	0.683	0.595	0.475	0.750	0.801	0.579	0.502	0.536	0.566	0.462	0.187	0.738	0.728	0.570	0.471	0.773	0.690	0.570	0.520	0.616	0.592	0.447	0.208	0.780	0.742	0.554	0.469	0.762	0.716	0.574	0.523	0.611	0.652	0.459	0.245	0.704	0.711	0.542	0.478	0.697	0.699	0.559	0.553	0.601	0.603	0.454	0.250	0.698	0.710	0.542	0.461	0.765	0.702	0.569	0.526	0.601	0.641	0.456	0.240	0.700	0.708	0.557	0.477	0.702	0.703	0.553	0.521	0.550	0.443	0.455	0.192	0.699	0.700	0.564	0.485	0.733	0.682	0.582	0.521
37:40:02	0.476	0.427	0.472	0.187	0.797	0.681	0.601	0.532	0.729	0.682	0.616	0.545	0.525	0.576	0.460	0.213	0.703	0.680	0.596	0.477	0.738	0.795	0.578	0.502	0.540	0.571	0.462	0.191	0.728	0.729	0.571	0.470	0.774	0.688	0.569	0.518	0.618	0.608	0.447	0.209	0.759	0.746	0.555	0.469	0.766	0.717	0.572	0.523	0.614	0.635	0.460	0.252	0.704	0.709	0.541	0.477	0.695	0.696	0.558	0.552	0.605	0.600	0.455	0.262	0.697	0.708	0.541	0.460	0.768	0.698	0.568	0.529	0.604	0.637	0.456	0.246	0.699	0.705	0.555	0.476	0.700	0.700	0.554	0.520	0.551	0.446	0.456	0.197	0.699	0.697	0.563	0.484	0.731	0.678	0.581	0.521
38:00:02	0.481	0.431	0.471	0.191	0.796	0.679	0.600	0.532	0.727	0.680	0.616	0.545	0.527	0.594	0.461	0.220	0.702	0.676	0.596	0.477	0.727	0.795	0.576	0.501	0.538	0.561	0.462	0.196	0.722	0.732	0.572	0.470	0.776	0.684	0.568	0.517	0.621	0.621	0.447	0.217	0.739	0.750	0.555	0.469	0.768	0.720	0.570	0.522	0.617	0.622	0.461	0.261	0.703	0.705	0.539	0.477	0.692	0.693	0.557	0.551	0.607	0.594	0.456	0.265	0.695	0.704	0.540	0.459	0.770	0.694	0.567	0.529	0.607	0.643	0.456	0.253	0.698	0.701	0.554	0.477	0.699	0.697	0.554	0.518	0.554	0.449	0.458	0.199	0.698	0.694	0.563	0.484	0.730	0.674	0.580	0.521
38:20:02	0.487	0.435	0.473	0.195	0.795	0.676	0.599	0.532	0.725	0.678	0.616	0.546	0.528	0.589	0.461	0.225	0.701	0.672	0.596	0.478	0.719	0.796	0.575	0.501	0.537	0.569	0.466	0.198	0.723	0.732	0.571	0.470	0.776	0.680	0.566	0.517	0.624	0.606	0.448	0.223	0.725	0.749	0.555	0.468	0.771	0.719	0.569	0.522	0.620	0.622	0.462	0.266	0.701	0.703	0.538	0.477	0.690	0.690	0.556	0.550	0.609	0.598	0.457	0.272	0.694	0.701	0.539	0.459	0.771	0.690	0.566	0.531	0.609	0.635	0.457	0.261	0.696	0.697	0.552	0.476	0.696	0.693	0.555	0.517	0.555	0.453	0.458	0.200	0.698	0.692	0.563	0.484	0.730	0.670	0.579	0.521
38:40:02	0.490	0.438	0.474	0.199	0.794	0.674	0.598	0.531	0.724	0.677	0.615	0.546	0.530	0.593	0.461	0.231	0.700	0.669	0.595	0.479	0.716	0.796	0.574	0.501	0.537	0.585	0.464	0.202	0.726	0.737	0.571	0.470	0.773	0.677	0.565	0.516	0.626	0.596	0.448	0.225	0.721	0.748	0.554	0.468	0.772	0.716	0.568	0.521	0.623	0.619	0.467	0.270	0.700	0.702	0.536	0.476	0.688	0.686	0.554	0.548	0.612	0.608	0.456	0.277	0.694	0.699	0.538	0.458	0.772	0.687	0.565	0.532	0.612	0.655	0.457	0.267	0.695	0.694	0.551	0.476	0.695	0.690	0.556	0.516	0.557	0.456	0.459	0.209	0.697	0.689	0.562	0.483	0.727	0.667	0.578	0.522
39:00:02	0.494	0.444	0.477	0.204	0.794	0.672	0.597	0.531	0.723	0.675	0.615	0.547	0.530	0.586	0.462	0.238	0.699	0.665	0.594	0.480	0.717	0.797	0.573	0.501	0.538	0.576	0.471	0.207	0.729	0.743	0.570	0.472	0.765	0.673	0.564	0.515	0.628	0.615	0.449	0.230	0.721	0.753	0.553	0.468	0.774	0.723	0.567	0.521	0.625	0.625	0.463	0.276	0.699	0.700	0.534	0.475	0.685	0.682	0.553	0.547	0.613	0.611	0.456	0.280	0.693	0.698	0.537	0.458	0.772	0.685	0.565	0.533	0.616	0.661	0.457	0.272	0.694	0.691	0.550	0.475	0.693	0.687	0.557	0.515	0.560	0.460	0.459	0.208	0.696	0.688	0.561	0.482	0.729	0.663	0.578	0.522
39:20:02	0.504	0.451	0.486	0.209	0.793	0.671	0.596	0.531	0.722	0.674	0.615	0.548	0.536	0.596	0.464	0.247	0.698	0.662	0.594	0.482	0.721	0.798	0.569	0.501	0.543	0.582	0.473	0.212	0.732	0.746	0.569	0.473	0.757	0.669	0.561	0.512	0.629	0.612	0.452	0.240	0.724	0.758	0.553	0.469	0.777	0.725	0.565	0.518	0.628	0.635	0.466	0.282	0.698	0.700	0.534	0.477	0.685	0.678	0.552	0.545	0.616	0.620	0.459	0.286	0.692	0.696	0.538	0.460	0.771	0.682	0.562	0.532	0.618	0.662	0.460	0.277	0.694	0.687	0.553	0.476	0.694	0.683	0.558	0.513	0.566	0.465	0.461	0.216	0.697	0.683	0.562	0.483	0.727	0.660	0.576	0.522
39:40:02	0.501	0.453	0.483	0.214	0.791	0.669	0.594	0.530	0.720	0.671	0.615	0.548	0.538	0.597	0.462	0.253	0.697	0.658	0.591	0.481	0.724	0.797	0.570	0.500	0.539	0.572	0.470	0.214	0.731	0.744	0.567	0.472	0.733	0.665	0.561	0.513	0.630	0.611	0.450	0.243	0.723	0.759	0.550	0.468	0.771	0.729	0.564	0.520	0.630	0.632	0.464	0.287	0.696	0.696	0.532	0.476	0.682	0.675	0.551	0.544	0.617	0.612	0.457	0.290	0.689	0.693	0.535	0.459	0.759	0.677	0.563	0.533	0.619	0.660	0.458	0.285	0.692	0.684	0.548	0.474	0.691	0.681	0.562	0.514	0.567	0.466	0.460	0.220	0.694	0.683	0.559	0.481	0.727	0.657	0.577	0.524
40:00:02	0.505	0.458	0.480	0.220	0.791	0.666	0.592	0.529	0.719	0.669	0.615	0.549	0.543	0.604	0.463	0.256	0.697	0.655	0.590	0.482	0.727	0.797	0.568	0.500	0.541	0.579	0.470	0.221	0.730	0.746	0.565	0.472	0.718	0.662	0.560	0.512	0.631	0.604	0.453	0.246	0.723	0.764	0.548	0.468	0.760	0.737	0.562	0.518	0.632	0.632	0.466	0.291	0.694	0.694	0.531	0.475	0.679	0.671	0.550	0.543	0.618	0.617	0.457	0.295	0.687	0.689	0.534	0.458	0.746	0.673	0.562	0.533	0.621	0.664	0.461	0.291	0.690	0.680	0.547	0.474	0.690	0.678	0.564	0.513	0.567	0.468	0.460	0.230	0.693	0.681	0.558	0.480	0.727	0.653	0.576	0.525
40:20:02	0.507	0.461	0.482	0.226	0.790	0.664	0.591	0.528	0.716	0.668	0.616	0.550	0.546	0.609	0.462	0.270	0.696	0.651	0.588	0.482	0.729	0.795	0.566	0.500	0.545	0.578	0.466	0.226	0.728	0.747	0.563	0.471	0.707	0.657	0.557	0.512	0.632	0.607	0.451	0.252	0.723	0.766	0.547	0.468	0.744	0.738	0.560	0.517	0.633	0.630	0.471	0.296	0.692	0.690	0.530	0.475	0.677	0.667	0.549	0.542	0.620	0.612	0.459	0.300	0.685	0.685	0.533	0.458	0.728	0.669	0.561	0.533	0.622	0.671	0.459	0.297	0.689	0.677	0.545	0.473	0.689	0.676	0.564	0.511	0.569	0.470	0.460	0.234	0.692	0.679	0.558	0.480	0.726	0.651	0.576	0.526
40:40:02	0.511	0.465	0.479	0.232	0.789	0.663	0.591	0.529	0.715	0.666	0.616	0.551	0.542	0.616	0.463	0.273	0.696	0.649	0.586	0.483	0.730	0.791	0.566	0.500	0.542	0.591	0.467	0.233	0.728	0.748	0.561	0.472	0.703	0.654	0.556	0.511	0.633	0.625	0.454	0.257	0.723	0.768	0.546	0.468	0.727	0.739	0.559	0.516	0.636	0.632	0.468	0.300	0.692	0.688	0.529	0.474	0.675	0.663	0.548	0.541	0.622	0.612	0.460	0.305	0.684	0.683	0.532	0.457	0.713	0.665	0.560	0.533	0.624	0.675	0.460	0.303	0.689	0.674	0.544	0.473	0.687	0.673	0.564	0.512	0.571	0.473	0.461	0.241	0.691	0.677	0.558	0.480	0.727	0.648	0.576	0.527
41:00:02	0.515	0.472	0.475	0.239	0.789	0.661	0.589	0.529	0.713	0.665	0.617	0.552	0.543	0.613	0.469	0.273	0.695	0.645	0.585	0.484	0.728	0.785	0.565	0.500	0.545	0.586	0.470	0.238	0.728	0.748	0.560	0.472	0.704	0.651	0.555	0.511	0.634	0.627	0.464	0.264	0.723	0.768	0.544	0.468	0.709	0.740	0.557	0.515	0.637	0.625	0.474	0.303	0.691	0.685	0.527	0.474	0.673	0.660	0.547	0.540	0.623	0.604	0.462	0.309	0.682	0.682	0.531	0.456	0.702	0.662	0.559	0.532	0.626	0.669	0.460	0.308	0.688	0.670	0.544	0.472	0.686	0.671	0.563	0.511	0.574	0.476	0.462	0.249	0.691	0.676	0.557	0.480	0.726	0.646	0.575	0.528
41:20:02	0.517	0.480	0.477	0.246	0.789	0.659	0.588	0.529	0.712	0.663	0.617	0.553	0.545	0.617	0.464	0.279	0.694	0.643	0.583	0.484	0.726	0.768	0.562	0.500	0.549	0.583	0.471	0.242	0.729	0.749	0.557	0.473	0.707	0.647	0.553	0.510	0.635	0.613	0.452	0.271	0.724	0.769	0.543	0.467	0.699	0.742	0.556	0.514	0.639	0.637	0.474	0.306	0.689	0.683	0.526	0.474	0.671	0.656	0.546	0.539	0.624	0.613	0.460	0.312	0.681	0.679	0.530	0.455	0.696	0.660	0.559	0.531	0.627	0.683	0.461	0.313	0.688	0.666	0.543	0.472	0.685	0.669	0.562	0.510	0.576	0.480	0.462	0.270	0.689	0.673	0.556	0.479	0.727	0.643	0.575	0.529
41:40:02	0.521	0.486	0.479	0.257	0.788	0.658	0.588	0.530	0.709	0.662	0.619	0.555	0.546	0.620	0.464	0.277	0.693	0.640	0.582	0.487	0.725	0.749	0.562	0.500	0.556	0.583	0.474	0.248	0.727	0.750	0.556	0.473	0.709	0.643	0.551	0.510	0.636	0.617	0.456	0.280	0.723	0.770	0.542	0.468	0.696	0.743	0.554	0.512	0.641	0.632	0.474	0.308	0.687	0.680	0.524	0.473	0.670	0.654	0.544	0.538	0.625	0.612	0.458	0.314	0.680	0.676	0.528	0.454	0.691	0.658	0.557	0.530	0.627	0.691	0.460	0.317	0.687	0.663	0.540	0.469	0.683	0.667	0.560	0.510	0.577	0.489	0.461	0.285	0.687	0.672	0.554	0.477	0.723	0.642	0.573	0.531
42:00:02	0.527	0.497	0.489	0.255	0.787	0.656	0.586	0.529	0.708	0.661	0.617	0.555	0.550	0.618	0.463	0.280	0.692	0.638	0.579	0.485	0.723	0.726	0.561	0.499	0.557	0.598	0.476	0.254	0.728	0.752	0.553	0.473	0.710	0.640	0.551	0.510	0.636	0.617	0.455	0.289	0.724	0.772	0.539	0.467	0.698	0.745	0.553	0.512	0.642	0.625	0.475	0.313	0.686	0.678	0.524	0.473	0.668	0.650	0.544	0.538	0.628	0.619	0.460	0.316	0.679	0.672	0.527	0.454	0.690	0.654	0.557	0.530	0.629	0.681	0.462	0.323	0.685	0.660	0.541	0.471	0.683	0.664	0.560	0.510	0.581	0.500	0.469	0.298	0.687	0.669	0.555	0.478	0.727	0.638	0.574	0.531
42:20:02	0.529	0.507	0.488	0.258	0.787	0.654	0.585	0.529	0.706	0.659	0.618	0.556	0.554	0.612	0.464	0.285	0.691	0.634	0.577	0.486	0.723	0.720	0.559	0.499	0.563	0.591	0.476	0.255	0.728	0.755	0.552	0.473	0.708	0.636	0.549	0.509	0.636	0.635	0.460	0.295	0.724	0.772	0.538	0.467	0.700	0.745	0.551	0.511	0.643	0.635	0.474	0.315	0.684	0.675	0.523	0.472	0.667	0.646	0.543	0.538	0.629	0.612	0.459	0.319	0.678	0.670	0.527	0.454	0.690	0.650	0.557	0.529	0.631	0.699	0.463	0.326	0.684	0.656	0.540	0.470	0.682	0.662	0.558	0.510	0.583	0.510	0.465	0.310	0.685	0.667	0.554	0.477	0.729	0.636	0.573	0.532
42:40:02	0.529	0.523	0.500	0.264	0.787	0.653	0.585	0.530	0.706	0.658	0.618	0.559	0.558	0.605	0.467	0.295	0.690	0.632	0.576	0.487	0.723	0.722	0.558	0.500	0.571	0.597	0.481	0.262	0.730	0.761	0.551	0.472	0.707	0.633	0.546	0.507	0.637	0.631	0.461	0.301	0.727	0.775	0.538	0.468	0.699	0.747	0.549	0.508	0.644	0.640	0.477	0.318	0.683	0.672	0.523	0.474	0.666	0.642	0.542	0.536	0.631	0.613	0.463	0.322	0.678	0.668	0.528	0.454	0.689	0.647	0.554	0.527	0.634	0.688	0.466	0.329	0.684	0.654	0.542	0.472	0.684	0.660	0.553	0.507	0.585	0.522	0.470	0.319	0.685	0.663	0.555	0.479	0.730	0.633	0.572	0.533
43:00:02	0.522	0.530	0.493	0.267	0.785	0.650	0.583	0.529	0.703	0.656	0.618	0.559	0.560	0.609	0.466	0.298	0.690	0.630	0.573	0.486	0.721	0.723	0.557	0.499	0.572	0.592	0.478	0.265	0.728	0.760	0.548	0.472	0.705	0.629	0.547	0.508	0.636	0.614	0.466	0.306	0.726	0.776	0.535	0.467	0.697	0.750	0.548	0.509	0.645	0.640	0.479	0.319	0.680	0.667	0.521	0.471	0.663	0.638	0.541	0.535	0.631	0.609	0.464	0.323	0.675	0.664	0.525	0.453	0.690	0.643	0.555	0.528	0.634	0.693	0.471	0.333	0.682	0.651	0.539	0.469	0.680	0.658	0.554	0.508	0.587	0.531	0.471	0.323	0.682	0.662	0.552	0.477	0.731	0.631	0.573	0.535
43:20:02	0.532	0.535	0.504	0.274	0.785	0.648	0.583	0.530	0.702	0.654	0.619	0.561	0.567	0.615	0.468	0.310	0.690	0.627	0.572	0.488	0.722	0.725	0.555	0.501	0.575	0.598	0.479	0.274	0.728	0.764	0.547	0.472	0.705	0.627	0.544	0.506	0.637	0.631	0.459	0.311	0.727	0.781	0.535	0.468	0.697	0.755	0.546	0.506	0.645	0.635	0.481	0.322	0.680	0.665	0.521	0.473	0.662	0.635	0.540	0.534	0.632	0.607	0.463	0.326	0.674	0.663	0.526	0.453	0.690	0.641	0.552	0.525	0.635	0.655	0.470	0.336	0.681	0.649	0.541	0.471	0.681	0.656	0.549	0.507	0.590	0.543	0.477	0.335	0.682	0.660	0.554	0.479	0.733	0.628	0.571	0.535
43:40:02	0.531	0.537	0.499	0.276	0.785	0.646	0.582	0.530	0.701	0.653	0.620	0.561	0.566	0.608	0.472	0.313	0.689	0.626	0.570	0.486	0.721	0.724	0.556	0.500	0.578	0.602	0.479	0.276	0.727	0.754	0.545	0.472	0.704	0.624	0.544	0.508	0.635	0.629	0.457	0.314	0.726	0.783	0.532	0.466	0.695	0.759	0.545	0.507	0.646	0.632	0.479	0.322	0.678	0.660	0.519	0.471	0.660	0.633	0.539	0.534	0.632	0.600	0.461	0.328	0.672	0.658	0.523	0.452	0.690	0.639	0.554	0.526	0.635	0.660	0.464	0.338	0.679	0.645	0.538	0.469	0.678	0.653	0.549	0.508	0.590	0.550	0.473	0.334	0.678	0.659	0.551	0.477	0.733	0.627	0.572	0.537
44:00:02	0.535	0.540	0.498	0.281	0.785	0.644	0.580	0.530	0.699	0.652	0.620	0.563	0.565	0.602	0.467	0.315	0.688	0.624	0.568	0.486	0.720	0.725	0.554	0.501	0.579	0.612	0.481	0.280	0.727	0.746	0.543	0.473	0.703	0.620	0.543	0.507	0.635	0.640	0.467	0.317	0.726	0.786	0.531	0.466	0.694	0.762	0.543	0.506	0.646	0.634	0.478	0.323	0.676	0.657	0.518	0.471	0.657	0.630	0.538	0.533	0.633	0.604	0.464	0.331	0.670	0.656	0.522	0.452	0.690	0.637	0.553	0.525	0.636	0.662	0.468	0.341	0.678	0.642	0.536	0.468	0.677	0.652	0.547	0.508	0.584	0.556	0.472	0.343	0.677	0.657	0.550	0.476	0.733	0.624	0.571	0.539

