Field Group

Plate Comment:	
Procedure Summary
  Plate Type:              Corning 96 well for LogPhase600
  Plate Number:            4
  Discontinuous Kinetics:  Runtime 02:00:00 (D:HH:MM), Interval 00:20:00 (HH:MM:SS), 145 Reads (max)
  Read:                    600 nm
  Incubator:               On
    Temperature setpoint:  30 °C
    Temperature gradient:  On
  Shaking:                 On
     Shaking frequency:    600 RPMs		
			
			

600

Time	A1	A2	A3	A4	A5	A6	A7	A8	A9	A10	A11	A12	B1	B2	B3	B4	B5	B6	B7	B8	B9	B10	B11	B12	C1	C2	C3	C4	C5	C6	C7	C8	C9	C10	C11	C12	D1	D2	D3	D4	D5	D6	D7	D8	D9	D10	D11	D12	E1	E2	E3	E4	E5	E6	E7	E8	E9	E10	E11	E12	F1	F2	F3	F4	F5	F6	F7	F8	F9	F10	F11	F12	G1	G2	G3	G4	G5	G6	G7	G8	G9	G10	G11	G12	H1	H2	H3	H4	H5	H6	H7	H8	H9	H10	H11	H12
0:00:00													0.146	0.153	0.154	0.148	0.148	0.144	0.144	0.148	0.150	0.143	0.155	0.149	0.151	0.148	0.144	0.145	0.142	0.145	0.154	0.147	0.153	0.156	0.152	0.151	0.146	0.142	0.150	0.143	0.151	0.143	0.147	0.145	0.145	0.154	0.147	0.152	0.149	0.145	0.148	0.149	0.142	0.147	0.156	0.770	0.149	0.150	0.150	0.151	0.143	0.149	0.143	0.147	0.145	0.152	0.142	0.146	0.144	0.148	0.145	0.162	0.142	0.146	0.147	0.144	0.144	0.152	0.147	0.147	0.152	0.151	0.147	0.152												
0:20:00													0.145	0.152	0.152	0.148	0.147	0.144	0.143	0.147	0.150	0.143	0.154	0.148	0.152	0.147	0.144	0.145	0.141	0.144	0.153	0.147	0.152	0.155	0.152	0.150	0.146	0.142	0.149	0.143	0.150	0.142	0.147	0.145	0.145	0.153	0.147	0.151	0.149	0.145	0.147	0.149	0.141	0.146	0.167	0.730	0.149	0.149	0.150	0.151	0.143	0.149	0.142	0.147	0.145	0.152	0.142	0.146	0.144	0.148	0.145	0.161	0.141	0.146	0.148	0.143	0.144	0.152	0.146	0.147	0.152	0.150	0.147	0.151												
0:40:00													0.146	0.152	0.152	0.147	0.147	0.144	0.143	0.147	0.150	0.143	0.154	0.148	0.151	0.147	0.146	0.145	0.141	0.145	0.153	0.147	0.152	0.155	0.152	0.150	0.146	0.142	0.149	0.143	0.150	0.142	0.147	0.145	0.145	0.153	0.147	0.152	0.148	0.144	0.147	0.149	0.141	0.146	0.175	0.758	0.148	0.149	0.150	0.151	0.143	0.148	0.142	0.145	0.145	0.152	0.142	0.145	0.144	0.148	0.145	0.162	0.142	0.145	0.147	0.143	0.143	0.152	0.147	0.147	0.151	0.150	0.147	0.151												
1:00:00													0.145	0.152	0.152	0.147	0.147	0.144	0.143	0.147	0.149	0.143	0.154	0.148	0.152	0.147	0.147	0.144	0.141	0.144	0.152	0.147	0.152	0.155	0.152	0.150	0.146	0.142	0.149	0.143	0.150	0.142	0.147	0.145	0.145	0.153	0.147	0.151	0.148	0.144	0.147	0.149	0.141	0.146	0.183	0.764	0.148	0.149	0.149	0.151	0.143	0.148	0.142	0.145	0.145	0.152	0.142	0.145	0.144	0.147	0.144	0.161	0.142	0.145	0.147	0.143	0.143	0.151	0.148	0.147	0.151	0.150	0.146	0.150												
1:20:00													0.145	0.152	0.152	0.147	0.147	0.143	0.143	0.147	0.149	0.143	0.154	0.148	0.151	0.147	0.148	0.144	0.141	0.144	0.152	0.147	0.152	0.155	0.151	0.149	0.146	0.141	0.149	0.142	0.150	0.142	0.146	0.145	0.145	0.153	0.147	0.151	0.148	0.144	0.147	0.148	0.141	0.146	0.189	0.770	0.148	0.148	0.149	0.151	0.143	0.148	0.142	0.145	0.144	0.151	0.142	0.145	0.144	0.147	0.145	0.160	0.142	0.145	0.147	0.143	0.143	0.151	0.149	0.147	0.151	0.150	0.146	0.150												
1:40:00													0.145	0.151	0.152	0.147	0.147	0.143	0.143	0.147	0.149	0.143	0.154	0.148	0.151	0.147	0.149	0.144	0.141	0.144	0.152	0.146	0.152	0.155	0.151	0.149	0.145	0.141	0.149	0.142	0.150	0.142	0.146	0.145	0.145	0.152	0.147	0.151	0.148	0.144	0.146	0.148	0.141	0.146	0.195	0.766	0.148	0.148	0.149	0.151	0.142	0.148	0.142	0.145	0.145	0.151	0.142	0.145	0.144	0.147	0.145	0.160	0.142	0.145	0.146	0.143	0.143	0.151	0.149	0.147	0.151	0.150	0.146	0.150												
2:00:00													0.146	0.151	0.152	0.147	0.147	0.144	0.143	0.146	0.149	0.143	0.154	0.148	0.152	0.147	0.151	0.144	0.141	0.144	0.152	0.146	0.152	0.155	0.151	0.149	0.145	0.141	0.149	0.142	0.150	0.142	0.146	0.144	0.145	0.151	0.146	0.151	0.148	0.144	0.146	0.147	0.141	0.146	0.200	0.768	0.148	0.148	0.150	0.151	0.142	0.147	0.142	0.145	0.144	0.151	0.142	0.145	0.144	0.147	0.144	0.160	0.142	0.145	0.146	0.143	0.143	0.150	0.149	0.146	0.151	0.150	0.146	0.151												
2:20:00													0.145	0.150	0.152	0.146	0.147	0.144	0.143	0.146	0.149	0.143	0.154	0.148	0.152	0.146	0.151	0.144	0.141	0.144	0.152	0.146	0.152	0.155	0.152	0.149	0.145	0.141	0.149	0.142	0.150	0.142	0.146	0.144	0.145	0.151	0.146	0.150	0.148	0.144	0.147	0.148	0.141	0.146	0.205	0.766	0.148	0.148	0.150	0.151	0.143	0.147	0.142	0.145	0.144	0.151	0.142	0.145	0.144	0.147	0.144	0.159	0.142	0.145	0.147	0.143	0.143	0.151	0.150	0.147	0.151	0.150	0.146	0.150												
2:40:00													0.146	0.151	0.152	0.147	0.147	0.143	0.143	0.146	0.149	0.143	0.154	0.148	0.152	0.146	0.151	0.144	0.141	0.144	0.152	0.147	0.152	0.155	0.152	0.149	0.146	0.141	0.149	0.142	0.150	0.142	0.146	0.144	0.145	0.151	0.147	0.150	0.148	0.144	0.147	0.148	0.142	0.146	0.211	0.761	0.147	0.148	0.150	0.151	0.143	0.147	0.142	0.145	0.144	0.151	0.142	0.145	0.144	0.147	0.144	0.160	0.142	0.145	0.147	0.143	0.143	0.150	0.150	0.146	0.151	0.150	0.146	0.150												
3:00:00													0.146	0.151	0.152	0.147	0.147	0.143	0.143	0.146	0.149	0.143	0.154	0.148	0.152	0.147	0.154	0.144	0.141	0.144	0.152	0.146	0.152	0.154	0.152	0.149	0.146	0.141	0.149	0.142	0.150	0.142	0.146	0.144	0.145	0.151	0.147	0.150	0.148	0.144	0.146	0.147	0.142	0.146	0.209	0.767	0.148	0.148	0.150	0.151	0.143	0.147	0.142	0.145	0.145	0.151	0.142	0.144	0.144	0.147	0.144	0.159	0.142	0.145	0.147	0.143	0.144	0.150	0.150	0.146	0.151	0.150	0.146	0.150												
3:20:00													0.146	0.150	0.152	0.147	0.147	0.144	0.144	0.146	0.150	0.143	0.154	0.148	0.152	0.147	0.154	0.144	0.141	0.144	0.152	0.147	0.153	0.154	0.152	0.149	0.146	0.141	0.149	0.142	0.150	0.141	0.147	0.144	0.146	0.151	0.147	0.150	0.149	0.144	0.146	0.147	0.142	0.146	0.213	0.764	0.147	0.148	0.150	0.151	0.143	0.147	0.142	0.145	0.145	0.151	0.142	0.145	0.144	0.147	0.144	0.159	0.143	0.145	0.146	0.143	0.144	0.150	0.151	0.146	0.151	0.149	0.146	0.150												
3:40:00													0.146	0.150	0.152	0.146	0.147	0.143	0.144	0.146	0.149	0.143	0.154	0.148	0.152	0.147	0.155	0.144	0.142	0.144	0.152	0.146	0.153	0.154	0.152	0.149	0.146	0.141	0.150	0.142	0.150	0.141	0.147	0.144	0.146	0.150	0.147	0.150	0.149	0.144	0.146	0.147	0.142	0.146	0.216	0.763	0.147	0.148	0.150	0.151	0.143	0.147	0.142	0.144	0.145	0.151	0.142	0.144	0.144	0.147	0.144	0.160	0.143	0.145	0.146	0.143	0.144	0.150	0.151	0.146	0.151	0.150	0.146	0.150												
4:00:00													0.147	0.150	0.152	0.146	0.148	0.143	0.144	0.146	0.150	0.143	0.155	0.148	0.153	0.146	0.156	0.144	0.142	0.144	0.153	0.146	0.153	0.154	0.153	0.149	0.146	0.141	0.150	0.142	0.150	0.142	0.147	0.143	0.147	0.150	0.147	0.150	0.149	0.144	0.146	0.147	0.143	0.146	0.218	0.765	0.147	0.148	0.150	0.151	0.144	0.147	0.142	0.144	0.145	0.151	0.142	0.145	0.144	0.147	0.144	0.159	0.143	0.145	0.146	0.143	0.144	0.150	0.151	0.146	0.151	0.149	0.146	0.150												
4:20:00													0.147	0.150	0.153	0.146	0.148	0.143	0.145	0.146	0.151	0.143	0.156	0.148	0.153	0.146	0.157	0.144	0.143	0.144	0.153	0.146	0.154	0.154	0.154	0.149	0.147	0.141	0.151	0.142	0.151	0.141	0.148	0.143	0.148	0.150	0.148	0.150	0.150	0.144	0.146	0.147	0.143	0.147	0.223	0.761	0.147	0.148	0.150	0.151	0.145	0.147	0.142	0.144	0.146	0.151	0.142	0.145	0.144	0.147	0.144	0.159	0.144	0.145	0.146	0.143	0.145	0.151	0.152	0.146	0.150	0.149	0.146	0.150												
4:40:00													0.148	0.151	0.153	0.147	0.150	0.143	0.146	0.147	0.152	0.143	0.156	0.148	0.155	0.146	0.156	0.145	0.144	0.143	0.154	0.147	0.154	0.155	0.154	0.148	0.148	0.141	0.151	0.142	0.151	0.141	0.149	0.144	0.149	0.149	0.150	0.149	0.151	0.143	0.146	0.147	0.144	0.149	0.236	0.709	0.147	0.148	0.150	0.151	0.145	0.148	0.142	0.145	0.147	0.151	0.142	0.145	0.144	0.147	0.145	0.159	0.144	0.146	0.147	0.143	0.146	0.150	0.151	0.146	0.150	0.149	0.146	0.150												
5:00:00													0.149	0.151	0.154	0.147	0.151	0.143	0.147	0.146	0.153	0.143	0.157	0.148	0.156	0.146	0.158	0.145	0.145	0.143	0.155	0.147	0.155	0.154	0.156	0.148	0.149	0.141	0.153	0.142	0.152	0.141	0.150	0.144	0.150	0.149	0.151	0.149	0.152	0.143	0.146	0.147	0.145	0.149	0.236	0.708	0.147	0.147	0.150	0.151	0.146	0.148	0.142	0.145	0.148	0.151	0.142	0.145	0.144	0.147	0.145	0.159	0.145	0.146	0.147	0.143	0.147	0.149	0.150	0.146	0.151	0.149	0.146	0.150												
5:20:00													0.151	0.151	0.156	0.147	0.152	0.143	0.148	0.146	0.154	0.143	0.159	0.148	0.158	0.146	0.160	0.145	0.147	0.143	0.157	0.146	0.157	0.154	0.158	0.148	0.151	0.141	0.154	0.142	0.154	0.141	0.152	0.144	0.152	0.149	0.152	0.149	0.154	0.143	0.146	0.147	0.147	0.149	0.237	0.709	0.147	0.148	0.150	0.151	0.148	0.148	0.142	0.145	0.150	0.151	0.142	0.145	0.144	0.147	0.145	0.159	0.147	0.146	0.147	0.143	0.149	0.150	0.151	0.146	0.150	0.149	0.146	0.150												
5:40:00													0.154	0.151	0.159	0.146	0.154	0.143	0.150	0.146	0.156	0.143	0.160	0.147	0.159	0.146	0.165	0.144	0.149	0.144	0.160	0.146	0.160	0.154	0.160	0.148	0.153	0.141	0.157	0.142	0.157	0.142	0.154	0.144	0.154	0.150	0.154	0.150	0.156	0.144	0.146	0.147	0.150	0.147	0.234	0.765	0.147	0.148	0.150	0.151	0.151	0.147	0.142	0.144	0.152	0.151	0.142	0.145	0.144	0.147	0.144	0.159	0.150	0.145	0.146	0.143	0.150	0.150	0.153	0.146	0.151	0.149	0.146	0.150												
6:00:00													0.156	0.151	0.161	0.147	0.157	0.143	0.153	0.146	0.159	0.143	0.164	0.147	0.163	0.146	0.166	0.144	0.152	0.143	0.162	0.146	0.162	0.154	0.163	0.148	0.156	0.141	0.160	0.142	0.159	0.141	0.156	0.144	0.158	0.149	0.158	0.149	0.159	0.143	0.146	0.147	0.153	0.150	0.246	0.706	0.147	0.147	0.150	0.151	0.153	0.148	0.142	0.145	0.155	0.151	0.142	0.145	0.144	0.148	0.145	0.159	0.153	0.146	0.147	0.143	0.153	0.149	0.151	0.146	0.150	0.149	0.146	0.150												
6:20:00													0.160	0.152	0.165	0.147	0.161	0.144	0.157	0.146	0.163	0.143	0.167	0.147	0.167	0.146	0.170	0.144	0.155	0.143	0.166	0.146	0.166	0.154	0.167	0.148	0.159	0.141	0.164	0.142	0.163	0.141	0.160	0.144	0.162	0.149	0.161	0.149	0.163	0.143	0.146	0.147	0.157	0.150	0.246	0.709	0.146	0.147	0.150	0.152	0.157	0.148	0.142	0.145	0.159	0.151	0.142	0.145	0.144	0.147	0.145	0.159	0.156	0.146	0.147	0.143	0.157	0.150	0.152	0.146	0.150	0.149	0.146	0.150												
6:40:00													0.164	0.152	0.169	0.147	0.165	0.144	0.161	0.146	0.167	0.143	0.172	0.147	0.171	0.146	0.175	0.144	0.160	0.143	0.171	0.146	0.171	0.154	0.172	0.148	0.164	0.142	0.169	0.142	0.168	0.142	0.165	0.144	0.168	0.149	0.166	0.149	0.168	0.144	0.146	0.147	0.162	0.150	0.249	0.710	0.146	0.147	0.149	0.152	0.162	0.148	0.142	0.145	0.164	0.151	0.142	0.145	0.144	0.148	0.145	0.160	0.161	0.146	0.147	0.144	0.161	0.150	0.151	0.146	0.150	0.149	0.146	0.150												
7:00:00													0.171	0.152	0.176	0.147	0.171	0.144	0.167	0.146	0.172	0.143	0.177	0.147	0.177	0.146	0.183	0.144	0.166	0.144	0.178	0.146	0.178	0.154	0.179	0.148	0.170	0.142	0.177	0.142	0.175	0.142	0.170	0.144	0.175	0.149	0.172	0.149	0.175	0.144	0.146	0.147	0.168	0.150	0.251	0.712	0.146	0.148	0.149	0.152	0.169	0.148	0.142	0.145	0.170	0.151	0.142	0.145	0.144	0.148	0.145	0.160	0.167	0.146	0.146	0.144	0.167	0.150	0.151	0.146	0.150	0.149	0.146	0.151												
7:20:00													0.179	0.152	0.185	0.146	0.179	0.144	0.175	0.146	0.180	0.143	0.186	0.147	0.185	0.147	0.193	0.144	0.174	0.144	0.186	0.146	0.187	0.154	0.189	0.148	0.177	0.143	0.187	0.142	0.184	0.142	0.178	0.143	0.185	0.149	0.181	0.149	0.184	0.145	0.146	0.147	0.177	0.149	0.247	0.768	0.146	0.148	0.150	0.152	0.177	0.149	0.142	0.145	0.179	0.151	0.142	0.145	0.144	0.148	0.144	0.160	0.176	0.146	0.146	0.145	0.174	0.151	0.153	0.146	0.150	0.149	0.146	0.150												
7:40:00													0.191	0.152	0.197	0.147	0.190	0.144	0.185	0.146	0.191	0.143	0.197	0.147	0.197	0.147	0.204	0.145	0.185	0.144	0.198	0.146	0.199	0.154	0.201	0.148	0.188	0.143	0.198	0.142	0.195	0.143	0.189	0.143	0.199	0.149	0.192	0.149	0.196	0.144	0.145	0.148	0.189	0.152	0.261	0.707	0.146	0.148	0.150	0.152	0.188	0.149	0.142	0.146	0.190	0.152	0.142	0.145	0.144	0.148	0.144	0.160	0.187	0.147	0.146	0.145	0.184	0.150	0.152	0.147	0.150	0.150	0.146	0.151												
8:00:00													0.204	0.153	0.213	0.146	0.203	0.144	0.199	0.146	0.205	0.143	0.211	0.147	0.209	0.148	0.224	0.144	0.199	0.145	0.212	0.146	0.215	0.154	0.216	0.148	0.202	0.143	0.217	0.142	0.210	0.143	0.203	0.143	0.216	0.149	0.207	0.149	0.213	0.145	0.146	0.147	0.205	0.149	0.249	0.769	0.146	0.149	0.150	0.152	0.203	0.148	0.142	0.147	0.205	0.152	0.142	0.146	0.144	0.149	0.144	0.161	0.202	0.146	0.145	0.146	0.197	0.151	0.151	0.147	0.150	0.152	0.146	0.152												
8:20:00													0.225	0.154	0.233	0.146	0.221	0.144	0.216	0.146	0.223	0.143	0.230	0.147	0.229	0.148	0.243	0.144	0.217	0.145	0.230	0.146	0.236	0.154	0.237	0.148	0.220	0.145	0.237	0.142	0.229	0.144	0.221	0.143	0.239	0.149	0.227	0.149	0.233	0.145	0.146	0.149	0.225	0.150	0.255	0.759	0.146	0.150	0.151	0.153	0.221	0.149	0.141	0.147	0.224	0.151	0.142	0.146	0.144	0.148	0.144	0.162	0.221	0.147	0.146	0.147	0.214	0.152	0.154	0.147	0.150	0.152	0.146	0.152												
8:40:00													0.248	0.154	0.258	0.146	0.243	0.145	0.238	0.146	0.245	0.143	0.254	0.147	0.252	0.149	0.269	0.144	0.239	0.146	0.253	0.146	0.262	0.154	0.261	0.148	0.244	0.146	0.263	0.142	0.252	0.145	0.243	0.143	0.266	0.149	0.251	0.149	0.259	0.144	0.146	0.150	0.249	0.149	0.255	0.768	0.146	0.149	0.151	0.152	0.244	0.149	0.142	0.148	0.247	0.152	0.142	0.146	0.144	0.150	0.144	0.162	0.246	0.147	0.146	0.147	0.236	0.153	0.154	0.147	0.150	0.152	0.146	0.153												
9:00:00													0.276	0.153	0.283	0.147	0.265	0.145	0.260	0.146	0.273	0.143	0.279	0.147	0.277	0.148	0.294	0.144	0.262	0.146	0.275	0.146	0.292	0.154	0.287	0.148	0.270	0.146	0.287	0.142	0.276	0.144	0.265	0.144	0.297	0.148	0.277	0.149	0.282	0.144	0.145	0.151	0.274	0.152	0.263	0.714	0.146	0.152	0.150	0.153	0.270	0.151	0.142	0.148	0.272	0.153	0.142	0.147	0.144	0.152	0.145	0.159	0.272	0.148	0.146	0.147	0.259	0.152	0.152	0.148	0.150	0.151	0.145	0.154												
9:20:00													0.305	0.153	0.311	0.147	0.292	0.146	0.285	0.146	0.301	0.143	0.306	0.147	0.307	0.148	0.321	0.144	0.289	0.146	0.301	0.146	0.322	0.154	0.314	0.148	0.302	0.147	0.316	0.142	0.303	0.144	0.291	0.144	0.329	0.148	0.304	0.149	0.313	0.146	0.145	0.150	0.304	0.153	0.266	0.713	0.146	0.153	0.150	0.156	0.300	0.152	0.142	0.147	0.299	0.152	0.142	0.147	0.144	0.153	0.145	0.162	0.300	0.150	0.146	0.148	0.286	0.152	0.152	0.149	0.150	0.154	0.146	0.152												
9:40:00													0.338	0.157	0.344	0.146	0.322	0.147	0.315	0.146	0.333	0.143	0.343	0.147	0.340	0.150	0.359	0.144	0.320	0.148	0.332	0.146	0.359	0.154	0.346	0.148	0.339	0.148	0.351	0.142	0.332	0.145	0.322	0.144	0.362	0.148	0.337	0.149	0.350	0.144	0.146	0.150	0.341	0.148	0.258	0.769	0.146	0.154	0.150	0.155	0.334	0.153	0.142	0.149	0.330	0.155	0.142	0.148	0.144	0.154	0.145	0.161	0.334	0.150	0.146	0.151	0.315	0.154	0.154	0.148	0.150	0.155	0.146	0.155												
10:00:01													0.376	0.155	0.373	0.147	0.355	0.147	0.349	0.146	0.367	0.143	0.373	0.147	0.377	0.147	0.384	0.144	0.355	0.148	0.366	0.146	0.391	0.154	0.375	0.148	0.378	0.149	0.378	0.142	0.365	0.145	0.354	0.144	0.392	0.148	0.367	0.148	0.382	0.144	0.145	0.153	0.374	0.152	0.268	0.711	0.146	0.155	0.149	0.156	0.371	0.154	0.142	0.151	0.363	0.154	0.142	0.149	0.144	0.156	0.145	0.161	0.370	0.150	0.146	0.152	0.351	0.154	0.152	0.149	0.150	0.156	0.145	0.156												
10:20:01													0.385	0.159	0.384	0.147	0.369	0.148	0.368	0.146	0.383	0.143	0.395	0.147	0.392	0.148	0.394	0.144	0.373	0.148	0.382	0.146	0.408	0.154	0.398	0.148	0.396	0.150	0.388	0.142	0.381	0.145	0.370	0.144	0.404	0.148	0.388	0.148	0.394	0.147	0.145	0.153	0.390	0.151	0.269	0.722	0.146	0.155	0.150	0.157	0.385	0.156	0.142	0.152	0.382	0.155	0.142	0.149	0.144	0.157	0.145	0.163	0.384	0.153	0.146	0.153	0.374	0.154	0.152	0.150	0.150	0.157	0.145	0.158												
10:40:01													0.391	0.158	0.392	0.147	0.378	0.149	0.378	0.146	0.391	0.143	0.406	0.147	0.400	0.151	0.401	0.144	0.383	0.150	0.391	0.146	0.419	0.154	0.409	0.148	0.405	0.153	0.397	0.142	0.390	0.146	0.380	0.144	0.409	0.148	0.398	0.148	0.398	0.146	0.145	0.152	0.399	0.151	0.271	0.722	0.146	0.159	0.150	0.158	0.391	0.155	0.142	0.154	0.393	0.155	0.142	0.148	0.144	0.159	0.145	0.165	0.397	0.153	0.146	0.155	0.387	0.155	0.152	0.151	0.150	0.159	0.145	0.159												
11:00:01													0.394	0.160	0.399	0.147	0.383	0.151	0.383	0.146	0.395	0.143	0.413	0.147	0.406	0.154	0.406	0.144	0.390	0.151	0.394	0.146	0.426	0.155	0.414	0.148	0.410	0.156	0.403	0.141	0.396	0.149	0.386	0.144	0.416	0.148	0.404	0.149	0.403	0.148	0.146	0.154	0.407	0.149	0.252	0.730	0.146	0.162	0.148	0.160	0.395	0.160	0.142	0.157	0.398	0.155	0.143	0.152	0.144	0.161	0.144	0.164	0.401	0.157	0.146	0.157	0.394	0.156	0.148	0.151	0.150	0.160	0.146	0.164												
11:20:01													0.396	0.164	0.403	0.147	0.389	0.151	0.386	0.146	0.401	0.143	0.420	0.147	0.409	0.160	0.407	0.144	0.394	0.152	0.399	0.146	0.433	0.154	0.421	0.147	0.408	0.161	0.405	0.142	0.401	0.149	0.394	0.144	0.423	0.148	0.410	0.148	0.402	0.151	0.145	0.159	0.413	0.151	0.274	0.730	0.146	0.167	0.149	0.164	0.396	0.165	0.142	0.157	0.402	0.156	0.142	0.151	0.144	0.165	0.145	0.170	0.408	0.160	0.146	0.160	0.398	0.158	0.152	0.153	0.150	0.163	0.145	0.166												
11:40:01													0.398	0.169	0.408	0.147	0.393	0.153	0.391	0.146	0.409	0.143	0.424	0.147	0.413	0.166	0.411	0.144	0.401	0.154	0.403	0.146	0.437	0.154	0.428	0.147	0.407	0.173	0.410	0.142	0.406	0.151	0.402	0.144	0.429	0.148	0.421	0.148	0.404	0.157	0.145	0.166	0.416	0.151	0.275	0.732	0.146	0.174	0.149	0.170	0.399	0.174	0.142	0.159	0.406	0.154	0.142	0.153	0.145	0.171	0.145	0.178	0.415	0.167	0.146	0.164	0.404	0.161	0.152	0.154	0.150	0.172	0.145	0.168												
12:00:01													0.399	0.185	0.413	0.147	0.396	0.155	0.397	0.146	0.414	0.143	0.430	0.147	0.417	0.175	0.414	0.144	0.405	0.157	0.407	0.146	0.442	0.154	0.435	0.147	0.406	0.209	0.415	0.142	0.411	0.153	0.408	0.144	0.441	0.148	0.425	0.148	0.405	0.164	0.145	0.183	0.422	0.151	0.275	0.738	0.145	0.202	0.149	0.178	0.403	0.209	0.142	0.173	0.412	0.157	0.142	0.155	0.144	0.184	0.145	0.189	0.420	0.182	0.146	0.173	0.408	0.163	0.152	0.156	0.150	0.187	0.145	0.172												
12:20:01													0.402	0.213	0.416	0.147	0.399	0.164	0.396	0.146	0.421	0.143	0.438	0.147	0.419	0.210	0.418	0.144	0.412	0.162	0.412	0.146	0.448	0.154	0.441	0.147	0.406	0.215	0.419	0.142	0.417	0.158	0.415	0.144	0.444	0.148	0.433	0.148	0.408	0.189	0.145	0.216	0.429	0.152	0.275	0.752	0.145	0.209	0.149	0.206	0.407	0.219	0.142	0.205	0.417	0.164	0.142	0.157	0.144	0.205	0.145	0.218	0.423	0.210	0.146	0.200	0.413	0.168	0.151	0.159	0.150	0.204	0.145	0.184												
12:40:01													0.404	0.227	0.419	0.146	0.401	0.185	0.401	0.146	0.425	0.143	0.443	0.147	0.419	0.219	0.421	0.144	0.417	0.180	0.419	0.146	0.453	0.154	0.449	0.148	0.408	0.224	0.424	0.142	0.423	0.174	0.427	0.144	0.450	0.148	0.444	0.149	0.410	0.204	0.145	0.216	0.433	0.159	0.268	0.799	0.146	0.194	0.149	0.215	0.411	0.225	0.142	0.215	0.422	0.171	0.142	0.168	0.144	0.209	0.145	0.218	0.427	0.219	0.145	0.219	0.416	0.179	0.153	0.165	0.150	0.203	0.145	0.216												
13:00:01													0.405	0.237	0.423	0.147	0.404	0.204	0.404	0.146	0.428	0.143	0.446	0.147	0.422	0.223	0.426	0.144	0.423	0.203	0.425	0.146	0.454	0.154	0.455	0.147	0.410	0.235	0.429	0.142	0.433	0.202	0.441	0.144	0.457	0.148	0.452	0.148	0.413	0.205	0.145	0.219	0.440	0.172	0.275	0.770	0.145	0.197	0.148	0.214	0.414	0.234	0.142	0.228	0.430	0.201	0.142	0.196	0.144	0.212	0.145	0.224	0.430	0.228	0.146	0.228	0.420	0.206	0.152	0.174	0.150	0.205	0.145	0.221												
13:20:01													0.406	0.250	0.427	0.147	0.407	0.210	0.409	0.146	0.432	0.143	0.451	0.147	0.424	0.232	0.429	0.144	0.428	0.207	0.429	0.146	0.459	0.154	0.459	0.147	0.411	0.241	0.436	0.142	0.441	0.205	0.453	0.144	0.464	0.148	0.461	0.148	0.414	0.213	0.145	0.221	0.447	0.199	0.275	0.794	0.145	0.210	0.148	0.216	0.416	0.249	0.142	0.246	0.436	0.214	0.142	0.212	0.145	0.222	0.145	0.222	0.431	0.236	0.146	0.243	0.423	0.208	0.151	0.199	0.149	0.218	0.145	0.222												
13:40:01													0.408	0.262	0.430	0.147	0.409	0.218	0.410	0.146	0.436	0.143	0.455	0.147	0.426	0.248	0.433	0.144	0.433	0.210	0.435	0.146	0.463	0.154	0.464	0.147	0.414	0.250	0.442	0.142	0.450	0.210	0.462	0.144	0.473	0.148	0.471	0.148	0.416	0.233	0.145	0.235	0.452	0.192	0.273	0.791	0.145	0.229	0.148	0.232	0.418	0.255	0.142	0.259	0.444	0.220	0.142	0.215	0.145	0.247	0.145	0.229	0.433	0.241	0.146	0.255	0.428	0.213	0.151	0.211	0.149	0.234	0.145	0.244												
14:00:01													0.411	0.275	0.433	0.147	0.410	0.231	0.411	0.146	0.440	0.144	0.459	0.147	0.429	0.262	0.435	0.144	0.440	0.219	0.439	0.146	0.469	0.154	0.470	0.147	0.416	0.276	0.449	0.142	0.458	0.217	0.472	0.144	0.482	0.148	0.480	0.148	0.418	0.237	0.145	0.253	0.458	0.192	0.272	0.799	0.145	0.251	0.148	0.262	0.420	0.267	0.142	0.265	0.451	0.231	0.142	0.222	0.144	0.277	0.145	0.245	0.436	0.249	0.146	0.264	0.430	0.220	0.151	0.219	0.149	0.255	0.145	0.260												
14:20:01													0.412	0.298	0.434	0.147	0.410	0.243	0.414	0.146	0.442	0.143	0.463	0.147	0.431	0.272	0.438	0.144	0.445	0.230	0.444	0.146	0.472	0.155	0.476	0.147	0.418	0.303	0.455	0.142	0.463	0.226	0.478	0.144	0.491	0.148	0.489	0.148	0.420	0.252	0.145	0.270	0.464	0.195	0.268	0.801	0.145	0.271	0.148	0.281	0.421	0.292	0.142	0.278	0.457	0.238	0.142	0.230	0.145	0.309	0.145	0.260	0.436	0.270	0.146	0.285	0.432	0.232	0.151	0.230	0.149	0.278	0.145	0.278												
14:40:01													0.414	0.327	0.437	0.147	0.412	0.253	0.417	0.146	0.445	0.143	0.466	0.147	0.433	0.296	0.440	0.144	0.450	0.246	0.449	0.146	0.474	0.154	0.483	0.147	0.421	0.333	0.463	0.142	0.469	0.236	0.482	0.144	0.500	0.148	0.497	0.148	0.422	0.274	0.145	0.288	0.470	0.204	0.269	0.805	0.145	0.296	0.148	0.304	0.421	0.315	0.142	0.297	0.464	0.244	0.142	0.239	0.145	0.338	0.145	0.275	0.437	0.289	0.146	0.310	0.436	0.249	0.151	0.239	0.149	0.303	0.145	0.313												
15:00:01													0.416	0.356	0.440	0.147	0.413	0.261	0.419	0.146	0.448	0.144	0.471	0.147	0.435	0.323	0.444	0.144	0.454	0.269	0.455	0.145	0.479	0.155	0.489	0.147	0.423	0.365	0.470	0.142	0.474	0.246	0.487	0.144	0.509	0.148	0.505	0.147	0.423	0.291	0.145	0.318	0.474	0.217	0.262	0.816	0.145	0.323	0.148	0.332	0.422	0.342	0.142	0.313	0.471	0.252	0.142	0.252	0.145	0.369	0.145	0.301	0.438	0.310	0.146	0.341	0.440	0.268	0.150	0.251	0.149	0.330	0.145	0.343												
15:20:01													0.419	0.383	0.443	0.147	0.415	0.277	0.421	0.146	0.452	0.143	0.476	0.148	0.437	0.346	0.447	0.144	0.458	0.288	0.459	0.145	0.484	0.154	0.496	0.147	0.425	0.397	0.480	0.142	0.480	0.263	0.492	0.144	0.516	0.147	0.514	0.147	0.425	0.311	0.145	0.339	0.479	0.234	0.259	0.824	0.145	0.354	0.147	0.363	0.423	0.373	0.142	0.341	0.480	0.263	0.142	0.271	0.145	0.412	0.145	0.323	0.440	0.328	0.146	0.374	0.446	0.292	0.149	0.268	0.149	0.355	0.145	0.365												
15:40:01													0.420	0.417	0.446	0.147	0.417	0.299	0.424	0.146	0.455	0.144	0.480	0.147	0.440	0.377	0.451	0.144	0.463	0.314	0.464	0.146	0.490	0.155	0.501	0.147	0.427	0.418	0.487	0.142	0.485	0.281	0.498	0.144	0.522	0.147	0.521	0.148	0.426	0.330	0.145	0.360	0.483	0.249	0.257	0.830	0.145	0.388	0.147	0.388	0.424	0.405	0.142	0.369	0.483	0.275	0.142	0.289	0.145	0.450	0.145	0.344	0.442	0.354	0.146	0.403	0.451	0.316	0.149	0.292	0.149	0.385	0.145	0.390												
16:00:01													0.422	0.445	0.449	0.147	0.419	0.326	0.428	0.146	0.458	0.144	0.484	0.148	0.443	0.410	0.455	0.145	0.468	0.342	0.470	0.146	0.496	0.155	0.509	0.147	0.431	0.453	0.496	0.142	0.491	0.306	0.503	0.144	0.528	0.147	0.529	0.147	0.429	0.349	0.145	0.376	0.488	0.267	0.251	0.842	0.145	0.416	0.147	0.420	0.425	0.426	0.142	0.392	0.490	0.289	0.142	0.309	0.145	0.491	0.145	0.363	0.444	0.379	0.146	0.437	0.458	0.341	0.149	0.318	0.149	0.414	0.145	0.417												
16:20:01													0.425	0.469	0.452	0.147	0.421	0.350	0.430	0.146	0.463	0.144	0.489	0.148	0.447	0.434	0.459	0.145	0.472	0.374	0.477	0.146	0.501	0.155	0.515	0.147	0.432	0.481	0.504	0.142	0.496	0.327	0.508	0.144	0.536	0.147	0.538	0.147	0.430	0.364	0.145	0.400	0.493	0.290	0.246	0.850	0.145	0.446	0.147	0.448	0.426	0.456	0.142	0.419	0.498	0.310	0.142	0.336	0.145	0.539	0.145	0.389	0.447	0.403	0.146	0.471	0.465	0.366	0.148	0.344	0.149	0.443	0.145	0.445												
16:40:01													0.427	0.500	0.455	0.147	0.424	0.374	0.432	0.146	0.466	0.144	0.493	0.148	0.450	0.462	0.464	0.144	0.477	0.401	0.484	0.146	0.507	0.155	0.521	0.147	0.434	0.509	0.514	0.142	0.501	0.348	0.515	0.144	0.543	0.148	0.545	0.147	0.431	0.382	0.145	0.422	0.496	0.313	0.243	0.857	0.145	0.479	0.147	0.482	0.427	0.491	0.142	0.440	0.506	0.331	0.142	0.370	0.145	0.568	0.145	0.420	0.448	0.419	0.146	0.503	0.473	0.395	0.147	0.372	0.149	0.474	0.145	0.466												
17:00:01													0.430	0.528	0.459	0.147	0.425	0.393	0.435	0.146	0.470	0.144	0.497	0.148	0.454	0.490	0.469	0.145	0.481	0.424	0.491	0.146	0.514	0.155	0.529	0.147	0.438	0.535	0.527	0.142	0.508	0.366	0.523	0.144	0.550	0.147	0.553	0.147	0.433	0.407	0.145	0.451	0.500	0.334	0.240	0.866	0.145	0.510	0.147	0.517	0.429	0.516	0.142	0.468	0.515	0.353	0.142	0.398	0.145	0.608	0.145	0.451	0.451	0.443	0.146	0.537	0.483	0.423	0.147	0.400	0.149	0.493	0.145	0.497												
17:20:01													0.433	0.550	0.464	0.147	0.428	0.413	0.439	0.146	0.473	0.144	0.501	0.148	0.457	0.515	0.475	0.145	0.487	0.452	0.500	0.145	0.520	0.155	0.537	0.147	0.441	0.554	0.540	0.142	0.515	0.390	0.532	0.144	0.557	0.147	0.560	0.147	0.434	0.425	0.145	0.483	0.506	0.357	0.236	0.875	0.145	0.538	0.147	0.552	0.430	0.541	0.142	0.501	0.525	0.377	0.142	0.426	0.145	0.646	0.145	0.481	0.454	0.469	0.146	0.568	0.494	0.456	0.147	0.422	0.149	0.532	0.145	0.535												
17:40:01													0.436	0.568	0.468	0.147	0.430	0.440	0.441	0.146	0.477	0.144	0.505	0.148	0.460	0.539	0.481	0.145	0.492	0.479	0.507	0.145	0.526	0.155	0.545	0.147	0.444	0.582	0.550	0.142	0.522	0.414	0.540	0.144	0.563	0.147	0.567	0.147	0.437	0.448	0.145	0.513	0.512	0.380	0.233	0.884	0.145	0.573	0.147	0.584	0.432	0.567	0.142	0.530	0.537	0.399	0.142	0.457	0.145	0.674	0.145	0.517	0.457	0.491	0.146	0.594	0.505	0.488	0.147	0.456	0.149	0.556	0.145	0.576												
18:00:01													0.439	0.592	0.473	0.147	0.433	0.466	0.444	0.146	0.480	0.144	0.509	0.148	0.465	0.564	0.489	0.145	0.499	0.506	0.515	0.145	0.533	0.155	0.553	0.147	0.449	0.615	0.560	0.142	0.530	0.427	0.547	0.144	0.569	0.147	0.573	0.147	0.440	0.476	0.145	0.549	0.519	0.401	0.229	0.894	0.145	0.608	0.147	0.624	0.434	0.595	0.142	0.556	0.547	0.432	0.142	0.486	0.145	0.722	0.145	0.552	0.459	0.513	0.146	0.618	0.518	0.515	0.147	0.491	0.149	0.572	0.145	0.600												
18:20:01													0.443	0.615	0.478	0.147	0.435	0.493	0.446	0.146	0.485	0.144	0.513	0.148	0.470	0.592	0.497	0.145	0.506	0.530	0.523	0.145	0.540	0.155	0.562	0.147	0.453	0.624	0.571	0.142	0.537	0.450	0.553	0.144	0.575	0.147	0.582	0.147	0.442	0.502	0.145	0.581	0.527	0.427	0.227	0.905	0.145	0.644	0.147	0.655	0.436	0.610	0.142	0.590	0.556	0.455	0.142	0.519	0.145	0.731	0.145	0.591	0.462	0.548	0.146	0.650	0.530	0.538	0.146	0.521	0.149	0.595	0.145	0.634												
18:40:01													0.446	0.634	0.484	0.147	0.438	0.514	0.451	0.146	0.488	0.144	0.518	0.148	0.474	0.623	0.506	0.145	0.513	0.557	0.530	0.145	0.548	0.155	0.572	0.147	0.458	0.657	0.580	0.142	0.544	0.476	0.559	0.144	0.580	0.147	0.589	0.147	0.445	0.536	0.145	0.616	0.534	0.450	0.224	0.917	0.145	0.671	0.147	0.679	0.438	0.652	0.142	0.617	0.564	0.478	0.142	0.550	0.145	0.741	0.145	0.659	0.464	0.583	0.146	0.681	0.543	0.561	0.146	0.549	0.149	0.630	0.145	0.685												
19:00:01													0.450	0.667	0.491	0.147	0.441	0.537	0.454	0.146	0.493	0.144	0.523	0.148	0.479	0.653	0.514	0.145	0.521	0.590	0.537	0.145	0.556	0.155	0.582	0.147	0.464	0.686	0.589	0.142	0.551	0.502	0.565	0.144	0.587	0.147	0.597	0.147	0.447	0.597	0.145	0.641	0.541	0.474	0.222	0.931	0.145	0.712	0.147	0.723	0.441	0.685	0.142	0.660	0.573	0.503	0.142	0.588	0.145	0.770	0.145	0.700	0.466	0.611	0.146	0.693	0.554	0.581	0.146	0.582	0.149	0.688	0.145	0.716												
19:20:01													0.454	0.717	0.498	0.147	0.444	0.563	0.452	0.146	0.498	0.144	0.527	0.147	0.485	0.689	0.524	0.145	0.530	0.609	0.544	0.145	0.565	0.155	0.594	0.147	0.470	0.730	0.598	0.142	0.558	0.530	0.570	0.144	0.593	0.147	0.605	0.147	0.451	0.641	0.145	0.664	0.548	0.496	0.218	0.944	0.145	0.745	0.147	0.770	0.444	0.716	0.142	0.697	0.582	0.528	0.142	0.616	0.145	0.803	0.145	0.737	0.469	0.681	0.146	0.696	0.566	0.597	0.146	0.607	0.149	0.717	0.145	0.754												
19:40:01													0.458	0.775	0.506	0.147	0.448	0.594	0.458	0.146	0.504	0.144	0.533	0.148	0.491	0.721	0.533	0.145	0.539	0.630	0.551	0.145	0.574	0.155	0.604	0.147	0.477	0.771	0.607	0.142	0.566	0.567	0.576	0.144	0.600	0.147	0.613	0.147	0.454	0.674	0.145	0.705	0.555	0.531	0.216	0.962	0.145	0.771	0.147	0.794	0.447	0.747	0.142	0.729	0.590	0.557	0.142	0.644	0.145	0.825	0.145	0.770	0.471	0.739	0.146	0.723	0.578	0.610	0.146	0.638	0.149	0.756	0.145	0.791												
20:00:01													0.462	0.828	0.516	0.147	0.453	0.629	0.465	0.146	0.509	0.144	0.538	0.148	0.496	0.754	0.542	0.145	0.547	0.667	0.559	0.145	0.583	0.155	0.615	0.147	0.485	0.793	0.615	0.142	0.573	0.609	0.581	0.144	0.607	0.147	0.621	0.147	0.458	0.707	0.145	0.746	0.561	0.567	0.212	0.984	0.145	0.807	0.147	0.825	0.451	0.766	0.142	0.767	0.597	0.606	0.142	0.669	0.145	0.861	0.145	0.803	0.474	0.771	0.146	0.750	0.588	0.632	0.146	0.648	0.149	0.801	0.145	0.818												
20:20:01													0.467	0.869	0.527	0.147	0.458	0.656	0.478	0.146	0.515	0.144	0.545	0.147	0.503	0.775	0.552	0.145	0.556	0.691	0.565	0.145	0.591	0.155	0.626	0.147	0.494	0.825	0.622	0.142	0.580	0.665	0.585	0.144	0.616	0.147	0.627	0.147	0.464	0.713	0.145	0.783	0.567	0.591	0.210	1.016	0.145	0.826	0.147	0.856	0.455	0.780	0.142	0.799	0.605	0.636	0.142	0.691	0.145	0.883	0.145	0.835	0.477	0.820	0.146	0.777	0.598	0.675	0.146	0.657	0.149	0.845	0.145	0.837												
20:40:01													0.470	0.894	0.539	0.147	0.465	0.685	0.491	0.146	0.524	0.144	0.551	0.148	0.509	0.798	0.563	0.145	0.565	0.736	0.578	0.145	0.600	0.155	0.636	0.147	0.505	0.831	0.630	0.142	0.585	0.698	0.591	0.144	0.624	0.147	0.635	0.147	0.470	0.756	0.145	0.808	0.573	0.628	0.210	1.037	0.145	0.847	0.147	0.881	0.459	0.800	0.142	0.833	0.610	0.665	0.142	0.733	0.145	0.914	0.145	0.864	0.480	0.828	0.146	0.814	0.608	0.709	0.146	0.677	0.149	0.865	0.145	0.863												
21:00:01													0.483	0.916	0.559	0.147	0.478	0.713	0.503	0.145	0.533	0.144	0.558	0.147	0.528	0.831	0.583	0.144	0.577	0.755	0.586	0.145	0.606	0.155	0.638	0.147	0.529	0.864	0.643	0.141	0.597	0.734	0.596	0.144	0.632	0.146	0.637	0.147	0.486	0.781	0.145	0.833	0.583	0.665	0.193	1.057	0.145	0.869	0.146	0.903	0.471	0.821	0.142	0.873	0.617	0.688	0.142	0.763	0.145	0.940	0.144	0.883	0.486	0.856	0.146	0.853	0.617	0.748	0.146	0.716	0.149	0.900	0.145	0.892												
21:20:01													0.481	0.938	0.566	0.147	0.480	0.744	0.508	0.146	0.545	0.144	0.566	0.147	0.526	0.860	0.584	0.145	0.581	0.772	0.593	0.145	0.616	0.155	0.655	0.147	0.530	0.904	0.645	0.142	0.598	0.761	0.601	0.144	0.640	0.147	0.650	0.147	0.487	0.823	0.144	0.850	0.585	0.699	0.205	1.080	0.145	0.891	0.147	0.926	0.470	0.857	0.142	0.890	0.620	0.715	0.142	0.781	0.145	0.960	0.145	0.907	0.488	0.886	0.145	0.870	0.628	0.772	0.146	0.758	0.149	0.920	0.145	0.913												
21:40:01													0.494	0.952	0.588	0.147	0.495	0.764	0.517	0.145	0.555	0.144	0.572	0.147	0.547	0.869	0.606	0.144	0.592	0.788	0.599	0.145	0.622	0.155	0.656	0.147	0.555	0.931	0.657	0.141	0.609	0.787	0.606	0.144	0.645	0.146	0.651	0.147	0.507	0.839	0.145	0.875	0.594	0.726	0.191	1.096	0.145	0.912	0.146	0.938	0.484	0.875	0.143	0.907	0.625	0.744	0.142	0.807	0.145	0.975	0.144	0.927	0.495	0.886	0.146	0.896	0.635	0.790	0.146	0.784	0.149	0.930	0.145	0.922												
22:00:01													0.492	0.966	0.593	0.147	0.497	0.782	0.525	0.146	0.569	0.144	0.581	0.147	0.544	0.888	0.606	0.145	0.596	0.806	0.606	0.145	0.632	0.155	0.673	0.147	0.553	0.949	0.658	0.142	0.609	0.802	0.610	0.144	0.652	0.147	0.662	0.147	0.505	0.854	0.144	0.894	0.596	0.757	0.203	1.116	0.145	0.945	0.147	0.958	0.480	0.895	0.142	0.923	0.629	0.767	0.142	0.834	0.145	0.995	0.145	0.951	0.496	0.870	0.146	0.897	0.646	0.804	0.146	0.808	0.149	0.957	0.145	0.936												
22:20:01													0.497	0.982	0.608	0.146	0.505	0.799	0.535	0.145	0.581	0.144	0.590	0.147	0.552	0.902	0.616	0.145	0.603	0.812	0.611	0.145	0.639	0.155	0.682	0.146	0.560	0.957	0.664	0.142	0.614	0.824	0.616	0.144	0.657	0.147	0.667	0.147	0.513	0.861	0.144	0.912	0.602	0.776	0.202	1.129	0.145	0.976	0.146	0.971	0.485	0.910	0.142	0.946	0.633	0.786	0.142	0.857	0.145	1.022	0.145	0.969	0.501	0.884	0.145	0.915	0.655	0.812	0.146	0.828	0.148	0.959	0.145	0.948												
22:40:01													0.506	0.996	0.620	0.147	0.513	0.808	0.545	0.145	0.592	0.144	0.601	0.147	0.562	0.914	0.625	0.145	0.611	0.826	0.618	0.146	0.647	0.155	0.691	0.147	0.569	0.971	0.672	0.142	0.620	0.847	0.622	0.144	0.663	0.147	0.674	0.147	0.523	0.874	0.144	0.921	0.607	0.794	0.201	1.141	0.145	1.002	0.147	0.984	0.490	0.921	0.142	0.958	0.637	0.800	0.142	0.911	0.145	1.025	0.145	0.987	0.505	0.887	0.145	0.930	0.663	0.842	0.146	0.855	0.148	0.979	0.145	0.962												
23:00:01													0.514	1.006	0.633	0.147	0.520	0.815	0.555	0.145	0.603	0.144	0.611	0.148	0.572	0.919	0.634	0.145	0.617	0.846	0.624	0.146	0.654	0.155	0.700	0.147	0.573	0.981	0.677	0.142	0.624	0.861	0.627	0.144	0.667	0.147	0.678	0.147	0.531	0.882	0.145	0.933	0.613	0.809	0.201	1.147	0.145	1.008	0.147	0.995	0.493	0.937	0.142	0.973	0.642	0.816	0.142	0.924	0.145	1.030	0.145	1.002	0.509	0.903	0.145	0.943	0.671	0.850	0.146	0.861	0.148	0.992	0.145	0.976												
23:20:01													0.528	1.017	0.643	0.147	0.527	0.827	0.565	0.146	0.614	0.144	0.623	0.148	0.584	0.934	0.643	0.145	0.622	0.854	0.630	0.146	0.660	0.155	0.709	0.147	0.581	0.994	0.684	0.142	0.629	0.870	0.631	0.144	0.672	0.146	0.684	0.147	0.541	0.884	0.145	0.943	0.618	0.828	0.201	1.156	0.145	1.013	0.147	1.000	0.499	0.943	0.142	0.985	0.647	0.828	0.142	0.931	0.145	1.036	0.145	1.019	0.513	0.912	0.145	0.957	0.678	0.861	0.146	0.871	0.148	1.011	0.145	1.004												
23:40:01													0.540	1.032	0.654	0.147	0.532	0.835	0.576	0.145	0.624	0.144	0.636	0.147	0.596	0.950	0.651	0.144	0.627	0.867	0.637	0.145	0.667	0.155	0.717	0.146	0.588	1.001	0.690	0.142	0.633	0.886	0.637	0.144	0.678	0.146	0.690	0.147	0.548	0.893	0.145	0.955	0.624	0.846	0.199	1.164	0.145	1.020	0.146	1.001	0.503	0.965	0.142	0.995	0.652	0.837	0.142	0.946	0.145	1.067	0.145	1.030	0.517	0.929	0.145	0.972	0.686	0.873	0.146	0.883	0.148	1.029	0.145	1.031												
24:00:01													0.557	1.045	0.663	0.146	0.539	0.852	0.586	0.145	0.634	0.144	0.650	0.147	0.609	0.964	0.661	0.144	0.632	0.877	0.643	0.145	0.672	0.155	0.724	0.146	0.596	1.011	0.696	0.142	0.638	0.894	0.642	0.144	0.681	0.146	0.694	0.147	0.556	0.898	0.144	0.965	0.629	0.859	0.198	1.168	0.145	1.027	0.146	1.012	0.510	0.970	0.142	1.002	0.656	0.855	0.142	0.956	0.145	1.068	0.144	1.041	0.521	0.913	0.146	0.980	0.693	0.891	0.146	0.894	0.148	1.038	0.145	1.054												
24:20:01													0.580	1.061	0.673	0.146	0.545	0.871	0.596	0.145	0.644	0.144	0.665	0.147	0.621	0.979	0.668	0.144	0.636	0.890	0.649	0.145	0.679	0.155	0.732	0.146	0.601	1.024	0.702	0.141	0.643	0.901	0.648	0.144	0.686	0.146	0.699	0.147	0.566	0.907	0.144	0.974	0.633	0.872	0.198	1.174	0.145	1.030	0.146	1.009	0.518	0.982	0.142	1.015	0.661	0.869	0.142	0.955	0.144	1.086	0.144	1.050	0.531	0.936	0.145	0.992	0.700	0.914	0.146	0.902	0.148	1.046	0.144	1.077												
24:40:01													0.595	1.081	0.682	0.147	0.551	0.890	0.606	0.145	0.654	0.144	0.681	0.147	0.632	0.994	0.675	0.145	0.641	0.907	0.655	0.145	0.685	0.155	0.739	0.146	0.605	1.032	0.707	0.142	0.648	0.915	0.652	0.144	0.690	0.146	0.704	0.147	0.573	0.914	0.144	0.980	0.637	0.882	0.196	1.172	0.145	1.039	0.146	1.017	0.523	0.993	0.142	1.018	0.667	0.883	0.142	0.966	0.144	1.101	0.144	1.057	0.538	0.941	0.145	1.002	0.707	0.931	0.146	0.936	0.148	1.063	0.145	1.090												
25:00:01													0.613	1.083	0.690	0.147	0.555	0.908	0.616	0.145	0.664	0.144	0.698	0.147	0.639	0.997	0.682	0.145	0.645	0.919	0.661	0.145	0.691	0.155	0.745	0.146	0.611	1.039	0.713	0.142	0.652	0.930	0.657	0.144	0.695	0.146	0.709	0.146	0.582	0.924	0.144	0.989	0.640	0.895	0.195	1.175	0.145	1.047	0.146	1.025	0.530	1.001	0.142	1.032	0.673	0.891	0.142	0.978	0.145	1.117	0.145	1.064	0.549	0.945	0.145	1.004	0.715	0.937	0.146	0.933	0.148	1.086	0.145	1.124												
25:20:01													0.625	1.093	0.698	0.147	0.563	0.923	0.624	0.145	0.673	0.144	0.713	0.147	0.650	1.012	0.689	0.145	0.649	0.937	0.668	0.145	0.697	0.155	0.751	0.146	0.619	1.046	0.719	0.141	0.656	0.944	0.662	0.144	0.700	0.146	0.714	0.147	0.590	0.935	0.145	1.004	0.644	0.908	0.192	1.177	0.144	1.054	0.146	1.032	0.540	1.010	0.142	1.039	0.678	0.910	0.142	0.981	0.144	1.130	0.144	1.072	0.564	0.956	0.145	1.010	0.722	0.950	0.146	0.938	0.148	1.103	0.145	1.146												
25:40:01													0.628	1.107	0.706	0.146	0.573	0.938	0.634	0.145	0.683	0.144	0.728	0.147	0.659	1.017	0.696	0.144	0.654	0.954	0.675	0.145	0.703	0.155	0.758	0.146	0.630	1.053	0.725	0.141	0.661	0.959	0.666	0.144	0.704	0.146	0.719	0.146	0.600	0.953	0.144	1.010	0.648	0.922	0.197	1.171	0.144	1.065	0.146	1.046	0.548	1.016	0.142	1.042	0.683	0.928	0.142	0.973	0.144	1.147	0.144	1.080	0.577	0.974	0.145	1.026	0.727	0.959	0.146	0.958	0.148	1.122	0.145	1.161												
26:00:01													0.634	1.137	0.714	0.146	0.581	0.952	0.642	0.145	0.694	0.144	0.743	0.147	0.668	1.022	0.703	0.145	0.659	0.968	0.681	0.145	0.709	0.155	0.763	0.146	0.641	1.062	0.730	0.141	0.665	0.973	0.671	0.144	0.708	0.146	0.724	0.147	0.610	0.964	0.144	1.014	0.651	0.934	0.194	1.168	0.144	1.076	0.146	1.054	0.560	1.024	0.142	1.054	0.689	0.936	0.142	0.995	0.145	1.152	0.144	1.087	0.603	0.985	0.145	1.034	0.730	0.973	0.146	0.966	0.148	1.138	0.145	1.184												
26:20:01													0.649	1.154	0.721	0.146	0.589	0.966	0.650	0.145	0.701	0.144	0.757	0.147	0.675	1.034	0.710	0.145	0.663	0.983	0.687	0.145	0.715	0.155	0.768	0.146	0.651	1.070	0.736	0.142	0.669	0.984	0.676	0.144	0.711	0.146	0.729	0.147	0.620	0.977	0.144	1.033	0.655	0.948	0.193	1.164	0.144	1.085	0.146	1.065	0.569	1.028	0.142	1.061	0.697	0.949	0.142	1.008	0.144	1.167	0.144	1.094	0.625	1.011	0.145	1.049	0.732	0.986	0.146	0.980	0.148	1.157	0.145	1.202												
26:40:01													0.666	1.190	0.729	0.146	0.601	0.974	0.659	0.145	0.711	0.144	0.770	0.147	0.682	1.046	0.715	0.145	0.668	0.997	0.693	0.145	0.721	0.155	0.773	0.146	0.659	1.078	0.740	0.141	0.673	0.995	0.680	0.144	0.716	0.146	0.733	0.147	0.630	0.985	0.144	1.043	0.659	0.961	0.192	1.167	0.144	1.097	0.146	1.076	0.578	1.035	0.142	1.070	0.705	0.965	0.142	1.012	0.144	1.188	0.144	1.098	0.647	1.027	0.145	1.060	0.735	1.009	0.145	0.991	0.148	1.171	0.145	1.222												
27:00:01													0.688	1.199	0.737	0.147	0.612	0.986	0.657	0.145	0.720	0.144	0.782	0.147	0.690	1.056	0.722	0.144	0.674	1.006	0.700	0.145	0.728	0.155	0.779	0.146	0.668	1.084	0.745	0.141	0.678	1.003	0.685	0.144	0.719	0.146	0.739	0.147	0.639	0.995	0.144	1.058	0.663	0.974	0.191	1.168	0.144	1.109	0.146	1.086	0.587	1.042	0.142	1.081	0.714	0.978	0.142	1.019	0.145	1.201	0.144	1.104	0.668	1.039	0.145	1.070	0.736	1.029	0.146	0.987	0.148	1.189	0.145	1.250												
27:20:01													0.720	1.208	0.741	0.146	0.623	0.998	0.673	0.145	0.729	0.144	0.792	0.147	0.698	1.067	0.728	0.145	0.680	1.020	0.707	0.145	0.734	0.155	0.784	0.146	0.677	1.089	0.748	0.141	0.683	1.015	0.690	0.144	0.722	0.146	0.744	0.147	0.649	1.009	0.144	1.070	0.667	0.985	0.189	1.171	0.144	1.118	0.146	1.099	0.595	1.048	0.142	1.085	0.722	0.985	0.142	1.028	0.144	1.217	0.144	1.113	0.678	1.052	0.145	1.072	0.737	1.045	0.145	1.012	0.148	1.203	0.145	1.271												
27:40:01													0.730	1.214	0.748	0.147	0.630	1.007	0.692	0.145	0.738	0.144	0.800	0.147	0.704	1.071	0.734	0.145	0.687	1.033	0.712	0.145	0.740	0.155	0.790	0.146	0.684	1.095	0.751	0.141	0.687	1.026	0.695	0.144	0.726	0.146	0.749	0.146	0.659	1.016	0.144	1.080	0.671	0.993	0.190	1.174	0.144	1.130	0.146	1.111	0.604	1.055	0.142	1.093	0.727	0.990	0.142	1.042	0.145	1.230	0.144	1.119	0.681	1.068	0.145	1.081	0.739	1.068	0.146	1.018	0.148	1.224	0.145	1.285												
28:00:01													0.745	1.220	0.756	0.147	0.641	1.025	0.696	0.145	0.745	0.144	0.805	0.147	0.717	1.092	0.743	0.144	0.695	1.050	0.718	0.145	0.743	0.155	0.792	0.146	0.698	1.107	0.757	0.141	0.696	1.038	0.699	0.144	0.728	0.146	0.751	0.147	0.678	1.030	0.145	1.095	0.677	1.002	0.178	1.172	0.144	1.141	0.145	1.121	0.626	1.067	0.142	1.108	0.732	1.006	0.142	1.051	0.145	1.246	0.144	1.123	0.692	1.090	0.145	1.094	0.751	1.103	0.146	1.022	0.148	1.241	0.145	1.308												
28:20:01													0.742	1.216	0.759	0.147	0.636	1.034	0.695	0.145	0.755	0.144	0.814	0.147	0.717	1.101	0.745	0.144	0.697	1.056	0.726	0.145	0.750	0.155	0.802	0.146	0.697	1.115	0.759	0.142	0.697	1.041	0.703	0.144	0.732	0.146	0.758	0.146	0.677	1.048	0.144	1.102	0.679	1.008	0.188	1.180	0.144	1.152	0.146	1.130	0.623	1.078	0.142	1.113	0.735	1.012	0.142	1.060	0.145	1.258	0.144	1.135	0.669	1.109	0.145	1.098	0.754	1.127	0.146	1.056	0.148	1.259	0.145	1.326												
28:40:02													0.746	1.216	0.766	0.147	0.639	1.048	0.694	0.145	0.764	0.144	0.820	0.147	0.723	1.113	0.749	0.145	0.702	1.064	0.733	0.145	0.756	0.155	0.810	0.146	0.703	1.124	0.763	0.141	0.704	1.048	0.707	0.144	0.735	0.146	0.763	0.146	0.684	1.062	0.144	1.115	0.684	1.013	0.187	1.184	0.144	1.165	0.145	1.137	0.632	1.084	0.142	1.126	0.738	1.020	0.142	1.072	0.145	1.276	0.144	1.143	0.674	1.143	0.145	1.105	0.753	1.143	0.146	1.058	0.148	1.282	0.145	1.331												
29:00:01													0.747	1.208	0.773	0.147	0.641	1.077	0.706	0.145	0.773	0.144	0.828	0.147	0.728	1.119	0.755	0.144	0.706	1.065	0.739	0.145	0.762	0.155	0.817	0.146	0.709	1.136	0.767	0.141	0.709	1.059	0.710	0.144	0.738	0.146	0.767	0.147	0.691	1.070	0.144	1.129	0.689	1.019	0.185	1.189	0.144	1.173	0.146	1.147	0.643	1.096	0.142	1.136	0.740	1.029	0.142	1.084	0.145	1.290	0.144	1.149	0.674	1.168	0.145	1.119	0.752	1.153	0.146	1.067	0.148	1.292	0.145	1.362												
29:20:02													0.748	1.207	0.780	0.147	0.644	1.102	0.716	0.145	0.782	0.144	0.833	0.147	0.735	1.126	0.759	0.144	0.709	1.071	0.744	0.145	0.767	0.155	0.823	0.146	0.715	1.148	0.772	0.141	0.713	1.065	0.714	0.144	0.741	0.146	0.773	0.147	0.698	1.071	0.144	1.143	0.694	1.024	0.183	1.194	0.144	1.186	0.146	1.159	0.652	1.103	0.142	1.145	0.742	1.045	0.142	1.090	0.145	1.306	0.144	1.153	0.677	1.175	0.145	1.145	0.750	1.160	0.145	1.090	0.148	1.323	0.145	1.377												
29:40:01													0.751	1.197	0.788	0.147	0.652	1.109	0.726	0.145	0.789	0.144	0.839	0.147	0.741	1.127	0.764	0.145	0.713	1.079	0.750	0.145	0.773	0.155	0.829	0.146	0.720	1.152	0.776	0.141	0.718	1.067	0.718	0.144	0.745	0.146	0.778	0.147	0.704	1.085	0.145	1.156	0.699	1.031	0.182	1.200	0.144	1.198	0.146	1.170	0.663	1.113	0.142	1.154	0.743	1.058	0.142	1.099	0.145	1.311	0.144	1.166	0.680	1.181	0.144	1.162	0.745	1.163	0.145	1.116	0.148	1.343	0.145	1.401												
30:00:02													0.753	1.188	0.796	0.147	0.669	1.119	0.733	0.145	0.797	0.144	0.842	0.147	0.750	1.130	0.771	0.144	0.716	1.089	0.757	0.145	0.781	0.155	0.834	0.146	0.725	1.160	0.780	0.142	0.721	1.069	0.722	0.144	0.748	0.146	0.783	0.147	0.709	1.100	0.144	1.169	0.705	1.029	0.181	1.204	0.144	1.208	0.146	1.184	0.673	1.123	0.142	1.166	0.746	1.068	0.142	1.105	0.145	1.330	0.144	1.177	0.687	1.184	0.144	1.183	0.725	1.167	0.145	1.140	0.148	1.350	0.145	1.425												
30:20:02													0.754	1.179	0.804	0.146	0.677	1.138	0.739	0.145	0.801	0.144	0.845	0.147	0.754	1.123	0.778	0.144	0.719	1.097	0.763	0.145	0.787	0.155	0.839	0.146	0.731	1.168	0.785	0.141	0.724	1.071	0.725	0.144	0.750	0.146	0.786	0.146	0.715	1.106	0.144	1.181	0.712	1.036	0.181	1.210	0.144	1.220	0.146	1.197	0.681	1.130	0.142	1.181	0.747	1.076	0.142	1.116	0.145	1.351	0.144	1.188	0.693	1.189	0.145	1.200	0.712	1.167	0.145	1.167	0.148	1.368	0.145	1.444												
30:40:02													0.754	1.200	0.812	0.146	0.686	1.150	0.744	0.145	0.807	0.144	0.847	0.147	0.756	1.145	0.784	0.145	0.722	1.115	0.768	0.145	0.793	0.155	0.845	0.146	0.736	1.177	0.789	0.141	0.728	1.089	0.728	0.144	0.754	0.146	0.789	0.147	0.720	1.112	0.144	1.191	0.718	1.038	0.180	1.214	0.144	1.232	0.146	1.208	0.689	1.134	0.142	1.197	0.748	1.088	0.142	1.130	0.145	1.364	0.144	1.202	0.702	1.192	0.144	1.225	0.703	1.167	0.145	1.183	0.148	1.377	0.145	1.455												
31:00:02													0.754	1.065	0.819	0.146	0.691	1.162	0.747	0.145	0.811	0.144	0.850	0.147	0.760	1.162	0.791	0.144	0.725	1.125	0.772	0.145	0.798	0.155	0.849	0.146	0.740	1.185	0.794	0.141	0.731	1.116	0.732	0.144	0.759	0.146	0.792	0.146	0.726	1.127	0.144	1.204	0.724	1.040	0.179	1.220	0.144	1.244	0.145	1.219	0.696	1.134	0.142	1.199	0.749	1.096	0.142	1.144	0.145	1.379	0.144	1.214	0.710	1.194	0.144	1.249	0.697	1.167	0.145	1.194	0.148	1.407	0.145	1.461												
31:20:02													0.755	1.026	0.827	0.146	0.693	1.177	0.748	0.145	0.815	0.144	0.853	0.147	0.764	1.173	0.797	0.145	0.727	1.135	0.777	0.145	0.802	0.155	0.854	0.146	0.745	1.197	0.799	0.141	0.733	1.129	0.735	0.144	0.765	0.146	0.793	0.146	0.732	1.145	0.144	1.217	0.728	1.043	0.177	1.228	0.144	1.255	0.145	1.230	0.703	1.141	0.142	1.223	0.750	1.106	0.142	1.156	0.145	1.389	0.144	1.223	0.719	1.196	0.144	1.259	0.692	1.167	0.145	1.209	0.148	1.418	0.145	1.466												
31:40:02													0.755	1.037	0.834	0.146	0.694	1.183	0.751	0.145	0.822	0.144	0.857	0.147	0.768	1.179	0.801	0.144	0.731	1.141	0.780	0.145	0.806	0.155	0.859	0.146	0.753	1.206	0.803	0.141	0.736	1.138	0.738	0.144	0.771	0.146	0.794	0.146	0.739	1.154	0.144	1.228	0.732	1.048	0.175	1.233	0.144	1.266	0.145	1.239	0.709	1.152	0.142	1.240	0.752	1.120	0.142	1.179	0.145	1.398	0.144	1.236	0.729	1.198	0.144	1.264	0.688	1.167	0.145	1.227	0.148	1.431	0.145	1.473												
32:00:02													0.754	1.048	0.841	0.146	0.693	1.188	0.754	0.144	0.826	0.144	0.860	0.147	0.772	1.190	0.805	0.144	0.737	1.147	0.783	0.145	0.809	0.155	0.864	0.146	0.756	1.218	0.807	0.141	0.739	1.143	0.741	0.144	0.776	0.146	0.795	0.146	0.745	1.164	0.144	1.240	0.734	1.058	0.174	1.238	0.144	1.277	0.145	1.250	0.715	1.161	0.142	1.259	0.755	1.131	0.142	1.185	0.145	1.413	0.144	1.245	0.735	1.201	0.144	1.284	0.685	1.168	0.145	1.244	0.148	1.441	0.145	1.475												
32:20:02													0.755	1.060	0.847	0.146	0.692	1.191	0.756	0.145	0.828	0.144	0.864	0.147	0.777	1.204	0.811	0.144	0.753	1.151	0.785	0.145	0.812	0.155	0.868	0.146	0.761	1.225	0.811	0.141	0.742	1.148	0.743	0.144	0.780	0.146	0.795	0.146	0.752	1.176	0.144	1.253	0.738	1.071	0.173	1.245	0.144	1.286	0.145	1.259	0.720	1.171	0.142	1.271	0.764	1.140	0.142	1.195	0.145	1.429	0.144	1.258	0.742	1.200	0.144	1.308	0.684	1.171	0.145	1.254	0.148	1.450	0.145	1.476												
32:40:02													0.754	1.072	0.854	0.146	0.693	1.191	0.760	0.145	0.831	0.143	0.869	0.147	0.787	1.214	0.816	0.144	0.760	1.161	0.789	0.145	0.815	0.154	0.875	0.146	0.767	1.231	0.815	0.141	0.747	1.156	0.748	0.143	0.785	0.146	0.798	0.147	0.769	1.184	0.145	1.267	0.740	1.087	0.166	1.241	0.144	1.299	0.144	1.269	0.725	1.185	0.142	1.285	0.778	1.143	0.142	1.201	0.145	1.444	0.144	1.267	0.751	1.197	0.144	1.330	0.685	1.168	0.145	1.270	0.148	1.450	0.145	1.476												
33:00:02													0.755	1.078	0.858	0.146	0.691	1.190	0.762	0.145	0.836	0.144	0.874	0.147	0.799	1.220	0.819	0.144	0.760	1.176	0.791	0.145	0.816	0.155	0.877	0.146	0.790	1.236	0.818	0.141	0.756	1.163	0.751	0.144	0.786	0.146	0.797	0.146	0.771	1.189	0.144	1.286	0.745	1.093	0.170	1.259	0.144	1.308	0.145	1.278	0.731	1.196	0.142	1.306	0.780	1.150	0.142	1.218	0.145	1.458	0.144	1.275	0.750	1.193	0.144	1.350	0.683	1.168	0.145	1.282	0.148	1.448	0.145	1.470												
33:20:02													0.755	1.075	0.865	0.146	0.692	1.191	0.766	0.145	0.842	0.144	0.880	0.147	0.802	1.224	0.823	0.144	0.764	1.185	0.794	0.145	0.819	0.154	0.884	0.146	0.795	1.237	0.822	0.141	0.771	1.171	0.757	0.143	0.790	0.146	0.799	0.147	0.774	1.196	0.145	1.296	0.747	1.099	0.164	1.258	0.144	1.319	0.144	1.292	0.742	1.203	0.142	1.329	0.780	1.156	0.142	1.226	0.145	1.472	0.144	1.285	0.755	1.193	0.144	1.366	0.687	1.167	0.145	1.291	0.148	1.447	0.145	1.468												
33:40:02													0.755	1.070	0.869	0.146	0.690	1.191	0.769	0.144	0.845	0.144	0.884	0.147	0.802	1.228	0.825	0.144	0.764	1.194	0.795	0.145	0.820	0.155	0.887	0.146	0.797	1.242	0.826	0.141	0.774	1.177	0.760	0.143	0.790	0.146	0.798	0.146	0.774	1.207	0.144	1.305	0.752	1.103	0.166	1.268	0.144	1.327	0.145	1.300	0.761	1.208	0.142	1.330	0.779	1.167	0.142	1.252	0.145	1.483	0.144	1.298	0.755	1.189	0.144	1.378	0.686	1.167	0.145	1.295	0.148	1.442	0.145	1.457												
34:00:02													0.754	1.065	0.874	0.146	0.689	1.188	0.773	0.144	0.849	0.144	0.888	0.147	0.800	1.234	0.828	0.144	0.764	1.200	0.797	0.145	0.821	0.154	0.891	0.146	0.797	1.247	0.829	0.141	0.775	1.181	0.764	0.143	0.791	0.146	0.799	0.146	0.773	1.219	0.144	1.313	0.755	1.106	0.164	1.271	0.144	1.337	0.145	1.310	0.765	1.210	0.142	1.347	0.778	1.173	0.142	1.255	0.145	1.492	0.144	1.312	0.757	1.185	0.144	1.387	0.684	1.167	0.145	1.306	0.148	1.440	0.145	1.447												
34:20:02													0.753	1.063	0.880	0.146	0.690	1.191	0.777	0.144	0.854	0.143	0.895	0.147	0.798	1.240	0.832	0.144	0.766	1.207	0.799	0.145	0.823	0.154	0.898	0.146	0.796	1.258	0.833	0.141	0.776	1.186	0.768	0.143	0.795	0.145	0.801	0.147	0.772	1.225	0.145	1.319	0.757	1.113	0.160	1.265	0.144	1.346	0.145	1.320	0.766	1.214	0.142	1.357	0.777	1.175	0.142	1.266	0.145	1.498	0.144	1.327	0.761	1.181	0.144	1.392	0.690	1.161	0.145	1.310	0.148	1.440	0.145	1.438												
34:40:02													0.753	1.061	0.884	0.146	0.688	1.196	0.779	0.144	0.856	0.144	0.898	0.147	0.795	1.246	0.834	0.144	0.763	1.214	0.800	0.145	0.823	0.155	0.900	0.146	0.794	1.266	0.836	0.141	0.775	1.188	0.769	0.143	0.794	0.145	0.800	0.146	0.770	1.229	0.144	1.326	0.760	1.117	0.160	1.274	0.144	1.361	0.145	1.325	0.766	1.223	0.142	1.367	0.776	1.180	0.142	1.265	0.145	1.500	0.144	1.334	0.760	1.182	0.144	1.393	0.689	1.159	0.145	1.310	0.148	1.433	0.145	1.440												
35:00:02													0.752	1.060	0.889	0.146	0.689	1.197	0.781	0.144	0.859	0.144	0.903	0.147	0.793	1.250	0.838	0.144	0.762	1.223	0.802	0.144	0.825	0.155	0.904	0.146	0.792	1.273	0.840	0.141	0.774	1.193	0.772	0.143	0.795	0.145	0.801	0.146	0.768	1.236	0.144	1.331	0.764	1.125	0.157	1.271	0.144	1.375	0.144	1.334	0.765	1.233	0.142	1.382	0.774	1.182	0.142	1.288	0.145	1.504	0.144	1.345	0.762	1.177	0.144	1.394	0.691	1.153	0.146	1.311	0.148	1.428	0.145	1.453												
35:20:02													0.753	1.063	0.894	0.146	0.688	1.195	0.786	0.144	0.864	0.144	0.908	0.147	0.792	1.258	0.842	0.144	0.761	1.232	0.804	0.145	0.827	0.155	0.910	0.146	0.792	1.279	0.844	0.141	0.773	1.199	0.776	0.144	0.798	0.146	0.802	0.146	0.767	1.244	0.144	1.342	0.772	1.130	0.154	1.274	0.144	1.386	0.145	1.346	0.765	1.243	0.142	1.397	0.774	1.183	0.142	1.309	0.145	1.505	0.144	1.351	0.764	1.176	0.144	1.394	0.693	1.148	0.146	1.310	0.148	1.425	0.145	1.470												
35:40:02													0.751	1.065	0.899	0.146	0.687	1.196	0.789	0.144	0.871	0.144	0.911	0.147	0.789	1.262	0.845	0.144	0.758	1.238	0.805	0.145	0.829	0.155	0.914	0.146	0.790	1.285	0.848	0.141	0.771	1.204	0.779	0.144	0.799	0.146	0.803	0.146	0.765	1.251	0.144	1.352	0.779	1.132	0.151	1.280	0.144	1.399	0.145	1.361	0.763	1.250	0.142	1.408	0.772	1.186	0.142	1.318	0.145	1.503	0.145	1.343	0.765	1.168	0.144	1.393	0.694	1.147	0.146	1.306	0.148	1.425	0.145	1.482												
36:00:02													0.751	1.067	0.904	0.146	0.686	1.199	0.792	0.144	0.883	0.144	0.915	0.147	0.787	1.265	0.848	0.144	0.756	1.240	0.807	0.145	0.830	0.155	0.918	0.146	0.788	1.291	0.851	0.141	0.769	1.208	0.782	0.144	0.800	0.145	0.804	0.146	0.763	1.255	0.144	1.372	0.781	1.134	0.149	1.308	0.144	1.413	0.145	1.370	0.762	1.256	0.142	1.417	0.771	1.184	0.142	1.329	0.145	1.503	0.145	1.353	0.766	1.174	0.144	1.388	0.696	1.147	0.146	1.304	0.148	1.421	0.145	1.492												
36:20:02													0.750	1.069	0.909	0.146	0.686	1.198	0.794	0.144	0.896	0.144	0.919	0.147	0.785	1.266	0.851	0.144	0.755	1.240	0.808	0.145	0.831	0.155	0.922	0.146	0.786	1.296	0.855	0.141	0.767	1.210	0.785	0.143	0.800	0.145	0.804	0.146	0.761	1.257	0.145	1.383	0.779	1.139	0.146	1.328	0.144	1.424	0.145	1.376	0.760	1.263	0.142	1.425	0.770	1.186	0.142	1.339	0.145	1.502	0.145	1.369	0.765	1.178	0.144	1.387	0.697	1.155	0.146	1.295	0.148	1.421	0.145	1.497												
36:40:02													0.749	1.073	0.915	0.146	0.689	1.200	0.797	0.144	0.903	0.144	0.925	0.147	0.783	1.266	0.854	0.144	0.756	1.241	0.811	0.145	0.833	0.154	0.929	0.146	0.784	1.296	0.859	0.141	0.766	1.214	0.789	0.143	0.803	0.145	0.807	0.147	0.762	1.255	0.145	1.394	0.777	1.144	0.144	1.333	0.144	1.433	0.144	1.391	0.758	1.268	0.142	1.431	0.768	1.184	0.142	1.347	0.145	1.502	0.144	1.386	0.768	1.187	0.144	1.382	0.701	1.168	0.146	1.287	0.148	1.409	0.145	1.491												
37:00:02													0.748	1.075	0.918	0.146	0.688	1.197	0.800	0.144	0.908	0.144	0.929	0.147	0.781	1.264	0.858	0.144	0.754	1.241	0.812	0.144	0.834	0.155	0.931	0.146	0.782	1.299	0.862	0.141	0.763	1.221	0.791	0.143	0.804	0.145	0.806	0.146	0.759	1.256	0.144	1.406	0.776	1.149	0.144	1.347	0.144	1.436	0.145	1.401	0.757	1.274	0.141	1.436	0.767	1.184	0.142	1.355	0.145	1.499	0.144	1.397	0.766	1.188	0.144	1.377	0.701	1.185	0.146	1.281	0.148	1.414	0.145	1.460												
37:20:02													0.748	1.078	0.925	0.146	0.688	1.195	0.802	0.144	0.911	0.144	0.935	0.147	0.779	1.266	0.861	0.144	0.753	1.241	0.814	0.144	0.835	0.155	0.935	0.146	0.781	1.299	0.866	0.141	0.761	1.224	0.794	0.143	0.805	0.145	0.808	0.146	0.757	1.257	0.144	1.413	0.775	1.155	0.144	1.356	0.144	1.443	0.145	1.413	0.754	1.275	0.142	1.433	0.766	1.185	0.142	1.361	0.145	1.499	0.144	1.406	0.767	1.195	0.144	1.373	0.702	1.201	0.146	1.278	0.148	1.412	0.145	1.402												
37:40:02													0.750	1.085	0.934	0.147	0.693	1.194	0.805	0.144	0.914	0.144	0.940	0.147	0.779	1.266	0.867	0.144	0.753	1.241	0.817	0.144	0.836	0.155	0.936	0.146	0.782	1.300	0.873	0.141	0.761	1.228	0.797	0.143	0.806	0.145	0.807	0.146	0.760	1.260	0.145	1.420	0.775	1.161	0.144	1.365	0.144	1.449	0.145	1.420	0.757	1.280	0.142	1.433	0.766	1.189	0.142	1.366	0.145	1.492	0.144	1.416	0.773	1.204	0.145	1.375	0.707	1.204	0.147	1.256	0.147	1.416	0.145	1.351												
38:00:02													0.746	1.085	0.940	0.146	0.688	1.194	0.808	0.144	0.915	0.144	0.946	0.147	0.776	1.264	0.868	0.144	0.751	1.240	0.820	0.144	0.839	0.155	0.943	0.146	0.779	1.296	0.874	0.141	0.757	1.227	0.800	0.143	0.808	0.145	0.810	0.146	0.756	1.258	0.144	1.423	0.772	1.164	0.144	1.374	0.144	1.456	0.144	1.430	0.751	1.278	0.142	1.432	0.764	1.188	0.142	1.372	0.145	1.492	0.145	1.427	0.767	1.211	0.144	1.369	0.704	1.151	0.146	1.237	0.147	1.427	0.145	1.346												
38:20:02													0.746	1.087	0.947	0.146	0.690	1.192	0.812	0.144	0.918	0.144	0.954	0.147	0.775	1.264	0.873	0.144	0.752	1.243	0.823	0.145	0.843	0.154	0.949	0.146	0.777	1.295	0.879	0.141	0.756	1.227	0.804	0.143	0.810	0.145	0.814	0.147	0.756	1.259	0.145	1.427	0.771	1.169	0.143	1.376	0.144	1.463	0.144	1.439	0.750	1.278	0.142	1.431	0.763	1.190	0.141	1.375	0.145	1.490	0.144	1.437	0.768	1.220	0.144	1.369	0.708	1.069	0.146	1.234	0.147	1.434	0.145	1.354												
38:40:02													0.745	1.092	0.954	0.146	0.688	1.187	0.816	0.144	0.917	0.144	0.958	0.147	0.774	1.264	0.875	0.144	0.750	1.242	0.825	0.145	0.844	0.155	0.950	0.146	0.776	1.297	0.882	0.141	0.755	1.230	0.806	0.143	0.811	0.145	0.813	0.146	0.755	1.259	0.144	1.432	0.769	1.173	0.144	1.387	0.144	1.467	0.145	1.445	0.748	1.278	0.142	1.431	0.762	1.191	0.142	1.373	0.145	1.481	0.145	1.444	0.767	1.232	0.144	1.381	0.707	1.045	0.146	1.254	0.148	1.444	0.145	1.363												
39:00:02													0.744	1.094	0.963	0.146	0.689	1.185	0.819	0.144	0.917	0.144	0.964	0.147	0.773	1.264	0.878	0.144	0.750	1.243	0.828	0.145	0.848	0.155	0.954	0.146	0.776	1.298	0.886	0.141	0.753	1.229	0.809	0.143	0.812	0.145	0.814	0.146	0.755	1.259	0.144	1.433	0.768	1.177	0.144	1.388	0.144	1.469	0.145	1.450	0.747	1.278	0.142	1.432	0.761	1.193	0.142	1.377	0.145	1.474	0.144	1.449	0.766	1.233	0.144	1.394	0.708	1.036	0.146	1.272	0.148	1.451	0.145	1.374												
39:20:02													0.744	1.094	0.974	0.146	0.690	1.182	0.824	0.144	0.916	0.144	0.976	0.147	0.772	1.266	0.883	0.144	0.751	1.243	0.833	0.145	0.852	0.154	0.960	0.146	0.776	1.296	0.891	0.141	0.753	1.228	0.815	0.143	0.815	0.145	0.818	0.146	0.756	1.262	0.145	1.434	0.766	1.180	0.143	1.385	0.144	1.471	0.144	1.452	0.746	1.277	0.142	1.431	0.761	1.194	0.142	1.374	0.145	1.478	0.144	1.455	0.768	1.185	0.144	1.405	0.712	1.039	0.146	1.284	0.148	1.453	0.145	1.386												
39:40:02													0.743	1.096	0.987	0.146	0.688	1.187	0.830	0.144	0.914	0.144	0.984	0.147	0.772	1.265	0.886	0.144	0.749	1.242	0.836	0.145	0.857	0.155	0.962	0.146	0.776	1.298	0.894	0.141	0.751	1.229	0.817	0.143	0.816	0.145	0.817	0.146	0.755	1.260	0.144	1.434	0.765	1.183	0.144	1.391	0.144	1.472	0.145	1.454	0.745	1.278	0.142	1.433	0.761	1.194	0.142	1.370	0.145	1.482	0.144	1.458	0.766	1.118	0.144	1.420	0.711	1.049	0.146	1.294	0.148	1.456	0.145	1.395												
40:00:02													0.744	1.095	0.998	0.146	0.688	1.194	0.842	0.144	0.913	0.144	0.989	0.147	0.770	1.263	0.891	0.144	0.748	1.241	0.839	0.144	0.862	0.155	0.966	0.146	0.776	1.295	0.898	0.141	0.750	1.230	0.821	0.143	0.817	0.145	0.819	0.146	0.755	1.260	0.144	1.433	0.764	1.183	0.144	1.387	0.144	1.472	0.145	1.454	0.745	1.278	0.142	1.432	0.760	1.197	0.142	1.373	0.145	1.490	0.144	1.462	0.766	1.042	0.144	1.429	0.712	1.057	0.146	1.301	0.147	1.431	0.145	1.405												
40:20:02													0.743	1.096	1.004	0.146	0.688	1.201	0.850	0.144	0.912	0.144	0.994	0.147	0.771	1.267	0.897	0.144	0.746	1.239	0.843	0.144	0.867	0.155	0.969	0.146	0.776	1.293	0.902	0.141	0.750	1.228	0.824	0.143	0.819	0.145	0.820	0.146	0.756	1.260	0.144	1.433	0.762	1.185	0.144	1.390	0.144	1.472	0.145	1.453	0.744	1.280	0.142	1.430	0.760	1.196	0.142	1.374	0.145	1.501	0.144	1.463	0.765	0.999	0.144	1.425	0.712	1.066	0.146	1.307	0.147	1.392	0.145	1.413												
40:40:02													0.743	1.095	1.009	0.146	0.688	1.207	0.851	0.144	0.911	0.144	0.998	0.147	0.771	1.265	0.907	0.144	0.746	1.237	0.847	0.144	0.870	0.155	0.973	0.146	0.776	1.296	0.907	0.141	0.749	1.226	0.828	0.143	0.821	0.145	0.822	0.146	0.756	1.258	0.144	1.432	0.761	1.182	0.144	1.388	0.144	1.473	0.145	1.452	0.744	1.280	0.142	1.430	0.759	1.195	0.142	1.373	0.145	1.514	0.144	1.465	0.764	0.985	0.144	1.376	0.713	1.074	0.146	1.313	0.147	1.360	0.145	1.419												
41:00:02													0.742	1.090	1.014	0.146	0.688	1.214	0.852	0.144	0.911	0.144	1.002	0.147	0.771	1.266	0.916	0.144	0.746	1.238	0.850	0.144	0.873	0.155	0.977	0.146	0.776	1.292	0.911	0.141	0.748	1.228	0.832	0.143	0.822	0.145	0.823	0.146	0.757	1.259	0.144	1.428	0.760	1.184	0.144	1.387	0.144	1.474	0.145	1.447	0.743	1.281	0.142	1.429	0.759	1.195	0.142	1.372	0.145	1.527	0.144	1.465	0.764	0.990	0.144	1.308	0.714	1.084	0.146	1.319	0.147	1.343	0.145	1.419												
41:20:02													0.741	1.090	1.017	0.146	0.687	1.222	0.854	0.144	0.912	0.144	1.005	0.147	0.771	1.264	0.918	0.144	0.746	1.238	0.853	0.145	0.874	0.155	0.980	0.145	0.776	1.293	0.915	0.141	0.748	1.229	0.836	0.143	0.825	0.145	0.826	0.146	0.757	1.261	0.144	1.429	0.759	1.187	0.144	1.382	0.144	1.476	0.145	1.449	0.743	1.278	0.141	1.432	0.759	1.198	0.142	1.374	0.145	1.540	0.144	1.467	0.764	0.996	0.144	1.267	0.714	1.087	0.146	1.325	0.147	1.342	0.145	1.420												
41:40:02													0.741	1.092	1.021	0.146	0.688	1.226	0.857	0.144	0.912	0.144	1.007	0.147	0.772	1.261	0.920	0.144	0.745	1.236	0.856	0.144	0.875	0.155	0.983	0.145	0.777	1.290	0.920	0.141	0.747	1.230	0.840	0.143	0.826	0.145	0.828	0.146	0.756	1.258	0.145	1.429	0.758	1.183	0.144	1.383	0.144	1.473	0.145	1.451	0.743	1.279	0.142	1.437	0.758	1.193	0.142	1.373	0.145	1.550	0.144	1.461	0.762	1.007	0.144	1.253	0.715	1.096	0.147	1.329	0.147	1.346	0.145	1.418												
42:00:02													0.741	1.093	1.024	0.146	0.689	1.230	0.859	0.144	0.914	0.144	1.009	0.147	0.772	1.264	0.922	0.144	0.745	1.236	0.859	0.144	0.875	0.154	0.986	0.145	0.777	1.291	0.925	0.141	0.746	1.228	0.844	0.143	0.828	0.145	0.832	0.146	0.757	1.257	0.145	1.430	0.757	1.185	0.143	1.378	0.144	1.472	0.145	1.449	0.744	1.278	0.142	1.443	0.757	1.191	0.142	1.373	0.145	1.559	0.144	1.460	0.762	1.016	0.144	1.256	0.715	1.103	0.147	1.333	0.147	1.354	0.145	1.417												
42:20:02													0.740	1.089	1.026	0.146	0.690	1.231	0.860	0.144	0.914	0.144	1.012	0.147	0.773	1.260	0.923	0.144	0.745	1.235	0.862	0.144	0.875	0.154	0.990	0.145	0.777	1.290	0.929	0.141	0.746	1.230	0.848	0.143	0.830	0.145	0.836	0.146	0.758	1.255	0.144	1.434	0.756	1.185	0.143	1.376	0.143	1.470	0.145	1.449	0.745	1.275	0.142	1.451	0.757	1.189	0.142	1.377	0.145	1.564	0.144	1.461	0.761	1.025	0.145	1.263	0.715	1.107	0.146	1.334	0.147	1.361	0.145	1.416												
42:40:02													0.740	1.084	1.029	0.146	0.690	1.235	0.862	0.144	0.915	0.144	1.013	0.147	0.773	1.258	0.924	0.144	0.745	1.234	0.866	0.144	0.875	0.154	0.993	0.145	0.777	1.288	0.933	0.141	0.745	1.231	0.852	0.143	0.832	0.145	0.840	0.146	0.760	1.254	0.144	1.433	0.755	1.188	0.143	1.373	0.143	1.470	0.145	1.449	0.744	1.275	0.142	1.457	0.757	1.187	0.142	1.388	0.145	1.567	0.144	1.462	0.761	1.033	0.144	1.273	0.716	1.112	0.147	1.335	0.147	1.369	0.145	1.416												
43:00:02													0.739	1.082	1.030	0.146	0.691	1.236	0.863	0.144	0.916	0.144	1.015	0.147	0.774	1.259	0.926	0.144	0.744	1.232	0.869	0.144	0.874	0.154	0.996	0.145	0.775	1.286	0.937	0.141	0.744	1.225	0.856	0.143	0.834	0.145	0.843	0.146	0.760	1.253	0.144	1.438	0.754	1.185	0.143	1.373	0.143	1.470	0.145	1.445	0.744	1.273	0.142	1.464	0.756	1.185	0.142	1.393	0.145	1.567	0.144	1.458	0.760	1.040	0.144	1.282	0.716	1.121	0.147	1.333	0.147	1.375	0.145	1.414												
43:20:02													0.739	1.083	1.033	0.146	0.692	1.238	0.865	0.144	0.917	0.144	1.016	0.147	0.776	1.259	0.927	0.144	0.744	1.230	0.872	0.144	0.875	0.155	1.000	0.146	0.777	1.284	0.942	0.141	0.744	1.226	0.861	0.143	0.836	0.145	0.846	0.146	0.761	1.249	0.144	1.436	0.754	1.187	0.143	1.373	0.143	1.472	0.145	1.450	0.746	1.274	0.142	1.469	0.755	1.185	0.142	1.401	0.145	1.565	0.145	1.462	0.759	1.050	0.144	1.293	0.716	1.126	0.147	1.332	0.147	1.383	0.145	1.414												
43:40:02													0.738	1.082	1.036	0.146	0.692	1.240	0.866	0.144	0.919	0.143	1.018	0.147	0.778	1.257	0.929	0.144	0.745	1.230	0.876	0.145	0.876	0.154	1.004	0.146	0.776	1.282	0.947	0.141	0.744	1.225	0.865	0.143	0.839	0.145	0.850	0.146	0.762	1.244	0.145	1.437	0.753	1.185	0.143	1.372	0.143	1.472	0.144	1.449	0.747	1.268	0.142	1.476	0.755	1.186	0.142	1.405	0.145	1.554	0.144	1.464	0.761	1.056	0.144	1.301	0.718	1.126	0.147	1.330	0.147	1.389	0.145	1.413												
44:00:02													0.737	1.079	1.036	0.146	0.691	1.240	0.867	0.144	0.919	0.144	1.019	0.147	0.779	1.252	0.929	0.144	0.743	1.228	0.881	0.145	0.874	0.154	1.006	0.145	0.775	1.277	0.951	0.141	0.742	1.221	0.869	0.143	0.839	0.145	0.850	0.146	0.761	1.239	0.145	1.438	0.753	1.185	0.143	1.373	0.143	1.472	0.145	1.453	0.748	1.267	0.142	1.482	0.754	1.188	0.142	1.411	0.145	1.550	0.145	1.460	0.758	1.063	0.144	1.309	0.715	1.129	0.147	1.329	0.147	1.395	0.145	1.411												
44:20:02													0.736	1.084	1.038	0.146	0.691	1.240	0.868	0.144	0.919	0.144	1.020	0.147	0.780	1.247	0.931	0.144	0.743	1.225	0.882	0.144	0.874	0.155	1.010	0.145	0.775	1.271	0.955	0.141	0.742	1.222	0.873	0.143	0.841	0.145	0.851	0.145	0.762	1.236	0.145	1.441	0.752	1.185	0.144	1.373	0.143	1.476	0.145	1.451	0.749	1.262	0.142	1.490	0.754	1.190	0.142	1.417	0.145	1.537	0.144	1.461	0.758	1.068	0.144	1.317	0.716	1.133	0.147	1.327	0.147	1.400	0.145	1.410												
44:40:02													0.737	1.084	1.040	0.146	0.693	1.240	0.871	0.144	0.922	0.143	1.022	0.147	0.781	1.243	0.932	0.144	0.744	1.226	0.886	0.145	0.875	0.154	1.016	0.145	0.774	1.265	0.959	0.141	0.742	1.221	0.878	0.143	0.844	0.145	0.854	0.146	0.762	1.236	0.145	1.440	0.751	1.187	0.143	1.371	0.143	1.476	0.144	1.452	0.750	1.260	0.142	1.497	0.753	1.192	0.142	1.424	0.145	1.512	0.144	1.466	0.759	1.071	0.144	1.325	0.717	1.135	0.147	1.327	0.147	1.406	0.145	1.412												
45:00:02													0.738	1.082	1.042	0.146	0.694	1.243	0.874	0.144	0.921	0.144	1.021	0.147	0.784	1.240	0.937	0.144	0.743	1.224	0.889	0.144	0.873	0.155	1.011	0.145	0.779	1.261	0.965	0.141	0.745	1.221	0.883	0.142	0.845	0.144	0.852	0.146	0.766	1.240	0.145	1.442	0.753	1.184	0.143	1.375	0.143	1.474	0.144	1.450	0.756	1.258	0.142	1.505	0.755	1.195	0.142	1.430	0.145	1.492	0.144	1.462	0.760	1.079	0.145	1.333	0.717	1.135	0.146	1.324	0.147	1.409	0.145	1.407												
45:20:02													0.735	1.085	1.041	0.146	0.691	1.236	0.874	0.144	0.922	0.144	1.023	0.147	0.782	1.234	0.935	0.144	0.743	1.220	0.893	0.144	0.873	0.154	1.025	0.145	0.775	1.256	0.967	0.141	0.741	1.217	0.886	0.143	0.846	0.145	0.855	0.145	0.761	1.240	0.145	1.444	0.750	1.185	0.143	1.375	0.143	1.478	0.145	1.450	0.750	1.252	0.142	1.510	0.752	1.197	0.142	1.437	0.145	1.496	0.145	1.464	0.756	1.083	0.144	1.339	0.715	1.134	0.146	1.325	0.147	1.415	0.145	1.407												
45:40:02													0.735	1.069	1.043	0.146	0.691	1.223	0.876	0.144	0.924	0.144	1.025	0.147	0.782	1.235	0.936	0.144	0.743	1.217	0.900	0.144	0.875	0.154	1.033	0.145	0.775	1.254	0.972	0.141	0.741	1.215	0.892	0.143	0.849	0.144	0.857	0.146	0.761	1.242	0.145	1.444	0.750	1.182	0.143	1.373	0.143	1.479	0.144	1.451	0.750	1.251	0.142	1.514	0.751	1.199	0.142	1.442	0.145	1.474	0.144	1.466	0.757	1.086	0.144	1.344	0.716	1.133	0.146	1.324	0.147	1.419	0.145	1.408												
46:00:02													0.733	1.068	1.042	0.146	0.690	1.216	0.878	0.144	0.924	0.144	1.024	0.147	0.781	1.233	0.937	0.144	0.742	1.213	0.903	0.144	0.873	0.154	1.037	0.145	0.776	1.254	0.976	0.141	0.740	1.213	0.895	0.143	0.848	0.145	0.855	0.146	0.760	1.244	0.145	1.445	0.750	1.181	0.143	1.371	0.143	1.475	0.145	1.448	0.750	1.249	0.142	1.516	0.751	1.201	0.142	1.448	0.145	1.467	0.145	1.464	0.755	1.093	0.144	1.350	0.714	1.133	0.146	1.322	0.147	1.422	0.144	1.405												
46:20:02													0.734	1.066	1.044	0.146	0.691	1.197	0.881	0.144	0.925	0.143	1.026	0.147	0.782	1.234	0.939	0.144	0.743	1.210	0.908	0.144	0.875	0.154	1.043	0.145	0.775	1.256	0.983	0.141	0.740	1.212	0.901	0.142	0.851	0.145	0.857	0.146	0.760	1.246	0.145	1.441	0.749	1.181	0.143	1.373	0.143	1.479	0.144	1.448	0.750	1.247	0.142	1.507	0.751	1.203	0.142	1.453	0.145	1.444	0.144	1.458	0.755	1.099	0.144	1.355	0.715	1.134	0.146	1.322	0.147	1.424	0.145	1.405												
46:40:02													0.733	1.060	1.044	0.146	0.690	1.192	0.883	0.144	0.925	0.144	1.026	0.147	0.780	1.237	0.939	0.144	0.741	1.204	0.910	0.144	0.873	0.154	1.045	0.145	0.776	1.260	0.987	0.141	0.740	1.209	0.904	0.143	0.851	0.145	0.856	0.145	0.759	1.250	0.145	1.441	0.749	1.178	0.143	1.374	0.143	1.476	0.144	1.449	0.751	1.250	0.142	1.501	0.751	1.205	0.142	1.458	0.145	1.442	0.145	1.460	0.753	1.102	0.144	1.359	0.713	1.135	0.146	1.321	0.147	1.423	0.144	1.402												
47:00:02													0.733	1.046	1.045	0.146	0.690	1.181	0.885	0.144	0.927	0.144	1.027	0.147	0.779	1.238	0.941	0.144	0.741	1.202	0.915	0.144	0.873	0.154	1.048	0.145	0.776	1.263	0.991	0.141	0.740	1.208	0.908	0.142	0.852	0.144	0.856	0.146	0.758	1.253	0.145	1.442	0.749	1.177	0.143	1.375	0.143	1.475	0.144	1.446	0.751	1.250	0.142	1.484	0.751	1.207	0.142	1.463	0.145	1.433	0.145	1.460	0.753	1.103	0.144	1.363	0.713	1.132	0.146	1.320	0.147	1.421	0.144	1.401												
47:20:02													0.734	1.035	1.046	0.146	0.692	1.157	0.888	0.144	0.929	0.143	1.028	0.147	0.779	1.243	0.943	0.144	0.742	1.201	0.921	0.144	0.874	0.154	1.054	0.145	0.776	1.268	0.997	0.141	0.740	1.206	0.914	0.142	0.855	0.144	0.858	0.146	0.758	1.259	0.145	1.446	0.748	1.177	0.143	1.378	0.143	1.474	0.144	1.445	0.751	1.252	0.142	1.442	0.751	1.209	0.142	1.467	0.145	1.417	0.144	1.458	0.754	1.108	0.144	1.367	0.714	1.129	0.146	1.321	0.147	1.419	0.144	1.401												
47:40:02													0.736	1.025	1.049	0.146	0.692	1.160	0.891	0.143	0.929	0.144	1.028	0.147	0.780	1.248	0.947	0.144	0.742	1.198	0.925	0.144	0.872	0.154	1.053	0.145	0.780	1.274	1.002	0.141	0.742	1.205	0.919	0.142	0.855	0.144	0.855	0.146	0.761	1.277	0.145	1.452	0.750	1.177	0.143	1.382	0.143	1.469	0.144	1.443	0.756	1.257	0.143	1.439	0.752	1.212	0.142	1.472	0.145	1.416	0.144	1.455	0.757	1.115	0.145	1.371	0.713	1.125	0.146	1.318	0.147	1.416	0.145	1.398												
48:00:02													0.734	1.031	1.049	0.146	0.690	1.137	0.892	0.144	0.931	0.144	1.031	0.147	0.778	1.247	0.946	0.144	0.742	1.198	0.930	0.144	0.875	0.154	1.060	0.145	0.775	1.280	1.005	0.141	0.739	1.200	0.923	0.142	0.857	0.144	0.858	0.146	0.758	1.289	0.145	1.450	0.748	1.173	0.143	1.385	0.143	1.471	0.144	1.449	0.751	1.254	0.142	1.390	0.751	1.213	0.142	1.471	0.145	1.416	0.144	1.453	0.754	1.117	0.144	1.374	0.713	1.122	0.146	1.318	0.147	1.415	0.145	1.398												

