Field Group

Plate Comment:	
Procedure Summary
  Plate Type:              Corning 96 well for LogPhase600
  Plate Number:            1
  Discontinuous Kinetics:  Runtime 02:00:00 (D:HH:MM), Interval 00:20:00 (HH:MM:SS), 145 Reads (max)
  Read:                    600 nm
  Incubator:               On
    Temperature setpoint:  30 °C
    Temperature gradient:  On
  Shaking:                 On
     Shaking frequency:    600 RPMs		
			
			

600

Time	A1	A2	A3	A4	A5	A6	A7	A8	A9	A10	A11	A12	B1	B2	B3	B4	B5	B6	B7	B8	B9	B10	B11	B12	C1	C2	C3	C4	C5	C6	C7	C8	C9	C10	C11	C12	D1	D2	D3	D4	D5	D6	D7	D8	D9	D10	D11	D12	E1	E2	E3	E4	E5	E6	E7	E8	E9	E10	E11	E12	F1	F2	F3	F4	F5	F6	F7	F8	F9	F10	F11	F12	G1	G2	G3	G4	G5	G6	G7	G8	G9	G10	G11	G12	H1	H2	H3	H4	H5	H6	H7	H8	H9	H10	H11	H12
0:00:00													0.141	0.147	0.143	0.145	0.145	0.148	0.152	0.151	0.153	0.150	0.162	0.149	0.144	0.143	0.164	0.149	0.152	0.149	0.143	0.148	0.150	0.143	0.154	0.147	0.145	0.148	0.149	0.149	0.146	0.143	0.148	0.149	0.151	0.148	0.154	0.144	0.142	0.146	0.147	0.145	0.148	0.148	0.142	0.158	0.150	0.146	0.151	0.144	0.154	0.146	0.154	0.144	0.153	0.146	0.142	0.150	0.151	0.149	0.147	0.147	0.146	0.145	0.155	0.148	0.147	0.151	0.150	0.148	0.154	0.155	0.154	0.149												
0:20:00													0.141	0.147	0.143	0.145	0.146	0.148	0.151	0.150	0.151	0.150	0.161	0.148	0.144	0.142	0.163	0.147	0.151	0.148	0.142	0.148	0.150	0.143	0.154	0.146	0.144	0.147	0.148	0.148	0.146	0.142	0.148	0.149	0.149	0.148	0.152	0.142	0.142	0.147	0.147	0.145	0.148	0.147	0.141	0.158	0.150	0.145	0.150	0.143	0.152	0.146	0.154	0.145	0.152	0.146	0.142	0.149	0.152	0.149	0.146	0.147	0.145	0.145	0.155	0.147	0.147	0.150	0.149	0.147	0.153	0.155	0.153	0.149												
0:40:00													0.141	0.148	0.143	0.145	0.146	0.148	0.151	0.149	0.151	0.151	0.161	0.147	0.144	0.142	0.162	0.147	0.151	0.147	0.142	0.149	0.150	0.142	0.154	0.146	0.145	0.147	0.148	0.148	0.144	0.143	0.148	0.149	0.150	0.148	0.151	0.142	0.142	0.146	0.146	0.146	0.148	0.147	0.141	0.157	0.150	0.145	0.150	0.143	0.153	0.146	0.153	0.144	0.153	0.146	0.142	0.148	0.152	0.149	0.146	0.147	0.145	0.145	0.155	0.148	0.147	0.149	0.150	0.147	0.153	0.154	0.153	0.149												
1:00:00													0.141	0.148	0.143	0.144	0.146	0.148	0.151	0.149	0.151	0.151	0.161	0.147	0.144	0.142	0.162	0.148	0.151	0.147	0.142	0.149	0.150	0.142	0.153	0.146	0.145	0.147	0.148	0.147	0.144	0.142	0.148	0.149	0.149	0.148	0.151	0.142	0.142	0.146	0.146	0.146	0.147	0.147	0.141	0.157	0.150	0.145	0.150	0.143	0.152	0.146	0.153	0.144	0.153	0.146	0.142	0.148	0.152	0.149	0.146	0.147	0.145	0.145	0.155	0.148	0.147	0.149	0.150	0.146	0.153	0.153	0.153	0.149												
1:20:00													0.141	0.148	0.143	0.145	0.146	0.148	0.151	0.149	0.151	0.151	0.161	0.147	0.144	0.142	0.161	0.148	0.151	0.147	0.142	0.148	0.150	0.142	0.153	0.146	0.144	0.147	0.148	0.147	0.144	0.143	0.148	0.149	0.149	0.148	0.151	0.142	0.141	0.146	0.146	0.146	0.147	0.146	0.141	0.157	0.149	0.145	0.150	0.143	0.152	0.146	0.153	0.144	0.152	0.146	0.142	0.148	0.152	0.149	0.146	0.147	0.145	0.145	0.155	0.147	0.147	0.149	0.150	0.146	0.153	0.153	0.153	0.149												
1:40:00													0.141	0.148	0.143	0.145	0.146	0.149	0.151	0.149	0.150	0.152	0.161	0.148	0.144	0.142	0.163	0.147	0.151	0.148	0.142	0.149	0.150	0.142	0.153	0.146	0.144	0.147	0.148	0.146	0.144	0.143	0.147	0.148	0.149	0.148	0.151	0.143	0.140	0.149	0.147	0.147	0.147	0.147	0.141	0.157	0.148	0.145	0.150	0.143	0.152	0.146	0.152	0.145	0.151	0.146	0.143	0.147	0.152	0.149	0.146	0.148	0.144	0.144	0.155	0.147	0.146	0.150	0.149	0.146	0.153	0.153	0.153	0.149												
2:00:00													0.141	0.148	0.144	0.145	0.146	0.149	0.151	0.149	0.150	0.152	0.161	0.148	0.145	0.142	0.164	0.148	0.151	0.148	0.142	0.149	0.150	0.142	0.153	0.146	0.144	0.147	0.148	0.147	0.144	0.143	0.147	0.149	0.149	0.148	0.151	0.143	0.140	0.148	0.147	0.147	0.147	0.147	0.141	0.157	0.148	0.145	0.150	0.143	0.152	0.146	0.152	0.146	0.151	0.147	0.143	0.147	0.152	0.149	0.146	0.148	0.144	0.145	0.155	0.147	0.147	0.150	0.150	0.146	0.153	0.153	0.153	0.149												
2:20:00													0.142	0.148	0.144	0.145	0.147	0.148	0.151	0.148	0.151	0.152	0.161	0.148	0.145	0.142	0.164	0.148	0.151	0.148	0.142	0.149	0.150	0.142	0.153	0.146	0.144	0.146	0.148	0.146	0.144	0.143	0.147	0.149	0.149	0.148	0.151	0.143	0.140	0.148	0.147	0.147	0.147	0.146	0.141	0.157	0.148	0.145	0.150	0.144	0.152	0.146	0.153	0.146	0.151	0.147	0.143	0.147	0.152	0.149	0.146	0.148	0.144	0.145	0.155	0.146	0.146	0.150	0.150	0.146	0.153	0.153	0.153	0.149												
2:40:00													0.143	0.148	0.145	0.144	0.147	0.148	0.151	0.149	0.152	0.151	0.162	0.147	0.146	0.142	0.163	0.149	0.152	0.147	0.143	0.149	0.150	0.142	0.154	0.146	0.146	0.146	0.149	0.147	0.145	0.143	0.149	0.149	0.150	0.148	0.152	0.142	0.141	0.149	0.147	0.147	0.147	0.147	0.142	0.158	0.149	0.146	0.150	0.144	0.152	0.145	0.155	0.145	0.152	0.146	0.143	0.148	0.151	0.149	0.146	0.148	0.145	0.144	0.155	0.146	0.147	0.149	0.151	0.146	0.152	0.154	0.153	0.150												
3:00:00													0.143	0.148	0.145	0.145	0.148	0.148	0.152	0.149	0.152	0.152	0.162	0.148	0.147	0.142	0.166	0.148	0.152	0.148	0.143	0.149	0.151	0.142	0.154	0.146	0.146	0.146	0.150	0.146	0.146	0.143	0.149	0.149	0.150	0.148	0.153	0.143	0.140	0.149	0.148	0.147	0.146	0.146	0.142	0.157	0.148	0.147	0.150	0.145	0.152	0.146	0.155	0.146	0.151	0.146	0.144	0.147	0.152	0.150	0.146	0.149	0.144	0.145	0.157	0.146	0.146	0.150	0.151	0.145	0.152	0.154	0.153	0.150												
3:20:00													0.145	0.148	0.147	0.145	0.149	0.148	0.153	0.149	0.153	0.152	0.163	0.147	0.149	0.142	0.169	0.148	0.154	0.148	0.144	0.149	0.153	0.142	0.155	0.146	0.147	0.146	0.152	0.146	0.147	0.143	0.150	0.149	0.152	0.148	0.154	0.143	0.140	0.149	0.150	0.147	0.146	0.147	0.143	0.157	0.148	0.148	0.149	0.146	0.152	0.146	0.157	0.144	0.151	0.147	0.145	0.147	0.152	0.151	0.146	0.150	0.144	0.145	0.157	0.147	0.146	0.150	0.153	0.146	0.152	0.156	0.153	0.151												
3:40:00													0.148	0.148	0.149	0.145	0.151	0.148	0.155	0.149	0.155	0.152	0.164	0.147	0.152	0.142	0.172	0.148	0.156	0.148	0.146	0.149	0.154	0.142	0.156	0.146	0.149	0.146	0.154	0.146	0.149	0.143	0.153	0.149	0.154	0.148	0.155	0.143	0.140	0.148	0.152	0.147	0.146	0.147	0.145	0.158	0.148	0.150	0.149	0.147	0.152	0.146	0.160	0.146	0.151	0.147	0.147	0.147	0.152	0.153	0.146	0.151	0.144	0.145	0.159	0.146	0.146	0.150	0.154	0.145	0.152	0.158	0.153	0.152												
4:00:00													0.152	0.148	0.153	0.145	0.153	0.148	0.158	0.149	0.158	0.152	0.165	0.148	0.156	0.142	0.177	0.147	0.159	0.148	0.149	0.149	0.157	0.142	0.157	0.146	0.153	0.146	0.158	0.147	0.151	0.143	0.156	0.149	0.158	0.148	0.157	0.143	0.140	0.147	0.156	0.148	0.146	0.146	0.148	0.158	0.148	0.152	0.149	0.148	0.152	0.146	0.165	0.147	0.150	0.147	0.150	0.148	0.152	0.157	0.146	0.153	0.144	0.145	0.162	0.146	0.146	0.151	0.158	0.146	0.152	0.162	0.153	0.153												
4:20:00													0.159	0.148	0.158	0.145	0.158	0.148	0.164	0.150	0.163	0.152	0.168	0.148	0.162	0.142	0.185	0.148	0.165	0.148	0.154	0.149	0.161	0.142	0.159	0.146	0.159	0.146	0.164	0.147	0.155	0.143	0.164	0.148	0.163	0.148	0.160	0.143	0.140	0.150	0.161	0.147	0.146	0.146	0.152	0.157	0.148	0.157	0.149	0.150	0.152	0.146	0.173	0.145	0.151	0.147	0.155	0.148	0.152	0.160	0.146	0.155	0.144	0.145	0.167	0.147	0.146	0.150	0.163	0.145	0.152	0.168	0.152	0.155												
4:40:00													0.169	0.148	0.167	0.147	0.165	0.148	0.172	0.151	0.170	0.152	0.170	0.148	0.170	0.142	0.195	0.149	0.174	0.148	0.160	0.150	0.168	0.142	0.162	0.146	0.167	0.146	0.172	0.146	0.163	0.143	0.174	0.147	0.171	0.148	0.164	0.143	0.140	0.150	0.171	0.148	0.146	0.147	0.160	0.158	0.148	0.165	0.149	0.154	0.151	0.146	0.185	0.145	0.151	0.147	0.161	0.147	0.152	0.167	0.146	0.157	0.144	0.145	0.175	0.146	0.146	0.151	0.171	0.147	0.152	0.175	0.152	0.158												
5:00:00													0.181	0.148	0.178	0.146	0.175	0.148	0.185	0.151	0.181	0.152	0.175	0.148	0.182	0.142	0.210	0.148	0.184	0.148	0.172	0.150	0.179	0.142	0.165	0.146	0.180	0.146	0.179	0.147	0.174	0.143	0.187	0.147	0.184	0.148	0.169	0.143	0.140	0.150	0.177	0.149	0.146	0.147	0.171	0.158	0.148	0.174	0.149	0.157	0.151	0.146	0.194	0.147	0.151	0.147	0.172	0.147	0.152	0.178	0.146	0.161	0.144	0.145	0.188	0.147	0.146	0.150	0.183	0.148	0.152	0.189	0.152	0.162												
5:20:00													0.199	0.148	0.191	0.147	0.191	0.148	0.204	0.153	0.196	0.151	0.180	0.147	0.199	0.141	0.224	0.149	0.201	0.148	0.186	0.150	0.194	0.143	0.170	0.146	0.191	0.146	0.204	0.146	0.191	0.142	0.209	0.147	0.201	0.147	0.174	0.142	0.139	0.149	0.194	0.147	0.146	0.147	0.187	0.158	0.148	0.192	0.150	0.162	0.151	0.147	0.215	0.149	0.151	0.148	0.186	0.147	0.151	0.193	0.146	0.165	0.144	0.147	0.202	0.147	0.146	0.152	0.202	0.147	0.152	0.207	0.152	0.166												
5:40:00													0.220	0.147	0.213	0.147	0.208	0.147	0.231	0.153	0.216	0.151	0.188	0.147	0.211	0.141	0.249	0.149	0.222	0.149	0.205	0.150	0.212	0.143	0.176	0.146	0.212	0.146	0.221	0.146	0.213	0.142	0.232	0.147	0.223	0.147	0.183	0.142	0.139	0.150	0.213	0.148	0.146	0.147	0.207	0.158	0.148	0.208	0.149	0.169	0.151	0.148	0.238	0.149	0.151	0.148	0.207	0.146	0.151	0.208	0.146	0.172	0.144	0.147	0.226	0.148	0.146	0.152	0.224	0.149	0.152	0.233	0.152	0.172												
6:00:00													0.252	0.147	0.243	0.147	0.237	0.147	0.268	0.153	0.242	0.151	0.197	0.147	0.239	0.141	0.283	0.149	0.252	0.149	0.233	0.151	0.236	0.143	0.184	0.146	0.239	0.146	0.255	0.146	0.245	0.142	0.266	0.147	0.255	0.147	0.193	0.142	0.139	0.150	0.243	0.150	0.146	0.149	0.237	0.159	0.148	0.237	0.149	0.176	0.151	0.149	0.270	0.149	0.151	0.148	0.234	0.149	0.151	0.235	0.146	0.179	0.144	0.147	0.260	0.147	0.146	0.153	0.257	0.151	0.152	0.267	0.152	0.179												
6:20:00													0.283	0.147	0.272	0.149	0.264	0.147	0.306	0.154	0.270	0.151	0.207	0.147	0.267	0.141	0.325	0.151	0.277	0.148	0.257	0.151	0.261	0.142	0.194	0.146	0.268	0.146	0.282	0.150	0.276	0.142	0.305	0.147	0.288	0.148	0.202	0.142	0.140	0.152	0.267	0.150	0.147	0.149	0.267	0.161	0.149	0.267	0.149	0.184	0.151	0.149	0.312	0.149	0.151	0.148	0.259	0.150	0.151	0.265	0.146	0.187	0.145	0.148	0.286	0.150	0.146	0.153	0.287	0.150	0.152	0.299	0.151	0.189												
6:40:00													0.317	0.147	0.307	0.150	0.297	0.147	0.345	0.156	0.298	0.151	0.216	0.147	0.316	0.141	0.355	0.154	0.308	0.148	0.286	0.151	0.285	0.142	0.201	0.146	0.307	0.146	0.308	0.150	0.309	0.142	0.343	0.148	0.323	0.148	0.210	0.142	0.140	0.153	0.303	0.150	0.147	0.151	0.298	0.161	0.148	0.294	0.149	0.190	0.151	0.150	0.340	0.153	0.151	0.150	0.293	0.150	0.151	0.285	0.146	0.194	0.145	0.149	0.318	0.150	0.146	0.152	0.324	0.151	0.152	0.334	0.151	0.196												
7:00:00													0.362	0.147	0.345	0.149	0.335	0.147	0.388	0.157	0.332	0.151	0.223	0.147	0.348	0.141	0.411	0.154	0.346	0.148	0.322	0.152	0.317	0.143	0.207	0.146	0.345	0.146	0.351	0.149	0.343	0.142	0.382	0.148	0.359	0.147	0.217	0.143	0.139	0.153	0.353	0.153	0.146	0.151	0.337	0.163	0.148	0.325	0.149	0.194	0.151	0.151	0.370	0.154	0.151	0.152	0.334	0.150	0.151	0.317	0.146	0.202	0.144	0.148	0.359	0.151	0.146	0.154	0.367	0.152	0.152	0.371	0.151	0.202												
7:20:00													0.420	0.147	0.396	0.149	0.370	0.147	0.443	0.157	0.372	0.152	0.232	0.147	0.397	0.142	0.456	0.153	0.396	0.148	0.366	0.153	0.356	0.142	0.213	0.145	0.392	0.146	0.394	0.152	0.383	0.143	0.430	0.150	0.398	0.148	0.226	0.143	0.140	0.156	0.429	0.157	0.146	0.153	0.380	0.163	0.148	0.363	0.148	0.199	0.151	0.152	0.430	0.157	0.151	0.153	0.380	0.153	0.151	0.351	0.145	0.208	0.143	0.151	0.402	0.150	0.146	0.154	0.414	0.154	0.152	0.411	0.152	0.209												
7:40:00													0.455	0.147	0.437	0.153	0.398	0.147	0.488	0.159	0.411	0.152	0.238	0.147	0.430	0.142	0.491	0.158	0.425	0.148	0.399	0.155	0.392	0.143	0.221	0.145	0.430	0.146	0.435	0.153	0.414	0.143	0.460	0.152	0.438	0.148	0.233	0.143	0.140	0.156	0.494	0.159	0.146	0.154	0.418	0.164	0.148	0.402	0.148	0.202	0.151	0.152	0.465	0.159	0.151	0.155	0.415	0.153	0.151	0.398	0.145	0.213	0.144	0.154	0.446	0.154	0.146	0.155	0.445	0.153	0.152	0.457	0.151	0.215												
8:00:00													0.470	0.147	0.467	0.155	0.419	0.147	0.519	0.160	0.437	0.152	0.246	0.147	0.449	0.141	0.508	0.159	0.448	0.148	0.416	0.157	0.416	0.143	0.226	0.146	0.443	0.146	0.454	0.155	0.436	0.142	0.480	0.153	0.468	0.147	0.236	0.143	0.139	0.158	0.522	0.160	0.146	0.155	0.443	0.167	0.148	0.436	0.149	0.206	0.151	0.156	0.480	0.160	0.151	0.155	0.433	0.156	0.151	0.427	0.145	0.219	0.143	0.155	0.471	0.156	0.146	0.159	0.463	0.157	0.152	0.490	0.151	0.221												
8:20:00													0.474	0.147	0.474	0.157	0.435	0.147	0.530	0.163	0.455	0.152	0.249	0.147	0.460	0.141	0.521	0.161	0.468	0.148	0.429	0.156	0.437	0.143	0.231	0.146	0.455	0.146	0.464	0.156	0.438	0.142	0.502	0.153	0.485	0.147	0.237	0.143	0.139	0.158	0.550	0.164	0.146	0.156	0.464	0.169	0.148	0.448	0.149	0.210	0.151	0.156	0.486	0.165	0.151	0.154	0.456	0.157	0.151	0.452	0.145	0.224	0.143	0.158	0.499	0.159	0.146	0.160	0.473	0.158	0.152	0.518	0.151	0.226												
8:40:00													0.479	0.147	0.507	0.160	0.441	0.147	0.542	0.166	0.483	0.152	0.251	0.147	0.466	0.141	0.541	0.163	0.504	0.148	0.446	0.156	0.469	0.143	0.235	0.146	0.463	0.145	0.480	0.162	0.453	0.143	0.522	0.158	0.490	0.147	0.239	0.143	0.139	0.160	0.576	0.167	0.146	0.158	0.492	0.170	0.148	0.481	0.149	0.215	0.151	0.161	0.501	0.169	0.150	0.159	0.484	0.155	0.151	0.472	0.145	0.229	0.143	0.162	0.513	0.163	0.146	0.163	0.496	0.162	0.152	0.539	0.151	0.231												
9:00:00													0.498	0.147	0.531	0.165	0.462	0.147	0.556	0.169	0.519	0.152	0.252	0.147	0.476	0.141	0.568	0.169	0.526	0.148	0.469	0.162	0.508	0.143	0.237	0.145	0.469	0.145	0.502	0.165	0.477	0.142	0.542	0.161	0.498	0.147	0.242	0.143	0.139	0.164	0.597	0.169	0.146	0.160	0.523	0.173	0.148	0.521	0.148	0.219	0.151	0.162	0.519	0.170	0.150	0.161	0.513	0.162	0.151	0.511	0.145	0.234	0.143	0.163	0.544	0.165	0.146	0.164	0.514	0.163	0.151	0.565	0.150	0.236												
9:20:00													0.520	0.147	0.567	0.168	0.477	0.147	0.567	0.169	0.552	0.152	0.254	0.147	0.488	0.141	0.594	0.171	0.551	0.148	0.492	0.165	0.544	0.143	0.239	0.145	0.480	0.145	0.531	0.167	0.495	0.142	0.566	0.162	0.513	0.147	0.245	0.143	0.139	0.168	0.614	0.173	0.146	0.161	0.553	0.176	0.148	0.556	0.148	0.223	0.151	0.167	0.540	0.173	0.150	0.164	0.541	0.165	0.150	0.550	0.145	0.239	0.143	0.168	0.574	0.169	0.146	0.164	0.543	0.165	0.152	0.597	0.150	0.240												
9:40:00													0.552	0.147	0.591	0.170	0.484	0.147	0.575	0.181	0.583	0.152	0.259	0.147	0.512	0.141	0.618	0.175	0.575	0.148	0.518	0.169	0.574	0.143	0.241	0.145	0.490	0.145	0.557	0.171	0.520	0.142	0.588	0.167	0.529	0.147	0.249	0.143	0.139	0.173	0.628	0.176	0.146	0.166	0.575	0.181	0.148	0.582	0.148	0.226	0.151	0.176	0.562	0.179	0.150	0.166	0.568	0.169	0.150	0.579	0.145	0.241	0.143	0.178	0.599	0.172	0.146	0.171	0.570	0.170	0.151	0.624	0.150	0.243												
10:00:00													0.588	0.147	0.609	0.174	0.501	0.147	0.584	0.190	0.606	0.152	0.260	0.147	0.527	0.141	0.640	0.181	0.594	0.148	0.540	0.172	0.597	0.143	0.244	0.145	0.502	0.145	0.580	0.175	0.545	0.142	0.611	0.169	0.547	0.147	0.254	0.143	0.139	0.180	0.642	0.186	0.146	0.166	0.596	0.183	0.148	0.600	0.148	0.227	0.151	0.183	0.584	0.183	0.150	0.170	0.589	0.171	0.150	0.600	0.145	0.243	0.143	0.186	0.623	0.176	0.146	0.177	0.591	0.167	0.151	0.647	0.150	0.245												
10:20:00													0.616	0.147	0.625	0.180	0.520	0.148	0.593	0.203	0.623	0.152	0.265	0.147	0.541	0.141	0.659	0.188	0.613	0.148	0.562	0.177	0.615	0.143	0.249	0.145	0.516	0.145	0.601	0.181	0.570	0.142	0.629	0.172	0.566	0.147	0.259	0.143	0.139	0.187	0.656	0.199	0.146	0.174	0.611	0.189	0.148	0.612	0.148	0.231	0.151	0.182	0.606	0.199	0.150	0.176	0.607	0.177	0.150	0.617	0.145	0.248	0.143	0.193	0.642	0.180	0.146	0.182	0.609	0.176	0.151	0.666	0.150	0.248												
10:40:00													0.638	0.146	0.640	0.188	0.543	0.147	0.600	0.219	0.639	0.153	0.271	0.147	0.558	0.142	0.675	0.200	0.629	0.148	0.582	0.180	0.631	0.143	0.255	0.145	0.532	0.146	0.618	0.190	0.593	0.143	0.642	0.172	0.583	0.148	0.265	0.143	0.140	0.202	0.666	0.216	0.145	0.186	0.625	0.195	0.148	0.624	0.148	0.234	0.151	0.199	0.624	0.206	0.150	0.185	0.623	0.188	0.150	0.625	0.145	0.253	0.143	0.203	0.661	0.195	0.145	0.188	0.628	0.184	0.152	0.680	0.150	0.252												
11:00:00													0.660	0.147	0.653	0.209	0.565	0.147	0.607	0.241	0.651	0.152	0.279	0.147	0.571	0.141	0.688	0.206	0.641	0.148	0.599	0.187	0.644	0.143	0.261	0.145	0.547	0.145	0.632	0.205	0.610	0.142	0.664	0.176	0.603	0.147	0.271	0.143	0.139	0.234	0.677	0.243	0.145	0.195	0.639	0.205	0.148	0.636	0.148	0.237	0.151	0.226	0.641	0.263	0.150	0.197	0.638	0.197	0.150	0.639	0.145	0.257	0.143	0.232	0.666	0.220	0.146	0.200	0.639	0.194	0.151	0.695	0.150	0.257												
11:20:00													0.683	0.146	0.664	0.234	0.588	0.147	0.615	0.266	0.665	0.152	0.290	0.147	0.590	0.141	0.700	0.245	0.658	0.148	0.617	0.195	0.657	0.143	0.269	0.145	0.571	0.145	0.646	0.231	0.627	0.142	0.677	0.180	0.619	0.148	0.286	0.143	0.140	0.244	0.689	0.275	0.146	0.207	0.651	0.218	0.148	0.649	0.148	0.243	0.151	0.238	0.656	0.296	0.151	0.209	0.653	0.212	0.150	0.655	0.145	0.263	0.144	0.264	0.681	0.248	0.146	0.218	0.645	0.207	0.152	0.704	0.150	0.264												
11:40:00													0.686	0.146	0.669	0.269	0.607	0.147	0.621	0.292	0.675	0.152	0.300	0.147	0.599	0.141	0.708	0.267	0.666	0.148	0.629	0.205	0.667	0.143	0.275	0.145	0.579	0.145	0.655	0.271	0.639	0.142	0.689	0.185	0.629	0.147	0.334	0.143	0.139	0.277	0.693	0.313	0.146	0.213	0.660	0.230	0.148	0.656	0.148	0.252	0.151	0.265	0.663	0.335	0.150	0.222	0.662	0.235	0.150	0.659	0.145	0.272	0.143	0.296	0.687	0.292	0.145	0.215	0.649	0.229	0.151	0.724	0.150	0.274												
12:00:00													0.698	0.146	0.676	0.310	0.628	0.147	0.628	0.324	0.686	0.152	0.313	0.147	0.614	0.141	0.717	0.302	0.675	0.148	0.639	0.220	0.677	0.143	0.282	0.145	0.593	0.145	0.665	0.292	0.650	0.142	0.702	0.198	0.643	0.147	0.404	0.143	0.139	0.314	0.699	0.357	0.145	0.231	0.669	0.251	0.148	0.666	0.148	0.275	0.151	0.301	0.672	0.381	0.150	0.240	0.673	0.262	0.150	0.672	0.145	0.290	0.143	0.321	0.702	0.317	0.145	0.234	0.652	0.252	0.151	0.741	0.150	0.287												
12:20:00													0.707	0.146	0.684	0.337	0.646	0.147	0.633	0.362	0.695	0.152	0.329	0.147	0.629	0.141	0.723	0.345	0.683	0.148	0.650	0.245	0.686	0.143	0.291	0.145	0.609	0.145	0.674	0.334	0.664	0.142	0.713	0.223	0.656	0.147	0.462	0.143	0.139	0.354	0.704	0.420	0.145	0.266	0.677	0.280	0.148	0.677	0.148	0.326	0.151	0.343	0.678	0.431	0.150	0.276	0.678	0.303	0.150	0.686	0.145	0.336	0.143	0.376	0.708	0.345	0.145	0.271	0.654	0.286	0.151	0.755	0.150	0.306												
12:40:00													0.716	0.146	0.688	0.371	0.660	0.147	0.640	0.408	0.705	0.152	0.354	0.147	0.651	0.141	0.726	0.381	0.693	0.148	0.657	0.274	0.695	0.143	0.315	0.145	0.625	0.145	0.677	0.376	0.674	0.142	0.722	0.250	0.667	0.147	0.508	0.143	0.139	0.393	0.707	0.461	0.145	0.304	0.681	0.313	0.148	0.688	0.148	0.409	0.150	0.386	0.682	0.473	0.150	0.321	0.684	0.348	0.150	0.690	0.145	0.427	0.143	0.410	0.714	0.379	0.146	0.308	0.657	0.312	0.151	0.770	0.150	0.339												
13:00:00													0.728	0.146	0.690	0.404	0.673	0.147	0.656	0.457	0.708	0.152	0.454	0.147	0.673	0.141	0.725	0.425	0.704	0.148	0.665	0.309	0.703	0.143	0.392	0.145	0.642	0.145	0.681	0.407	0.686	0.142	0.730	0.267	0.678	0.147	0.539	0.143	0.139	0.447	0.708	0.497	0.145	0.346	0.690	0.345	0.148	0.697	0.148	0.492	0.150	0.435	0.688	0.520	0.150	0.352	0.691	0.391	0.150	0.704	0.145	0.509	0.143	0.447	0.720	0.407	0.146	0.354	0.662	0.342	0.151	0.784	0.150	0.396												
13:20:00													0.744	0.146	0.692	0.447	0.686	0.147	0.666	0.501	0.719	0.152	0.516	0.147	0.699	0.141	0.724	0.459	0.716	0.148	0.673	0.340	0.711	0.143	0.478	0.145	0.662	0.145	0.687	0.442	0.697	0.142	0.737	0.295	0.688	0.147	0.561	0.143	0.139	0.495	0.708	0.523	0.145	0.391	0.694	0.384	0.148	0.712	0.148	0.542	0.150	0.477	0.695	0.563	0.150	0.391	0.695	0.439	0.150	0.717	0.145	0.571	0.143	0.499	0.725	0.434	0.145	0.403	0.664	0.374	0.151	0.810	0.150	0.476												
13:40:00													0.762	0.146	0.696	0.474	0.699	0.147	0.669	0.538	0.728	0.152	0.549	0.147	0.728	0.141	0.721	0.495	0.726	0.148	0.680	0.379	0.720	0.143	0.542	0.145	0.685	0.145	0.694	0.475	0.709	0.142	0.744	0.306	0.705	0.147	0.579	0.143	0.139	0.552	0.709	0.547	0.145	0.436	0.702	0.419	0.148	0.722	0.148	0.587	0.150	0.513	0.702	0.597	0.150	0.435	0.705	0.471	0.150	0.730	0.145	0.619	0.143	0.551	0.729	0.455	0.145	0.455	0.669	0.409	0.151	0.823	0.150	0.557												
14:00:00													0.781	0.146	0.699	0.502	0.714	0.147	0.680	0.573	0.739	0.152	0.574	0.147	0.756	0.141	0.719	0.527	0.735	0.148	0.686	0.422	0.729	0.143	0.578	0.145	0.711	0.145	0.699	0.501	0.719	0.142	0.751	0.334	0.718	0.147	0.593	0.143	0.139	0.603	0.711	0.570	0.145	0.480	0.708	0.445	0.148	0.733	0.148	0.610	0.150	0.566	0.707	0.616	0.150	0.478	0.705	0.500	0.150	0.741	0.145	0.637	0.143	0.599	0.731	0.470	0.145	0.508	0.675	0.436	0.151	0.839	0.150	0.622												
14:20:00													0.796	0.146	0.701	0.533	0.729	0.147	0.679	0.588	0.744	0.152	0.596	0.147	0.781	0.141	0.717	0.543	0.746	0.148	0.697	0.464	0.738	0.143	0.602	0.145	0.735	0.145	0.705	0.523	0.729	0.142	0.757	0.364	0.726	0.147	0.605	0.143	0.139	0.633	0.714	0.590	0.145	0.517	0.714	0.467	0.148	0.743	0.148	0.621	0.150	0.605	0.715	0.644	0.150	0.528	0.711	0.520	0.150	0.751	0.145	0.652	0.143	0.641	0.732	0.480	0.145	0.552	0.681	0.460	0.151	0.858	0.149	0.651												
14:40:00													0.811	0.146	0.704	0.558	0.745	0.147	0.684	0.602	0.754	0.152	0.614	0.147	0.799	0.141	0.718	0.568	0.755	0.148	0.701	0.497	0.748	0.143	0.619	0.145	0.759	0.145	0.711	0.550	0.738	0.142	0.762	0.387	0.746	0.147	0.617	0.143	0.139	0.660	0.718	0.630	0.145	0.555	0.721	0.484	0.148	0.754	0.148	0.629	0.150	0.637	0.731	0.670	0.150	0.572	0.720	0.528	0.150	0.761	0.145	0.666	0.143	0.668	0.731	0.492	0.145	0.588	0.688	0.480	0.151	0.874	0.149	0.674												
15:00:00													0.823	0.146	0.706	0.580	0.757	0.147	0.703	0.622	0.762	0.152	0.633	0.147	0.815	0.141	0.720	0.594	0.763	0.148	0.708	0.514	0.758	0.143	0.633	0.145	0.778	0.145	0.719	0.582	0.747	0.142	0.771	0.405	0.761	0.147	0.626	0.143	0.139	0.660	0.723	0.649	0.145	0.586	0.730	0.499	0.148	0.762	0.148	0.635	0.150	0.660	0.741	0.694	0.150	0.610	0.728	0.542	0.150	0.772	0.145	0.682	0.143	0.697	0.733	0.508	0.145	0.628	0.695	0.497	0.151	0.889	0.149	0.694												
15:20:00													0.833	0.146	0.707	0.598	0.769	0.147	0.708	0.649	0.770	0.152	0.651	0.147	0.823	0.141	0.722	0.622	0.773	0.148	0.717	0.537	0.766	0.143	0.643	0.145	0.792	0.145	0.729	0.631	0.756	0.142	0.780	0.415	0.774	0.147	0.635	0.143	0.139	0.673	0.729	0.668	0.144	0.612	0.739	0.521	0.148	0.771	0.148	0.641	0.150	0.671	0.748	0.713	0.150	0.627	0.737	0.559	0.150	0.783	0.145	0.696	0.143	0.748	0.738	0.530	0.145	0.643	0.704	0.515	0.151	0.905	0.149	0.715												
15:40:00													0.848	0.146	0.711	0.620	0.777	0.147	0.712	0.675	0.781	0.152	0.668	0.147	0.836	0.141	0.732	0.637	0.786	0.148	0.729	0.557	0.776	0.143	0.655	0.145	0.810	0.145	0.742	0.658	0.769	0.143	0.788	0.433	0.796	0.148	0.644	0.143	0.140	0.693	0.739	0.679	0.145	0.637	0.748	0.544	0.148	0.786	0.148	0.651	0.150	0.715	0.753	0.707	0.150	0.635	0.746	0.583	0.149	0.798	0.145	0.709	0.144	0.786	0.747	0.550	0.145	0.648	0.719	0.523	0.151	0.923	0.149	0.734												
16:00:00													0.857	0.146	0.712	0.646	0.780	0.147	0.716	0.704	0.788	0.152	0.684	0.147	0.846	0.141	0.736	0.632	0.794	0.148	0.739	0.586	0.782	0.143	0.666	0.145	0.818	0.145	0.749	0.650	0.776	0.143	0.790	0.450	0.808	0.148	0.653	0.143	0.140	0.736	0.740	0.709	0.145	0.684	0.752	0.564	0.148	0.795	0.148	0.659	0.150	0.764	0.756	0.725	0.150	0.659	0.751	0.592	0.149	0.807	0.145	0.722	0.144	0.826	0.752	0.566	0.145	0.664	0.724	0.552	0.151	0.938	0.149	0.753												
16:20:00													0.863	0.146	0.707	0.681	0.786	0.147	0.720	0.729	0.791	0.152	0.697	0.147	0.851	0.141	0.736	0.665	0.797	0.148	0.744	0.610	0.786	0.143	0.677	0.145	0.821	0.145	0.749	0.678	0.782	0.142	0.793	0.465	0.818	0.147	0.661	0.143	0.139	0.787	0.736	0.736	0.144	0.706	0.753	0.571	0.148	0.799	0.148	0.668	0.150	0.809	0.759	0.744	0.150	0.706	0.754	0.607	0.150	0.814	0.145	0.736	0.143	0.879	0.753	0.582	0.145	0.705	0.723	0.571	0.151	0.952	0.149	0.774												
16:40:00													0.871	0.146	0.709	0.699	0.787	0.147	0.727	0.753	0.798	0.152	0.711	0.147	0.853	0.141	0.742	0.682	0.806	0.148	0.752	0.632	0.792	0.143	0.688	0.145	0.829	0.145	0.756	0.703	0.790	0.142	0.797	0.480	0.832	0.147	0.673	0.143	0.139	0.830	0.739	0.746	0.144	0.747	0.757	0.580	0.147	0.809	0.148	0.679	0.150	0.858	0.768	0.753	0.150	0.732	0.759	0.623	0.150	0.824	0.145	0.749	0.143	0.916	0.763	0.598	0.145	0.762	0.725	0.605	0.151	0.972	0.149	0.792												
17:00:00													0.879	0.146	0.711	0.724	0.796	0.147	0.733	0.780	0.805	0.152	0.729	0.147	0.858	0.141	0.746	0.704	0.814	0.148	0.759	0.640	0.799	0.143	0.698	0.145	0.837	0.145	0.762	0.727	0.799	0.142	0.800	0.494	0.846	0.148	0.682	0.143	0.139	0.887	0.744	0.758	0.144	0.812	0.763	0.602	0.147	0.818	0.148	0.690	0.150	0.917	0.772	0.775	0.150	0.788	0.764	0.647	0.150	0.833	0.145	0.762	0.143	0.962	0.772	0.611	0.145	0.830	0.730	0.634	0.151	0.995	0.149	0.808												
17:20:00													0.887	0.146	0.713	0.752	0.801	0.147	0.738	0.782	0.812	0.152	0.745	0.147	0.865	0.141	0.752	0.728	0.823	0.148	0.762	0.654	0.808	0.143	0.710	0.145	0.844	0.145	0.770	0.755	0.806	0.142	0.804	0.512	0.859	0.148	0.693	0.143	0.139	0.938	0.747	0.762	0.144	0.872	0.769	0.632	0.147	0.829	0.148	0.702	0.150	0.950	0.778	0.777	0.150	0.846	0.770	0.669	0.150	0.844	0.145	0.777	0.143	0.984	0.778	0.625	0.145	0.872	0.733	0.646	0.151	1.009	0.149	0.825												
17:40:00													0.892	0.146	0.717	0.772	0.814	0.147	0.741	0.793	0.820	0.152	0.761	0.147	0.873	0.141	0.759	0.738	0.832	0.148	0.763	0.671	0.817	0.143	0.722	0.145	0.850	0.145	0.777	0.772	0.815	0.142	0.808	0.532	0.873	0.148	0.703	0.143	0.139	0.964	0.753	0.768	0.144	0.912	0.776	0.650	0.147	0.840	0.148	0.715	0.150	0.957	0.785	0.768	0.150	0.884	0.776	0.707	0.150	0.851	0.145	0.793	0.143	1.012	0.786	0.625	0.145	0.926	0.738	0.683	0.151	1.023	0.149	0.842												
18:00:00													0.898	0.146	0.722	0.780	0.823	0.147	0.746	0.796	0.829	0.153	0.775	0.147	0.880	0.141	0.766	0.760	0.839	0.148	0.770	0.697	0.826	0.143	0.734	0.145	0.857	0.145	0.783	0.793	0.823	0.142	0.813	0.560	0.886	0.148	0.713	0.143	0.139	0.986	0.758	0.779	0.145	0.956	0.780	0.684	0.147	0.850	0.148	0.729	0.150	0.981	0.791	0.773	0.149	0.934	0.781	0.737	0.150	0.865	0.145	0.810	0.143	1.049	0.796	0.634	0.145	0.957	0.742	0.707	0.151	1.033	0.149	0.860												
18:20:00													0.905	0.146	0.726	0.762	0.828	0.147	0.750	0.800	0.837	0.153	0.789	0.147	0.886	0.141	0.772	0.765	0.848	0.148	0.775	0.717	0.835	0.143	0.744	0.146	0.863	0.145	0.787	0.815	0.829	0.143	0.817	0.575	0.899	0.148	0.723	0.143	0.140	1.026	0.762	0.800	0.145	0.992	0.785	0.719	0.147	0.860	0.148	0.741	0.150	1.014	0.796	0.799	0.149	0.974	0.787	0.765	0.150	0.873	0.145	0.825	0.143	1.073	0.797	0.656	0.145	1.013	0.747	0.740	0.151	1.045	0.149	0.878												
18:40:00													0.911	0.146	0.730	0.784	0.837	0.147	0.755	0.831	0.846	0.153	0.802	0.147	0.894	0.141	0.777	0.777	0.857	0.148	0.780	0.740	0.844	0.143	0.756	0.145	0.871	0.145	0.790	0.828	0.835	0.143	0.823	0.610	0.912	0.148	0.733	0.143	0.140	1.058	0.768	0.812	0.144	1.018	0.791	0.750	0.147	0.870	0.148	0.755	0.150	1.039	0.802	0.829	0.149	1.004	0.793	0.784	0.150	0.882	0.145	0.842	0.143	1.098	0.808	0.666	0.146	1.029	0.752	0.748	0.151	1.057	0.149	0.896												
19:00:00													0.917	0.146	0.735	0.802	0.848	0.147	0.760	0.850	0.854	0.153	0.816	0.147	0.900	0.141	0.783	0.784	0.865	0.148	0.785	0.767	0.852	0.143	0.766	0.145	0.877	0.145	0.793	0.859	0.844	0.143	0.825	0.629	0.923	0.148	0.741	0.143	0.140	1.099	0.773	0.818	0.145	1.058	0.796	0.772	0.147	0.879	0.148	0.770	0.150	1.077	0.805	0.846	0.149	1.036	0.800	0.807	0.150	0.891	0.145	0.858	0.143	1.126	0.828	0.669	0.145	1.074	0.756	0.762	0.151	1.069	0.149	0.912												
19:20:00													0.924	0.146	0.739	0.818	0.854	0.147	0.764	0.874	0.863	0.153	0.831	0.147	0.907	0.141	0.788	0.813	0.872	0.148	0.792	0.770	0.862	0.143	0.777	0.145	0.883	0.145	0.794	0.875	0.853	0.143	0.830	0.661	0.934	0.148	0.749	0.143	0.140	1.119	0.777	0.834	0.144	1.084	0.803	0.799	0.147	0.888	0.148	0.785	0.150	1.100	0.809	0.856	0.149	1.073	0.807	0.805	0.149	0.901	0.145	0.874	0.143	1.136	0.840	0.704	0.146	1.096	0.759	0.791	0.151	1.081	0.149	0.928												
19:40:00													0.932	0.146	0.743	0.832	0.859	0.147	0.773	0.892	0.871	0.153	0.846	0.147	0.914	0.141	0.794	0.824	0.880	0.148	0.799	0.798	0.870	0.143	0.788	0.145	0.891	0.145	0.796	0.901	0.861	0.143	0.834	0.685	0.948	0.148	0.757	0.143	0.140	1.138	0.782	0.840	0.144	1.107	0.808	0.813	0.147	0.898	0.148	0.799	0.150	1.117	0.813	0.862	0.149	1.103	0.813	0.832	0.149	0.913	0.145	0.890	0.143	1.161	0.849	0.737	0.146	1.120	0.764	0.801	0.151	1.092	0.149	0.941												
20:00:00													0.940	0.146	0.749	0.843	0.868	0.147	0.786	0.913	0.878	0.153	0.860	0.147	0.920	0.141	0.799	0.833	0.888	0.148	0.806	0.794	0.879	0.143	0.800	0.145	0.899	0.145	0.800	0.923	0.868	0.143	0.837	0.691	0.961	0.148	0.764	0.143	0.140	1.161	0.786	0.852	0.144	1.128	0.814	0.820	0.147	0.905	0.148	0.811	0.150	1.142	0.819	0.895	0.149	1.132	0.819	0.846	0.149	0.922	0.145	0.905	0.143	1.185	0.855	0.751	0.146	1.153	0.766	0.836	0.151	1.105	0.149	0.954												
20:20:00													0.948	0.146	0.754	0.860	0.879	0.147	0.796	0.950	0.886	0.153	0.875	0.147	0.927	0.141	0.804	0.855	0.896	0.148	0.811	0.801	0.888	0.143	0.810	0.145	0.907	0.145	0.804	0.934	0.875	0.143	0.839	0.706	0.976	0.148	0.773	0.143	0.140	1.181	0.790	0.863	0.144	1.148	0.819	0.839	0.147	0.913	0.148	0.825	0.150	1.167	0.823	0.901	0.149	1.156	0.823	0.859	0.149	0.933	0.145	0.921	0.143	1.206	0.858	0.759	0.146	1.189	0.771	0.845	0.151	1.121	0.149	0.968												
20:40:00													0.956	0.145	0.759	0.905	0.888	0.147	0.803	0.946	0.894	0.153	0.888	0.147	0.933	0.141	0.808	0.868	0.903	0.148	0.816	0.830	0.896	0.143	0.821	0.145	0.914	0.145	0.806	0.954	0.880	0.143	0.841	0.720	0.989	0.148	0.780	0.143	0.140	1.202	0.794	0.871	0.144	1.175	0.824	0.846	0.147	0.925	0.148	0.838	0.150	1.195	0.832	0.930	0.149	1.181	0.827	0.875	0.149	0.942	0.145	0.936	0.143	1.235	0.862	0.758	0.145	1.201	0.775	0.878	0.151	1.134	0.149	0.980												
21:00:00													0.965	0.145	0.770	0.916	0.900	0.147	0.809	0.963	0.901	0.153	0.901	0.147	0.939	0.141	0.812	0.883	0.910	0.148	0.820	0.849	0.904	0.143	0.829	0.145	0.922	0.145	0.810	0.981	0.888	0.142	0.844	0.737	1.003	0.148	0.787	0.143	0.140	1.217	0.798	0.880	0.144	1.192	0.827	0.854	0.147	0.932	0.148	0.851	0.150	1.219	0.836	0.940	0.149	1.196	0.831	0.878	0.149	0.950	0.145	0.949	0.143	1.257	0.863	0.767	0.146	1.226	0.786	0.876	0.151	1.143	0.149	0.993												
21:20:00													0.972	0.146	0.785	0.944	0.909	0.147	0.815	0.967	0.909	0.153	0.914	0.147	0.945	0.141	0.817	0.894	0.916	0.148	0.825	0.856	0.912	0.143	0.838	0.145	0.930	0.145	0.815	1.003	0.894	0.143	0.847	0.750	1.016	0.148	0.795	0.143	0.140	1.226	0.803	0.892	0.144	1.208	0.831	0.868	0.147	0.941	0.148	0.864	0.150	1.245	0.835	0.960	0.149	1.220	0.834	0.901	0.149	0.959	0.145	0.963	0.143	1.280	0.864	0.777	0.145	1.240	0.806	0.872	0.151	1.151	0.149	1.006												
21:40:00													0.979	0.145	0.803	0.953	0.920	0.147	0.820	0.982	0.916	0.153	0.926	0.147	0.951	0.141	0.822	0.911	0.923	0.148	0.827	0.869	0.920	0.143	0.846	0.145	0.937	0.145	0.826	1.018	0.900	0.143	0.850	0.759	1.028	0.148	0.803	0.143	0.140	1.243	0.810	0.913	0.144	1.233	0.834	0.882	0.147	0.951	0.148	0.878	0.150	1.271	0.835	0.982	0.149	1.228	0.837	0.912	0.149	0.968	0.145	0.976	0.143	1.295	0.866	0.782	0.145	1.252	0.825	0.903	0.151	1.158	0.149	1.018												
22:00:01													0.992	0.146	0.821	0.964	0.932	0.147	0.833	0.999	0.926	0.152	0.938	0.147	0.962	0.141	0.832	0.934	0.935	0.148	0.833	0.868	0.930	0.144	0.855	0.145	0.950	0.145	0.846	1.031	0.912	0.143	0.856	0.771	1.042	0.148	0.811	0.143	0.140	1.261	0.832	0.915	0.145	1.256	0.839	0.894	0.148	0.962	0.148	0.892	0.150	1.296	0.838	1.003	0.150	1.232	0.840	0.913	0.149	0.981	0.145	0.988	0.144	1.313	0.875	0.790	0.146	1.274	0.843	0.920	0.151	1.163	0.149	1.029												
22:20:01													0.995	0.146	0.820	0.959	0.938	0.147	0.828	1.010	0.930	0.153	0.948	0.147	0.961	0.141	0.834	0.938	0.937	0.148	0.832	0.899	0.934	0.143	0.862	0.145	0.950	0.145	0.849	1.045	0.914	0.143	0.857	0.783	1.049	0.148	0.816	0.143	0.140	1.276	0.838	0.918	0.145	1.265	0.840	0.896	0.147	0.965	0.148	0.904	0.150	1.312	0.836	1.016	0.149	1.248	0.843	0.923	0.149	0.986	0.145	1.005	0.144	1.329	0.869	0.810	0.146	1.298	0.848	0.935	0.151	1.169	0.149	1.045												
22:40:01													1.003	0.146	0.826	0.981	0.947	0.147	0.830	1.018	0.936	0.153	0.958	0.147	0.966	0.141	0.850	0.940	0.943	0.148	0.835	0.909	0.941	0.143	0.869	0.145	0.957	0.145	0.861	1.052	0.921	0.143	0.861	0.790	1.059	0.148	0.823	0.143	0.140	1.283	0.852	0.920	0.144	1.287	0.844	0.902	0.147	0.970	0.148	0.918	0.150	1.339	0.837	1.025	0.149	1.262	0.852	0.944	0.149	0.995	0.145	1.017	0.144	1.345	0.871	0.824	0.146	1.296	0.853	0.938	0.151	1.173	0.149	1.057												
23:00:01													1.009	0.146	0.828	0.984	0.958	0.147	0.833	1.032	0.944	0.153	0.968	0.147	0.972	0.141	0.865	0.941	0.950	0.148	0.839	0.926	0.947	0.143	0.876	0.145	0.963	0.145	0.872	1.058	0.928	0.143	0.864	0.798	1.069	0.148	0.830	0.143	0.140	1.308	0.862	0.926	0.144	1.300	0.850	0.914	0.147	0.978	0.148	0.930	0.150	1.356	0.838	1.038	0.149	1.285	0.861	0.960	0.149	1.005	0.145	1.030	0.144	1.352	0.873	0.828	0.146	1.326	0.857	0.963	0.151	1.177	0.149	1.068												
23:20:01													1.018	0.145	0.831	0.993	0.966	0.147	0.835	1.042	0.950	0.153	0.978	0.147	0.977	0.141	0.879	0.953	0.957	0.148	0.852	0.937	0.954	0.143	0.885	0.145	0.969	0.145	0.878	1.066	0.933	0.143	0.869	0.808	1.087	0.148	0.837	0.143	0.140	1.326	0.867	0.943	0.144	1.312	0.861	0.924	0.147	0.986	0.148	0.943	0.150	1.372	0.838	1.049	0.149	1.296	0.866	0.963	0.149	1.015	0.145	1.042	0.144	1.357	0.875	0.819	0.145	1.335	0.858	0.966	0.151	1.179	0.149	1.079												
23:40:01													1.027	0.145	0.834	1.005	0.978	0.147	0.837	1.050	0.957	0.153	0.988	0.147	0.982	0.141	0.894	0.959	0.963	0.148	0.861	0.950	0.961	0.143	0.893	0.145	0.974	0.145	0.884	1.076	0.938	0.143	0.876	0.808	1.093	0.148	0.844	0.143	0.140	1.343	0.871	0.954	0.144	1.325	0.867	0.929	0.147	0.993	0.148	0.954	0.150	1.389	0.838	1.055	0.149	1.308	0.869	0.966	0.149	1.024	0.145	1.052	0.144	1.368	0.877	0.813	0.145	1.352	0.859	1.004	0.151	1.181	0.149	1.091												
24:00:01													1.034	0.145	0.836	1.014	0.988	0.147	0.839	1.059	0.963	0.153	0.998	0.147	0.989	0.142	0.906	0.958	0.970	0.148	0.868	0.968	0.966	0.143	0.901	0.145	0.980	0.145	0.889	1.089	0.944	0.143	0.889	0.821	1.104	0.148	0.852	0.143	0.140	1.359	0.873	0.970	0.144	1.335	0.869	0.943	0.147	1.002	0.148	0.969	0.150	1.382	0.838	1.055	0.149	1.315	0.871	0.967	0.149	1.033	0.145	1.063	0.144	1.376	0.878	0.823	0.146	1.369	0.858	0.999	0.151	1.183	0.149	1.101												
24:20:01													1.043	0.145	0.835	1.015	0.998	0.147	0.841	1.064	0.969	0.153	1.007	0.147	0.995	0.142	0.914	0.971	0.976	0.148	0.874	0.979	0.972	0.143	0.908	0.145	0.986	0.145	0.888	1.086	0.951	0.142	0.903	0.823	1.114	0.148	0.859	0.143	0.140	1.373	0.874	0.974	0.144	1.349	0.870	0.963	0.147	1.009	0.148	0.984	0.150	1.390	0.839	1.063	0.149	1.330	0.871	0.992	0.149	1.042	0.145	1.073	0.144	1.382	0.879	0.829	0.146	1.382	0.856	1.007	0.151	1.184	0.149	1.111												
24:40:01													1.052	0.145	0.836	1.025	1.001	0.147	0.843	1.070	0.976	0.153	1.015	0.147	1.000	0.142	0.915	0.985	0.982	0.148	0.879	0.977	0.978	0.143	0.916	0.145	0.991	0.145	0.890	1.105	0.956	0.143	0.912	0.831	1.122	0.148	0.866	0.143	0.140	1.387	0.874	0.987	0.144	1.358	0.871	0.974	0.147	1.015	0.148	0.999	0.150	1.407	0.841	1.073	0.149	1.345	0.870	1.006	0.149	1.050	0.145	1.084	0.144	1.385	0.881	0.839	0.146	1.390	0.856	1.022	0.151	1.185	0.148	1.120												
25:00:01													1.060	0.146	0.837	1.037	1.009	0.147	0.845	1.074	0.982	0.153	1.025	0.147	1.006	0.141	0.915	1.004	0.988	0.148	0.880	0.985	0.984	0.143	0.924	0.145	0.997	0.145	0.889	1.108	0.961	0.143	0.914	0.856	1.126	0.148	0.872	0.143	0.140	1.409	0.875	0.998	0.144	1.378	0.870	0.978	0.147	1.022	0.148	1.013	0.150	1.415	0.842	1.081	0.149	1.355	0.868	1.008	0.149	1.058	0.145	1.093	0.144	1.387	0.880	0.850	0.146	1.411	0.854	1.044	0.151	1.185	0.149	1.130												
25:20:01													1.068	0.146	0.837	1.052	1.018	0.147	0.846	1.075	0.990	0.153	1.037	0.147	1.012	0.142	0.913	1.005	0.995	0.148	0.880	0.977	0.989	0.143	0.930	0.145	1.003	0.145	0.888	1.121	0.969	0.143	0.915	0.871	1.131	0.148	0.881	0.143	0.140	1.424	0.875	1.015	0.144	1.386	0.870	0.984	0.147	1.028	0.148	1.028	0.150	1.427	0.845	1.084	0.149	1.372	0.866	1.010	0.149	1.065	0.145	1.104	0.144	1.389	0.881	0.858	0.146	1.426	0.854	1.045	0.151	1.186	0.148	1.142												
25:40:01													1.074	0.146	0.838	1.056	1.025	0.147	0.847	1.071	0.996	0.153	1.052	0.147	1.017	0.141	0.911	1.028	1.002	0.148	0.878	0.984	0.994	0.143	0.938	0.145	1.008	0.145	0.887	1.125	0.975	0.142	0.913	0.882	1.136	0.148	0.885	0.143	0.140	1.431	0.875	1.028	0.144	1.407	0.869	0.993	0.147	1.034	0.148	1.043	0.150	1.436	0.846	1.096	0.149	1.381	0.864	1.017	0.150	1.071	0.145	1.113	0.144	1.392	0.881	0.861	0.146	1.440	0.852	1.054	0.151	1.185	0.148	1.151												
26:00:01													1.080	0.146	0.841	1.069	1.032	0.146	0.848	1.071	1.003	0.153	1.067	0.147	1.023	0.141	0.909	1.042	1.007	0.148	0.876	0.986	1.000	0.143	0.947	0.145	1.013	0.145	0.887	1.137	0.981	0.142	0.911	0.898	1.141	0.148	0.891	0.143	0.140	1.435	0.876	1.032	0.144	1.415	0.868	1.004	0.147	1.043	0.148	1.055	0.150	1.441	0.847	1.089	0.149	1.410	0.864	1.014	0.149	1.079	0.145	1.121	0.144	1.397	0.880	0.863	0.146	1.455	0.851	1.058	0.151	1.185	0.148	1.164												
26:20:01													1.088	0.146	0.842	1.078	1.040	0.146	0.849	1.070	1.009	0.153	1.077	0.147	1.028	0.141	0.907	1.054	1.014	0.148	0.875	1.013	1.005	0.143	0.954	0.145	1.018	0.144	0.886	1.144	0.987	0.142	0.908	0.904	1.148	0.148	0.897	0.143	0.140	1.441	0.876	1.041	0.144	1.416	0.867	1.012	0.147	1.050	0.148	1.069	0.150	1.444	0.849	1.091	0.149	1.424	0.862	1.034	0.149	1.087	0.145	1.131	0.144	1.399	0.880	0.862	0.146	1.458	0.850	1.060	0.151	1.184	0.148	1.177												
26:40:01													1.093	0.145	0.843	1.084	1.047	0.146	0.850	1.068	1.016	0.153	1.084	0.147	1.034	0.141	0.905	1.064	1.020	0.148	0.874	1.019	1.010	0.143	0.961	0.145	1.023	0.144	0.884	1.147	0.992	0.142	0.906	0.927	1.155	0.148	0.904	0.143	0.140	1.448	0.876	1.046	0.144	1.428	0.866	1.019	0.147	1.059	0.148	1.081	0.150	1.445	0.848	1.100	0.149	1.427	0.861	1.040	0.149	1.094	0.145	1.139	0.144	1.403	0.880	0.864	0.146	1.457	0.848	1.061	0.151	1.183	0.148	1.189												
27:00:01													1.100	0.145	0.844	1.086	1.055	0.146	0.850	1.066	1.022	0.153	1.089	0.147	1.040	0.141	0.904	1.078	1.026	0.148	0.873	1.023	1.016	0.143	0.968	0.145	1.028	0.144	0.882	1.153	0.998	0.143	0.904	0.925	1.162	0.148	0.910	0.143	0.140	1.452	0.877	1.050	0.144	1.441	0.865	1.021	0.147	1.065	0.148	1.092	0.150	1.449	0.847	1.105	0.149	1.440	0.861	1.038	0.149	1.101	0.145	1.149	0.144	1.406	0.879	0.866	0.145	1.456	0.847	1.059	0.151	1.182	0.148	1.197												
27:20:01													1.106	0.145	0.845	1.090	1.063	0.146	0.852	1.069	1.028	0.153	1.093	0.147	1.046	0.142	0.903	1.086	1.032	0.148	0.874	1.036	1.022	0.143	0.975	0.145	1.034	0.144	0.882	1.161	1.003	0.143	0.903	0.937	1.171	0.148	0.916	0.143	0.140	1.453	0.877	1.056	0.144	1.455	0.866	1.025	0.147	1.072	0.148	1.105	0.150	1.451	0.848	1.113	0.149	1.448	0.862	1.065	0.149	1.109	0.145	1.162	0.144	1.407	0.879	0.868	0.146	1.457	0.847	1.058	0.151	1.181	0.148	1.206												
27:40:01													1.116	0.145	0.851	1.095	1.078	0.146	0.859	1.075	1.036	0.152	1.105	0.146	1.058	0.141	0.906	1.091	1.042	0.148	0.875	1.040	1.029	0.144	0.983	0.145	1.045	0.144	0.887	1.168	1.012	0.143	0.903	0.950	1.183	0.148	0.924	0.143	0.140	1.457	0.883	1.066	0.144	1.470	0.868	1.032	0.147	1.085	0.148	1.116	0.150	1.453	0.850	1.122	0.149	1.455	0.864	1.079	0.149	1.120	0.145	1.173	0.144	1.409	0.884	0.875	0.146	1.458	0.849	1.061	0.151	1.180	0.149	1.211												
28:00:01													1.117	0.145	0.845	1.089	1.086	0.146	0.852	1.075	1.039	0.153	1.103	0.147	1.058	0.142	0.900	1.086	1.042	0.148	0.872	1.039	1.031	0.143	0.988	0.145	1.044	0.144	0.881	1.162	1.013	0.142	0.901	0.960	1.186	0.148	0.928	0.143	0.140	1.458	0.878	1.076	0.144	1.480	0.865	1.033	0.147	1.087	0.148	1.127	0.150	1.452	0.845	1.122	0.148	1.466	0.863	1.080	0.149	1.127	0.145	1.186	0.144	1.408	0.879	0.874	0.146	1.460	0.846	1.062	0.151	1.178	0.148	1.221												
28:20:01													1.126	0.145	0.846	1.090	1.098	0.146	0.853	1.077	1.046	0.153	1.105	0.147	1.063	0.141	0.898	1.092	1.047	0.148	0.873	1.054	1.036	0.143	0.994	0.145	1.050	0.144	0.880	1.165	1.018	0.143	0.902	0.970	1.190	0.148	0.933	0.143	0.140	1.459	0.877	1.077	0.144	1.489	0.866	1.040	0.147	1.092	0.148	1.139	0.150	1.455	0.844	1.125	0.148	1.471	0.863	1.093	0.149	1.136	0.146	1.194	0.144	1.417	0.878	0.875	0.145	1.463	0.844	1.065	0.151	1.176	0.148	1.228												
28:40:01													1.134	0.145	0.846	1.091	1.107	0.146	0.852	1.079	1.050	0.153	1.108	0.147	1.069	0.142	0.896	1.094	1.051	0.148	0.873	1.061	1.040	0.143	1.000	0.145	1.055	0.144	0.879	1.170	1.023	0.143	0.902	0.980	1.192	0.148	0.938	0.143	0.140	1.461	0.876	1.079	0.144	1.496	0.867	1.047	0.147	1.101	0.149	1.153	0.150	1.457	0.843	1.127	0.148	1.475	0.865	1.103	0.149	1.142	0.145	1.202	0.144	1.426	0.878	0.874	0.146	1.466	0.843	1.063	0.151	1.173	0.148	1.232												
29:00:01													1.143	0.145	0.846	1.091	1.113	0.146	0.851	1.080	1.056	0.153	1.110	0.147	1.072	0.141	0.894	1.100	1.056	0.148	0.873	1.070	1.045	0.143	1.006	0.145	1.058	0.144	0.878	1.174	1.028	0.142	0.902	0.989	1.194	0.148	0.942	0.143	0.140	1.463	0.877	1.086	0.144	1.501	0.868	1.050	0.147	1.107	0.148	1.166	0.150	1.458	0.841	1.128	0.148	1.479	0.867	1.108	0.149	1.147	0.146	1.209	0.144	1.431	0.878	0.878	0.146	1.468	0.842	1.066	0.151	1.172	0.148	1.236												
29:20:01													1.157	0.145	0.851	1.096	1.121	0.146	0.858	1.084	1.065	0.152	1.116	0.146	1.083	0.141	0.897	1.108	1.067	0.149	0.876	1.087	1.053	0.144	1.012	0.145	1.068	0.144	0.881	1.181	1.037	0.143	0.906	1.007	1.201	0.148	0.949	0.142	0.141	1.469	0.882	1.093	0.144	1.505	0.872	1.065	0.147	1.116	0.148	1.176	0.150	1.460	0.845	1.135	0.149	1.482	0.871	1.115	0.149	1.155	0.146	1.213	0.145	1.440	0.882	0.884	0.146	1.468	0.844	1.068	0.151	1.171	0.149	1.238												
29:40:01													1.168	0.145	0.850	1.096	1.124	0.146	0.857	1.085	1.073	0.152	1.116	0.146	1.087	0.141	0.895	1.112	1.072	0.148	0.877	1.089	1.058	0.144	1.018	0.145	1.072	0.144	0.879	1.183	1.043	0.143	0.906	1.010	1.203	0.148	0.953	0.142	0.141	1.470	0.881	1.096	0.144	1.507	0.874	1.069	0.147	1.124	0.148	1.185	0.150	1.462	0.843	1.133	0.149	1.486	0.871	1.123	0.148	1.160	0.146	1.219	0.145	1.448	0.883	0.880	0.146	1.467	0.843	1.070	0.151	1.169	0.149	1.239												
30:00:01													1.178	0.145	0.849	1.098	1.126	0.146	0.858	1.086	1.084	0.152	1.116	0.146	1.091	0.141	0.895	1.114	1.076	0.148	0.878	1.094	1.062	0.144	1.024	0.145	1.076	0.144	0.878	1.185	1.047	0.143	0.907	1.014	1.204	0.148	0.957	0.143	0.141	1.472	0.881	1.099	0.144	1.508	0.874	1.079	0.147	1.132	0.148	1.194	0.150	1.465	0.843	1.137	0.149	1.484	0.872	1.125	0.148	1.165	0.146	1.222	0.145	1.429	0.883	0.884	0.146	1.465	0.842	1.073	0.151	1.168	0.149	1.241												
30:20:01													1.176	0.145	0.844	1.096	1.124	0.146	0.851	1.081	1.090	0.153	1.111	0.147	1.091	0.141	0.889	1.112	1.076	0.148	0.876	1.102	1.063	0.143	1.029	0.145	1.074	0.144	0.872	1.182	1.049	0.142	0.906	1.017	1.201	0.148	0.959	0.143	0.140	1.472	0.875	1.097	0.144	1.508	0.872	1.081	0.147	1.138	0.149	1.203	0.150	1.467	0.837	1.133	0.148	1.486	0.870	1.130	0.149	1.165	0.146	1.226	0.144	1.386	0.878	0.877	0.146	1.464	0.838	1.076	0.151	1.165	0.148	1.242												
30:40:01													1.178	0.145	0.844	1.101	1.125	0.146	0.851	1.082	1.096	0.153	1.109	0.147	1.095	0.142	0.888	1.115	1.080	0.148	0.877	1.112	1.067	0.143	1.035	0.145	1.079	0.144	0.871	1.185	1.054	0.143	0.907	1.025	1.202	0.148	0.964	0.143	0.140	1.474	0.875	1.098	0.144	1.509	0.873	1.083	0.146	1.146	0.149	1.210	0.150	1.470	0.836	1.134	0.148	1.485	0.873	1.141	0.149	1.169	0.146	1.229	0.144	1.352	0.878	0.876	0.146	1.470	0.838	1.077	0.152	1.164	0.148	1.242												
31:00:01													1.178	0.145	0.843	1.102	1.124	0.146	0.850	1.084	1.102	0.153	1.109	0.147	1.098	0.142	0.886	1.115	1.086	0.148	0.878	1.112	1.071	0.143	1.041	0.145	1.082	0.144	0.869	1.189	1.060	0.143	0.907	1.035	1.202	0.148	0.968	0.143	0.140	1.474	0.875	1.099	0.144	1.510	0.874	1.085	0.147	1.150	0.149	1.216	0.150	1.471	0.835	1.137	0.148	1.487	0.873	1.143	0.148	1.173	0.146	1.230	0.144	1.330	0.878	0.879	0.146	1.467	0.836	1.079	0.151	1.163	0.148	1.242												
31:20:01													1.179	0.145	0.842	1.106	1.124	0.146	0.850	1.086	1.108	0.153	1.107	0.147	1.103	0.142	0.885	1.119	1.093	0.148	0.879	1.118	1.075	0.143	1.048	0.145	1.086	0.144	0.868	1.190	1.065	0.143	0.908	1.051	1.204	0.148	0.972	0.143	0.140	1.475	0.874	1.101	0.144	1.511	0.876	1.097	0.146	1.154	0.149	1.222	0.150	1.476	0.834	1.138	0.148	1.492	0.874	1.145	0.148	1.175	0.146	1.231	0.144	1.320	0.878	0.881	0.146	1.476	0.836	1.081	0.151	1.162	0.148	1.242												
31:40:01													1.179	0.145	0.842	1.107	1.124	0.146	0.850	1.088	1.114	0.153	1.105	0.147	1.107	0.142	0.884	1.122	1.100	0.148	0.881	1.127	1.079	0.143	1.052	0.145	1.089	0.144	0.868	1.194	1.071	0.143	0.908	1.052	1.203	0.148	0.977	0.143	0.140	1.478	0.872	1.104	0.144	1.514	0.876	1.104	0.146	1.156	0.149	1.227	0.150	1.481	0.833	1.140	0.148	1.495	0.874	1.149	0.149	1.177	0.146	1.231	0.144	1.320	0.878	0.884	0.146	1.488	0.835	1.084	0.152	1.159	0.148	1.241												
32:00:01													1.178	0.145	0.840	1.104	1.123	0.146	0.850	1.089	1.119	0.153	1.104	0.147	1.113	0.142	0.883	1.122	1.105	0.148	0.882	1.134	1.083	0.144	1.058	0.145	1.093	0.144	0.866	1.196	1.079	0.143	0.909	1.062	1.203	0.148	0.981	0.143	0.140	1.480	0.872	1.106	0.144	1.516	0.877	1.112	0.146	1.158	0.149	1.231	0.150	1.482	0.833	1.142	0.148	1.497	0.876	1.153	0.148	1.178	0.146	1.230	0.144	1.324	0.877	0.887	0.146	1.497	0.834	1.086	0.152	1.158	0.148	1.239												
32:20:01													1.178	0.145	0.840	1.107	1.123	0.146	0.849	1.092	1.124	0.153	1.103	0.147	1.122	0.142	0.881	1.125	1.109	0.148	0.882	1.138	1.086	0.143	1.063	0.145	1.097	0.144	0.865	1.197	1.085	0.143	0.910	1.063	1.203	0.148	0.984	0.143	0.140	1.483	0.870	1.106	0.144	1.519	0.878	1.118	0.146	1.162	0.149	1.236	0.150	1.485	0.831	1.143	0.148	1.498	0.876	1.158	0.148	1.178	0.146	1.230	0.144	1.329	0.877	0.891	0.146	1.499	0.832	1.086	0.152	1.156	0.148	1.236												
32:40:01													1.178	0.145	0.840	1.108	1.123	0.146	0.849	1.093	1.127	0.153	1.100	0.147	1.131	0.142	0.880	1.128	1.114	0.148	0.884	1.142	1.090	0.143	1.069	0.145	1.101	0.144	0.864	1.200	1.089	0.143	0.910	1.068	1.203	0.148	0.988	0.143	0.140	1.489	0.869	1.109	0.144	1.521	0.879	1.120	0.146	1.166	0.149	1.239	0.150	1.489	0.832	1.144	0.148	1.502	0.877	1.161	0.149	1.178	0.146	1.230	0.144	1.334	0.877	0.894	0.146	1.506	0.831	1.087	0.152	1.155	0.148	1.235												
33:00:01													1.179	0.145	0.839	1.113	1.123	0.146	0.850	1.097	1.129	0.153	1.098	0.147	1.140	0.142	0.879	1.132	1.117	0.148	0.885	1.153	1.094	0.143	1.076	0.145	1.105	0.144	0.864	1.200	1.092	0.143	0.911	1.077	1.202	0.148	0.992	0.143	0.140	1.492	0.868	1.110	0.144	1.525	0.880	1.126	0.146	1.169	0.149	1.242	0.150	1.491	0.832	1.144	0.148	1.505	0.879	1.164	0.148	1.178	0.146	1.230	0.144	1.343	0.879	0.895	0.146	1.512	0.831	1.092	0.152	1.155	0.148	1.233												
33:20:01													1.178	0.145	0.839	1.114	1.122	0.146	0.849	1.096	1.128	0.153	1.096	0.147	1.148	0.142	0.880	1.133	1.121	0.148	0.886	1.158	1.099	0.144	1.087	0.145	1.112	0.144	0.863	1.207	1.095	0.143	0.912	1.078	1.202	0.148	0.996	0.143	0.140	1.496	0.868	1.111	0.144	1.524	0.881	1.131	0.146	1.170	0.149	1.244	0.150	1.494	0.830	1.144	0.148	1.504	0.879	1.168	0.148	1.177	0.146	1.230	0.144	1.341	0.877	0.886	0.146	1.523	0.830	1.090	0.152	1.153	0.148	1.230												
33:40:01													1.175	0.145	0.838	1.117	1.123	0.146	0.848	1.099	1.129	0.153	1.095	0.147	1.156	0.142	0.878	1.136	1.124	0.148	0.888	1.159	1.106	0.144	1.094	0.145	1.119	0.144	0.861	1.205	1.096	0.143	0.910	1.081	1.202	0.148	1.000	0.144	0.141	1.499	0.866	1.116	0.143	1.524	0.883	1.138	0.146	1.172	0.149	1.244	0.150	1.497	0.829	1.143	0.148	1.502	0.878	1.169	0.148	1.175	0.146	1.226	0.144	1.345	0.880	0.876	0.145	1.516	0.829	1.095	0.152	1.153	0.148	1.228												
34:00:01													1.177	0.145	0.838	1.121	1.121	0.146	0.849	1.098	1.127	0.153	1.091	0.147	1.162	0.142	0.877	1.138	1.128	0.148	0.888	1.160	1.111	0.143	1.100	0.145	1.127	0.144	0.861	1.207	1.098	0.143	0.912	1.081	1.200	0.148	1.006	0.143	0.140	1.504	0.866	1.117	0.144	1.526	0.882	1.141	0.146	1.173	0.149	1.246	0.150	1.502	0.828	1.147	0.148	1.503	0.878	1.171	0.148	1.176	0.146	1.224	0.144	1.350	0.878	0.861	0.145	1.513	0.828	1.094	0.152	1.150	0.148	1.226												
34:20:01													1.176	0.145	0.838	1.122	1.122	0.146	0.849	1.098	1.125	0.153	1.089	0.147	1.163	0.142	0.876	1.138	1.131	0.148	0.889	1.161	1.115	0.144	1.107	0.145	1.134	0.144	0.862	1.210	1.101	0.143	0.913	1.085	1.199	0.148	1.010	0.143	0.140	1.507	0.864	1.120	0.144	1.525	0.883	1.144	0.146	1.175	0.149	1.246	0.150	1.505	0.828	1.149	0.148	1.505	0.877	1.171	0.149	1.176	0.146	1.222	0.144	1.356	0.878	0.852	0.146	1.499	0.828	1.094	0.152	1.149	0.148	1.224												
34:40:01													1.177	0.145	0.838	1.125	1.122	0.146	0.849	1.100	1.124	0.153	1.084	0.147	1.165	0.142	0.876	1.138	1.134	0.148	0.891	1.164	1.119	0.143	1.113	0.145	1.142	0.144	0.860	1.210	1.105	0.143	0.913	1.088	1.198	0.148	1.014	0.143	0.140	1.510	0.864	1.121	0.144	1.527	0.885	1.148	0.146	1.176	0.149	1.247	0.150	1.510	0.828	1.151	0.148	1.509	0.876	1.175	0.149	1.176	0.146	1.219	0.144	1.358	0.878	0.849	0.146	1.486	0.828	1.091	0.152	1.148	0.148	1.222												
35:00:01													1.175	0.145	0.838	1.128	1.121	0.146	0.848	1.099	1.123	0.153	1.082	0.147	1.164	0.142	0.874	1.141	1.136	0.148	0.891	1.163	1.123	0.143	1.117	0.145	1.150	0.144	0.859	1.212	1.108	0.143	0.914	1.091	1.196	0.148	1.017	0.143	0.141	1.514	0.863	1.122	0.144	1.525	0.885	1.149	0.146	1.177	0.149	1.246	0.150	1.512	0.828	1.155	0.148	1.508	0.876	1.175	0.148	1.176	0.146	1.216	0.144	1.364	0.878	0.849	0.145	1.472	0.827	1.094	0.152	1.147	0.148	1.219												
35:20:01													1.174	0.145	0.837	1.128	1.121	0.146	0.848	1.101	1.124	0.153	1.082	0.147	1.161	0.142	0.874	1.140	1.139	0.148	0.891	1.167	1.128	0.144	1.121	0.145	1.155	0.144	0.859	1.211	1.111	0.143	0.914	1.095	1.197	0.148	1.022	0.144	0.141	1.519	0.862	1.124	0.143	1.526	0.887	1.153	0.146	1.179	0.148	1.246	0.150	1.511	0.826	1.157	0.148	1.509	0.875	1.177	0.148	1.176	0.146	1.213	0.144	1.365	0.880	0.854	0.146	1.446	0.827	1.099	0.152	1.147	0.148	1.217												
35:40:01													1.175	0.145	0.837	1.124	1.120	0.146	0.848	1.100	1.121	0.153	1.075	0.147	1.163	0.142	0.873	1.145	1.140	0.148	0.890	1.167	1.128	0.143	1.124	0.145	1.160	0.144	0.858	1.211	1.114	0.143	0.915	1.097	1.195	0.148	1.029	0.143	0.140	1.522	0.862	1.123	0.144	1.524	0.886	1.159	0.146	1.179	0.149	1.246	0.150	1.514	0.827	1.162	0.148	1.512	0.874	1.178	0.148	1.176	0.146	1.212	0.144	1.366	0.878	0.854	0.146	1.440	0.825	1.098	0.152	1.144	0.148	1.215												
36:00:01													1.176	0.146	0.836	1.125	1.119	0.146	0.847	1.099	1.122	0.153	1.073	0.147	1.162	0.142	0.873	1.143	1.143	0.148	0.890	1.167	1.130	0.144	1.127	0.145	1.161	0.144	0.858	1.214	1.116	0.143	0.916	1.099	1.193	0.148	1.031	0.143	0.141	1.524	0.860	1.126	0.144	1.522	0.888	1.158	0.146	1.180	0.148	1.246	0.150	1.515	0.827	1.165	0.148	1.513	0.874	1.179	0.149	1.176	0.146	1.209	0.144	1.369	0.878	0.856	0.146	1.444	0.825	1.101	0.152	1.143	0.148	1.212												
36:20:01													1.176	0.145	0.836	1.124	1.119	0.146	0.847	1.100	1.121	0.153	1.069	0.147	1.162	0.142	0.873	1.143	1.145	0.148	0.889	1.168	1.132	0.144	1.129	0.145	1.162	0.144	0.857	1.212	1.119	0.143	0.917	1.100	1.192	0.148	1.035	0.143	0.141	1.525	0.860	1.126	0.144	1.522	0.888	1.160	0.146	1.182	0.148	1.246	0.150	1.522	0.827	1.168	0.148	1.516	0.873	1.180	0.148	1.176	0.146	1.207	0.144	1.371	0.878	0.857	0.146	1.453	0.824	1.104	0.152	1.143	0.148	1.211												
36:40:01													1.175	0.145	0.836	1.122	1.118	0.146	0.847	1.101	1.120	0.153	1.066	0.147	1.161	0.142	0.874	1.145	1.148	0.148	0.888	1.169	1.134	0.144	1.131	0.145	1.162	0.144	0.856	1.212	1.121	0.143	0.918	1.102	1.191	0.148	1.038	0.143	0.141	1.524	0.860	1.127	0.144	1.523	0.890	1.162	0.146	1.182	0.148	1.243	0.150	1.521	0.827	1.171	0.148	1.519	0.873	1.181	0.149	1.176	0.146	1.204	0.144	1.373	0.878	0.859	0.146	1.462	0.824	1.108	0.152	1.141	0.148	1.208												
37:00:01													1.175	0.145	0.836	1.120	1.117	0.146	0.847	1.101	1.120	0.153	1.063	0.147	1.160	0.142	0.874	1.148	1.149	0.148	0.887	1.172	1.136	0.144	1.132	0.145	1.162	0.144	0.856	1.213	1.124	0.143	0.919	1.104	1.189	0.148	1.040	0.143	0.141	1.526	0.859	1.126	0.144	1.526	0.890	1.164	0.146	1.183	0.148	1.242	0.150	1.516	0.827	1.174	0.148	1.519	0.872	1.182	0.148	1.176	0.146	1.201	0.144	1.376	0.878	0.862	0.146	1.466	0.823	1.112	0.152	1.141	0.148	1.206												
37:20:01													1.175	0.145	0.836	1.118	1.117	0.146	0.847	1.101	1.120	0.153	1.058	0.147	1.159	0.142	0.875	1.150	1.152	0.148	0.886	1.173	1.138	0.144	1.133	0.145	1.163	0.144	0.855	1.212	1.127	0.143	0.919	1.106	1.188	0.148	1.044	0.143	0.141	1.523	0.858	1.126	0.144	1.528	0.892	1.166	0.146	1.182	0.148	1.241	0.150	1.511	0.828	1.176	0.148	1.522	0.871	1.183	0.149	1.175	0.146	1.199	0.144	1.379	0.879	0.866	0.146	1.463	0.823	1.112	0.152	1.141	0.148	1.205												
37:40:01													1.175	0.145	0.835	1.116	1.117	0.146	0.846	1.101	1.120	0.153	1.055	0.147	1.158	0.142	0.875	1.153	1.154	0.148	0.885	1.175	1.141	0.144	1.134	0.145	1.162	0.144	0.855	1.217	1.130	0.143	0.920	1.109	1.187	0.148	1.046	0.143	0.141	1.521	0.857	1.127	0.144	1.531	0.893	1.169	0.146	1.182	0.148	1.238	0.150	1.502	0.827	1.178	0.148	1.525	0.871	1.183	0.148	1.175	0.146	1.195	0.144	1.381	0.879	0.869	0.146	1.460	0.823	1.114	0.152	1.139	0.148	1.202												
38:00:01													1.172	0.145	0.835	1.115	1.117	0.146	0.845	1.100	1.121	0.153	1.054	0.147	1.156	0.142	0.875	1.151	1.154	0.149	0.886	1.178	1.145	0.144	1.134	0.144	1.160	0.144	0.854	1.217	1.133	0.143	0.919	1.111	1.188	0.148	1.048	0.143	0.141	1.523	0.857	1.129	0.143	1.532	0.894	1.169	0.145	1.181	0.148	1.234	0.150	1.487	0.826	1.177	0.148	1.527	0.869	1.184	0.148	1.173	0.146	1.192	0.144	1.382	0.881	0.876	0.146	1.454	0.823	1.117	0.152	1.140	0.148	1.200												
38:20:01													1.175	0.145	0.836	1.116	1.117	0.146	0.845	1.101	1.119	0.153	1.046	0.147	1.157	0.142	0.875	1.155	1.155	0.148	0.884	1.179	1.147	0.144	1.135	0.145	1.161	0.144	0.854	1.219	1.136	0.143	0.920	1.112	1.186	0.148	1.051	0.143	0.141	1.520	0.857	1.127	0.144	1.534	0.895	1.170	0.146	1.181	0.148	1.234	0.150	1.484	0.827	1.179	0.148	1.530	0.869	1.184	0.148	1.174	0.146	1.192	0.144	1.383	0.879	0.880	0.146	1.457	0.822	1.116	0.152	1.138	0.148	1.198												
38:40:01													1.175	0.145	0.834	1.114	1.116	0.146	0.845	1.099	1.118	0.155	1.043	0.147	1.156	0.142	0.875	1.153	1.155	0.148	0.882	1.179	1.149	0.144	1.135	0.145	1.159	0.144	0.854	1.220	1.137	0.143	0.919	1.113	1.185	0.148	1.052	0.143	0.141	1.522	0.857	1.128	0.144	1.535	0.895	1.172	0.146	1.180	0.148	1.231	0.150	1.474	0.827	1.179	0.148	1.532	0.868	1.186	0.149	1.173	0.146	1.189	0.144	1.384	0.879	0.881	0.146	1.452	0.821	1.117	0.152	1.137	0.148	1.196												
39:00:01													1.175	0.145	0.834	1.114	1.117	0.146	0.845	1.100	1.119	0.155	1.038	0.147	1.154	0.142	0.874	1.156	1.155	0.148	0.882	1.183	1.151	0.143	1.134	0.145	1.159	0.144	0.853	1.221	1.139	0.143	0.918	1.115	1.184	0.148	1.054	0.143	0.141	1.519	0.856	1.130	0.144	1.536	0.896	1.173	0.146	1.179	0.148	1.229	0.150	1.478	0.827	1.179	0.148	1.534	0.867	1.186	0.149	1.172	0.146	1.187	0.144	1.385	0.879	0.884	0.146	1.452	0.821	1.117	0.152	1.136	0.148	1.194												
39:20:01													1.176	0.145	0.834	1.115	1.117	0.146	0.845	1.098	1.119	0.155	1.033	0.147	1.154	0.142	0.874	1.159	1.155	0.148	0.882	1.183	1.155	0.144	1.134	0.145	1.158	0.144	0.853	1.223	1.139	0.143	0.917	1.117	1.183	0.148	1.056	0.143	0.141	1.517	0.856	1.131	0.144	1.537	0.894	1.173	0.145	1.179	0.148	1.228	0.150	1.469	0.828	1.179	0.148	1.532	0.868	1.186	0.148	1.171	0.146	1.185	0.144	1.387	0.881	0.888	0.146	1.453	0.821	1.119	0.152	1.136	0.148	1.193												
39:40:01													1.175	0.145	0.834	1.112	1.116	0.146	0.843	1.096	1.118	0.155	1.032	0.146	1.152	0.142	0.874	1.160	1.155	0.148	0.880	1.184	1.156	0.143	1.132	0.145	1.157	0.144	0.852	1.224	1.139	0.143	0.916	1.118	1.181	0.148	1.056	0.143	0.141	1.515	0.855	1.129	0.144	1.539	0.894	1.174	0.146	1.177	0.148	1.225	0.149	1.460	0.827	1.176	0.148	1.532	0.867	1.185	0.148	1.170	0.146	1.182	0.144	1.386	0.880	0.889	0.146	1.451	0.820	1.116	0.152	1.135	0.148	1.190												
40:00:01													1.176	0.145	0.834	1.112	1.117	0.146	0.843	1.097	1.118	0.155	1.026	0.147	1.152	0.142	0.874	1.164	1.155	0.148	0.880	1.187	1.158	0.144	1.131	0.145	1.157	0.144	0.854	1.226	1.140	0.143	0.916	1.120	1.181	0.148	1.058	0.143	0.141	1.511	0.856	1.133	0.144	1.540	0.895	1.175	0.145	1.176	0.148	1.224	0.149	1.462	0.827	1.175	0.148	1.533	0.866	1.186	0.148	1.170	0.146	1.180	0.144	1.387	0.880	0.889	0.146	1.455	0.821	1.116	0.152	1.135	0.147	1.189												
40:20:01													1.175	0.145	0.833	1.111	1.117	0.146	0.842	1.095	1.118	0.154	1.025	0.147	1.151	0.142	0.874	1.165	1.155	0.148	0.879	1.187	1.159	0.144	1.129	0.145	1.156	0.144	0.852	1.224	1.139	0.143	0.915	1.121	1.180	0.148	1.060	0.143	0.141	1.513	0.855	1.134	0.144	1.540	0.894	1.175	0.146	1.176	0.148	1.221	0.149	1.463	0.827	1.173	0.148	1.533	0.866	1.185	0.148	1.169	0.146	1.178	0.144	1.387	0.880	0.887	0.146	1.457	0.820	1.114	0.152	1.133	0.148	1.187												
40:40:01													1.175	0.145	0.834	1.110	1.117	0.146	0.842	1.094	1.117	0.155	1.020	0.147	1.151	0.142	0.873	1.164	1.154	0.148	0.878	1.188	1.161	0.144	1.129	0.145	1.156	0.144	0.852	1.224	1.139	0.143	0.915	1.121	1.179	0.148	1.062	0.143	0.141	1.514	0.855	1.135	0.144	1.541	0.893	1.176	0.145	1.175	0.148	1.219	0.149	1.464	0.827	1.170	0.148	1.533	0.865	1.185	0.148	1.168	0.146	1.176	0.144	1.386	0.881	0.884	0.146	1.458	0.820	1.112	0.152	1.133	0.147	1.185												
41:00:01													1.175	0.145	0.833	1.108	1.116	0.146	0.841	1.093	1.117	0.155	1.017	0.147	1.149	0.142	0.873	1.165	1.153	0.148	0.877	1.190	1.161	0.144	1.126	0.145	1.154	0.144	0.851	1.226	1.138	0.143	0.914	1.121	1.178	0.148	1.063	0.143	0.141	1.512	0.854	1.133	0.144	1.540	0.893	1.176	0.145	1.173	0.148	1.217	0.149	1.468	0.826	1.165	0.148	1.532	0.865	1.186	0.149	1.167	0.146	1.173	0.144	1.384	0.880	0.881	0.146	1.461	0.819	1.109	0.152	1.132	0.148	1.183												
41:20:01													1.176	0.145	0.833	1.109	1.117	0.146	0.840	1.094	1.117	0.155	1.012	0.147	1.149	0.142	0.872	1.165	1.154	0.148	0.876	1.191	1.163	0.144	1.126	0.145	1.155	0.144	0.852	1.226	1.137	0.143	0.914	1.124	1.178	0.148	1.065	0.143	0.141	1.512	0.854	1.133	0.144	1.541	0.893	1.177	0.145	1.173	0.148	1.215	0.149	1.472	0.827	1.162	0.148	1.532	0.865	1.185	0.149	1.167	0.146	1.171	0.144	1.383	0.882	0.875	0.146	1.460	0.819	1.109	0.152	1.132	0.148	1.183												
41:40:01													1.175	0.145	0.833	1.107	1.116	0.146	0.840	1.093	1.116	0.155	1.010	0.147	1.148	0.142	0.873	1.164	1.152	0.148	0.876	1.190	1.164	0.144	1.124	0.145	1.153	0.144	0.851	1.224	1.137	0.143	0.913	1.124	1.176	0.148	1.067	0.143	0.141	1.509	0.854	1.134	0.144	1.539	0.892	1.177	0.145	1.172	0.148	1.212	0.149	1.468	0.827	1.158	0.148	1.529	0.864	1.184	0.148	1.166	0.146	1.169	0.144	1.384	0.881	0.869	0.146	1.455	0.818	1.106	0.152	1.130	0.147	1.180												
42:00:01													1.175	0.145	0.833	1.108	1.116	0.146	0.839	1.093	1.116	0.155	1.007	0.147	1.147	0.142	0.873	1.164	1.152	0.148	0.875	1.191	1.164	0.144	1.123	0.145	1.153	0.144	0.850	1.224	1.137	0.143	0.913	1.126	1.175	0.148	1.068	0.143	0.141	1.513	0.854	1.136	0.144	1.537	0.892	1.177	0.145	1.171	0.148	1.210	0.149	1.461	0.827	1.153	0.148	1.526	0.864	1.183	0.148	1.164	0.146	1.167	0.144	1.384	0.882	0.865	0.146	1.444	0.818	1.103	0.152	1.129	0.148	1.179												
42:20:02													1.175	0.145	0.833	1.108	1.117	0.146	0.839	1.094	1.116	0.155	1.003	0.146	1.147	0.142	0.872	1.165	1.151	0.148	0.875	1.190	1.165	0.144	1.122	0.145	1.152	0.144	0.851	1.224	1.136	0.143	0.912	1.125	1.175	0.148	1.070	0.143	0.141	1.512	0.854	1.137	0.144	1.536	0.892	1.178	0.145	1.170	0.148	1.208	0.149	1.468	0.827	1.151	0.148	1.524	0.864	1.183	0.149	1.164	0.146	1.165	0.144	1.385	0.883	0.860	0.146	1.443	0.818	1.102	0.152	1.129	0.147	1.177												
42:40:02													1.176	0.145	0.833	1.109	1.117	0.146	0.839	1.093	1.116	0.155	1.000	0.146	1.147	0.142	0.872	1.168	1.151	0.148	0.875	1.191	1.165	0.144	1.121	0.144	1.152	0.144	0.850	1.224	1.136	0.143	0.911	1.127	1.175	0.148	1.072	0.143	0.141	1.510	0.853	1.137	0.144	1.535	0.891	1.177	0.145	1.169	0.148	1.207	0.149	1.472	0.827	1.148	0.148	1.524	0.864	1.183	0.149	1.163	0.146	1.164	0.144	1.385	0.883	0.856	0.146	1.448	0.818	1.101	0.152	1.129	0.148	1.176												
43:00:02													1.175	0.145	0.832	1.107	1.117	0.146	0.837	1.092	1.115	0.155	0.999	0.146	1.146	0.142	0.873	1.167	1.149	0.148	0.873	1.192	1.164	0.144	1.119	0.145	1.150	0.144	0.850	1.223	1.135	0.143	0.911	1.127	1.173	0.148	1.072	0.143	0.141	1.508	0.853	1.137	0.144	1.533	0.891	1.177	0.145	1.168	0.148	1.205	0.149	1.473	0.826	1.145	0.148	1.523	0.863	1.182	0.148	1.162	0.146	1.161	0.144	1.385	0.883	0.852	0.146	1.451	0.817	1.098	0.152	1.127	0.148	1.174												
43:20:02													1.176	0.145	0.833	1.107	1.117	0.146	0.837	1.092	1.115	0.155	0.996	0.146	1.145	0.142	0.872	1.165	1.149	0.148	0.873	1.192	1.164	0.144	1.118	0.145	1.150	0.144	0.849	1.223	1.134	0.143	0.910	1.126	1.173	0.148	1.073	0.143	0.141	1.506	0.853	1.138	0.144	1.532	0.890	1.178	0.145	1.167	0.148	1.203	0.149	1.476	0.826	1.143	0.148	1.523	0.863	1.182	0.148	1.161	0.146	1.159	0.144	1.385	0.883	0.849	0.146	1.453	0.817	1.097	0.152	1.127	0.147	1.172												
43:40:02													1.177	0.145	0.833	1.108	1.118	0.146	0.837	1.094	1.115	0.155	0.991	0.146	1.145	0.142	0.873	1.163	1.148	0.148	0.872	1.192	1.163	0.144	1.118	0.144	1.150	0.144	0.850	1.223	1.134	0.143	0.910	1.127	1.173	0.148	1.074	0.143	0.141	1.505	0.852	1.138	0.144	1.531	0.890	1.178	0.145	1.167	0.148	1.202	0.149	1.474	0.827	1.139	0.148	1.524	0.863	1.183	0.148	1.160	0.146	1.158	0.144	1.384	0.885	0.847	0.146	1.454	0.817	1.096	0.152	1.127	0.147	1.171												
44:00:02													1.175	0.145	0.833	1.106	1.118	0.145	0.836	1.093	1.115	0.153	0.993	0.147	1.143	0.141	0.872	1.162	1.147	0.149	0.873	1.196	1.163	0.144	1.117	0.144	1.148	0.144	0.849	1.222	1.133	0.143	0.908	1.130	1.173	0.149	1.073	0.143	0.141	1.503	0.851	1.140	0.144	1.529	0.890	1.178	0.145	1.165	0.148	1.200	0.150	1.470	0.826	1.133	0.148	1.520	0.863	1.182	0.149	1.159	0.146	1.156	0.144	1.381	0.886	0.844	0.145	1.454	0.817	1.095	0.152	1.128	0.147	1.169												
44:20:02													1.175	0.145	0.833	1.106	1.118	0.146	0.837	1.094	1.115	0.154	0.992	0.147	1.142	0.142	0.872	1.161	1.147	0.149	0.872	1.194	1.162	0.144	1.116	0.144	1.147	0.144	0.849	1.222	1.133	0.143	0.907	1.129	1.172	0.149	1.075	0.143	0.142	1.504	0.851	1.140	0.144	1.528	0.890	1.179	0.145	1.164	0.148	1.198	0.150	1.470	0.826	1.131	0.148	1.520	0.863	1.182	0.149	1.158	0.146	1.154	0.144	1.380	0.887	0.843	0.145	1.455	0.817	1.093	0.152	1.128	0.147	1.168												
44:40:02													1.178	0.145	0.833	1.106	1.119	0.146	0.836	1.091	1.114	0.155	0.988	0.146	1.144	0.141	0.873	1.162	1.147	0.148	0.871	1.192	1.159	0.144	1.115	0.144	1.149	0.144	0.849	1.222	1.132	0.143	0.908	1.127	1.170	0.148	1.075	0.143	0.141	1.503	0.852	1.139	0.144	1.526	0.889	1.178	0.145	1.163	0.148	1.197	0.149	1.474	0.826	1.133	0.148	1.518	0.862	1.182	0.149	1.157	0.146	1.153	0.144	1.378	0.886	0.839	0.146	1.462	0.817	1.089	0.153	1.125	0.147	1.166												
45:00:02													1.177	0.145	0.833	1.105	1.119	0.146	0.835	1.091	1.114	0.155	0.988	0.146	1.143	0.142	0.872	1.161	1.145	0.148	0.870	1.192	1.158	0.144	1.113	0.144	1.148	0.144	0.848	1.222	1.131	0.143	0.907	1.129	1.169	0.148	1.073	0.143	0.141	1.501	0.852	1.140	0.144	1.524	0.888	1.178	0.145	1.163	0.148	1.195	0.149	1.477	0.826	1.131	0.148	1.516	0.862	1.182	0.148	1.156	0.146	1.151	0.144	1.376	0.886	0.837	0.146	1.464	0.815	1.087	0.152	1.123	0.147	1.165												
45:20:02													1.179	0.145	0.833	1.105	1.120	0.146	0.835	1.091	1.114	0.155	0.984	0.146	1.143	0.141	0.872	1.160	1.145	0.148	0.869	1.193	1.158	0.144	1.113	0.144	1.148	0.144	0.848	1.221	1.131	0.143	0.907	1.128	1.169	0.148	1.074	0.143	0.141	1.500	0.851	1.140	0.144	1.524	0.888	1.179	0.145	1.162	0.148	1.194	0.149	1.477	0.827	1.130	0.148	1.515	0.862	1.182	0.149	1.155	0.146	1.150	0.144	1.374	0.887	0.837	0.146	1.465	0.815	1.086	0.152	1.123	0.148	1.163												
45:40:02													1.179	0.144	0.833	1.105	1.120	0.145	0.834	1.090	1.114	0.155	0.982	0.146	1.143	0.142	0.872	1.159	1.144	0.148	0.869	1.194	1.156	0.144	1.112	0.144	1.147	0.144	0.848	1.221	1.130	0.143	0.907	1.128	1.169	0.148	1.073	0.143	0.141	1.498	0.850	1.139	0.144	1.522	0.888	1.179	0.145	1.161	0.148	1.192	0.149	1.470	0.827	1.128	0.148	1.514	0.862	1.181	0.149	1.155	0.146	1.148	0.144	1.373	0.888	0.835	0.146	1.465	0.815	1.084	0.152	1.123	0.148	1.162												
46:00:02													1.180	0.144	0.833	1.105	1.121	0.146	0.834	1.089	1.114	0.155	0.978	0.146	1.143	0.141	0.871	1.158	1.143	0.148	0.868	1.193	1.155	0.143	1.112	0.144	1.147	0.143	0.848	1.221	1.129	0.143	0.906	1.129	1.168	0.148	1.072	0.143	0.141	1.497	0.851	1.140	0.144	1.521	0.888	1.178	0.145	1.160	0.148	1.191	0.149	1.466	0.826	1.127	0.148	1.513	0.862	1.181	0.149	1.154	0.146	1.147	0.144	1.373	0.888	0.834	0.146	1.466	0.816	1.082	0.152	1.122	0.147	1.160												
46:20:02													1.179	0.144	0.832	1.103	1.120	0.146	0.832	1.089	1.113	0.155	0.973	0.146	1.141	0.141	0.871	1.159	1.142	0.148	0.868	1.191	1.154	0.144	1.111	0.144	1.146	0.143	0.847	1.220	1.128	0.143	0.905	1.128	1.167	0.148	1.070	0.143	0.141	1.495	0.850	1.141	0.144	1.520	0.887	1.177	0.145	1.158	0.148	1.189	0.149	1.468	0.826	1.125	0.148	1.511	0.861	1.180	0.149	1.152	0.146	1.144	0.144	1.371	0.888	0.832	0.146	1.469	0.814	1.079	0.152	1.120	0.147	1.158												
46:40:02													1.180	0.144	0.833	1.104	1.121	0.146	0.833	1.088	1.113	0.156	0.966	0.146	1.141	0.141	0.872	1.157	1.142	0.148	0.867	1.191	1.153	0.143	1.110	0.144	1.145	0.143	0.847	1.220	1.127	0.143	0.905	1.128	1.167	0.148	1.069	0.143	0.141	1.494	0.850	1.141	0.144	1.519	0.886	1.177	0.145	1.157	0.148	1.187	0.149	1.467	0.826	1.123	0.148	1.507	0.862	1.180	0.149	1.152	0.146	1.143	0.144	1.371	0.889	0.833	0.146	1.472	0.815	1.079	0.152	1.120	0.147	1.157												
47:00:02													1.181	0.144	0.833	1.103	1.121	0.146	0.832	1.088	1.113	0.154	0.960	0.146	1.142	0.141	0.871	1.156	1.142	0.148	0.867	1.192	1.153	0.144	1.110	0.144	1.144	0.143	0.847	1.220	1.126	0.143	0.904	1.127	1.167	0.148	1.069	0.143	0.141	1.493	0.850	1.141	0.144	1.518	0.886	1.177	0.145	1.156	0.148	1.186	0.149	1.466	0.827	1.121	0.148	1.507	0.862	1.180	0.149	1.151	0.145	1.142	0.144	1.369	0.890	0.833	0.146	1.472	0.815	1.080	0.152	1.120	0.147	1.156												
47:20:02													1.180	0.144	0.833	1.101	1.121	0.146	0.832	1.087	1.112	0.155	0.954	0.146	1.140	0.141	0.871	1.155	1.141	0.148	0.866	1.192	1.152	0.143	1.108	0.144	1.143	0.143	0.847	1.218	1.126	0.143	0.904	1.127	1.166	0.148	1.068	0.143	0.141	1.492	0.849	1.140	0.144	1.516	0.886	1.177	0.145	1.155	0.148	1.184	0.149	1.468	0.826	1.120	0.148	1.507	0.861	1.179	0.149	1.150	0.146	1.140	0.144	1.367	0.890	0.832	0.146	1.471	0.814	1.079	0.152	1.118	0.148	1.154												
47:40:02													1.181	0.144	0.833	1.100	1.121	0.145	0.831	1.087	1.113	0.154	0.949	0.146	1.140	0.141	0.871	1.155	1.140	0.148	0.866	1.191	1.151	0.144	1.107	0.144	1.143	0.143	0.846	1.218	1.125	0.143	0.904	1.127	1.165	0.148	1.067	0.143	0.141	1.490	0.848	1.140	0.144	1.516	0.886	1.176	0.145	1.154	0.148	1.183	0.149	1.471	0.827	1.120	0.148	1.506	0.861	1.179	0.148	1.149	0.146	1.139	0.144	1.366	0.891	0.832	0.146	1.470	0.814	1.079	0.152	1.118	0.147	1.153												
48:00:02													1.180	0.144	0.832	1.099	1.121	0.145	0.831	1.086	1.112	0.154	0.943	0.146	1.139	0.141	0.870	1.153	1.140	0.148	0.865	1.191	1.150	0.143	1.107	0.144	1.143	0.143	0.846	1.218	1.124	0.143	0.903	1.127	1.164	0.148	1.067	0.143	0.141	1.488	0.848	1.140	0.144	1.515	0.885	1.176	0.145	1.152	0.148	1.180	0.149	1.473	0.826	1.120	0.148	1.504	0.861	1.178	0.148	1.148	0.145	1.137	0.144	1.364	0.891	0.832	0.146	1.465	0.814	1.080	0.153	1.117	0.148	1.151												

